
SNPARM = PRES;TMPC;TMWC;DWPC;THTE;DRCT;SKNT;OMEG;CFRL;HGHT 
STNPRM = SHOW;LIFT;SWET;KINX;LCLP;PWAT;TOTL;CAPE;LCLT;CINS;EQLV;LFCT;BRCH 

STID = TBW STNM = 722100 TIME = 221026/1200 
SLAT = 27.70 SLON = -82.38 SELV = 8.0
STIM = 0

SHOW = 5.07 LIFT = 1.05 SWET = 143.84 KINX = 26.44
LCLP = 975.62 PWAT = 38.46 TOTL = 39.30 CAPE = 0.00
LCLT = 289.17 CINS = 0.00 EQLV = -9999.00 LFCT = -9999.00
BRCH = 0.00

PRES TMPC TMWC DWPC THTE DRCT SKNT OMEG
CFRL HGHT
1010.60 18.94 17.43 16.57 324.90 116.57 3.90 0.00
1.00 17.37
1007.60 20.64 17.73 16.13 326.31 130.76 7.44 0.00
0.00 43.04
1002.10 21.94 18.22 16.24 328.74 132.44 9.21 0.00
0.00 90.54
992.50 21.64 19.27 18.09 333.91 139.84 8.14 0.00
0.00 174.27
978.30 21.44 19.41 18.42 336.49 171.38 6.49 0.00
0.00 299.59
960.10 20.34 19.38 18.89 339.05 207.22 7.65 -0.10
0.00 462.59
938.30 19.04 18.32 17.93 338.22 222.71 10.31 -0.10
10.00 661.15
914.40 17.64 16.60 16.03 335.41 226.89 12.51 -0.20
29.00 883.06
888.70 17.04 13.36 11.07 328.04 231.34 13.68 -0.20
0.00 1127.08
859.80 15.74 11.48 8.58 326.25 253.56 12.35 -0.20
0.00 1408.75
828.00 14.54 10.73 8.14 328.64 305.64 12.67 -0.30
0.00 1728.35
793.20 13.94 9.22 5.78 329.29 328.70 16.82 -0.20
0.00 2091.26
755.30 12.84 8.01 4.40 331.68 337.95 16.55 -0.10
0.00 2503.69
714.30 9.74 6.61 4.27 334.40 334.23 12.51 -0.20
0.00 2970.38
670.40 6.14 3.75 1.78 333.80 301.92 13.97 -0.20
0.00 3494.45
623.40 3.24 -0.75 -5.11 330.15 290.16 16.36 -0.20
0.00 4087.51
574.10 -0.16 -6.68 -19.56 324.91 285.36 18.34 -0.20
0.00 4751.06
526.50 -4.76 -10.01 -21.58 327.03 278.38 18.65 -0.10
0.00 5437.42
483.60 -9.66 -14.20 -27.52 327.34 282.06 20.45 -0.10
0.00 6099.48
445.30 -14.16 -18.77 -46.65 326.87 273.60 24.73 -0.10
0.00 6730.60
410.90 -18.76 -22.29 -44.94 328.68 267.57 22.94 -0.10
0.00 7334.75
379.90 -22.66 -9999.00 -9999.00 -9999.00 268.68 25.25 0.00
0.00 7914.40
351.90 -26.36 -9999.00 -9999.00 -9999.00 273.92 28.42 0.00
0.00 8471.62
326.80 -30.36 -32.33 -69.52 334.25 275.30 29.45 0.00
0.00 9001.85
304.30 -33.86 -35.24 -53.16 336.56 272.88 38.71 0.00
0.00 9505.17
284.00 -36.86 -38.04 -58.53 338.79 272.57 51.92 0.00
0.00 9985.73
265.80 -40.36 -41.26 -60.80 340.10 268.95 53.03 0.00
0.00 10440.44
248.80 -44.06 -44.73 -63.51 341.03 266.21 52.95 -0.10
0.00 10887.24
233.60 -47.56 -48.03 -63.98 341.93 264.99 55.57 -0.10
0.00 11306.75
219.60 -50.76 -51.10 -64.44 343.08 265.30 59.25 -0.10
0.00 11711.96
205.60 -53.46 -53.73 -67.89 345.31 265.72 59.81 0.00
0.00 12138.19
191.70 -56.06 -56.29 -73.19 348.07 266.82 56.02 0.00
0.00 12585.68
177.70 -58.76 -58.93 -73.70 351.27 267.98 49.57 0.00
0.00 13064.58
163.80 -61.66 -61.78 -74.24 354.68 266.76 44.76 0.00
0.00 13572.27
149.80 -64.96 -65.04 -74.84 358.17 264.78 40.58 0.00
0.00 14121.06
135.90 -68.26 -9999.00 -9999.00 -9999.00 265.96 33.10 0.00
0.00 14709.81
121.90 -71.76 -9999.00 -9999.00 -9999.00 261.11 28.90 0.00
0.00 15356.27
108.00 -73.46 -9999.00 -9999.00 -9999.00 257.83 30.40 0.00
0.00 16066.96
94.00 -72.06 -9999.00 -9999.00 -9999.00 258.45 18.43 0.00
0.00 16881.33
81.00 -71.26 -9999.00 -9999.00 -9999.00 270.00 5.83 0.00
0.00 17759.20
70.60 -71.36 -9999.00 -9999.00 -9999.00 317.49 6.33 0.00
0.00 18571.09
62.20 -69.96 -9999.00 -9999.00 -9999.00 10.54 8.49 0.00
0.00 19321.92
54.30 -69.06 -9999.00 -9999.00 -9999.00 50.06 10.90 0.00
0.00 20131.58
46.90 -65.76 -9999.00 -9999.00 -9999.00 66.55 17.58 0.00
0.00 21013.89
40.10 -62.36 -9999.00 -9999.00 -9999.00 58.75 20.22 0.00
0.00 21972.59
33.80 -60.16 -9999.00 -9999.00 -9999.00 39.61 21.93 0.00
0.00 23032.66
27.80 -57.66 -9999.00 -9999.00 -9999.00 44.40 13.05 0.00
0.00 24258.19
22.30 -53.36 -9999.00 -9999.00 -9999.00 226.22 6.45 0.00
0.00 25662.59
17.10 -50.06 -9999.00 -9999.00 -9999.00 251.57 27.02 0.00
0.00 27383.58
12.30 -44.46 -9999.00 -9999.00 -9999.00 245.43 42.50 0.00
0.00 29562.13

STID = TBW STNM = 722100 TIME = 221026/1300 
SLAT = 27.70 SLON = -82.38 SELV = 8.0
STIM = 1

SHOW = 4.21 LIFT = 0.98 SWET = 153.77 KINX = 27.53
LCLP = 958.81 PWAT = 38.87 TOTL = 40.37 CAPE = 0.00
LCLT = 289.47 CINS = 0.00 EQLV = -9999.00 LFCT = -9999.00
BRCH = 0.00

PRES TMPC TMWC DWPC THTE DRCT SKNT OMEG
CFRL HGHT
1012.20 20.84 18.45 17.18 328.22 121.33 5.23 0.00
0.00 15.71
1009.10 20.64 18.06 16.67 327.27 129.29 8.28 0.10
0.00 42.28
1003.50 21.84 18.26 16.35 328.68 130.86 9.50 0.10
0.00 90.58
993.90 21.84 19.37 18.15 334.10 138.37 9.36 0.10
0.00 174.21
979.70 21.54 19.53 18.55 336.74 165.58 7.01 0.10
0.00 299.42
961.40 20.54 19.29 18.66 338.49 201.80 7.32 0.10
0.00 463.17
939.50 19.04 18.17 17.70 337.45 220.86 9.50 0.00
1.00 662.41
915.70 17.54 16.68 16.19 335.48 231.63 11.89 0.00
8.00 883.05
889.80 16.54 14.64 13.54 332.15 236.98 13.91 -0.10
2.00 1128.51
860.90 15.64 12.16 9.90 328.22 261.74 12.16 -0.10
0.00 1409.75
829.00 14.44 10.90 8.52 329.02 309.81 12.14 -0.10
0.00 1729.94
794.00 13.54 9.68 7.00 330.63 326.92 15.31 -0.10
0.00 2094.30
756.10 12.34 8.30 5.37 332.45 339.89 14.69 0.00
0.00 2505.80
715.00 9.54 6.53 4.28 334.06 336.04 11.48 0.00
0.00 2972.64
671.00 5.84 3.44 1.40 332.80 308.25 12.86 0.00
0.00 3496.92
624.00 2.64 -1.45 -6.20 328.28 294.62 15.38 0.10
0.00 4088.38
574.60 -0.46 -7.07 -20.93 323.93 289.65 17.33 0.10
0.00 4751.48
526.80 -4.96 -10.76 -25.95 325.30 283.05 16.36 0.10
0.00 5439.47
483.90 -9.66 -15.27 -42.90 324.94 281.65 19.23 0.10
0.00 6100.67
445.60 -14.26 -9999.00 -9999.00 -9999.00 273.72 23.95 0.10
0.00 6731.11
411.20 -18.76 -22.59 -67.89 327.97 270.00 22.14 0.10
0.00 7334.66
380.00 -22.66 -9999.00 -9999.00 -9999.00 271.44 23.12 0.10
0.00 7917.74
352.10 -26.56 -29.01 -60.86 332.41 273.96 25.31 0.20
0.00 8472.52
326.90 -30.46 -32.24 -52.55 334.42 271.25 26.61 0.20
0.00 9004.31
304.30 -33.86 -35.24 -53.16 336.56 271.80 37.12 0.20
0.00 9509.70
284.00 -37.06 -38.17 -55.82 338.59 272.06 48.60 0.10
0.00 9990.07
265.80 -40.56 -41.47 -63.01 339.77 266.27 50.82 0.10
0.00 10444.39
248.90 -44.16 -44.79 -61.31 340.89 264.43 54.06 0.10
0.00 10888.19
233.60 -47.56 -48.03 -63.98 341.93 265.93 57.44 0.00
0.00 11310.28
219.60 -50.46 -50.83 -67.41 343.50 266.96 58.55 0.00
0.00 11715.76
205.70 -52.96 -53.28 -72.71 346.00 267.47 57.17 0.00
0.00 12139.61
191.70 -55.66 -55.90 -73.19 348.71 268.31 52.66 0.00
0.00 12591.14
177.70 -58.56 -58.74 -73.70 351.60 268.56 46.25 0.00
0.00 13070.70
163.80 -61.56 -9999.00 -9999.00 -9999.00 267.86 41.59 0.00
0.00 13578.75
149.80 -64.86 -9999.00 -9999.00 -9999.00 266.19 37.96 0.00
0.00 14127.79
135.90 -68.06 -9999.00 -9999.00 -9999.00 265.52 32.34 0.00
0.00 14716.96
121.90 -71.36 -9999.00 -9999.00 -9999.00 261.25 28.11 0.00
0.00 15364.38
108.00 -73.06 -9999.00 -9999.00 -9999.00 259.38 28.46 0.00
0.00 16076.49
94.00 -72.06 -9999.00 -9999.00 -9999.00 262.88 17.23 0.00
0.00 16891.67
81.00 -71.86 -9999.00 -9999.00 -9999.00 274.57 4.88 0.00
0.00 17768.24
70.60 -71.36 -9999.00 -9999.00 -9999.00 316.27 6.18 0.00
0.00 18578.92
62.20 -69.56 -9999.00 -9999.00 -9999.00 27.15 8.51 0.00
0.00 19330.49
54.30 -68.66 -9999.00 -9999.00 -9999.00 55.15 13.25 0.00
0.00 20141.75
46.90 -66.26 -9999.00 -9999.00 -9999.00 68.09 19.27 0.00
0.00 21023.84
40.10 -63.06 -9999.00 -9999.00 -9999.00 58.47 20.05 0.00
0.00 21979.79
33.80 -60.56 -9999.00 -9999.00 -9999.00 45.00 21.70 0.00
0.00 23037.11
27.80 -57.06 -9999.00 -9999.00 -9999.00 51.67 10.64 0.00
0.00 24263.21
22.30 -52.16 -9999.00 -9999.00 -9999.00 245.92 10.00 0.00
0.00 25673.42
17.10 -49.36 -9999.00 -9999.00 -9999.00 253.21 23.54 0.00
0.00 27401.79
12.30 -42.96 -9999.00 -9999.00 -9999.00 244.06 39.96 0.00
0.00 29590.95

STID = TBW STNM = 722100 TIME = 221026/1400 
SLAT = 27.70 SLON = -82.38 SELV = 8.0
STIM = 2

SHOW = 3.75 LIFT = 0.86 SWET = 155.38 KINX = 27.46
LCLP = 937.82 PWAT = 38.43 TOTL = 41.00 CAPE = 0.00
LCLT = 290.00 CINS = 0.00 EQLV = -9999.00 LFCT = -9999.00
BRCH = 0.00

PRES TMPC TMWC DWPC THTE DRCT SKNT OMEG
CFRL HGHT
1012.20 23.24 19.77 18.06 333.03 137.49 6.33 0.00
0.00 17.50
1009.10 22.84 19.54 17.89 332.57 138.12 7.56 0.10
0.00 44.30
1003.60 22.34 19.29 17.75 332.40 138.69 8.53 0.10
0.00 91.98
993.90 22.04 19.36 18.03 334.04 140.79 9.52 0.10
0.00 176.60
979.70 21.74 19.47 18.37 336.52 164.22 9.29 0.10
0.00 301.88
961.40 20.64 18.88 18.00 336.91 188.65 9.03 0.10
0.00 465.68
939.60 19.14 17.99 17.39 336.78 211.16 9.75 0.00
0.00 664.02
915.80 17.54 16.84 16.43 336.04 227.12 11.13 0.00
11.00 884.67
889.80 16.34 15.15 14.47 333.93 237.53 12.67 -0.10
15.00 1131.05
860.90 15.84 12.39 10.18 328.95 267.88 10.49 -0.10
0.00 1412.36
829.00 14.64 11.30 9.11 330.27 312.71 10.31 -0.10
0.00 1732.82
794.00 13.64 10.00 7.52 331.61 327.05 12.51 -0.10
0.00 2097.44
756.00 12.34 8.66 6.07 333.59 343.66 11.73 0.00
0.00 2510.20
715.00 9.54 6.38 3.98 333.59 329.42 9.93 0.00
0.00 2975.98
670.90 5.94 2.84 0.06 331.14 304.99 11.85 0.00
0.00 3501.46
624.00 3.04 -2.24 -9.15 326.27 293.89 14.88 0.10
0.00 4091.99
574.60 -0.16 -7.33 -24.02 323.28 291.80 16.74 0.10
0.00 4755.72
526.90 -5.16 -11.25 -29.39 324.21 284.21 15.83 0.00
0.00 5442.22
484.00 -9.56 -9999.00 -9999.00 -9999.00 279.74 19.50 -0.10
0.00 6103.08
445.60 -14.26 -19.03 -62.17 326.24 276.86 21.13 -0.20
0.00 6735.19
411.20 -18.36 -22.27 -62.78 328.53 271.61 20.78 -0.20
0.00 7339.22
380.00 -22.46 -25.56 -57.99 330.70 270.00 21.95 -0.10
0.00 7923.00
352.10 -26.46 -28.80 -51.92 332.80 268.60 23.89 -0.10
0.00 8478.12
326.90 -30.26 -32.01 -50.09 334.82 266.91 28.79 -0.10
0.00 9010.26
304.30 -33.66 -35.09 -54.15 336.80 273.04 40.27 -0.10
0.00 9516.07
284.00 -37.36 -38.12 -46.37 338.72 273.63 49.05 -0.10
0.00 9996.36
265.80 -40.66 -41.42 -54.29 339.88 267.93 53.65 -0.10
0.00 10450.32
248.90 -44.36 -44.81 -53.16 340.89 267.32 58.14 -0.10
0.00 10893.85
233.60 -47.56 -47.84 -53.69 342.27 268.55 61.60 -0.10
0.00 11315.77
219.60 -50.36 -50.56 -55.86 343.96 269.64 61.58 -0.10
1.00 11721.36
205.60 -52.76 -52.96 -59.64 346.59 270.00 57.69 -0.10
0.00 12148.67
191.70 -55.46 -55.63 -63.30 349.17 271.27 52.66 -0.10
0.00 12597.50
177.70 -58.56 -58.71 -68.92 351.65 271.89 47.22 -0.10
0.00 13077.29
163.80 -61.66 -61.78 -74.24 354.68 270.53 41.96 -0.10
0.00 13585.22
149.80 -65.06 -9999.00 -9999.00 -9999.00 267.65 37.92 0.00
0.00 14133.88
135.90 -68.26 -9999.00 -9999.00 -9999.00 264.87 32.58 0.00
0.00 14722.48
121.90 -71.36 -9999.00 -9999.00 -9999.00 261.49 28.87 0.00
0.00 15369.57
108.00 -72.96 -9999.00 -9999.00 -9999.00 261.75 27.08 0.00
0.00 16081.86
94.00 -72.26 -9999.00 -9999.00 -9999.00 264.92 17.56 0.00
0.00 16896.84
81.00 -72.36 -9999.00 -9999.00 -9999.00 265.76 5.26 0.00
0.00 17771.88
70.60 -71.36 -9999.00 -9999.00 -9999.00 319.09 3.85 0.00
0.00 18581.56
62.20 -69.06 -9999.00 -9999.00 -9999.00 58.71 11.60 0.00
0.00 19334.05
54.30 -67.96 -9999.00 -9999.00 -9999.00 67.43 16.20 0.00
0.00 20147.69
46.90 -66.06 -9999.00 -9999.00 -9999.00 74.05 18.38 0.00
0.00 21031.72
40.10 -62.06 -9999.00 -9999.00 -9999.00 61.58 18.76 0.00
0.00 21990.42
33.80 -59.96 -9999.00 -9999.00 -9999.00 57.02 21.78 0.00
0.00 23051.74
27.80 -57.16 -9999.00 -9999.00 -9999.00 68.81 10.22 0.00
0.00 24279.27
22.30 -52.86 -9999.00 -9999.00 -9999.00 252.96 12.59 0.00
0.00 25686.90
17.10 -49.66 -9999.00 -9999.00 -9999.00 256.43 23.17 0.00
0.00 27411.38
12.30 -42.06 -9999.00 -9999.00 -9999.00 246.04 42.09 0.00
0.00 29603.44

STID = TBW STNM = 722100 TIME = 221026/1500 
SLAT = 27.70 SLON = -82.38 SELV = 8.0
STIM = 3

SHOW = 3.32 LIFT = -0.07 SWET = 154.90 KINX = 28.25
LCLP = 928.06 PWAT = 39.32 TOTL = 41.77 CAPE = 29.93
LCLT = 290.90 CINS = -213.20 EQLV = 324.05 LFCT = 504.78
BRCH = 1.01

PRES TMPC TMWC DWPC THTE DRCT SKNT OMEG
CFRL HGHT
1012.00 25.04 21.00 19.14 337.83 160.46 6.39 0.00
0.00 17.56
1009.00 24.54 20.76 18.99 337.27 160.14 7.44 0.00
0.00 43.67
1003.40 24.04 20.51 18.85 337.11 158.96 8.12 0.00
0.00 92.53
993.80 23.14 20.11 18.67 336.94 158.68 8.55 0.10
0.00 176.72
979.60 21.94 19.56 18.41 336.87 166.55 9.19 0.10
0.00 302.32
961.30 20.64 19.02 18.22 337.48 186.71 9.98 0.00
0.00 466.20
939.50 19.24 18.21 17.67 337.62 207.95 10.78 0.00
0.00 664.62
915.60 17.34 16.94 16.69 336.47 221.47 11.15 -0.10
36.00 886.22
889.70 16.44 14.81 13.87 332.75 240.95 12.00 -0.20
14.00 1131.64
860.80 15.94 12.33 10.02 328.79 270.00 10.30 -0.20
0.00 1413.03
828.90 14.54 11.61 9.73 331.28 303.37 9.54 -0.20
0.00 1733.55
793.90 13.54 10.21 7.99 332.31 317.79 11.29 -0.20
0.00 2098.17
755.90 12.24 8.94 6.68 334.50 329.74 10.80 -0.20
0.00 2510.91
714.90 9.24 6.36 4.18 333.56 312.77 10.59 -0.20
0.00 2976.48
670.90 5.64 2.56 -0.25 330.39 296.57 11.73 -0.20
0.00 3500.25
623.90 2.94 -2.73 -10.64 325.09 292.99 13.93 -0.10
0.00 4091.57
574.60 -0.26 -7.33 -23.56 323.30 295.94 15.99 0.00
0.00 4753.71
526.80 -5.36 -11.35 -29.06 324.05 284.93 15.07 0.00
0.00 5441.35
483.90 -9.96 -15.47 -42.90 324.57 280.30 17.37 0.00
0.00 6101.63
445.60 -14.16 -18.62 -42.22 327.12 279.94 19.13 0.00
0.00 6731.87
411.20 -18.06 -21.77 -44.93 329.52 276.74 21.52 0.00
0.00 7336.43
380.00 -22.36 -25.35 -49.53 331.12 275.71 23.43 -0.10
0.00 7920.71
352.10 -26.76 -28.88 -46.34 332.71 274.37 25.52 -0.10
0.00 8475.64
326.90 -30.86 -31.97 -39.77 334.96 271.38 32.25 0.00
0.00 9006.86
304.30 -34.16 -34.51 -36.78 337.87 276.74 39.70 0.10
100.00 9511.62
284.00 -37.56 -38.39 -48.26 338.28 274.86 45.80 0.20
86.00 9991.26
265.80 -40.76 -41.69 -70.96 339.38 269.38 54.20 0.10
68.00 10444.91
248.90 -44.36 -45.00 -63.50 340.55 269.62 59.25 0.10
53.00 10888.32
233.60 -47.36 -47.84 -63.98 342.23 271.88 65.11 0.10
46.00 11310.41
219.60 -49.86 -50.24 -64.44 344.47 271.85 66.08 0.10
41.00 11716.62
205.60 -52.56 -52.87 -67.89 346.73 270.92 60.41 0.10
40.00 12144.58
191.70 -55.46 -55.63 -63.30 349.17 270.83 53.81 0.00
48.00 12593.62
177.70 -58.56 -58.66 -63.87 351.74 271.36 49.16 0.00
68.00 13073.41
163.80 -61.76 -61.83 -66.60 354.60 271.26 44.11 0.00
0.00 13581.23
149.80 -65.16 -65.24 -74.84 357.83 268.87 39.24 0.00
0.00 14129.63
135.90 -68.46 -9999.00 -9999.00 -9999.00 264.36 33.57 0.00
0.00 14717.80
121.90 -71.16 -9999.00 -9999.00 -9999.00 261.34 29.66 0.10
0.00 15364.90
108.00 -72.46 -9999.00 -9999.00 -9999.00 260.96 25.97 0.00
0.00 16078.42
94.00 -72.16 -9999.00 -9999.00 -9999.00 262.54 16.45 0.00
0.00 16894.63
81.00 -72.36 -9999.00 -9999.00 -9999.00 253.07 4.66 0.00
0.00 17769.89
70.60 -71.16 -9999.00 -9999.00 -9999.00 344.74 2.21 0.00
0.00 18579.97
62.20 -69.76 -9999.00 -9999.00 -9999.00 66.90 14.36 0.00
0.00 19331.53
54.30 -68.36 -9999.00 -9999.00 -9999.00 70.14 14.88 0.00
0.00 20142.99
46.90 -65.96 -9999.00 -9999.00 -9999.00 69.81 14.06 0.00
0.00 21026.37
40.10 -61.06 -9999.00 -9999.00 -9999.00 61.65 16.78 0.00
0.00 21987.59
33.80 -59.26 -9999.00 -9999.00 -9999.00 65.65 20.26 0.00
0.00 23053.17
27.80 -56.76 -9999.00 -9999.00 -9999.00 83.48 6.84 0.00
0.00 24283.84
22.30 -53.16 -9999.00 -9999.00 -9999.00 260.54 15.37 0.00
0.00 25691.79
17.10 -49.16 -9999.00 -9999.00 -9999.00 259.88 22.11 0.00
0.00 27417.05
12.30 -41.46 -9999.00 -9999.00 -9999.00 250.46 38.34 0.00
0.00 29614.41

STID = TBW STNM = 722100 TIME = 221026/1600 
SLAT = 27.70 SLON = -82.38 SELV = 8.0
STIM = 4

SHOW = 3.22 LIFT = -0.28 SWET = 166.61 KINX = 29.45
LCLP = 922.48 PWAT = 40.69 TOTL = 41.44 CAPE = 191.43
LCLT = 291.25 CINS = -3.31 EQLV = 302.43 LFCT = 911.29
BRCH = 11.20

PRES TMPC TMWC DWPC THTE DRCT SKNT OMEG
CFRL HGHT
1012.40 25.94 21.56 19.59 340.00 194.04 6.41 0.00
0.00 18.46
1009.40 25.44 21.30 19.43 339.41 192.20 7.36 0.00
0.00 44.64
1003.80 24.94 21.07 19.30 339.27 191.59 7.73 0.00
0.00 93.64
994.20 24.04 20.67 19.11 339.08 189.69 8.08 0.10
0.00 178.08
980.00 22.74 20.09 18.84 338.87 191.82 8.53 0.10
0.00 304.01
961.70 21.14 19.36 18.49 338.72 199.23 8.84 0.20
0.00 468.21
939.90 19.54 18.09 17.34 337.09 220.36 10.20 0.10
0.00 666.82
916.00 17.74 16.69 16.11 335.48 225.76 10.30 0.00
32.00 888.54
890.10 15.74 15.29 15.00 334.37 242.10 11.21 -0.20
41.00 1133.75
861.20 15.04 12.61 11.10 329.66 261.18 11.40 -0.30
17.00 1414.36
829.20 13.74 11.54 10.14 331.05 283.50 9.98 -0.40
0.00 1734.90
794.20 12.74 10.47 9.00 333.12 304.62 9.91 -0.40
1.00 2098.46
756.20 11.44 9.05 7.44 334.82 314.17 9.48 -0.20
0.00 2510.02
715.10 8.64 6.69 5.27 334.55 300.76 9.50 -0.10
0.00 2975.56
671.00 5.34 2.65 0.23 330.62 283.76 9.79 0.10
0.00 3499.68
624.00 3.24 -3.06 -12.51 324.21 286.97 11.99 0.20
0.00 4090.88
574.70 -0.16 -7.67 -27.19 322.44 295.16 14.16 0.20
0.00 4753.26
527.00 -5.26 -11.24 -28.58 324.24 279.06 13.58 0.10
0.00 5439.47
484.00 -9.76 -14.99 -35.39 325.58 275.77 17.39 0.00
0.00 6101.51
445.70 -14.06 -18.01 -33.31 328.37 280.68 20.96 -0.20
0.00 6732.09
411.20 -18.36 -20.99 -30.91 331.12 285.34 22.77 -0.20
0.00 7338.25
380.00 -22.76 -25.03 -36.83 331.81 279.13 22.03 -0.10
0.00 7921.88
352.10 -26.96 -28.76 -40.76 332.98 269.56 25.25 0.00
0.00 8476.21
326.90 -30.96 -31.72 -36.25 335.42 276.12 27.35 0.10
0.00 9007.15
304.30 -33.96 -9999.00 -9999.00 -9999.00 274.64 38.38 0.10
59.00 9511.96
284.00 -37.26 -38.42 -60.29 338.17 271.80 49.36 0.10
32.00 9992.01
265.80 -40.76 -41.62 -60.80 339.52 269.04 57.89 0.10
4.00 10445.94
248.80 -44.06 -44.68 -59.58 341.12 270.87 63.91 0.10
0.00 10892.36
233.60 -46.86 -47.33 -60.07 343.08 270.33 67.02 0.10
0.00 11312.52
219.60 -49.36 -49.76 -64.44 345.24 269.16 65.85 0.10
0.00 11719.63
205.60 -52.16 -52.48 -67.89 347.35 269.30 63.91 0.10
0.00 12148.47
191.70 -55.46 -55.71 -73.19 349.03 269.43 58.28 0.10
0.00 12597.90
177.70 -58.86 -59.03 -73.70 351.11 269.78 50.70 0.00
11.00 13077.36
163.80 -61.96 -62.08 -74.24 354.17 270.00 44.87 0.00
0.00 13584.57
149.80 -65.16 -65.24 -74.84 357.83 268.27 38.68 0.00
0.00 14132.70
135.90 -68.46 -9999.00 -9999.00 -9999.00 264.56 32.79 0.00
0.00 14720.88
121.90 -71.06 -9999.00 -9999.00 -9999.00 262.43 28.03 0.00
0.00 15368.13
108.00 -72.16 -9999.00 -9999.00 -9999.00 258.23 23.82 0.00
0.00 16082.37
94.00 -72.66 -9999.00 -9999.00 -9999.00 253.16 15.42 0.00
0.00 16898.16
81.00 -72.86 -9999.00 -9999.00 -9999.00 215.31 5.71 0.00
0.00 17771.25
70.60 -71.36 -9999.00 -9999.00 -9999.00 105.26 2.21 0.00
0.00 18579.92
62.20 -70.96 -9999.00 -9999.00 -9999.00 77.23 14.94 0.00
0.00 19328.89
54.30 -68.56 -9999.00 -9999.00 -9999.00 79.70 13.03 0.00
0.00 20137.56
46.90 -65.36 -9999.00 -9999.00 -9999.00 65.28 13.48 0.00
0.00 21021.80
40.10 -60.66 -9999.00 -9999.00 -9999.00 62.38 18.86 0.00
0.00 21985.31
33.80 -59.26 -9999.00 -9999.00 -9999.00 67.98 18.65 0.00
0.00 23051.89
27.80 -56.86 -9999.00 -9999.00 -9999.00 84.29 1.94 0.00
0.00 24282.28
22.30 -54.26 -9999.00 -9999.00 -9999.00 270.72 15.54 0.00
0.00 25686.36
17.10 -49.16 -9999.00 -9999.00 -9999.00 264.11 18.94 0.00
0.00 27407.34
12.30 -41.76 -9999.00 -9999.00 -9999.00 248.39 32.17 0.00
0.00 29603.26

STID = TBW STNM = 722100 TIME = 221026/1700 
SLAT = 27.70 SLON = -82.38 SELV = 8.0
STIM = 5

SHOW = 2.53 LIFT = -0.48 SWET = 170.33 KINX = 30.52
LCLP = 910.14 PWAT = 41.03 TOTL = 42.41 CAPE = 226.58
LCLT = 290.91 CINS = -6.26 EQLV = 297.42 LFCT = 891.35
BRCH = 17.63

PRES TMPC TMWC DWPC THTE DRCT SKNT OMEG
CFRL HGHT
1011.10 26.64 21.67 19.45 340.64 200.77 6.02 0.00
0.00 17.62
1008.00 26.04 21.38 19.27 339.90 201.50 6.90 0.00
0.00 44.77
1002.50 25.44 21.11 19.14 339.63 200.38 7.25 0.10
0.00 93.04
992.90 24.54 20.69 18.92 339.36 201.25 7.50 0.20
0.00 177.73
978.70 23.24 20.09 18.61 339.05 202.07 7.75 0.30
0.00 304.03
960.40 21.64 19.32 18.20 338.75 207.82 7.91 0.50
0.00 468.71
938.60 19.94 17.94 16.93 336.74 219.29 8.28 0.60
0.00 667.86
914.80 18.34 16.54 15.57 335.10 231.55 8.43 0.50
28.00 889.28
889.00 16.44 15.02 14.21 333.59 253.07 9.34 0.40
23.00 1134.32
860.10 15.24 12.82 11.33 330.50 261.87 9.62 0.30
9.00 1415.69
828.20 13.24 11.97 11.17 332.59 276.58 10.16 0.10
3.00 1735.54
793.30 12.64 10.94 9.86 334.77 294.36 11.31 0.00
3.00 2098.24
755.30 11.04 9.28 8.12 335.72 294.18 10.43 0.00
1.00 2510.03
714.30 8.24 6.86 5.86 335.19 280.68 10.47 0.00
6.00 2974.43
670.30 5.54 2.28 -0.76 329.74 270.97 11.46 0.10
0.00 3497.73
623.50 3.44 -3.86 -16.67 322.33 282.99 12.96 0.10
0.00 4087.19
574.30 -0.16 -7.90 -29.71 321.98 293.78 12.53 0.20
0.00 4748.80
526.60 -5.26 -11.30 -29.23 324.17 276.91 12.92 0.10
0.00 5435.46
483.80 -10.16 -14.92 -31.15 325.84 276.48 17.21 0.00
0.00 6094.36
445.50 -14.66 -16.80 -22.16 330.91 284.31 19.64 -0.10
0.00 6724.21
411.10 -18.46 -19.89 -23.86 333.29 279.09 19.68 -0.10
0.00 7328.30
379.90 -22.66 -24.32 -31.03 333.16 273.24 20.63 -0.10
0.00 7912.24
352.00 -27.06 -28.39 -35.51 333.69 273.71 21.02 0.00
0.00 8466.82
326.90 -30.76 -9999.00 -9999.00 -9999.00 274.90 27.29 0.00
0.00 8995.79
304.30 -34.06 -35.53 -59.75 336.06 274.23 39.55 0.00
9.00 9500.63
284.00 -37.26 -38.42 -60.29 338.17 272.82 51.34 0.00
0.00 9980.58
265.80 -40.96 -41.78 -59.06 339.27 273.23 58.57 0.10
0.00 10434.32
248.80 -43.96 -44.58 -59.58 341.27 273.03 62.43 0.10
0.00 10880.65
233.60 -46.56 -47.07 -61.80 343.49 269.13 64.30 0.10
0.00 11301.17
219.60 -49.26 -49.67 -64.44 345.40 267.72 63.58 0.00
0.00 11708.65
205.60 -52.16 -52.48 -67.89 347.35 268.07 63.56 0.00
0.00 12137.58
191.70 -55.46 -55.71 -73.19 349.03 269.47 63.52 0.00
0.00 12587.01
177.70 -58.86 -59.03 -73.70 351.11 271.01 55.17 0.00
0.00 13066.47
163.80 -62.16 -62.27 -74.24 353.84 269.76 46.43 0.00
0.00 13573.44
149.80 -65.36 -65.44 -74.84 357.48 268.60 39.65 0.00
0.00 14121.05
135.90 -68.56 -9999.00 -9999.00 -9999.00 266.65 33.28 0.10
0.00 14708.80
121.90 -70.86 -9999.00 -9999.00 -9999.00 264.88 26.13 0.10
0.00 15356.21
108.00 -71.96 -9999.00 -9999.00 -9999.00 256.34 21.39 0.00
0.00 16071.16
94.00 -72.66 -9999.00 -9999.00 -9999.00 244.11 14.69 0.00
0.00 16887.36
81.00 -72.96 -9999.00 -9999.00 -9999.00 210.38 6.53 0.00
0.00 17760.22
70.60 -71.36 -9999.00 -9999.00 -9999.00 111.80 2.10 0.00
0.00 18568.70
62.20 -71.06 -9999.00 -9999.00 -9999.00 80.38 11.62 0.00
0.00 19317.48
54.30 -67.86 -9999.00 -9999.00 -9999.00 88.78 9.13 0.00
0.00 20127.34
46.90 -64.86 -9999.00 -9999.00 -9999.00 65.10 11.99 0.00
0.00 21014.15
40.10 -61.16 -9999.00 -9999.00 -9999.00 72.72 18.32 0.00
0.00 21977.67
33.80 -59.26 -9999.00 -9999.00 -9999.00 80.99 16.12 0.00
0.00 23042.99
27.80 -57.16 -9999.00 -9999.00 -9999.00 105.26 2.21 0.00
0.00 24272.53
22.30 -55.36 -9999.00 -9999.00 -9999.00 277.52 10.39 0.00
0.00 25672.09
17.10 -49.46 -9999.00 -9999.00 -9999.00 261.67 16.10 0.00
0.00 27387.63
12.30 -42.06 -9999.00 -9999.00 -9999.00 244.02 34.15 0.00
0.00 29580.66

STID = TBW STNM = 722100 TIME = 221026/1800 
SLAT = 27.70 SLON = -82.38 SELV = 8.0
STIM = 6

SHOW = 1.84 LIFT = -0.70 SWET = 176.63 KINX = 28.90
LCLP = 900.47 PWAT = 40.43 TOTL = 43.42 CAPE = 211.12
LCLT = 290.50 CINS = -101.93 EQLV = 298.92 LFCT = 534.62
BRCH = 16.40

PRES TMPC TMWC DWPC THTE DRCT SKNT OMEG
CFRL HGHT
1010.00 27.04 21.62 19.19 340.59 205.02 6.43 0.00
0.00 18.52
1007.00 26.44 21.32 19.00 339.81 204.57 7.48 0.00
0.00 44.85
1001.40 25.84 21.06 18.87 339.56 205.28 7.73 0.00
0.00 94.12
991.80 24.94 20.62 18.63 339.24 204.10 8.08 0.10
0.00 178.99
977.60 23.64 20.01 18.31 338.92 204.10 8.08 0.20
0.00 305.58
959.40 22.04 19.26 17.93 338.69 205.94 7.98 0.40
0.00 469.74
937.70 20.24 18.08 17.00 337.41 211.70 7.77 0.40
0.00 668.41
913.90 18.64 16.72 15.70 335.90 230.39 7.30 0.40
0.00 890.28
888.10 16.94 15.08 14.04 333.94 256.61 8.39 0.30
12.00 1135.91
859.30 15.34 13.24 11.97 331.99 262.88 9.40 0.10
1.00 1416.89
827.40 14.14 12.15 10.93 333.31 278.53 11.79 0.00
0.00 1737.64
792.50 12.94 11.46 10.55 336.63 289.38 11.11 0.00
2.00 2101.49
754.60 11.04 9.58 8.63 336.80 282.31 10.94 0.20
6.00 2512.91
713.60 8.54 6.01 4.07 332.76 275.55 14.04 0.30
2.00 2977.91
669.80 5.74 0.95 -4.22 326.28 273.05 14.59 0.20
0.00 3499.41
623.10 3.54 -3.95 -17.49 322.14 282.63 11.54 0.20
0.00 4088.10
574.00 0.14 -7.56 -27.82 322.77 281.73 10.51 0.20
0.00 4749.22
526.40 -5.16 -11.12 -27.99 324.61 272.23 14.98 0.10
0.00 5435.31
483.60 -10.46 -14.35 -24.83 327.14 276.97 17.62 0.00
0.00 6094.32
445.30 -14.86 -16.53 -20.42 331.51 277.51 17.83 0.00
0.00 6723.98
410.90 -18.36 -20.12 -25.35 332.88 273.08 18.08 0.00
0.00 7328.25
379.80 -22.66 -24.60 -33.31 332.65 269.35 17.09 0.00
0.00 7910.60
351.90 -26.96 -29.17 -50.20 332.26 268.26 19.23 0.00
0.00 8465.35
326.80 -30.66 -32.51 -59.19 333.97 268.78 27.39 0.00
0.00 8994.62
304.20 -33.96 -35.44 -59.75 336.24 273.58 40.48 0.00
0.00 9499.84
284.00 -37.56 -38.68 -60.29 337.74 273.14 49.61 0.00
0.00 9977.31
265.70 -41.26 -42.03 -57.61 338.91 274.06 54.91 0.00
0.00 10433.04
248.80 -44.26 -44.86 -59.58 340.82 273.38 59.34 -0.10
0.00 10876.25
233.60 -46.66 -47.19 -63.98 343.29 269.82 62.55 -0.10
0.00 11296.40
219.60 -49.36 -49.79 -67.41 345.20 267.87 62.59 -0.10
0.00 11703.70
205.60 -52.36 -52.68 -67.89 347.04 267.53 63.19 -0.10
0.00 12132.33
191.70 -55.66 -55.88 -68.39 348.76 266.86 63.81 0.00
0.00 12581.36
177.70 -59.06 -59.23 -73.70 350.78 268.74 61.99 0.00
0.00 13060.37
163.80 -62.46 -62.57 -74.24 353.34 270.66 50.51 0.00
0.00 13566.75
149.80 -65.66 -65.73 -74.84 356.97 268.37 41.01 0.00
0.00 14113.58
135.90 -68.66 -9999.00 -9999.00 -9999.00 268.35 33.82 0.00
0.00 14700.76
121.90 -70.66 -9999.00 -9999.00 -9999.00 265.27 25.93 0.00
0.00 15348.33
108.00 -71.96 -9999.00 -9999.00 -9999.00 251.93 19.41 0.00
0.00 16063.63
94.00 -73.16 -9999.00 -9999.00 -9999.00 241.16 15.31 0.00
0.00 16878.81
81.00 -73.26 -9999.00 -9999.00 -9999.00 226.08 7.28 0.00
0.00 17749.93
70.60 -70.86 -9999.00 -9999.00 -9999.00 123.69 0.70 0.00
0.00 18558.81
62.20 -69.86 -9999.00 -9999.00 -9999.00 84.14 7.61 0.00
0.00 19310.75
54.30 -66.66 -9999.00 -9999.00 -9999.00 98.43 5.30 0.00
0.00 20125.38
46.90 -64.76 -9999.00 -9999.00 -9999.00 69.04 9.77 0.00
0.00 21014.98
40.10 -61.76 -9999.00 -9999.00 -9999.00 81.03 14.94 0.00
0.00 21977.35
33.80 -58.96 -9999.00 -9999.00 -9999.00 89.06 11.85 0.00
0.00 23041.92
27.80 -57.36 -9999.00 -9999.00 -9999.00 81.87 1.38 0.00
0.00 24271.74
22.30 -56.26 -9999.00 -9999.00 -9999.00 275.19 6.43 0.00
0.00 25667.75
17.10 -49.96 -9999.00 -9999.00 -9999.00 243.13 16.34 0.00
0.00 27377.86
12.30 -42.36 -9999.00 -9999.00 -9999.00 238.93 37.65 0.00
0.00 29567.02

STID = TBW STNM = 722100 TIME = 221026/1900 
SLAT = 27.70 SLON = -82.38 SELV = 8.0
STIM = 7

SHOW = 1.24 LIFT = -0.92 SWET = 182.23 KINX = 26.91
LCLP = 894.16 PWAT = 39.17 TOTL = 44.25 CAPE = 214.77
LCLT = 290.28 CINS = -133.09 EQLV = 294.22 LFCT = 537.80
BRCH = 15.72

PRES TMPC TMWC DWPC THTE DRCT SKNT OMEG
CFRL HGHT
1009.20 27.34 21.63 19.06 340.72 207.98 7.03 0.00
0.00 17.66
1006.20 26.74 21.32 18.86 339.92 208.39 8.18 0.00
0.00 44.04
1000.60 26.14 21.05 18.72 339.64 207.76 8.33 0.00
0.00 93.39
991.00 25.24 20.62 18.49 339.35 206.57 8.68 0.10
0.00 178.41
976.90 23.94 20.02 18.18 339.04 205.41 8.61 0.20
0.00 304.33
958.70 22.34 19.28 17.81 338.84 205.97 8.43 0.30
0.00 468.76
936.90 20.54 18.08 16.85 337.51 209.74 7.83 0.40
0.00 668.69
913.20 18.94 16.94 15.90 336.83 231.84 6.92 0.40
0.00 890.04
887.40 17.04 15.50 14.65 335.53 259.22 8.31 0.30
9.00 1136.08
858.60 15.44 13.63 12.57 333.44 265.24 9.36 0.10
4.00 1417.46
826.70 14.44 12.17 10.78 333.48 275.81 11.52 -0.10
0.00 1738.73
791.90 13.14 11.55 10.58 337.03 281.51 10.70 -0.10
2.00 2102.13
754.00 11.24 9.12 7.71 335.42 278.00 12.55 -0.10
4.00 2514.10
713.20 8.74 4.69 1.19 329.01 281.43 17.64 0.00
0.00 2977.21
669.40 5.84 0.33 -6.12 324.72 274.40 15.19 0.00
0.00 3498.99
622.80 4.04 -3.69 -17.50 322.77 273.24 10.31 0.10
0.00 4087.27
573.70 0.44 -7.32 -27.06 323.34 273.75 11.87 0.10
0.00 4749.70
526.20 -5.36 -10.81 -24.43 325.37 276.04 16.61 0.10
0.00 5434.85
483.40 -10.56 -13.49 -19.95 328.98 275.65 17.75 0.00
0.00 6093.92
445.10 -14.76 -18.01 -28.81 328.60 275.25 16.98 0.00
0.00 6723.79
410.80 -18.36 -21.51 -36.06 330.20 267.31 16.53 0.00
0.00 7326.32
379.70 -22.76 -25.50 -44.64 330.98 263.88 16.41 0.00
0.00 7908.50
351.90 -26.76 -29.17 -60.86 332.20 263.29 19.95 0.10
0.00 8461.36
326.80 -30.46 -32.37 -61.43 334.20 266.24 29.58 0.10
0.00 8991.05
304.20 -33.86 -35.35 -59.75 336.38 271.60 41.78 0.00
0.00 9496.58
284.00 -37.76 -38.81 -57.07 337.54 271.32 50.52 0.00
0.00 9973.95
265.70 -41.76 -42.44 -55.27 338.26 272.27 53.85 0.00
0.00 10429.01
248.80 -44.86 -45.40 -58.13 339.97 272.32 57.54 0.00
0.00 10871.16
233.60 -47.06 -47.56 -63.98 342.69 269.64 61.77 0.00
0.00 11290.39
219.60 -49.46 -49.88 -67.41 345.04 267.84 61.81 0.00
0.00 11697.24
205.60 -52.46 -52.77 -67.89 346.88 267.67 62.22 0.10
0.00 12125.68
191.70 -55.76 -56.00 -73.19 348.55 266.99 62.82 0.10
0.00 12574.50
177.70 -59.06 -59.23 -73.70 350.78 266.73 61.29 0.10
0.00 13053.41
163.80 -62.36 -62.47 -74.24 353.50 270.41 54.39 0.10
0.00 13559.90
149.80 -65.76 -65.83 -74.84 356.79 269.22 42.74 0.10
0.00 14106.73
135.90 -68.56 -9999.00 -9999.00 -9999.00 267.67 33.43 0.10
0.00 14693.91
121.90 -70.86 -9999.00 -9999.00 -9999.00 263.90 25.58 0.00
0.00 15341.32
108.00 -72.26 -9999.00 -9999.00 -9999.00 245.91 18.08 0.00
0.00 16055.73
94.00 -73.86 -9999.00 -9999.00 -9999.00 241.16 15.31 0.00
0.00 16868.88
81.00 -73.46 -9999.00 -9999.00 -9999.00 233.97 7.93 0.00
0.00 17738.05
70.60 -70.36 -9999.00 -9999.00 -9999.00 225.00 0.27 0.00
0.00 18547.52
62.20 -68.96 -9999.00 -9999.00 -9999.00 78.31 5.75 0.00
0.00 19302.06
54.30 -66.16 -9999.00 -9999.00 -9999.00 85.43 4.88 0.00
0.00 20119.47
46.90 -64.86 -9999.00 -9999.00 -9999.00 68.55 11.69 0.00
0.00 21009.93
40.10 -62.06 -9999.00 -9999.00 -9999.00 79.11 15.42 0.00
0.00 21971.38
33.80 -58.96 -9999.00 -9999.00 -9999.00 83.99 11.13 0.00
0.00 23035.20
27.80 -57.96 -9999.00 -9999.00 -9999.00 32.47 2.53 0.00
0.00 24263.31
22.30 -56.56 -9999.00 -9999.00 -9999.00 259.99 6.70 0.00
0.00 25656.41
17.10 -49.26 -9999.00 -9999.00 -9999.00 243.94 19.89 0.00
0.00 27368.07
12.30 -42.16 -9999.00 -9999.00 -9999.00 246.04 38.27 0.00
0.00 29561.58

STID = TBW STNM = 722100 TIME = 221026/2000 
SLAT = 27.70 SLON = -82.38 SELV = 8.0
STIM = 8

SHOW = 0.62 LIFT = -1.21 SWET = 186.42 KINX = 28.19
LCLP = 895.50 PWAT = 38.91 TOTL = 45.18 CAPE = 217.92
LCLT = 290.29 CINS = -123.00 EQLV = 273.21 LFCT = 541.57
BRCH = 16.54

PRES TMPC TMWC DWPC THTE DRCT SKNT OMEG
CFRL HGHT
1009.40 27.24 21.59 19.05 340.55 214.51 7.54 0.00
0.00 17.66
1006.30 26.74 21.32 18.85 339.88 214.38 8.94 0.00
0.00 44.91
1000.80 26.14 21.04 18.70 339.56 213.37 9.54 0.00
0.00 93.36
991.20 25.24 20.62 18.48 339.30 212.74 9.69 0.10
0.00 178.37
977.00 23.94 20.03 18.20 339.08 211.76 9.60 0.10
0.00 305.16
958.80 22.34 19.28 17.82 338.85 212.01 9.17 0.20
0.00 469.58
937.10 20.64 18.20 16.99 337.95 215.54 8.35 0.30
0.00 668.60
913.30 18.94 17.32 16.48 338.22 239.86 6.95 0.30
0.00 890.92
887.50 17.14 15.96 15.31 337.16 267.40 8.55 0.20
7.00 1137.05
858.70 15.64 14.01 13.06 334.69 271.10 10.10 0.00
7.00 1418.62
826.80 14.94 12.34 10.75 334.00 275.36 12.49 -0.20
0.00 1740.26
791.90 13.24 11.41 10.29 336.56 278.75 12.78 -0.20
1.00 2105.05
754.10 11.04 8.77 7.22 334.29 279.21 14.57 -0.20
2.00 2515.77
713.20 8.24 4.45 1.15 328.36 286.93 18.69 -0.10
0.00 2979.37
669.50 5.74 0.46 -5.59 325.05 269.29 15.73 0.00
0.00 3499.38
622.80 4.04 -3.86 -18.53 322.34 260.87 11.01 0.00
0.00 4088.78
573.70 0.14 -7.41 -26.19 323.20 271.76 12.63 -0.10
0.00 4750.83
526.10 -5.46 -10.49 -21.94 326.11 277.93 15.50 -0.10
0.00 5437.04
483.40 -10.76 -14.55 -24.84 326.80 275.64 15.81 -0.10
0.00 6094.20
445.10 -14.56 -19.05 -46.65 326.41 272.15 15.56 -0.10
0.00 6723.84
410.80 -18.36 -22.14 -50.60 328.91 263.58 15.64 -0.10
0.00 7326.42
379.80 -22.66 -25.70 -56.19 330.53 260.19 15.97 -0.10
0.00 7906.67
351.90 -26.86 -29.21 -56.81 332.15 256.36 20.59 -0.10
0.00 8461.43
326.80 -30.46 -32.35 -59.19 334.24 264.47 30.24 -0.10
0.00 8991.02
304.20 -33.86 -35.33 -57.99 336.42 270.86 39.04 0.00
0.00 9496.56
284.00 -37.96 -38.95 -54.72 337.34 270.72 46.43 0.00
0.00 9973.73
265.70 -41.86 -42.53 -55.27 338.12 272.39 51.32 0.00
0.00 10428.49
248.80 -44.36 -44.98 -61.32 340.63 271.29 60.24 0.00
0.00 10871.03
233.60 -46.86 -47.40 -66.97 342.94 269.83 65.07 0.00
0.00 11290.90
219.60 -49.56 -49.98 -67.41 344.89 268.77 63.34 0.00
0.00 11697.83
205.60 -52.46 -52.80 -72.72 346.84 269.10 61.77 0.00
0.00 12126.18
191.70 -55.66 -55.90 -73.19 348.71 268.03 62.00 0.00
0.00 12575.10
177.70 -58.96 -59.13 -73.70 350.94 265.78 60.76 0.00
0.00 13054.23
163.80 -62.06 -62.18 -74.24 354.01 268.39 55.19 0.00
0.00 13561.20
149.80 -65.46 -65.53 -74.84 357.31 270.26 43.12 0.00
0.00 14108.81
135.90 -68.26 -9999.00 -9999.00 -9999.00 266.65 33.28 0.00
0.00 14696.84
121.90 -70.66 -9999.00 -9999.00 -9999.00 263.66 24.63 0.00
0.00 15345.05
108.00 -72.36 -9999.00 -9999.00 -9999.00 243.72 17.54 0.00
0.00 16059.64
94.00 -73.96 -9999.00 -9999.00 -9999.00 244.09 15.11 0.00
0.00 16872.39
81.00 -73.06 -9999.00 -9999.00 -9999.00 239.26 8.35 0.00
0.00 17742.20
70.60 -69.96 -9999.00 -9999.00 -9999.00 251.57 0.62 0.00
0.00 18553.29
62.20 -68.66 -9999.00 -9999.00 -9999.00 53.13 3.88 0.00
0.00 19309.12
54.30 -66.16 -9999.00 -9999.00 -9999.00 58.24 4.80 0.00
0.00 20127.13
46.90 -64.96 -9999.00 -9999.00 -9999.00 67.38 12.63 0.00
0.00 21017.37
40.10 -62.56 -9999.00 -9999.00 -9999.00 78.83 16.05 0.00
0.00 21977.45
33.80 -59.56 -9999.00 -9999.00 -9999.00 87.23 12.06 0.00
0.00 23038.52
27.80 -58.56 -9999.00 -9999.00 -9999.00 69.44 1.65 0.00
0.00 24263.20
22.30 -56.16 -9999.00 -9999.00 -9999.00 242.90 9.38 0.00
0.00 25655.66
17.10 -49.26 -9999.00 -9999.00 -9999.00 241.84 21.81 0.00
0.00 27368.87
12.30 -42.26 -9999.00 -9999.00 -9999.00 250.46 38.34 0.00
0.00 29561.89

STID = TBW STNM = 722100 TIME = 221026/2100 
SLAT = 27.70 SLON = -82.38 SELV = 8.0
STIM = 9

SHOW = 0.30 LIFT = -1.23 SWET = 187.50 KINX = 27.51
LCLP = 901.84 PWAT = 38.16 TOTL = 45.65 CAPE = 217.22
LCLT = 290.46 CINS = -137.97 EQLV = 264.48 LFCT = 543.00
BRCH = 15.52

PRES TMPC TMWC DWPC THTE DRCT SKNT OMEG
CFRL HGHT
1008.50 26.74 21.48 19.10 340.21 210.96 7.93 0.00
0.00 18.53
1005.60 26.24 21.20 18.90 339.52 210.58 9.93 0.00
0.00 43.99
1000.00 25.74 20.94 18.73 339.28 210.78 10.63 0.00
0.00 93.30
990.40 24.84 20.53 18.53 339.07 209.74 10.96 0.10
0.00 178.26
976.20 23.64 19.97 18.24 338.94 209.74 10.96 0.10
0.00 305.01
958.00 22.04 19.20 17.83 338.64 209.36 10.70 0.20
0.00 469.40
936.30 20.44 18.26 17.18 338.30 211.37 9.32 0.30
0.00 668.43
912.50 18.74 17.46 16.79 338.87 237.26 6.47 0.30
0.00 890.83
886.80 17.14 16.15 15.61 337.99 271.40 7.96 0.20
12.00 1136.15
858.00 16.04 14.21 13.17 335.52 277.52 10.39 0.00
6.00 1418.17
826.20 14.84 12.42 10.95 334.37 276.24 12.51 -0.10
0.00 1739.25
791.30 12.94 11.23 10.16 336.04 277.54 13.33 -0.20
1.00 2104.06
753.50 10.64 8.55 7.11 333.71 281.89 15.09 -0.10
3.00 2514.58
712.70 8.04 4.23 0.85 327.83 282.40 18.10 0.10
0.00 2976.87
669.00 6.04 -0.53 -9.26 322.58 265.54 15.00 0.20
0.00 3497.19
622.40 4.34 -4.36 -23.36 321.12 254.74 11.07 0.20
0.00 4086.12
573.40 0.04 -7.14 -23.36 323.91 270.90 12.43 0.20
0.00 4747.39
525.90 -5.66 -10.74 -22.69 325.63 272.39 14.01 0.10
0.00 5432.12
483.20 -10.66 -15.63 -35.94 324.54 273.09 14.39 0.10
0.00 6089.27
445.00 -14.46 -18.96 -45.98 326.60 270.00 14.76 0.00
0.00 6717.57
410.70 -18.36 -22.10 -48.85 329.01 262.60 15.07 0.00
0.00 7320.41
379.70 -22.76 -25.74 -53.41 330.50 255.49 17.06 0.00
0.00 7900.71
351.80 -27.06 -29.38 -56.82 331.90 251.89 21.87 0.00
0.00 8455.29
326.80 -30.66 -32.51 -59.19 333.97 262.64 28.79 0.00
0.00 8982.41
304.20 -34.16 -35.59 -57.99 336.00 268.45 35.96 0.00
0.00 9487.42
283.90 -38.26 -39.24 -55.82 336.90 270.53 42.35 -0.10
0.00 9966.43
265.70 -42.16 -42.83 -56.36 337.64 270.94 47.20 -0.10
0.00 10418.20
248.80 -44.66 -45.28 -63.51 340.14 271.43 54.41 0.00
0.00 10860.16
233.60 -46.76 -47.33 -71.85 343.05 270.71 62.35 0.00
0.00 11279.85
219.60 -49.46 -49.91 -72.27 345.00 269.30 63.91 0.00
0.00 11686.96
205.60 -52.46 -52.80 -72.72 346.84 268.57 62.18 0.00
0.00 12115.40
191.70 -55.66 -55.90 -73.19 348.71 267.43 60.66 0.00
0.00 12564.33
177.70 -58.96 -59.13 -73.70 350.94 266.04 58.99 0.00
0.00 13043.45
163.80 -62.26 -62.37 -74.24 353.67 266.75 54.88 0.00
0.00 13550.18
149.80 -65.16 -65.24 -74.84 357.83 270.50 44.09 0.00
0.00 14097.92
135.90 -68.16 -9999.00 -9999.00 -9999.00 264.96 33.16 0.00
0.00 14686.53
121.90 -70.46 -9999.00 -9999.00 -9999.00 261.47 23.56 0.00
0.00 15335.21
108.00 -72.66 -9999.00 -9999.00 -9999.00 244.00 17.72 0.00
0.00 16049.63
94.00 -73.76 -9999.00 -9999.00 -9999.00 244.80 14.61 0.00
0.00 16862.17
81.00 -73.06 -9999.00 -9999.00 -9999.00 234.46 8.35 0.00
0.00 17732.42
70.60 -71.06 -9999.00 -9999.00 -9999.00 206.57 1.73 0.00
0.00 18541.29
62.20 -69.56 -9999.00 -9999.00 -9999.00 49.76 3.30 0.00
0.00 19293.42
54.30 -67.06 -9999.00 -9999.00 -9999.00 73.81 6.27 0.00
0.00 20107.85
46.90 -65.46 -9999.00 -9999.00 -9999.00 84.29 13.66 0.00
0.00 20995.09
40.10 -62.86 -9999.00 -9999.00 -9999.00 86.14 17.33 0.00
0.00 21953.33
33.80 -59.86 -9999.00 -9999.00 -9999.00 90.83 13.40 0.00
0.00 23012.91
27.80 -58.16 -9999.00 -9999.00 -9999.00 33.69 1.40 0.00
0.00 24237.86
22.30 -55.06 -9999.00 -9999.00 -9999.00 249.93 10.76 0.00
0.00 25635.17
17.10 -49.26 -9999.00 -9999.00 -9999.00 244.52 23.02 0.00
0.00 27352.65
12.30 -42.86 -9999.00 -9999.00 -9999.00 256.84 40.09 0.00
0.00 29542.78

STID = TBW STNM = 722100 TIME = 221026/2200 
SLAT = 27.70 SLON = -82.38 SELV = 8.0
STIM = 10

SHOW = 0.03 LIFT = -1.18 SWET = 186.70 KINX = 27.48
LCLP = 916.52 PWAT = 38.24 TOTL = 45.85 CAPE = 254.89
LCLT = 291.05 CINS = -133.95 EQLV = 261.90 LFCT = 546.33
BRCH = 19.52

PRES TMPC TMWC DWPC THTE DRCT SKNT OMEG
CFRL HGHT
1009.40 26.04 21.49 19.45 340.17 206.57 6.95 0.00
0.00 17.62
1006.40 25.84 21.32 19.27 339.89 206.57 9.13 0.00
0.00 43.90
1000.80 25.34 21.05 19.09 339.62 207.05 10.26 0.00
0.00 93.11
991.20 24.44 20.63 18.88 339.38 206.57 10.86 0.10
0.00 177.91
977.00 23.24 20.07 18.58 339.22 208.30 11.48 0.20
0.00 304.40
958.80 21.84 19.11 17.79 338.18 211.29 11.60 0.20
0.00 468.50
937.10 20.34 18.29 17.27 338.28 215.66 10.99 0.10
0.00 667.26
913.30 18.64 17.46 16.84 338.75 233.97 7.93 0.00
0.00 889.40
887.50 16.94 16.41 16.09 338.81 262.88 6.25 -0.20
12.00 1135.38
858.60 15.94 14.48 13.66 336.38 287.97 7.56 -0.30
3.00 1418.08
826.80 14.94 12.60 11.20 334.90 286.39 10.33 -0.20
0.00 1738.98
791.90 12.84 11.20 10.17 335.84 278.75 12.78 -0.20
0.00 2103.54
754.00 10.44 8.53 7.21 333.56 280.86 14.43 -0.10
0.00 2514.64
713.20 8.04 4.31 1.03 327.97 280.01 16.76 -0.10
0.00 2976.47
669.40 6.34 -0.60 -10.08 322.30 263.16 14.67 -0.10
0.00 3497.90
622.80 4.44 -4.65 -26.94 320.29 250.94 11.31 0.00
0.00 4086.81
573.70 0.04 -7.11 -23.14 323.93 269.06 11.85 0.00
0.00 4749.12
526.10 -5.76 -11.51 -28.14 323.90 269.18 13.60 -0.10
0.00 5434.76
483.40 -10.46 -15.78 -41.92 324.12 269.23 14.37 -0.10
0.00 6091.65
445.20 -14.56 -18.94 -43.17 326.62 267.71 14.59 -0.10
0.00 6719.77
410.80 -18.56 -22.19 -46.70 328.85 263.66 15.83 -0.10
0.00 7323.82
379.80 -22.86 -25.82 -53.41 330.34 257.74 18.28 -0.10
0.00 7903.64
351.90 -27.06 -29.38 -56.81 331.88 255.74 23.66 -0.10
0.00 8457.95
326.80 -30.76 -32.60 -59.19 333.83 263.78 30.48 -0.10
0.00 8987.00
304.20 -34.46 -35.85 -57.99 335.58 268.50 37.12 -0.10
0.00 9491.59
284.00 -38.56 -39.48 -54.72 336.48 270.79 42.15 -0.10
0.00 9967.55
265.70 -42.36 -43.01 -56.36 337.34 270.73 45.65 -0.10
0.00 10421.24
248.80 -44.66 -45.28 -63.51 340.14 272.35 52.10 -0.10
0.00 10863.01
233.60 -46.96 -47.52 -71.85 342.75 272.54 61.25 -0.10
0.00 11282.51
219.60 -49.76 -50.19 -72.27 344.53 271.38 64.32 -0.10
0.00 11689.17
205.60 -52.66 -52.99 -72.72 346.52 270.18 63.13 -0.10
0.00 12117.13
191.70 -55.76 -56.00 -73.19 348.55 268.38 61.99 -0.10
0.00 12565.74
177.70 -59.06 -59.23 -73.70 350.78 267.29 61.65 0.00
0.00 13044.65
163.80 -62.46 -62.57 -74.24 353.34 268.44 57.13 0.00
0.00 13551.02
149.80 -65.36 -65.44 -74.84 357.48 270.72 46.43 0.00
0.00 14098.24
135.90 -68.06 -9999.00 -9999.00 -9999.00 267.09 34.42 0.00
0.00 14686.70
121.90 -70.36 -9999.00 -9999.00 -9999.00 261.00 23.60 0.00
0.00 15335.71
108.00 -72.96 -9999.00 -9999.00 -9999.00 249.15 17.46 0.00
0.00 16049.76
94.00 -73.46 -9999.00 -9999.00 -9999.00 251.31 13.95 0.00
0.00 16862.31
81.00 -72.56 -9999.00 -9999.00 -9999.00 241.61 8.18 0.00
0.00 17734.30
70.60 -70.86 -9999.00 -9999.00 -9999.00 225.00 3.57 0.00
0.00 18544.58
62.20 -69.16 -9999.00 -9999.00 -9999.00 99.46 1.18 0.00
0.00 19297.82
54.30 -66.66 -9999.00 -9999.00 -9999.00 100.71 7.32 0.00
0.00 20113.84
46.90 -65.26 -9999.00 -9999.00 -9999.00 92.68 12.45 0.00
0.00 21002.37
40.10 -62.26 -9999.00 -9999.00 -9999.00 82.50 14.90 0.00
0.00 21962.45
33.80 -59.26 -9999.00 -9999.00 -9999.00 74.65 10.28 0.00
0.00 23025.02
27.80 -57.36 -9999.00 -9999.00 -9999.00 338.50 6.90 0.00
0.00 24253.98
22.30 -54.76 -9999.00 -9999.00 -9999.00 270.94 11.85 0.00
0.00 25654.83
17.10 -49.86 -9999.00 -9999.00 -9999.00 245.36 23.29 0.00
0.00 27371.15
12.30 -43.96 -9999.00 -9999.00 -9999.00 253.33 35.90 0.00
0.00 29553.08

STID = TBW STNM = 722100 TIME = 221026/2300 
SLAT = 27.70 SLON = -82.38 SELV = 8.0
STIM = 11

SHOW = -0.48 LIFT = -1.64 SWET = 190.58 KINX = 29.30
LCLP = 936.21 PWAT = 38.97 TOTL = 46.32 CAPE = 340.29
LCLT = 291.84 CINS = -11.84 EQLV = 261.93 LFCT = 890.93
BRCH = 31.08

PRES TMPC TMWC DWPC THTE DRCT SKNT OMEG
CFRL HGHT
1010.70 25.14 21.53 19.92 340.17 201.80 4.18 0.00
0.00 17.58
1007.70 25.14 21.40 19.72 340.07 201.25 7.50 0.00
0.00 43.77
1002.10 24.94 21.15 19.43 339.86 199.57 9.29 0.00
0.00 92.83
992.50 24.24 20.69 19.06 339.43 200.81 10.39 0.10
0.00 177.44
978.30 23.24 20.18 18.75 339.47 207.01 11.11 0.20
0.00 303.74
960.10 21.84 19.60 18.54 339.92 218.96 11.73 0.30
0.00 467.65
938.20 20.24 18.85 18.16 340.28 227.79 11.29 0.30
0.00 668.04
914.40 18.54 17.71 17.27 339.55 237.34 8.99 0.30
0.00 889.91
888.50 16.54 16.43 16.31 338.72 258.31 5.75 0.20
48.00 1136.39
859.60 15.74 14.81 14.28 337.39 277.35 6.08 0.10
7.00 1418.53
827.70 14.74 13.01 11.99 336.14 282.09 8.35 0.00
0.00 1739.95
792.70 12.84 11.20 10.17 335.71 280.30 10.86 0.00
0.00 2105.10
754.80 10.44 7.59 5.48 330.57 281.31 13.87 0.00
0.00 2515.66
713.90 7.84 4.10 0.75 327.28 278.23 16.30 0.00
0.00 2977.83
670.00 6.04 0.74 -5.20 325.68 259.70 13.03 0.10
0.00 3499.67
623.30 4.64 -4.67 -28.65 320.10 248.96 10.82 0.10
0.00 4089.43
574.10 0.04 -7.46 -26.19 323.01 266.88 10.70 0.10
0.00 4752.76
526.50 -5.66 -12.06 -36.23 322.57 265.73 13.05 0.00
0.00 5437.90
483.60 -10.56 -15.76 -39.78 324.15 265.36 14.41 -0.10
0.00 6097.41
445.40 -14.66 -18.98 -42.23 326.53 265.36 14.41 -0.10
0.00 6725.03
411.00 -18.66 -22.32 -48.85 328.56 263.13 16.24 0.00
0.00 7328.57
379.90 -23.06 -25.97 -53.41 330.06 257.66 19.09 0.00
0.00 7909.68
352.00 -27.16 -29.46 -56.81 331.71 259.13 24.73 0.00
0.00 8463.51
326.90 -30.76 -32.60 -59.19 333.80 265.03 31.39 0.00
0.00 8992.29
304.30 -34.56 -35.92 -56.51 335.45 271.19 37.49 0.00
0.00 9496.62
284.00 -38.76 -39.69 -55.82 336.15 273.78 41.28 0.00
0.00 9974.56
265.80 -41.96 -42.69 -59.06 337.81 272.89 46.29 0.00
0.00 10425.87
248.80 -44.36 -45.03 -66.51 340.54 274.83 55.36 0.10
0.00 10870.84
233.60 -47.16 -47.68 -66.97 342.49 274.10 65.25 0.00
0.00 11290.43
219.60 -50.06 -50.48 -72.27 344.07 273.36 66.36 0.00
0.00 11696.64
205.60 -52.96 -53.28 -72.72 346.05 272.28 63.58 0.00
0.00 12124.02
191.70 -55.86 -56.10 -73.19 348.39 271.04 63.93 0.00
0.00 12572.23
177.70 -59.16 -59.32 -73.70 350.62 270.86 64.69 0.00
0.00 13050.91
163.80 -62.46 -62.57 -74.24 353.34 272.22 60.06 0.00
0.00 13557.17
149.80 -65.36 -65.44 -74.84 357.48 273.26 47.86 0.00
0.00 14104.39
135.90 -67.96 -9999.00 -9999.00 -9999.00 270.31 35.74 0.00
0.00 14692.99
121.90 -70.46 -9999.00 -9999.00 -9999.00 262.43 25.08 0.00
0.00 15341.99
108.00 -72.96 -9999.00 -9999.00 -9999.00 252.18 17.13 0.00
0.00 16055.87
94.00 -73.46 -9999.00 -9999.00 -9999.00 253.52 14.37 0.00
0.00 16868.42
81.00 -72.26 -9999.00 -9999.00 -9999.00 239.26 8.35 0.00
0.00 17741.06
70.60 -70.46 -9999.00 -9999.00 -9999.00 228.01 5.23 0.00
0.00 18552.75
62.20 -68.56 -9999.00 -9999.00 -9999.00 129.81 1.52 0.00
0.00 19307.84
54.30 -66.46 -9999.00 -9999.00 -9999.00 104.04 8.00 0.00
0.00 20125.46
46.90 -65.06 -9999.00 -9999.00 -9999.00 96.71 9.98 0.00
0.00 21014.84
40.10 -62.36 -9999.00 -9999.00 -9999.00 80.18 10.26 0.00
0.00 21975.14
33.80 -59.36 -9999.00 -9999.00 -9999.00 46.12 7.01 0.00
0.00 23037.22
27.80 -57.46 -9999.00 -9999.00 -9999.00 338.20 10.47 0.00
0.00 24265.61
22.30 -55.46 -9999.00 -9999.00 -9999.00 276.01 11.13 0.00
0.00 25663.87
17.10 -51.06 -9999.00 -9999.00 -9999.00 242.99 22.24 0.00
0.00 27372.81
12.30 -44.96 -9999.00 -9999.00 -9999.00 247.08 31.43 0.00
0.00 29544.13

STID = TBW STNM = 722100 TIME = 221027/0000 
SLAT = 27.70 SLON = -82.38 SELV = 8.0
STIM = 12

SHOW = -1.41 LIFT = -2.01 SWET = 208.74 KINX = 28.39
LCLP = 951.74 PWAT = 39.33 TOTL = 47.28 CAPE = 474.62
LCLT = 292.37 CINS = -20.09 EQLV = 259.85 LFCT = 853.15
BRCH = 45.03

PRES TMPC TMWC DWPC THTE DRCT SKNT OMEG
CFRL HGHT
1011.40 24.34 21.48 20.20 339.88 183.37 3.30 0.00
0.00 16.68
1008.20 24.84 21.42 19.89 340.09 187.91 7.05 0.00
0.00 44.55
1002.70 24.74 21.13 19.49 339.69 189.04 8.66 0.10
0.00 92.67
993.00 24.24 20.79 19.21 339.75 194.32 9.42 0.10
0.00 178.09
978.90 23.24 20.53 19.29 340.82 208.14 9.48 0.30
0.00 303.45
960.60 21.94 20.10 19.24 341.85 227.49 9.48 0.40
0.00 468.26
938.70 20.54 18.93 18.15 340.54 239.66 9.23 0.50
0.00 668.71
914.90 18.94 17.51 16.77 338.69 251.15 8.41 0.50
0.00 890.70
889.00 17.24 16.44 16.00 338.72 259.92 8.88 0.30
0.00 1137.45
860.10 15.74 15.25 14.95 338.89 261.42 10.41 0.10
4.00 1419.79
828.10 13.94 13.79 13.65 338.79 271.22 9.13 0.00
28.00 1741.77
793.10 12.34 11.54 11.03 336.79 279.46 9.46 0.00
10.00 2106.11
755.10 10.34 7.47 5.33 330.17 285.83 13.52 0.10
0.00 2517.20
714.20 8.14 3.52 -0.89 325.65 277.70 14.51 0.10
0.00 2979.24
670.30 6.34 0.58 -6.10 325.19 259.94 12.24 0.10
0.00 3501.27
623.50 4.84 -4.55 -28.46 320.34 253.91 10.51 0.10
0.00 4092.55
574.30 -0.06 -7.82 -29.52 322.13 266.63 9.93 0.00
0.00 4755.74
526.60 -5.66 -12.13 -37.85 322.37 265.91 13.64 -0.10
0.00 5441.96
483.80 -10.76 -15.88 -39.40 323.90 265.43 14.61 -0.20
0.00 6099.47
445.50 -14.86 -19.14 -42.68 326.22 265.24 14.02 -0.20
0.00 6728.05
411.10 -18.86 -22.45 -48.07 328.32 265.12 15.99 -0.10
0.00 7330.98
379.90 -23.26 -26.13 -53.41 329.79 260.16 19.33 -0.10
0.00 7913.43
352.00 -27.36 -29.62 -56.81 331.45 262.82 24.86 0.00
0.00 8466.81
326.90 -30.86 -32.66 -57.41 333.70 268.93 31.08 0.00
0.00 8995.27
304.30 -34.76 -36.09 -56.51 335.17 275.62 35.72 0.10
0.00 9499.28
284.00 -38.66 -39.62 -57.07 336.25 275.91 39.65 0.10
0.00 9977.12
265.80 -41.46 -42.26 -60.80 338.50 276.65 46.93 0.10
0.00 10429.01
248.80 -44.26 -44.93 -66.51 340.69 277.97 60.22 0.10
0.00 10874.56
233.60 -47.06 -47.59 -66.97 342.64 275.53 68.49 0.10
0.00 11294.34
219.60 -49.96 -50.38 -72.27 344.22 274.59 70.36 0.00
0.00 11700.73
205.60 -53.06 -53.37 -72.72 345.89 274.29 67.60 0.00
0.00 12128.11
191.70 -55.96 -56.19 -73.19 348.23 272.87 65.93 0.00
0.00 12576.11
177.70 -59.16 -59.32 -73.70 350.62 273.35 66.55 0.00
0.00 13054.68
163.80 -62.36 -62.47 -74.24 353.50 274.57 60.99 0.00
0.00 13561.05
149.80 -65.36 -65.44 -74.84 357.48 276.47 48.29 0.00
0.00 14108.40
135.90 -67.86 -9999.00 -9999.00 -9999.00 273.46 35.41 0.00
0.00 14697.15
121.90 -70.56 -9999.00 -9999.00 -9999.00 268.66 24.86 0.00
0.00 15346.16
108.00 -73.06 -9999.00 -9999.00 -9999.00 254.88 14.90 0.00
0.00 16059.68
94.00 -73.46 -9999.00 -9999.00 -9999.00 255.17 13.66 0.00
0.00 16872.02
81.00 -71.66 -9999.00 -9999.00 -9999.00 232.13 8.86 0.00
0.00 17745.98
70.60 -69.76 -9999.00 -9999.00 -9999.00 240.26 6.25 0.00
0.00 18560.28
62.20 -68.16 -9999.00 -9999.00 -9999.00 45.00 1.65 0.00
0.00 19317.41
54.30 -66.76 -9999.00 -9999.00 -9999.00 85.71 7.79 0.00
0.00 20135.22
46.90 -65.46 -9999.00 -9999.00 -9999.00 83.05 8.02 0.00
0.00 21023.11
40.10 -62.96 -9999.00 -9999.00 -9999.00 62.35 9.21 0.00
0.00 21981.12
33.80 -59.66 -9999.00 -9999.00 -9999.00 33.34 8.84 0.00
0.00 23040.94
27.80 -58.16 -9999.00 -9999.00 -9999.00 2.08 10.68 0.00
0.00 24266.47
22.30 -56.36 -9999.00 -9999.00 -9999.00 278.13 8.24 0.00
0.00 25659.58
17.10 -52.06 -9999.00 -9999.00 -9999.00 246.54 22.46 0.00
0.00 27361.13
12.30 -45.36 -9999.00 -9999.00 -9999.00 245.71 30.69 0.00
0.00 29525.71

STID = TBW STNM = 722100 TIME = 221027/0100 
SLAT = 27.70 SLON = -82.38 SELV = 8.0
STIM = 13

SHOW = -1.73 LIFT = -2.44 SWET = 204.08 KINX = 24.21
LCLP = 954.64 PWAT = 38.04 TOTL = 47.69 CAPE = 524.68
LCLT = 292.46 CINS = -24.53 EQLV = 257.09 LFCT = 866.31
BRCH = 48.41

PRES TMPC TMWC DWPC THTE DRCT SKNT OMEG
CFRL HGHT
1012.10 24.24 21.50 20.26 339.83 171.47 3.92 0.00
0.00 18.41
1009.10 24.54 21.40 19.99 339.88 176.10 8.57 0.00
0.00 44.49
1003.50 24.64 21.16 19.59 339.72 178.90 10.10 0.00
0.00 93.42
993.80 24.24 20.87 19.33 339.95 187.00 11.15 0.00
0.00 178.76
979.60 23.24 20.65 19.47 341.20 198.43 10.45 0.00
0.00 304.92
961.30 21.94 20.30 19.53 342.54 215.39 9.05 0.10
0.00 469.63
939.50 20.74 19.20 18.45 341.46 230.53 8.55 0.10
0.00 669.11
915.60 19.34 17.82 17.05 339.77 242.35 9.21 0.10
0.00 892.11
889.70 17.54 16.85 16.47 340.15 250.50 9.89 0.00
0.00 1139.02
860.70 15.64 15.54 15.43 339.85 252.47 7.73 0.00
64.00 1422.29
828.60 13.64 13.55 13.44 337.86 263.88 5.48 0.10
100.00 1744.86
793.60 12.74 11.12 10.11 335.33 271.33 8.35 0.10
3.00 2108.95
755.60 10.54 6.94 4.12 328.51 279.95 11.25 0.10
0.00 2520.05
714.60 8.44 2.81 -3.07 323.66 268.18 12.24 0.10
0.00 2983.16
670.70 6.64 -1.37 -14.11 320.12 251.27 12.10 0.10
0.00 3505.06
623.90 4.84 -4.65 -30.01 320.00 246.50 9.75 0.10
0.00 4095.98
574.60 -0.06 -8.07 -33.14 321.49 259.70 8.68 0.10
0.00 4760.08
526.90 -5.76 -12.19 -37.85 322.20 265.53 12.47 0.00
0.00 5445.75
484.00 -10.96 -15.98 -38.68 323.69 264.04 13.09 0.00
0.00 6104.11
445.60 -15.06 -19.28 -42.68 325.94 260.54 13.00 -0.10
0.00 6733.65
411.20 -19.06 -22.60 -48.07 328.03 259.43 14.82 -0.10
0.00 7335.96
380.00 -23.46 -26.28 -53.41 329.50 259.42 17.99 -0.10
0.00 7917.80
352.10 -27.36 -29.62 -56.81 331.42 264.11 24.61 0.00
0.00 8470.81
326.90 -30.76 -32.58 -57.41 333.84 270.36 30.69 0.00
0.00 9001.41
304.30 -34.66 -36.00 -56.51 335.31 278.32 33.57 0.10
0.00 9505.63
284.00 -38.36 -39.37 -58.53 336.64 277.46 37.41 0.10
0.00 9983.87
265.80 -41.56 -42.35 -60.80 338.35 279.23 47.22 0.10
0.00 10435.96
248.80 -44.16 -44.82 -63.51 340.89 278.26 62.22 0.10
0.00 10881.50
233.60 -46.86 -47.37 -63.98 342.99 274.84 73.70 0.10
0.00 11301.56
219.60 -49.96 -50.36 -67.41 344.27 274.39 73.64 0.10
0.00 11708.13
205.60 -53.06 -53.37 -72.72 345.89 273.53 69.48 0.00
0.00 12135.52
191.70 -55.96 -56.19 -73.19 348.23 271.43 69.95 0.00
0.00 12583.52
177.70 -59.36 -59.52 -73.70 350.29 273.06 72.75 0.00
0.00 13061.87
163.80 -62.56 -62.67 -74.24 353.17 275.83 63.07 0.00
0.00 13567.77
149.80 -65.26 -65.34 -74.84 357.65 276.75 51.24 0.00
0.00 14114.99
135.90 -67.96 -9999.00 -9999.00 -9999.00 274.26 36.62 0.00
0.00 14703.73
121.90 -70.36 -9999.00 -9999.00 -9999.00 270.44 25.06 0.00
0.00 15352.90
108.00 -72.96 -9999.00 -9999.00 -9999.00 258.07 14.10 0.00
0.00 16066.95
94.00 -73.56 -9999.00 -9999.00 -9999.00 258.07 14.10 0.00
0.00 16879.29
81.00 -71.66 -9999.00 -9999.00 -9999.00 234.46 10.02 0.00
0.00 17753.03
70.60 -69.96 -9999.00 -9999.00 -9999.00 254.88 7.44 0.00
0.00 18566.93
62.20 -68.26 -9999.00 -9999.00 -9999.00 40.24 3.30 0.00
0.00 19323.50
54.30 -67.46 -9999.00 -9999.00 -9999.00 80.54 8.28 0.00
0.00 20139.73
46.90 -66.06 -9999.00 -9999.00 -9999.00 73.86 7.69 0.00
0.00 21024.82
40.10 -63.36 -9999.00 -9999.00 -9999.00 50.71 11.05 0.00
0.00 21980.54
33.80 -59.56 -9999.00 -9999.00 -9999.00 32.47 10.14 0.00
0.00 23039.62
27.80 -57.66 -9999.00 -9999.00 -9999.00 19.57 9.29 0.00
0.00 24266.86
22.30 -55.46 -9999.00 -9999.00 -9999.00 273.99 8.37 0.00
0.00 25664.49
17.10 -51.66 -9999.00 -9999.00 -9999.00 253.86 23.06 0.00
0.00 27371.10
12.30 -45.36 -9999.00 -9999.00 -9999.00 239.85 30.56 0.00
0.00 29537.60

STID = TBW STNM = 722100 TIME = 221027/0200 
SLAT = 27.70 SLON = -82.38 SELV = 8.0
STIM = 14

SHOW = -1.02 LIFT = -2.80 SWET = 196.56 KINX = 22.43
LCLP = 961.68 PWAT = 37.14 TOTL = 46.97 CAPE = 616.07
LCLT = 292.74 CINS = -24.54 EQLV = 254.01 LFCT = 874.19
BRCH = 60.12

PRES TMPC TMWC DWPC THTE DRCT SKNT OMEG
CFRL HGHT
1011.40 23.84 21.48 20.41 339.86 171.87 4.12 0.00
0.00 17.54
1008.30 24.04 21.40 20.21 340.00 176.42 9.34 0.00
0.00 44.47
1002.70 24.34 21.27 19.88 340.26 180.00 11.07 0.00
0.00 93.38
993.10 24.04 21.00 19.63 340.61 189.02 12.39 0.00
0.00 177.85
978.90 23.04 20.71 19.65 341.56 195.00 11.27 0.10
0.00 304.03
960.60 21.84 20.40 19.73 343.09 205.41 8.61 0.20
0.00 468.79
938.80 20.74 19.50 18.90 342.79 221.76 7.28 0.30
0.00 668.43
914.90 19.44 18.12 17.45 341.03 238.30 7.77 0.40
0.00 891.69
889.00 17.54 16.71 16.25 339.70 246.04 7.65 0.50
0.00 1138.83
860.00 15.44 15.01 14.73 338.02 244.09 7.56 0.40
22.00 1422.17
828.00 13.64 13.00 12.59 336.06 251.15 8.41 0.10
63.00 1743.76
793.00 12.84 10.47 8.93 333.29 263.54 10.35 -0.20
0.00 2108.03
755.10 10.24 6.88 4.25 328.42 272.54 8.74 -0.20
0.00 2518.11
714.20 8.04 2.49 -3.43 322.91 261.72 10.80 -0.10
0.00 2979.80
670.30 6.64 -2.01 -17.66 318.60 244.23 12.51 0.00
0.00 3501.53
623.60 4.84 -5.01 -37.31 319.11 240.52 10.26 0.00
0.00 4091.37
574.40 -0.06 -8.27 -37.36 321.01 253.86 7.69 0.10
0.00 4754.32
526.70 -5.76 -12.32 -41.11 321.93 263.23 11.54 0.00
0.00 5440.20
483.80 -11.06 -16.07 -39.03 323.57 258.34 12.49 -0.10
0.00 6098.67
445.50 -15.26 -19.42 -42.68 325.71 253.47 12.98 -0.10
0.00 6726.41
411.10 -19.36 -22.83 -48.07 327.67 253.52 14.37 -0.10
0.00 7328.28
380.00 -23.66 -26.44 -53.41 329.24 256.91 17.15 0.00
0.00 7907.75
352.00 -27.46 -29.70 -56.81 331.31 264.93 24.18 0.10
0.00 8462.48
326.90 -30.76 -32.58 -57.41 333.84 271.88 29.55 0.10
0.00 8990.94
304.30 -34.46 -35.83 -56.51 335.59 278.43 31.82 0.20
0.00 9495.37
284.00 -38.46 -39.46 -58.53 336.49 278.08 34.54 0.20
0.00 9973.71
265.80 -41.66 -42.44 -60.80 338.20 279.97 47.14 0.20
0.00 10425.60
248.80 -44.06 -44.73 -63.51 341.03 276.26 62.33 0.20
0.00 10871.15
233.60 -46.66 -47.14 -60.07 343.38 274.25 73.43 0.20
0.00 11291.49
219.60 -49.76 -50.14 -64.44 344.63 273.06 72.75 0.20
0.00 11698.43
205.60 -52.76 -53.06 -67.89 346.41 270.80 69.93 0.20
0.00 12126.30
191.70 -55.96 -56.19 -73.19 348.23 270.31 72.84 0.10
0.00 12574.61
177.70 -59.26 -59.42 -73.70 350.45 274.46 72.47 0.10
0.00 13053.06
163.80 -62.36 -62.47 -74.24 353.50 277.10 62.84 0.10
0.00 13559.32
149.80 -65.26 -65.34 -74.84 357.65 276.29 51.40 0.00
0.00 14106.80
135.90 -67.76 -9999.00 -9999.00 -9999.00 273.75 35.63 0.00
0.00 14695.83
121.90 -69.96 -9999.00 -9999.00 -9999.00 268.09 23.33 0.00
0.00 15345.95
108.00 -72.66 -9999.00 -9999.00 -9999.00 248.03 11.95 0.00
0.00 16061.25
94.00 -73.46 -9999.00 -9999.00 -9999.00 250.79 13.58 0.00
0.00 16874.40
81.00 -71.56 -9999.00 -9999.00 -9999.00 240.95 10.00 0.00
0.00 17748.57
70.60 -70.16 -9999.00 -9999.00 -9999.00 274.40 7.60 0.00
0.00 18562.27
62.20 -68.36 -9999.00 -9999.00 -9999.00 28.44 5.30 0.00
0.00 19318.29
54.30 -67.96 -9999.00 -9999.00 -9999.00 78.02 6.55 0.00
0.00 20133.32
46.90 -66.16 -9999.00 -9999.00 -9999.00 66.04 5.73 0.00
0.00 21017.13
40.10 -63.16 -9999.00 -9999.00 -9999.00 46.40 11.27 0.00
0.00 21973.08
33.80 -59.56 -9999.00 -9999.00 -9999.00 24.44 9.38 0.00
0.00 23032.65
27.80 -57.36 -9999.00 -9999.00 -9999.00 13.24 6.78 0.00
0.00 24260.75
22.30 -54.06 -9999.00 -9999.00 -9999.00 274.01 11.09 0.00
0.00 25663.86
17.10 -49.76 -9999.00 -9999.00 -9999.00 258.89 22.16 0.00
0.00 27383.29
12.30 -44.26 -9999.00 -9999.00 -9999.00 233.27 31.51 0.00
0.00 29564.26

STID = TBW STNM = 722100 TIME = 221027/0300 
SLAT = 27.70 SLON = -82.38 SELV = 8.0
STIM = 15

SHOW = -1.50 LIFT = -2.92 SWET = 198.05 KINX = 20.76
LCLP = 975.17 PWAT = 36.85 TOTL = 47.70 CAPE = 687.46
LCLT = 293.29 CINS = -23.72 EQLV = 252.21 LFCT = 861.59
BRCH = 91.34

PRES TMPC TMWC DWPC THTE DRCT SKNT OMEG
CFRL HGHT
1011.70 23.24 21.53 20.74 340.02 173.66 3.52 0.00
0.00 16.65
1008.60 23.74 21.66 20.73 341.04 182.49 8.94 0.00
0.00 43.55
1003.00 24.04 21.64 20.57 341.76 187.39 10.59 0.00
0.00 92.40
993.30 23.74 21.34 20.26 341.96 192.63 11.54 0.00
0.00 177.68
979.10 22.84 20.81 19.89 341.95 195.07 10.47 0.00
0.00 303.76
960.80 21.74 20.42 19.80 343.14 200.22 7.87 0.00
0.00 468.42
939.00 20.64 19.46 18.88 342.59 212.20 6.20 0.10
0.00 667.94
915.10 19.44 18.01 17.29 340.58 219.29 5.52 0.10
0.00 891.10
889.20 17.74 16.63 16.04 339.39 226.55 5.09 0.20
0.00 1138.26
860.20 16.04 15.25 14.79 338.86 240.46 6.70 0.30
0.00 1421.92
828.20 13.94 13.49 13.19 337.72 261.25 10.22 0.40
13.00 1743.97
793.20 11.84 10.27 9.23 332.62 271.94 11.46 0.40
2.00 2107.78
755.20 10.24 6.30 3.05 326.73 268.60 7.96 0.30
0.00 2518.09
714.30 8.34 1.86 -5.71 321.22 250.43 9.29 0.10
0.00 2979.79
670.50 6.74 -2.21 -19.43 318.03 237.41 14.06 0.00
0.00 3500.46
623.70 4.74 -5.01 -35.83 319.13 236.61 10.24 0.00
0.00 4091.39
574.50 -0.06 -8.42 -41.82 320.62 247.25 6.53 0.10
0.00 4754.10
526.80 -5.76 -12.37 -42.64 321.80 255.20 10.64 0.10
0.00 5439.83
483.90 -11.06 -16.10 -39.78 323.47 252.47 11.62 0.10
0.00 6098.16
445.50 -15.36 -19.49 -42.68 325.59 249.03 12.49 0.10
0.00 6727.35
411.10 -19.36 -22.85 -48.84 327.63 250.82 14.20 0.10
0.00 7329.09
380.00 -23.56 -26.36 -53.41 329.37 256.26 17.99 0.10
0.00 7908.68
352.00 -27.06 -29.37 -56.81 331.85 267.32 24.88 0.20
0.00 8463.97
326.90 -30.36 -32.22 -55.93 334.44 273.39 29.58 0.20
0.00 8993.30
304.30 -34.26 -35.65 -56.51 335.87 275.10 32.77 0.20
0.00 9498.36
284.00 -38.36 -39.37 -58.53 336.64 276.95 38.56 0.20
0.00 9977.00
265.80 -41.56 -42.35 -60.80 338.35 277.38 48.39 0.20
0.00 10429.09
248.80 -43.76 -44.45 -63.51 341.48 273.95 62.12 0.20
0.00 10875.02
233.60 -46.56 -47.04 -60.07 343.53 273.59 71.43 0.20
0.00 11295.73
219.60 -49.66 -50.02 -62.27 344.82 271.43 70.14 0.20
0.00 11702.85
205.60 -52.76 -53.06 -67.89 346.41 269.21 70.51 0.20
0.00 12130.82
191.70 -55.96 -56.17 -68.39 348.28 270.76 73.23 0.10
0.00 12579.13
177.70 -59.06 -59.23 -73.70 350.78 274.15 69.72 0.10
0.00 13057.81
163.80 -62.16 -62.27 -74.24 353.84 275.80 61.50 0.00
0.00 13564.54
149.80 -65.26 -65.34 -74.84 357.65 276.39 52.39 0.00
0.00 14112.28
135.90 -67.66 -9999.00 -9999.00 -9999.00 274.33 36.03 -0.10
0.00 14701.46
121.90 -69.86 -9999.00 -9999.00 -9999.00 264.18 21.10 -0.10
0.00 15351.89
108.00 -72.76 -9999.00 -9999.00 -9999.00 233.50 12.08 -0.10
0.00 16067.19
94.00 -73.96 -9999.00 -9999.00 -9999.00 241.46 12.61 0.00
0.00 16879.12
81.00 -71.56 -9999.00 -9999.00 -9999.00 245.14 8.78 0.00
0.00 17752.21
70.60 -70.16 -9999.00 -9999.00 -9999.00 284.93 6.02 0.00
0.00 18565.91
62.20 -68.36 -9999.00 -9999.00 -9999.00 38.37 5.94 0.00
0.00 19321.92
54.30 -67.76 -9999.00 -9999.00 -9999.00 94.64 7.21 0.00
0.00 20137.35
46.90 -65.26 -9999.00 -9999.00 -9999.00 88.75 8.94 0.00
0.00 21023.52
40.10 -62.36 -9999.00 -9999.00 -9999.00 65.67 15.56 0.00
0.00 21983.37
33.80 -59.86 -9999.00 -9999.00 -9999.00 45.00 12.35 0.00
0.00 23044.19
27.80 -58.26 -9999.00 -9999.00 -9999.00 28.61 7.30 0.00
0.00 24268.86
22.30 -53.56 -9999.00 -9999.00 -9999.00 278.75 12.78 0.00
0.00 25670.68
17.10 -47.76 -9999.00 -9999.00 -9999.00 270.95 23.50 0.00
0.00 27399.83
12.30 -42.96 -9999.00 -9999.00 -9999.00 240.18 35.16 0.00
0.00 29596.71

STID = TBW STNM = 722100 TIME = 221027/0400 
SLAT = 27.70 SLON = -82.38 SELV = 8.0
STIM = 16

SHOW = -2.08 LIFT = -3.16 SWET = 203.11 KINX = 18.89
LCLP = 986.45 PWAT = 36.75 TOTL = 48.22 CAPE = 743.11
LCLT = 293.82 CINS = -11.20 EQLV = 249.33 LFCT = 885.16
BRCH = 313.35

PRES TMPC TMWC DWPC THTE DRCT SKNT OMEG
CFRL HGHT
1011.00 22.74 21.61 21.07 340.45 232.13 2.21 0.00
0.00 17.51
1007.90 23.24 21.91 21.30 342.17 209.54 6.70 -0.10
0.00 44.38
1002.30 23.54 22.00 21.31 343.40 208.30 8.61 -0.10
0.00 93.21
992.70 23.34 21.54 20.73 342.90 209.17 9.56 -0.20
0.00 177.56
978.50 22.54 20.81 20.01 342.01 208.14 9.48 -0.30
0.00 303.60
960.20 21.34 20.37 19.89 343.00 212.91 7.87 -0.30
0.00 468.17
938.40 20.14 19.60 19.30 343.24 221.63 7.01 -0.30
5.00 667.55
914.50 18.94 18.24 17.87 341.60 226.12 7.01 -0.20
4.00 890.53
888.60 17.44 16.92 16.62 340.58 228.50 6.74 -0.20
4.00 1137.59
859.60 15.84 15.66 15.52 340.49 232.13 6.64 -0.10
16.00 1421.29
827.60 13.74 13.65 13.55 338.40 256.87 5.98 0.20
100.00 1743.44
792.60 12.24 9.76 8.07 331.11 270.00 7.38 0.50
1.00 2107.60
754.80 10.44 5.62 1.37 324.88 255.96 8.82 0.50
0.00 2516.28
713.90 8.24 1.37 -7.18 320.01 243.85 11.91 0.30
0.00 2978.16
670.10 6.64 -2.85 -24.48 316.51 237.31 15.46 0.20
0.00 3498.81
623.40 4.64 -4.89 -32.05 319.53 232.13 11.07 0.10
0.00 4088.54
574.20 -0.06 -8.53 -46.72 320.41 232.25 7.61 0.10
0.00 4751.46
526.60 -5.86 -12.48 -44.45 321.60 244.36 10.78 0.00
0.00 5435.92
483.70 -11.06 -16.10 -39.78 323.51 248.20 11.50 0.00
0.00 6094.38
445.40 -15.26 -19.44 -43.17 325.69 249.86 12.41 0.10
0.00 6722.25
411.00 -19.36 -22.87 -49.68 327.61 251.80 14.92 0.10
0.00 7324.25
379.90 -23.36 -26.23 -54.69 329.62 260.09 20.32 0.10
0.00 7904.21
352.00 -26.76 -29.13 -56.81 332.25 270.42 26.81 0.00
0.00 8458.14
326.90 -30.26 -32.13 -55.93 334.57 273.58 31.14 0.10
0.00 8987.91
304.30 -34.36 -35.74 -56.51 335.73 274.18 34.67 0.10
0.00 9492.97
284.00 -38.36 -39.37 -58.53 336.64 275.63 41.57 0.10
0.00 9971.51
265.80 -41.56 -42.35 -60.80 338.35 273.81 49.65 0.10
0.00 10423.60
248.80 -43.76 -44.45 -63.51 341.48 272.73 61.27 0.10
0.00 10869.53
233.60 -46.56 -47.07 -61.80 343.49 273.28 67.91 0.10
0.00 11290.24
219.60 -49.66 -50.05 -64.44 344.78 271.81 67.64 0.10
0.00 11697.36
205.60 -52.76 -53.06 -67.89 346.41 270.64 69.54 0.10
0.00 12125.32
191.70 -55.76 -56.00 -73.19 348.55 271.08 71.89 0.10
0.00 12573.84
177.70 -59.06 -59.23 -73.70 350.78 272.72 69.62 0.00
0.00 13052.74
163.80 -62.36 -62.47 -74.24 353.50 274.85 61.99 0.00
0.00 13559.23
149.80 -65.46 -65.53 -74.84 357.31 275.52 52.51 0.00
0.00 14106.45
135.90 -68.06 -9999.00 -9999.00 -9999.00 274.49 37.22 0.00
0.00 14694.77
121.90 -70.26 -9999.00 -9999.00 -9999.00 264.19 23.04 0.00
0.00 15343.94
108.00 -73.16 -9999.00 -9999.00 -9999.00 240.05 13.23 0.00
0.00 16057.81
94.00 -74.06 -9999.00 -9999.00 -9999.00 238.17 13.27 0.00
0.00 16868.73
81.00 -71.26 -9999.00 -9999.00 -9999.00 238.82 8.62 0.00
0.00 17742.25
70.60 -70.06 -9999.00 -9999.00 -9999.00 291.80 4.18 0.00
0.00 18556.76
62.20 -68.66 -9999.00 -9999.00 -9999.00 43.78 6.45 0.00
0.00 19312.40
54.30 -67.86 -9999.00 -9999.00 -9999.00 102.72 6.18 0.00
0.00 20127.03
46.90 -65.26 -9999.00 -9999.00 -9999.00 97.59 8.82 0.00
0.00 21012.99
40.10 -62.26 -9999.00 -9999.00 -9999.00 72.90 15.85 0.00
0.00 21973.06
33.80 -60.46 -9999.00 -9999.00 -9999.00 57.46 13.36 0.00
0.00 23032.63
27.80 -58.86 -9999.00 -9999.00 -9999.00 30.96 5.67 0.00
0.00 24253.87
22.30 -53.16 -9999.00 -9999.00 -9999.00 271.66 13.40 0.00
0.00 25655.05
17.10 -46.46 -9999.00 -9999.00 -9999.00 273.74 20.82 0.00
0.00 27390.80
12.30 -42.16 -9999.00 -9999.00 -9999.00 235.76 33.84 0.00
0.00 29597.80

STID = TBW STNM = 722100 TIME = 221027/0500 
SLAT = 27.70 SLON = -82.38 SELV = 8.0
STIM = 17

SHOW = -1.13 LIFT = -3.26 SWET = 191.54 KINX = 26.03
LCLP = 999.02 PWAT = 38.30 TOTL = 47.22 CAPE = 782.89
LCLT = 294.68 CINS = -2.09 EQLV = 247.12 LFCT = 912.86
BRCH = 1026.33

PRES TMPC TMWC DWPC THTE DRCT SKNT OMEG
CFRL HGHT
1011.00 22.54 22.01 21.73 342.13 292.62 2.53 0.00
0.00 17.50
1007.90 22.74 22.12 21.80 343.04 248.63 4.80 -0.10
0.00 44.36
1002.30 22.74 22.15 21.84 344.01 233.13 6.80 -0.10
0.00 93.09
992.70 22.44 21.73 21.38 343.71 225.00 7.69 -0.20
2.00 177.23
978.50 21.74 20.91 20.50 342.44 213.69 8.41 -0.30
0.00 302.95
960.20 20.64 20.14 19.86 342.06 210.74 8.35 -0.40
0.00 467.12
938.30 19.64 19.52 19.40 342.93 212.01 7.32 -0.40
100.00 667.02
914.50 18.54 18.47 18.37 342.47 222.61 6.60 -0.40
100.00 888.78
888.60 17.04 16.95 16.84 340.66 233.84 6.25 -0.30
86.00 1135.55
859.60 15.64 15.17 14.87 338.66 235.30 6.14 -0.20
16.00 1418.92
827.60 13.64 12.67 12.07 335.01 237.80 6.20 -0.20
58.00 1740.75
792.70 12.24 9.61 7.80 330.62 245.70 6.60 -0.10
0.00 2103.64
754.80 10.44 7.03 4.39 328.91 244.80 7.30 0.00
0.00 2513.52
713.90 7.84 3.44 -0.76 325.49 239.22 10.63 0.10
0.00 2975.53
670.10 6.14 -1.57 -13.81 319.79 238.07 15.79 0.10
0.00 3495.84
623.30 4.64 -5.32 -45.12 318.41 230.86 10.76 0.00
0.00 4086.50
574.20 -0.16 -8.69 -56.99 320.01 226.85 8.53 -0.10
0.00 4747.94
526.50 -5.96 -12.55 -44.45 321.50 241.39 9.73 0.00
0.00 5433.63
483.70 -11.06 -16.10 -39.78 323.51 246.93 11.40 0.10
0.00 6090.50
445.40 -15.06 -19.35 -44.76 325.83 248.66 13.34 0.10
0.00 6718.60
411.00 -19.26 -22.81 -50.60 327.70 250.48 16.28 0.10
0.00 7320.95
379.90 -23.06 -25.99 -54.69 330.01 262.75 21.54 0.10
0.00 7901.36
352.00 -26.46 -28.87 -55.32 332.70 271.60 27.80 0.00
0.00 8455.97
326.90 -30.06 -31.99 -57.41 334.81 272.73 32.67 0.00
0.00 8986.27
304.30 -34.46 -35.83 -56.51 335.59 273.88 34.46 0.00
0.00 9491.44
284.00 -38.46 -39.46 -58.53 336.49 273.26 41.05 0.00
0.00 9969.78
265.80 -41.46 -42.26 -60.80 338.50 272.22 50.16 0.00
0.00 10421.87
248.80 -43.76 -44.45 -63.51 341.48 273.25 61.67 0.00
0.00 10867.90
233.60 -46.66 -47.19 -63.98 343.29 273.51 66.55 0.00
0.00 11288.51
219.60 -49.86 -50.24 -64.44 344.47 272.90 65.35 0.00
0.00 11695.36
205.60 -52.96 -53.25 -67.89 346.10 272.48 67.46 0.00
0.00 12122.94
191.70 -55.96 -56.19 -73.19 348.23 272.38 70.18 0.00
0.00 12571.04
177.70 -59.16 -59.32 -73.70 350.62 273.22 69.27 0.00
0.00 13049.61
163.80 -62.56 -62.67 -74.24 353.17 275.16 62.61 0.00
0.00 13555.75
149.80 -65.56 -65.63 -74.84 357.14 275.77 52.14 0.00
0.00 14102.57
135.90 -68.16 -9999.00 -9999.00 -9999.00 275.22 38.42 0.00
0.00 14690.61
121.90 -70.36 -9999.00 -9999.00 -9999.00 265.46 24.55 0.00
0.00 15339.45
108.00 -72.66 -9999.00 -9999.00 -9999.00 245.38 15.38 0.00
0.00 16054.04
94.00 -73.66 -9999.00 -9999.00 -9999.00 239.64 15.75 0.00
0.00 16866.79
81.00 -70.66 -9999.00 -9999.00 -9999.00 247.29 9.05 0.00
0.00 17742.49
70.60 -69.76 -9999.00 -9999.00 -9999.00 312.88 3.71 0.00
0.00 18558.80
62.20 -68.46 -9999.00 -9999.00 -9999.00 47.49 6.33 0.00
0.00 19315.37
54.30 -67.66 -9999.00 -9999.00 -9999.00 102.80 4.39 0.00
0.00 20130.80
46.90 -64.96 -9999.00 -9999.00 -9999.00 93.81 5.85 0.00
0.00 21017.83
40.10 -61.96 -9999.00 -9999.00 -9999.00 71.24 10.88 0.00
0.00 21979.28
33.80 -60.16 -9999.00 -9999.00 -9999.00 60.83 9.56 0.00
0.00 23040.35
27.80 -58.66 -9999.00 -9999.00 -9999.00 2.86 3.88 0.00
0.00 24263.02
22.30 -53.96 -9999.00 -9999.00 -9999.00 273.05 14.59 0.00
0.00 25662.26
17.10 -47.66 -9999.00 -9999.00 -9999.00 274.86 18.32 0.00
0.00 27390.24
12.30 -42.66 -9999.00 -9999.00 -9999.00 234.24 34.23 0.00
0.00 29589.05

STID = TBW STNM = 722100 TIME = 221027/0600 
SLAT = 27.70 SLON = -82.38 SELV = 8.0
STIM = 18

SHOW = -0.37 LIFT = -3.25 SWET = 182.96 KINX = 32.16
LCLP = 1002.41 PWAT = 40.80 TOTL = 46.31 CAPE = 844.25
LCLT = 295.07 CINS = -0.29 EQLV = 245.49 LFCT = 929.63
BRCH = 477.68

PRES TMPC TMWC DWPC THTE DRCT SKNT OMEG
CFRL HGHT
1011.00 22.64 22.28 22.06 343.24 243.43 1.30 0.00
0.00 17.51
1007.90 22.54 22.21 22.01 343.43 228.81 4.14 0.00
0.00 44.36
1002.30 22.44 22.13 21.93 343.92 223.53 5.36 0.00
0.00 93.06
992.70 21.94 21.66 21.48 343.41 214.70 6.14 0.10
8.00 177.09
978.50 21.24 20.97 20.79 342.67 207.30 6.78 0.30
12.00 302.61
960.20 20.34 20.21 20.09 342.35 206.57 6.95 0.40
13.00 466.59
938.40 19.54 19.41 19.29 342.48 204.57 7.48 0.40
100.00 665.43
914.50 18.44 18.35 18.25 342.01 215.31 5.71 0.50
100.00 888.02
888.60 16.64 16.58 16.49 339.28 240.26 4.70 0.50
100.00 1134.55
859.70 15.14 14.62 14.29 336.68 243.43 5.21 0.40
20.00 1416.43
827.70 13.64 12.24 11.38 333.57 232.77 6.10 0.20
8.00 1737.84
792.80 11.94 9.96 8.63 331.71 213.69 6.29 0.10
0.00 2100.50
754.90 9.94 8.48 7.46 333.26 209.36 7.13 0.10
0.00 2510.01
713.90 7.44 6.10 5.08 332.98 229.18 11.29 0.20
2.00 2972.99
670.00 5.94 0.73 -5.10 325.65 240.95 16.01 0.10
0.00 3494.69
623.20 4.84 -5.35 -64.87 318.25 249.15 13.09 -0.10
0.00 4085.77
574.10 -0.16 -9999.00 -9999.00 -9999.00 242.35 9.21 -0.20
0.00 4747.53
526.50 -6.06 -12.52 -41.11 321.61 244.98 9.65 -0.10
0.00 5431.72
483.60 -11.06 -16.08 -39.40 323.57 245.94 11.91 0.00
0.00 6090.08
445.40 -15.26 -19.49 -44.76 325.58 246.19 14.43 0.00
0.00 6716.37
411.00 -19.36 -22.89 -50.60 327.57 248.44 16.92 0.00
0.00 7318.37
379.90 -23.16 -26.07 -54.69 329.88 261.87 20.61 0.00
0.00 7898.55
352.00 -26.56 -28.95 -55.32 332.57 272.51 26.63 0.00
0.00 8452.94
326.90 -30.06 -31.99 -57.41 334.81 272.46 31.70 0.00
0.00 8983.13
304.30 -34.56 -35.92 -56.51 335.45 271.68 33.04 0.00
0.00 9488.19
284.00 -38.56 -39.55 -58.53 336.35 272.27 39.28 0.00
0.00 9966.33
265.80 -41.16 -41.99 -60.80 338.93 272.88 50.17 0.00
0.00 10418.61
248.80 -43.76 -44.42 -61.32 341.52 274.70 61.60 0.00
0.00 10864.94
233.60 -46.76 -47.28 -63.98 343.14 273.37 62.86 0.10
0.00 11285.46
219.60 -49.66 -50.07 -67.41 344.73 273.38 62.67 0.10
0.00 11692.39
205.60 -52.86 -53.16 -67.89 346.25 272.91 65.15 0.10
0.00 12120.26
191.70 -55.96 -56.19 -73.19 348.23 272.80 67.48 0.10
0.00 12568.46
177.70 -59.06 -59.23 -73.70 350.78 273.67 66.76 0.10
0.00 13047.14
163.80 -62.46 -62.57 -74.24 353.34 275.29 61.05 0.10
0.00 13553.52
149.80 -65.56 -65.63 -74.84 357.14 276.08 51.38 0.10
0.00 14100.48
135.90 -68.06 -9999.00 -9999.00 -9999.00 274.55 39.16 0.10
0.00 14688.65
121.90 -70.06 -9999.00 -9999.00 -9999.00 262.98 25.45 0.00
0.00 15338.14
108.00 -72.26 -9999.00 -9999.00 -9999.00 247.58 16.80 0.00
0.00 16053.97
94.00 -73.56 -9999.00 -9999.00 -9999.00 241.61 16.34 0.00
0.00 16867.73
81.00 -70.56 -9999.00 -9999.00 -9999.00 255.68 9.42 0.00
0.00 17743.86
70.60 -70.06 -9999.00 -9999.00 -9999.00 318.01 2.62 0.00
0.00 18559.77
62.20 -68.86 -9999.00 -9999.00 -9999.00 68.20 6.27 0.00
0.00 19315.05
54.30 -67.76 -9999.00 -9999.00 -9999.00 100.95 6.14 0.00
0.00 20129.48
46.90 -65.56 -9999.00 -9999.00 -9999.00 94.90 6.82 0.00
0.00 21015.01
40.10 -62.46 -9999.00 -9999.00 -9999.00 70.43 9.29 0.00
0.00 21973.94
33.80 -60.56 -9999.00 -9999.00 -9999.00 62.88 8.95 0.00
0.00 23032.76
27.80 -58.76 -9999.00 -9999.00 -9999.00 34.99 4.74 0.00
0.00 24254.00
22.30 -55.96 -9999.00 -9999.00 -9999.00 275.31 8.39 0.00
0.00 25646.46
17.10 -50.36 -9999.00 -9999.00 -9999.00 255.96 12.82 0.00
0.00 27356.18
12.30 -43.56 -9999.00 -9999.00 -9999.00 229.14 38.01 0.00
0.00 29537.62

STID = TBW STNM = 722100 TIME = 221027/0700 
SLAT = 27.70 SLON = -82.38 SELV = 8.0
STIM = 19

SHOW = -0.02 LIFT = -3.04 SWET = 173.55 KINX = 29.73
LCLP = 1001.66 PWAT = 38.83 TOTL = 46.15 CAPE = 798.55
LCLT = 295.08 CINS = -0.86 EQLV = 243.81 LFCT = 935.73
BRCH = 158.58

PRES TMPC TMWC DWPC THTE DRCT SKNT OMEG
CFRL HGHT
1010.10 22.64 22.28 22.07 343.41 188.75 2.56 0.00
0.00 17.52
1007.00 22.54 22.18 21.97 343.45 199.09 5.34 0.00
0.00 44.39
1001.50 22.44 22.00 21.75 343.49 196.70 6.08 0.00
0.00 92.26
991.80 22.04 21.48 21.19 342.80 192.88 6.97 0.00
3.00 177.24
977.60 21.44 20.91 20.63 342.59 187.13 7.83 0.10
5.00 302.92
959.40 20.64 20.22 19.97 342.50 184.18 7.98 0.10
7.00 466.28
937.60 19.44 19.16 18.98 341.62 180.00 6.22 0.20
71.00 665.33
913.70 18.04 17.75 17.55 339.78 185.71 3.90 0.20
74.00 887.87
887.90 16.64 16.09 15.76 337.58 215.54 3.34 0.10
68.00 1133.38
859.00 15.54 14.23 13.48 335.44 230.91 4.00 0.00
1.00 1415.58
827.10 13.84 12.11 11.04 333.22 216.87 4.86 -0.10
0.00 1736.49
792.20 12.24 10.27 8.98 332.80 202.11 6.70 -0.20
0.00 2099.74
754.30 9.84 8.85 8.16 334.50 217.65 8.59 -0.10
0.00 2509.79
713.30 7.24 5.40 3.95 331.06 236.82 12.06 0.00
2.00 2972.88
669.60 6.14 -0.83 -10.56 321.73 245.18 17.11 0.10
0.00 3492.27
622.90 4.94 -9999.00 -9999.00 -9999.00 264.22 15.42 0.10
0.00 4082.48
573.80 -0.16 -8.69 -57.00 320.07 258.27 10.51 0.00
0.00 4744.70
526.30 -6.06 -12.41 -38.22 321.90 247.80 10.28 0.00
0.00 5427.78
483.50 -11.16 -16.15 -39.41 323.46 243.84 12.33 0.10
0.00 6084.69
445.30 -15.16 -19.46 -45.98 325.65 244.08 15.56 0.10
0.00 6711.12
410.90 -19.16 -22.75 -51.61 327.81 250.63 18.75 0.10
0.00 7313.60
379.80 -22.86 -25.84 -54.70 330.30 263.77 21.50 0.00
0.00 7894.50
351.90 -26.36 -28.81 -56.81 332.82 271.25 26.61 -0.10
0.00 8449.60
326.80 -30.16 -32.05 -55.93 334.74 271.82 30.52 -0.10
0.00 8980.06
304.20 -34.66 -36.00 -56.52 335.34 271.36 32.63 -0.10
0.00 9485.07
284.00 -38.56 -39.55 -58.53 336.35 272.29 38.89 -0.10
0.00 9960.83
265.70 -41.26 -42.08 -60.81 338.82 274.28 49.48 -0.10
0.00 10415.58
248.80 -44.06 -44.70 -61.32 341.08 274.33 59.23 -0.10
0.00 10858.98
233.60 -46.76 -47.28 -63.98 343.14 273.23 58.57 0.00
0.00 11279.22
219.60 -49.56 -49.98 -67.41 344.89 273.45 58.18 0.00
0.00 11686.25
205.60 -52.76 -53.06 -67.89 346.41 273.29 60.90 0.00
0.00 12114.31
191.70 -55.96 -56.19 -73.19 348.23 273.35 63.25 0.00
0.00 12562.62
177.70 -59.06 -59.23 -73.70 350.78 275.18 62.41 0.00
0.00 13041.30
163.80 -62.26 -62.37 -74.24 353.67 276.81 57.32 0.00
0.00 13547.91
149.80 -65.36 -65.44 -74.84 357.48 277.13 48.54 0.00
0.00 14095.39
135.90 -67.76 -9999.00 -9999.00 -9999.00 274.86 36.65 0.00
0.00 14684.28
121.90 -69.66 -9999.00 -9999.00 -9999.00 262.59 24.09 0.00
0.00 15334.88
108.00 -71.96 -9999.00 -9999.00 -9999.00 247.95 16.55 0.00
0.00 16051.95
94.00 -73.26 -9999.00 -9999.00 -9999.00 243.43 15.64 0.00
0.00 16866.93
81.00 -70.16 -9999.00 -9999.00 -9999.00 259.80 9.87 0.00
0.00 17744.59
70.60 -70.46 -9999.00 -9999.00 -9999.00 311.63 2.33 0.00
0.00 18560.50
62.20 -69.46 -9999.00 -9999.00 -9999.00 55.62 4.47 0.00
0.00 19313.92
54.30 -67.66 -9999.00 -9999.00 -9999.00 77.20 4.39 0.00
0.00 20127.36
46.90 -65.46 -9999.00 -9999.00 -9999.00 60.46 6.70 0.00
0.00 21013.31
40.10 -62.76 -9999.00 -9999.00 -9999.00 40.97 9.77 0.00
0.00 21971.78
33.80 -60.36 -9999.00 -9999.00 -9999.00 37.48 7.34 0.00
0.00 23030.36
27.80 -58.26 -9999.00 -9999.00 -9999.00 21.25 3.75 0.00
0.00 24253.60
22.30 -56.36 -9999.00 -9999.00 -9999.00 286.39 6.88 0.00
0.00 25646.38
17.10 -51.26 -9999.00 -9999.00 -9999.00 239.42 14.90 0.00
0.00 27351.05
12.30 -44.26 -9999.00 -9999.00 -9999.00 232.78 44.64 0.00
0.00 29524.78

STID = TBW STNM = 722100 TIME = 221027/0800 
SLAT = 27.70 SLON = -82.38 SELV = 8.0
STIM = 20

SHOW = -0.50 LIFT = -2.77 SWET = 183.15 KINX = 29.93
LCLP = 1002.99 PWAT = 39.41 TOTL = 46.56 CAPE = 712.28
LCLT = 294.72 CINS = -3.86 EQLV = 245.07 LFCT = 916.11
BRCH = 302.08

PRES TMPC TMWC DWPC THTE DRCT SKNT OMEG
CFRL HGHT
1011.00 22.24 21.91 21.70 341.68 259.22 4.16 0.00
0.00 18.36
1008.00 22.24 21.91 21.71 342.15 249.23 6.02 0.00
0.00 44.31
1002.40 22.24 21.80 21.55 342.51 240.95 6.00 0.00
0.00 92.95
992.80 21.84 21.36 21.10 342.14 222.51 6.33 0.10
6.00 176.91
978.60 21.44 20.82 20.50 342.06 205.87 7.13 0.20
8.00 302.41
960.30 20.64 19.92 19.55 341.18 195.52 7.26 0.30
5.00 466.47
938.50 19.64 18.83 18.41 340.18 185.53 6.04 0.40
21.00 665.35
914.60 18.24 17.55 17.16 338.88 182.29 4.86 0.40
24.00 887.76
888.70 16.64 16.16 15.86 337.70 195.26 4.43 0.40
18.00 1134.06
859.80 15.04 14.47 14.11 336.13 208.61 4.88 0.30
8.00 1415.80
827.90 13.34 12.43 11.86 334.16 201.16 6.45 0.10
4.00 1735.95
792.90 12.04 10.41 9.35 333.13 192.53 8.95 0.00
0.00 2099.54
754.90 9.74 9.10 8.65 335.20 211.76 9.60 -0.20
3.00 2510.18
714.00 7.44 6.29 5.43 333.54 232.91 9.98 0.00
8.00 2971.96
670.00 6.64 -1.02 -12.45 321.11 250.68 19.97 0.10
0.00 3495.22
623.30 4.94 -9999.00 -9999.00 -9999.00 267.51 17.89 0.00
0.00 4085.53
574.20 -0.26 -8.35 -36.31 320.92 266.78 13.81 -0.10
0.00 4747.24
526.50 -6.26 -12.41 -35.64 321.92 257.01 10.37 -0.20
0.00 5432.52
483.70 -11.26 -16.22 -39.40 323.30 247.17 12.00 -0.10
0.00 6088.81
445.40 -15.36 -19.60 -45.97 325.38 246.25 15.91 0.00
0.00 6716.31
411.00 -19.26 -22.81 -50.60 327.70 253.90 19.62 0.00
0.00 7318.30
379.90 -22.96 -25.93 -56.19 330.11 263.32 21.72 0.00
0.00 7898.83
352.00 -26.36 -28.81 -56.81 332.79 269.58 26.42 0.00
0.00 8453.66
326.90 -30.26 -32.16 -57.41 334.53 272.23 29.93 -0.10
0.00 8983.85
304.30 -34.76 -36.09 -56.51 335.17 273.10 32.28 -0.10
0.00 9488.49
284.00 -38.66 -39.64 -58.53 336.21 272.66 37.72 -0.10
0.00 9966.33
265.80 -41.76 -42.51 -59.06 338.10 274.62 45.80 -0.10
0.00 10417.93
248.80 -44.56 -45.14 -59.58 340.38 274.88 54.78 -0.10
0.00 10862.91
233.60 -47.16 -47.66 -63.98 342.53 272.05 54.43 -0.10
0.00 11282.32
219.60 -49.76 -50.17 -67.41 344.58 272.10 53.07 -0.10
0.00 11688.80
205.60 -52.76 -53.06 -67.89 346.41 273.63 55.28 -0.10
0.00 12116.67
191.70 -55.86 -56.10 -73.19 348.39 274.81 57.91 0.00
0.00 12565.08
177.70 -58.96 -59.13 -73.70 350.94 274.95 58.49 0.00
0.00 13043.98
163.80 -62.26 -62.37 -74.24 353.67 276.16 54.31 0.00
0.00 13550.72
149.80 -65.36 -65.44 -74.84 357.48 276.23 46.50 0.00
0.00 14098.20
135.90 -67.76 -9999.00 -9999.00 -9999.00 272.18 35.76 0.00
0.00 14687.09
121.90 -69.66 -9999.00 -9999.00 -9999.00 259.32 24.11 0.00
0.00 15337.68
108.00 -72.06 -9999.00 -9999.00 -9999.00 245.97 17.66 0.00
0.00 16054.58
94.00 -73.06 -9999.00 -9999.00 -9999.00 245.07 15.21 0.00
0.00 16869.76
81.00 -69.96 -9999.00 -9999.00 -9999.00 257.74 9.15 0.00
0.00 17748.29
70.60 -70.76 -9999.00 -9999.00 -9999.00 285.95 1.42 0.00
0.00 18564.00
62.20 -69.76 -9999.00 -9999.00 -9999.00 63.43 2.18 0.00
0.00 19316.31
54.30 -67.76 -9999.00 -9999.00 -9999.00 83.66 3.52 0.00
0.00 20128.96
46.90 -66.06 -9999.00 -9999.00 -9999.00 56.31 7.01 0.00
0.00 21013.41
40.10 -63.26 -9999.00 -9999.00 -9999.00 35.79 10.30 0.00
0.00 21969.36
33.80 -60.46 -9999.00 -9999.00 -9999.00 29.36 7.13 0.00
0.00 23026.43
27.80 -58.26 -9999.00 -9999.00 -9999.00 18.43 2.45 0.00
0.00 24249.38
22.30 -56.46 -9999.00 -9999.00 -9999.00 296.57 3.05 0.00
0.00 25641.85
17.10 -51.76 -9999.00 -9999.00 -9999.00 211.52 17.09 0.00
0.00 27344.18
12.30 -45.16 -9999.00 -9999.00 -9999.00 228.75 48.31 0.00
0.00 29511.16

STID = TBW STNM = 722100 TIME = 221027/0900 
SLAT = 27.70 SLON = -82.38 SELV = 8.0
STIM = 21

SHOW = -0.77 LIFT = -2.55 SWET = 186.51 KINX = 30.59
LCLP = 1003.63 PWAT = 40.11 TOTL = 46.73 CAPE = 662.67
LCLT = 294.48 CINS = -7.89 EQLV = 244.17 LFCT = 904.94
BRCH = 231.88

PRES TMPC TMWC DWPC THTE DRCT SKNT OMEG
CFRL HGHT
1010.90 21.94 21.64 21.45 340.60 296.57 3.90 0.00
0.00 18.35
1007.90 22.04 21.73 21.54 341.42 294.62 5.13 0.00
0.00 44.27
1002.30 22.14 21.63 21.35 341.82 285.64 5.05 0.00
3.00 92.89
992.70 22.04 21.27 20.88 341.76 252.35 4.49 0.10
5.00 176.87
978.50 21.64 20.63 20.14 341.29 218.05 5.67 0.10
3.00 302.44
960.20 20.94 19.77 19.20 340.59 198.97 6.57 0.10
0.00 466.63
938.40 19.74 18.67 18.13 339.57 187.35 6.08 0.00
0.00 665.63
914.50 18.34 17.53 17.09 338.84 180.00 5.05 0.00
0.00 888.12
888.70 16.64 16.23 15.97 337.96 182.73 4.08 -0.10
7.00 1133.52
859.80 14.74 14.60 14.47 336.59 198.43 3.69 -0.10
28.00 1415.15
827.80 13.24 12.72 12.37 335.13 194.47 6.22 0.00
13.00 1736.16
792.90 11.94 10.56 9.66 333.60 196.39 10.33 0.00
0.00 2098.67
754.90 9.94 8.51 7.51 333.35 213.98 10.78 0.10
0.00 2509.32
713.90 6.84 6.39 6.03 333.85 227.86 10.99 0.00
33.00 2971.88
670.00 7.34 -0.77 -12.91 321.66 248.81 20.42 0.00
0.00 3494.12
623.30 4.74 -5.07 -37.31 319.04 270.62 17.87 0.00
0.00 4084.99
574.10 -0.66 -8.28 -30.88 321.21 274.46 15.00 0.00
0.00 4747.48
526.50 -6.26 -12.39 -35.35 321.95 260.71 10.82 -0.10
0.00 5430.92
483.70 -11.26 -16.25 -40.17 323.23 247.52 12.20 0.00
0.00 6087.21
445.40 -15.46 -19.66 -45.35 325.29 246.53 16.10 0.10
0.00 6714.59
411.00 -19.26 -22.83 -51.61 327.66 255.00 19.50 0.10
0.00 7316.46
379.90 -22.86 -25.85 -56.19 330.24 262.57 22.53 0.10
0.00 7897.10
352.00 -26.46 -28.89 -56.81 332.66 270.00 26.61 0.10
0.00 8451.93
326.90 -30.46 -32.32 -57.41 334.26 272.65 29.37 0.00
0.00 8981.80
304.30 -34.86 -36.18 -56.51 335.02 273.51 31.72 0.00
0.00 9486.12
284.00 -38.96 -39.89 -57.07 335.82 271.55 35.96 0.00
0.00 9963.56
265.80 -42.26 -42.97 -59.06 337.37 274.94 42.89 -0.10
0.00 10414.39
248.80 -45.06 -45.63 -61.32 339.59 276.91 51.65 -0.10
0.00 10858.39
233.60 -47.56 -48.03 -63.98 341.93 274.14 53.75 -0.10
0.00 11276.97
219.60 -50.16 -50.55 -67.41 343.96 273.73 53.73 -0.10
0.00 11682.73
205.60 -53.06 -53.35 -67.89 345.94 276.06 53.32 -0.10
0.00 12109.92
191.70 -55.86 -56.10 -73.19 348.39 276.50 53.19 -0.10
0.00 12558.03
177.70 -58.86 -59.03 -73.70 351.11 274.98 55.96 -0.10
0.00 13037.04
163.80 -62.36 -62.47 -74.24 353.50 276.39 54.14 -0.10
0.00 13543.77
149.80 -65.56 -65.63 -74.84 357.14 276.95 46.58 -0.10
0.00 14090.86
135.90 -67.96 -9999.00 -9999.00 -9999.00 272.39 37.33 -0.10
0.00 14679.18
121.90 -69.96 -9999.00 -9999.00 -9999.00 263.39 26.98 0.00
0.00 15328.98
108.00 -72.46 -9999.00 -9999.00 -9999.00 252.09 20.20 0.00
0.00 16044.63
94.00 -73.16 -9999.00 -9999.00 -9999.00 251.35 16.39 0.00
0.00 16858.80
81.00 -70.16 -9999.00 -9999.00 -9999.00 259.70 8.68 0.00
0.00 17736.68
70.60 -70.86 -9999.00 -9999.00 -9999.00 255.96 0.80 0.00
0.00 18551.79
62.20 -69.96 -9999.00 -9999.00 -9999.00 151.39 2.43 0.00
0.00 19303.54
54.30 -68.36 -9999.00 -9999.00 -9999.00 124.70 3.07 0.00
0.00 20114.59
46.90 -66.26 -9999.00 -9999.00 -9999.00 54.46 6.68 0.00
0.00 20997.33
40.10 -63.46 -9999.00 -9999.00 -9999.00 42.51 12.65 0.00
0.00 21952.36
33.80 -60.56 -9999.00 -9999.00 -9999.00 20.56 9.97 0.00
0.00 23008.68
27.80 -58.06 -9999.00 -9999.00 -9999.00 357.14 3.88 0.00
0.00 24231.92
22.30 -56.06 -9999.00 -9999.00 -9999.00 250.02 2.27 0.00
0.00 25626.32
17.10 -50.36 -9999.00 -9999.00 -9999.00 215.92 23.50 0.00
0.00 27335.65
12.30 -44.46 -9999.00 -9999.00 -9999.00 233.79 53.92 0.00
0.00 29512.76
STN YYMMDD/HHMM PMSL PRES SKTC STC1 SNFL WTNS
P01M C01M STC2 LCLD MCLD HCLD
SNRA UWND VWND R01M BFGR T2MS
Q2MS WXTS WXTP WXTZ WXTR USTM
VSTM HLCY SLLH WSYM CDBP VSBK
TD2M
722100 221026/1200 1012.70 1011.70 17.54 290.70 -9999.00 7.00
-9999.00 -9999.00 291.00 29.00 0.00 0.00
-9999.00 -1.70 1.30 -9999.00 -9999.00 17.94
11.93 0.00 0.00 0.00 0.00 3.00
-8.90 101.40 -9999.00 999.00 -9999.00 20.00
16.67
722100 221026/1300 1014.10 1013.10 21.24 294.40 0.00 7.00
0.00 0.00 293.80 8.00 0.00 0.00
-9999.00 -1.90 1.30 -9999.00 -9999.00 20.54
12.53 0.00 0.00 0.00 0.00 2.40
-9.00 101.70 0.01 999.00 -9999.00 20.00
17.45
722100 221026/1400 1014.20 1013.30 25.04 298.20 0.00 6.00
0.00 0.00 297.20 15.00 1.00 0.00
-9999.00 -2.10 2.50 -9999.00 -9999.00 23.24
13.26 0.00 0.00 0.00 0.00 1.20
-8.30 87.40 0.01 999.00 -9999.00 20.00
18.33
722100 221026/1500 1014.00 1013.10 28.24 301.40 0.00 5.00
0.00 0.00 300.10 36.00 100.00 0.00
-9999.00 -1.00 3.10 -9999.00 -9999.00 25.24
14.21 0.00 0.00 0.00 0.00 0.60
-7.50 71.50 0.00 999.00 -9999.00 20.00
19.41
722100 221026/1600 1014.50 1013.60 30.24 303.40 0.00 4.00
0.00 0.00 302.00 41.00 59.00 0.00
-9999.00 1.00 3.30 -9999.00 -9999.00 26.34
14.61 0.00 0.00 0.00 0.00 0.50
-6.70 49.70 0.00 999.00 -9999.00 20.00
19.85
722100 221026/1700 1013.10 1012.20 32.24 305.40 0.00 4.00
0.00 0.00 303.90 28.00 9.00 0.00
-9999.00 1.70 3.10 -9999.00 -9999.00 27.24
14.54 0.00 0.00 0.00 0.00 0.40
-6.10 27.40 0.01 999.00 -9999.00 20.00
19.76
722100 221026/1800 1012.10 1011.20 32.64 305.80 0.00 3.00
0.00 0.00 304.60 12.00 0.00 0.00
-9999.00 1.90 3.20 -9999.00 -9999.00 27.64
14.32 0.00 0.00 0.00 0.00 1.00
-6.10 21.00 0.00 999.00 -9999.00 20.00
19.50
722100 221026/1900 1011.30 1010.30 32.54 305.70 0.00 3.00
0.00 0.00 304.70 9.00 0.00 0.00
-9999.00 2.20 3.30 -9999.00 -9999.00 27.84
14.21 0.00 0.00 0.00 0.00 1.30
-5.90 21.00 0.00 999.00 -9999.00 20.00
19.37
722100 221026/2000 1011.40 1010.50 31.34 304.50 0.00 3.00
0.00 0.00 304.00 7.00 0.00 0.00
-9999.00 2.60 3.40 -9999.00 -9999.00 27.64
14.18 0.00 0.00 0.00 0.00 1.20
-5.50 19.80 -0.01 999.00 -9999.00 20.00
19.34
722100 221026/2100 1010.60 1009.70 29.24 302.40 0.00 3.00
0.00 0.00 302.40 12.00 0.00 0.00
-9999.00 2.60 3.70 -9999.00 -9999.00 26.94
14.18 0.00 0.00 0.00 0.00 0.60
-4.80 12.70 -0.01 999.00 -9999.00 20.00
19.32
722100 221026/2200 1011.40 1010.50 26.54 299.70 0.00 3.00
0.00 0.00 300.20 12.00 0.00 0.00
-9999.00 2.10 3.40 -9999.00 -9999.00 25.84
14.44 0.00 0.00 0.00 0.00 0.30
-4.60 11.20 -0.01 999.00 -9999.00 20.00
19.62
722100 221026/2300 1012.70 1011.80 24.64 297.80 0.00 3.00
0.00 0.00 298.40 48.00 0.00 0.00
-9999.00 1.10 2.10 -9999.00 -9999.00 24.54
14.77 0.00 0.00 0.00 0.00 0.30
-4.80 18.50 -0.01 999.00 -9999.00 20.00
20.00
722100 221027/0000 1013.30 1012.40 23.44 296.60 0.00 4.00
0.00 0.00 297.20 28.00 0.00 0.00
-9999.00 0.40 1.70 -9999.00 -9999.00 23.44
15.03 0.00 0.00 0.00 0.00 1.00
-5.50 26.00 0.00 999.00 -9999.00 20.00
20.28
722100 221027/0100 1014.20 1013.30 23.84 297.00 0.00 4.00
0.00 0.00 297.30 100.00 0.00 0.00
-9999.00 -0.20 1.90 -9999.00 -9999.00 23.64
15.07 0.00 0.00 0.00 0.00 0.20
-4.80 28.40 0.00 999.00 860.70 6.06
20.34
722100 221027/0200 1013.40 1012.50 23.24 296.40 0.00 4.00
0.00 0.00 296.70 63.00 0.00 0.00
-9999.00 -0.20 2.00 -9999.00 -9999.00 23.14
15.22 0.00 0.00 0.00 0.00 0.20
-4.50 28.50 0.00 999.00 -9999.00 0.01
20.48
722100 221027/0300 1013.60 1012.70 22.14 295.30 0.00 4.00
0.00 0.00 295.80 13.00 0.00 0.00
-9999.00 -0.20 1.70 -9999.00 -9999.00 22.24
15.51 0.00 0.00 0.00 0.00 0.40
-4.60 17.70 0.00 999.00 -9999.00 20.00
20.78
722100 221027/0400 1013.00 1012.10 22.44 295.60 0.00 5.00
0.00 0.00 295.80 100.00 0.00 0.00
-9999.00 0.70 0.50 -9999.00 -9999.00 22.24
15.85 0.00 0.00 0.00 0.00 1.00
-4.50 -1.20 0.00 999.00 827.60 0.20
21.12
722100 221027/0500 1013.00 1012.10 22.34 295.50 0.00 5.00
0.00 0.00 295.70 100.00 0.00 0.00
-9999.00 1.20 -0.50 -9999.00 -9999.00 22.14
16.40 0.00 0.00 0.00 0.00 2.80
-4.80 -6.30 0.00 999.00 938.30 0.04
21.66
722100 221027/0600 1013.00 1012.10 22.74 295.90 0.00 10.00
0.36 0.35 295.90 100.00 0.00 0.00
-9999.00 0.90 0.50 -9999.00 -9999.00 22.34
16.65 0.00 0.00 0.00 1.00 3.90
-4.90 7.00 0.00 60.00 938.40 0.00
21.90
722100 221027/0700 1012.10 1011.20 22.54 295.70 0.00 9.00
0.00 0.00 295.80 74.00 0.00 0.00
-9999.00 0.30 1.10 -9999.00 -9999.00 22.24
16.58 0.00 0.00 0.00 0.00 3.30
-5.10 12.50 0.00 999.00 -9999.00 0.01
21.82
722100 221027/0800 1013.10 1012.20 21.94 295.10 0.00 9.00
0.00 0.00 295.30 24.00 0.00 0.00
-9999.00 1.80 0.60 -9999.00 -9999.00 21.74
16.01 0.00 0.00 0.00 0.00 4.60
-5.00 9.20 0.00 999.00 -9999.00 0.01
21.28
722100 221027/0900 1013.00 1012.10 21.54 294.70 0.00 9.00
0.00 0.00 294.90 33.00 0.00 0.00
-9999.00 1.50 -0.50 -9999.00 -9999.00 21.34
15.67 0.00 0.00 0.00 0.00 6.10
-4.90 12.70 0.00 999.00 -9999.00 0.02
20.94


