
SNPARM = PRES;TMPC;TMWC;DWPC;THTE;DRCT;SKNT;OMEG;CFRL;HGHT 
STNPRM = SHOW;LIFT;SWET;KINX;LCLP;PWAT;TOTL;CAPE;LCLT;CINS;EQLV;LFCT;BRCH 

STID = KGLD STNM = 724650 TIME = 221026/1200 
SLAT = 39.37 SLON = -101.70 SELV = 1125.0
STIM = 0

SHOW = 6.24 LIFT = 6.56 SWET = 49.02 KINX = 18.41
LCLP = 748.65 PWAT = 11.04 TOTL = 42.30 CAPE = 0.00
LCLT = 266.53 CINS = 0.00 EQLV = -9999.00 LFCT = -9999.00
BRCH = 0.00

PRES TMPC TMWC DWPC THTE DRCT SKNT OMEG
CFRL HGHT
887.30 6.64 2.03 -4.37 298.85 354.81 2.14 0.00
0.00 1135.17
884.70 8.34 2.84 -4.62 300.80 53.75 3.61 0.00
0.00 1159.32
879.90 8.34 2.74 -4.91 301.12 83.29 6.64 0.00
0.00 1204.23
871.60 8.94 2.92 -5.26 302.45 102.09 2.78 0.10
0.00 1282.54
859.40 9.64 3.12 -5.67 304.29 201.37 4.80 0.20
0.00 1399.29
844.00 9.04 2.56 -6.36 304.93 192.72 6.18 0.30
0.00 1549.07
825.60 7.84 1.67 -7.11 305.26 177.14 7.77 0.30
0.00 1731.06
805.80 6.14 0.56 -7.62 305.41 167.09 9.56 0.30
0.00 1930.44
784.50 4.04 -0.95 -8.70 305.00 155.06 9.21 0.40
0.00 2148.97
761.00 1.94 -2.65 -10.41 304.59 152.82 8.08 0.40
0.00 2395.16
735.10 -0.16 -3.89 -10.20 305.63 181.47 7.58 0.40
0.00 2673.31
707.10 -3.06 -5.02 -8.15 307.32 207.03 10.68 0.30
0.00 2982.48
676.80 -6.26 -6.94 -8.07 307.94 211.43 16.39 0.10
0.00 3327.31
644.20 -7.46 -8.51 -10.38 309.80 223.26 27.21 -0.10
0.00 3712.78
609.30 -9.16 -10.21 -12.19 312.07 243.81 26.85 -0.20
0.00 4145.25
571.90 -12.96 -13.77 -15.61 311.73 256.36 27.18 -0.20
0.00 4631.89
532.20 -16.76 -17.26 -18.62 312.53 248.57 32.96 -0.30
75.00 5176.43
493.30 -20.16 -20.66 -22.32 314.01 247.03 38.81 -0.30
100.00 5742.80
457.80 -24.36 -24.84 -26.88 314.26 251.23 41.65 -0.10
100.00 6291.65
425.50 -27.96 -28.41 -30.85 315.46 255.80 49.09 0.00
58.00 6820.89
396.00 -30.56 -31.17 -35.32 317.87 256.10 57.44 0.10
6.00 7334.02
368.80 -33.26 -34.11 -42.36 319.96 252.78 63.66 0.10
0.00 7836.62
344.00 -36.36 -37.04 -45.07 321.99 251.72 69.35 0.10
0.00 8322.34
321.30 -40.06 -40.47 -46.16 323.16 251.66 73.47 0.10
0.00 8791.87
300.50 -44.16 -44.43 -49.47 323.42 252.12 76.53 0.10
0.00 9244.54
281.60 -48.16 -48.37 -53.81 323.53 252.19 79.37 0.10
0.00 9676.18
264.30 -50.76 -50.93 -56.40 325.56 251.09 82.13 0.10
0.00 10091.35
248.10 -51.46 -51.70 -61.34 330.33 250.48 87.80 0.10
0.00 10502.47
233.20 -51.36 -51.65 -63.99 336.33 250.63 94.31 0.10
0.00 10904.48
219.50 -52.16 -52.46 -67.42 340.92 251.82 98.35 0.10
0.00 11296.83
205.60 -53.16 -53.47 -72.72 345.74 253.27 101.22 0.10
0.00 11719.06
191.70 -53.76 -54.07 -73.19 351.76 253.84 100.50 0.10
0.00 12169.21
177.70 -54.16 -54.48 -73.70 358.81 255.16 97.07 0.10
0.00 12655.77
163.80 -55.46 -9999.00 -9999.00 -9999.00 257.36 90.58 0.00
0.00 13176.33
149.80 -57.56 -9999.00 -9999.00 -9999.00 257.28 80.24 0.00
0.00 13742.90
135.90 -60.06 -9999.00 -9999.00 -9999.00 253.82 71.79 0.00
0.00 14353.88
121.90 -61.76 -9999.00 -9999.00 -9999.00 253.28 63.48 -0.10
0.00 15029.30
107.90 -62.46 -9999.00 -9999.00 -9999.00 253.84 49.55 -0.10
0.00 15782.92
94.00 -63.36 -9999.00 -9999.00 -9999.00 248.71 40.66 0.00
0.00 16631.62
81.00 -63.26 -9999.00 -9999.00 -9999.00 247.74 40.50 0.00
0.00 17545.88
70.60 -60.26 -9999.00 -9999.00 -9999.00 245.97 35.30 0.00
0.00 18396.18
62.20 -59.36 -9999.00 -9999.00 -9999.00 227.56 27.64 0.00
0.00 19187.24
54.30 -59.56 -9999.00 -9999.00 -9999.00 235.26 29.31 0.00
0.00 20036.86
46.90 -56.86 -9999.00 -9999.00 -9999.00 237.76 25.49 0.00
0.00 20958.62
40.10 -56.96 -9999.00 -9999.00 -9999.00 230.10 15.44 0.00
0.00 21950.11
33.80 -57.26 -9999.00 -9999.00 -9999.00 236.75 14.16 0.00
0.00 23030.94
27.80 -56.66 -9999.00 -9999.00 -9999.00 254.60 13.91 0.00
0.00 24267.63
22.30 -57.46 -9999.00 -9999.00 -9999.00 283.84 13.81 0.00
0.00 25662.03
17.10 -55.46 -9999.00 -9999.00 -9999.00 281.20 20.01 0.00
0.00 27346.10
12.30 -51.86 -9999.00 -9999.00 -9999.00 286.26 19.42 0.00
0.00 29462.93

STID = KGLD STNM = 724650 TIME = 221026/1300 
SLAT = 39.37 SLON = -101.70 SELV = 1125.0
STIM = 1

SHOW = 6.01 LIFT = 6.38 SWET = 46.58 KINX = 19.00
LCLP = 753.87 PWAT = 11.64 TOTL = 42.74 CAPE = 0.00
LCLT = 266.58 CINS = 0.00 EQLV = -9999.00 LFCT = -9999.00
BRCH = 0.00

PRES TMPC TMWC DWPC THTE DRCT SKNT OMEG
CFRL HGHT
887.30 6.14 1.75 -4.41 298.29 104.04 0.80 0.00
0.00 1136.07
884.80 7.54 2.45 -4.54 299.98 107.65 4.49 -0.10
0.00 1159.24
879.90 7.94 2.56 -4.83 300.74 119.74 9.40 -0.10
0.00 1204.98
871.60 8.74 2.82 -5.26 302.23 135.00 4.66 -0.10
0.00 1283.22
859.50 9.74 3.15 -5.75 304.33 191.31 4.95 -0.10
0.00 1398.98
844.00 9.04 2.56 -6.36 304.93 189.46 7.09 -0.10
0.00 1549.75
825.70 7.74 1.64 -7.02 305.20 184.57 9.75 -0.10
0.00 1730.71
805.90 6.14 0.57 -7.57 305.43 179.10 12.43 -0.10
0.00 1930.03
784.60 4.14 -0.78 -8.30 305.33 170.10 12.43 -0.10
0.00 2148.57
761.00 1.94 -2.30 -9.09 305.33 164.74 11.07 -0.10
0.00 2395.87
735.20 -0.36 -3.64 -8.94 306.13 176.88 10.70 -0.20
0.00 2672.87
707.10 -3.16 -4.97 -7.81 307.44 192.53 10.74 -0.30
0.00 2982.98
676.80 -6.06 -6.70 -7.74 308.41 206.82 19.81 -0.30
0.00 3327.89
644.20 -7.36 -8.42 -10.28 309.98 222.58 29.27 -0.20
0.00 3713.59
609.30 -9.46 -10.01 -11.03 312.44 238.09 26.09 -0.20
3.00 4145.93
571.90 -13.06 -13.41 -14.17 312.38 245.48 24.34 -0.40
53.00 4632.27
532.10 -16.66 -16.95 -17.73 313.08 236.73 29.74 -0.60
100.00 5178.30
493.20 -20.46 -20.76 -21.72 313.88 235.16 35.02 -0.70
100.00 5744.59
457.70 -24.26 -24.59 -25.97 314.67 243.95 38.48 -0.50
100.00 6293.36
425.50 -27.96 -28.33 -30.26 315.59 255.66 43.90 -0.10
100.00 6821.15
396.00 -31.26 -31.66 -34.32 317.12 256.32 53.38 0.10
80.00 7333.55
368.80 -33.66 -34.23 -39.15 319.79 250.69 64.01 0.20
1.00 7835.03
344.00 -37.06 -37.46 -41.62 321.37 248.64 70.92 0.20
4.00 8319.66
321.30 -40.66 -40.97 -45.25 322.41 249.83 74.92 0.10
6.00 8787.90
300.50 -44.46 -44.71 -49.47 322.99 250.90 78.94 0.10
5.00 9239.69
281.60 -47.86 -48.06 -52.92 324.00 250.37 82.69 0.10
0.00 9671.34
264.30 -50.36 -50.52 -55.31 326.18 248.70 86.11 0.10
0.00 10087.15
248.10 -51.26 -51.48 -59.60 330.67 248.06 91.51 0.10
0.00 10498.83
233.20 -51.56 -51.84 -63.99 336.03 249.62 97.61 0.10
0.00 10900.85
219.50 -51.96 -52.27 -67.42 341.23 252.82 101.26 0.10
0.00 11293.20
205.60 -52.56 -52.87 -67.89 346.73 255.21 104.27 0.10
0.00 11716.20
191.70 -53.36 -53.68 -73.19 352.40 256.58 105.44 0.10
0.00 12167.37
177.70 -54.16 -54.48 -73.70 358.81 257.27 101.36 0.00
0.00 12654.38
163.80 -55.26 -55.56 -74.24 365.41 256.61 92.25 0.00
0.00 13175.18
149.80 -57.26 -9999.00 -9999.00 -9999.00 255.10 81.60 0.00
0.00 13742.40
135.90 -59.86 -9999.00 -9999.00 -9999.00 252.93 72.14 -0.10
0.00 14354.09
121.90 -61.96 -9999.00 -9999.00 -9999.00 253.40 63.25 -0.10
0.00 15029.51
107.90 -62.86 -9999.00 -9999.00 -9999.00 254.52 48.78 -0.10
0.00 15782.06
94.00 -63.76 -9999.00 -9999.00 -9999.00 246.37 40.71 0.00
0.00 16629.15
81.00 -63.26 -9999.00 -9999.00 -9999.00 245.58 41.82 0.00
0.00 17542.53
70.60 -60.26 -9999.00 -9999.00 -9999.00 247.79 35.45 0.00
0.00 18392.84
62.20 -58.96 -9999.00 -9999.00 -9999.00 234.72 25.21 0.00
0.00 19184.64
54.30 -59.56 -9999.00 -9999.00 -9999.00 236.65 27.21 0.00
0.00 20035.05
46.90 -57.26 -9999.00 -9999.00 -9999.00 240.03 24.88 0.00
0.00 20955.96
40.10 -57.26 -9999.00 -9999.00 -9999.00 234.69 17.13 0.00
0.00 21945.84
33.80 -57.06 -9999.00 -9999.00 -9999.00 243.43 15.64 0.00
0.00 23026.42
27.80 -56.86 -9999.00 -9999.00 -9999.00 261.98 13.93 0.00
0.00 24263.10
22.30 -58.36 -9999.00 -9999.00 -9999.00 288.43 13.52 0.00
0.00 25653.95
17.10 -55.96 -9999.00 -9999.00 -9999.00 282.09 19.46 0.00
0.00 27332.58
12.30 -51.46 -9999.00 -9999.00 -9999.00 290.10 16.96 0.00
0.00 29448.93

STID = KGLD STNM = 724650 TIME = 221026/1400 
SLAT = 39.37 SLON = -101.70 SELV = 1125.0
STIM = 2

SHOW = 6.24 LIFT = 6.54 SWET = 46.42 KINX = 20.40
LCLP = 765.20 PWAT = 12.32 TOTL = 42.39 CAPE = 0.00
LCLT = 266.86 CINS = 0.00 EQLV = -9999.00 LFCT = -9999.00
BRCH = 0.00

PRES TMPC TMWC DWPC THTE DRCT SKNT OMEG
CFRL HGHT
888.40 5.34 1.36 -4.31 297.38 136.74 4.53 0.00
0.00 1134.19
885.70 6.64 2.02 -4.39 299.01 136.91 8.24 0.00
0.00 1159.11
880.90 7.34 2.30 -4.64 300.11 138.50 13.48 0.00
0.00 1203.75
872.60 8.74 2.83 -5.24 302.13 138.90 12.12 0.10
0.00 1281.81
860.40 9.44 3.00 -5.74 303.91 154.89 6.86 0.20
0.00 1398.34
845.00 8.94 2.57 -6.16 304.83 165.96 8.00 0.30
0.00 1547.87
826.60 7.84 1.80 -6.63 305.45 173.29 9.98 0.40
0.00 1729.61
806.70 6.34 0.74 -7.37 305.68 177.36 12.65 0.50
0.00 1929.85
785.40 4.34 -0.59 -8.00 305.64 177.68 14.39 0.50
0.00 2148.34
761.80 1.64 -1.92 -7.24 306.05 179.23 14.37 0.40
0.00 2395.36
735.90 -0.86 -3.17 -6.58 307.03 181.66 13.40 0.40
0.00 2672.83
707.80 -3.76 -4.80 -6.37 307.69 188.37 13.34 0.30
0.00 2982.10
677.50 -5.96 -6.54 -7.49 308.61 205.54 24.32 0.30
3.00 3326.38
644.80 -7.66 -8.44 -9.82 309.84 221.25 31.53 0.10
1.00 3712.76
609.80 -9.66 -10.07 -10.84 312.25 232.41 30.89 -0.30
12.00 4145.56
572.30 -12.46 -12.75 -13.37 313.50 236.94 29.20 -0.90
74.00 4633.23
532.50 -16.26 -16.54 -17.27 313.72 236.52 29.58 -1.30
100.00 5179.96
493.50 -20.36 -20.64 -21.55 314.01 235.53 31.57 -1.40
100.00 5747.89
457.90 -24.46 -24.73 -25.86 314.41 238.92 33.12 -1.00
100.00 6297.82
425.60 -28.36 -28.62 -29.97 315.12 249.99 38.03 -0.50
100.00 6826.43
396.10 -31.66 -31.93 -33.76 316.67 253.83 48.14 -0.20
100.00 7337.87
368.90 -34.46 -34.71 -36.68 319.05 250.36 58.37 -0.10
100.00 7837.99
344.10 -37.46 -37.66 -39.54 321.05 249.15 65.48 -0.10
100.00 8321.29
321.30 -40.76 -40.99 -44.03 322.38 249.79 71.41 0.00
86.00 8791.04
300.60 -44.46 -44.64 -47.76 323.08 250.11 77.66 0.00
93.00 9240.49
281.60 -47.96 -48.08 -50.68 323.97 249.82 82.79 0.00
0.00 9674.26
264.30 -50.46 -50.59 -54.34 326.07 248.15 86.64 0.00
0.00 10089.90
248.10 -51.46 -51.65 -58.16 330.41 247.44 92.13 0.00
0.00 10501.30
233.20 -51.86 -52.13 -63.99 335.57 249.14 97.09 0.00
0.00 10902.86
219.50 -52.06 -52.34 -64.45 341.12 251.46 100.19 0.10
0.00 11294.86
205.60 -52.56 -52.84 -64.93 346.77 253.71 105.24 0.10
0.00 11717.76
191.70 -53.86 -54.11 -65.45 351.69 256.31 108.35 0.10
0.00 12168.43
177.70 -55.36 -55.61 -68.92 356.89 258.09 105.42 0.10
0.00 12653.55
163.80 -56.06 -56.33 -74.24 364.07 256.67 95.22 0.10
0.00 13171.97
149.80 -57.46 -57.71 -74.84 371.07 252.66 83.43 0.10
0.00 13737.89
135.90 -59.86 -9999.00 -9999.00 -9999.00 251.23 73.66 0.00
0.00 14349.30
121.90 -61.76 -9999.00 -9999.00 -9999.00 253.52 63.00 0.00
0.00 15025.04
107.90 -62.46 -9999.00 -9999.00 -9999.00 256.19 47.20 0.00
0.00 15778.66
94.00 -63.66 -9999.00 -9999.00 -9999.00 246.45 37.94 0.00
0.00 16626.75
81.00 -63.06 -9999.00 -9999.00 -9999.00 245.69 42.00 0.00
0.00 17540.79
70.60 -59.66 -9999.00 -9999.00 -9999.00 248.20 35.57 0.00
0.00 18392.71
62.20 -58.16 -9999.00 -9999.00 -9999.00 233.97 23.78 0.00
0.00 19187.10
54.30 -58.76 -9999.00 -9999.00 -9999.00 235.80 24.18 0.00
0.00 20040.70
46.90 -56.86 -9999.00 -9999.00 -9999.00 238.95 22.22 0.00
0.00 20964.17
40.10 -56.56 -9999.00 -9999.00 -9999.00 238.92 16.55 0.00
0.00 21956.58
33.80 -56.96 -9999.00 -9999.00 -9999.00 247.27 15.58 0.00
0.00 23039.16
27.80 -56.76 -9999.00 -9999.00 -9999.00 259.90 14.39 0.00
0.00 24276.42
22.30 -57.86 -9999.00 -9999.00 -9999.00 278.88 12.59 0.00
0.00 25669.20
17.10 -55.46 -9999.00 -9999.00 -9999.00 279.66 18.53 0.00
0.00 27351.72
12.30 -51.26 -9999.00 -9999.00 -9999.00 286.50 16.41 0.00
0.00 29471.44

STID = KGLD STNM = 724650 TIME = 221026/1500 
SLAT = 39.37 SLON = -101.70 SELV = 1125.0
STIM = 3

SHOW = 6.47 LIFT = 6.53 SWET = 62.67 KINX = 19.37
LCLP = 743.78 PWAT = 11.92 TOTL = 42.00 CAPE = 0.00
LCLT = 266.61 CINS = 0.00 EQLV = -9999.00 LFCT = -9999.00
BRCH = 0.00

PRES TMPC TMWC DWPC THTE DRCT SKNT OMEG
CFRL HGHT
888.40 7.34 2.46 -4.19 299.61 146.69 8.14 0.00
0.00 1135.18
885.80 7.04 2.27 -4.27 299.51 146.59 10.94 0.00
0.00 1159.28
880.90 7.24 2.29 -4.51 300.09 145.07 14.92 -0.10
0.00 1204.87
872.60 9.24 3.06 -5.33 302.62 142.72 16.36 -0.10
0.00 1282.99
860.50 9.44 2.98 -5.83 303.85 140.39 14.63 -0.10
0.00 1398.66
845.00 8.64 2.37 -6.34 304.39 146.51 15.13 -0.20
0.00 1549.07
826.60 7.64 1.66 -6.77 305.14 153.12 15.89 -0.40
0.00 1730.65
806.80 6.24 0.78 -7.04 305.76 159.52 17.21 -0.50
0.00 1929.76
785.40 4.54 -0.25 -7.20 306.37 163.81 18.80 -0.60
0.00 2149.32
761.80 2.24 -1.60 -7.28 306.69 166.76 20.36 -0.70
0.00 2396.71
735.90 -0.46 -3.15 -7.20 307.05 168.06 20.65 -0.70
0.00 2674.68
707.80 -3.56 -5.00 -7.25 307.27 172.61 21.15 -0.60
0.00 2984.25
677.50 -6.46 -6.82 -7.41 308.08 187.65 26.26 -0.50
11.00 3328.32
644.80 -7.66 -8.77 -10.79 309.21 208.98 30.87 -0.40
0.00 3714.31
609.80 -9.36 -10.44 -12.53 311.55 222.47 34.23 -0.40
0.00 4147.29
572.30 -12.26 -12.72 -13.68 313.56 231.49 35.26 -0.40
49.00 4635.36
532.50 -16.16 -16.51 -17.40 313.78 239.55 33.35 -0.50
100.00 5182.39
493.50 -20.36 -20.74 -21.97 313.85 244.65 32.67 -0.50
100.00 5750.42
458.00 -24.46 -24.81 -26.30 314.26 244.36 32.32 -0.40
100.00 6298.73
425.70 -28.16 -28.56 -30.70 315.19 248.53 37.16 -0.20
100.00 6827.42
396.10 -31.66 -32.04 -34.71 316.50 252.84 44.11 -0.10
98.00 7340.73
368.90 -35.06 -35.40 -38.34 318.00 250.33 51.36 0.00
86.00 7840.21
344.10 -37.86 -38.15 -41.29 320.29 247.31 60.43 0.00
66.00 8322.47
321.30 -40.96 -41.23 -44.83 322.03 246.97 67.54 0.00
33.00 8791.60
300.60 -44.56 -44.73 -47.76 322.94 248.09 72.86 0.00
99.00 9240.76
281.60 -48.16 -48.24 -50.04 323.72 248.54 79.10 0.00
0.00 9674.24
264.30 -50.56 -50.66 -53.46 325.97 247.82 86.42 0.00
0.00 10089.61
248.10 -51.56 -51.77 -59.60 330.22 248.58 90.97 0.00
0.00 10500.82
233.20 -52.06 -52.32 -63.99 335.27 249.24 93.69 0.00
0.00 10902.11
219.50 -51.86 -52.15 -64.45 341.43 249.94 101.94 0.00
0.00 11294.11
205.60 -52.36 -52.68 -67.89 347.04 252.66 109.48 0.00
0.00 11717.39
191.70 -53.96 -54.21 -65.45 351.53 255.67 109.07 0.00
0.00 12168.17
177.70 -55.76 -55.99 -68.92 356.23 257.45 103.69 0.10
0.00 12652.73
163.80 -56.86 -57.10 -74.24 362.73 256.93 94.52 0.10
0.00 13169.72
149.80 -57.76 -58.00 -74.84 370.56 253.26 82.96 0.10
0.00 13734.20
135.90 -59.66 -9999.00 -9999.00 -9999.00 250.89 72.98 0.10
0.00 14345.46
121.90 -61.16 -9999.00 -9999.00 -9999.00 253.41 61.21 0.10
0.00 15022.48
107.90 -61.76 -9999.00 -9999.00 -9999.00 252.41 45.65 0.00
0.00 15778.42
94.00 -62.46 -9999.00 -9999.00 -9999.00 241.29 37.20 0.00
0.00 16630.35
81.00 -61.76 -9999.00 -9999.00 -9999.00 244.43 40.05 0.00
0.00 17549.84
70.60 -58.76 -9999.00 -9999.00 -9999.00 247.53 34.05 0.00
0.00 18406.17
62.20 -57.56 -9999.00 -9999.00 -9999.00 232.21 24.09 0.00
0.00 19203.35
54.30 -58.36 -9999.00 -9999.00 -9999.00 236.03 22.24 0.00
0.00 20058.93
46.90 -56.96 -9999.00 -9999.00 -9999.00 234.52 20.75 0.00
0.00 20983.05
40.10 -56.56 -9999.00 -9999.00 -9999.00 231.34 16.16 0.00
0.00 21975.22
33.80 -57.76 -9999.00 -9999.00 -9999.00 236.51 15.13 0.00
0.00 23055.81
27.80 -57.26 -9999.00 -9999.00 -9999.00 252.00 16.34 0.00
0.00 24289.35
22.30 -57.16 -9999.00 -9999.00 -9999.00 275.81 11.52 0.00
0.00 25682.78
17.10 -55.86 -9999.00 -9999.00 -9999.00 283.32 15.17 0.00
0.00 27366.46
12.30 -52.06 -9999.00 -9999.00 -9999.00 275.30 18.92 0.00
0.00 29480.39

STID = KGLD STNM = 724650 TIME = 221026/1600 
SLAT = 39.37 SLON = -101.70 SELV = 1125.0
STIM = 4

SHOW = 7.57 LIFT = 7.30 SWET = 206.46 KINX = 17.93
LCLP = 713.23 PWAT = 11.88 TOTL = 39.97 CAPE = 0.00
LCLT = 265.77 CINS = 0.00 EQLV = -9999.00 LFCT = -9999.00
BRCH = 0.00

PRES TMPC TMWC DWPC THTE DRCT SKNT OMEG
CFRL HGHT
887.40 9.74 3.61 -4.50 302.09 154.59 8.61 0.00
0.00 1135.28
884.80 9.34 3.37 -4.58 301.89 154.44 9.91 0.00
0.00 1159.60
879.90 8.74 3.01 -4.70 301.69 154.86 10.51 0.00
0.00 1205.56
871.70 8.04 2.47 -5.21 301.50 154.70 11.81 0.00
0.00 1282.86
859.50 8.54 2.41 -6.21 302.74 161.32 14.55 0.10
0.00 1399.18
844.10 8.44 2.28 -6.26 304.33 179.38 17.87 0.10
0.00 1548.48
825.70 7.74 1.79 -6.46 305.55 184.20 21.23 0.00
0.00 1730.23
805.90 6.44 0.72 -7.62 305.73 184.25 23.56 -0.20
0.00 1929.67
784.60 4.64 -0.43 -8.01 306.07 180.45 24.48 -0.40
0.00 2148.53
761.00 2.24 -1.66 -7.47 306.67 174.89 23.99 -0.50
0.00 2396.21
735.20 -0.36 -3.06 -7.09 307.34 174.34 23.62 -0.60
0.00 2673.43
707.20 -3.56 -5.05 -7.38 307.26 175.49 22.22 -0.60
0.00 2982.24
676.90 -6.46 -6.85 -7.50 308.11 187.28 26.05 -0.60
7.00 3326.60
644.30 -8.96 -9.21 -9.69 308.47 203.06 31.25 -0.60
81.00 3710.82
609.30 -11.16 -11.91 -13.51 308.94 214.76 34.75 -0.60
3.00 4141.61
571.90 -13.06 -13.46 -14.33 312.29 221.92 35.76 -0.50
35.00 4626.30
532.20 -15.66 -16.00 -16.84 314.72 230.64 34.93 -0.70
100.00 5171.97
493.30 -19.56 -19.89 -20.91 315.30 240.06 35.41 -0.90
100.00 5740.31
457.80 -23.86 -24.20 -25.54 315.29 246.39 35.41 -0.90
100.00 6290.41
425.50 -28.46 -28.76 -30.40 314.91 250.76 34.77 -0.60
100.00 6819.68
396.00 -32.16 -32.52 -35.11 315.80 251.30 39.37 -0.20
98.00 7330.60
368.80 -34.96 -35.31 -38.35 318.16 247.80 52.45 0.00
73.00 7829.79
344.00 -38.06 -38.36 -41.62 320.00 247.28 60.86 0.10
84.00 8312.08
321.30 -41.56 -41.80 -45.25 321.16 246.58 66.47 0.00
88.00 8778.42
300.50 -45.16 -45.35 -48.87 322.04 246.10 70.96 0.00
85.00 9228.64
281.60 -48.56 -48.70 -52.12 323.03 245.73 76.07 0.00
0.00 9658.96
264.30 -50.86 -50.97 -54.34 325.49 246.51 84.30 0.00
0.00 10073.67
248.10 -51.86 -52.08 -61.34 329.73 247.65 87.37 0.00
0.00 10484.33
233.20 -51.76 -52.06 -66.98 335.68 247.29 93.08 0.00
0.00 10885.61
219.50 -51.06 -51.41 -67.42 342.62 249.95 104.84 0.00
0.00 11278.59
205.60 -51.96 -52.29 -67.89 347.67 252.65 110.70 0.00
0.00 11703.02
191.70 -53.66 -53.95 -68.39 351.97 254.59 108.20 0.00
0.00 12154.50
177.70 -55.06 -55.32 -68.92 357.38 256.07 100.06 0.00
0.00 12640.18
163.80 -56.16 -56.43 -74.24 363.90 255.00 90.09 0.00
0.00 13158.84
149.80 -57.56 -9999.00 -9999.00 -9999.00 251.74 81.82 -0.10
0.00 13724.49
135.90 -59.46 -9999.00 -9999.00 -9999.00 250.41 73.00 0.00
0.00 14336.32
121.90 -60.96 -9999.00 -9999.00 -9999.00 251.51 60.63 0.00
0.00 15013.97
107.90 -61.26 -9999.00 -9999.00 -9999.00 247.31 46.33 0.00
0.00 15771.17
94.00 -61.56 -9999.00 -9999.00 -9999.00 239.52 39.45 0.00
0.00 16625.92
81.00 -61.36 -9999.00 -9999.00 -9999.00 245.72 39.22 0.00
0.00 17548.24
70.60 -59.16 -9999.00 -9999.00 -9999.00 249.48 33.80 0.00
0.00 18404.58
62.20 -58.36 -9999.00 -9999.00 -9999.00 231.12 23.21 0.00
0.00 19199.52
54.30 -58.76 -9999.00 -9999.00 -9999.00 231.99 21.45 0.00
0.00 20052.73
46.90 -57.26 -9999.00 -9999.00 -9999.00 223.80 19.64 0.00
0.00 20975.34
40.10 -56.66 -9999.00 -9999.00 -9999.00 216.87 16.51 0.00
0.00 21966.60
33.80 -57.76 -9999.00 -9999.00 -9999.00 226.74 13.60 0.00
0.00 23046.93
27.80 -57.56 -9999.00 -9999.00 -9999.00 252.69 15.68 0.00
0.00 24279.61
22.30 -56.46 -9999.00 -9999.00 -9999.00 276.20 8.99 0.00
0.00 25674.33
17.10 -55.86 -9999.00 -9999.00 -9999.00 286.89 11.36 0.00
0.00 27360.74
12.30 -52.56 -9999.00 -9999.00 -9999.00 274.81 20.86 0.00
0.00 29472.26

STID = KGLD STNM = 724650 TIME = 221026/1700 
SLAT = 39.37 SLON = -101.70 SELV = 1125.0
STIM = 5

SHOW = 6.80 LIFT = 6.54 SWET = 213.59 KINX = 19.13
LCLP = 690.62 PWAT = 11.72 TOTL = 41.77 CAPE = 0.00
LCLT = 265.10 CINS = 0.00 EQLV = -9999.00 LFCT = -9999.00
BRCH = 0.00

PRES TMPC TMWC DWPC THTE DRCT SKNT OMEG
CFRL HGHT
886.30 11.54 4.43 -4.77 303.97 161.57 10.45 0.00
0.00 1134.41
883.60 10.94 4.10 -4.86 303.56 161.86 11.85 0.00
0.00 1159.86
878.80 10.34 3.76 -4.93 303.39 161.85 12.47 0.00
0.00 1205.19
870.50 9.54 3.29 -5.05 303.35 162.65 13.03 0.00
0.00 1283.97
858.40 8.34 2.58 -5.20 303.30 164.39 13.71 0.10
0.00 1399.76
842.90 8.14 2.46 -5.09 304.91 176.79 20.82 0.10
0.00 1550.13
824.70 7.84 1.75 -6.80 305.56 179.57 26.03 0.10
0.00 1730.09
804.90 6.54 0.43 -8.89 305.21 178.80 27.78 0.10
0.00 1929.82
783.60 4.54 -0.57 -8.32 305.89 172.83 27.99 0.00
0.00 2148.94
760.10 2.14 -1.67 -7.31 306.78 170.47 28.17 0.00
0.00 2395.78
734.30 -0.56 -3.21 -7.19 307.16 173.70 28.34 -0.10
0.00 2673.18
706.30 -3.36 -4.85 -7.15 307.78 174.62 26.92 -0.20
0.00 2982.38
676.10 -6.26 -6.79 -7.67 308.33 189.52 31.70 -0.30
13.00 3326.29
643.60 -9.06 -10.05 -12.02 307.02 202.99 34.81 -0.40
31.00 3709.77
608.80 -11.26 -12.02 -13.63 308.83 217.96 34.73 -0.40
0.00 4138.28
571.40 -12.56 -12.81 -13.34 313.55 237.51 38.69 -0.40
100.00 4623.77
531.80 -15.76 -15.98 -16.54 314.83 245.27 38.07 -0.40
100.00 5168.98
493.00 -20.16 -20.51 -21.64 314.32 244.47 33.80 -0.20
100.00 5735.46
457.50 -24.06 -24.54 -26.54 314.79 245.80 33.64 -0.10
98.00 6285.00
425.30 -28.06 -28.47 -30.71 315.40 246.41 36.89 -0.10
99.00 6813.13
395.90 -31.66 -32.02 -34.52 316.58 246.80 44.39 -0.20
100.00 7323.45
368.70 -35.06 -35.37 -38.09 318.09 247.88 51.57 -0.20
93.00 7823.19
343.90 -38.56 -38.79 -41.30 319.39 246.73 58.99 -0.20
100.00 8305.00
321.20 -42.06 -42.22 -44.42 320.57 244.77 67.00 -0.20
100.00 8770.49
300.50 -45.66 -45.79 -48.30 321.37 243.23 72.88 -0.20
99.00 9217.65
281.60 -48.66 -48.79 -52.12 322.89 244.42 80.98 -0.20
0.00 9647.40
264.30 -51.16 -51.34 -57.65 324.93 245.89 85.12 -0.10
0.00 10061.73
248.10 -52.46 -52.69 -63.53 328.79 245.01 85.51 -0.10
0.00 10471.55
233.20 -51.96 -52.25 -66.98 335.38 245.32 92.56 0.00
0.00 10872.11
219.50 -51.26 -51.60 -67.42 342.31 248.97 101.77 0.00
0.00 11264.73
205.60 -52.06 -52.41 -72.72 347.46 251.40 106.58 0.00
0.00 11688.87
191.70 -53.66 -53.97 -73.19 351.92 252.49 106.53 0.00
0.00 12140.25
177.70 -55.06 -55.34 -73.70 357.33 253.62 101.24 0.00
0.00 12625.92
163.80 -56.06 -56.33 -74.24 364.07 252.60 91.61 0.00
0.00 13144.70
149.80 -57.46 -57.71 -74.84 371.07 249.64 84.32 0.00
0.00 13710.62
135.90 -59.36 -9999.00 -9999.00 -9999.00 249.48 77.56 0.00
0.00 14322.74
121.90 -60.56 -9999.00 -9999.00 -9999.00 250.08 63.85 0.00
0.00 15001.18
107.90 -61.16 -9999.00 -9999.00 -9999.00 243.64 48.14 0.00
0.00 15759.27
94.00 -61.76 -9999.00 -9999.00 -9999.00 238.27 42.48 0.00
0.00 16613.82
81.00 -61.36 -9999.00 -9999.00 -9999.00 248.51 40.29 0.00
0.00 17535.70
70.60 -60.16 -9999.00 -9999.00 -9999.00 249.69 31.90 0.00
0.00 18390.03
62.20 -59.66 -9999.00 -9999.00 -9999.00 229.09 23.14 0.00
0.00 19180.71
54.30 -59.16 -9999.00 -9999.00 -9999.00 225.34 23.21 0.00
0.00 20030.53
46.90 -56.96 -9999.00 -9999.00 -9999.00 218.81 22.94 0.00
0.00 20952.94
40.10 -55.96 -9999.00 -9999.00 -9999.00 212.56 19.13 0.00
0.00 21946.48
33.80 -57.16 -9999.00 -9999.00 -9999.00 223.94 14.84 0.00
0.00 23030.07
27.80 -58.46 -9999.00 -9999.00 -9999.00 252.20 16.53 0.00
0.00 24261.89
22.30 -56.96 -9999.00 -9999.00 -9999.00 260.18 10.26 0.00
0.00 25652.10
17.10 -55.86 -9999.00 -9999.00 -9999.00 284.32 9.42 0.00
0.00 27336.55
12.30 -52.66 -9999.00 -9999.00 -9999.00 283.66 21.39 0.00
0.00 29447.60

STID = KGLD STNM = 724650 TIME = 221026/1800 
SLAT = 39.37 SLON = -101.70 SELV = 1125.0
STIM = 6

SHOW = 5.78 LIFT = 5.75 SWET = 223.27 KINX = 20.04
LCLP = 669.54 PWAT = 11.62 TOTL = 43.24 CAPE = 0.00
LCLT = 264.74 CINS = 0.00 EQLV = -9999.00 LFCT = -9999.00
BRCH = 0.00

PRES TMPC TMWC DWPC THTE DRCT SKNT OMEG
CFRL HGHT
885.90 13.64 5.46 -4.74 306.29 162.55 14.26 0.00
0.00 1135.44
883.30 12.94 5.09 -4.82 305.77 162.85 16.47 0.00
0.00 1160.13
878.50 12.34 4.76 -4.89 305.60 163.18 17.44 0.00
0.00 1205.79
870.20 11.44 4.24 -5.06 305.44 164.05 18.38 0.00
0.00 1285.14
858.10 10.24 3.54 -5.24 305.37 164.69 19.13 0.10
0.00 1401.75
842.60 8.74 2.63 -5.57 305.28 166.23 20.40 0.10
0.00 1552.84
824.30 7.54 1.62 -6.71 305.34 172.49 25.27 0.10
0.00 1733.95
804.60 6.44 0.48 -8.48 305.37 174.33 29.47 0.10
0.00 1932.63
783.30 4.54 -0.63 -8.52 305.81 173.97 31.45 0.10
0.00 2151.79
759.80 2.24 -1.84 -8.04 306.46 173.13 32.48 0.00
0.00 2398.76
734.00 -0.46 -3.34 -7.76 306.93 174.26 33.00 -0.10
0.00 2676.35
706.10 -3.36 -4.91 -7.32 307.69 173.29 33.26 -0.20
0.00 2984.59
675.90 -6.26 -7.07 -8.43 307.82 191.31 38.64 -0.30
6.00 3328.57
643.40 -8.16 -9.43 -11.87 308.19 210.56 37.45 -0.40
0.00 3712.81
608.60 -9.76 -10.13 -10.82 312.34 239.20 35.28 -0.40
12.00 4143.49
571.20 -12.46 -12.68 -13.14 313.82 248.49 35.49 -0.30
100.00 4630.72
531.60 -16.36 -16.76 -17.81 313.50 246.76 34.46 -0.10
91.00 5175.57
492.80 -20.36 -20.84 -22.42 313.82 246.68 35.33 0.00
100.00 5741.33
457.40 -24.36 -24.82 -26.77 314.37 245.04 37.28 0.00
100.00 6288.94
425.30 -28.16 -28.60 -31.01 315.21 244.87 41.63 -0.10
80.00 6815.05
395.80 -31.66 -32.09 -35.12 316.50 245.82 46.00 -0.10
52.00 7327.05
368.70 -35.46 -35.84 -39.43 317.37 245.21 50.51 -0.20
55.00 7824.59
343.90 -38.86 -39.20 -43.40 318.76 243.27 61.32 -0.20
64.00 8305.68
321.20 -42.36 -42.54 -45.26 320.08 242.41 72.98 -0.30
100.00 8770.56
300.50 -45.86 -45.96 -47.76 321.13 242.57 80.54 -0.30
100.00 9217.23
281.60 -49.06 -49.20 -52.92 322.27 242.66 83.31 -0.30
0.00 9646.40
264.30 -51.26 -51.48 -60.85 324.70 241.54 81.53 -0.20
0.00 10060.27
248.10 -51.36 -51.63 -63.53 330.43 241.81 85.51 -0.20
0.00 10471.01
233.20 -50.76 -51.10 -66.98 337.20 247.20 95.24 -0.10
0.00 10873.66
219.50 -51.06 -51.41 -67.42 342.62 251.04 100.45 -0.10
0.00 11267.52
205.60 -51.86 -52.22 -72.72 347.78 252.17 104.06 -0.10
0.00 11692.04
191.70 -53.16 -53.49 -73.19 352.72 252.97 105.44 0.00
0.00 12144.14
177.70 -54.56 -54.86 -73.70 358.15 253.51 101.28 0.00
0.00 12630.92
163.80 -55.76 -56.04 -74.24 364.57 253.07 93.40 0.00
0.00 13150.65
149.80 -57.16 -9999.00 -9999.00 -9999.00 250.83 85.76 0.00
0.00 13717.35
135.90 -59.16 -9999.00 -9999.00 -9999.00 249.49 79.84 0.00
0.00 14330.18
121.90 -60.46 -9999.00 -9999.00 -9999.00 249.90 67.85 0.10
0.00 15009.10
107.90 -60.96 -9999.00 -9999.00 -9999.00 243.43 52.12 0.10
0.00 15767.72
94.00 -61.56 -9999.00 -9999.00 -9999.00 236.31 45.53 0.10
0.00 16623.08
81.00 -61.16 -9999.00 -9999.00 -9999.00 244.17 40.58 0.00
0.00 17545.84
70.60 -59.96 -9999.00 -9999.00 -9999.00 243.28 31.53 0.00
0.00 18400.97
62.20 -59.56 -9999.00 -9999.00 -9999.00 223.42 24.86 0.00
0.00 19192.21
54.30 -59.26 -9999.00 -9999.00 -9999.00 228.50 26.98 0.00
0.00 20042.03
46.90 -56.76 -9999.00 -9999.00 -9999.00 226.52 25.97 0.00
0.00 20964.65
40.10 -55.86 -9999.00 -9999.00 -9999.00 221.53 18.16 0.00
0.00 21958.89
33.80 -57.26 -9999.00 -9999.00 -9999.00 226.93 12.24 0.00
0.00 23042.47
27.80 -59.16 -9999.00 -9999.00 -9999.00 255.41 14.65 0.00
0.00 24272.01
22.30 -57.06 -9999.00 -9999.00 -9999.00 249.03 12.49 0.00
0.00 25659.63
17.10 -55.46 -9999.00 -9999.00 -9999.00 263.52 8.61 0.00
0.00 27345.25
12.30 -52.46 -9999.00 -9999.00 -9999.00 290.96 19.56 0.00
0.00 29459.19

STID = KGLD STNM = 724650 TIME = 221026/1900 
SLAT = 39.37 SLON = -101.70 SELV = 1125.0
STIM = 7

SHOW = 5.12 LIFT = 5.15 SWET = 236.04 KINX = 19.95
LCLP = 656.02 PWAT = 11.38 TOTL = 44.04 CAPE = 0.00
LCLT = 264.10 CINS = 0.00 EQLV = -9999.00 LFCT = -9999.00
BRCH = 0.00

PRES TMPC TMWC DWPC THTE DRCT SKNT OMEG
CFRL HGHT
884.00 14.44 5.73 -5.16 307.08 163.89 18.20 0.00
0.00 1136.44
881.40 13.84 5.42 -5.20 306.70 164.34 21.58 0.00
0.00 1161.26
876.60 13.14 5.03 -5.32 306.39 164.58 23.37 0.00
0.00 1207.15
868.40 12.34 4.57 -5.44 306.36 165.19 24.32 0.00
0.00 1285.94
856.30 11.14 3.86 -5.67 306.26 166.07 25.02 -0.10
0.00 1403.17
840.90 9.64 2.98 -5.91 306.23 166.91 25.72 -0.10
0.00 1554.06
822.60 7.84 1.90 -6.24 306.17 167.29 26.48 -0.10
0.00 1735.93
802.90 6.24 0.69 -7.29 306.07 171.17 29.10 -0.10
0.00 1935.08
781.70 4.34 -0.48 -7.58 306.36 173.70 31.86 0.00
0.00 2153.54
758.30 2.04 -1.82 -7.61 306.70 174.86 34.71 0.10
0.00 2399.79
732.60 -0.66 -3.46 -7.78 306.87 175.14 36.65 0.10
0.00 2676.65
704.70 -3.36 -5.09 -7.81 307.54 177.18 39.47 0.00
0.00 2985.37
674.70 -5.26 -6.90 -9.70 308.31 200.52 38.79 -0.10
0.00 3328.31
642.30 -6.86 -7.82 -9.42 311.43 232.72 32.71 -0.10
0.00 3713.72
607.60 -9.36 -9.95 -11.02 312.84 249.69 31.90 0.10
21.00 4145.34
570.40 -12.66 -13.40 -15.05 312.63 252.87 32.32 0.20
61.00 4630.83
531.00 -16.46 -17.22 -19.30 312.82 252.49 34.23 0.30
41.00 5173.21
492.30 -20.46 -21.09 -23.25 313.50 249.27 36.77 0.20
56.00 5737.85
457.00 -24.56 -25.08 -27.37 314.03 248.51 39.24 0.10
51.00 6284.07
425.00 -28.56 -29.02 -31.65 314.62 248.59 42.56 0.00
47.00 6808.30
395.60 -32.46 -32.85 -35.76 315.40 247.09 44.91 0.00
65.00 7317.61
368.50 -36.36 -36.62 -39.15 316.26 244.34 49.34 -0.10
100.00 7813.64
343.80 -39.66 -39.93 -43.40 317.70 242.29 60.99 -0.10
51.00 8291.27
321.10 -43.16 -43.46 -48.89 318.73 242.74 71.23 -0.10
65.00 8754.67
300.40 -46.26 -46.53 -53.27 320.29 242.40 76.73 -0.10
45.00 9200.29
281.50 -48.66 -48.97 -60.36 322.64 240.52 78.55 -0.10
0.00 9629.60
264.30 -50.06 -50.38 -66.07 326.37 240.81 81.66 -0.10
0.00 10042.61
248.10 -50.26 -50.60 -66.53 332.03 246.01 88.87 -0.10
0.00 10455.49
233.20 -50.76 -51.10 -66.98 337.20 249.69 91.76 -0.10
0.00 10859.12
219.50 -51.16 -51.53 -72.27 342.42 251.24 96.02 -0.10
0.00 11252.90
205.60 -51.96 -52.29 -67.89 347.67 252.93 100.58 -0.10
0.00 11677.23
191.70 -53.26 -53.56 -68.39 352.61 253.84 101.92 0.00
0.00 12129.12
177.70 -54.76 -55.05 -73.70 357.82 253.69 99.57 0.00
0.00 12615.58
163.80 -56.06 -56.33 -74.24 364.07 252.28 93.20 -0.10
0.00 13134.71
149.80 -57.36 -57.61 -74.84 371.25 249.96 85.61 0.00
0.00 13700.76
135.90 -58.96 -9999.00 -9999.00 -9999.00 248.12 78.71 0.00
0.00 14313.59
121.90 -60.26 -9999.00 -9999.00 -9999.00 247.44 68.36 0.00
0.00 14993.14
107.90 -60.96 -9999.00 -9999.00 -9999.00 243.80 54.12 0.00
0.00 15752.12
94.00 -61.46 -9999.00 -9999.00 -9999.00 236.82 48.27 0.00
0.00 16607.69
81.00 -60.76 -9999.00 -9999.00 -9999.00 242.72 41.53 0.00
0.00 17531.53
70.60 -59.66 -9999.00 -9999.00 -9999.00 241.99 31.02 0.00
0.00 18388.07
62.20 -59.36 -9999.00 -9999.00 -9999.00 230.30 28.28 0.00
0.00 19180.24
54.30 -59.26 -9999.00 -9999.00 -9999.00 232.50 28.40 0.00
0.00 20030.46
46.90 -57.06 -9999.00 -9999.00 -9999.00 230.74 28.85 0.00
0.00 20952.43
40.10 -55.06 -9999.00 -9999.00 -9999.00 220.30 20.12 0.00
0.00 21947.81
33.80 -56.36 -9999.00 -9999.00 -9999.00 208.12 12.78 0.00
0.00 23035.65
27.80 -57.46 -9999.00 -9999.00 -9999.00 244.11 14.69 0.00
0.00 24272.62
22.30 -56.66 -9999.00 -9999.00 -9999.00 238.15 15.09 0.00
0.00 25667.02
17.10 -55.66 -9999.00 -9999.00 -9999.00 242.99 11.11 0.00
0.00 27353.42
12.30 -52.36 -9999.00 -9999.00 -9999.00 291.91 19.27 0.00
0.00 29466.88

STID = KGLD STNM = 724650 TIME = 221026/2000 
SLAT = 39.37 SLON = -101.70 SELV = 1125.0
STIM = 8

SHOW = 4.73 LIFT = 4.77 SWET = 248.33 KINX = 18.43
LCLP = 643.64 PWAT = 10.73 TOTL = 44.44 CAPE = 0.00
LCLT = 263.54 CINS = 0.00 EQLV = -9999.00 LFCT = -9999.00
BRCH = 0.00

PRES TMPC TMWC DWPC THTE DRCT SKNT OMEG
CFRL HGHT
883.30 15.34 6.07 -5.49 307.91 167.47 21.48 0.00
0.00 1134.57
880.60 14.64 5.71 -5.53 307.43 167.94 26.03 0.10
0.00 1160.44
875.80 14.04 5.37 -5.65 307.24 167.99 28.01 0.10
0.00 1206.51
867.60 13.14 4.87 -5.77 307.10 168.54 29.33 0.10
0.00 1285.61
855.50 11.94 4.18 -5.95 307.04 168.84 30.09 0.00
0.00 1403.26
840.10 10.34 3.25 -6.19 306.90 169.47 30.83 0.00
0.00 1554.69
821.90 8.54 2.18 -6.52 306.84 170.01 31.35 0.00
0.00 1736.17
802.20 6.64 1.03 -6.84 306.88 171.23 31.84 0.00
0.00 1935.88
781.00 4.44 -0.33 -7.23 306.78 172.75 32.30 0.00
0.00 2154.75
757.60 2.14 -1.86 -7.90 306.71 176.30 33.10 0.10
0.00 2401.32
732.00 -0.26 -3.51 -8.66 306.84 178.32 33.04 0.10
0.00 2677.57
704.20 -2.66 -5.16 -9.30 307.43 188.67 32.23 0.10
0.00 2985.99
674.10 -3.96 -5.99 -9.30 310.17 215.92 30.46 0.10
0.00 3331.61
641.80 -6.06 -7.53 -10.01 312.05 242.24 29.20 0.20
0.00 3717.66
607.20 -8.96 -10.24 -12.69 312.35 255.44 30.91 0.40
1.00 4149.25
570.10 -12.16 -13.44 -16.39 312.60 258.55 32.30 0.40
11.00 4634.48
530.70 -16.16 -17.27 -20.47 312.76 257.75 34.79 0.40
0.00 5177.93
492.10 -20.46 -21.36 -24.64 313.08 257.16 38.46 0.20
6.00 5741.66
456.90 -24.76 -25.40 -28.39 313.53 254.51 40.71 0.10
5.00 6286.26
424.80 -28.76 -29.23 -31.99 314.34 249.60 42.91 0.00
35.00 6811.87
395.50 -33.06 -33.42 -36.21 314.56 247.09 44.91 -0.10
81.00 7318.79
368.40 -37.06 -37.34 -40.33 315.20 243.74 48.31 -0.10
95.00 7813.58
343.70 -40.26 -40.84 -52.13 316.35 243.09 57.94 -0.10
0.00 8290.00
321.10 -43.36 -43.93 -64.63 317.99 245.38 66.67 -0.20
0.00 8750.59
300.40 -45.96 -46.40 -62.08 320.47 245.09 72.40 -0.20
0.00 9196.29
281.50 -48.06 -48.42 -62.57 323.46 244.47 76.63 -0.20
0.00 9626.44
264.30 -49.76 -50.07 -63.05 326.86 246.60 78.73 -0.20
0.00 10040.29
248.10 -50.76 -51.07 -66.53 331.28 249.10 80.05 -0.10
0.00 10452.97
233.20 -51.56 -51.86 -66.98 335.98 250.93 82.63 0.00
0.00 10855.43
219.50 -52.46 -52.77 -72.27 340.41 252.38 86.01 0.00
0.00 11247.34
205.60 -53.16 -53.47 -72.72 345.74 252.69 90.75 0.10
0.00 11669.28
191.70 -53.96 -54.26 -73.19 351.44 252.30 95.84 0.10
0.00 12119.23
177.70 -55.26 -55.54 -73.70 357.01 252.14 97.55 0.10
0.00 12604.35
163.80 -56.46 -56.72 -74.24 363.40 251.30 93.92 0.10
0.00 13122.41
149.80 -57.36 -57.61 -74.84 371.25 249.47 85.88 0.00
0.00 13687.93
135.90 -58.76 -9999.00 -9999.00 -9999.00 246.71 76.15 0.00
0.00 14301.05
121.90 -60.26 -9999.00 -9999.00 -9999.00 245.13 67.44 0.00
0.00 14980.92
107.90 -60.86 -9999.00 -9999.00 -9999.00 244.62 54.39 0.00
0.00 15740.08
94.00 -62.16 -9999.00 -9999.00 -9999.00 236.25 49.30 0.00
0.00 16594.43
81.00 -61.16 -9999.00 -9999.00 -9999.00 242.06 43.53 0.00
0.00 17515.88
70.60 -59.66 -9999.00 -9999.00 -9999.00 247.29 29.68 0.00
0.00 18371.62
62.20 -59.86 -9999.00 -9999.00 -9999.00 239.37 28.22 0.00
0.00 19162.86
54.30 -59.26 -9999.00 -9999.00 -9999.00 240.74 31.39 0.00
0.00 20012.08
46.90 -57.56 -9999.00 -9999.00 -9999.00 236.73 29.74 0.00
0.00 20932.99
40.10 -55.86 -9999.00 -9999.00 -9999.00 226.09 21.56 0.00
0.00 21925.39
33.80 -56.46 -9999.00 -9999.00 -9999.00 207.58 14.69 0.00
0.00 23010.98
27.80 -57.16 -9999.00 -9999.00 -9999.00 245.38 15.38 0.00
0.00 24248.52
22.30 -57.16 -9999.00 -9999.00 -9999.00 238.44 15.97 0.00
0.00 25642.27
17.10 -56.16 -9999.00 -9999.00 -9999.00 258.69 14.86 0.00
0.00 27324.79
12.30 -52.36 -9999.00 -9999.00 -9999.00 295.96 16.41 0.00
0.00 29435.83

STID = KGLD STNM = 724650 TIME = 221026/2100 
SLAT = 39.37 SLON = -101.70 SELV = 1125.0
STIM = 9

SHOW = 4.57 LIFT = 4.61 SWET = 249.47 KINX = 18.06
LCLP = 638.94 PWAT = 10.39 TOTL = 44.53 CAPE = 0.00
LCLT = 263.36 CINS = 0.00 EQLV = -9999.00 LFCT = -9999.00
BRCH = 0.00

PRES TMPC TMWC DWPC THTE DRCT SKNT OMEG
CFRL HGHT
882.20 15.64 6.17 -5.60 308.28 172.41 20.57 0.10
0.00 1134.59
879.60 15.04 5.87 -5.63 307.91 172.49 25.27 0.10
0.00 1159.56
874.80 14.34 5.49 -5.71 307.63 172.73 27.60 0.10
0.00 1205.75
866.50 13.54 5.04 -5.83 307.61 173.02 28.77 0.10
0.00 1286.00
854.50 12.34 4.35 -6.01 307.55 173.20 29.55 0.00
0.00 1402.98
839.10 10.84 3.47 -6.30 307.49 173.70 30.09 0.00
0.00 1554.83
820.90 9.04 2.41 -6.58 307.46 174.11 30.26 -0.10
0.00 1736.85
801.20 7.04 1.21 -6.90 307.41 174.87 30.42 -0.10
0.00 1937.13
780.10 4.94 -0.07 -7.24 307.44 175.99 30.57 -0.10
0.00 2155.58
756.70 2.64 -1.56 -7.82 307.44 177.06 30.34 -0.10
0.00 2402.88
731.20 0.44 -3.00 -8.30 307.96 177.78 30.13 -0.10
0.00 2678.98
703.40 -1.36 -4.18 -8.57 309.50 200.32 27.97 0.00
0.00 2988.91
673.40 -2.86 -5.31 -9.18 311.63 229.92 25.64 0.00
0.00 3335.31
641.20 -5.46 -7.42 -10.77 312.35 250.65 26.96 0.10
0.00 3721.74
606.60 -8.76 -10.16 -12.86 312.58 260.28 28.77 0.30
0.00 4154.38
569.60 -12.16 -13.63 -17.13 312.34 262.17 31.37 0.40
0.00 4638.91
530.30 -16.16 -17.57 -21.85 312.32 260.54 36.64 0.40
0.00 5181.39
491.80 -20.26 -21.34 -25.40 313.16 256.35 41.98 0.30
0.00 5744.22
456.60 -24.56 -25.39 -29.37 313.61 252.68 44.37 0.30
0.00 6289.57
424.60 -29.16 -29.87 -34.62 313.39 253.72 45.73 0.20
1.00 6813.59
395.30 -33.26 -34.06 -42.49 313.61 255.04 46.64 0.10
50.00 7320.08
368.40 -37.06 -37.88 -52.54 314.36 252.93 48.97 0.00
40.00 7811.08
343.70 -40.46 -41.17 -61.04 315.84 250.28 54.68 -0.10
0.00 8287.25
321.10 -43.66 -44.17 -59.33 317.65 251.27 59.89 -0.10
0.00 8747.34
300.40 -46.16 -46.56 -59.85 320.23 254.38 61.32 0.00
0.00 9192.55
281.50 -47.56 -47.94 -62.57 324.18 256.34 64.98 0.00
0.00 9622.99
264.30 -48.86 -49.23 -66.07 328.13 255.19 69.93 -0.10
0.00 10038.13
248.10 -50.46 -50.79 -66.53 331.73 253.23 74.05 -0.10
0.00 10451.92
233.20 -52.06 -52.34 -66.98 335.23 252.56 77.78 -0.10
0.00 10854.20
219.50 -52.96 -53.26 -72.27 339.64 252.64 82.01 -0.10
0.00 11245.23
205.60 -53.46 -53.76 -72.72 345.26 253.36 86.17 -0.10
0.00 11666.40
191.70 -54.26 -54.55 -73.19 350.96 252.99 88.97 0.00
0.00 12115.73
177.70 -55.76 -56.02 -73.70 356.19 252.52 92.46 0.00
0.00 12599.96
163.80 -57.06 -57.27 -69.50 362.44 252.24 93.63 0.10
0.00 13116.71
149.80 -57.56 -57.78 -70.13 370.95 250.97 88.15 0.00
0.00 13681.19
135.90 -58.56 -9999.00 -9999.00 -9999.00 247.08 77.82 0.00
0.00 14294.31
121.90 -60.06 -9999.00 -9999.00 -9999.00 244.37 69.15 0.00
0.00 14974.82
107.90 -60.96 -9999.00 -9999.00 -9999.00 243.43 57.34 0.00
0.00 15734.16
94.00 -62.26 -9999.00 -9999.00 -9999.00 236.25 51.40 0.00
0.00 16588.11
81.00 -61.46 -9999.00 -9999.00 -9999.00 240.29 45.84 0.10
0.00 17508.68
70.60 -58.36 -9999.00 -9999.00 -9999.00 249.08 28.28 0.00
0.00 18366.43
62.20 -59.16 -9999.00 -9999.00 -9999.00 238.39 23.72 0.00
0.00 19161.38
54.30 -58.66 -9999.00 -9999.00 -9999.00 238.23 30.61 0.00
0.00 20013.18
46.90 -56.66 -9999.00 -9999.00 -9999.00 232.13 28.79 0.00
0.00 20937.30
40.10 -55.46 -9999.00 -9999.00 -9999.00 214.16 19.72 0.00
0.00 21932.69
33.80 -56.76 -9999.00 -9999.00 -9999.00 210.53 17.60 0.00
0.00 23018.52
27.80 -56.86 -9999.00 -9999.00 -9999.00 255.64 16.43 0.00
0.00 24256.06
22.30 -57.16 -9999.00 -9999.00 -9999.00 251.16 17.44 0.00
0.00 25650.79
17.10 -55.06 -9999.00 -9999.00 -9999.00 265.35 16.76 0.00
0.00 27337.58
12.30 -51.46 -9999.00 -9999.00 -9999.00 285.19 14.08 0.00
0.00 29458.27

STID = KGLD STNM = 724650 TIME = 221026/2200 
SLAT = 39.37 SLON = -101.70 SELV = 1125.0
STIM = 10

SHOW = 3.76 LIFT = 3.79 SWET = 240.93 KINX = 18.10
LCLP = 642.37 PWAT = 10.41 TOTL = 46.09 CAPE = 0.00
LCLT = 263.87 CINS = 0.00 EQLV = -9999.00 LFCT = -9999.00
BRCH = 0.00

PRES TMPC TMWC DWPC THTE DRCT SKNT OMEG
CFRL HGHT
883.10 15.84 6.39 -5.13 308.71 174.98 17.75 0.10
0.00 1134.59
880.50 15.34 6.12 -5.21 308.40 174.94 22.03 0.10
0.00 1159.56
875.70 14.74 5.80 -5.29 308.24 175.43 24.36 0.10
0.00 1205.75
867.40 13.94 5.34 -5.41 308.22 175.63 25.52 0.20
0.00 1286.04
855.40 12.74 4.66 -5.59 308.16 176.19 26.28 0.20
0.00 1403.07
840.00 11.24 3.80 -5.83 308.13 176.68 26.85 0.20
0.00 1554.97
821.80 9.44 2.74 -6.12 308.10 177.14 27.23 0.30
0.00 1737.07
802.10 7.44 1.56 -6.43 308.05 178.39 27.60 0.30
0.00 1937.42
780.90 5.34 0.28 -6.78 308.09 179.60 27.78 0.30
0.00 2156.99
757.50 3.14 -1.12 -7.26 308.27 180.80 27.78 0.20
0.00 2404.46
731.90 0.94 -2.52 -7.66 308.86 184.46 27.47 0.10
0.00 2681.89
704.00 -0.16 -3.45 -8.43 310.89 218.29 23.50 0.00
0.00 2993.64
674.00 -2.06 -5.07 -9.90 312.00 242.54 22.32 -0.10
0.00 3341.00
641.70 -5.06 -7.35 -11.34 312.39 263.61 22.67 -0.10
0.00 3729.14
607.10 -8.46 -10.24 -13.77 312.35 275.27 25.37 0.00
0.00 4161.96
570.00 -12.26 -13.76 -17.39 312.03 269.62 29.14 0.00
0.00 4647.58
530.60 -16.46 -17.55 -20.72 312.32 262.41 35.28 0.10
0.00 5190.69
492.10 -20.66 -21.32 -23.63 313.16 254.72 41.28 0.20
13.00 5752.47
456.80 -25.16 -25.89 -29.51 312.78 252.81 45.34 0.20
7.00 6298.02
424.80 -28.96 -30.26 -42.24 312.70 258.79 43.96 0.10
0.00 6821.34
395.50 -32.76 -33.96 -51.94 313.66 262.81 43.47 0.10
0.00 7328.25
368.40 -36.26 -37.20 -54.95 315.35 264.09 45.30 0.10
0.00 7824.09
343.70 -39.56 -40.31 -58.79 317.11 266.94 47.26 0.00
0.00 8301.99
321.10 -42.86 -43.42 -59.33 318.76 268.52 52.66 0.00
0.00 8763.77
300.40 -45.96 -46.40 -62.08 320.47 267.70 58.12 0.00
0.00 9209.96
281.50 -48.46 -48.80 -62.57 322.89 264.40 61.67 0.00
0.00 9639.73
264.30 -50.26 -50.55 -63.05 326.12 261.51 65.79 0.00
0.00 10052.75
248.10 -51.66 -51.94 -66.53 329.94 256.99 70.77 0.00
0.00 10464.14
233.20 -52.96 -53.21 -66.98 333.86 253.62 77.14 0.00
0.00 10864.51
219.50 -52.86 -53.16 -72.27 339.80 255.27 81.74 0.10
0.00 11254.83
205.60 -52.56 -52.89 -72.72 346.68 255.67 83.20 0.00
0.00 11676.96
191.70 -53.26 -53.59 -73.19 352.56 252.98 84.30 -0.10
0.00 12128.24
177.70 -54.96 -9999.00 -9999.00 -9999.00 250.48 87.18 -0.10
0.00 12614.46
163.80 -57.06 -9999.00 -9999.00 -9999.00 250.66 89.14 -0.10
0.00 13132.16
149.80 -58.46 -9999.00 -9999.00 -9999.00 251.93 87.04 0.00
0.00 13695.46
135.90 -58.86 -59.09 -75.48 379.07 250.05 79.14 0.00
0.00 14306.87
121.90 -59.76 -59.99 -76.19 389.39 244.48 71.25 0.00
0.00 14987.38
107.90 -60.76 -9999.00 -9999.00 -9999.00 245.12 61.89 0.10
0.00 15747.61
94.00 -61.86 -9999.00 -9999.00 -9999.00 237.42 53.03 0.00
0.00 16602.77
81.00 -61.16 -9999.00 -9999.00 -9999.00 240.52 46.19 0.00
0.00 17524.87
70.60 -57.36 -9999.00 -9999.00 -9999.00 254.50 27.62 0.00
0.00 18385.23
62.20 -57.96 -9999.00 -9999.00 -9999.00 241.39 19.46 0.00
0.00 19184.26
54.30 -58.16 -9999.00 -9999.00 -9999.00 239.18 26.92 0.00
0.00 20039.45
46.90 -57.16 -9999.00 -9999.00 -9999.00 230.77 27.33 0.00
0.00 20963.57
40.10 -55.76 -9999.00 -9999.00 -9999.00 215.33 18.80 0.00
0.00 21957.11
33.80 -58.16 -9999.00 -9999.00 -9999.00 215.10 17.56 0.00
0.00 23038.70
27.80 -57.76 -9999.00 -9999.00 -9999.00 257.05 17.35 0.00
0.00 24269.66
22.30 -57.06 -9999.00 -9999.00 -9999.00 259.19 17.60 0.00
0.00 25661.80
17.10 -53.76 -9999.00 -9999.00 -9999.00 282.32 17.31 0.00
0.00 27354.03
12.30 -50.96 -9999.00 -9999.00 -9999.00 287.16 13.83 0.00
0.00 29483.40

STID = KGLD STNM = 724650 TIME = 221026/2300 
SLAT = 39.37 SLON = -101.70 SELV = 1125.0
STIM = 11

SHOW = 3.04 LIFT = 3.05 SWET = 234.62 KINX = 18.92
LCLP = 647.91 PWAT = 10.61 TOTL = 47.46 CAPE = 0.00
LCLT = 264.36 CINS = 0.00 EQLV = -9999.00 LFCT = -9999.00
BRCH = 0.00

PRES TMPC TMWC DWPC THTE DRCT SKNT OMEG
CFRL HGHT
882.80 15.64 6.40 -4.74 308.79 168.69 13.87 0.00
0.00 1135.55
880.20 15.44 6.27 -4.82 308.81 169.42 17.99 0.10
0.00 1160.52
875.40 15.04 6.04 -4.89 308.86 170.18 20.49 0.10
0.00 1206.76
867.20 14.24 5.59 -5.02 308.83 171.03 22.42 0.10
0.00 1286.19
855.10 13.04 4.91 -5.20 308.78 172.07 23.93 0.10
0.00 1404.36
839.70 11.54 4.05 -5.44 308.76 173.26 24.84 0.20
0.00 1556.49
821.50 9.84 3.05 -5.73 308.84 174.33 25.56 0.20
0.00 1738.88
801.80 7.84 1.87 -6.05 308.79 176.16 26.09 0.20
0.00 1939.61
780.70 5.74 0.61 -6.39 308.83 177.91 26.63 0.20
0.00 2158.54
757.30 3.54 -0.81 -6.96 308.94 181.24 27.00 0.10
0.00 2406.44
731.60 1.44 -2.20 -7.50 309.58 186.57 27.18 0.00
0.00 2685.51
703.80 0.04 -3.36 -8.48 311.11 214.99 21.35 -0.20
0.00 2996.65
673.80 -2.06 -5.10 -10.00 311.96 242.07 18.24 -0.20
0.00 3344.23
641.60 -5.16 -7.26 -10.85 312.59 260.43 17.54 -0.20
0.00 3731.20
606.90 -8.66 -9.92 -12.29 312.99 265.60 20.26 -0.20
0.00 4165.18
569.90 -12.36 -13.26 -15.23 312.98 265.14 27.49 -0.20
0.00 4649.43
530.50 -16.56 -17.60 -20.64 312.24 261.73 33.76 -0.20
0.00 5192.49
492.00 -21.06 -21.95 -25.40 312.13 254.54 37.90 -0.10
3.00 5753.80
456.80 -25.06 -26.35 -34.09 312.03 255.76 39.47 0.10
0.00 6297.47
424.70 -28.56 -30.23 -51.33 312.71 262.20 38.62 0.20
0.00 6822.95
395.40 -32.26 -33.59 -55.87 314.22 264.18 42.17 0.30
0.00 7330.89
368.40 -35.96 -36.91 -53.67 315.79 264.08 47.07 0.30
0.00 7825.80
343.70 -39.66 -40.36 -55.52 317.05 264.54 53.07 0.30
0.00 8303.90
321.10 -43.16 -43.67 -57.55 318.39 267.08 57.19 0.20
0.00 8765.29
300.40 -46.36 -46.72 -58.09 319.99 270.00 60.41 0.20
0.00 9210.80
281.50 -49.46 -49.73 -60.36 321.49 269.30 63.52 0.20
0.00 9639.25
264.30 -51.56 -51.80 -63.05 324.22 264.72 67.50 0.20
0.00 10050.14
248.10 -52.36 -52.61 -66.53 328.90 258.24 72.42 0.10
0.00 10459.68
233.20 -52.76 -53.02 -66.98 334.17 253.23 76.09 0.10
0.00 10859.60
219.50 -53.56 -53.83 -72.27 338.72 253.63 78.55 0.10
0.00 11249.47
205.60 -53.86 -54.14 -72.72 344.64 253.88 80.48 0.10
0.00 11669.69
191.70 -54.16 -54.45 -73.19 351.12 252.03 83.72 0.10
0.00 12118.71
177.70 -55.06 -9999.00 -9999.00 -9999.00 249.93 88.31 0.10
0.00 12603.83
163.80 -56.66 -9999.00 -9999.00 -9999.00 250.27 89.76 0.00
0.00 13121.88
149.80 -57.86 -9999.00 -9999.00 -9999.00 250.77 83.74 0.00
0.00 13686.49
135.90 -58.46 -9999.00 -9999.00 -9999.00 248.23 74.88 0.00
0.00 14299.32
121.90 -59.46 -59.70 -76.19 389.93 244.80 69.35 0.00
0.00 14980.95
107.90 -60.36 -9999.00 -9999.00 -9999.00 245.88 63.21 0.00
0.00 15742.43
94.00 -61.66 -9999.00 -9999.00 -9999.00 244.19 53.09 0.00
0.00 16598.80
81.00 -61.26 -9999.00 -9999.00 -9999.00 244.77 48.31 0.00
0.00 17521.12
70.60 -56.66 -9999.00 -9999.00 -9999.00 258.40 29.93 0.00
0.00 18382.68
62.20 -57.86 -9999.00 -9999.00 -9999.00 250.74 17.07 0.00
0.00 19183.20
54.30 -58.66 -9999.00 -9999.00 -9999.00 241.17 24.16 0.00
0.00 20037.59
46.90 -58.36 -9999.00 -9999.00 -9999.00 233.13 26.22 0.00
0.00 20958.06
40.10 -56.86 -9999.00 -9999.00 -9999.00 231.15 17.97 0.00
0.00 21946.34
33.80 -58.76 -9999.00 -9999.00 -9999.00 219.56 17.39 0.00
0.00 23023.67
27.80 -58.06 -9999.00 -9999.00 -9999.00 255.66 18.05 0.00
0.00 24252.06
22.30 -57.96 -9999.00 -9999.00 -9999.00 264.94 15.40 0.00
0.00 25640.33
17.10 -55.46 -9999.00 -9999.00 -9999.00 287.16 13.83 0.00
0.00 27322.45
12.30 -51.36 -9999.00 -9999.00 -9999.00 283.71 8.20 0.00
0.00 29441.70

STID = KGLD STNM = 724650 TIME = 221027/0000 
SLAT = 39.37 SLON = -101.70 SELV = 1125.0
STIM = 12

SHOW = 2.98 LIFT = 3.07 SWET = 230.46 KINX = 18.84
LCLP = 665.58 PWAT = 10.76 TOTL = 47.46 CAPE = 0.00
LCLT = 264.71 CINS = 0.00 EQLV = -9999.00 LFCT = -9999.00
BRCH = 0.00

PRES TMPC TMWC DWPC THTE DRCT SKNT OMEG
CFRL HGHT
882.10 13.74 5.49 -4.75 306.81 156.61 7.83 0.00
0.00 1135.49
879.50 14.34 5.75 -4.83 307.69 158.66 13.34 0.00
0.00 1160.35
874.70 14.44 5.73 -4.99 308.23 160.35 17.33 0.00
0.00 1206.49
866.50 14.14 5.49 -5.20 308.68 163.40 21.08 0.00
0.00 1285.88
854.40 13.14 4.87 -5.52 308.75 166.19 23.60 0.00
0.00 1404.15
839.00 11.74 4.02 -5.89 308.75 169.38 25.29 0.00
0.00 1556.48
820.80 10.04 3.00 -6.27 308.78 171.99 26.48 0.00
0.00 1739.14
801.20 8.14 1.85 -6.67 308.77 175.10 27.29 0.00
0.00 1939.17
780.10 6.04 0.55 -7.11 308.75 178.00 27.80 -0.10
0.00 2158.48
756.70 3.74 -0.93 -7.73 308.73 181.96 28.38 -0.10
0.00 2406.77
731.10 1.84 -2.16 -8.08 309.71 192.18 27.62 -0.20
0.00 2685.24
703.40 0.14 -3.28 -8.40 311.34 216.06 22.11 -0.30
0.00 2995.72
673.40 -2.06 -5.03 -9.77 312.17 238.54 19.35 -0.30
0.00 3343.58
641.20 -5.26 -7.18 -10.39 312.83 248.55 17.52 -0.30
0.00 3730.73
606.60 -8.86 -9.69 -11.18 313.50 253.35 19.66 -0.30
0.00 4163.50
569.60 -12.56 -13.07 -14.17 313.37 255.96 25.62 -0.30
12.00 4647.70
530.30 -16.66 -17.29 -19.02 312.82 257.59 29.84 -0.20
13.00 5189.37
491.80 -21.16 -21.94 -24.86 312.20 258.82 33.06 -0.10
7.00 5750.73
456.60 -25.06 -26.31 -33.67 312.14 258.45 35.88 0.00
0.00 6294.52
424.60 -28.36 -29.93 -46.41 313.22 258.85 41.18 -0.10
0.00 6818.77
395.30 -32.06 -33.44 -57.68 314.47 259.29 47.05 -0.10
0.00 7327.26
368.40 -36.06 -36.95 -51.54 315.73 260.22 51.46 0.00
0.00 7820.51
343.70 -39.66 -40.29 -52.13 317.17 262.58 55.63 0.10
0.00 8298.51
321.10 -43.16 -43.58 -52.71 318.54 266.11 60.16 0.20
0.00 8759.92
300.40 -46.56 -46.84 -54.25 319.83 268.29 65.09 0.30
0.00 9205.24
281.50 -49.86 -50.07 -57.14 321.00 267.53 67.66 0.40
0.00 9633.12
264.30 -52.46 -52.67 -63.05 322.90 264.69 69.25 0.40
0.00 10042.81
248.10 -53.86 -54.07 -66.53 326.67 259.78 72.24 0.40
0.00 10450.13
233.20 -53.86 -54.08 -66.98 332.50 254.57 77.39 0.40
0.00 10847.69
219.50 -53.56 -53.83 -72.27 338.72 252.26 80.96 0.40
0.00 11236.59
205.60 -53.36 -53.66 -72.72 345.42 250.01 83.51 0.30
0.00 11657.29
191.70 -53.66 -53.97 -73.19 351.92 248.41 87.12 0.30
0.00 12107.33
177.70 -54.56 -9999.00 -9999.00 -9999.00 248.93 90.75 0.20
0.00 12593.56
163.80 -55.56 -9999.00 -9999.00 -9999.00 250.44 91.12 0.10
0.00 13113.52
149.80 -56.56 -9999.00 -9999.00 -9999.00 251.44 84.83 0.00
0.00 13681.27
135.90 -57.36 -9999.00 -9999.00 -9999.00 250.11 74.79 -0.10
0.00 14297.52
121.90 -58.36 -9999.00 -9999.00 -9999.00 247.27 68.86 -0.10
0.00 14982.64
107.90 -59.76 -60.02 -76.98 403.20 248.76 62.72 -0.10
0.00 15747.16
94.00 -61.66 -9999.00 -9999.00 -9999.00 250.51 50.08 -0.10
0.00 16604.75
81.00 -62.86 -9999.00 -9999.00 -9999.00 246.30 46.89 0.00
0.00 17523.58
70.60 -57.56 -9999.00 -9999.00 -9999.00 254.35 36.71 0.00
0.00 18380.12
62.20 -57.66 -9999.00 -9999.00 -9999.00 232.05 12.32 0.00
0.00 19179.33
54.30 -59.36 -9999.00 -9999.00 -9999.00 228.09 20.36 0.00
0.00 20032.73
46.90 -58.36 -9999.00 -9999.00 -9999.00 232.37 23.54 0.00
0.00 20951.70
40.10 -56.96 -9999.00 -9999.00 -9999.00 235.41 13.69 0.00
0.00 21939.75
33.80 -58.06 -9999.00 -9999.00 -9999.00 216.87 16.51 0.00
0.00 23018.58
27.80 -57.26 -9999.00 -9999.00 -9999.00 253.65 15.19 0.00
0.00 24251.26
22.30 -57.96 -9999.00 -9999.00 -9999.00 282.01 9.34 0.00
0.00 25642.11
17.10 -56.96 -9999.00 -9999.00 -9999.00 281.53 9.71 0.00
0.00 27318.41
12.30 -51.66 -9999.00 -9999.00 -9999.00 244.09 7.56 0.00
0.00 29428.97

STID = KGLD STNM = 724650 TIME = 221027/0100 
SLAT = 39.37 SLON = -101.70 SELV = 1125.0
STIM = 13

SHOW = 3.02 LIFT = 3.10 SWET = 234.51 KINX = 18.56
LCLP = 676.64 PWAT = 11.01 TOTL = 47.35 CAPE = 0.00
LCLT = 264.71 CINS = 0.00 EQLV = -9999.00 LFCT = -9999.00
BRCH = 0.00

PRES TMPC TMWC DWPC THTE DRCT SKNT OMEG
CFRL HGHT
882.60 12.44 4.81 -4.96 305.21 146.31 7.01 0.00
0.00 1135.43
880.00 13.24 5.16 -5.04 306.31 147.59 14.49 0.00
0.00 1160.17
875.20 13.74 5.34 -5.20 307.27 149.96 18.63 -0.10
0.00 1206.15
867.00 13.94 5.34 -5.42 308.26 155.79 23.21 -0.10
0.00 1285.37
854.90 13.14 4.83 -5.69 308.58 161.16 25.85 -0.10
0.00 1403.52
839.50 11.84 4.04 -6.02 308.72 166.06 27.43 -0.10
0.00 1555.78
821.30 10.24 3.09 -6.30 308.92 170.93 28.32 -0.20
0.00 1738.43
801.60 8.34 1.97 -6.58 309.01 176.13 28.81 -0.30
0.00 1939.51
780.50 6.34 0.75 -6.97 309.13 180.39 28.55 -0.30
0.00 2158.90
757.10 3.94 -0.64 -7.10 309.33 185.19 30.03 -0.40
0.00 2407.31
731.50 2.04 -1.96 -7.80 310.07 195.04 26.96 -0.50
0.00 2685.84
703.70 0.34 -3.17 -8.43 311.50 219.81 21.23 -0.50
0.00 2997.52
673.70 -2.06 -4.88 -9.30 312.43 242.72 20.77 -0.50
0.00 3345.37
641.50 -5.16 -7.05 -10.20 313.03 246.43 19.93 -0.50
0.00 3732.43
606.90 -8.96 -9.42 -10.23 313.97 244.95 22.94 -0.40
0.00 4165.03
569.80 -12.76 -12.85 -13.07 313.74 255.18 31.14 -0.20
100.00 4650.11
530.40 -16.76 -17.43 -19.31 312.55 260.31 32.32 0.00
67.00 5192.72
491.90 -21.16 -22.25 -26.70 311.66 257.55 32.42 0.00
38.00 5753.83
456.70 -24.96 -26.37 -35.23 312.01 256.33 36.99 -0.10
0.00 6297.58
424.70 -28.76 -30.22 -45.19 312.76 258.07 42.29 -0.20
0.00 6821.38
395.40 -32.46 -33.61 -48.42 314.23 259.15 47.47 -0.20
0.00 7328.93
368.40 -36.26 -36.93 -45.41 315.80 259.93 51.11 -0.10
0.00 7823.35
343.70 -39.86 -40.26 -46.04 317.23 263.34 56.92 0.00
0.00 8300.97
321.10 -43.26 -43.55 -48.89 318.60 267.03 63.79 0.10
0.00 8762.10
300.40 -46.76 -46.98 -52.38 319.62 268.35 67.42 0.10
1.00 9207.14
281.50 -50.16 -50.33 -55.89 320.61 266.21 67.56 0.20
1.00 9634.55
264.30 -52.96 -53.13 -60.85 322.21 261.05 67.44 0.20
0.00 10043.50
248.10 -54.56 -54.72 -63.53 325.66 255.52 72.22 0.30
0.00 10449.71
233.20 -54.36 -54.57 -66.98 331.74 252.27 80.36 0.30
0.00 10846.19
219.50 -53.26 -53.54 -72.27 339.18 250.14 86.32 0.30
0.00 11234.91
205.60 -52.76 -53.08 -72.72 346.36 249.17 89.57 0.30
0.00 11656.47
191.70 -53.06 -53.40 -73.19 352.88 249.82 90.66 0.20
0.00 12107.75
177.70 -53.76 -9999.00 -9999.00 -9999.00 250.32 90.56 0.10
0.00 12595.53
163.80 -54.86 -9999.00 -9999.00 -9999.00 250.73 88.89 0.00
0.00 13117.28
149.80 -55.96 -9999.00 -9999.00 -9999.00 251.65 82.67 -0.10
0.00 13686.72
135.90 -56.86 -9999.00 -9999.00 -9999.00 251.42 71.93 -0.10
0.00 14304.54
121.90 -58.06 -58.35 -76.19 392.49 247.88 63.95 -0.10
0.00 14990.94
107.90 -59.66 -59.92 -76.98 403.39 246.75 60.04 -0.10
0.00 15756.18
94.00 -61.36 -9999.00 -9999.00 -9999.00 250.13 49.16 0.00
0.00 16614.57
81.00 -62.66 -9999.00 -9999.00 -9999.00 249.53 43.34 0.00
0.00 17534.49
70.60 -58.46 -9999.00 -9999.00 -9999.00 253.68 36.64 0.00
0.00 18389.62
62.20 -56.66 -9999.00 -9999.00 -9999.00 234.54 15.73 0.00
0.00 19189.02
54.30 -60.26 -9999.00 -9999.00 -9999.00 221.25 16.80 0.00
0.00 20042.62
46.90 -58.16 -9999.00 -9999.00 -9999.00 231.03 22.24 0.00
0.00 20960.09
40.10 -56.26 -9999.00 -9999.00 -9999.00 235.75 11.05 0.00
0.00 21950.20
33.80 -57.56 -9999.00 -9999.00 -9999.00 218.77 15.19 0.00
0.00 23032.03
27.80 -57.16 -9999.00 -9999.00 -9999.00 249.62 14.51 0.00
0.00 24266.43
22.30 -57.06 -9999.00 -9999.00 -9999.00 264.29 7.81 0.00
0.00 25660.51
17.10 -54.56 -9999.00 -9999.00 -9999.00 257.47 14.34 0.00
0.00 27349.63
12.30 -50.56 -9999.00 -9999.00 -9999.00 262.13 18.43 0.00
0.00 29477.07

STID = KGLD STNM = 724650 TIME = 221027/0200 
SLAT = 39.37 SLON = -101.70 SELV = 1125.0
STIM = 14

SHOW = 2.99 LIFT = 2.91 SWET = 243.01 KINX = 18.52
LCLP = 690.61 PWAT = 11.25 TOTL = 47.70 CAPE = 0.00
LCLT = 265.23 CINS = 0.00 EQLV = -9999.00 LFCT = -9999.00
BRCH = 0.00

PRES TMPC TMWC DWPC THTE DRCT SKNT OMEG
CFRL HGHT
882.70 11.34 4.34 -4.70 304.19 137.91 8.12 0.00
0.00 1134.45
880.00 12.14 4.71 -4.74 305.32 138.01 15.68 -0.10
0.00 1160.04
875.30 12.64 4.92 -4.81 306.34 140.55 19.87 -0.10
0.00 1204.88
867.00 13.14 5.10 -4.89 307.75 147.63 25.76 -0.10
0.00 1284.80
854.90 12.54 4.68 -5.16 308.29 154.29 29.10 -0.10
0.00 1402.68
839.60 11.44 3.99 -5.49 308.63 160.08 30.79 -0.10
0.00 1553.68
821.40 10.04 3.10 -5.90 308.95 167.28 30.87 -0.20
0.00 1736.13
801.70 8.54 2.25 -5.96 309.64 174.54 30.63 -0.20
0.00 1937.20
780.50 6.64 1.28 -5.73 310.32 181.13 29.53 -0.30
0.00 2157.85
757.10 4.44 0.23 -5.21 311.26 188.18 30.03 -0.30
0.00 2406.66
731.50 2.64 -1.31 -6.78 311.46 200.71 24.71 -0.20
0.00 2685.81
703.70 0.74 -2.90 -8.26 312.08 225.42 18.82 -0.10
0.00 2998.09
673.70 -1.86 -4.71 -9.12 312.78 242.65 19.02 0.00
0.00 3346.33
641.50 -5.06 -6.65 -9.18 313.84 245.47 21.99 0.10
0.00 3733.64
606.80 -8.66 -9.33 -10.49 314.17 249.11 27.23 0.30
1.00 4167.86
569.80 -12.26 -13.37 -15.89 312.78 254.05 31.12 0.40
64.00 4652.33
530.50 -16.86 -17.91 -21.06 311.72 255.07 33.18 0.50
17.00 5193.82
491.90 -21.36 -22.40 -26.70 311.42 255.29 35.96 0.40
0.00 5755.96
456.70 -25.16 -26.45 -34.31 311.89 257.94 40.91 0.20
0.00 6299.28
424.70 -28.76 -30.05 -41.41 313.05 259.94 45.57 0.10
0.00 6822.89
395.40 -32.56 -33.43 -42.09 314.54 260.43 49.05 0.00
0.00 7330.36
368.40 -36.36 -36.81 -41.64 316.00 261.33 52.86 0.00
0.00 7824.61
343.70 -40.06 -40.42 -45.55 317.00 262.71 58.16 0.00
3.00 8301.94
321.10 -43.46 -43.83 -51.81 318.17 263.54 63.93 -0.10
0.00 8762.66
300.40 -46.86 -47.13 -54.25 319.40 263.49 66.86 -0.10
0.00 9207.40
281.50 -50.16 -50.33 -55.89 320.61 260.57 66.36 -0.10
0.00 9634.71
264.30 -53.06 -53.20 -59.10 322.11 255.11 66.53 0.00
0.00 10043.58
248.10 -54.96 -55.11 -63.53 325.07 251.47 71.50 0.00
0.00 10449.33
233.20 -54.76 -54.95 -66.98 331.13 249.82 80.52 0.10
0.00 10845.08
219.50 -53.56 -53.83 -72.27 338.72 249.34 88.64 0.10
0.00 11233.18
205.60 -53.16 -53.47 -72.72 345.74 250.41 91.55 0.20
0.00 11654.07
191.70 -53.36 -53.68 -73.19 352.40 250.90 89.63 0.10
0.00 12104.63
177.70 -54.16 -54.48 -73.70 358.81 250.24 87.92 0.10
0.00 12591.63
163.80 -55.46 -9999.00 -9999.00 -9999.00 250.51 86.75 0.00
0.00 13112.19
149.80 -56.46 -9999.00 -9999.00 -9999.00 252.21 81.39 -0.10
0.00 13680.20
135.90 -56.96 -9999.00 -9999.00 -9999.00 252.94 71.52 -0.10
0.00 14297.17
121.90 -57.76 -9999.00 -9999.00 -9999.00 249.70 62.14 -0.10
0.00 14983.88
107.90 -59.66 -59.92 -76.98 403.39 246.08 56.53 -0.10
0.00 15749.65
94.00 -61.66 -61.89 -77.86 415.67 246.92 48.56 0.00
0.00 16607.44
81.00 -62.16 -9999.00 -9999.00 -9999.00 248.90 41.03 0.00
0.00 17527.80
70.60 -58.16 -9999.00 -9999.00 -9999.00 254.28 33.70 0.00
0.00 18384.54
62.20 -56.76 -9999.00 -9999.00 -9999.00 239.16 15.15 0.00
0.00 19184.31
54.30 -61.06 -9999.00 -9999.00 -9999.00 223.90 14.30 0.00
0.00 20036.12
46.90 -58.56 -9999.00 -9999.00 -9999.00 226.47 21.43 0.00
0.00 20951.01
40.10 -56.56 -9999.00 -9999.00 -9999.00 225.00 12.35 0.00
0.00 21939.52
33.80 -57.96 -9999.00 -9999.00 -9999.00 212.01 14.67 0.00
0.00 23019.60
27.80 -57.36 -9999.00 -9999.00 -9999.00 243.77 14.94 0.00
0.00 24252.28
22.30 -56.76 -9999.00 -9999.00 -9999.00 264.92 8.78 0.00
0.00 25646.68
17.10 -54.96 -9999.00 -9999.00 -9999.00 258.98 15.23 0.00
0.00 27335.41
12.30 -51.06 -9999.00 -9999.00 -9999.00 274.81 18.51 0.00
0.00 29458.51

STID = KGLD STNM = 724650 TIME = 221027/0300 
SLAT = 39.37 SLON = -101.70 SELV = 1125.0
STIM = 15

SHOW = 3.40 LIFT = 3.15 SWET = 260.93 KINX = 18.17
LCLP = 707.47 PWAT = 11.65 TOTL = 47.35 CAPE = 0.00
LCLT = 265.92 CINS = 0.00 EQLV = -9999.00 LFCT = -9999.00
BRCH = 0.00

PRES TMPC TMWC DWPC THTE DRCT SKNT OMEG
CFRL HGHT
882.90 10.14 3.85 -4.31 303.14 145.30 9.21 0.00
0.00 1135.35
880.30 10.94 4.23 -4.35 304.26 143.26 17.21 -0.10
0.00 1159.88
875.50 11.34 4.40 -4.38 305.20 145.01 21.35 -0.10
0.00 1205.47
867.30 11.84 4.59 -4.46 306.60 151.91 29.29 -0.10
0.00 1284.05
855.20 11.54 4.38 -4.52 307.61 157.96 34.17 -0.10
0.00 1401.42
839.80 10.54 3.81 -4.56 308.27 163.24 37.72 -0.10
0.00 1552.88
821.60 9.34 3.06 -4.85 308.90 169.43 38.13 -0.30
0.00 1734.79
801.90 8.44 2.28 -5.70 309.68 178.36 34.01 -0.50
0.00 1935.54
780.70 6.84 1.86 -4.24 311.65 187.89 32.56 -0.70
0.00 2156.21
757.30 4.84 0.92 -3.82 312.81 194.47 31.10 -0.80
0.00 2405.28
731.70 3.04 -0.87 -6.09 312.40 205.71 23.29 -0.80
0.00 2684.81
703.90 1.04 -2.66 -8.04 312.55 231.24 17.68 -0.80
0.00 2997.42
673.90 -1.66 -4.51 -8.86 313.16 243.70 18.84 -0.80
0.00 3345.88
641.60 -4.86 -6.34 -8.63 314.46 247.12 22.98 -0.70
0.00 3734.62
607.00 -8.36 -9.40 -11.26 313.98 253.02 26.61 -0.40
0.00 4167.89
569.90 -12.36 -13.66 -16.72 312.24 254.21 29.27 0.10
14.00 4653.69
530.50 -16.96 -17.91 -20.72 311.73 253.06 35.33 0.50
0.00 5196.28
492.00 -21.26 -22.13 -25.51 311.85 255.64 42.31 0.70
3.00 5756.93
456.80 -24.86 -26.17 -33.88 312.32 257.96 44.70 0.50
0.00 6300.59
424.80 -28.66 -29.81 -38.95 313.40 259.48 46.81 0.30
0.00 6824.52
395.40 -32.66 -33.40 -40.29 314.58 258.82 50.10 0.10
0.00 7333.69
368.40 -36.56 -37.06 -42.75 315.62 258.25 54.37 0.00
0.00 7827.62
343.70 -40.06 -40.56 -48.95 316.77 259.20 60.12 0.00
0.00 8304.74
321.10 -43.46 -43.91 -54.81 318.05 259.63 64.76 0.10
0.00 8765.45
300.40 -46.86 -47.15 -55.36 319.37 258.26 65.87 0.10
0.00 9210.18
281.50 -50.06 -50.26 -57.14 320.71 254.64 65.27 0.10
0.00 9637.59
264.30 -52.76 -52.93 -60.85 322.51 249.03 66.78 0.10
0.00 10046.82
248.10 -54.36 -54.55 -66.53 325.92 244.75 71.95 0.10
0.00 10453.40
233.20 -54.56 -54.76 -66.98 331.44 245.15 81.35 0.10
0.00 10849.87
219.50 -54.06 -54.32 -72.27 337.95 246.85 90.42 0.10
0.00 11237.71
205.60 -53.76 -54.05 -72.72 344.79 247.66 91.98 0.10
0.00 11657.54
191.70 -53.86 -54.16 -73.19 351.60 247.43 88.56 0.10
0.00 12106.98
177.70 -54.66 -54.96 -73.70 357.99 247.60 86.15 0.10
0.00 12592.87
163.80 -55.76 -9999.00 -9999.00 -9999.00 249.26 83.92 0.00
0.00 13112.48
149.80 -56.66 -9999.00 -9999.00 -9999.00 251.61 78.21 0.00
0.00 13679.83
135.90 -57.46 -9999.00 -9999.00 -9999.00 252.78 69.56 -0.10
0.00 14295.80
121.90 -58.56 -9999.00 -9999.00 -9999.00 251.05 61.62 -0.10
0.00 14980.44
107.90 -59.86 -9999.00 -9999.00 -9999.00 247.38 55.56 0.00
0.00 15744.42
94.00 -61.06 -9999.00 -9999.00 -9999.00 243.64 47.69 0.10
0.00 16603.01
81.00 -60.16 -9999.00 -9999.00 -9999.00 248.25 39.32 0.00
0.00 17529.03
70.60 -57.86 -9999.00 -9999.00 -9999.00 253.53 32.21 0.00
0.00 18390.40
62.20 -57.46 -9999.00 -9999.00 -9999.00 257.55 15.33 0.00
0.00 19189.43
54.30 -60.66 -9999.00 -9999.00 -9999.00 243.76 15.38 0.00
0.00 20040.64
46.90 -56.46 -9999.00 -9999.00 -9999.00 221.04 21.89 0.00
0.00 20960.90
40.10 -55.66 -9999.00 -9999.00 -9999.00 211.08 16.55 0.00
0.00 21956.28
33.80 -56.06 -9999.00 -9999.00 -9999.00 213.69 14.01 0.00
0.00 23043.37
27.80 -55.76 -9999.00 -9999.00 -9999.00 262.36 16.06 0.00
0.00 24286.06
22.30 -57.66 -9999.00 -9999.00 -9999.00 276.98 9.60 0.00
0.00 25682.72
17.10 -56.56 -9999.00 -9999.00 -9999.00 251.57 14.74 0.00
0.00 27361.74
12.30 -51.56 -9999.00 -9999.00 -9999.00 287.26 20.96 0.00
0.00 29474.71

STID = KGLD STNM = 724650 TIME = 221027/0400 
SLAT = 39.37 SLON = -101.70 SELV = 1125.0
STIM = 16

SHOW = 4.38 LIFT = 3.65 SWET = 254.57 KINX = 19.87
LCLP = 713.25 PWAT = 13.11 TOTL = 45.94 CAPE = 0.00
LCLT = 266.30 CINS = 0.00 EQLV = -9999.00 LFCT = -9999.00
BRCH = 0.00

PRES TMPC TMWC DWPC THTE DRCT SKNT OMEG
CFRL HGHT
882.30 9.84 3.78 -4.03 303.08 146.00 10.08 0.00
0.00 1135.34
879.70 10.24 3.96 -4.07 303.77 144.85 16.86 -0.10
0.00 1159.85
874.90 10.34 3.98 -4.10 304.38 147.23 20.10 -0.10
0.00 1205.34
866.70 10.64 4.14 -3.98 305.71 156.53 27.31 0.00
0.00 1283.67
854.60 10.24 3.96 -3.77 306.80 163.92 32.94 0.00
0.00 1400.62
839.20 9.34 3.65 -3.17 308.07 169.03 38.77 -0.10
0.00 1551.54
821.00 8.34 3.16 -2.99 309.29 176.34 42.62 -0.20
0.00 1732.93
801.40 8.04 2.74 -3.60 310.88 186.95 40.11 -0.40
0.00 1932.36
780.20 7.24 2.31 -3.49 312.78 197.96 37.16 -0.50
0.00 2153.21
756.80 5.64 1.31 -3.86 313.75 206.28 34.65 -0.60
0.00 2403.00
731.30 3.14 -0.45 -5.00 313.43 209.70 30.19 -0.50
0.00 2682.08
703.50 0.24 -2.49 -6.21 313.03 214.22 23.48 -0.30
0.00 2994.54
673.50 -2.56 -4.62 -7.64 313.05 227.33 16.90 -0.30
0.00 3342.20
641.30 -5.96 -7.09 -8.89 313.02 241.70 14.34 -0.30
0.00 3728.52
606.70 -9.26 -9.36 -9.55 314.13 246.41 15.05 -0.30
100.00 4160.42
569.60 -12.36 -12.37 -12.43 314.66 252.41 16.71 0.00
100.00 4645.80
530.30 -17.36 -17.41 -17.58 312.62 255.66 26.67 0.40
100.00 5187.04
491.80 -20.46 -21.11 -23.35 313.56 243.68 40.31 0.60
37.00 5748.46
456.60 -24.06 -24.85 -28.40 314.48 236.03 44.50 0.70
3.00 6294.19
424.60 -28.46 -29.26 -34.41 314.32 238.72 48.64 0.70
0.00 6819.50
395.30 -32.56 -33.38 -41.34 314.63 249.32 51.71 0.70
0.00 7327.45
368.40 -36.06 -36.79 -46.48 316.00 254.97 56.92 0.80
0.00 7820.22
343.70 -39.66 -40.29 -52.13 317.17 255.71 63.75 0.80
0.00 8298.24
321.10 -43.26 -43.72 -54.81 318.33 253.59 66.01 0.70
0.00 8759.54
300.40 -46.66 -46.96 -55.36 319.65 251.73 63.83 0.50
0.00 9204.66
281.50 -49.86 -50.09 -58.60 320.96 249.71 62.74 0.30
0.00 9632.45
264.30 -52.46 -52.64 -60.85 322.95 246.58 65.00 0.10
0.00 10042.14
248.10 -54.16 -54.33 -63.53 326.26 245.38 71.79 -0.10
0.00 10449.18
233.20 -54.66 -54.86 -66.98 331.28 246.78 83.27 -0.30
0.00 10845.75
219.50 -54.16 -54.41 -72.27 337.79 248.47 91.04 -0.30
0.00 11233.41
205.60 -53.86 -54.14 -72.72 344.64 247.99 89.67 -0.40
0.00 11653.05
191.70 -54.26 -54.55 -73.19 350.96 245.77 85.20 -0.30
0.00 12101.97
177.70 -55.36 -55.63 -73.70 356.84 244.52 82.63 -0.20
0.00 12586.64
163.80 -56.66 -9999.00 -9999.00 -9999.00 245.22 80.65 -0.10
0.00 13104.34
149.80 -57.86 -9999.00 -9999.00 -9999.00 247.34 76.63 0.00
0.00 13668.95
135.90 -59.06 -9999.00 -9999.00 -9999.00 249.05 70.09 0.10
0.00 14280.93
121.90 -59.96 -9999.00 -9999.00 -9999.00 248.85 63.52 0.10
0.00 14960.80
107.90 -59.46 -9999.00 -9999.00 -9999.00 249.42 57.48 0.10
0.00 15722.99
94.00 -58.86 -9999.00 -9999.00 -9999.00 246.29 45.40 0.00
0.00 16586.83
81.00 -60.26 -9999.00 -9999.00 -9999.00 245.97 35.30 -0.10
0.00 17517.43
70.60 -60.16 -9999.00 -9999.00 -9999.00 252.13 31.02 0.00
0.00 18373.97
62.20 -58.96 -9999.00 -9999.00 -9999.00 253.83 20.22 0.00
0.00 19165.95
54.30 -59.06 -9999.00 -9999.00 -9999.00 230.19 15.17 0.00
0.00 20017.36
46.90 -55.86 -9999.00 -9999.00 -9999.00 207.65 23.02 0.00
0.00 20942.34
40.10 -55.86 -9999.00 -9999.00 -9999.00 221.99 15.68 0.00
0.00 21938.64
33.80 -56.96 -9999.00 -9999.00 -9999.00 208.54 12.61 0.00
0.00 23022.97
27.80 -56.96 -9999.00 -9999.00 -9999.00 248.70 12.30 0.00
0.00 24259.66
22.30 -57.36 -9999.00 -9999.00 -9999.00 266.91 7.21 0.00
0.00 25653.41
17.10 -55.36 -9999.00 -9999.00 -9999.00 266.03 14.02 0.00
0.00 27338.26
12.30 -51.06 -9999.00 -9999.00 -9999.00 293.54 21.41 0.00
0.00 29459.43

STID = KGLD STNM = 724650 TIME = 221027/0500 
SLAT = 39.37 SLON = -101.70 SELV = 1125.0
STIM = 17

SHOW = 4.62 LIFT = 3.24 SWET = 217.13 KINX = 22.32
LCLP = 721.36 PWAT = 14.42 TOTL = 45.58 CAPE = 0.00
LCLT = 267.47 CINS = 0.00 EQLV = -9999.00 LFCT = -9999.00
BRCH = 0.00

PRES TMPC TMWC DWPC THTE DRCT SKNT OMEG
CFRL HGHT
883.20 10.24 4.31 -2.98 304.17 156.50 14.61 0.00
0.00 1134.41
880.50 10.34 4.35 -2.98 304.57 156.59 20.53 0.00
0.00 1159.86
875.80 10.14 4.25 -2.94 304.91 157.85 23.70 0.00
0.00 1204.36
867.50 10.14 4.33 -2.61 306.10 163.30 30.42 0.10
0.00 1283.49
855.40 9.64 4.23 -2.05 307.40 168.38 34.71 0.30
0.00 1400.13
840.00 9.54 4.35 -1.44 309.63 177.89 36.93 0.50
0.00 1550.85
821.80 11.14 4.99 -1.60 313.50 196.50 32.83 0.80
0.00 1733.07
802.10 9.74 4.22 -1.74 314.30 201.35 27.74 1.20
0.00 1935.00
780.90 7.34 2.89 -2.04 314.08 200.51 27.18 1.60
0.00 2156.43
757.50 4.94 1.48 -2.48 314.08 202.05 25.35 1.90
0.00 2405.78
731.90 2.44 -0.14 -3.23 314.06 206.10 21.19 2.00
0.00 2685.08
704.10 -0.06 -2.04 -4.58 313.94 212.97 17.13 2.00
0.00 2996.80
674.00 -2.86 -4.21 -6.10 313.82 216.03 15.85 1.90
0.00 3345.05
641.70 -5.76 -6.61 -7.91 313.92 218.45 16.86 1.70
0.00 3732.31
607.10 -8.56 -9.26 -10.49 314.24 223.75 18.82 1.20
53.00 4164.67
570.00 -12.16 -12.70 -13.83 313.98 228.86 22.44 0.30
58.00 4650.48
530.60 -15.76 -16.19 -17.25 314.69 221.79 29.45 -0.90
74.00 5194.60
492.00 -19.76 -20.13 -21.26 315.16 215.69 33.95 -1.80
100.00 5759.80
456.80 -23.86 -24.16 -25.36 315.55 217.12 35.08 -2.10
100.00 6306.35
424.80 -28.46 -28.66 -29.71 315.23 226.24 31.74 -1.70
100.00 6831.72
395.40 -33.66 -33.83 -35.13 313.97 242.91 37.96 -1.00
100.00 7340.15
368.40 -37.26 -37.71 -43.15 314.65 250.44 49.88 -0.30
4.00 7832.35
343.70 -40.56 -41.02 -48.95 316.10 250.80 59.65 0.10
0.00 8308.25
321.10 -44.16 -44.54 -53.70 317.12 248.33 65.21 0.20
0.00 8767.77
300.40 -47.66 -47.94 -56.62 318.20 247.09 65.37 0.30
0.00 9211.04
281.50 -50.56 -50.76 -58.60 319.95 246.96 63.54 0.20
0.00 9637.20
264.30 -53.06 -53.22 -60.85 322.07 245.80 65.38 0.20
0.00 10045.70
248.10 -55.06 -55.18 -61.34 324.96 245.92 74.26 0.10
0.00 10451.35
233.20 -55.56 -55.71 -63.99 329.96 248.03 85.66 0.10
0.00 10846.29
219.50 -54.76 -54.97 -67.42 336.91 250.09 90.70 0.00
0.00 11232.62
205.60 -53.96 -54.24 -72.72 344.48 249.20 89.14 0.00
0.00 11651.59
191.70 -54.06 -54.36 -73.19 351.28 246.48 85.16 -0.10
0.00 12100.62
177.70 -54.96 -9999.00 -9999.00 -9999.00 244.29 81.49 -0.10
0.00 12585.96
163.80 -56.26 -9999.00 -9999.00 -9999.00 244.01 78.46 -0.10
0.00 13104.61
149.80 -57.46 -9999.00 -9999.00 -9999.00 245.00 73.08 -0.10
0.00 13670.26
135.90 -58.56 -9999.00 -9999.00 -9999.00 246.49 65.25 -0.10
0.00 14283.52
121.90 -59.96 -9999.00 -9999.00 -9999.00 247.39 59.13 0.00
0.00 14964.19
107.90 -60.16 -9999.00 -9999.00 -9999.00 249.68 54.27 0.00
0.00 15725.13
94.00 -58.86 -9999.00 -9999.00 -9999.00 248.86 46.85 0.00
0.00 16587.56
81.00 -59.06 -9999.00 -9999.00 -9999.00 245.83 37.47 0.00
0.00 17520.77
70.60 -60.96 -9999.00 -9999.00 -9999.00 254.71 25.78 0.00
0.00 18378.11
62.20 -57.46 -9999.00 -9999.00 -9999.00 242.92 19.19 0.00
0.00 19171.39
54.30 -56.76 -9999.00 -9999.00 -9999.00 187.29 16.84 0.00
0.00 20030.36
46.90 -58.16 -9999.00 -9999.00 -9999.00 212.66 17.99 0.00
0.00 20955.33
40.10 -56.26 -9999.00 -9999.00 -9999.00 230.10 15.44 0.00
0.00 21945.44
33.80 -58.36 -9999.00 -9999.00 -9999.00 195.64 15.13 0.00
0.00 23025.28
27.80 -57.56 -9999.00 -9999.00 -9999.00 222.75 14.02 0.00
0.00 24256.24
22.30 -56.86 -9999.00 -9999.00 -9999.00 248.96 5.42 0.00
0.00 25649.67
17.10 -54.46 -9999.00 -9999.00 -9999.00 272.60 12.84 0.00
0.00 27339.96
12.30 -50.56 -9999.00 -9999.00 -9999.00 295.62 21.11 0.00
0.00 29467.88

STID = KGLD STNM = 724650 TIME = 221027/0600 
SLAT = 39.37 SLON = -101.70 SELV = 1125.0
STIM = 18

SHOW = 4.41 LIFT = 2.98 SWET = 234.44 KINX = 22.54
LCLP = 739.14 PWAT = 14.27 TOTL = 46.37 CAPE = 0.00
LCLT = 269.51 CINS = 0.00 EQLV = -9999.00 LFCT = -9999.00
BRCH = 0.00

PRES TMPC TMWC DWPC THTE DRCT SKNT OMEG
CFRL HGHT
882.30 10.34 4.93 -1.24 305.75 148.61 13.42 0.00
0.00 1134.42
879.60 10.14 4.82 -1.25 305.83 150.71 18.26 0.10
0.00 1159.91
874.90 9.84 4.68 -1.22 306.06 151.81 21.39 0.20
0.00 1204.42
866.60 9.34 4.48 -1.01 306.64 156.30 26.09 0.40
0.00 1283.50
854.50 8.44 4.16 -0.62 307.41 163.34 29.80 0.60
0.00 1399.88
839.20 8.14 4.00 -0.55 308.97 174.23 34.75 0.70
0.00 1549.12
820.90 9.34 4.15 -1.55 311.65 184.20 34.48 0.60
0.00 1731.51
801.30 9.24 4.09 -1.43 314.12 193.61 25.58 0.30
0.00 1931.81
780.10 7.54 3.03 -1.92 314.52 198.27 21.68 0.10
0.00 2153.36
756.70 5.34 1.63 -2.59 314.54 200.92 21.21 0.10
0.00 2403.24
731.10 2.84 -0.03 -3.47 314.42 204.02 21.48 0.10
0.00 2683.24
703.40 0.14 -1.93 -4.56 314.29 208.57 22.34 0.10
0.00 2994.50
673.40 -2.66 -3.96 -5.72 314.47 211.91 24.26 0.10
0.00 3342.18
641.10 -5.56 -6.20 -7.16 314.84 207.78 28.77 0.10
0.00 3730.13
606.60 -8.46 -8.93 -9.72 314.98 203.20 34.03 0.00
11.00 4161.91
569.50 -12.26 -12.89 -14.22 313.72 220.50 36.79 -0.10
91.00 4648.14
530.30 -15.96 -16.40 -17.51 314.37 233.59 34.03 0.10
94.00 5189.56
491.70 -20.26 -20.90 -23.07 313.92 237.71 28.73 0.50
93.00 5754.28
456.60 -24.96 -25.92 -30.90 312.77 241.47 32.94 0.60
88.00 6297.72
424.60 -28.66 -29.88 -39.94 313.34 245.15 43.45 0.60
74.00 6821.80
395.30 -32.56 -33.47 -42.91 314.49 247.07 49.36 0.50
57.00 7329.51
368.30 -36.46 -37.20 -47.68 315.41 247.55 54.43 0.40
0.00 7823.76
343.70 -40.36 -40.91 -51.23 316.25 245.67 57.98 0.30
0.00 8298.79
321.10 -44.26 -44.63 -53.70 316.98 244.18 59.77 0.20
0.00 8758.40
300.40 -47.66 -47.94 -56.62 318.20 244.01 60.30 0.10
0.00 9201.57
281.50 -50.56 -50.76 -58.60 319.95 244.24 61.69 0.10
0.00 9627.74
264.30 -53.36 -53.49 -59.10 321.67 244.19 66.03 0.00
0.00 10035.96
248.10 -55.96 -56.03 -59.60 323.66 244.97 74.40 0.00
0.00 10440.50
233.20 -57.26 -57.34 -61.81 327.43 247.28 82.98 -0.10
0.00 10833.09
219.50 -56.76 -56.91 -67.42 333.83 249.34 86.99 -0.10
0.00 11216.14
205.60 -55.46 -55.69 -72.72 342.12 249.41 86.73 -0.20
0.00 11631.76
191.70 -55.06 -55.32 -73.19 349.67 247.51 84.30 -0.10
0.00 12078.22
177.70 -55.46 -9999.00 -9999.00 -9999.00 244.65 82.11 -0.10
0.00 12561.90
163.80 -56.56 -9999.00 -9999.00 -9999.00 243.31 80.44 -0.10
0.00 13079.59
149.80 -57.56 -9999.00 -9999.00 -9999.00 243.43 76.44 0.00
0.00 13644.73
135.90 -58.36 -9999.00 -9999.00 -9999.00 245.01 69.44 0.00
0.00 14258.12
121.90 -59.16 -9999.00 -9999.00 -9999.00 249.36 62.28 0.00
0.00 14940.39
108.00 -59.16 -9999.00 -9999.00 -9999.00 254.27 55.91 0.00
0.00 15698.74
94.00 -57.86 -9999.00 -9999.00 -9999.00 252.97 45.10 0.00
0.00 16571.02
81.00 -59.06 -9999.00 -9999.00 -9999.00 244.47 33.80 0.00
0.00 17506.41
70.60 -60.96 -9999.00 -9999.00 -9999.00 252.52 25.87 0.00
0.00 18363.75
62.20 -57.46 -9999.00 -9999.00 -9999.00 231.42 20.86 0.00
0.00 19157.04
54.30 -57.26 -9999.00 -9999.00 -9999.00 201.91 19.27 0.00
0.00 20015.01
46.90 -58.06 -9999.00 -9999.00 -9999.00 229.64 20.40 0.00
0.00 20939.13
40.10 -56.16 -9999.00 -9999.00 -9999.00 226.91 16.49 0.00
0.00 21929.70
33.80 -58.26 -9999.00 -9999.00 -9999.00 190.91 16.41 0.00
0.00 23010.03
27.80 -56.96 -9999.00 -9999.00 -9999.00 217.01 15.81 0.00
0.00 24243.00
22.30 -57.86 -9999.00 -9999.00 -9999.00 240.02 5.83 0.00
0.00 25635.14
17.10 -54.96 -9999.00 -9999.00 -9999.00 262.41 14.70 0.00
0.00 27319.60
12.30 -50.36 -9999.00 -9999.00 -9999.00 293.69 20.78 0.00
0.00 29446.07

STID = KGLD STNM = 724650 TIME = 221027/0700 
SLAT = 39.37 SLON = -101.70 SELV = 1125.0
STIM = 19

SHOW = 4.07 LIFT = 3.31 SWET = 237.63 KINX = 21.96
LCLP = 769.32 PWAT = 13.39 TOTL = 47.25 CAPE = 0.00
LCLT = 271.18 CINS = 0.00 EQLV = -9999.00 LFCT = -9999.00
BRCH = 0.00

PRES TMPC TMWC DWPC THTE DRCT SKNT OMEG
CFRL HGHT
882.10 8.84 4.62 -0.09 305.12 141.07 12.98 0.00
0.00 1135.31
879.50 8.84 4.61 -0.10 305.41 142.18 18.69 0.00
0.00 1159.74
874.70 8.74 4.57 -0.05 305.89 143.94 22.11 0.10
0.00 1205.03
866.50 8.34 4.45 0.20 306.63 148.45 25.99 0.30
0.00 1282.90
854.40 7.54 4.15 0.49 307.45 156.24 28.44 0.50
0.00 1398.93
839.00 7.04 3.71 0.09 308.37 171.05 32.44 0.80
0.00 1548.65
820.80 7.44 3.13 -1.82 309.30 184.54 36.83 0.90
0.00 1729.13
801.10 8.04 2.93 -3.03 311.39 195.28 36.85 0.80
0.00 1929.35
780.00 7.24 2.70 -2.41 313.75 200.18 34.36 0.50
0.00 2149.26
756.60 5.64 1.82 -2.49 314.99 200.78 28.46 0.30
0.00 2399.17
731.00 3.44 0.31 -3.38 315.20 202.25 18.47 0.40
0.00 2679.66
703.20 0.94 -1.56 -4.70 315.12 208.91 14.86 0.60
0.00 2992.90
673.20 -1.56 -3.61 -6.41 315.22 207.55 20.16 0.40
0.00 3341.88
641.00 -4.06 -6.01 -9.02 315.21 204.51 26.69 0.00
0.00 3730.50
606.50 -7.86 -9.25 -11.75 314.34 213.79 30.38 -0.40
0.00 4163.93
569.50 -12.26 -13.06 -14.78 313.41 223.49 31.33 -0.40
41.00 4649.38
530.20 -16.86 -17.64 -19.85 312.24 225.53 29.66 -0.30
44.00 5191.21
491.70 -20.56 -22.28 -30.29 311.62 231.98 32.79 -0.20
43.00 5753.04
456.60 -24.66 -26.29 -37.34 312.13 239.14 38.25 -0.20
38.00 6296.34
424.60 -28.66 -29.92 -40.65 313.27 241.33 44.95 -0.10
23.00 6820.68
395.30 -32.56 -33.56 -44.77 314.34 241.85 50.23 -0.10
0.00 7328.38
368.30 -36.56 -37.31 -48.34 315.24 241.44 54.86 -0.10
0.00 7822.52
343.70 -40.66 -41.14 -49.65 315.92 240.61 58.18 -0.10
0.00 8297.14
321.10 -44.56 -44.87 -51.81 316.64 240.02 59.87 -0.10
0.00 8756.16
300.40 -48.06 -48.29 -55.36 317.67 240.28 61.52 0.00
0.00 9198.66
281.50 -50.96 -51.15 -58.60 319.38 240.79 64.08 0.00
0.00 9624.06
264.30 -53.76 -53.90 -60.85 321.04 241.77 68.57 0.00
0.00 10031.54
248.10 -56.26 -56.33 -59.60 323.21 243.50 76.61 0.00
0.00 10435.44
233.20 -57.56 -57.63 -61.81 326.97 245.22 83.43 -0.10
0.00 10827.48
219.50 -56.46 -56.62 -67.42 334.29 247.05 86.69 -0.10
0.00 11210.53
205.60 -54.96 -55.21 -72.72 342.91 248.39 84.40 -0.10
0.00 11626.92
191.70 -54.66 -54.94 -73.19 350.32 247.11 81.39 -0.10
0.00 12074.30
177.70 -55.06 -9999.00 -9999.00 -9999.00 245.09 81.18 -0.10
0.00 12558.86
163.80 -56.06 -9999.00 -9999.00 -9999.00 245.42 80.32 -0.10
0.00 13077.64
149.80 -57.36 -9999.00 -9999.00 -9999.00 246.97 75.99 -0.10
0.00 13643.68
135.90 -58.56 -9999.00 -9999.00 -9999.00 248.44 68.73 -0.10
0.00 14257.08
121.90 -59.46 -9999.00 -9999.00 -9999.00 252.67 60.64 0.00
0.00 14938.55
107.90 -59.06 -9999.00 -9999.00 -9999.00 257.40 54.33 0.00
0.00 15702.35
94.00 -57.46 -9999.00 -9999.00 -9999.00 253.78 44.50 0.00
0.00 16569.82
81.00 -58.66 -9999.00 -9999.00 -9999.00 247.87 31.45 0.00
0.00 17506.95
70.60 -60.06 -9999.00 -9999.00 -9999.00 249.70 20.71 0.00
0.00 18366.91
62.20 -56.86 -9999.00 -9999.00 -9999.00 231.34 18.65 0.00
0.00 19162.97
54.30 -57.26 -9999.00 -9999.00 -9999.00 211.05 21.10 0.00
0.00 20022.14
46.90 -58.46 -9999.00 -9999.00 -9999.00 231.34 22.40 0.00
0.00 20945.40
40.10 -56.26 -9999.00 -9999.00 -9999.00 227.60 18.14 0.00
0.00 21934.82
33.80 -56.36 -9999.00 -9999.00 -9999.00 204.17 16.61 0.00
0.00 23019.66
27.80 -55.96 -9999.00 -9999.00 -9999.00 231.12 15.46 0.00
0.00 24260.92
22.30 -57.16 -9999.00 -9999.00 -9999.00 257.47 5.38 0.00
0.00 25658.54
17.10 -56.56 -9999.00 -9999.00 -9999.00 278.93 13.77 0.00
0.00 27339.50
12.30 -51.96 -9999.00 -9999.00 -9999.00 291.67 16.30 0.00
0.00 29450.55

STID = KGLD STNM = 724650 TIME = 221027/0800 
SLAT = 39.37 SLON = -101.70 SELV = 1125.0
STIM = 20

SHOW = 4.18 LIFT = 3.40 SWET = 241.65 KINX = 18.93
LCLP = 788.88 PWAT = 12.43 TOTL = 47.27 CAPE = 0.00
LCLT = 272.14 CINS = 0.00 EQLV = -9999.00 LFCT = -9999.00
BRCH = 0.00

PRES TMPC TMWC DWPC THTE DRCT SKNT OMEG
CFRL HGHT
881.30 7.74 4.31 0.52 304.56 144.16 12.94 0.00
0.00 1135.28
878.70 7.84 4.35 0.51 304.96 145.49 18.86 0.00
0.00 1159.65
873.90 7.74 4.30 0.53 305.42 146.73 22.30 0.00
0.00 1204.82
865.60 7.44 4.23 0.76 306.27 150.99 26.44 0.10
0.00 1283.46
853.60 6.64 3.93 1.03 307.07 158.20 29.29 0.30
0.00 1398.28
838.20 6.04 3.49 0.75 308.00 173.33 33.45 0.50
0.00 1547.67
820.00 6.84 2.90 -1.63 308.90 189.78 40.02 0.60
0.00 1727.81
800.30 8.14 2.72 -3.80 310.97 201.06 38.93 0.50
0.00 1928.05
779.20 8.04 2.69 -3.54 313.77 207.57 24.77 0.50
0.00 2148.50
755.90 6.44 1.60 -4.16 314.53 222.21 11.29 0.50
0.00 2398.23
730.40 4.14 -0.01 -5.23 314.51 240.40 9.83 0.50
0.00 2678.54
702.60 1.84 -1.79 -6.66 314.66 227.29 13.75 0.30
0.00 2992.85
672.70 -0.76 -3.90 -8.53 314.62 214.77 20.10 0.00
0.00 3341.92
640.60 -4.16 -6.51 -10.35 314.24 214.36 23.06 -0.20
0.00 3730.00
606.10 -8.06 -9.66 -12.66 313.61 215.64 25.33 -0.20
0.00 4163.41
569.10 -12.46 -13.45 -15.67 312.77 217.50 28.40 -0.20
0.00 4648.76
529.90 -16.66 -18.13 -22.90 311.43 221.05 29.88 -0.20
0.00 5189.48
491.50 -20.86 -22.57 -30.81 311.18 229.21 31.82 -0.30
0.00 5749.94
456.40 -25.06 -26.56 -36.51 311.77 235.89 37.06 -0.30
0.00 6292.71
424.50 -29.06 -30.28 -41.03 312.74 237.45 43.32 -0.30
0.00 6814.75
395.20 -32.96 -33.89 -44.27 313.88 237.63 48.99 -0.20
0.00 7321.74
368.30 -36.96 -37.63 -47.06 314.78 237.23 53.83 -0.10
0.00 7813.28
343.60 -40.96 -41.41 -49.65 315.54 236.68 57.65 0.00
0.00 8289.20
321.00 -44.86 -45.18 -52.71 316.22 236.72 60.18 0.00
0.00 8747.76
300.40 -48.46 -48.65 -54.25 317.15 237.20 62.39 0.10
0.00 9187.50
281.50 -51.36 -51.54 -58.60 318.80 238.43 65.66 0.10
0.00 9612.15
264.30 -53.96 -54.10 -60.85 320.75 239.79 71.04 0.10
0.00 10019.07
248.10 -56.56 -56.62 -59.60 322.77 241.52 77.80 0.10
0.00 10422.51
233.20 -57.96 -58.00 -60.08 326.41 243.08 83.66 0.10
0.00 10813.92
219.50 -56.36 -56.52 -67.42 334.44 246.00 85.49 0.00
0.00 11196.70
205.60 -54.76 -55.01 -72.72 343.22 247.54 81.35 0.00
0.00 11613.38
191.70 -54.46 -54.74 -73.19 350.64 245.71 78.85 0.00
0.00 12061.17
177.70 -54.86 -55.15 -73.70 357.66 244.00 79.31 -0.10
0.00 12546.18
163.80 -55.86 -9999.00 -9999.00 -9999.00 244.85 77.25 -0.10
0.00 13065.43
149.80 -57.06 -9999.00 -9999.00 -9999.00 247.48 71.50 -0.10
0.00 13632.13
135.90 -58.26 -9999.00 -9999.00 -9999.00 250.35 63.54 -0.10
0.00 14246.38
121.90 -59.06 -9999.00 -9999.00 -9999.00 254.83 54.95 0.00
0.00 14928.96
107.90 -58.26 -9999.00 -9999.00 -9999.00 258.00 47.67 0.00
0.00 15694.91
94.00 -57.06 -9999.00 -9999.00 -9999.00 251.48 40.37 0.00
0.00 16564.80
81.00 -58.46 -9999.00 -9999.00 -9999.00 245.30 32.07 0.00
0.00 17503.24
70.60 -60.06 -9999.00 -9999.00 -9999.00 241.24 18.16 0.00
0.00 18363.60
62.20 -58.36 -9999.00 -9999.00 -9999.00 237.03 17.13 0.00
0.00 19156.88
54.30 -58.26 -9999.00 -9999.00 -9999.00 219.74 20.96 0.00
0.00 20011.08
46.90 -58.66 -9999.00 -9999.00 -9999.00 230.77 24.57 0.00
0.00 20931.76
40.10 -55.66 -9999.00 -9999.00 -9999.00 221.48 17.89 0.00
0.00 21922.10
33.80 -55.96 -9999.00 -9999.00 -9999.00 204.93 15.21 0.00
0.00 23009.44
27.80 -57.36 -9999.00 -9999.00 -9999.00 228.12 15.13 0.00
0.00 24247.84
22.30 -57.36 -9999.00 -9999.00 -9999.00 232.13 6.64 0.00
0.00 25640.30
17.10 -56.26 -9999.00 -9999.00 -9999.00 301.11 13.15 0.00
0.00 27321.65
12.30 -52.46 -9999.00 -9999.00 -9999.00 287.22 14.43 0.00
0.00 29431.73

STID = KGLD STNM = 724650 TIME = 221027/0900 
SLAT = 39.37 SLON = -101.70 SELV = 1125.0
STIM = 21

SHOW = 4.00 LIFT = 3.13 SWET = 226.63 KINX = 18.04
LCLP = 803.10 PWAT = 11.93 TOTL = 47.71 CAPE = 0.00
LCLT = 272.69 CINS = 0.00 EQLV = -9999.00 LFCT = -9999.00
BRCH = 0.00

PRES TMPC TMWC DWPC THTE DRCT SKNT OMEG
CFRL HGHT
882.00 6.94 4.05 0.84 303.90 157.07 10.98 0.00
0.00 1134.32
879.30 7.14 4.13 0.82 304.41 154.65 16.34 -0.10
0.00 1159.53
874.50 7.04 4.10 0.87 304.90 154.95 19.74 -0.10
0.00 1204.56
866.30 7.04 4.20 1.15 306.13 158.87 24.79 -0.10
0.00 1282.05
854.20 6.34 3.90 1.30 306.94 165.87 27.84 -0.20
0.00 1397.61
838.80 6.14 3.40 0.41 307.70 182.28 34.21 -0.20
0.00 1546.83
820.60 7.54 2.83 -2.78 308.62 196.87 38.17 -0.20
0.00 1727.08
800.90 8.94 3.17 -3.65 311.91 210.82 25.78 -0.10
0.00 1927.68
779.80 8.74 2.79 -4.26 313.89 241.86 9.48 0.10
0.00 2148.54
756.50 6.84 1.33 -5.61 313.75 280.44 7.50 0.20
0.00 2398.53
730.90 4.44 -0.43 -7.00 313.44 275.71 7.81 0.20
0.00 2680.01
703.10 1.74 -2.26 -7.96 313.52 244.65 8.16 0.20
0.00 2994.14
673.20 -1.06 -4.12 -8.69 314.08 218.16 13.83 0.10
0.00 3342.66
641.00 -4.36 -6.57 -10.16 314.07 215.41 19.77 0.00
0.00 3731.33
606.40 -8.16 -9.82 -12.97 313.26 215.90 25.17 -0.20
0.00 4165.50
569.40 -12.36 -13.73 -16.99 312.20 217.78 29.49 -0.50
0.00 4650.57
530.20 -16.76 -18.32 -23.49 311.07 219.76 30.07 -0.60
0.00 5190.95
491.70 -21.16 -22.74 -30.29 310.88 225.52 30.23 -0.60
0.00 5752.15
456.60 -25.36 -26.74 -35.73 311.46 231.19 34.40 -0.50
0.00 6294.05
424.60 -29.46 -30.60 -40.65 312.24 232.91 40.91 -0.40
0.00 6816.81
395.30 -33.36 -34.24 -44.27 313.33 232.29 47.63 -0.30
0.00 7322.83
368.30 -37.26 -37.92 -47.68 314.35 231.34 53.48 -0.20
0.00 7815.42
343.70 -41.16 -41.65 -51.23 315.17 230.62 57.56 -0.10
0.00 8288.83
321.10 -44.96 -45.29 -53.70 316.01 230.27 59.87 0.00
0.00 8746.95
300.40 -48.56 -48.77 -55.36 316.97 231.42 62.61 0.00
0.00 9188.56
281.50 -51.36 -51.54 -58.60 318.80 234.93 66.94 0.00
0.00 9613.11
264.30 -54.16 -54.27 -59.10 320.50 237.85 72.28 0.00
0.00 10019.85
248.10 -56.66 -56.69 -58.16 322.66 238.99 78.42 0.00
0.00 10423.01
233.20 -57.46 -57.54 -61.81 327.12 241.17 83.37 0.00
0.00 10814.78
219.50 -55.46 -55.65 -67.42 335.83 244.66 81.24 -0.10
0.00 11198.81
205.60 -54.36 -54.63 -72.72 343.85 246.29 76.81 -0.10
0.00 11616.73
191.70 -54.26 -54.55 -73.19 350.96 245.41 75.62 -0.10
0.00 12065.14
177.70 -54.86 -55.15 -73.70 357.66 245.15 75.35 -0.10
0.00 12550.37
163.80 -55.96 -9999.00 -9999.00 -9999.00 245.91 72.34 -0.10
0.00 13069.50
149.80 -57.36 -9999.00 -9999.00 -9999.00 247.00 67.11 -0.10
0.00 13635.67
135.90 -58.26 -9999.00 -9999.00 -9999.00 250.00 60.78 0.00
0.00 14249.50
121.90 -58.76 -9999.00 -9999.00 -9999.00 255.86 50.87 0.00
0.00 14932.56
107.90 -57.86 -9999.00 -9999.00 -9999.00 255.78 44.29 0.00
0.00 15699.75
94.00 -56.86 -9999.00 -9999.00 -9999.00 246.49 37.49 0.00
0.00 16570.86
81.00 -58.66 -9999.00 -9999.00 -9999.00 241.01 32.87 0.00
0.00 17509.29
70.60 -60.06 -9999.00 -9999.00 -9999.00 247.23 17.06 0.00
0.00 18369.25
62.20 -59.16 -9999.00 -9999.00 -9999.00 251.77 17.39 0.00
0.00 19161.05
54.30 -58.56 -9999.00 -9999.00 -9999.00 229.45 23.00 0.00
0.00 20013.06
46.90 -58.56 -9999.00 -9999.00 -9999.00 230.36 26.50 0.00
0.00 20933.32
40.10 -55.86 -9999.00 -9999.00 -9999.00 226.82 17.31 0.00
0.00 21923.43
33.80 -56.86 -9999.00 -9999.00 -9999.00 213.44 12.33 0.00
0.00 23008.01
27.80 -58.56 -9999.00 -9999.00 -9999.00 229.55 15.58 0.00
0.00 24240.41
22.30 -57.16 -9999.00 -9999.00 -9999.00 209.60 9.83 0.00
0.00 25629.64
17.10 -54.86 -9999.00 -9999.00 -9999.00 315.00 7.96 0.00
0.00 27317.21
12.30 -51.96 -9999.00 -9999.00 -9999.00 303.49 15.13 0.00
0.00 29436.46
STN YYMMDD/HHMM PMSL PRES SKTC STC1 SNFL WTNS
P01M C01M STC2 LCLD MCLD HCLD
SNRA UWND VWND R01M BFGR T2MS
Q2MS WXTS WXTP WXTZ WXTR USTM
VSTM HLCY SLLH WSYM CDBP VSBK
TD2M
724650 221026/1200 1015.40 888.40 1.14 274.30 -9999.00 6.00
-9999.00 -9999.00 275.20 0.00 100.00 0.00
-9999.00 0.00 -0.90 -9999.00 -9999.00 4.04
3.13 0.00 0.00 0.00 0.00 10.00
-2.00 70.80 -9999.00 999.00 -9999.00 20.00
-4.35
724650 221026/1300 1015.70 888.50 0.64 273.80 0.00 6.00
0.00 0.00 274.50 3.00 100.00 0.00
-9999.00 -0.90 0.10 -9999.00 -9999.00 3.24
3.13 0.00 0.00 0.00 0.00 8.60
-0.60 90.30 0.00 999.00 -9999.00 20.00
-4.35
724650 221026/1400 1017.20 889.40 2.84 276.00 0.00 6.00
0.00 0.00 275.90 12.00 100.00 0.00
-9999.00 -1.50 1.90 -9999.00 -9999.00 3.74
3.15 0.00 0.00 0.00 0.00 8.20
0.50 127.00 0.00 999.00 -9999.00 20.00
-4.25
724650 221026/1500 1016.30 889.50 8.04 281.20 0.00 6.00
0.00 0.00 280.20 11.00 100.00 0.00
-9999.00 -2.30 3.30 -9999.00 -9999.00 7.34
3.17 0.00 0.00 0.00 0.00 6.40
2.10 184.00 0.00 999.00 -9999.00 20.00
-4.17
724650 221026/1600 1014.10 888.50 12.24 285.40 0.00 6.00
0.00 0.00 284.10 81.00 100.00 0.00
-9999.00 -1.90 4.00 -9999.00 -9999.00 10.04
3.11 0.00 0.00 0.00 0.00 6.30
3.50 127.00 0.00 999.00 -9999.00 20.00
-4.44
724650 221026/1700 1012.40 887.30 15.84 289.00 0.00 6.00
0.00 0.00 287.40 31.00 100.00 0.00
-9999.00 -1.60 5.10 -9999.00 -9999.00 12.14
3.04 0.00 0.00 0.00 0.00 7.20
4.00 171.60 0.00 999.00 -9999.00 20.00
-4.76
724650 221026/1800 1011.50 887.00 18.84 292.00 0.00 6.00
0.00 0.00 290.40 12.00 100.00 0.00
-9999.00 -2.20 7.20 -9999.00 -9999.00 14.44
3.06 0.00 0.00 0.00 0.00 7.80
4.30 330.00 0.00 999.00 -9999.00 20.00
-4.67
724650 221026/1900 1009.30 885.20 18.34 291.50 0.00 6.00
0.00 0.00 290.50 21.00 100.00 0.00
-9999.00 -2.80 9.10 -9999.00 -9999.00 15.04
2.97 0.00 0.00 0.00 0.00 7.10
3.90 432.80 0.00 999.00 -9999.00 20.00
-5.09
724650 221026/2000 1008.10 884.30 19.44 292.60 0.00 6.00
0.00 0.00 291.50 1.00 95.00 0.00
-9999.00 -2.50 11.00 -9999.00 -9999.00 16.04
2.90 0.00 0.00 0.00 0.00 7.00
2.90 349.00 0.00 999.00 -9999.00 20.00
-5.42
724650 221026/2100 1006.80 883.20 18.74 291.90 0.00 6.00
0.00 0.00 291.20 0.00 50.00 0.00
-9999.00 -1.70 10.90 -9999.00 -9999.00 16.14
2.88 0.00 0.00 0.00 0.00 7.70
1.90 281.10 0.00 999.00 -9999.00 20.00
-5.53
724650 221026/2200 1007.80 884.10 17.44 290.60 0.00 5.00
0.00 0.00 290.30 0.00 13.00 0.00
-9999.00 -0.80 9.50 -9999.00 -9999.00 16.04
2.97 0.00 0.00 0.00 0.00 7.50
0.20 247.70 0.00 999.00 -9999.00 20.00
-5.11
724650 221026/2300 1007.50 883.90 15.34 288.50 0.00 5.00
0.00 0.00 288.60 0.00 3.00 0.00
-9999.00 -1.30 7.30 -9999.00 -9999.00 15.34
3.06 0.00 0.00 0.00 0.00 6.00
-0.10 204.00 0.00 999.00 -9999.00 20.00
-4.72
724650 221027/0000 1007.20 883.20 11.54 284.70 0.00 5.00
0.00 0.00 285.60 0.00 13.00 0.00
-9999.00 -1.70 3.90 -9999.00 -9999.00 12.34
3.06 0.00 0.00 0.00 0.00 6.20
0.00 231.30 0.00 999.00 -9999.00 20.00
-4.73
724650 221027/0100 1008.00 883.70 10.94 284.10 0.00 5.00
0.00 0.00 284.40 0.00 100.00 0.00
-9999.00 -2.30 2.90 -9999.00 -9999.00 11.44
3.02 0.00 0.00 0.00 0.00 6.80
0.40 270.10 0.00 999.00 -9999.00 20.00
-4.90
724650 221027/0200 1008.30 883.70 9.44 282.60 0.00 5.00
0.00 0.00 283.30 1.00 64.00 0.00
-9999.00 -3.10 3.10 -9999.00 -9999.00 10.04
3.07 0.00 0.00 0.00 0.00 7.20
0.60 320.90 0.00 999.00 -9999.00 20.00
-4.68
724650 221027/0300 1008.90 884.00 8.14 281.30 0.00 5.00
0.00 0.00 282.00 0.00 14.00 0.00
-9999.00 -3.00 3.60 -9999.00 -9999.00 8.84
3.16 0.00 0.00 0.00 0.00 7.50
1.30 372.70 0.00 999.00 -9999.00 20.00
-4.29
724650 221027/0400 1008.30 883.40 8.74 281.90 0.00 5.00
0.00 0.00 282.00 100.00 100.00 0.00
-9999.00 -3.00 3.70 -9999.00 -9999.00 9.04
3.23 0.00 0.00 0.00 0.00 7.90
2.80 424.90 0.00 999.00 569.60 2.87
-4.01
724650 221027/0500 1009.10 884.20 9.24 282.40 0.00 5.00
0.00 0.00 282.60 53.00 100.00 0.00
-9999.00 -3.00 6.70 -9999.00 -9999.00 9.44
3.48 0.00 0.00 0.00 0.00 4.00
3.90 257.50 0.00 999.00 -9999.00 0.14
-3.01
724650 221027/0600 1008.00 883.30 9.74 282.90 0.00 5.00
0.00 0.00 283.00 11.00 94.00 0.00
-9999.00 -3.60 7.30 -9999.00 -9999.00 9.74
3.97 0.00 0.00 0.00 0.00 6.30
4.30 204.10 0.00 999.00 -9999.00 0.02
-1.25
724650 221027/0700 1008.30 883.20 7.74 280.90 0.00 5.00
0.00 0.00 281.50 0.00 44.00 0.00
-9999.00 -4.20 6.20 -9999.00 -9999.00 8.04
4.33 0.00 0.00 0.00 0.00 6.90
4.40 296.00 0.00 999.00 -9999.00 20.00
-0.07
724650 221027/0800 1007.90 882.40 6.64 279.80 0.00 5.00
0.00 0.00 280.50 0.00 0.00 0.00
-9999.00 -4.10 6.00 -9999.00 -9999.00 6.94
4.53 0.00 0.00 0.00 0.00 6.80
3.10 320.50 0.00 999.00 -9999.00 20.00
0.54
724650 221027/0900 1009.00 883.00 5.64 278.80 0.00 5.00
0.00 0.00 279.50 0.00 0.00 0.00
-9999.00 -2.80 4.80 -9999.00 -9999.00 6.04
4.63 0.00 0.00 0.00 0.00 6.60
1.60 268.20 0.00 999.00 -9999.00 20.00
0.85


