
SNPARM = PRES;TMPC;TMWC;DWPC;THTE;DRCT;SKNT;OMEG;CFRL;HGHT 
STNPRM = SHOW;LIFT;SWET;KINX;LCLP;PWAT;TOTL;CAPE;LCLT;CINS;EQLV;LFCT;BRCH 

STID = KMHX STNM = 723050 TIME = 221026/1200 
SLAT = 34.78 SLON = -76.87 SELV = 8.0
STIM = 0

SHOW = 13.20 LIFT = 3.35 SWET = 174.22 KINX = -9.72
LCLP = 993.69 PWAT = 24.50 TOTL = 25.87 CAPE = 0.00
LCLT = 288.45 CINS = 0.00 EQLV = -9999.00 LFCT = -9999.00
BRCH = 0.00

PRES TMPC TMWC DWPC THTE DRCT SKNT OMEG
CFRL HGHT
1010.00 16.64 15.99 15.55 320.25 270.00 1.55 0.00
0.00 17.29
1007.00 16.24 16.15 16.03 321.13 270.00 2.53 0.00
0.00 42.68
1001.40 16.14 16.09 16.00 321.66 266.82 3.50 0.00
0.00 90.24
991.80 16.34 16.29 16.20 323.54 258.69 2.97 -0.10
100.00 172.41
977.60 16.54 16.45 16.34 325.93 228.58 4.41 -0.20
100.00 295.53
959.40 16.94 16.86 16.75 329.80 204.44 7.03 -0.40
100.00 456.18
937.60 16.34 16.27 16.17 330.82 180.00 9.32 -0.50
100.00 652.62
913.80 14.94 14.85 14.74 329.36 172.75 10.76 -0.50
100.00 871.54
887.90 13.64 13.60 13.52 328.95 175.79 13.25 -0.40
100.00 1115.11
859.10 14.94 6.60 -2.49 312.41 191.17 16.05 -0.20
4.00 1393.78
827.30 14.54 2.87 -20.24 306.87 198.19 14.32 -0.20
0.00 1712.08
792.60 12.94 1.54 -23.04 308.37 202.54 11.15 -0.10
0.00 2072.09
754.90 11.04 0.80 -18.23 312.08 216.66 10.41 -0.10
0.00 2479.09
714.20 8.54 -0.86 -18.79 314.31 229.76 9.93 -0.10
0.00 2938.44
670.50 5.74 -2.60 -18.42 317.25 240.26 10.96 -0.10
0.00 3456.87
623.70 2.84 -4.56 -18.84 320.68 240.69 12.70 0.10
0.00 4044.95
574.50 -1.46 -8.07 -23.90 321.79 243.43 14.76 0.20
0.00 4704.06
526.80 -6.56 -10.92 -20.56 325.18 252.12 18.98 0.20
0.00 5387.43
484.00 -10.96 -13.39 -18.46 329.09 240.19 21.48 0.10
0.00 6043.85
445.60 -15.56 -16.66 -19.12 331.21 228.99 23.68 0.00
0.00 6673.42
411.20 -19.46 -20.07 -21.67 332.94 225.97 24.32 0.00
88.00 7275.26
380.00 -23.86 -24.45 -26.49 332.94 218.90 21.97 0.00
88.00 7856.64
352.00 -28.76 -29.37 -32.38 332.07 219.39 23.87 0.10
18.00 8409.98
326.90 -31.46 -32.22 -37.03 334.58 218.35 28.48 0.10
33.00 8936.46
304.30 -35.16 -36.15 -46.65 335.13 211.91 26.09 0.00
33.00 9439.51
284.00 -39.06 -39.98 -57.07 335.68 211.12 25.19 0.00
24.00 9916.56
265.80 -42.96 -43.66 -63.01 336.26 209.91 25.33 0.00
0.00 10366.61
248.90 -46.56 -47.03 -61.31 337.32 208.51 25.64 0.00
0.00 10805.79
233.60 -49.46 -49.83 -63.98 339.05 211.04 26.75 0.00
0.00 11223.89
219.60 -50.86 -51.22 -67.41 342.88 210.14 27.86 0.00
0.00 11627.29
205.70 -52.26 -52.58 -67.88 347.15 212.36 30.13 -0.10
0.00 12051.43
191.70 -54.26 -54.55 -73.19 350.96 214.35 28.22 -0.10
0.00 12505.12
177.70 -57.16 -57.38 -73.70 353.89 203.52 22.88 -0.20
0.00 12987.80
163.80 -60.86 -61.00 -74.24 356.02 206.77 24.59 -0.10
0.00 13498.35
149.80 -63.76 -9999.00 -9999.00 -9999.00 221.46 26.69 -0.10
0.00 14049.75
135.90 -66.56 -9999.00 -9999.00 -9999.00 222.23 17.06 0.00
0.00 14642.62
121.90 -68.86 -9999.00 -9999.00 -9999.00 226.97 15.95 0.10
0.00 15296.40
108.00 -68.86 -9999.00 -9999.00 -9999.00 212.62 11.54 0.10
0.00 16020.38
94.00 -68.26 -9999.00 -9999.00 -9999.00 218.29 9.40 0.00
0.00 16851.83
81.00 -67.36 -9999.00 -9999.00 -9999.00 165.96 8.00 0.00
0.00 17746.48
70.60 -65.66 -9999.00 -9999.00 -9999.00 136.64 9.62 0.00
0.00 18577.67
62.20 -65.66 -9999.00 -9999.00 -9999.00 116.03 9.30 0.00
0.00 19347.04
54.30 -66.06 -9999.00 -9999.00 -9999.00 61.11 6.43 0.00
0.00 20171.22
46.90 -66.06 -9999.00 -9999.00 -9999.00 25.60 10.33 0.00
0.00 21059.31
40.10 -65.56 -9999.00 -9999.00 -9999.00 29.20 7.56 0.00
0.00 22009.99
33.80 -64.26 -9999.00 -9999.00 -9999.00 349.38 6.33 0.00
0.00 23051.80
27.80 -61.26 -9999.00 -9999.00 -9999.00 352.50 7.44 0.00
0.00 24255.31
22.30 -56.96 -9999.00 -9999.00 -9999.00 10.62 6.33 0.00
0.00 25636.48
17.10 -52.46 -9999.00 -9999.00 -9999.00 29.74 3.13 0.00
0.00 27334.15
12.30 -48.36 -9999.00 -9999.00 -9999.00 259.92 17.75 0.00
0.00 29482.32

STID = KMHX STNM = 723050 TIME = 221026/1300 
SLAT = 34.78 SLON = -76.87 SELV = 8.0
STIM = 1

SHOW = 12.42 LIFT = 3.79 SWET = 167.72 KINX = -7.57
LCLP = 1002.99 PWAT = 24.56 TOTL = 28.46 CAPE = 0.00
LCLT = 289.52 CINS = 0.00 EQLV = -9999.00 LFCT = -9999.00
BRCH = 0.00

PRES TMPC TMWC DWPC THTE DRCT SKNT OMEG
CFRL HGHT
1011.10 17.04 16.73 16.50 322.51 277.13 1.57 0.00
0.00 16.46
1008.00 16.74 16.58 16.42 322.39 270.00 1.94 0.00
0.00 42.71
1002.50 16.34 16.26 16.15 322.06 270.00 2.91 0.00
65.00 89.43
992.80 16.34 16.27 16.17 323.35 264.29 3.90 0.00
100.00 172.40
978.60 16.34 16.27 16.17 325.20 239.35 6.10 -0.10
100.00 295.35
960.40 16.54 16.49 16.40 328.39 212.97 8.57 -0.20
100.00 455.64
938.60 15.94 15.88 15.78 329.32 191.31 9.91 -0.20
100.00 651.57
914.80 14.74 14.60 14.46 328.38 183.12 10.70 -0.10
73.00 869.99
888.90 13.04 12.95 12.84 326.72 180.00 11.85 0.00
100.00 1112.90
860.00 13.24 9.33 6.28 319.89 193.86 15.40 0.10
4.00 1391.35
828.20 14.44 2.39 -25.56 305.53 202.46 15.77 0.00
0.00 1708.59
793.50 12.74 1.46 -22.88 308.09 207.85 11.64 -0.10
0.00 2067.98
755.80 10.74 0.55 -19.02 311.39 218.33 10.64 -0.20
0.00 2474.14
715.00 8.44 -1.05 -19.88 313.74 228.81 10.33 -0.20
0.00 2933.73
671.10 5.54 -2.68 -18.24 317.00 235.71 10.35 -0.20
0.00 3453.71
624.30 2.54 -4.80 -19.35 320.04 235.78 11.75 -0.10
0.00 4040.71
575.00 -1.56 -7.95 -22.58 321.99 243.81 13.21 0.00
0.00 4700.09
527.20 -6.36 -9.64 -15.49 327.85 249.66 18.43 0.10
0.00 5384.64
484.20 -10.96 -13.97 -20.97 327.85 240.26 21.93 0.20
0.00 6044.08
445.80 -15.46 -17.63 -23.55 329.25 233.22 24.01 0.20
0.00 6673.31
411.30 -19.56 -21.22 -26.62 330.76 228.45 22.84 0.20
22.00 7276.47
380.10 -24.16 -25.11 -28.77 331.75 213.69 20.32 0.20
42.00 7857.10
352.10 -28.76 -29.91 -36.92 331.10 223.65 23.35 0.20
0.00 8409.88
327.00 -32.06 -33.44 -47.55 332.47 221.50 26.98 0.20
0.00 8935.45
304.30 -35.06 -36.46 -70.02 334.53 216.70 26.65 0.10
0.00 9440.05
284.00 -38.86 -39.91 -70.50 335.75 215.20 26.63 0.00
0.00 9917.36
265.80 -42.76 -43.48 -63.01 336.55 215.10 26.36 0.00
0.00 10367.79
248.90 -46.26 -46.75 -61.31 337.76 212.91 23.60 0.00
0.00 10807.46
233.60 -49.26 -49.64 -63.98 339.35 212.01 23.82 0.00
0.00 11226.02
219.60 -51.36 -51.69 -67.41 342.11 211.18 25.89 0.00
0.00 11629.16
205.70 -52.86 -53.15 -67.88 346.21 213.69 28.01 0.00
0.00 12052.24
191.70 -54.36 -54.65 -73.19 350.80 215.34 26.18 0.00
0.00 12505.21
177.70 -57.06 -57.28 -73.70 354.06 202.81 22.55 0.00
0.00 12987.88
163.80 -60.46 -60.61 -74.24 356.69 206.76 25.02 0.00
0.00 13499.03
149.80 -63.16 -9999.00 -9999.00 -9999.00 218.60 27.10 0.00
0.00 14051.74
135.90 -65.66 -9999.00 -9999.00 -9999.00 221.40 19.68 0.10
0.00 14646.75
121.90 -67.66 -9999.00 -9999.00 -9999.00 225.00 17.85 0.10
0.00 15303.87
108.00 -67.26 -9999.00 -9999.00 -9999.00 225.00 14.28 0.00
0.00 16032.81
94.00 -67.26 -9999.00 -9999.00 -9999.00 218.09 9.13 0.00
0.00 16869.54
81.00 -66.56 -9999.00 -9999.00 -9999.00 167.47 8.95 0.00
0.00 17768.11
70.60 -66.16 -9999.00 -9999.00 -9999.00 147.99 9.17 0.00
0.00 18599.91
62.20 -66.86 -9999.00 -9999.00 -9999.00 124.11 7.26 0.00
0.00 19366.12
54.30 -66.66 -9999.00 -9999.00 -9999.00 57.38 5.77 0.00
0.00 20186.72
46.90 -65.96 -9999.00 -9999.00 -9999.00 40.10 9.65 0.00
0.00 21073.75
40.10 -65.46 -9999.00 -9999.00 -9999.00 48.37 7.01 0.00
0.00 22024.88
33.80 -64.06 -9999.00 -9999.00 -9999.00 358.32 6.60 0.00
0.00 23067.44
27.80 -61.06 -9999.00 -9999.00 -9999.00 349.56 7.50 0.00
0.00 24272.09
22.30 -57.06 -9999.00 -9999.00 -9999.00 357.40 4.27 0.00
0.00 25653.59
17.10 -52.76 -9999.00 -9999.00 -9999.00 38.66 1.24 0.00
0.00 27349.70
12.30 -48.56 -9999.00 -9999.00 -9999.00 278.25 13.54 0.00
0.00 29495.47

STID = KMHX STNM = 723050 TIME = 221026/1400 
SLAT = 34.78 SLON = -76.87 SELV = 8.0
STIM = 2

SHOW = 12.36 LIFT = 4.23 SWET = 148.80 KINX = -8.03
LCLP = 996.50 PWAT = 22.58 TOTL = 28.28 CAPE = 0.00
LCLT = 289.64 CINS = 0.00 EQLV = -9999.00 LFCT = -9999.00
BRCH = 0.00

PRES TMPC TMWC DWPC THTE DRCT SKNT OMEG
CFRL HGHT
1011.60 17.74 17.12 16.73 323.74 326.31 1.40 0.00
0.00 16.47
1008.50 17.44 16.96 16.64 323.60 326.31 1.40 0.00
0.00 42.78
1002.90 16.94 16.72 16.54 323.52 320.19 1.52 0.10
15.00 90.44
993.30 16.44 16.36 16.25 323.57 290.56 1.65 0.10
69.00 172.63
979.10 16.44 16.37 16.27 325.47 223.60 5.63 0.10
89.00 295.56
960.80 16.54 16.43 16.31 328.13 198.43 9.21 0.10
88.00 456.69
939.00 15.84 15.69 15.54 328.62 183.37 9.93 0.20
74.00 652.48
915.20 14.44 14.34 14.22 327.47 174.71 10.53 0.40
80.00 870.64
889.20 13.34 12.29 11.58 324.61 186.15 12.70 0.30
81.00 1114.32
860.30 14.64 7.69 1.08 315.20 203.63 16.96 0.00
0.00 1393.24
828.60 13.94 3.34 -14.15 308.03 204.97 15.64 -0.10
0.00 1709.74
793.80 12.44 1.65 -19.42 308.60 213.21 12.76 -0.20
0.00 2069.64
756.00 10.44 0.19 -20.79 310.52 218.21 11.62 -0.20
0.00 2476.33
715.20 8.14 -1.34 -20.96 313.06 221.99 10.45 -0.20
0.00 2935.27
671.30 5.44 -2.82 -18.86 316.63 225.00 10.72 -0.10
0.00 3454.71
624.50 2.44 -5.23 -21.96 319.01 227.89 13.62 0.00
0.00 4041.25
575.10 -1.66 -7.36 -18.59 323.35 233.30 13.33 0.00
0.00 4701.60
527.20 -6.16 -10.24 -18.45 326.53 240.12 21.06 0.10
0.00 5387.64
484.20 -10.46 -14.80 -28.17 326.05 235.52 23.33 0.10
0.00 6047.72
445.80 -14.96 -18.74 -34.56 326.99 232.32 24.79 0.10
0.00 6677.86
411.30 -19.26 -22.52 -41.72 328.21 228.05 23.25 0.10
0.00 7281.67
380.10 -24.06 -26.38 -41.71 329.43 223.64 23.08 0.00
0.00 7862.49
352.20 -28.66 -30.58 -51.02 329.84 225.62 25.27 0.00
0.00 8413.27
327.00 -32.26 -33.85 -57.41 331.75 219.86 27.58 0.00
0.00 8940.67
304.40 -35.46 -36.77 -61.98 334.02 213.37 29.31 0.10
0.00 9442.32
284.10 -39.06 -40.02 -60.29 335.56 213.98 32.32 0.10
0.00 9918.88
265.80 -42.76 -43.48 -63.01 336.55 216.52 31.66 0.10
0.00 10371.51
248.90 -46.16 -46.71 -66.51 337.82 215.93 26.15 0.00
0.00 10811.27
233.60 -49.26 -49.67 -66.97 339.31 210.11 22.46 0.00
0.00 11229.92
219.60 -51.86 -52.17 -67.41 341.34 208.27 23.39 0.00
0.00 11632.60
205.70 -53.26 -53.54 -67.88 345.58 211.25 26.59 0.00
0.00 12054.82
191.70 -54.66 -54.94 -73.19 350.32 214.17 25.58 0.00
0.00 12507.07
177.80 -56.96 -57.18 -73.70 354.16 203.39 23.48 0.00
0.00 12985.94
163.80 -60.36 -60.51 -74.24 356.86 202.52 25.87 0.00
0.00 13500.86
149.80 -63.06 -9999.00 -9999.00 -9999.00 212.13 27.76 0.00
0.00 14053.83
135.90 -65.26 -9999.00 -9999.00 -9999.00 219.05 22.51 0.10
0.00 14649.56
121.90 -67.46 -9999.00 -9999.00 -9999.00 224.10 17.58 0.10
0.00 15307.63
108.00 -67.66 -9999.00 -9999.00 -9999.00 232.13 13.29 0.00
0.00 16036.22
94.00 -68.16 -9999.00 -9999.00 -9999.00 195.42 5.85 0.00
0.00 16870.30
81.00 -67.76 -9999.00 -9999.00 -9999.00 145.38 9.91 0.00
0.00 17764.30
70.60 -67.76 -9999.00 -9999.00 -9999.00 132.06 10.72 0.00
0.00 18590.47
62.20 -67.46 -9999.00 -9999.00 -9999.00 111.80 8.37 0.00
0.00 19352.60
54.30 -66.36 -9999.00 -9999.00 -9999.00 69.27 7.69 0.00
0.00 20172.60
46.90 -65.76 -9999.00 -9999.00 -9999.00 58.47 10.02 0.00
0.00 21060.70
40.10 -65.46 -9999.00 -9999.00 -9999.00 48.95 7.98 0.00
0.00 22012.29
33.80 -63.66 -9999.00 -9999.00 -9999.00 11.77 9.52 0.00
0.00 23055.86
27.80 -59.76 -9999.00 -9999.00 -9999.00 8.97 7.48 0.00
0.00 24265.37
22.30 -55.56 -9999.00 -9999.00 -9999.00 74.05 4.23 0.00
0.00 25655.90
17.10 -51.66 -9999.00 -9999.00 -9999.00 122.01 5.50 0.00
0.00 27362.12
12.30 -48.36 -9999.00 -9999.00 -9999.00 277.13 14.10 0.00
0.00 29514.15

STID = KMHX STNM = 723050 TIME = 221026/1500 
SLAT = 34.78 SLON = -76.87 SELV = 8.0
STIM = 3

SHOW = 13.44 LIFT = 4.36 SWET = 115.26 KINX = -11.83
LCLP = 982.61 PWAT = 21.03 TOTL = 25.83 CAPE = 0.00
LCLT = 289.71 CINS = 0.00 EQLV = -9999.00 LFCT = -9999.00
BRCH = 0.00

PRES TMPC TMWC DWPC THTE DRCT SKNT OMEG
CFRL HGHT
1011.20 18.94 17.71 17.01 325.78 303.69 1.40 0.00
0.00 17.36
1008.20 18.54 17.51 16.91 325.49 299.74 1.57 0.00
0.00 42.94
1002.60 18.04 17.27 16.80 325.39 299.74 1.57 0.00
0.00 90.80
993.00 17.24 16.89 16.64 325.37 290.56 1.65 0.10
19.00 173.29
978.80 16.74 16.55 16.38 326.09 218.05 5.67 0.10
39.00 296.51
960.50 16.94 16.28 15.87 327.67 200.70 9.34 0.10
38.00 457.87
938.70 15.94 15.28 14.86 327.31 188.75 10.22 0.20
24.00 653.84
914.90 14.74 13.32 12.41 324.27 187.72 11.56 0.20
30.00 872.10
889.00 14.64 10.17 6.70 318.32 213.69 16.10 0.10
31.00 1115.30
860.30 14.64 6.33 -2.95 311.58 216.47 16.67 0.00
0.00 1392.62
828.50 13.64 3.32 -13.31 308.06 216.87 15.54 0.00
0.00 1709.86
793.80 11.84 1.26 -20.11 307.76 218.53 13.40 0.00
0.00 2068.19
756.00 10.04 -0.26 -23.13 309.49 215.54 11.69 -0.10
0.00 2474.14
715.20 8.14 -1.39 -21.43 312.93 214.25 11.05 -0.10
0.00 2932.73
671.30 5.44 -3.21 -21.80 315.69 223.88 14.01 -0.10
0.00 3452.11
624.40 2.34 -5.50 -23.69 318.41 226.37 17.17 -0.20
0.00 4039.77
575.10 -2.36 -6.65 -13.67 325.04 229.25 16.67 -0.10
0.00 4698.00
527.20 -6.46 -10.71 -19.83 325.53 233.64 21.95 0.00
0.00 5382.89
484.20 -10.36 -14.90 -29.64 325.83 232.93 21.91 0.10
0.00 6042.65
445.80 -15.06 -18.76 -33.91 326.97 231.50 21.83 0.20
0.00 6672.79
411.30 -19.66 -22.65 -38.66 328.03 229.29 22.05 0.20
0.00 7276.02
380.10 -24.16 -26.40 -40.67 329.41 226.36 23.08 0.10
0.00 7856.29
352.20 -28.36 -30.17 -45.82 330.56 220.03 25.37 0.10
0.00 8407.31
327.00 -32.26 -33.74 -51.65 331.95 213.58 27.74 0.00
0.00 8935.06
304.40 -35.66 -36.83 -54.14 333.95 209.56 29.93 0.10
0.00 9436.51
284.10 -39.16 -40.07 -57.07 335.50 209.53 31.92 0.10
0.00 9912.78
265.80 -42.56 -43.29 -63.01 336.85 212.85 29.37 0.20
0.00 10365.51
248.90 -45.76 -46.36 -71.41 338.37 214.32 24.46 0.20
0.00 10805.85
233.60 -48.76 -49.19 -66.97 340.06 208.65 21.46 0.10
0.00 11225.33
219.60 -51.36 -51.69 -67.41 342.11 204.74 21.81 0.10
0.00 11628.91
205.70 -52.96 -53.25 -67.88 346.05 206.57 23.45 0.10
0.00 12051.90
191.70 -54.46 -54.74 -73.19 350.64 206.78 22.84 0.10
0.00 12504.67
177.70 -56.76 -56.99 -73.70 354.55 197.65 22.42 0.10
0.00 12987.56
163.80 -59.96 -60.12 -74.24 357.53 199.83 25.19 0.10
0.00 13499.66
149.80 -62.36 -9999.00 -9999.00 -9999.00 211.25 26.59 0.00
0.00 14054.07
135.90 -64.16 -9999.00 -9999.00 -9999.00 221.42 22.03 0.00
0.00 14652.36
121.90 -66.46 -9999.00 -9999.00 -9999.00 228.21 17.19 0.00
0.00 15313.78
108.00 -67.46 -9999.00 -9999.00 -9999.00 237.80 12.39 -0.10
0.00 16044.49
94.00 -68.46 -9999.00 -9999.00 -9999.00 201.16 6.45 -0.10
0.00 16878.37
81.00 -68.56 -9999.00 -9999.00 -9999.00 168.06 10.33 -0.10
0.00 17769.97
70.60 -68.46 -9999.00 -9999.00 -9999.00 162.80 8.55 0.00
0.00 18593.13
62.20 -67.46 -9999.00 -9999.00 -9999.00 142.13 4.43 0.00
0.00 19353.96
54.30 -66.56 -9999.00 -9999.00 -9999.00 70.71 4.12 0.00
0.00 20173.57
46.90 -66.06 -9999.00 -9999.00 -9999.00 56.31 7.01 0.00
0.00 21060.59
40.10 -64.86 -9999.00 -9999.00 -9999.00 36.57 7.50 0.00
0.00 22012.87
33.80 -61.76 -9999.00 -9999.00 -9999.00 18.43 8.61 0.00
0.00 23062.69
27.80 -58.36 -9999.00 -9999.00 -9999.00 38.99 5.24 0.00
0.00 24281.64
22.30 -56.86 -9999.00 -9999.00 -9999.00 91.79 6.22 0.00
0.00 25672.49
17.10 -54.56 -9999.00 -9999.00 -9999.00 143.62 4.58 0.00
0.00 27362.39
12.30 -49.46 -9999.00 -9999.00 -9999.00 273.14 14.20 0.00
0.00 29495.13

STID = KMHX STNM = 723050 TIME = 221026/1600 
SLAT = 34.78 SLON = -76.87 SELV = 8.0
STIM = 4

SHOW = 15.60 LIFT = 6.09 SWET = 52.29 KINX = -22.73
LCLP = 959.52 PWAT = 16.92 TOTL = 19.67 CAPE = 0.00
LCLT = 289.68 CINS = 0.00 EQLV = -9999.00 LFCT = -9999.00
BRCH = 0.00

PRES TMPC TMWC DWPC THTE DRCT SKNT OMEG
CFRL HGHT
1010.40 20.84 18.56 17.35 328.83 176.19 2.91 0.00
0.00 16.58
1007.30 20.34 18.30 17.20 328.32 176.42 3.11 0.00
0.00 43.19
1001.70 19.74 17.99 17.04 328.01 180.00 3.30 0.00
0.00 91.39
992.10 18.84 17.55 16.82 327.74 183.37 3.30 0.10
0.00 174.44
977.90 17.64 16.91 16.47 327.46 184.76 4.68 0.20
11.00 298.31
959.70 17.24 15.59 14.60 325.46 194.68 8.43 0.30
10.00 459.22
937.90 16.14 13.62 11.99 322.08 198.76 10.88 0.30
11.00 655.36
914.00 16.04 9.75 4.34 313.85 213.69 15.40 0.20
4.00 874.90
888.40 16.34 6.21 -6.95 307.53 227.33 16.90 0.10
0.00 1116.11
859.80 14.84 4.73 -9.79 307.49 239.15 16.30 0.10
0.00 1393.07
828.10 13.14 2.47 -17.44 306.07 228.08 12.80 0.20
0.00 1709.13
793.30 11.74 0.81 -24.44 306.70 210.96 11.32 0.20
0.00 2068.23
755.60 10.64 -0.05 -24.34 309.93 208.54 12.61 0.20
0.00 2473.64
714.80 8.64 -1.31 -23.21 313.07 215.45 14.06 0.10
0.00 2933.34
671.00 5.54 -3.98 -31.80 313.82 230.71 19.33 0.00
0.00 3452.24
624.20 2.14 -5.79 -25.27 317.80 224.57 18.26 0.00
0.00 4038.64
574.90 -2.66 -6.22 -11.57 326.09 230.05 20.28 0.00
0.00 4696.54
527.00 -6.26 -11.04 -22.29 324.84 229.76 23.15 0.00
0.00 5381.58
484.10 -10.26 -15.20 -33.72 325.19 228.72 21.19 0.10
0.00 6040.28
445.70 -15.06 -18.85 -35.01 326.81 232.62 21.76 0.10
0.00 6670.62
411.30 -19.56 -22.62 -39.27 328.09 232.93 21.91 0.10
0.00 7272.28
380.10 -24.06 -26.34 -41.00 329.50 227.10 22.53 0.00
0.00 7852.77
352.10 -28.36 -30.15 -45.33 330.63 221.10 24.22 0.10
0.00 8405.95
327.00 -32.26 -33.74 -51.65 331.95 214.72 26.94 0.10
0.00 8931.69
304.40 -35.36 -36.61 -56.51 334.29 209.93 29.58 0.10
0.00 9433.45
284.10 -38.56 -39.60 -62.50 336.23 210.78 30.75 0.20
0.00 9910.62
265.80 -42.06 -42.86 -66.03 337.53 215.77 28.24 0.20
0.00 10364.42
248.90 -45.46 -46.05 -66.51 338.87 217.32 24.67 0.20
0.00 10805.53
233.60 -48.36 -48.81 -66.97 340.67 212.28 21.83 0.10
0.00 11225.66
219.60 -50.76 -51.12 -67.41 343.04 208.41 21.64 0.00
0.00 11630.15
205.70 -52.56 -52.87 -67.88 346.68 209.68 22.36 0.00
0.00 12054.09
191.70 -54.36 -54.65 -73.19 350.80 209.25 22.26 0.00
0.00 12507.37
177.70 -56.86 -57.08 -73.70 354.38 201.61 22.14 0.00
0.00 12990.27
163.80 -60.06 -60.22 -74.24 357.36 201.46 24.42 0.00
0.00 13502.13
149.80 -62.56 -9999.00 -9999.00 -9999.00 210.11 26.73 0.00
0.00 14056.15
135.90 -64.06 -9999.00 -9999.00 -9999.00 219.12 22.79 0.10
0.00 14654.30
121.90 -66.36 -9999.00 -9999.00 -9999.00 225.00 18.12 0.00
0.00 15316.03
108.00 -68.26 -9999.00 -9999.00 -9999.00 235.20 13.95 0.00
0.00 16045.50
94.00 -69.46 -9999.00 -9999.00 -9999.00 205.02 9.65 0.00
0.00 16875.73
81.00 -69.66 -9999.00 -9999.00 -9999.00 181.74 12.82 0.00
0.00 17762.75
70.60 -68.76 -9999.00 -9999.00 -9999.00 175.24 9.36 0.00
0.00 18583.09
62.20 -67.36 -9999.00 -9999.00 -9999.00 130.36 5.09 0.00
0.00 19343.55
54.30 -66.56 -9999.00 -9999.00 -9999.00 75.96 6.41 0.00
0.00 20163.36
46.90 -65.46 -9999.00 -9999.00 -9999.00 57.85 8.02 0.00
0.00 21051.67
40.10 -64.16 -9999.00 -9999.00 -9999.00 42.88 7.42 0.00
0.00 22006.93
33.80 -61.96 -9999.00 -9999.00 -9999.00 32.01 5.50 0.00
0.00 23058.00
27.80 -59.76 -9999.00 -9999.00 -9999.00 17.35 3.26 0.00
0.00 24272.37
22.30 -57.86 -9999.00 -9999.00 -9999.00 333.43 2.18 0.00
0.00 25655.48
17.10 -53.56 -9999.00 -9999.00 -9999.00 209.74 4.70 0.00
0.00 27345.37
12.30 -48.56 -9999.00 -9999.00 -9999.00 244.29 11.64 0.00
0.00 29487.28

STID = KMHX STNM = 723050 TIME = 221026/1700 
SLAT = 34.78 SLON = -76.87 SELV = 8.0
STIM = 5

SHOW = 8.58 LIFT = 7.32 SWET = 104.29 KINX = -12.50
LCLP = 931.93 PWAT = 19.60 TOTL = 34.87 CAPE = 0.00
LCLT = 288.55 CINS = 0.00 EQLV = -9999.00 LFCT = -9999.00
BRCH = 0.00

PRES TMPC TMWC DWPC THTE DRCT SKNT OMEG
CFRL HGHT
1009.20 22.04 18.51 16.65 328.82 180.00 6.22 0.00
0.00 18.34
1006.20 21.44 18.18 16.43 328.04 181.64 6.80 0.00
0.00 44.22
1000.70 20.84 17.88 16.27 327.72 183.18 7.01 0.00
0.00 91.77
991.10 19.94 17.40 16.00 327.36 186.34 7.03 0.00
0.00 175.18
976.90 18.74 16.71 15.56 326.90 191.31 6.93 0.00
0.00 299.60
958.70 17.84 14.76 12.85 322.90 196.14 7.69 0.10
1.00 461.06
937.00 16.34 13.15 11.03 320.77 201.80 9.42 0.00
10.00 656.66
913.40 17.44 8.47 -0.88 310.28 229.13 13.36 -0.10
0.00 874.07
887.90 15.94 11.18 7.72 321.38 254.62 16.12 0.20
0.00 1115.12
858.90 13.64 10.71 8.66 324.08 256.48 15.79 0.50
4.00 1396.33
827.10 12.74 4.14 -7.09 310.46 235.30 12.28 0.40
0.00 1713.59
792.40 11.94 1.10 -22.18 307.51 213.23 13.46 0.20
0.00 2072.14
754.80 10.84 -0.22 -28.19 309.55 212.52 15.89 0.00
0.00 2477.19
714.10 8.24 -2.24 -34.12 310.92 222.59 16.36 -0.10
0.00 2935.97
670.40 5.54 -3.55 -25.51 314.99 226.82 17.31 0.00
0.00 3453.77
623.70 2.04 -3.78 -12.84 322.65 227.09 18.82 0.10
0.00 4039.63
574.30 -2.66 -6.38 -12.10 325.83 235.45 25.00 0.20
0.00 4699.64
526.60 -6.26 -11.76 -27.55 323.34 230.01 23.58 0.20
0.00 5382.32
483.80 -10.06 -15.54 -42.90 324.47 230.81 23.06 0.20
0.00 6040.03
445.50 -14.96 -19.19 -42.23 326.13 238.71 23.19 0.10
0.00 6669.33
411.10 -19.66 -23.00 -46.07 327.40 241.48 20.34 0.10
0.00 7271.20
379.90 -24.36 -26.82 -46.20 328.70 232.03 20.20 0.10
0.00 7851.47
352.00 -28.76 -30.63 -49.44 329.84 223.98 23.21 0.10
0.00 8402.09
326.90 -32.36 -33.89 -54.66 331.72 218.09 27.39 0.10
0.00 8927.42
304.30 -35.46 -36.75 -59.75 334.10 210.45 29.53 0.10
0.00 9429.13
284.00 -38.46 -39.53 -65.54 336.36 210.66 31.62 0.10
0.00 9906.45
265.80 -42.06 -42.86 -66.03 337.53 213.69 30.11 0.10
0.00 10357.95
248.90 -45.46 -46.05 -66.51 338.87 214.17 25.58 0.10
0.00 10799.06
233.60 -48.56 -49.00 -66.97 340.37 208.33 22.51 0.00
0.00 11219.00
219.60 -51.06 -51.41 -67.41 342.57 205.23 22.34 0.00
0.00 11623.04
205.70 -52.96 -53.25 -67.88 346.05 204.74 21.81 0.00
0.00 12046.31
191.70 -55.06 -55.32 -73.19 349.67 203.06 21.33 0.00
0.00 12498.46
177.70 -57.46 -57.67 -73.70 353.40 195.39 21.97 0.00
0.00 12979.91
163.80 -60.36 -60.51 -74.24 356.86 195.82 24.22 0.00
0.00 13490.70
149.80 -62.86 -9999.00 -9999.00 -9999.00 206.92 28.32 0.00
0.00 14043.93
135.90 -64.36 -9999.00 -9999.00 -9999.00 219.69 25.25 0.00
0.00 14641.23
121.90 -66.56 -9999.00 -9999.00 -9999.00 225.42 18.82 -0.10
0.00 15302.17
108.00 -69.56 -9999.00 -9999.00 -9999.00 231.34 13.68 -0.10
0.00 16028.98
94.00 -70.56 -9999.00 -9999.00 -9999.00 192.76 10.55 0.00
0.00 16854.33
81.00 -69.26 -9999.00 -9999.00 -9999.00 173.99 14.84 0.00
0.00 17739.83
70.60 -66.76 -9999.00 -9999.00 -9999.00 156.50 9.75 0.00
0.00 18564.99
62.20 -65.56 -9999.00 -9999.00 -9999.00 113.39 7.83 0.00
0.00 19332.50
54.30 -64.76 -9999.00 -9999.00 -9999.00 79.29 7.32 0.00
0.00 20159.46
46.90 -63.66 -9999.00 -9999.00 -9999.00 60.80 7.56 0.00
0.00 21055.49
40.10 -62.86 -9999.00 -9999.00 -9999.00 52.43 6.37 0.00
0.00 22017.86
33.80 -62.66 -9999.00 -9999.00 -9999.00 36.16 6.25 0.00
0.00 23070.43
27.80 -61.36 -9999.00 -9999.00 -9999.00 11.07 9.11 0.00
0.00 24278.23
22.30 -58.26 -9999.00 -9999.00 -9999.00 328.78 7.50 0.00
0.00 25654.88
17.10 -53.56 -9999.00 -9999.00 -9999.00 225.00 9.07 0.00
0.00 27343.22
12.30 -48.66 -9999.00 -9999.00 -9999.00 228.07 15.40 0.00
0.00 29484.65

STID = KMHX STNM = 723050 TIME = 221026/1800 
SLAT = 34.78 SLON = -76.87 SELV = 8.0
STIM = 6

SHOW = 6.32 LIFT = 6.70 SWET = 142.92 KINX = 9.74
LCLP = 920.42 PWAT = 24.24 TOTL = 37.89 CAPE = 0.00
LCLT = 287.84 CINS = 0.00 EQLV = -9999.00 LFCT = -9999.00
BRCH = 0.00

PRES TMPC TMWC DWPC THTE DRCT SKNT OMEG
CFRL HGHT
1007.70 22.24 18.25 16.11 328.09 174.43 8.00 0.00
0.00 18.36
1004.80 21.64 17.91 15.88 327.29 174.92 8.78 0.00
0.00 43.43
999.20 21.04 17.60 15.70 326.94 176.35 9.15 0.00
0.00 91.93
989.70 20.14 17.12 15.43 326.57 177.51 8.94 0.00
0.00 174.63
975.50 18.94 16.36 14.87 325.89 182.54 8.74 0.00
0.00 299.27
957.40 18.24 14.30 11.78 321.62 188.84 8.84 0.10
2.00 460.18
935.70 17.44 12.12 8.21 317.79 202.44 9.67 0.10
0.00 656.43
912.20 17.74 12.07 7.97 320.68 230.33 10.35 0.30
0.00 873.86
886.40 15.84 14.03 12.96 330.61 244.98 12.86 0.40
0.00 1118.69
857.60 13.84 10.89 8.85 324.80 241.75 14.78 0.30
5.00 1398.73
826.00 12.64 7.05 1.97 318.24 236.31 16.80 0.10
0.00 1714.76
791.40 11.64 3.53 -6.70 313.84 231.34 18.65 0.10
0.00 2073.00
753.70 9.74 0.49 -15.61 311.74 223.12 16.76 0.00
0.00 2479.07
713.10 7.54 -0.69 -14.35 315.09 224.03 16.22 -0.10
0.00 2936.27
669.50 5.44 -0.66 -8.63 322.25 221.01 17.75 -0.10
0.00 3453.43
622.70 1.34 -1.22 -3.97 329.15 225.00 20.05 -0.10
0.00 4041.37
573.60 -2.26 -8.86 -26.48 320.30 243.00 23.12 -0.10
0.00 4698.03
526.10 -5.86 -12.51 -45.14 321.65 239.40 25.95 -0.10
0.00 5379.08
483.30 -10.36 -15.85 -46.63 323.96 237.03 25.70 -0.10
0.00 6037.43
445.10 -15.16 -19.48 -46.65 325.65 244.98 22.51 -0.10
0.00 6665.06
410.80 -20.06 -23.40 -49.69 326.75 246.23 17.83 0.00
0.00 7264.95
379.80 -24.66 -27.22 -52.28 328.01 229.95 17.50 0.00
0.00 7840.96
351.90 -28.86 -30.77 -51.93 329.61 221.36 23.82 0.10
0.00 8391.26
326.80 -32.56 -34.09 -55.93 331.43 220.10 28.94 0.00
0.00 8916.42
304.20 -35.36 -36.70 -65.04 334.18 212.36 30.13 0.00
0.00 9418.18
284.00 -38.46 -39.53 -65.54 336.36 211.21 31.12 0.00
0.00 9893.33
265.80 -42.06 -42.86 -66.03 337.53 213.28 30.44 0.00
0.00 10344.83
248.90 -45.46 -46.05 -66.51 338.87 212.91 27.53 0.00
0.00 10785.93
233.60 -48.36 -48.81 -66.97 340.67 205.50 23.47 0.00
0.00 11206.07
219.60 -50.96 -51.31 -67.41 342.73 203.14 23.23 0.00
0.00 11610.37
205.70 -53.06 -53.35 -67.88 345.89 204.57 22.44 0.00
0.00 12033.65
191.70 -55.06 -55.30 -68.39 349.72 202.86 21.50 -0.10
0.00 12485.69
177.80 -57.46 -57.67 -73.70 353.34 195.60 22.38 -0.10
0.00 12963.58
163.80 -60.26 -60.41 -74.24 357.03 200.40 25.08 0.00
0.00 13478.01
149.80 -62.76 -9999.00 -9999.00 -9999.00 214.00 29.53 0.00
0.00 14031.51
135.90 -64.76 -9999.00 -9999.00 -9999.00 229.09 26.98 0.00
0.00 14628.37
121.90 -66.46 -9999.00 -9999.00 -9999.00 228.99 17.75 0.00
0.00 15288.83
108.00 -69.66 -9999.00 -9999.00 -9999.00 220.14 12.96 0.00
0.00 16015.65
94.00 -69.76 -9999.00 -9999.00 -9999.00 199.98 13.64 0.00
0.00 16842.42
81.00 -67.76 -9999.00 -9999.00 -9999.00 192.14 15.70 0.00
0.00 17732.93
70.60 -65.86 -9999.00 -9999.00 -9999.00 172.69 7.63 0.00
0.00 18562.92
62.20 -65.96 -9999.00 -9999.00 -9999.00 119.36 7.13 0.00
0.00 19331.36
54.30 -66.36 -9999.00 -9999.00 -9999.00 90.00 7.96 0.00
0.00 20154.34
46.90 -65.86 -9999.00 -9999.00 -9999.00 77.24 10.55 0.00
0.00 21042.22
40.10 -65.06 -9999.00 -9999.00 -9999.00 70.28 10.94 0.00
0.00 21994.50
33.80 -64.16 -9999.00 -9999.00 -9999.00 26.57 8.68 0.00
0.00 23037.82
27.80 -61.56 -9999.00 -9999.00 -9999.00 354.64 12.49 0.00
0.00 24240.75
22.30 -57.16 -9999.00 -9999.00 -9999.00 353.42 5.09 0.00
0.00 25620.31
17.10 -53.06 -9999.00 -9999.00 -9999.00 177.56 9.13 0.00
0.00 27314.87
12.30 -48.86 -9999.00 -9999.00 -9999.00 226.08 14.57 0.00
0.00 29457.74

STID = KMHX STNM = 723050 TIME = 221026/1900 
SLAT = 34.78 SLON = -76.87 SELV = 8.0
STIM = 7

SHOW = 3.56 LIFT = 6.19 SWET = 176.42 KINX = 28.97
LCLP = 920.45 PWAT = 33.06 TOTL = 41.30 CAPE = 0.00
LCLT = 287.71 CINS = 0.00 EQLV = -9999.00 LFCT = -9999.00
BRCH = 0.00

PRES TMPC TMWC DWPC THTE DRCT SKNT OMEG
CFRL HGHT
1008.20 22.14 18.14 15.98 327.63 182.73 8.16 0.00
0.00 17.49
1005.20 21.54 17.81 15.77 326.89 184.86 9.17 0.00
0.00 43.40
999.60 20.94 17.50 15.60 326.57 186.84 9.79 0.00
0.00 91.87
990.10 20.04 17.04 15.35 326.24 190.20 9.87 0.00
0.00 174.50
975.90 18.84 16.30 14.84 325.66 194.30 10.22 0.00
0.00 299.05
957.80 18.24 14.43 12.00 321.95 200.90 11.44 0.00
1.00 459.86
936.20 17.54 12.88 9.66 320.01 207.35 12.68 0.00
0.00 655.20
912.60 17.14 12.37 9.06 321.59 217.95 12.32 -0.10
0.00 873.35
886.80 15.74 13.44 12.02 328.57 226.93 12.24 -0.10
0.00 1117.77
858.10 14.14 11.80 10.27 327.52 230.41 13.11 -0.10
0.00 1396.80
826.40 12.34 11.02 10.14 329.81 234.71 15.46 0.10
0.00 1714.14
791.60 10.54 9.40 8.61 330.19 235.94 16.65 0.10
7.00 2074.52
753.80 8.64 6.89 5.56 328.71 235.62 17.89 0.10
2.00 2481.48
713.00 6.94 4.89 3.21 329.65 228.01 18.30 0.00
0.00 2941.08
669.20 4.54 2.72 1.12 331.14 217.46 18.84 0.00
0.00 3460.67
622.50 1.64 -4.77 -16.27 320.56 231.42 20.86 0.00
0.00 4047.01
573.40 -1.96 -9.20 -32.92 319.47 246.63 24.96 0.00
0.00 4703.97
526.00 -6.06 -12.11 -32.87 322.64 247.19 26.55 0.00
0.00 5383.89
483.20 -10.46 -15.65 -38.69 324.46 249.39 25.93 0.00
0.00 6042.10
445.10 -15.36 -19.53 -43.67 325.59 249.68 22.38 0.10
0.00 6667.83
410.80 -20.26 -23.47 -46.70 326.65 241.82 18.51 0.20
0.00 7267.26
379.70 -24.86 -27.40 -53.41 327.73 228.18 19.81 0.10
0.00 7844.76
351.90 -29.06 -31.00 -55.33 329.22 225.00 26.38 0.10
0.00 8392.71
326.80 -32.86 -34.35 -55.93 331.02 223.38 29.14 0.10
0.00 8917.32
304.20 -35.46 -36.75 -59.75 334.13 220.10 28.94 0.10
0.00 9418.66
284.00 -38.56 -39.60 -62.51 336.27 216.72 29.56 0.00
0.00 9893.61
265.80 -42.06 -42.86 -66.03 337.53 216.64 29.29 0.00
0.00 10345.01
248.90 -45.46 -46.05 -66.51 338.87 214.12 28.40 0.00
0.00 10786.12
233.60 -48.36 -48.81 -66.97 340.67 207.72 25.89 0.00
0.00 11206.25
219.60 -51.16 -51.50 -67.41 342.42 200.61 24.28 0.00
0.00 11610.38
205.70 -53.36 -53.64 -67.88 345.42 202.83 24.03 0.00
0.00 12033.17
191.70 -55.36 -55.59 -68.39 349.24 203.96 22.96 0.00
0.00 12484.60
177.80 -57.76 -57.96 -73.70 352.85 197.98 23.29 0.00
0.00 12961.82
163.80 -60.56 -60.71 -74.24 356.52 201.72 25.72 0.00
0.00 13475.54
149.80 -63.26 -63.37 -74.84 361.10 213.91 28.55 0.00
0.00 14027.99
135.90 -64.96 -9999.00 -9999.00 -9999.00 228.47 27.25 0.00
0.00 14623.86
121.90 -66.06 -9999.00 -9999.00 -9999.00 225.84 18.69 -0.10
0.00 15284.64
108.00 -69.26 -9999.00 -9999.00 -9999.00 209.66 16.10 0.00
0.00 16012.87
94.00 -69.26 -9999.00 -9999.00 -9999.00 205.38 16.76 0.00
0.00 16841.47
81.00 -66.86 -9999.00 -9999.00 -9999.00 196.05 14.76 0.00
0.00 17735.03
70.60 -65.56 -9999.00 -9999.00 -9999.00 152.02 7.03 0.00
0.00 18567.43
62.20 -65.86 -9999.00 -9999.00 -9999.00 118.39 8.18 0.00
0.00 19336.61
54.30 -66.06 -9999.00 -9999.00 -9999.00 95.19 8.59 0.00
0.00 20160.39
46.90 -65.96 -9999.00 -9999.00 -9999.00 87.80 10.10 0.00
0.00 21048.70
40.10 -65.26 -9999.00 -9999.00 -9999.00 49.40 5.38 0.00
0.00 22000.30
33.80 -63.66 -9999.00 -9999.00 -9999.00 331.56 10.61 0.00
0.00 23044.36
27.80 -61.26 -9999.00 -9999.00 -9999.00 346.91 8.57 0.00
0.00 24249.58
22.30 -57.66 -9999.00 -9999.00 -9999.00 107.45 7.13 0.00
0.00 25628.50
17.10 -54.36 -9999.00 -9999.00 -9999.00 185.71 9.75 0.00
0.00 27316.06
12.30 -48.86 -9999.00 -9999.00 -9999.00 249.30 18.69 0.00
0.00 29452.67

STID = KMHX STNM = 723050 TIME = 221026/2000 
SLAT = 34.78 SLON = -76.87 SELV = 8.0
STIM = 8

SHOW = 2.89 LIFT = 4.86 SWET = 186.55 KINX = 30.34
LCLP = 926.15 PWAT = 34.85 TOTL = 41.98 CAPE = 0.00
LCLT = 287.92 CINS = 0.00 EQLV = -9999.00 LFCT = -9999.00
BRCH = 0.00

PRES TMPC TMWC DWPC THTE DRCT SKNT OMEG
CFRL HGHT
1008.20 21.84 18.11 16.10 327.54 184.90 6.82 0.00
0.00 18.34
1005.20 21.44 17.88 15.93 327.11 188.53 7.85 0.00
0.00 44.24
999.70 20.94 17.61 15.78 326.93 190.78 8.31 0.10
0.00 91.83
990.10 20.04 17.15 15.54 326.64 194.35 8.62 0.10
0.00 175.34
976.00 19.04 16.35 14.80 325.80 200.56 9.97 0.20
0.00 299.05
957.90 18.44 15.14 13.14 324.23 207.80 12.08 0.20
0.00 459.99
936.20 17.64 14.34 12.30 324.58 212.54 13.36 0.30
0.00 656.46
912.60 16.84 13.88 12.05 326.34 218.66 14.92 0.30
0.00 874.75
886.80 15.44 13.54 12.38 328.92 220.36 15.29 0.20
0.00 1119.06
858.10 13.84 12.24 11.22 328.93 218.66 13.68 0.00
0.00 1397.88
826.30 12.34 11.39 10.77 331.02 220.52 14.04 0.00
0.00 1716.16
791.50 10.44 10.37 10.28 333.23 233.71 15.42 0.10
71.00 2076.69
753.60 8.34 8.32 8.25 332.97 241.99 20.69 0.10
100.00 2484.84
712.80 6.64 6.08 5.64 333.13 228.28 21.60 0.10
19.00 2944.46
669.00 4.44 0.67 -3.34 325.75 224.65 22.67 -0.10
0.00 3463.75
622.40 1.74 -5.63 -21.89 318.54 231.34 19.89 -0.30
0.00 4048.55
573.40 -1.86 -9.25 -34.78 319.34 247.08 25.93 -0.20
0.00 4704.32
525.90 -5.96 -12.14 -34.30 322.56 252.08 27.16 0.00
0.00 5385.96
483.20 -10.56 -15.73 -39.05 324.30 254.55 24.79 0.10
0.00 6042.68
445.10 -15.56 -19.71 -44.76 325.26 248.20 21.97 0.20
0.00 6668.05
410.80 -20.36 -23.57 -47.37 326.48 236.60 21.17 0.20
0.00 7267.12
379.70 -25.06 -27.52 -51.28 327.55 231.84 24.20 0.10
0.00 7844.27
351.90 -29.36 -31.21 -52.93 328.90 229.14 28.52 0.00
0.00 8391.67
326.80 -32.76 -34.26 -55.93 331.16 229.76 29.78 0.00
0.00 8916.07
304.20 -35.76 -37.01 -59.75 333.71 227.75 28.59 0.00
0.00 9417.20
284.00 -39.06 -40.05 -62.51 335.55 223.30 27.76 0.00
0.00 9891.35
265.80 -42.36 -43.13 -66.03 337.09 219.97 26.61 0.00
0.00 10341.98
248.90 -45.56 -46.14 -66.51 338.72 211.69 26.26 0.00
0.00 10782.70
233.60 -48.56 -49.00 -66.97 340.37 203.04 26.81 0.00
0.00 11202.55
219.60 -50.96 -51.31 -67.41 342.73 196.61 25.14 0.00
0.00 11606.68
205.70 -53.16 -53.44 -67.88 345.73 200.71 24.71 0.00
0.00 12029.86
191.70 -54.96 -55.20 -68.39 349.88 206.77 24.15 0.00
0.00 12481.90
177.70 -57.26 -57.47 -73.70 353.73 207.17 24.67 0.00
0.00 12963.69
163.80 -60.36 -60.51 -74.24 356.86 210.89 26.48 0.00
0.00 13474.72
149.80 -63.46 -63.56 -74.84 360.75 217.41 29.10 0.00
0.00 14027.17
135.90 -65.36 -9999.00 -9999.00 -9999.00 226.42 27.62 0.00
0.00 14622.18
121.90 -66.16 -9999.00 -9999.00 -9999.00 220.17 19.58 0.00
0.00 15282.17
108.00 -68.76 -9999.00 -9999.00 -9999.00 200.85 17.46 0.00
0.00 16011.11
94.00 -68.36 -9999.00 -9999.00 -9999.00 211.73 17.37 0.00
0.00 16842.55
81.00 -65.96 -9999.00 -9999.00 -9999.00 204.59 12.61 0.00
0.00 17740.03
70.60 -65.86 -9999.00 -9999.00 -9999.00 165.53 6.22 0.00
0.00 18573.64
62.20 -65.86 -9999.00 -9999.00 -9999.00 135.00 5.50 0.00
0.00 19342.26
54.30 -65.96 -9999.00 -9999.00 -9999.00 94.09 8.18 0.00
0.00 20166.24
46.90 -65.86 -9999.00 -9999.00 -9999.00 83.05 8.02 0.00
0.00 21054.98
40.10 -64.56 -9999.00 -9999.00 -9999.00 12.34 6.37 0.00
0.00 22008.41
33.80 -63.56 -9999.00 -9999.00 -9999.00 7.94 8.43 0.00
0.00 23054.47
27.80 -61.56 -9999.00 -9999.00 -9999.00 88.73 8.74 0.00
0.00 24259.12
22.30 -57.66 -9999.00 -9999.00 -9999.00 135.00 8.51 0.00
0.00 25637.07
17.10 -51.56 -9999.00 -9999.00 -9999.00 239.49 12.63 0.00
0.00 27335.51
12.30 -47.46 -9999.00 -9999.00 -9999.00 248.03 23.87 0.00
0.00 29492.37

STID = KMHX STNM = 723050 TIME = 221026/2100 
SLAT = 34.78 SLON = -76.87 SELV = 8.0
STIM = 9

SHOW = 1.77 LIFT = 3.97 SWET = 197.41 KINX = 29.70
LCLP = 939.92 PWAT = 34.48 TOTL = 43.35 CAPE = 0.00
LCLT = 288.51 CINS = 0.00 EQLV = -9999.00 LFCT = -9999.00
BRCH = 0.00

PRES TMPC TMWC DWPC THTE DRCT SKNT OMEG
CFRL HGHT
1007.50 21.14 18.09 16.45 327.57 174.09 5.67 0.00
0.00 17.47
1004.40 20.84 17.90 16.30 327.31 173.09 6.45 0.00
0.00 44.19
998.90 20.34 17.62 16.13 327.08 175.24 7.01 0.00
0.00 91.73
989.30 19.64 17.19 15.82 326.86 178.60 7.96 0.10
0.00 175.17
975.20 19.24 16.08 14.23 325.00 194.50 11.64 0.10
0.00 298.93
957.10 18.74 15.81 14.10 326.53 199.25 12.96 0.10
0.00 460.16
935.50 17.94 15.29 13.75 327.79 205.11 13.73 0.00
0.00 656.18
911.80 17.14 14.82 13.46 329.54 210.83 14.02 0.00
0.00 875.93
886.10 15.84 13.97 12.85 330.43 214.59 13.69 0.00
0.00 1119.88
857.40 14.14 12.92 12.16 331.23 214.14 13.85 0.10
0.00 1399.35
825.60 12.44 12.04 11.75 333.21 218.77 16.43 0.40
5.00 1718.24
790.80 10.64 10.52 10.39 333.80 227.82 16.78 0.70
94.00 2079.35
753.00 8.04 7.96 7.86 331.99 235.65 18.59 0.80
100.00 2486.68
712.20 5.74 4.54 3.55 328.84 231.97 24.90 0.50
15.00 2945.51
668.60 4.34 -0.94 -7.70 321.80 222.34 23.66 0.10
0.00 3461.51
622.10 2.34 -6.50 -38.59 316.35 232.40 21.33 -0.10
0.00 4045.52
573.10 -1.66 -8.99 -32.44 319.95 248.03 24.92 -0.10
0.00 4702.42
525.70 -5.86 -12.08 -34.30 322.72 252.80 25.62 0.00
0.00 5383.34
483.10 -10.76 -15.88 -39.41 324.04 251.88 22.47 0.20
0.00 6038.59
444.90 -15.86 -19.89 -43.68 325.00 245.05 21.64 0.30
0.00 6665.20
410.70 -20.76 -23.84 -46.08 326.07 235.92 23.91 0.30
0.00 7261.92
379.70 -25.36 -27.70 -48.78 327.27 233.97 26.42 0.20
0.00 7836.50
351.80 -29.06 -30.96 -52.93 329.33 237.29 28.40 0.10
0.00 8385.95
326.80 -32.46 -34.02 -57.41 331.53 240.06 28.03 0.00
0.00 8908.98
304.20 -36.06 -37.30 -61.98 333.24 235.67 28.92 0.00
0.00 9410.10
284.00 -39.46 -40.43 -65.54 334.93 232.89 28.01 -0.10
0.00 9883.54
265.80 -42.76 -43.50 -66.03 336.51 229.54 26.05 -0.20
0.00 10333.39
248.90 -45.86 -46.43 -66.51 338.27 219.99 23.58 -0.20
0.00 10773.44
233.60 -48.86 -49.29 -66.97 339.91 203.20 25.16 -0.20
0.00 11192.74
219.60 -51.26 -51.60 -67.41 342.27 198.43 25.80 -0.10
0.00 11596.32
205.70 -53.36 -53.64 -67.88 345.42 201.04 24.36 -0.10
0.00 12019.02
191.70 -55.06 -55.32 -73.19 349.67 209.36 24.96 -0.10
0.00 12470.76
177.70 -57.36 -57.57 -73.70 353.56 215.34 26.18 -0.10
0.00 12952.32
163.80 -60.26 -60.41 -74.24 357.03 213.57 26.34 -0.10
0.00 13463.35
149.80 -63.46 -63.56 -74.84 360.75 210.69 27.78 0.00
0.00 14015.93
135.90 -65.06 -9999.00 -9999.00 -9999.00 217.13 26.07 0.00
0.00 14611.37
121.90 -65.66 -9999.00 -9999.00 -9999.00 213.69 21.02 0.00
0.00 15272.63
108.00 -68.26 -9999.00 -9999.00 -9999.00 199.69 19.60 0.00
0.00 16003.34
94.00 -68.16 -9999.00 -9999.00 -9999.00 218.97 17.00 0.00
0.00 16836.21
81.00 -66.26 -9999.00 -9999.00 -9999.00 209.60 9.83 0.00
0.00 17733.47
70.60 -66.86 -9999.00 -9999.00 -9999.00 158.55 5.85 0.00
0.00 18564.47
62.20 -66.76 -9999.00 -9999.00 -9999.00 128.05 5.67 0.00
0.00 19329.57
54.30 -67.26 -9999.00 -9999.00 -9999.00 92.54 8.74 0.00
0.00 20149.17
46.90 -66.46 -9999.00 -9999.00 -9999.00 71.03 6.57 0.00
0.00 21033.84
40.10 -65.06 -9999.00 -9999.00 -9999.00 41.99 7.85 0.00
0.00 21984.74
33.80 -64.06 -9999.00 -9999.00 -9999.00 74.54 9.48 0.00
0.00 23028.30
27.80 -61.56 -9999.00 -9999.00 -9999.00 117.30 6.78 0.00
0.00 24231.53
22.30 -56.36 -9999.00 -9999.00 -9999.00 247.83 5.67 0.00
0.00 25613.66
17.10 -50.76 -9999.00 -9999.00 -9999.00 262.00 12.55 0.00
0.00 27320.27
12.30 -46.66 -9999.00 -9999.00 -9999.00 246.50 19.48 0.00
0.00 29484.84

STID = KMHX STNM = 723050 TIME = 221026/2200 
SLAT = 34.78 SLON = -76.87 SELV = 8.0
STIM = 10

SHOW = 1.99 LIFT = 3.55 SWET = 291.49 KINX = 27.75
LCLP = 947.61 PWAT = 34.61 TOTL = 42.80 CAPE = 0.00
LCLT = 289.01 CINS = 0.00 EQLV = -9999.00 LFCT = -9999.00
BRCH = 0.00

PRES TMPC TMWC DWPC THTE DRCT SKNT OMEG
CFRL HGHT
1008.40 21.04 18.30 16.84 328.19 182.20 5.05 0.00
0.00 17.46
1005.40 20.84 18.16 16.73 328.11 181.91 5.83 0.00
0.00 43.29
999.80 20.44 17.93 16.57 328.03 185.04 6.62 0.00
0.00 91.67
990.20 19.74 17.46 16.20 327.67 188.53 7.85 0.00
0.00 175.08
976.20 19.54 16.85 15.34 327.46 202.56 13.68 0.00
0.00 297.97
958.00 19.14 16.64 15.25 329.24 206.25 15.81 0.00
0.00 460.20
936.30 18.14 15.55 14.06 328.54 210.07 17.06 0.00
0.00 657.21
912.60 17.04 14.70 13.33 329.05 213.50 16.53 0.00
0.00 876.81
886.80 15.74 13.99 12.95 330.42 219.54 15.87 -0.10
0.00 1121.43
858.10 13.84 12.92 12.33 331.11 219.99 15.71 -0.20
0.00 1400.49
826.30 12.14 12.06 11.96 333.18 216.14 15.15 -0.20
24.00 1718.81
791.40 10.64 10.56 10.46 333.84 221.42 17.62 0.10
99.00 2080.49
753.60 8.24 8.17 8.08 332.53 231.84 20.75 0.40
100.00 2487.67
712.70 5.34 4.21 3.25 327.84 229.90 24.13 0.40
39.00 2947.11
669.00 4.94 -1.94 -12.58 319.22 222.85 21.99 0.10
0.00 3463.96
622.50 2.74 -6.04 -33.10 317.33 236.85 22.73 -0.10
0.00 4048.51
573.40 -1.16 -8.69 -32.44 320.49 250.35 25.99 -0.20
0.00 4707.49
526.00 -5.46 -11.90 -35.65 322.97 251.29 26.05 -0.20
0.00 5389.16
483.30 -10.66 -15.82 -39.41 324.12 249.10 22.86 -0.10
0.00 6046.23
445.10 -15.96 -19.93 -42.69 324.91 242.53 21.89 -0.10
0.00 6672.58
410.80 -21.06 -24.05 -45.49 325.70 236.05 23.66 0.00
0.00 7270.37
379.70 -25.46 -27.78 -48.78 327.14 237.82 26.63 0.10
0.00 7846.26
351.90 -29.06 -30.98 -54.05 329.26 246.08 26.36 0.10
0.00 8393.56
326.80 -32.66 -34.22 -59.19 331.21 245.11 26.77 0.10
0.00 8918.38
304.20 -36.26 -37.48 -61.98 332.96 243.96 28.32 0.10
0.00 9419.09
284.00 -39.96 -40.86 -62.51 334.26 242.20 28.32 0.00
0.00 9891.83
265.80 -43.36 -44.06 -66.03 335.63 235.95 26.03 0.00
0.00 10340.61
248.90 -46.36 -46.89 -66.51 337.53 222.27 20.22 -0.10
0.00 10779.60
233.60 -49.26 -49.67 -66.97 339.31 196.54 20.47 -0.10
0.00 11198.06
219.60 -51.66 -51.98 -67.41 341.65 192.38 24.46 0.00
0.00 11600.93
205.70 -53.36 -53.66 -72.71 345.37 199.90 23.97 0.00
0.00 12023.24
191.70 -55.06 -55.32 -73.19 349.67 213.69 25.21 0.00
0.00 12474.97
177.70 -57.56 -57.76 -73.70 353.24 220.02 26.88 0.00
0.00 12956.32
163.80 -60.46 -60.61 -74.24 356.69 213.92 27.16 0.00
0.00 13466.86
149.80 -62.96 -9999.00 -9999.00 -9999.00 212.83 28.67 0.00
0.00 14019.84
135.90 -64.56 -9999.00 -9999.00 -9999.00 220.91 26.98 0.00
0.00 14616.70
121.90 -65.86 -9999.00 -9999.00 -9999.00 222.02 23.80 0.00
0.00 15278.44
108.00 -68.36 -9999.00 -9999.00 -9999.00 215.72 21.29 0.00
0.00 16008.62
94.00 -69.46 -9999.00 -9999.00 -9999.00 228.75 16.80 0.00
0.00 16838.64
81.00 -67.06 -9999.00 -9999.00 -9999.00 212.83 7.17 0.00
0.00 17731.33
70.60 -67.36 -9999.00 -9999.00 -9999.00 137.20 7.15 0.00
0.00 18559.71
62.20 -66.46 -9999.00 -9999.00 -9999.00 108.43 9.21 0.00
0.00 19324.44
54.30 -66.16 -9999.00 -9999.00 -9999.00 94.24 10.51 0.00
0.00 20146.83
46.90 -64.36 -9999.00 -9999.00 -9999.00 79.51 5.34 0.00
0.00 21038.35
40.10 -63.86 -9999.00 -9999.00 -9999.00 74.05 4.23 0.00
0.00 21996.82
33.80 -64.06 -9999.00 -9999.00 -9999.00 153.43 3.05 0.00
0.00 23043.39
27.80 -61.56 -9999.00 -9999.00 -9999.00 253.50 5.48 0.00
0.00 24246.61
22.30 -56.76 -9999.00 -9999.00 -9999.00 287.28 9.15 0.00
0.00 25627.46
17.10 -51.76 -9999.00 -9999.00 -9999.00 280.62 6.33 0.00
0.00 27328.62
12.30 -46.66 -9999.00 -9999.00 -9999.00 255.07 15.07 0.00
0.00 29488.37

STID = KMHX STNM = 723050 TIME = 221026/2300 
SLAT = 34.78 SLON = -76.87 SELV = 8.0
STIM = 11

SHOW = 2.10 LIFT = 2.85 SWET = 306.36 KINX = 33.31
LCLP = 960.95 PWAT = 36.82 TOTL = 42.94 CAPE = 0.00
LCLT = 289.85 CINS = 0.00 EQLV = -9999.00 LFCT = -9999.00
BRCH = 0.00

PRES TMPC TMWC DWPC THTE DRCT SKNT OMEG
CFRL HGHT
1009.80 20.84 18.65 17.49 329.23 182.73 4.08 0.00
0.00 17.44
1006.80 20.74 18.52 17.35 329.19 186.84 4.90 0.00
0.00 43.23
1001.30 20.44 18.32 17.20 329.23 189.46 5.91 0.00
0.00 90.69
991.70 19.84 17.87 16.80 328.91 195.12 7.44 0.00
0.00 174.01
977.50 19.64 17.56 16.44 329.78 211.83 13.27 0.10
0.00 298.56
959.30 19.04 17.14 16.11 330.82 216.87 16.51 0.20
0.00 460.65
937.60 17.74 15.58 14.34 328.47 216.38 18.34 0.30
0.00 657.27
913.90 16.54 14.28 12.91 327.46 213.52 18.65 0.40
0.00 876.21
888.10 15.44 13.61 12.50 328.97 209.98 17.48 0.60
0.00 1120.09
859.30 13.74 12.63 11.93 330.01 206.57 16.51 0.50
0.00 1399.48
827.40 11.94 11.77 11.61 332.04 203.11 15.83 0.30
50.00 1718.14
792.50 10.84 10.77 10.67 334.33 213.89 15.68 -0.20
100.00 2079.32
754.50 8.24 8.20 8.13 332.48 223.03 19.93 -0.60
100.00 2488.29
713.50 6.44 6.37 6.27 333.84 228.96 21.89 -0.60
100.00 2949.45
669.70 2.44 1.46 0.53 327.73 234.46 20.05 -0.20
15.00 3466.46
622.90 3.84 -5.88 -53.96 317.27 247.38 22.73 -0.10
0.00 4053.40
573.80 -0.86 -9999.00 -9999.00 -9999.00 250.65 26.96 -0.30
0.00 4713.46
526.30 -5.86 -12.09 -34.55 322.58 247.88 25.80 -0.20
0.00 5395.93
483.50 -10.96 -15.95 -38.01 323.86 245.48 24.34 0.00
0.00 6053.36
445.30 -16.16 -20.00 -40.97 324.77 244.48 23.89 0.10
0.00 6678.85
410.90 -21.06 -24.03 -44.94 325.71 241.39 24.34 0.10
0.00 7277.95
379.80 -25.36 -27.74 -50.37 327.16 246.04 24.86 0.10
0.00 7853.81
351.90 -29.36 -31.26 -55.33 328.82 246.50 24.36 0.20
0.00 8402.77
326.90 -32.86 -34.39 -59.19 330.91 243.43 25.62 0.20
0.00 8924.89
304.30 -36.66 -37.83 -61.98 332.37 244.73 26.85 0.20
0.00 9424.81
284.00 -40.46 -41.32 -62.51 333.54 240.21 27.76 0.20
0.00 9898.90
265.80 -43.66 -44.33 -66.03 335.19 234.46 25.06 0.10
0.00 10346.91
248.90 -46.16 -46.71 -66.51 337.82 214.33 19.29 0.00
0.00 10785.80
233.60 -48.96 -49.38 -66.97 339.76 191.92 21.64 -0.10
0.00 11204.73
219.60 -51.26 -51.60 -67.41 342.27 197.17 25.00 -0.10
0.00 11608.22
205.70 -52.86 -53.18 -72.71 346.16 214.67 25.27 0.00
0.00 12031.40
191.70 -54.96 -55.22 -73.19 349.83 226.64 28.87 -0.10
0.00 12483.75
177.70 -57.46 -57.67 -73.70 353.40 227.18 28.87 -0.10
0.00 12965.32
163.80 -60.26 -60.41 -74.24 357.03 219.49 27.18 0.00
0.00 13476.22
149.80 -62.96 -9999.00 -9999.00 -9999.00 218.72 30.13 0.00
0.00 14029.46
135.90 -64.46 -9999.00 -9999.00 -9999.00 231.05 29.97 0.00
0.00 14626.46
121.90 -66.36 -9999.00 -9999.00 -9999.00 233.41 23.47 0.00
0.00 15287.56
108.00 -69.06 -9999.00 -9999.00 -9999.00 218.48 19.35 0.00
0.00 16015.62
94.00 -70.06 -9999.00 -9999.00 -9999.00 220.76 14.88 0.00
0.00 16843.00
81.00 -67.16 -9999.00 -9999.00 -9999.00 181.64 6.80 0.00
0.00 17734.16
70.60 -67.16 -9999.00 -9999.00 -9999.00 144.61 9.05 0.00
0.00 18562.74
62.20 -66.06 -9999.00 -9999.00 -9999.00 123.69 7.01 0.00
0.00 19328.59
54.30 -65.46 -9999.00 -9999.00 -9999.00 94.24 5.26 0.00
0.00 20153.16
46.90 -64.16 -9999.00 -9999.00 -9999.00 75.07 3.01 0.00
0.00 21046.62
40.10 -64.86 -9999.00 -9999.00 -9999.00 80.54 2.37 0.00
0.00 22003.25
33.80 -64.86 -9999.00 -9999.00 -9999.00 243.43 3.05 0.00
0.00 23045.31
27.80 -61.36 -9999.00 -9999.00 -9999.00 252.07 6.93 0.00
0.00 24246.82
22.30 -56.76 -9999.00 -9999.00 -9999.00 252.76 5.91 0.00
0.00 25628.31
17.10 -53.56 -9999.00 -9999.00 -9999.00 278.53 3.92 0.00
0.00 27322.48
12.30 -48.26 -9999.00 -9999.00 -9999.00 265.46 12.28 0.00
0.00 29465.84

STID = KMHX STNM = 723050 TIME = 221027/0000 
SLAT = 34.78 SLON = -76.87 SELV = 8.0
STIM = 12

SHOW = 2.00 LIFT = 2.20 SWET = 300.93 KINX = 27.41
LCLP = 968.81 PWAT = 34.99 TOTL = 43.32 CAPE = 0.03
LCLT = 290.33 CINS = -75.70 EQLV = 713.09 LFCT = 721.64
BRCH = 0.00

PRES TMPC TMWC DWPC THTE DRCT SKNT OMEG
CFRL HGHT
1011.00 20.74 18.85 17.86 329.81 161.57 2.45 0.00
0.00 17.43
1007.90 20.74 18.78 17.76 329.99 171.87 2.74 0.00
0.00 44.05
1002.30 20.54 18.61 17.59 330.11 180.00 4.08 0.00
0.00 92.33
992.70 20.14 18.18 17.14 329.89 190.12 5.52 -0.10
0.00 175.64
978.50 19.84 17.91 16.88 330.87 208.44 10.61 -0.10
0.00 300.20
960.30 19.04 17.49 16.65 331.91 215.18 14.49 -0.10
0.00 462.21
938.60 17.74 16.31 15.51 330.84 215.46 17.40 -0.10
0.00 658.69
914.70 16.54 14.17 12.73 327.00 214.43 20.96 -0.10
0.00 879.32
888.90 15.54 13.38 12.04 328.08 213.25 20.90 -0.30
0.00 1122.99
860.10 14.14 12.56 11.56 329.64 207.76 20.86 -0.40
0.00 1402.31
828.20 12.24 11.95 11.72 332.50 211.45 23.45 -0.40
0.00 1721.05
793.20 10.64 10.58 10.49 333.61 224.59 19.37 0.00
100.00 2082.99
755.10 7.84 7.60 7.38 330.55 229.90 14.47 0.60
95.00 2492.18
714.10 5.24 4.06 3.04 327.19 221.19 14.45 0.70
92.00 2951.34
670.30 4.74 -1.94 -12.16 319.04 225.73 21.43 0.10
0.00 3468.08
623.50 2.44 -5.95 -29.02 317.46 248.29 22.57 -0.30
0.00 4054.88
574.30 -1.16 -8.65 -31.96 320.41 253.88 25.87 -0.30
0.00 4713.82
526.70 -5.96 -12.20 -35.35 322.28 246.61 23.48 -0.30
0.00 5396.75
483.80 -11.06 -15.98 -37.37 323.75 241.39 21.91 -0.20
0.00 6055.02
445.50 -16.36 -20.11 -40.19 324.55 244.56 22.16 -0.10
0.00 6681.45
411.10 -20.66 -23.80 -47.36 326.03 249.78 23.60 0.00
0.00 7280.51
380.00 -24.86 -27.40 -53.41 327.66 250.29 24.77 0.00
0.00 7857.10
352.00 -29.06 -31.00 -55.32 329.19 245.99 25.31 0.00
0.00 8408.70
326.90 -32.86 -34.39 -59.19 330.91 243.43 25.19 0.00
0.00 8933.15
304.30 -36.86 -37.98 -59.75 332.13 241.49 25.64 0.10
0.00 9432.86
284.00 -40.76 -41.59 -62.51 333.11 236.42 27.04 0.10
0.00 9906.45
265.80 -43.76 -44.43 -66.03 335.05 234.30 24.63 0.10
0.00 10354.07
248.90 -46.16 -46.71 -66.51 337.82 219.29 19.33 0.00
0.00 10792.87
233.60 -48.86 -49.29 -66.97 339.91 195.58 20.98 -0.10
0.00 11211.89
219.60 -51.36 -51.69 -67.41 342.11 200.83 23.48 0.00
0.00 11615.38
205.70 -53.16 -53.47 -72.71 345.69 219.47 25.66 0.00
0.00 12038.17
191.70 -55.06 -55.32 -73.19 349.67 230.45 27.47 0.10
0.00 12490.11
177.70 -57.26 -57.47 -73.70 353.73 230.96 27.76 0.10
0.00 12971.79
163.80 -59.66 -59.83 -74.24 358.03 226.61 29.41 0.10
0.00 13483.65
149.80 -62.26 -9999.00 -9999.00 -9999.00 226.55 30.50 0.10
0.00 14038.58
135.90 -64.46 -9999.00 -9999.00 -9999.00 235.65 28.22 0.10
0.00 14636.59
121.90 -66.06 -9999.00 -9999.00 -9999.00 231.50 21.83 0.10
0.00 15298.16
108.00 -68.16 -9999.00 -9999.00 -9999.00 207.67 17.99 0.00
0.00 16028.34
94.00 -69.16 -9999.00 -9999.00 -9999.00 211.66 13.69 0.00
0.00 16859.38
81.00 -67.26 -9999.00 -9999.00 -9999.00 164.05 8.49 0.00
0.00 17752.29
70.60 -67.66 -9999.00 -9999.00 -9999.00 157.56 9.67 0.00
0.00 18579.66
62.20 -66.36 -9999.00 -9999.00 -9999.00 145.01 4.74 0.00
0.00 19344.02
54.30 -65.66 -9999.00 -9999.00 -9999.00 81.87 4.12 0.00
0.00 20167.60
46.90 -65.06 -9999.00 -9999.00 -9999.00 75.26 3.81 0.00
0.00 21058.70
40.10 -65.56 -9999.00 -9999.00 -9999.00 344.74 2.21 0.00
0.00 22011.67
33.80 -62.96 -9999.00 -9999.00 -9999.00 300.26 8.10 0.00
0.00 23056.73
27.80 -58.86 -9999.00 -9999.00 -9999.00 292.01 9.85 0.00
0.00 24270.82
22.30 -57.66 -9999.00 -9999.00 -9999.00 263.42 5.09 0.00
0.00 25657.47
17.10 -54.96 -9999.00 -9999.00 -9999.00 280.78 4.16 0.00
0.00 27342.71
12.30 -48.16 -9999.00 -9999.00 -9999.00 282.44 13.52 0.00
0.00 29479.79

STID = KMHX STNM = 723050 TIME = 221027/0100 
SLAT = 34.78 SLON = -76.87 SELV = 8.0
STIM = 13

SHOW = 1.35 LIFT = 2.10 SWET = 275.83 KINX = 19.96
LCLP = 973.49 PWAT = 31.43 TOTL = 44.07 CAPE = 1.92
LCLT = 290.62 CINS = -49.18 EQLV = 770.88 LFCT = 805.36
BRCH = 0.11

PRES TMPC TMWC DWPC THTE DRCT SKNT OMEG
CFRL HGHT
1009.90 20.54 18.92 18.06 330.19 125.54 1.67 0.00
0.00 17.43
1006.90 20.64 18.83 17.88 330.28 131.19 2.06 0.00
0.00 43.21
1001.30 20.44 18.66 17.73 330.45 163.61 3.44 0.00
0.00 91.53
991.70 20.04 18.25 17.29 330.25 177.80 5.05 -0.10
0.00 174.90
977.60 19.74 17.96 17.02 331.19 196.39 10.33 -0.10
0.00 298.66
959.30 18.74 17.82 17.31 333.25 208.98 14.43 -0.10
0.00 461.64
937.50 17.54 16.35 15.67 331.12 215.25 17.83 -0.20
5.00 659.13
913.80 16.34 13.92 12.43 326.31 216.45 21.25 -0.30
0.00 877.99
888.00 15.44 12.82 11.15 326.43 214.11 21.81 -0.30
0.00 1121.72
859.20 14.54 13.45 12.78 332.71 218.19 18.53 -0.10
0.00 1401.50
827.30 12.04 11.25 10.71 330.40 221.85 17.46 0.20
2.00 1720.71
792.40 9.44 8.20 7.28 326.49 215.29 21.17 0.40
62.00 2080.82
754.50 8.04 5.25 2.86 324.01 209.95 20.63 0.20
45.00 2486.98
713.60 5.84 0.84 -5.10 318.95 217.46 18.84 0.00
42.00 2945.29
669.90 4.44 -3.56 -20.12 315.26 221.35 19.41 -0.10
0.00 3460.82
623.20 2.44 -5.91 -28.47 317.61 247.43 18.73 0.10
0.00 4046.17
574.10 -1.26 -8.74 -32.42 320.26 250.48 22.67 0.10
0.00 4703.93
526.50 -5.86 -12.15 -35.64 322.40 240.51 22.09 0.20
0.00 5387.11
483.70 -11.06 -16.02 -38.01 323.70 241.14 21.74 0.10
0.00 6044.15
445.40 -15.96 -19.93 -42.69 324.85 244.72 23.19 0.10
0.00 6671.19
411.00 -20.46 -23.68 -48.85 326.23 247.42 23.78 0.00
0.00 7271.07
379.90 -24.96 -27.44 -51.27 327.63 246.40 25.23 0.00
0.00 7847.93
352.00 -29.06 -30.98 -54.05 329.23 240.31 25.49 0.00
0.00 8397.52
326.90 -32.96 -34.45 -57.41 330.81 236.18 24.09 0.00
0.00 8921.87
304.30 -37.06 -38.16 -59.75 331.85 232.75 23.43 0.00
0.00 9421.26
284.00 -41.06 -41.86 -62.51 332.68 228.90 24.22 0.00
0.00 9894.34
265.80 -43.96 -44.61 -66.03 334.76 226.04 22.67 0.00
0.00 10341.48
248.90 -46.26 -46.80 -66.51 337.68 215.47 19.08 -0.10
0.00 10779.99
233.60 -48.86 -49.29 -66.97 339.91 194.16 21.45 -0.10
0.00 11198.91
219.60 -51.36 -51.69 -67.41 342.11 199.90 23.97 -0.10
0.00 11602.41
205.70 -53.16 -53.47 -72.71 345.69 217.30 25.64 0.00
0.00 12025.20
191.70 -55.06 -55.32 -73.19 349.67 230.35 28.01 0.00
0.00 12477.14
177.70 -57.16 -57.38 -73.70 353.89 233.73 29.88 0.00
0.00 12958.93
163.80 -59.46 -59.63 -74.24 358.37 232.00 31.55 0.00
0.00 13471.15
149.80 -62.26 -9999.00 -9999.00 -9999.00 235.15 31.95 0.00
0.00 14026.34
135.90 -64.46 -9999.00 -9999.00 -9999.00 237.95 26.36 0.00
0.00 14624.35
121.90 -66.06 -9999.00 -9999.00 -9999.00 222.85 18.28 0.00
0.00 15285.92
108.00 -67.86 -9999.00 -9999.00 -9999.00 207.07 19.64 0.00
0.00 16016.64
94.00 -68.86 -9999.00 -9999.00 -9999.00 201.21 13.97 0.00
0.00 16848.89
81.00 -67.36 -9999.00 -9999.00 -9999.00 180.00 11.07 0.00
0.00 17742.23
70.60 -67.66 -9999.00 -9999.00 -9999.00 188.43 10.61 0.00
0.00 18569.41
62.20 -65.76 -9999.00 -9999.00 -9999.00 180.00 2.33 0.00
0.00 19334.88
54.30 -65.26 -9999.00 -9999.00 -9999.00 63.43 4.35 0.00
0.00 20160.45
46.90 -65.16 -9999.00 -9999.00 -9999.00 45.00 2.74 0.00
0.00 21052.19
40.10 -64.96 -9999.00 -9999.00 -9999.00 318.01 7.85 0.00
0.00 22006.30
33.80 -61.66 -9999.00 -9999.00 -9999.00 313.03 11.97 0.00
0.00 23056.12
27.80 -58.16 -9999.00 -9999.00 -9999.00 319.24 7.44 0.00
0.00 24275.93
22.30 -57.56 -9999.00 -9999.00 -9999.00 349.99 3.36 0.00
0.00 25665.17
17.10 -55.66 -9999.00 -9999.00 -9999.00 339.44 6.64 0.00
0.00 27348.07
12.30 -49.06 -9999.00 -9999.00 -9999.00 278.47 9.23 0.00
0.00 29477.44

STID = KMHX STNM = 723050 TIME = 221027/0200 
SLAT = 34.78 SLON = -76.87 SELV = 8.0
STIM = 14

SHOW = 1.66 LIFT = 1.99 SWET = 289.09 KINX = -11.59
LCLP = 982.40 PWAT = 29.68 TOTL = 43.51 CAPE = 29.76
LCLT = 290.88 CINS = -26.69 EQLV = 369.25 LFCT = 823.67
BRCH = 1.63

PRES TMPC TMWC DWPC THTE DRCT SKNT OMEG
CFRL HGHT
1010.00 20.04 18.83 18.17 329.85 84.81 2.14 0.00
0.00 17.42
1006.90 20.44 18.83 17.98 330.29 102.99 2.58 0.00
0.00 44.02
1001.40 20.54 18.79 17.88 330.90 146.31 3.50 -0.10
0.00 91.47
991.80 20.24 18.46 17.53 331.03 170.54 5.91 -0.20
0.00 174.88
977.60 19.84 18.39 17.63 332.75 192.99 10.37 -0.30
0.00 299.61
959.30 18.84 17.81 17.25 333.23 210.43 14.20 -0.30
0.00 462.67
937.60 17.44 16.09 15.32 330.21 219.38 16.84 -0.40
2.00 659.22
913.90 16.14 14.06 12.78 326.74 220.79 18.73 -0.30
0.00 877.94
888.00 15.14 12.29 10.41 324.77 213.54 20.05 -0.20
0.00 1122.37
859.20 13.84 13.14 12.68 331.67 217.12 18.03 0.10
0.00 1401.63
827.30 11.84 11.31 10.94 330.61 217.65 17.17 0.40
88.00 1720.34
792.40 8.64 8.58 8.49 327.59 209.05 18.01 0.50
100.00 2079.90
754.40 6.74 4.25 1.98 321.38 208.86 21.74 0.30
4.00 2485.69
713.70 8.14 -2.54 -43.06 310.22 222.14 22.01 0.00
0.00 2942.02
670.00 5.44 -3.88 -29.05 314.25 219.21 19.06 -0.10
0.00 3459.87
623.30 2.34 -5.88 -27.42 317.69 242.33 17.99 0.00
0.00 4045.98
574.20 -1.26 -8.80 -33.40 320.10 245.89 22.34 0.00
0.00 4703.52
526.50 -5.86 -12.29 -38.58 322.07 242.31 22.16 -0.10
0.00 5388.04
483.70 -11.06 -16.14 -40.58 323.44 248.02 22.82 -0.10
0.00 6045.05
445.40 -15.96 -19.94 -43.17 324.81 249.06 23.91 -0.10
0.00 6672.07
411.00 -20.56 -23.74 -48.08 326.14 245.26 24.59 -0.10
0.00 7271.84
379.90 -25.16 -27.60 -51.27 327.36 241.36 26.34 -0.10
0.00 7848.35
352.00 -29.26 -31.13 -52.93 329.01 239.99 26.03 -0.10
0.00 8397.50
326.90 -33.16 -34.60 -55.93 330.58 236.18 23.39 -0.10
0.00 8921.42
304.30 -37.36 -38.43 -59.75 331.43 229.29 22.05 -0.10
0.00 9420.29
284.00 -41.26 -42.05 -62.51 332.39 222.54 22.42 0.00
0.00 9892.86
265.80 -44.26 -44.87 -63.01 334.36 220.66 21.76 0.00
0.00 10339.52
248.90 -46.46 -46.99 -66.51 337.38 215.86 19.89 0.00
0.00 10777.55
233.60 -48.96 -49.38 -66.97 339.76 199.76 21.25 -0.10
0.00 11196.20
219.60 -51.26 -51.60 -67.41 342.27 203.26 24.11 0.00
0.00 11599.69
205.70 -53.06 -53.37 -72.71 345.85 219.05 26.52 0.00
0.00 12022.68
191.70 -55.16 -55.42 -73.19 349.51 232.03 30.30 0.10
0.00 12474.61
177.70 -57.36 -57.57 -73.70 353.56 236.89 32.01 0.10
0.00 12956.07
163.80 -59.86 -60.02 -74.24 357.70 238.28 32.89 0.10
0.00 13467.57
149.80 -62.46 -9999.00 -9999.00 -9999.00 240.17 32.01 0.00
0.00 14021.98
135.90 -64.46 -9999.00 -9999.00 -9999.00 240.69 25.39 0.00
0.00 14619.70
121.90 -66.36 -9999.00 -9999.00 -9999.00 221.74 16.92 0.00
0.00 15280.80
108.00 -68.46 -9999.00 -9999.00 -9999.00 217.53 20.09 0.00
0.00 16009.92
94.00 -69.06 -9999.00 -9999.00 -9999.00 210.84 15.15 0.00
0.00 16840.55
81.00 -68.16 -9999.00 -9999.00 -9999.00 190.39 11.85 0.00
0.00 17731.71
70.60 -67.66 -9999.00 -9999.00 -9999.00 181.12 9.91 0.00
0.00 18557.28
62.20 -65.56 -9999.00 -9999.00 -9999.00 135.00 3.57 0.00
0.00 19323.12
54.30 -65.56 -9999.00 -9999.00 -9999.00 99.87 4.53 0.00
0.00 20148.49
46.90 -64.86 -9999.00 -9999.00 -9999.00 66.80 1.48 0.00
0.00 21040.23
40.10 -63.96 -9999.00 -9999.00 -9999.00 334.80 7.30 0.00
0.00 21997.33
33.80 -61.96 -9999.00 -9999.00 -9999.00 328.47 10.02 0.00
0.00 23048.89
27.80 -60.06 -9999.00 -9999.00 -9999.00 329.04 6.80 0.00
0.00 24262.41
22.30 -58.36 -9999.00 -9999.00 -9999.00 356.31 6.04 0.00
0.00 25642.93
17.10 -54.16 -9999.00 -9999.00 -9999.00 15.38 8.06 0.00
0.00 27328.56
12.30 -47.66 -9999.00 -9999.00 -9999.00 240.80 7.56 0.00
0.00 29471.91

STID = KMHX STNM = 723050 TIME = 221027/0300 
SLAT = 34.78 SLON = -76.87 SELV = 8.0
STIM = 15

SHOW = 2.31 LIFT = 1.51 SWET = 304.78 KINX = 14.37
LCLP = 989.50 PWAT = 31.95 TOTL = 42.71 CAPE = 33.33
LCLT = 291.05 CINS = -2.72 EQLV = 353.55 LFCT = 929.84
BRCH = 2.01

PRES TMPC TMWC DWPC THTE DRCT SKNT OMEG
CFRL HGHT
1011.60 19.74 18.78 18.25 329.48 125.54 1.67 0.00
0.00 18.24
1008.60 20.24 18.84 18.09 330.08 108.43 2.45 -0.10
0.00 43.93
1003.10 20.44 18.89 18.07 331.01 141.84 3.46 -0.20
0.00 91.28
993.40 20.24 18.69 17.87 331.61 172.15 5.69 -0.30
0.00 175.41
979.20 19.64 18.52 17.92 332.99 196.82 8.72 -0.40
0.00 299.91
961.00 18.54 17.78 17.34 332.85 215.31 11.42 -0.50
0.00 461.68
939.20 16.84 16.66 16.50 331.95 222.98 11.67 -0.40
22.00 658.54
915.30 15.34 14.91 14.61 329.34 224.37 12.51 -0.30
24.00 878.37
889.50 14.64 12.53 11.16 325.31 210.00 15.93 -0.20
0.00 1121.05
860.50 13.34 12.64 12.17 329.84 206.57 15.64 -0.30
0.00 1401.31
828.60 11.84 11.16 10.69 329.92 209.05 16.01 -0.30
38.00 1719.20
793.60 9.04 8.55 8.16 327.31 207.53 20.59 -0.30
55.00 2079.45
755.60 7.14 5.22 3.59 323.77 206.34 21.89 -0.30
2.00 2485.24
714.60 6.84 0.63 -7.33 318.20 215.84 21.56 -0.10
0.00 2944.06
670.80 5.84 -3.23 -23.92 315.64 221.30 19.13 0.10
0.00 3462.14
624.00 2.84 -5.71 -29.01 317.85 240.42 16.53 0.10
0.00 4049.82
574.70 -1.06 -8.72 -34.19 320.15 251.88 22.47 0.10
0.00 4710.19
526.90 -6.06 -12.32 -36.53 321.98 251.41 23.15 0.10
0.00 5395.59
484.00 -10.96 -15.96 -38.33 323.73 249.97 22.13 0.10
0.00 6053.58
445.70 -15.96 -19.91 -42.22 324.82 248.38 23.19 0.10
0.00 6680.34
411.20 -20.66 -23.79 -47.36 326.01 244.98 25.72 0.00
0.00 7281.39
380.10 -25.26 -27.66 -50.36 327.22 240.26 26.63 0.00
0.00 7857.38
352.10 -29.36 -31.23 -54.04 328.80 240.20 24.63 0.00
0.00 8408.05
327.00 -33.36 -34.80 -57.41 330.23 237.57 22.09 0.10
0.00 8931.48
304.30 -37.46 -38.52 -59.75 331.29 228.72 21.19 0.10
0.00 9432.17
284.00 -41.26 -42.05 -62.51 332.39 222.45 21.58 0.10
0.00 9904.64
265.80 -44.16 -44.77 -63.01 334.51 220.83 20.80 0.10
0.00 10351.40
248.90 -46.46 -46.99 -66.51 337.38 215.86 19.89 0.10
0.00 10789.52
233.60 -48.76 -49.19 -66.97 340.06 207.28 20.77 0.00
0.00 11208.36
219.60 -50.96 -51.31 -67.41 342.73 208.73 23.04 0.10
0.00 11612.30
205.70 -52.96 -53.28 -72.71 346.00 220.83 26.44 0.10
0.00 12035.67
191.70 -54.96 -55.22 -73.19 349.83 231.97 30.57 0.20
0.00 12487.92
177.70 -57.06 -57.28 -73.70 354.06 241.44 32.52 0.20
0.00 12969.93
163.80 -59.66 -9999.00 -9999.00 -9999.00 247.77 33.37 0.10
0.00 13482.02
149.80 -62.26 -9999.00 -9999.00 -9999.00 250.32 31.16 0.00
0.00 14036.96
135.90 -64.26 -9999.00 -9999.00 -9999.00 244.32 22.42 0.00
0.00 14635.25
121.90 -66.26 -9999.00 -9999.00 -9999.00 216.25 14.45 0.00
0.00 15296.82
108.00 -68.46 -9999.00 -9999.00 -9999.00 215.19 18.53 0.00
0.00 16026.12
94.00 -68.96 -9999.00 -9999.00 -9999.00 213.69 13.31 0.00
0.00 16856.95
81.00 -68.46 -9999.00 -9999.00 -9999.00 178.88 9.91 0.00
0.00 17747.68
70.60 -67.06 -9999.00 -9999.00 -9999.00 160.02 9.09 0.00
0.00 18573.85
62.20 -65.56 -9999.00 -9999.00 -9999.00 125.71 7.65 0.00
0.00 19340.80
54.30 -65.76 -9999.00 -9999.00 -9999.00 121.83 6.62 0.00
0.00 20165.77
46.90 -64.96 -9999.00 -9999.00 -9999.00 63.43 3.90 0.00
0.00 21056.87
40.10 -64.06 -9999.00 -9999.00 -9999.00 4.86 9.17 0.00
0.00 22013.51
33.80 -62.26 -9999.00 -9999.00 -9999.00 356.91 7.21 0.00
0.00 23064.08
27.80 -61.16 -9999.00 -9999.00 -9999.00 17.74 5.09 0.00
0.00 24273.59
22.30 -59.46 -9999.00 -9999.00 -9999.00 11.56 8.72 0.00
0.00 25647.01
17.10 -52.06 -9999.00 -9999.00 -9999.00 344.05 5.65 0.00
0.00 27336.52
12.30 -45.86 -9999.00 -9999.00 -9999.00 215.07 11.15 0.00
0.00 29498.68

STID = KMHX STNM = 723050 TIME = 221027/0400 
SLAT = 34.78 SLON = -76.87 SELV = 8.0
STIM = 16

SHOW = 2.01 LIFT = 1.72 SWET = 316.82 KINX = 14.68
LCLP = 993.11 PWAT = 31.99 TOTL = 42.93 CAPE = 36.60
LCLT = 291.12 CINS = -0.62 EQLV = 363.84 LFCT = 940.93
BRCH = 1.93

PRES TMPC TMWC DWPC THTE DRCT SKNT OMEG
CFRL HGHT
1010.80 19.44 18.69 18.25 329.24 293.20 1.48 0.00
0.00 17.39
1007.80 19.64 18.68 18.14 329.61 303.69 1.40 -0.10
0.00 43.06
1002.20 19.84 18.70 18.08 330.45 270.00 0.97 -0.10
0.00 91.21
992.60 19.74 18.62 18.01 331.47 216.87 2.91 -0.30
0.00 174.39
978.40 19.04 18.41 18.04 332.69 226.40 5.63 -0.30
0.00 298.77
960.10 17.84 17.63 17.46 332.44 234.09 6.95 -0.20
4.00 461.22
938.30 16.44 16.35 16.24 331.00 233.47 6.53 0.00
100.00 657.89
914.50 15.24 14.70 14.34 328.76 218.16 10.37 0.10
16.00 876.78
888.70 14.34 13.39 12.78 328.15 211.22 15.00 0.00
0.00 1119.57
859.80 12.94 12.88 12.79 330.74 209.05 16.01 -0.20
100.00 1398.89
827.90 11.54 11.08 10.75 329.79 206.57 17.37 -0.40
15.00 1716.70
792.90 9.14 8.14 7.38 326.22 206.04 19.02 -0.40
5.00 2077.09
755.00 7.04 4.70 2.64 322.47 207.46 22.32 -0.20
0.00 2482.05
714.10 6.54 0.62 -6.85 318.28 215.54 21.72 0.00
0.00 2939.73
670.30 5.94 -3.34 -25.66 315.42 223.34 18.96 0.10
0.00 3458.00
623.60 2.94 -5.69 -29.41 317.96 242.33 17.99 0.10
0.00 4045.01
574.40 -1.16 -8.75 -33.66 320.15 259.15 23.74 0.10
0.00 4704.43
526.70 -6.06 -12.31 -36.22 322.05 256.97 24.13 0.00
0.00 5388.59
483.80 -11.06 -16.08 -39.40 323.53 251.71 23.52 -0.10
0.00 6046.71
445.50 -16.06 -20.05 -44.20 324.59 251.71 23.52 -0.10
0.00 6673.48
411.10 -21.06 -24.08 -46.70 325.55 249.82 24.22 0.00
0.00 7272.40
380.00 -25.46 -27.82 -50.36 326.98 243.43 25.19 0.00
0.00 7847.85
352.00 -29.36 -31.23 -54.05 328.83 240.54 24.09 0.00
0.00 8398.44
326.90 -33.36 -34.80 -57.41 330.26 237.14 22.20 0.00
0.00 8922.04
304.30 -37.66 -38.70 -59.75 331.00 232.40 21.33 0.00
0.00 9420.39
284.00 -41.26 -42.05 -62.51 332.39 233.13 20.40 0.00
0.00 9892.66
265.80 -44.16 -44.80 -66.03 334.46 230.71 19.33 0.00
0.00 10339.41
248.90 -46.56 -47.08 -66.51 337.23 219.01 19.76 0.00
0.00 10777.44
233.60 -48.56 -49.00 -66.97 340.37 213.40 21.17 0.00
0.00 11196.36
219.60 -50.46 -50.86 -72.27 343.45 216.68 23.74 0.00
0.00 11600.94
205.70 -52.56 -52.89 -72.71 346.63 224.44 28.03 0.00
0.00 12025.17
191.70 -54.76 -55.03 -73.19 350.16 235.28 30.01 0.10
0.00 12478.04
177.70 -56.86 -57.08 -73.70 354.38 245.11 32.77 0.10
0.00 12960.49
163.80 -59.56 -9999.00 -9999.00 -9999.00 251.15 34.29 0.10
0.00 13472.94
149.80 -62.26 -9999.00 -9999.00 -9999.00 256.95 30.11 0.10
0.00 14028.01
135.90 -64.26 -9999.00 -9999.00 -9999.00 247.99 19.70 0.10
0.00 14626.30
121.90 -66.06 -9999.00 -9999.00 -9999.00 205.59 15.29 0.00
0.00 15288.19
108.00 -68.26 -9999.00 -9999.00 -9999.00 210.41 20.73 0.00
0.00 16018.20
94.00 -68.56 -9999.00 -9999.00 -9999.00 214.80 13.95 0.00
0.00 16850.25
81.00 -67.86 -9999.00 -9999.00 -9999.00 190.20 9.87 0.00
0.00 17743.15
70.60 -66.36 -9999.00 -9999.00 -9999.00 184.18 7.98 0.00
0.00 18571.94
62.20 -65.76 -9999.00 -9999.00 -9999.00 141.07 6.49 0.00
0.00 19339.82
54.30 -66.06 -9999.00 -9999.00 -9999.00 130.24 6.62 0.00
0.00 20163.80
46.90 -65.86 -9999.00 -9999.00 -9999.00 66.04 3.83 0.00
0.00 21052.32
40.10 -64.66 -9999.00 -9999.00 -9999.00 4.97 8.97 0.00
0.00 22005.52
33.80 -62.56 -9999.00 -9999.00 -9999.00 1.64 6.80 0.00
0.00 23053.84
27.80 -62.16 -9999.00 -9999.00 -9999.00 16.70 6.08 0.00
0.00 24259.63
22.30 -59.46 -9999.00 -9999.00 -9999.00 16.70 8.12 0.00
0.00 25629.83
17.10 -50.66 -9999.00 -9999.00 -9999.00 225.00 2.47 0.00
0.00 27324.78
12.30 -46.06 -9999.00 -9999.00 -9999.00 221.85 17.46 0.00
0.00 29492.73

STID = KMHX STNM = 723050 TIME = 221027/0500 
SLAT = 34.78 SLON = -76.87 SELV = 8.0
STIM = 17

SHOW = 2.43 LIFT = 2.27 SWET = 194.41 KINX = 9.02
LCLP = 999.61 PWAT = 31.69 TOTL = 42.38 CAPE = 4.74
LCLT = 291.19 CINS = -11.23 EQLV = 751.39 LFCT = 816.16
BRCH = 0.16

PRES TMPC TMWC DWPC THTE DRCT SKNT OMEG
CFRL HGHT
1010.50 18.94 18.50 18.21 328.60 338.63 4.80 0.00
0.00 18.23
1007.60 18.74 18.38 18.14 328.59 333.43 6.51 0.00
0.00 42.99
1002.00 18.64 18.22 17.95 328.77 330.80 7.56 0.00
0.00 90.97
992.30 18.44 17.97 17.67 329.18 325.89 7.26 0.00
0.00 174.68
978.20 17.74 17.66 17.56 330.03 310.03 6.33 -0.10
15.00 297.64
959.90 17.14 17.05 16.94 330.40 284.04 5.61 -0.20
100.00 459.52
938.10 16.34 16.28 16.18 330.77 278.53 3.92 -0.20
100.00 655.93
914.40 15.04 15.00 14.91 329.77 217.30 5.13 -0.20
69.00 873.85
888.50 14.14 14.08 13.98 330.43 207.65 9.21 -0.10
22.00 1117.55
859.60 12.74 12.68 12.59 330.12 208.18 12.33 -0.10
100.00 1396.80
827.70 11.14 10.60 10.21 328.32 209.32 16.26 0.00
13.00 1714.30
792.70 8.94 8.54 8.21 327.41 206.81 20.67 -0.10
37.00 2074.42
754.80 7.04 5.15 3.53 323.69 196.97 23.97 -0.10
4.00 2479.45
713.90 7.14 -0.67 -13.22 315.06 213.82 24.09 0.00
0.00 2937.61
670.20 6.04 -3.38 -26.80 315.31 223.34 18.96 0.00
0.00 3455.25
623.50 2.94 -5.67 -29.21 318.01 251.97 17.56 0.10
0.00 4042.45
574.30 -1.06 -8.71 -33.93 320.25 263.61 24.44 0.10
0.00 4702.10
526.60 -6.06 -12.34 -36.85 322.00 266.92 25.29 0.10
0.00 5386.50
483.80 -11.06 -16.17 -41.45 323.34 266.82 24.51 0.00
0.00 6043.14
445.50 -16.06 -20.09 -45.34 324.51 258.96 24.34 0.00
0.00 6669.90
411.10 -21.16 -24.16 -46.70 325.42 257.57 23.47 -0.10
0.00 7268.70
380.00 -25.76 -28.06 -50.36 326.59 249.73 22.98 -0.10
0.00 7843.69
352.00 -29.56 -31.40 -54.05 328.56 240.08 23.76 -0.10
0.00 8393.72
326.90 -33.56 -34.97 -57.41 329.99 235.77 22.79 -0.10
0.00 8916.88
304.30 -37.86 -38.86 -57.98 330.77 237.36 20.53 0.00
0.00 9414.81
284.00 -41.56 -42.32 -62.51 331.96 239.25 17.85 0.00
0.00 9886.58
265.80 -44.36 -44.96 -63.01 334.22 236.31 16.10 0.00
0.00 10332.84
248.90 -46.76 -47.27 -66.51 336.93 223.65 17.44 0.00
0.00 10770.49
233.60 -48.76 -49.19 -66.97 340.06 219.67 20.69 0.00
0.00 11189.04
219.60 -50.26 -50.67 -72.27 343.76 224.37 25.00 0.00
0.00 11593.62
205.70 -52.26 -52.60 -72.71 347.10 232.16 27.54 0.00
0.00 12018.33
191.70 -54.46 -54.74 -73.19 350.64 241.91 29.29 0.10
0.00 12471.81
177.70 -56.86 -57.08 -73.70 354.38 247.95 33.12 0.10
0.00 12954.60
163.80 -59.66 -9999.00 -9999.00 -9999.00 251.99 33.29 0.10
0.00 13466.94
149.80 -61.96 -9999.00 -9999.00 -9999.00 254.93 26.15 0.00
0.00 14022.26
135.90 -63.96 -9999.00 -9999.00 -9999.00 244.04 16.41 0.00
0.00 14621.41
121.90 -65.96 -9999.00 -9999.00 -9999.00 201.92 17.17 0.00
0.00 15283.94
108.00 -68.16 -9999.00 -9999.00 -9999.00 215.29 21.17 0.00
0.00 16014.29
94.00 -68.36 -9999.00 -9999.00 -9999.00 223.42 14.98 0.00
0.00 16846.95
81.00 -67.66 -9999.00 -9999.00 -9999.00 190.89 10.30 0.00
0.00 17740.73
70.60 -66.56 -9999.00 -9999.00 -9999.00 182.73 8.16 0.00
0.00 18569.52
62.20 -66.16 -9999.00 -9999.00 -9999.00 133.96 7.56 0.00
0.00 19336.29
54.30 -66.06 -9999.00 -9999.00 -9999.00 126.16 6.25 0.00
0.00 20159.47
46.90 -65.86 -9999.00 -9999.00 -9999.00 12.09 2.78 0.00
0.00 21048.00
40.10 -65.36 -9999.00 -9999.00 -9999.00 4.97 8.97 0.00
0.00 21999.59
33.80 -64.06 -9999.00 -9999.00 -9999.00 24.23 8.53 0.00
0.00 23042.40
27.80 -62.26 -9999.00 -9999.00 -9999.00 352.50 7.44 0.00
0.00 24243.62
22.30 -57.26 -9999.00 -9999.00 -9999.00 8.43 5.30 0.00
0.00 25620.60
17.10 -52.46 -9999.00 -9999.00 -9999.00 136.22 6.45 0.00
0.00 27317.10
12.30 -48.26 -9999.00 -9999.00 -9999.00 230.71 19.33 0.00
0.00 29465.76

STID = KMHX STNM = 723050 TIME = 221027/0600 
SLAT = 34.78 SLON = -76.87 SELV = 8.0
STIM = 18

SHOW = 2.52 LIFT = 3.18 SWET = 188.01 KINX = 3.15
LCLP = 998.96 PWAT = 30.82 TOTL = 42.22 CAPE = 0.00
LCLT = 291.00 CINS = 0.00 EQLV = -9999.00 LFCT = -9999.00
BRCH = 0.00

PRES TMPC TMWC DWPC THTE DRCT SKNT OMEG
CFRL HGHT
1010.90 18.84 18.35 18.04 328.03 341.57 6.14 0.00
0.00 17.37
1007.90 18.64 18.24 17.97 328.03 338.20 8.37 0.10
0.00 42.96
1002.30 18.24 18.01 17.82 327.96 336.95 9.93 0.10
1.00 90.89
992.70 18.04 17.63 17.35 327.92 336.32 12.08 0.20
12.00 173.58
978.50 17.64 17.06 16.69 327.87 331.53 13.03 0.30
8.00 297.22
960.20 16.74 16.23 15.89 327.52 327.32 12.24 0.20
74.00 458.84
938.40 15.54 15.46 15.35 327.93 322.65 9.29 0.10
99.00 654.70
914.60 14.84 14.74 14.63 328.89 305.54 5.01 -0.10
100.00 873.04
888.80 14.04 13.96 13.85 329.99 234.46 3.34 -0.10
100.00 1115.58
859.90 12.64 12.60 12.52 329.81 212.35 6.90 0.00
100.00 1394.63
827.90 10.64 10.56 10.46 328.17 210.68 13.33 0.10
100.00 1712.71
792.90 9.24 8.57 8.06 327.48 196.17 20.22 0.00
11.00 2072.61
755.00 6.74 5.33 4.15 324.17 190.83 22.75 0.00
9.00 2477.56
714.10 7.44 -1.66 -20.42 312.58 218.00 23.66 0.00
0.00 2935.52
670.40 6.14 -3.43 -28.24 315.13 217.57 19.11 0.00
0.00 3453.23
623.60 3.34 -5.51 -30.22 318.28 256.55 18.38 0.10
0.00 4042.06
574.40 -0.96 -8.69 -34.76 320.24 268.14 23.91 0.10
0.00 4702.18
526.70 -5.96 -12.28 -36.85 322.10 279.19 26.77 0.10
0.00 5386.71
483.90 -11.16 -16.17 -39.78 323.35 285.19 28.19 0.00
0.00 6043.22
445.60 -16.16 -20.16 -45.34 324.36 282.19 24.84 -0.10
0.00 6669.61
411.10 -21.26 -24.26 -47.36 325.25 265.56 22.59 -0.10
0.00 7269.85
380.00 -25.96 -28.20 -49.53 326.36 253.50 21.87 -0.10
0.00 7844.49
352.10 -29.86 -31.65 -54.04 328.13 239.61 23.43 -0.10
0.00 8391.92
326.90 -33.96 -35.30 -55.93 329.48 236.04 22.96 0.00
0.00 8916.33
304.30 -37.96 -38.94 -57.98 330.62 238.75 20.22 0.10
0.00 9413.74
284.00 -41.46 -42.23 -62.51 332.11 236.31 16.80 0.10
0.00 9885.51
265.80 -44.36 -44.96 -63.01 334.22 230.66 15.33 0.20
0.00 10331.87
248.90 -46.66 -47.18 -66.51 337.08 224.10 17.58 0.20
0.00 10769.61
233.60 -48.26 -48.72 -66.97 340.82 223.95 22.40 0.20
0.00 11188.72
219.60 -49.96 -50.38 -72.27 344.22 229.71 26.73 0.20
0.00 11594.03
205.70 -52.06 -52.41 -72.71 347.42 238.84 29.27 0.20
0.00 12019.21
191.70 -54.16 -54.45 -73.19 351.12 245.35 31.20 0.10
0.00 12473.21
177.70 -56.96 -57.18 -73.70 354.22 249.37 33.62 0.10
0.00 12956.22
163.80 -59.86 -9999.00 -9999.00 -9999.00 253.65 30.36 0.00
0.00 13468.20
149.80 -61.86 -9999.00 -9999.00 -9999.00 250.14 22.30 0.00
0.00 14023.39
135.90 -63.96 -9999.00 -9999.00 -9999.00 235.68 14.82 0.00
0.00 14622.68
121.90 -66.46 -9999.00 -9999.00 -9999.00 210.86 18.55 0.00
0.00 15284.42
108.00 -68.46 -9999.00 -9999.00 -9999.00 220.33 21.91 0.00
0.00 16013.36
94.00 -68.86 -9999.00 -9999.00 -9999.00 223.56 16.36 0.00
0.00 16844.39
81.00 -67.96 -9999.00 -9999.00 -9999.00 189.46 11.81 0.00
0.00 17736.43
70.60 -66.86 -9999.00 -9999.00 -9999.00 176.42 9.34 0.00
0.00 18564.01
62.20 -66.66 -9999.00 -9999.00 -9999.00 143.37 9.44 0.00
0.00 19329.29
54.30 -66.36 -9999.00 -9999.00 -9999.00 141.34 6.22 0.00
0.00 20150.88
46.90 -65.56 -9999.00 -9999.00 -9999.00 348.69 3.96 0.00
0.00 21039.41
40.10 -65.26 -9999.00 -9999.00 -9999.00 18.43 8.61 0.00
0.00 21991.92
33.80 -64.86 -9999.00 -9999.00 -9999.00 24.68 7.91 0.00
0.00 23032.98
27.80 -61.56 -9999.00 -9999.00 -9999.00 335.06 9.21 0.00
0.00 24233.91
22.30 -56.06 -9999.00 -9999.00 -9999.00 47.12 3.71 0.00
0.00 25617.02
17.10 -54.76 -9999.00 -9999.00 -9999.00 145.10 10.18 0.00
0.00 27309.25
12.30 -49.56 -9999.00 -9999.00 -9999.00 237.04 21.08 0.00
0.00 29440.55

STID = KMHX STNM = 723050 TIME = 221027/0700 
SLAT = 34.78 SLON = -76.87 SELV = 8.0
STIM = 19

SHOW = 2.87 LIFT = 3.96 SWET = 187.29 KINX = 2.48
LCLP = 995.65 PWAT = 30.10 TOTL = 41.88 CAPE = 0.00
LCLT = 290.72 CINS = 0.00 EQLV = -9999.00 LFCT = -9999.00
BRCH = 0.00

PRES TMPC TMWC DWPC THTE DRCT SKNT OMEG
CFRL HGHT
1011.00 18.84 18.20 17.81 327.48 349.29 7.32 0.00
0.00 17.37
1008.00 18.64 18.07 17.72 327.44 348.23 9.52 0.10
0.00 42.95
1002.40 18.24 17.83 17.56 327.35 348.11 11.31 0.10
0.00 90.87
992.80 18.04 17.36 16.94 326.99 347.64 14.51 0.10
10.00 173.54
978.60 17.84 16.50 15.72 325.98 347.25 16.72 0.20
3.00 297.17
960.40 16.94 15.27 14.25 324.32 351.50 17.09 0.30
24.00 457.90
938.60 15.84 14.66 13.93 325.30 353.66 12.32 0.30
49.00 653.75
914.80 14.94 14.68 14.48 328.66 345.96 4.80 0.30
78.00 872.13
889.00 14.04 13.94 13.83 329.92 228.81 2.06 0.30
89.00 1114.65
860.00 12.24 12.16 12.06 328.39 213.31 8.14 0.30
99.00 1394.38
828.10 10.74 10.56 10.40 328.14 198.21 15.54 0.30
72.00 1711.21
793.10 9.34 8.78 8.35 328.07 187.26 19.97 0.20
11.00 2071.17
755.10 6.84 5.26 3.92 323.95 197.99 23.89 0.20
8.00 2477.26
714.30 8.24 -1.32 -21.21 313.22 226.69 23.23 0.10
0.00 2934.72
670.50 6.34 -3.08 -25.20 315.95 223.08 20.47 0.00
0.00 3454.44
623.80 3.24 -5.58 -30.43 318.10 264.81 17.17 -0.10
0.00 4042.01
574.50 -0.66 -8.59 -36.31 320.40 272.49 22.36 -0.10
0.00 4703.54
526.80 -5.96 -12.24 -36.22 322.15 287.04 27.84 -0.10
0.00 5388.32
483.90 -11.36 -16.17 -37.06 323.40 290.56 28.21 0.00
0.00 6046.07
445.60 -16.36 -20.16 -41.36 324.41 289.39 25.74 0.00
0.00 6672.01
411.20 -21.46 -24.33 -44.93 325.13 276.46 20.73 0.00
0.00 7269.98
380.00 -26.36 -28.51 -48.77 325.87 258.90 21.17 -0.10
0.00 7845.72
352.10 -30.16 -31.91 -54.04 327.72 247.00 22.38 -0.10
0.00 8392.37
326.90 -34.06 -35.39 -55.93 329.34 240.51 22.09 0.00
0.00 8916.35
304.30 -37.96 -38.97 -59.75 330.58 239.53 19.15 0.00
0.00 9413.65
284.00 -41.26 -42.05 -62.51 332.39 231.23 16.43 0.00
0.00 9885.62
265.80 -44.06 -44.68 -63.01 334.65 222.59 16.36 0.00
0.00 10332.46
248.90 -46.26 -46.80 -66.51 337.68 220.54 19.42 0.00
0.00 10770.88
233.60 -48.06 -48.53 -66.97 341.12 225.00 23.62 0.00
0.00 11190.55
219.60 -49.96 -50.36 -67.41 344.27 235.33 28.34 0.00
0.00 11596.03
205.70 -51.76 -52.13 -72.71 347.89 242.43 29.80 0.00
0.00 12021.51
191.70 -54.16 -54.45 -73.19 351.12 246.61 31.31 0.00
0.00 12475.82
177.70 -57.36 -57.57 -73.70 353.56 250.58 32.13 0.00
0.00 12958.38
163.80 -59.96 -60.12 -74.24 357.53 252.93 25.82 0.00
0.00 13469.76
149.80 -61.76 -9999.00 -9999.00 -9999.00 242.10 18.69 -0.10
0.00 14024.96
135.90 -64.06 -9999.00 -9999.00 -9999.00 219.61 14.63 -0.10
0.00 14624.25
121.90 -66.86 -9999.00 -9999.00 -9999.00 215.33 18.80 0.00
0.00 15285.19
108.00 -68.76 -9999.00 -9999.00 -9999.00 219.93 23.31 0.00
0.00 16012.89
94.00 -69.46 -9999.00 -9999.00 -9999.00 216.49 17.64 0.00
0.00 16842.09
81.00 -68.46 -9999.00 -9999.00 -9999.00 181.61 13.79 0.00
0.00 17731.73
70.60 -67.36 -9999.00 -9999.00 -9999.00 169.51 10.66 0.00
0.00 18557.30
62.20 -66.56 -9999.00 -9999.00 -9999.00 152.45 10.08 0.00
0.00 19321.84
54.30 -66.46 -9999.00 -9999.00 -9999.00 155.56 7.03 0.00
0.00 20143.44
46.90 -65.56 -9999.00 -9999.00 -9999.00 9.46 3.54 0.00
0.00 21031.75
40.10 -65.26 -9999.00 -9999.00 -9999.00 40.16 8.14 0.00
0.00 21984.26
33.80 -64.46 -9999.00 -9999.00 -9999.00 6.34 7.03 0.00
0.00 23026.32
27.80 -60.66 -9999.00 -9999.00 -9999.00 327.14 11.09 0.00
0.00 24230.97
22.30 -56.96 -9999.00 -9999.00 -9999.00 55.30 3.07 0.00
0.00 25614.08
17.10 -55.66 -9999.00 -9999.00 -9999.00 159.59 8.92 0.00
0.00 27299.31
12.30 -49.36 -9999.00 -9999.00 -9999.00 221.79 17.19 0.00
0.00 29427.24

STID = KMHX STNM = 723050 TIME = 221027/0800 
SLAT = 34.78 SLON = -76.87 SELV = 8.0
STIM = 20

SHOW = 2.81 LIFT = 4.28 SWET = 185.24 KINX = 3.22
LCLP = 996.68 PWAT = 29.86 TOTL = 42.01 CAPE = 0.00
LCLT = 290.53 CINS = 0.00 EQLV = -9999.00 LFCT = -9999.00
BRCH = 0.00

PRES TMPC TMWC DWPC THTE DRCT SKNT OMEG
CFRL HGHT
1011.90 18.64 18.01 17.62 326.70 334.72 7.73 0.00
0.00 16.50
1008.70 18.44 17.89 17.55 326.73 329.59 10.35 0.00
0.00 43.75
1003.20 18.04 17.67 17.42 326.69 329.35 12.20 0.00
0.00 90.74
993.60 17.34 17.23 17.11 326.45 330.44 14.96 0.00
14.00 173.22
979.40 16.74 16.63 16.50 326.28 334.01 17.29 0.00
81.00 296.39
961.20 15.94 15.71 15.52 325.66 342.94 17.87 -0.10
37.00 456.48
939.40 15.14 14.02 13.30 323.15 357.95 16.34 -0.10
1.00 651.62
915.50 14.34 13.81 13.45 325.74 2.49 8.94 -0.10
28.00 870.16
889.70 13.84 13.76 13.65 329.20 284.04 1.59 0.00
39.00 1112.09
860.70 12.24 12.16 12.06 328.29 217.41 8.31 0.10
77.00 1391.50
828.70 10.64 10.60 10.52 328.16 199.80 15.48 0.20
100.00 1709.02
793.70 9.24 8.78 8.42 327.98 191.62 21.21 0.20
26.00 2068.60
755.70 7.84 4.62 1.69 322.11 203.26 24.11 0.00
1.00 2474.91
714.80 8.04 -1.38 -20.86 313.03 237.09 23.60 -0.20
0.00 2933.66
671.00 5.84 -3.29 -24.61 315.45 232.22 19.66 0.00
0.00 3452.37
624.10 3.24 -5.57 -30.22 318.09 256.15 14.61 0.10
0.00 4041.57
574.80 -0.46 -8.46 -36.30 320.59 284.74 22.90 0.10
0.00 4703.01
527.10 -5.96 -12.04 -32.85 322.57 286.58 26.55 0.00
0.00 5387.70
484.10 -11.46 -16.13 -35.39 323.45 287.73 24.88 -0.10
0.00 6046.58
445.70 -16.46 -20.20 -40.57 324.34 287.45 21.39 -0.10
0.00 6673.72
411.30 -21.56 -24.35 -43.43 325.09 270.60 18.45 0.00
0.00 7271.33
380.10 -26.66 -28.73 -48.06 325.49 258.90 21.17 0.00
0.00 7846.46
352.10 -30.66 -32.33 -54.04 327.05 254.79 20.73 0.00
0.00 8394.11
327.00 -34.16 -35.50 -57.41 329.13 242.72 20.77 0.00
0.00 8915.27
304.40 -38.06 -39.06 -59.75 330.41 238.24 19.19 -0.10
0.00 9412.20
284.10 -41.36 -42.14 -62.50 332.22 227.33 16.90 -0.10
0.00 9883.81
265.80 -44.16 -44.77 -63.01 334.51 217.49 17.87 -0.10
0.00 10332.84
248.90 -46.56 -47.08 -66.51 337.23 216.87 20.40 0.00
0.00 10770.87
233.60 -48.46 -48.91 -66.97 340.52 226.66 23.78 0.00
0.00 11189.89
219.60 -49.96 -50.36 -67.41 344.27 238.16 28.36 0.00
0.00 11595.01
205.70 -51.96 -52.32 -72.71 347.57 243.76 30.32 0.10
0.00 12020.29
191.70 -54.56 -54.84 -73.19 350.48 245.85 30.87 0.00
0.00 12473.98
177.70 -57.56 -57.76 -73.70 353.24 251.20 28.92 0.00
0.00 12955.88
163.80 -60.06 -60.22 -74.24 357.36 246.34 22.26 0.00
0.00 13466.91
149.80 -61.76 -9999.00 -9999.00 -9999.00 225.87 18.12 0.00
0.00 14021.97
135.90 -64.66 -9999.00 -9999.00 -9999.00 209.43 17.40 0.00
0.00 14620.41
121.90 -67.36 -9999.00 -9999.00 -9999.00 211.89 20.59 0.00
0.00 15279.60
108.00 -69.06 -9999.00 -9999.00 -9999.00 220.12 22.61 0.00
0.00 16005.88
94.00 -69.26 -9999.00 -9999.00 -9999.00 211.07 17.70 0.00
0.00 16834.88
81.00 -68.76 -9999.00 -9999.00 -9999.00 178.57 15.54 0.00
0.00 17724.30
70.60 -67.06 -9999.00 -9999.00 -9999.00 172.75 10.76 0.00
0.00 18549.87
62.20 -65.66 -9999.00 -9999.00 -9999.00 158.20 9.42 0.00
0.00 19316.64
54.30 -66.06 -9999.00 -9999.00 -9999.00 180.00 6.02 0.00
0.00 20140.82
46.90 -65.76 -9999.00 -9999.00 -9999.00 335.56 2.35 0.00
0.00 21029.55
40.10 -65.66 -9999.00 -9999.00 -9999.00 46.85 4.25 0.00
0.00 21980.69
33.80 -63.66 -9999.00 -9999.00 -9999.00 347.01 7.77 0.00
0.00 23023.75
27.80 -59.96 -9999.00 -9999.00 -9999.00 347.99 9.34 0.00
0.00 24232.69
22.30 -57.16 -9999.00 -9999.00 -9999.00 82.57 4.51 0.00
0.00 25617.41
17.10 -55.66 -9999.00 -9999.00 -9999.00 195.52 7.26 0.00
0.00 27301.87
12.30 -49.26 -9999.00 -9999.00 -9999.00 230.27 17.93 0.00
0.00 29430.27

STID = KMHX STNM = 723050 TIME = 221027/0900 
SLAT = 34.78 SLON = -76.87 SELV = 8.0
STIM = 21

SHOW = 3.40 LIFT = 4.88 SWET = 185.63 KINX = 2.72
LCLP = 994.15 PWAT = 27.64 TOTL = 41.26 CAPE = 0.00
LCLT = 290.05 CINS = 0.00 EQLV = 960.70 LFCT = 969.70
BRCH = 0.00

PRES TMPC TMWC DWPC THTE DRCT SKNT OMEG
CFRL HGHT
1012.80 18.44 17.66 17.19 325.39 341.15 8.41 0.00
0.00 17.33
1009.80 18.14 17.49 17.08 325.19 336.14 11.05 0.10
0.00 42.83
1004.20 17.74 17.26 16.94 325.15 335.77 12.78 0.10
0.00 90.56
994.60 17.04 16.86 16.70 325.06 336.80 14.80 0.10
0.00 172.85
980.40 16.14 16.09 16.00 324.37 338.96 16.24 0.20
80.00 295.69
962.10 15.34 15.25 15.13 324.03 347.40 16.92 0.20
92.00 456.13
940.30 14.84 13.92 13.31 322.71 5.86 15.23 0.30
6.00 650.77
916.40 14.34 13.63 13.16 325.04 16.14 7.69 0.20
1.00 868.97
890.50 13.94 13.60 13.34 328.56 228.37 4.68 0.20
11.00 1111.62
861.50 12.14 12.01 11.87 327.68 212.68 12.24 0.10
34.00 1390.73
829.50 9.94 9.88 9.79 325.87 203.90 16.78 0.00
100.00 1707.46
794.40 9.24 6.95 5.10 322.64 195.03 21.72 -0.10
2.00 2067.04
756.40 8.14 1.95 -5.69 315.17 209.10 21.56 -0.30
0.00 2472.68
715.50 7.34 -1.81 -21.31 312.03 234.64 22.14 -0.20
0.00 2930.33
671.60 5.94 -3.19 -24.18 315.58 233.78 17.09 0.00
0.00 3449.18
624.60 4.04 -5.26 -32.80 318.55 257.54 17.11 0.00
0.00 4040.08
575.20 -0.66 -8.49 -34.46 320.50 283.52 20.78 0.00
0.00 4703.08
527.40 -6.06 -12.05 -32.19 322.50 283.27 24.55 0.10
0.00 5388.40
484.40 -11.36 -16.13 -36.47 323.38 285.26 24.36 0.10
0.00 6046.89
445.90 -16.46 -20.23 -41.36 324.22 285.80 21.41 0.00
0.00 6675.43
411.40 -21.66 -24.47 -44.40 324.86 269.33 16.71 -0.10
0.00 7274.45
380.20 -26.86 -28.85 -46.78 325.28 257.83 20.26 -0.10
0.00 7849.09
352.20 -31.16 -32.71 -51.92 326.43 259.45 20.16 0.00
0.00 8395.81
327.00 -34.56 -35.85 -57.41 328.58 244.23 18.76 0.00
0.00 8918.00
304.40 -38.36 -39.30 -57.98 330.03 235.67 19.29 0.00
0.00 9414.20
284.10 -41.56 -42.32 -62.50 331.93 225.91 17.31 0.00
0.00 9885.31
265.80 -44.26 -44.87 -63.01 334.36 214.70 18.43 0.00
0.00 10334.04
248.90 -46.66 -47.18 -66.51 337.08 215.79 20.59 0.00
0.00 10771.88
233.60 -48.26 -48.72 -66.97 340.82 226.95 24.18 0.10
0.00 11190.99
219.60 -49.66 -50.07 -67.41 344.73 236.87 27.37 0.10
0.00 11596.57
205.70 -51.96 -52.29 -67.88 347.62 239.69 29.25 0.10
0.00 12022.13
191.70 -54.76 -55.03 -73.19 350.16 241.39 29.22 0.00
0.00 12475.62
177.70 -57.46 -57.67 -73.70 353.40 247.52 24.38 0.00
0.00 12957.41
163.80 -59.86 -9999.00 -9999.00 -9999.00 236.63 19.08 0.00
0.00 13468.79
149.80 -61.86 -9999.00 -9999.00 -9999.00 215.13 19.23 0.00
0.00 14023.98
135.90 -64.96 -9999.00 -9999.00 -9999.00 213.05 19.23 0.00
0.00 14621.85
121.90 -67.76 -9999.00 -9999.00 -9999.00 214.53 21.93 0.00
0.00 15279.92
108.00 -69.36 -9999.00 -9999.00 -9999.00 225.35 22.40 0.00
0.00 16004.96
94.00 -69.36 -9999.00 -9999.00 -9999.00 217.13 17.06 0.00
0.00 16833.16
81.00 -68.86 -9999.00 -9999.00 -9999.00 188.53 15.71 0.00
0.00 17722.14
70.60 -67.26 -9999.00 -9999.00 -9999.00 183.18 10.51 0.00
0.00 18547.10
62.20 -65.96 -9999.00 -9999.00 -9999.00 164.98 8.24 0.00
0.00 19312.95
54.30 -65.86 -9999.00 -9999.00 -9999.00 217.87 4.43 0.00
0.00 20136.92
46.90 -65.66 -9999.00 -9999.00 -9999.00 5.71 1.94 0.00
0.00 21026.31
40.10 -65.76 -9999.00 -9999.00 -9999.00 80.13 4.53 0.00
0.00 21977.44
33.80 -62.96 -9999.00 -9999.00 -9999.00 357.34 8.35 0.00
0.00 23022.00
27.80 -59.46 -9999.00 -9999.00 -9999.00 18.00 8.18 0.00
0.00 24234.38
22.30 -56.26 -9999.00 -9999.00 -9999.00 95.44 4.10 0.00
0.00 25623.61
17.10 -52.96 -9999.00 -9999.00 -9999.00 239.04 9.05 0.00
0.00 27322.06
12.30 -48.26 -9999.00 -9999.00 -9999.00 245.51 21.56 0.00
0.00 29468.31
STN YYMMDD/HHMM PMSL PRES SKTC STC1 SNFL WTNS
P01M C01M STC2 LCLD MCLD HCLD
SNRA UWND VWND R01M BFGR T2MS
Q2MS WXTS WXTP WXTZ WXTR USTM
VSTM HLCY SLLH WSYM CDBP VSBK
TD2M
723050 221026/1200 1012.00 1011.10 16.74 289.90 -9999.00 16.00
-9999.00 -9999.00 289.90 100.00 88.00 0.00
-9999.00 1.30 0.00 -9999.00 -9999.00 16.34
11.15 0.00 0.00 0.00 0.00 8.40
-1.60 27.90 -9999.00 999.00 1010.00 0.69
15.62
723050 221026/1300 1013.00 1012.10 17.54 290.70 0.00 17.00
0.02 0.00 290.60 100.00 42.00 0.00
-9999.00 1.00 0.00 -9999.00 -9999.00 16.94
11.84 0.00 0.00 0.00 0.00 8.10
-1.90 15.70 0.00 999.00 1002.50 0.00
16.55
723050 221026/1400 1013.50 1012.60 19.24 292.40 0.00 17.00
0.00 0.00 291.90 89.00 0.00 0.00
-9999.00 0.50 -0.40 -9999.00 -9999.00 17.74
12.07 0.00 0.00 0.00 0.00 7.90
-1.40 21.20 0.01 999.00 979.10 0.01
16.86
723050 221026/1500 1013.20 1012.30 21.74 294.90 0.00 16.00
0.00 0.00 294.20 39.00 0.00 0.00
-9999.00 0.50 -0.30 -9999.00 -9999.00 19.24
12.35 0.00 0.00 0.00 0.00 8.60
-0.90 15.00 0.01 999.00 -9999.00 0.14
17.21
723050 221026/1600 1012.30 1011.40 25.84 299.00 0.00 15.00
0.00 0.00 298.00 11.00 0.00 0.00
-9999.00 0.10 1.40 -9999.00 -9999.00 21.44
12.76 0.00 0.00 0.00 0.00 8.40
-1.10 37.10 0.02 999.00 -9999.00 20.00
17.70
723050 221026/1700 1011.30 1010.40 26.94 300.10 0.00 13.00
0.00 0.00 299.20 10.00 0.00 0.00
-9999.00 0.20 3.00 -9999.00 -9999.00 22.64
12.25 0.00 0.00 0.00 0.00 7.90
-1.90 26.90 0.01 999.00 -9999.00 20.00
17.05
723050 221026/1800 1009.80 1008.90 27.24 300.40 0.00 11.00
0.00 0.00 299.60 5.00 0.00 0.00
-9999.00 -0.10 3.70 -9999.00 -9999.00 22.74
11.83 0.00 0.00 0.00 0.00 6.50
-2.00 3.20 0.00 999.00 -9999.00 20.00
16.49
723050 221026/1900 1010.20 1009.30 26.44 299.60 0.00 10.00
0.00 0.00 299.20 7.00 0.00 0.00
-9999.00 0.50 4.00 -9999.00 -9999.00 22.54
11.67 0.00 0.00 0.00 0.00 5.90
-2.00 15.30 -0.01 999.00 -9999.00 20.00
16.29
723050 221026/2000 1010.30 1009.40 23.74 296.90 0.00 10.00
0.00 0.00 297.00 100.00 0.00 0.00
-9999.00 0.80 3.30 -9999.00 -9999.00 21.94
11.69 0.00 0.00 0.00 0.00 6.80
-1.80 13.10 -0.02 999.00 791.50 20.00
16.32
723050 221026/2100 1009.50 1008.60 21.24 294.40 0.00 9.00
0.00 0.00 294.60 100.00 0.00 0.00
-9999.00 -0.10 2.60 -9999.00 -9999.00 20.84
11.93 0.00 0.00 0.00 0.00 6.70
-1.40 31.90 -0.01 999.00 753.00 0.02
16.62
723050 221026/2200 1010.40 1009.50 20.74 293.90 0.00 10.00
0.00 0.00 294.10 100.00 0.00 0.00
-9999.00 0.20 2.10 -9999.00 -9999.00 20.54
12.16 0.00 0.00 0.00 0.00 7.10
-1.10 36.50 -0.01 999.00 791.40 0.02
16.93
723050 221026/2300 1011.80 1010.90 20.34 293.50 0.00 10.00
0.02 0.00 293.60 100.00 0.00 0.00
-9999.00 0.20 1.60 -9999.00 -9999.00 20.24
12.68 0.00 0.00 0.00 1.00 7.50
-1.20 37.50 0.00 60.00 792.50 0.00
17.60
723050 221027/0000 1013.00 1012.10 20.04 293.20 0.00 11.00
0.04 0.00 293.30 100.00 0.00 0.00
-9999.00 -0.10 0.40 -9999.00 -9999.00 20.04
13.01 0.00 0.00 0.00 1.00 7.80
-1.20 33.50 0.00 60.00 793.20 0.00
18.01
723050 221027/0100 1011.90 1011.00 18.94 292.10 0.00 11.00
0.00 0.00 292.40 62.00 0.00 0.00
-9999.00 -0.50 0.00 -9999.00 -9999.00 19.24
13.11 0.00 0.00 0.00 0.00 7.20
-0.90 27.30 0.00 999.00 -9999.00 0.02
18.12
723050 221027/0200 1012.00 1011.10 18.84 292.00 0.00 12.00
0.00 0.00 292.10 100.00 0.00 0.00
-9999.00 -1.20 -0.50 -9999.00 -9999.00 19.04
13.20 0.00 0.00 0.00 0.00 6.40
-0.90 42.60 0.00 999.00 792.40 2.06
18.22
723050 221027/0300 1013.70 1012.80 18.14 291.30 0.00 13.00
0.06 0.06 291.60 55.00 0.00 0.00
-9999.00 -1.00 -0.30 -9999.00 -9999.00 18.44
12.94 0.00 0.00 0.00 1.00 6.60
-1.40 28.80 0.00 60.00 -9999.00 0.00
17.94
723050 221027/0400 1012.80 1011.90 18.24 291.40 0.00 15.00
0.07 0.07 291.50 100.00 0.00 0.00
-9999.00 0.50 -0.80 -9999.00 -9999.00 18.44
13.01 0.00 0.00 0.00 1.00 7.90
-1.80 13.00 0.00 60.00 938.30 0.00
18.01
723050 221027/0500 1012.60 1011.70 18.74 291.90 0.00 20.00
0.40 0.38 291.90 100.00 0.00 0.00
-9999.00 1.00 -2.00 -9999.00 -9999.00 18.54
13.19 0.00 0.00 0.00 1.00 9.10
-2.40 10.30 0.00 60.00 959.90 0.00
18.22
723050 221027/0600 1012.90 1012.00 18.64 291.80 0.00 19.00
0.08 0.05 291.90 100.00 0.00 0.00
-9999.00 1.00 -2.30 -9999.00 -9999.00 18.44
13.07 0.00 0.00 0.00 1.00 7.80
-4.40 14.30 0.00 60.00 938.40 0.00
18.08
723050 221027/0700 1013.00 1012.10 18.54 291.70 0.00 19.00
0.01 0.00 291.70 99.00 0.00 0.00
-9999.00 0.40 -2.90 -9999.00 -9999.00 18.34
12.88 0.00 0.00 0.00 0.00 7.60
-5.10 66.70 0.00 999.00 860.00 0.01
17.86
723050 221027/0800 1013.80 1012.90 18.34 291.50 0.00 18.00
0.00 0.00 291.50 100.00 0.00 0.00
-9999.00 1.60 -2.90 -9999.00 -9999.00 18.14
12.71 0.00 0.00 0.00 0.00 9.50
-5.10 116.30 0.00 999.00 979.40 0.79
17.66
723050 221027/0900 1014.80 1013.90 18.14 291.30 0.00 18.00
0.00 0.00 291.40 100.00 0.00 0.00
-9999.00 1.50 -3.20 -9999.00 -9999.00 18.04
12.37 0.00 0.00 0.00 0.00 9.30
-4.90 90.60 0.00 999.00 980.40 0.09
17.26


