
SNPARM = PRES;TMPC;TMWC;DWPC;THTE;DRCT;SKNT;OMEG;CFRL;HGHT 
STNPRM = SHOW;LIFT;SWET;KINX;LCLP;PWAT;TOTL;CAPE;LCLT;CINS;EQLV;LFCT;BRCH 

STID = KJAX STNM = 722060 TIME = 221026/1200 
SLAT = 30.50 SLON = -81.69 SELV = 10.0
STIM = 0

SHOW = 4.64 LIFT = 4.28 SWET = 220.04 KINX = 28.03
LCLP = 999.48 PWAT = 36.87 TOTL = 40.85 CAPE = 0.00
LCLT = 289.96 CINS = 0.00 EQLV = -9999.00 LFCT = -9999.00
BRCH = 0.00

PRES TMPC TMWC DWPC THTE DRCT SKNT OMEG
CFRL HGHT
1009.50 17.64 17.25 16.97 324.41 161.57 3.69 0.00
2.00 19.34
1006.40 19.44 18.16 17.45 327.96 172.01 11.19 0.00
1.00 45.79
1001.00 20.44 17.93 16.57 327.87 177.85 15.56 0.00
2.00 92.29
991.30 21.74 16.84 14.00 325.36 184.76 21.06 0.00
0.00 176.72
977.30 21.74 16.02 12.55 324.44 188.75 20.44 0.00
0.00 300.22
959.20 20.14 15.71 13.07 325.87 203.77 17.83 0.10
0.00 462.08
937.50 19.04 15.02 12.61 326.59 215.86 19.89 0.10
0.00 659.34
913.70 17.84 14.25 12.07 327.38 218.43 22.80 0.10
0.00 880.11
888.00 16.74 12.54 9.77 325.52 225.74 21.15 0.00
0.00 1124.01
859.30 16.04 11.01 7.43 324.86 234.46 16.71 0.10
0.00 1403.81
827.60 14.94 10.06 6.52 326.60 243.43 11.29 0.10
0.00 1722.83
792.80 13.04 9.22 6.49 329.40 261.70 9.42 0.20
0.00 2085.54
755.00 10.54 9.53 8.86 336.56 271.66 13.40 0.20
0.00 2495.12
714.00 8.24 6.60 5.39 334.45 262.48 20.77 0.10
0.00 2959.33
670.20 5.84 2.68 -0.17 330.85 248.73 23.56 0.10
0.00 3480.67
623.40 2.74 -1.58 -6.69 328.05 248.20 24.07 -0.10
0.00 4070.21
574.10 -0.56 -6.04 -15.26 326.47 257.82 27.62 -0.10
0.00 4732.71
526.50 -5.76 -9.72 -17.21 327.77 260.10 29.39 0.00
0.00 5417.55
483.60 -11.06 -13.92 -20.46 328.07 261.32 25.74 0.10
0.00 6076.88
445.30 -14.96 -17.50 -24.65 329.58 266.92 25.29 0.20
0.00 6705.68
411.00 -19.36 -20.42 -23.38 332.33 264.13 28.52 0.30
0.00 7306.77
379.80 -23.66 -25.16 -31.59 331.71 261.31 28.30 0.30
0.00 7888.67
351.90 -27.46 -29.24 -42.08 332.20 260.74 27.76 0.30
0.00 8441.79
326.80 -31.56 -32.93 -45.54 333.37 259.83 28.61 0.20
0.00 8969.60
304.30 -35.56 -36.63 -50.01 334.33 259.34 30.44 0.20
0.00 9469.93
284.00 -39.66 -40.50 -55.82 334.86 258.82 33.06 0.10
0.00 9945.96
265.80 -43.46 -44.12 -63.01 335.53 259.30 35.59 0.10
0.00 10394.95
248.80 -47.06 -47.55 -66.51 336.52 259.43 38.13 0.00
0.00 10835.85
233.60 -49.06 -49.45 -63.98 339.65 255.77 41.88 0.00
0.00 11251.20
219.60 -49.56 -49.90 -60.55 345.02 252.00 49.03 -0.10
0.00 11656.15
205.70 -51.26 -51.60 -64.93 348.77 255.69 48.72 -0.10
0.00 12082.49
191.70 -53.86 -54.16 -73.19 351.60 263.69 44.17 -0.10
0.00 12537.63
177.70 -56.66 -56.89 -73.70 354.71 268.23 37.70 -0.10
0.00 13021.30
163.80 -60.26 -60.41 -74.24 357.03 262.50 32.71 -0.10
0.00 13533.16
149.80 -63.86 -63.96 -74.84 360.06 255.88 32.65 -0.10
0.00 14085.22
135.90 -66.96 -9999.00 -9999.00 -9999.00 246.94 32.73 0.00
0.00 14677.38
121.90 -68.76 -9999.00 -9999.00 -9999.00 247.71 33.80 0.00
0.00 15330.69
108.00 -70.36 -9999.00 -9999.00 -9999.00 256.89 29.12 0.00
0.00 16052.18
94.00 -71.26 -9999.00 -9999.00 -9999.00 245.46 9.83 0.00
0.00 16874.48
81.00 -70.86 -9999.00 -9999.00 -9999.00 226.64 4.82 0.00
0.00 17754.97
70.60 -69.86 -9999.00 -9999.00 -9999.00 47.73 2.89 0.00
0.00 18570.68
62.20 -67.96 -9999.00 -9999.00 -9999.00 48.99 5.92 0.00
0.00 19328.00
54.30 -67.06 -9999.00 -9999.00 -9999.00 51.52 9.67 0.00
0.00 20145.61
46.90 -65.16 -9999.00 -9999.00 -9999.00 57.63 16.34 0.00
0.00 21033.50
40.10 -63.76 -9999.00 -9999.00 -9999.00 55.78 17.62 0.00
0.00 21990.36
33.80 -62.16 -9999.00 -9999.00 -9999.00 44.46 14.70 0.00
0.00 23041.93
27.80 -59.06 -9999.00 -9999.00 -9999.00 48.01 5.23 0.00
0.00 24257.73
22.30 -55.56 -9999.00 -9999.00 -9999.00 268.32 6.60 0.00
0.00 25650.52
17.10 -52.36 -9999.00 -9999.00 -9999.00 246.18 16.36 0.00
0.00 27354.02
12.30 -43.76 -9999.00 -9999.00 -9999.00 252.70 40.48 0.00
0.00 29524.86

STID = KJAX STNM = 722060 TIME = 221026/1300 
SLAT = 30.50 SLON = -81.69 SELV = 10.0
STIM = 1

SHOW = 3.37 LIFT = 3.67 SWET = 161.75 KINX = 32.27
LCLP = 973.11 PWAT = 38.58 TOTL = 42.34 CAPE = 0.00
LCLT = 289.60 CINS = 0.00 EQLV = -9999.00 LFCT = -9999.00
BRCH = 0.00

PRES TMPC TMWC DWPC THTE DRCT SKNT OMEG
CFRL HGHT
1009.90 19.54 17.93 17.04 326.71 173.42 5.09 0.00
0.00 19.40
1006.90 19.74 17.71 16.58 326.32 177.14 11.67 0.00
0.00 45.08
1001.30 20.14 17.45 15.95 326.16 179.22 14.18 0.00
1.00 93.26
991.70 21.64 16.62 13.66 324.55 186.47 18.96 0.00
0.00 176.71
977.70 21.14 16.61 14.00 326.40 192.14 18.47 0.00
0.00 300.05
959.50 19.44 17.69 16.76 332.75 204.90 17.99 0.10
0.00 462.56
937.70 19.14 15.83 13.94 329.27 215.04 20.65 0.10
0.00 660.68
914.00 18.44 13.90 11.03 326.15 223.88 21.02 0.00
0.00 880.75
888.30 17.34 13.06 10.32 327.11 231.25 18.94 0.00
0.00 1125.05
859.50 16.44 12.09 9.23 328.19 234.78 16.16 0.10
0.00 1406.34
827.70 15.24 10.89 7.93 329.16 238.71 11.60 0.10
0.00 1726.86
792.90 13.24 10.54 8.78 333.51 252.30 9.58 0.00
0.00 2090.07
754.90 10.44 9.64 9.11 336.95 260.41 13.99 0.00
0.00 2502.07
714.00 7.54 6.86 6.35 335.24 253.58 19.23 0.00
4.00 2964.61
670.10 4.74 3.78 2.99 333.95 251.26 22.98 0.00
2.00 3485.82
623.20 2.74 0.69 -1.21 334.01 254.12 24.84 -0.10
0.00 4076.19
573.90 0.24 -6.44 -19.48 325.45 258.05 27.19 -0.10
0.00 4740.13
526.30 -5.56 -11.38 -28.14 324.11 260.40 26.79 -0.10
0.00 5426.12
483.50 -10.76 -15.43 -32.27 324.94 262.98 25.45 0.10
0.00 6084.28
445.30 -14.66 -18.71 -37.02 327.11 265.27 25.93 0.20
0.00 6711.89
410.90 -19.56 -21.92 -31.37 329.52 263.13 27.58 0.30
0.00 7314.64
379.80 -23.96 -26.14 -39.14 329.93 263.02 28.77 0.40
0.00 7893.97
351.90 -27.96 -30.05 -52.93 330.79 263.36 28.55 0.30
0.00 8446.10
326.80 -31.86 -33.51 -57.41 332.36 263.16 29.35 0.20
0.00 8972.99
304.30 -35.76 -37.01 -59.75 333.68 260.97 29.70 0.10
0.00 9472.76
284.00 -39.46 -40.41 -62.51 334.97 258.83 32.07 0.00
0.00 9948.77
265.80 -43.26 -43.96 -66.03 335.78 258.94 35.43 0.00
0.00 10398.14
248.80 -46.86 -47.36 -66.51 336.82 259.59 38.71 -0.10
0.00 10839.42
233.60 -48.86 -49.29 -66.97 339.91 257.50 42.17 -0.10
0.00 11255.14
219.60 -49.86 -50.26 -67.41 344.43 255.13 45.42 -0.10
0.00 11660.00
205.70 -51.76 -52.13 -72.71 347.89 258.45 45.61 -0.10
0.00 12085.56
191.70 -54.26 -54.55 -73.19 350.96 264.24 42.56 -0.10
0.00 12539.77
177.70 -57.06 -57.28 -73.70 354.06 269.08 36.32 -0.10
0.00 13022.56
163.80 -60.26 -60.41 -74.24 357.03 265.76 31.55 -0.10
0.00 13533.94
149.80 -63.66 -9999.00 -9999.00 -9999.00 259.25 31.24 -0.10
0.00 14086.26
135.90 -66.66 -9999.00 -9999.00 -9999.00 249.95 30.59 -0.10
0.00 14679.14
121.90 -69.06 -69.11 -76.19 372.41 245.44 32.25 0.00
0.00 15332.44
108.00 -70.56 -9999.00 -9999.00 -9999.00 254.58 29.22 0.00
0.00 16053.05
94.00 -70.96 -9999.00 -9999.00 -9999.00 249.57 10.57 0.00
0.00 16875.55
81.00 -71.56 -9999.00 -9999.00 -9999.00 220.10 4.82 0.00
0.00 17755.17
70.60 -69.16 -9999.00 -9999.00 -9999.00 59.53 3.83 0.00
0.00 18570.89
62.20 -67.26 -9999.00 -9999.00 -9999.00 57.85 8.02 0.00
0.00 19330.80
54.30 -66.86 -9999.00 -9999.00 -9999.00 57.65 13.79 0.00
0.00 20150.20
46.90 -65.76 -9999.00 -9999.00 -9999.00 62.40 19.29 0.00
0.00 21037.22
40.10 -63.46 -9999.00 -9999.00 -9999.00 57.86 17.89 0.00
0.00 21993.40
33.80 -60.96 -9999.00 -9999.00 -9999.00 46.61 14.70 0.00
0.00 23048.72
27.80 -58.16 -9999.00 -9999.00 -9999.00 21.80 5.23 0.00
0.00 24270.53
22.30 -54.96 -9999.00 -9999.00 -9999.00 273.27 6.82 0.00
0.00 25668.16
17.10 -50.76 -9999.00 -9999.00 -9999.00 247.95 16.55 0.00
0.00 27380.21
12.30 -43.76 -9999.00 -9999.00 -9999.00 263.73 37.33 0.00
0.00 29558.76

STID = KJAX STNM = 722060 TIME = 221026/1400 
SLAT = 30.50 SLON = -81.69 SELV = 10.0
STIM = 2

SHOW = 0.98 LIFT = 2.15 SWET = 273.18 KINX = 36.23
LCLP = 957.48 PWAT = 39.92 TOTL = 45.10 CAPE = 0.00
LCLT = 289.50 CINS = 0.00 EQLV = -9999.00 LFCT = -9999.00
BRCH = 0.00

PRES TMPC TMWC DWPC THTE DRCT SKNT OMEG
CFRL HGHT
1010.50 20.84 18.46 17.20 328.48 173.42 5.09 0.00
0.00 20.29
1007.50 20.84 18.19 16.77 327.92 176.10 8.57 0.00
0.00 46.06
1001.90 20.64 17.81 16.27 327.34 177.88 10.49 0.00
0.00 94.35
992.30 21.24 16.92 14.44 325.51 184.40 15.19 0.00
0.00 177.79
978.20 20.64 17.66 16.06 330.00 190.78 16.61 0.00
0.00 301.82
960.00 19.24 18.77 18.49 336.69 208.89 19.31 0.00
1.00 464.20
938.30 19.24 17.05 15.88 333.48 222.71 20.63 -0.10
3.00 661.43
914.50 18.84 14.97 12.70 329.63 231.61 19.08 -0.10
0.00 882.65
888.70 17.74 14.39 12.43 331.45 234.81 18.53 -0.10
0.00 1128.29
859.90 16.54 13.67 11.99 333.36 238.83 18.40 -0.10
0.00 1409.95
828.00 14.94 12.35 10.77 333.86 239.74 16.20 -0.20
0.00 1731.57
793.10 12.64 11.27 10.41 335.89 241.46 12.61 -0.40
0.00 2095.44
755.10 9.74 9.65 9.55 336.94 252.32 14.06 -0.50
26.00 2506.57
714.10 7.24 7.17 7.07 336.16 250.07 16.53 -0.50
100.00 2969.43
670.10 4.04 4.00 3.93 334.57 249.19 20.78 -0.40
100.00 3491.00
623.20 3.24 -2.44 -10.16 325.89 254.17 25.64 -0.30
0.00 4080.74
574.00 0.84 -7.86 -40.78 321.84 261.93 26.28 -0.30
0.00 4743.79
526.40 -5.26 -11.83 -36.85 323.00 260.91 24.59 -0.20
0.00 5430.45
483.60 -10.96 -15.66 -33.51 324.46 263.05 24.07 0.00
0.00 6088.52
445.30 -15.06 -19.21 -40.97 326.16 265.31 23.78 0.20
0.00 6716.94
411.00 -19.36 -22.75 -45.49 327.85 263.61 24.44 0.30
0.00 7317.51
379.90 -23.96 -26.48 -45.65 329.26 262.98 27.00 0.40
0.00 7896.81
352.00 -28.06 -29.88 -44.86 331.10 264.70 29.45 0.40
0.00 8448.67
326.90 -32.06 -33.40 -46.49 332.57 263.06 30.54 0.30
0.00 8975.11
304.30 -35.76 -37.01 -59.75 333.68 260.60 29.74 0.20
0.00 9476.84
284.00 -39.46 -40.43 -65.54 334.93 260.06 30.36 0.10
0.00 9952.85
265.80 -43.26 -43.94 -63.01 335.82 262.10 33.94 0.10
0.00 10402.21
248.80 -46.56 -47.08 -66.51 337.27 263.63 38.50 0.00
0.00 10843.79
233.60 -48.26 -48.72 -66.97 340.82 262.14 41.18 0.00
0.00 11260.34
219.60 -49.56 -50.00 -72.27 344.84 260.24 43.55 0.00
0.00 11666.01
205.70 -51.86 -52.22 -72.71 347.73 261.33 43.82 0.00
0.00 12091.77
191.70 -54.66 -54.94 -73.19 350.32 263.11 40.50 0.00
0.00 12545.46
177.70 -57.46 -57.67 -73.70 353.40 265.53 34.87 0.00
0.00 13027.36
163.80 -60.46 -60.61 -74.24 356.69 264.05 31.84 0.00
0.00 13538.03
149.80 -63.76 -9999.00 -9999.00 -9999.00 259.30 32.42 0.00
0.00 14089.95
135.90 -66.66 -9999.00 -9999.00 -9999.00 252.22 32.44 0.00
0.00 14682.68
121.90 -69.26 -69.31 -76.19 372.05 244.54 31.62 0.00
0.00 15335.67
108.00 -71.26 -71.30 -76.97 381.37 251.33 29.74 0.00
0.00 16054.69
94.00 -70.66 -9999.00 -9999.00 -9999.00 260.94 13.58 0.00
0.00 16876.38
81.00 -71.26 -9999.00 -9999.00 -9999.00 223.15 4.25 0.00
0.00 17757.31
70.60 -67.46 -9999.00 -9999.00 -9999.00 73.74 4.86 0.00
0.00 18577.04
62.20 -66.76 -9999.00 -9999.00 -9999.00 79.59 9.67 0.00
0.00 19341.03
54.30 -66.96 -9999.00 -9999.00 -9999.00 73.37 15.62 0.00
0.00 20161.23
46.90 -66.36 -9999.00 -9999.00 -9999.00 71.38 19.46 0.00
0.00 21046.75
40.10 -63.06 -9999.00 -9999.00 -9999.00 66.95 19.85 0.00
0.00 22002.47
33.80 -60.86 -9999.00 -9999.00 -9999.00 58.48 17.09 0.00
0.00 23059.04
27.80 -58.56 -9999.00 -9999.00 -9999.00 11.31 5.94 0.00
0.00 24280.00
22.30 -55.66 -9999.00 -9999.00 -9999.00 270.00 9.32 0.00
0.00 25674.07
17.10 -50.66 -9999.00 -9999.00 -9999.00 251.22 20.51 0.00
0.00 27383.79
12.30 -45.26 -9999.00 -9999.00 -9999.00 261.50 34.17 0.00
0.00 29555.60

STID = KJAX STNM = 722060 TIME = 221026/1500 
SLAT = 30.50 SLON = -81.69 SELV = 10.0
STIM = 3

SHOW = -0.58 LIFT = 1.68 SWET = 289.26 KINX = 36.65
LCLP = 966.81 PWAT = 40.96 TOTL = 46.56 CAPE = 0.00
LCLT = 289.90 CINS = 0.00 EQLV = -9999.00 LFCT = -9999.00
BRCH = 0.00

PRES TMPC TMWC DWPC THTE DRCT SKNT OMEG
CFRL HGHT
1010.60 20.44 18.49 17.45 328.57 171.47 3.92 0.00
0.00 20.28
1007.60 20.54 18.14 16.85 327.74 175.91 8.18 0.00
0.00 46.02
1002.00 20.54 17.68 16.11 326.87 177.88 10.49 0.00
0.00 94.27
992.50 21.04 16.72 14.22 324.83 185.19 15.02 0.10
0.00 176.78
978.30 20.34 17.45 15.89 329.27 191.31 16.84 0.10
0.00 301.55
960.10 19.44 18.97 18.69 337.44 214.29 20.69 0.00
0.00 463.89
938.30 19.44 17.64 16.71 335.66 225.67 23.35 -0.10
1.00 662.20
914.50 18.64 16.43 15.25 334.77 231.42 20.86 -0.10
0.00 883.59
888.70 17.74 15.45 14.19 335.13 233.97 18.49 -0.10
0.00 1129.37
859.90 16.44 14.64 13.63 336.71 241.78 18.08 -0.10
0.00 1411.20
827.90 14.24 13.72 13.39 338.59 245.77 17.04 -0.20
0.00 1733.69
792.90 12.24 12.20 12.12 339.06 248.20 16.74 -0.50
100.00 2098.31
754.90 10.04 9.97 9.88 338.01 251.34 15.79 -0.70
100.00 2509.65
713.90 7.44 7.40 7.33 336.92 240.69 12.70 -0.60
100.00 2973.10
669.90 3.24 1.24 -0.69 327.13 244.51 18.51 -0.40
74.00 3493.95
623.20 4.04 -5.05 -29.22 319.32 257.37 23.10 -0.20
0.00 4080.47
574.00 0.94 -7.47 -32.91 322.80 265.50 24.75 -0.10
0.00 4744.20
526.40 -5.46 -11.10 -26.21 324.69 260.89 25.78 0.00
0.00 5430.89
483.60 -10.66 -15.12 -29.81 325.54 263.10 24.26 0.00
0.00 6089.23
445.30 -15.06 -18.98 -36.75 326.64 268.06 22.94 0.10
0.00 6718.08
411.00 -19.46 -22.51 -38.67 328.36 268.63 24.28 0.20
0.00 7318.59
379.90 -23.96 -26.24 -40.67 329.72 266.27 26.86 0.30
0.00 7897.82
352.00 -28.06 -30.15 -54.05 330.58 264.67 29.27 0.30
0.00 8449.68
326.90 -31.96 -33.62 -59.19 332.15 263.49 29.14 0.20
0.00 8976.19
304.30 -35.66 -36.92 -59.75 333.82 262.73 27.60 0.10
0.00 9478.10
284.00 -39.46 -40.41 -62.51 334.97 262.48 28.21 0.00
0.00 9954.21
265.80 -43.26 -43.94 -63.01 335.82 263.35 31.88 0.00
0.00 10403.58
248.90 -46.46 -46.99 -66.51 337.38 264.53 36.69 0.00
0.00 10842.57
233.60 -47.86 -48.34 -66.97 341.43 264.02 41.01 -0.10
0.00 11262.24
219.60 -49.26 -49.72 -72.27 345.30 263.57 43.40 -0.10
0.00 11668.54
205.70 -51.76 -52.13 -72.71 347.89 263.77 42.99 -0.10
0.00 12094.68
191.70 -54.66 -54.94 -73.19 350.32 263.69 38.89 -0.10
0.00 12548.48
177.70 -57.56 -57.76 -73.70 353.24 263.73 33.80 -0.10
0.00 13030.27
163.80 -60.66 -60.80 -74.24 356.36 263.05 32.09 0.00
0.00 13540.58
149.80 -63.76 -9999.00 -9999.00 -9999.00 260.54 33.08 0.00
0.00 14092.24
135.90 -66.76 -9999.00 -9999.00 -9999.00 254.01 34.56 0.00
0.00 14684.83
121.90 -69.06 -9999.00 -9999.00 -9999.00 249.52 32.77 0.00
0.00 15337.97
108.00 -71.16 -9999.00 -9999.00 -9999.00 252.74 26.85 0.00
0.00 16057.52
94.00 -70.96 -9999.00 -9999.00 -9999.00 262.23 12.94 0.00
0.00 16878.81
81.00 -71.36 -9999.00 -9999.00 -9999.00 162.65 3.26 0.00
0.00 17758.86
70.60 -67.66 -9999.00 -9999.00 -9999.00 92.79 7.96 0.00
0.00 18577.99
62.20 -67.56 -9999.00 -9999.00 -9999.00 92.96 11.29 0.00
0.00 19340.13
54.30 -67.66 -9999.00 -9999.00 -9999.00 84.87 15.21 0.00
0.00 20157.34
46.90 -65.86 -9999.00 -9999.00 -9999.00 73.24 16.84 0.00
0.00 21042.44
40.10 -62.06 -9999.00 -9999.00 -9999.00 73.47 18.43 0.00
0.00 22001.60
33.80 -59.96 -9999.00 -9999.00 -9999.00 60.59 12.26 0.00
0.00 23062.92
27.80 -57.86 -9999.00 -9999.00 -9999.00 331.50 7.73 0.00
0.00 24288.45
22.30 -55.26 -9999.00 -9999.00 -9999.00 270.00 13.99 0.00
0.00 25686.08
17.10 -50.56 -9999.00 -9999.00 -9999.00 253.09 20.71 0.00
0.00 27397.74
12.30 -45.76 -9999.00 -9999.00 -9999.00 254.39 27.43 0.00
0.00 29567.61

STID = KJAX STNM = 722060 TIME = 221026/1600 
SLAT = 30.50 SLON = -81.69 SELV = 10.0
STIM = 4

SHOW = -1.45 LIFT = 1.03 SWET = 312.06 KINX = 30.57
LCLP = 953.65 PWAT = 37.28 TOTL = 47.55 CAPE = 0.00
LCLT = 289.48 CINS = 0.00 EQLV = -9999.00 LFCT = -9999.00
BRCH = 0.00

PRES TMPC TMWC DWPC THTE DRCT SKNT OMEG
CFRL HGHT
1010.30 21.14 18.59 17.24 328.95 169.51 5.34 0.00
0.00 21.16
1007.40 20.94 18.23 16.78 328.07 172.06 8.43 0.00
0.00 46.10
1001.80 20.54 17.85 16.38 327.47 174.40 9.95 0.00
0.00 94.39
992.30 20.54 16.98 14.96 325.74 180.00 14.37 0.00
0.00 176.86
978.10 20.04 17.56 16.23 329.69 189.14 17.11 0.00
0.00 301.52
959.80 20.34 19.10 18.47 337.99 212.01 21.99 -0.10
0.00 464.96
938.10 20.14 18.37 17.48 338.42 219.69 23.72 -0.10
0.00 662.99
914.30 19.34 17.12 15.98 337.33 226.80 21.85 -0.20
0.00 885.03
888.40 18.24 16.03 14.86 337.29 230.34 19.17 -0.20
0.00 1132.43
859.50 16.44 15.38 14.79 339.45 237.80 18.59 -0.20
0.00 1415.71
827.60 14.84 13.86 13.29 339.14 244.51 18.51 0.00
2.00 1737.74
792.60 12.84 11.55 10.76 336.92 243.43 15.64 0.40
77.00 2103.15
754.60 9.84 8.47 7.51 333.27 236.10 14.98 0.60
79.00 2514.63
713.70 6.54 4.29 2.37 327.88 239.04 18.12 0.30
78.00 2975.62
669.90 5.04 -1.94 -12.85 319.06 249.64 20.10 -0.10
24.00 3494.08
623.20 4.04 -5.44 -36.55 318.33 263.35 20.14 -0.20
0.00 4081.88
574.10 0.54 -8.04 -40.77 321.47 268.99 22.14 -0.10
0.00 4743.61
526.40 -5.46 -11.82 -34.29 323.08 263.57 25.99 0.00
0.00 5431.03
483.60 -10.66 -15.73 -37.69 324.25 265.13 25.16 0.10
0.00 6089.21
445.40 -14.96 -19.15 -41.37 326.23 270.00 21.17 0.10
0.00 6716.37
411.00 -19.46 -22.73 -42.98 327.91 270.50 22.34 0.20
0.00 7318.63
379.90 -23.96 -26.64 -51.27 328.95 268.72 26.03 0.30
0.00 7897.81
352.00 -28.16 -30.24 -54.05 330.45 266.03 28.03 0.40
0.00 8449.52
326.90 -31.86 -33.53 -59.19 332.29 265.48 27.08 0.40
0.00 8976.04
304.30 -35.66 -36.95 -61.98 333.77 264.92 26.32 0.30
0.00 9478.05
284.00 -39.56 -40.50 -62.51 334.83 263.48 27.37 0.20
0.00 9954.06
265.80 -43.36 -44.06 -66.03 335.63 263.42 30.50 0.10
0.00 10403.23
248.90 -46.46 -46.99 -66.51 337.38 265.60 35.45 0.00
0.00 10842.13
233.60 -47.96 -48.43 -66.97 341.28 265.84 40.11 0.00
0.00 11261.70
219.60 -49.56 -50.00 -72.27 344.84 265.78 42.27 -0.10
0.00 11667.64
205.70 -51.96 -52.32 -72.71 347.57 265.95 41.28 -0.10
0.00 12093.30
191.70 -54.66 -54.94 -73.19 350.32 265.16 36.85 -0.10
0.00 12546.89
177.70 -57.66 -57.86 -73.70 353.07 261.62 32.01 -0.10
0.00 13028.57
163.80 -60.86 -61.00 -74.24 356.02 258.34 30.75 0.00
0.00 13538.52
149.80 -64.06 -9999.00 -9999.00 -9999.00 255.96 32.03 0.00
0.00 14089.53
135.90 -67.26 -9999.00 -9999.00 -9999.00 252.18 34.29 0.10
0.00 14680.98
121.90 -69.36 -9999.00 -9999.00 -9999.00 250.30 33.43 0.10
0.00 15332.85
108.00 -70.36 -9999.00 -9999.00 -9999.00 253.99 23.23 0.00
0.00 16053.29
94.00 -70.76 -9999.00 -9999.00 -9999.00 240.26 7.83 0.00
0.00 16876.60
81.00 -70.86 -9999.00 -9999.00 -9999.00 136.08 7.28 0.00
0.00 17758.18
70.60 -67.86 -9999.00 -9999.00 -9999.00 110.56 9.97 0.00
0.00 18577.92
62.20 -67.96 -9999.00 -9999.00 -9999.00 100.68 10.47 0.00
0.00 19338.94
54.30 -67.76 -9999.00 -9999.00 -9999.00 84.73 12.68 0.00
0.00 20155.16
46.90 -65.06 -9999.00 -9999.00 -9999.00 64.57 13.11 0.00
0.00 21041.76
40.10 -62.06 -9999.00 -9999.00 -9999.00 67.25 13.05 0.00
0.00 22002.75
33.80 -60.86 -9999.00 -9999.00 -9999.00 46.47 10.72 0.00
0.00 23061.82
27.80 -59.36 -9999.00 -9999.00 -9999.00 358.81 9.32 0.00
0.00 24280.49
22.30 -56.26 -9999.00 -9999.00 -9999.00 266.82 10.51 0.00
0.00 25670.04
17.10 -49.56 -9999.00 -9999.00 -9999.00 243.15 17.19 0.00
0.00 27381.70
12.30 -44.86 -9999.00 -9999.00 -9999.00 246.39 28.61 0.00
0.00 29560.74

STID = KJAX STNM = 722060 TIME = 221026/1700 
SLAT = 30.50 SLON = -81.69 SELV = 10.0
STIM = 5

SHOW = -0.70 LIFT = -0.41 SWET = 316.99 KINX = 32.57
LCLP = 933.55 PWAT = 39.12 TOTL = 46.83 CAPE = 41.06
LCLT = 290.74 CINS = -299.56 EQLV = 327.87 LFCT = 485.09
BRCH = 1.82

PRES TMPC TMWC DWPC THTE DRCT SKNT OMEG
CFRL HGHT
1009.20 24.14 20.54 18.84 336.39 191.98 6.55 0.00
0.00 19.56
1006.10 23.64 20.17 18.51 335.41 193.39 8.39 0.00
0.00 46.53
1000.60 23.14 19.88 18.30 335.07 194.32 9.42 0.00
0.00 94.49
991.00 22.24 19.46 18.09 334.82 198.10 10.63 0.00
0.00 178.65
976.80 21.04 18.89 17.81 334.71 199.33 11.73 0.00
0.00 304.18
958.60 20.04 18.68 17.99 336.57 208.20 15.21 0.00
0.00 467.18
936.90 19.34 18.52 18.08 339.19 218.49 20.59 0.20
4.00 665.09
913.10 18.24 17.75 17.46 339.88 229.06 25.19 0.30
25.00 886.83
887.30 17.24 16.39 15.92 338.78 237.56 27.16 0.40
20.00 1132.85
858.40 16.54 14.97 14.10 338.13 240.81 24.69 0.20
7.00 1416.08
826.60 15.04 12.98 11.78 336.24 235.52 19.56 0.00
2.00 1737.51
791.70 12.74 10.60 9.23 333.94 232.72 16.36 -0.10
27.00 2102.13
753.90 9.84 7.92 6.55 331.73 235.35 16.06 0.00
29.00 2511.61
713.00 6.84 4.85 3.23 329.56 242.82 16.16 0.00
28.00 2973.27
669.30 5.04 0.10 -5.63 324.23 259.46 17.00 -0.10
0.00 3491.63
622.60 4.14 -3.14 -14.89 324.16 268.15 18.07 -0.20
0.00 4080.67
573.50 0.34 -8.02 -36.66 321.70 270.91 24.48 -0.30
0.00 4743.30
526.00 -5.66 -12.12 -37.52 322.51 266.89 25.10 -0.20
0.00 5427.96
483.30 -10.56 -15.66 -37.69 324.43 269.03 22.92 0.00
0.00 6084.90
445.10 -14.66 -19.07 -44.76 326.40 276.34 19.35 0.20
0.00 6712.94
410.80 -19.26 -22.75 -48.08 327.87 272.60 21.39 0.30
0.00 7314.36
379.80 -23.96 -26.62 -50.37 329.01 267.30 24.69 0.40
0.00 7892.10
351.90 -28.06 -30.17 -55.33 330.57 265.20 25.54 0.40
0.00 8444.08
326.80 -31.76 -33.45 -59.19 332.45 265.09 24.96 0.40
0.00 8970.96
304.20 -35.56 -36.86 -61.98 333.94 263.09 25.84 0.30
0.00 9473.35
284.00 -39.66 -40.59 -62.51 334.69 260.27 27.58 0.10
0.00 9947.09
265.80 -43.56 -44.24 -66.03 335.34 261.36 31.04 0.00
0.00 10395.97
248.80 -46.36 -46.89 -66.51 337.57 266.29 36.01 0.00
0.00 10837.45
233.60 -47.86 -48.34 -66.97 341.43 266.62 39.51 -0.10
0.00 11254.56
219.60 -49.66 -50.10 -72.27 344.69 266.42 40.48 -0.10
0.00 11660.49
205.70 -51.96 -52.32 -72.71 347.57 267.15 39.08 -0.20
0.00 12086.06
191.70 -54.46 -54.74 -73.19 350.64 266.62 36.19 -0.10
0.00 12539.85
177.70 -57.56 -57.76 -73.70 353.24 262.54 32.91 -0.10
0.00 13021.86
163.80 -60.96 -61.10 -74.24 355.85 257.32 31.86 0.00
0.00 13531.82
149.80 -64.26 -9999.00 -9999.00 -9999.00 254.71 32.42 0.00
0.00 14082.43
135.90 -67.36 -9999.00 -9999.00 -9999.00 252.80 34.17 0.10
0.00 14673.46
121.90 -69.46 -9999.00 -9999.00 -9999.00 251.04 33.49 0.10
0.00 15325.01
108.00 -69.66 -9999.00 -9999.00 -9999.00 251.40 21.31 0.00
0.00 16046.51
94.00 -70.56 -9999.00 -9999.00 -9999.00 204.44 7.03 0.00
0.00 16871.65
81.00 -70.86 -9999.00 -9999.00 -9999.00 157.69 8.20 0.00
0.00 17753.67
70.60 -68.76 -9999.00 -9999.00 -9999.00 139.09 7.71 0.00
0.00 18571.59
62.20 -68.46 -9999.00 -9999.00 -9999.00 107.97 7.56 0.00
0.00 19330.01
54.30 -67.56 -9999.00 -9999.00 -9999.00 74.20 10.70 0.00
0.00 20145.64
46.90 -64.66 -9999.00 -9999.00 -9999.00 57.09 11.79 0.00
0.00 21033.52
40.10 -62.46 -9999.00 -9999.00 -9999.00 66.43 11.65 0.00
0.00 21994.52
33.80 -61.76 -9999.00 -9999.00 -9999.00 64.65 12.26 0.00
0.00 23050.34
27.80 -59.86 -9999.00 -9999.00 -9999.00 32.83 7.17 0.00
0.00 24265.00
22.30 -56.76 -9999.00 -9999.00 -9999.00 254.20 10.70 0.00
0.00 25651.33
17.10 -49.96 -9999.00 -9999.00 -9999.00 245.22 16.69 0.00
0.00 27359.49
12.30 -44.66 -9999.00 -9999.00 -9999.00 253.82 26.50 0.00
0.00 29537.56

STID = KJAX STNM = 722060 TIME = 221026/1800 
SLAT = 30.50 SLON = -81.69 SELV = 10.0
STIM = 6

SHOW = -1.00 LIFT = -2.42 SWET = 323.86 KINX = 26.61
LCLP = 931.30 PWAT = 37.73 TOTL = 46.54 CAPE = 919.56
LCLT = 292.53 CINS = -1.63 EQLV = 233.72 LFCT = 915.34
BRCH = 70.59

PRES TMPC TMWC DWPC THTE DRCT SKNT OMEG
CFRL HGHT
1007.60 26.04 22.27 20.66 343.74 208.18 6.18 0.00
0.00 19.64
1004.50 25.74 21.99 20.37 343.02 210.74 8.35 -0.10
0.00 46.86
999.00 25.34 21.74 20.17 342.79 213.07 9.97 -0.20
0.00 95.30
989.40 24.54 21.32 19.90 342.49 215.31 11.42 -0.40
0.00 180.32
975.20 23.34 20.75 19.58 342.27 217.73 13.01 -0.70
0.00 307.16
957.00 21.84 20.03 19.18 342.11 220.19 14.74 -1.00
0.00 471.70
935.30 19.94 19.13 18.71 341.84 222.09 16.22 -1.10
0.00 670.86
911.50 18.14 18.02 17.90 341.17 223.65 17.44 -1.00
67.00 893.24
885.70 16.94 16.85 16.74 340.74 227.97 18.57 -0.50
100.00 1139.61
857.00 15.34 15.25 15.15 339.39 235.10 20.38 0.30
93.00 1420.77
825.20 14.14 12.81 12.01 335.86 240.26 23.48 0.90
4.00 1741.66
790.40 12.34 9.65 7.82 331.13 239.51 24.13 1.00
0.00 2104.96
752.70 10.24 5.91 2.23 326.03 236.46 20.05 0.70
0.00 2513.64
712.00 7.34 2.36 -2.87 322.96 239.04 17.00 0.30
0.00 2973.85
668.50 5.54 -0.78 -9.22 322.10 253.23 14.80 0.00
0.00 3490.91
622.00 3.94 -4.53 -22.90 320.85 269.40 18.45 -0.10
0.00 4078.04
573.10 -0.16 -8.20 -34.22 321.46 270.88 25.25 -0.30
0.00 4737.51
525.60 -5.66 -11.97 -34.56 322.94 262.12 25.49 -0.30
0.00 5422.07
483.00 -10.46 -15.65 -38.70 324.50 267.42 21.58 -0.20
0.00 6078.07
444.90 -14.76 -19.14 -44.77 326.32 276.27 17.77 0.00
0.00 6704.79
410.60 -19.46 -22.89 -47.37 327.69 270.00 20.20 0.10
0.00 7306.14
379.60 -24.06 -26.70 -50.37 328.93 263.35 23.47 0.20
0.00 7883.83
351.80 -28.06 -30.17 -55.33 330.60 261.54 23.76 0.30
0.00 8433.94
326.70 -31.76 -33.45 -59.19 332.48 262.13 24.13 0.20
0.00 8960.98
304.20 -35.66 -36.95 -61.98 333.80 259.70 26.07 0.20
0.00 9461.11
283.90 -39.86 -40.77 -62.51 334.44 257.39 28.46 0.10
0.00 9936.98
265.70 -43.66 -44.33 -66.03 335.23 263.21 32.87 0.00
0.00 10385.74
248.80 -46.16 -46.71 -66.51 337.86 269.10 36.91 0.00
0.00 10824.80
233.60 -47.76 -48.25 -66.97 341.58 269.17 40.02 -0.10
0.00 11242.18
219.60 -49.76 -50.19 -72.27 344.53 267.81 40.64 -0.10
0.00 11648.12
205.70 -52.16 -52.51 -72.71 347.26 267.45 39.28 -0.10
0.00 12073.40
191.70 -54.56 -54.84 -73.19 350.48 266.07 36.79 -0.10
0.00 12526.88
177.70 -57.56 -57.76 -73.70 353.24 263.20 34.42 -0.10
0.00 13008.78
163.80 -60.96 -61.10 -74.24 355.85 258.75 33.86 0.00
0.00 13518.74
149.80 -64.16 -9999.00 -9999.00 -9999.00 253.59 33.00 0.00
0.00 14069.48
135.90 -67.06 -9999.00 -9999.00 -9999.00 251.57 33.78 0.10
0.00 14661.08
121.90 -69.16 -9999.00 -9999.00 -9999.00 248.20 32.42 0.10
0.00 15313.58
108.00 -69.36 -9999.00 -9999.00 -9999.00 249.70 20.71 0.00
0.00 16036.15
94.00 -70.56 -9999.00 -9999.00 -9999.00 190.08 8.88 0.00
0.00 16861.90
81.00 -71.16 -9999.00 -9999.00 -9999.00 184.67 9.56 0.00
0.00 17743.26
70.60 -69.66 -9999.00 -9999.00 -9999.00 176.63 6.62 0.00
0.00 18558.77
62.20 -68.46 -9999.00 -9999.00 -9999.00 102.09 5.56 0.00
0.00 19315.53
54.30 -66.96 -9999.00 -9999.00 -9999.00 65.92 10.00 0.00
0.00 20132.35
46.90 -64.36 -9999.00 -9999.00 -9999.00 61.31 11.73 0.00
0.00 21022.16
40.10 -62.76 -9999.00 -9999.00 -9999.00 76.81 12.76 0.00
0.00 21983.15
33.80 -61.46 -9999.00 -9999.00 -9999.00 88.21 12.43 0.00
0.00 23038.97
27.80 -59.36 -9999.00 -9999.00 -9999.00 61.70 2.87 0.00
0.00 24255.92
22.30 -57.86 -9999.00 -9999.00 -9999.00 246.37 10.18 0.00
0.00 25640.32
17.10 -50.26 -9999.00 -9999.00 -9999.00 240.26 15.66 0.00
0.00 27343.04
12.30 -44.26 -9999.00 -9999.00 -9999.00 244.13 28.50 0.00
0.00 29521.60

STID = KJAX STNM = 722060 TIME = 221026/1900 
SLAT = 30.50 SLON = -81.69 SELV = 10.0
STIM = 7

SHOW = -1.47 LIFT = -2.78 SWET = 349.65 KINX = 11.76
LCLP = 960.35 PWAT = 36.28 TOTL = 47.00 CAPE = 1076.84
LCLT = 293.91 CINS = -4.20 EQLV = 229.10 LFCT = 916.26
BRCH = 246.62

PRES TMPC TMWC DWPC THTE DRCT SKNT OMEG
CFRL HGHT
1007.80 24.84 22.53 21.55 344.86 279.78 5.71 0.00
0.00 20.48
1004.80 24.64 22.33 21.33 344.41 276.07 9.19 0.00
0.00 46.73
999.20 24.24 22.05 21.10 344.09 272.91 11.48 0.00
0.00 95.88
989.60 23.54 21.61 20.75 343.66 269.19 13.79 -0.10
0.00 180.62
975.40 22.54 20.98 20.26 343.19 263.33 15.05 -0.20
0.00 307.11
957.20 21.34 20.23 19.69 342.89 253.16 15.42 -0.30
0.00 471.31
935.50 19.94 19.40 19.10 342.89 238.67 15.70 -0.40
0.00 670.31
911.70 18.44 18.31 18.19 342.29 229.25 16.67 -0.30
81.00 892.79
885.90 17.14 17.04 16.93 341.45 225.87 18.12 0.00
100.00 1139.36
857.10 15.64 15.52 15.40 340.35 226.59 19.79 0.30
100.00 1421.72
825.20 13.44 13.39 13.30 337.85 231.01 21.00 0.70
100.00 1743.50
790.40 11.94 10.10 8.88 332.54 235.84 19.72 1.00
3.00 2106.26
752.70 10.04 5.31 1.06 324.35 236.82 18.10 1.00
0.00 2514.54
712.10 8.24 0.23 -11.58 317.42 244.90 16.94 0.60
0.00 2973.79
668.60 6.64 -3.66 -38.81 314.67 255.07 15.07 0.00
0.00 3491.87
622.10 4.04 -5.65 -43.59 317.97 267.66 19.06 -0.40
0.00 4079.55
573.20 -0.46 -8.30 -32.92 321.27 269.54 24.28 -0.50
0.00 4738.51
525.80 -5.66 -11.97 -34.56 322.91 264.29 25.37 -0.20
0.00 5421.07
483.10 -10.36 -15.63 -39.79 324.49 272.63 21.19 0.10
0.00 6078.53
445.00 -14.76 -19.12 -44.21 326.33 277.05 17.42 0.30
0.00 6705.23
410.70 -19.56 -22.96 -47.37 327.54 264.96 19.89 0.40
0.00 7306.33
379.70 -23.96 -26.64 -51.28 329.00 259.61 23.70 0.30
0.00 7883.88
351.80 -27.86 -30.03 -56.82 330.82 259.41 24.30 0.20
0.00 8436.22
326.80 -31.66 -33.38 -61.43 332.55 260.75 25.39 0.10
0.00 8961.40
304.20 -35.86 -37.12 -61.98 333.52 257.96 27.02 0.00
0.00 9463.57
284.00 -40.16 -41.04 -62.51 333.97 256.06 29.02 -0.10
0.00 9936.51
265.80 -43.76 -44.40 -63.01 335.09 263.74 32.05 -0.10
0.00 10384.72
248.80 -46.06 -46.61 -66.51 338.01 269.69 35.55 -0.10
0.00 10826.30
233.60 -47.66 -48.15 -66.97 341.73 269.18 40.79 -0.10
0.00 11243.86
219.60 -49.76 -50.17 -67.41 344.58 267.84 41.22 -0.10
0.00 11649.89
205.70 -52.06 -52.41 -72.71 347.42 267.14 38.89 -0.10
0.00 12075.27
191.70 -54.46 -54.74 -73.19 350.64 265.83 37.39 -0.10
0.00 12528.96
177.70 -57.56 -57.76 -73.70 353.24 264.69 35.70 -0.10
0.00 13010.97
163.80 -61.06 -61.20 -74.24 355.68 262.15 34.11 -0.10
0.00 13520.80
149.80 -64.16 -64.25 -74.84 359.55 258.62 33.49 0.00
0.00 14071.42
135.90 -66.76 -9999.00 -9999.00 -9999.00 253.10 32.07 0.00
0.00 14663.45
121.90 -69.16 -9999.00 -9999.00 -9999.00 248.33 30.52 0.00
0.00 15316.43
108.00 -69.66 -9999.00 -9999.00 -9999.00 255.70 20.45 0.00
0.00 16038.46
94.00 -70.76 -9999.00 -9999.00 -9999.00 189.69 8.08 0.00
0.00 16863.19
81.00 -71.56 -9999.00 -9999.00 -9999.00 199.89 9.71 0.00
0.00 17743.25
70.60 -70.26 -9999.00 -9999.00 -9999.00 186.58 5.09 0.00
0.00 18556.75
62.20 -68.16 -9999.00 -9999.00 -9999.00 87.80 5.05 0.00
0.00 19312.95
54.30 -66.86 -9999.00 -9999.00 -9999.00 68.40 10.02 0.00
0.00 20130.57
46.90 -64.46 -9999.00 -9999.00 -9999.00 74.81 14.08 0.00
0.00 21020.38
40.10 -62.56 -9999.00 -9999.00 -9999.00 86.33 15.19 0.00
0.00 21981.60
33.80 -59.96 -9999.00 -9999.00 -9999.00 99.13 11.01 0.00
0.00 23041.67
27.80 -58.36 -9999.00 -9999.00 -9999.00 45.00 0.27 0.00
0.00 24265.77
22.30 -58.26 -9999.00 -9999.00 -9999.00 250.91 10.68 0.00
0.00 25652.10
17.10 -51.06 -9999.00 -9999.00 -9999.00 247.99 19.70 0.00
0.00 27350.16
12.30 -43.86 -9999.00 -9999.00 -9999.00 244.78 33.28 0.00
0.00 29526.79

STID = KJAX STNM = 722060 TIME = 221026/2000 
SLAT = 30.50 SLON = -81.69 SELV = 10.0
STIM = 8

SHOW = 0.02 LIFT = -2.61 SWET = 338.26 KINX = 4.89
LCLP = 965.15 PWAT = 33.90 TOTL = 45.40 CAPE = 1084.86
LCLT = 294.23 CINS = -12.89 EQLV = 227.75 LFCT = 879.99
BRCH = 96.23

PRES TMPC TMWC DWPC THTE DRCT SKNT OMEG
CFRL HGHT
1007.80 24.74 22.67 21.79 345.46 289.80 5.17 0.00
0.00 19.61
1004.70 24.34 22.41 21.57 344.78 286.86 6.70 0.00
0.00 46.72
999.20 23.84 22.15 21.40 344.49 284.38 7.83 0.10
0.00 94.94
989.50 22.94 21.71 21.14 344.10 282.53 8.95 0.20
0.00 180.45
975.40 21.94 20.98 20.51 343.18 273.81 11.67 0.30
3.00 305.82
957.20 21.44 20.14 19.52 342.53 258.11 15.09 0.40
2.00 469.88
935.40 20.34 19.43 18.97 343.03 243.16 18.07 0.30
2.00 669.96
911.60 19.14 18.48 18.12 342.97 234.26 19.62 0.20
31.00 892.87
885.80 17.64 16.94 16.56 341.11 229.79 21.37 0.10
53.00 1139.95
857.00 15.84 14.83 14.26 337.88 227.40 22.96 0.10
53.00 1422.58
825.20 14.14 12.07 10.80 333.39 227.05 23.10 0.10
50.00 1743.60
790.50 12.64 8.43 5.25 327.38 227.55 21.58 0.10
0.00 2105.78
752.80 10.04 4.46 -1.01 322.02 237.84 22.26 0.10
0.00 2514.16
712.20 8.54 -0.82 -18.35 314.72 258.69 20.80 0.10
0.00 2973.35
668.70 6.24 -3.93 -40.38 314.09 268.47 14.57 0.10
0.00 3491.11
622.20 3.84 -5.56 -36.57 318.24 272.34 19.06 0.00
0.00 4078.09
573.30 -0.36 -8.23 -32.68 321.41 270.00 23.50 -0.10
0.00 4736.85
525.80 -5.36 -11.84 -35.65 323.13 265.20 23.19 0.00
0.00 5421.29
483.10 -10.16 -15.53 -40.59 324.67 274.21 18.51 0.10
0.00 6079.36
445.00 -14.86 -19.18 -43.68 326.25 269.34 16.90 0.10
0.00 6706.18
410.70 -19.56 -22.94 -46.71 327.58 257.24 21.11 0.10
0.00 7307.16
379.70 -23.96 -26.64 -51.28 329.00 256.50 24.96 0.00
0.00 7884.71
351.80 -28.06 -30.20 -56.82 330.55 258.34 25.00 -0.10
0.00 8436.83
326.80 -32.06 -33.70 -59.19 332.04 259.05 24.53 -0.10
0.00 8961.37
304.20 -36.36 -37.56 -61.98 332.82 256.17 26.01 -0.10
0.00 9462.60
284.00 -40.46 -41.32 -62.51 333.54 254.74 28.79 0.00
0.00 9934.73
265.80 -43.56 -44.22 -63.01 335.38 262.83 31.14 0.00
0.00 10382.84
248.80 -45.76 -46.31 -63.51 338.50 268.48 36.73 0.10
0.00 10824.90
233.60 -47.76 -48.25 -66.97 341.58 268.68 42.17 0.10
0.00 11242.65
219.60 -49.86 -50.26 -67.41 344.43 267.22 40.05 0.00
0.00 11648.50
205.70 -51.86 -52.22 -72.71 347.73 265.11 36.46 0.00
0.00 12073.97
191.70 -54.26 -54.55 -73.19 350.96 262.72 35.26 -0.10
0.00 12528.08
177.70 -57.46 -57.67 -73.70 353.40 263.44 34.01 -0.10
0.00 13010.42
163.80 -61.26 -61.39 -74.24 355.35 262.88 31.31 -0.10
0.00 13520.13
149.80 -64.36 -64.45 -74.84 359.20 259.02 32.65 -0.10
0.00 14070.23
135.90 -66.86 -9999.00 -9999.00 -9999.00 253.86 32.15 0.00
0.00 14661.83
121.90 -69.66 -9999.00 -9999.00 -9999.00 249.53 29.45 0.00
0.00 15313.85
108.00 -70.16 -9999.00 -9999.00 -9999.00 256.09 21.02 0.00
0.00 16034.11
94.00 -70.86 -9999.00 -9999.00 -9999.00 191.31 9.91 0.00
0.00 16857.63
81.00 -71.86 -9999.00 -9999.00 -9999.00 202.75 13.05 0.00
0.00 17736.81
70.60 -69.86 -9999.00 -9999.00 -9999.00 196.19 6.27 0.00
0.00 18550.51
62.20 -67.56 -9999.00 -9999.00 -9999.00 96.01 3.71 0.00
0.00 19308.57
54.30 -66.36 -9999.00 -9999.00 -9999.00 73.89 9.09 0.00
0.00 20128.37
46.90 -63.76 -9999.00 -9999.00 -9999.00 78.84 15.05 0.00
0.00 21020.76
40.10 -61.56 -9999.00 -9999.00 -9999.00 83.48 13.69 0.00
0.00 21985.87
33.80 -59.56 -9999.00 -9999.00 -9999.00 96.79 8.22 0.00
0.00 23049.45
27.80 -59.36 -9999.00 -9999.00 -9999.00 82.41 2.93 0.00
0.00 24271.83
22.30 -58.36 -9999.00 -9999.00 -9999.00 255.26 7.63 0.00
0.00 25654.62
17.10 -52.36 -9999.00 -9999.00 -9999.00 258.06 20.65 0.00
0.00 27347.23
12.30 -43.86 -9999.00 -9999.00 -9999.00 243.15 34.40 0.00
0.00 29517.59

STID = KJAX STNM = 722060 TIME = 221026/2100 
SLAT = 30.50 SLON = -81.69 SELV = 10.0
STIM = 9

SHOW = -0.09 LIFT = -2.60 SWET = 333.15 KINX = 6.18
LCLP = 950.88 PWAT = 32.57 TOTL = 45.70 CAPE = 1251.10
LCLT = 293.84 CINS = -4.85 EQLV = 220.18 LFCT = 878.59
BRCH = 109.16

PRES TMPC TMWC DWPC THTE DRCT SKNT OMEG
CFRL HGHT
1006.90 25.54 22.78 21.63 346.08 272.39 4.66 0.00
0.00 19.64
1003.90 25.24 22.53 21.39 345.45 270.00 6.41 0.00
0.00 45.97
998.30 24.74 22.26 21.20 345.12 270.00 7.58 0.10
0.00 95.26
988.70 23.84 21.83 20.95 344.75 267.40 8.55 0.10
0.00 180.20
974.50 22.64 21.23 20.59 344.40 265.52 9.95 0.10
0.00 306.91
956.40 21.24 20.31 19.86 343.38 261.33 11.60 0.20
3.00 470.38
934.60 19.94 19.10 18.67 341.84 251.10 15.00 0.30
16.00 670.42
910.90 18.94 17.64 16.97 339.81 242.90 18.76 0.30
4.00 892.27
885.10 17.84 16.15 15.26 338.25 235.05 22.05 0.20
3.00 1139.38
856.40 16.04 14.68 13.91 337.41 227.63 23.93 0.00
3.00 1421.32
824.60 14.04 12.45 11.48 334.73 221.52 24.90 0.00
3.00 1742.65
789.90 12.14 8.26 5.32 326.99 222.15 24.88 0.10
0.00 2104.77
752.30 10.34 2.10 -9.04 315.88 244.85 24.67 0.10
0.00 2511.96
711.80 8.64 -1.09 -20.90 314.08 262.88 18.78 0.20
0.00 2970.29
668.30 6.54 -3.30 -29.28 315.69 276.84 14.67 0.20
0.00 3488.73
621.90 3.84 -5.51 -35.19 318.43 274.95 20.28 0.10
0.00 4075.15
573.00 -0.36 -8.22 -32.44 321.50 267.95 21.78 -0.10
0.00 4734.25
525.60 -5.36 -11.86 -35.95 323.12 263.78 19.74 -0.10
0.00 5417.56
483.00 -10.36 -15.63 -39.80 324.51 270.75 14.76 0.00
0.00 6074.04
444.90 -15.16 -19.37 -43.18 325.93 262.07 15.50 0.10
0.00 6700.40
410.60 -19.66 -23.02 -46.71 327.47 254.93 20.92 0.10
0.00 7301.05
379.60 -24.06 -26.74 -52.29 328.85 256.97 24.13 0.00
0.00 7878.51
351.80 -28.26 -30.36 -56.82 330.28 257.77 23.85 0.00
0.00 8428.39
326.70 -32.36 -33.96 -59.19 331.65 255.74 23.66 0.00
0.00 8954.56
304.20 -36.66 -37.81 -59.75 332.44 252.54 25.25 0.00
0.00 9453.03
283.90 -40.66 -41.50 -62.51 333.29 253.84 27.91 0.00
0.00 9927.08
265.70 -43.36 -44.03 -63.01 335.71 261.47 31.43 0.10
0.00 10375.35
248.80 -45.56 -46.12 -63.51 338.80 269.11 37.49 0.10
0.00 10815.28
233.60 -47.96 -48.41 -63.98 341.32 269.45 40.21 0.00
0.00 11233.03
219.60 -50.26 -50.64 -67.41 343.81 267.29 36.95 0.00
0.00 11638.34
205.70 -52.26 -52.60 -72.71 347.10 263.77 32.25 0.00
0.00 12063.05
191.70 -54.36 -54.65 -73.19 350.80 258.69 31.70 -0.10
0.00 12516.64
177.70 -57.26 -57.47 -73.70 353.73 256.50 29.97 -0.10
0.00 12999.09
163.80 -61.16 -61.29 -74.24 355.52 257.34 27.47 -0.10
0.00 13509.16
149.80 -64.56 -64.65 -74.84 358.86 254.90 30.57 -0.10
0.00 14059.13
135.90 -66.96 -9999.00 -9999.00 -9999.00 254.53 32.05 0.00
0.00 14650.29
121.90 -69.86 -9999.00 -9999.00 -9999.00 252.55 28.52 0.00
0.00 15301.85
108.00 -70.66 -9999.00 -9999.00 -9999.00 254.74 19.93 0.00
0.00 16020.86
94.00 -71.46 -9999.00 -9999.00 -9999.00 184.84 11.50 0.00
0.00 16842.15
81.00 -72.36 -9999.00 -9999.00 -9999.00 198.97 13.15 0.00
0.00 17718.93
70.60 -68.96 -9999.00 -9999.00 -9999.00 183.47 6.43 0.00
0.00 18533.44
62.20 -66.96 -9999.00 -9999.00 -9999.00 104.93 6.02 0.00
0.00 19294.27
54.30 -65.86 -9999.00 -9999.00 -9999.00 81.87 10.99 0.00
0.00 20116.26
46.90 -63.46 -9999.00 -9999.00 -9999.00 81.96 16.67 0.00
0.00 21010.36
40.10 -61.26 -9999.00 -9999.00 -9999.00 75.07 12.06 0.00
0.00 21976.86
33.80 -59.96 -9999.00 -9999.00 -9999.00 75.53 6.22 0.00
0.00 23040.18
27.80 -60.56 -9999.00 -9999.00 -9999.00 70.35 2.89 0.00
0.00 24257.99
22.30 -58.46 -9999.00 -9999.00 -9999.00 256.29 8.20 0.00
0.00 25636.58
17.10 -52.26 -9999.00 -9999.00 -9999.00 261.80 21.78 0.00
0.00 27329.20
12.30 -43.76 -9999.00 -9999.00 -9999.00 244.00 35.00 0.00
0.00 29500.52

STID = KJAX STNM = 722060 TIME = 221026/2200 
SLAT = 30.50 SLON = -81.69 SELV = 10.0
STIM = 10

SHOW = 0.30 LIFT = -2.00 SWET = 218.20 KINX = 2.59
LCLP = 950.29 PWAT = 30.99 TOTL = 45.19 CAPE = 978.17
LCLT = 293.73 CINS = -10.04 EQLV = 229.03 LFCT = 866.50
BRCH = 100.40

PRES TMPC TMWC DWPC THTE DRCT SKNT OMEG
CFRL HGHT
1007.60 25.54 22.72 21.54 345.70 279.46 2.37 0.00
0.00 19.63
1004.60 25.44 22.41 21.12 344.79 274.76 4.68 0.00
0.00 45.95
999.00 25.14 22.03 20.69 344.02 271.79 6.22 0.10
0.00 95.25
989.40 24.34 21.49 20.23 343.17 267.14 7.77 0.10
0.00 180.22
975.20 23.24 20.82 19.73 342.57 263.93 9.19 0.10
0.00 307.02
957.00 21.74 19.94 19.09 341.74 258.27 10.51 0.10
0.00 471.50
935.30 20.14 18.82 18.16 340.60 252.15 12.04 0.10
0.00 670.66
911.50 18.74 17.21 16.42 338.10 243.43 16.51 0.10
0.00 893.22
885.70 17.74 15.64 14.51 336.30 235.89 21.81 0.10
0.00 1139.96
857.00 15.94 14.49 13.67 336.65 226.69 23.23 0.10
0.00 1421.55
825.20 13.74 12.17 11.20 333.71 221.63 23.39 0.00
2.00 1742.39
790.40 11.94 7.72 4.37 325.33 226.38 22.80 0.10
0.00 2104.92
752.80 10.84 1.21 -14.63 313.48 253.70 21.45 0.10
0.00 2511.88
712.30 9.44 -0.97 -23.94 314.11 268.59 15.73 0.20
0.00 2970.79
668.80 7.04 -3.05 -29.70 316.12 280.10 14.39 0.10
0.00 3490.02
622.30 4.14 -5.34 -35.18 318.72 273.37 19.85 0.00
0.00 4078.13
573.30 -0.36 -8.18 -31.98 321.52 266.73 20.44 -0.10
0.00 4738.55
525.80 -5.26 -11.79 -35.94 323.21 265.29 16.57 -0.10
0.00 5423.12
483.20 -10.36 -15.61 -39.41 324.51 270.90 12.43 0.00
0.00 6079.47
445.00 -15.26 -19.43 -42.69 325.82 261.67 16.10 0.00
0.00 6707.15
410.70 -19.66 -23.02 -46.71 327.45 260.87 22.03 0.00
0.00 7307.55
379.70 -23.96 -26.68 -53.41 328.92 262.59 24.09 0.00
0.00 7884.98
351.80 -28.26 -30.36 -56.82 330.28 259.15 23.74 0.00
0.00 8436.87
326.80 -32.56 -34.13 -59.19 331.35 255.85 24.63 0.00
0.00 8960.65
304.20 -36.96 -38.07 -59.75 332.02 254.00 26.07 0.00
0.00 9460.73
284.00 -40.46 -41.29 -60.29 333.58 256.63 28.55 0.00
0.00 9932.27
265.80 -43.06 -43.73 -60.80 336.16 263.35 31.88 0.00
0.00 10380.86
248.80 -45.26 -45.84 -63.51 339.25 269.40 36.91 -0.10
0.00 10823.89
233.60 -47.86 -48.32 -63.98 341.47 268.58 39.06 -0.10
0.00 11242.01
219.60 -50.46 -50.83 -67.41 343.50 266.82 35.02 -0.10
0.00 11647.23
205.70 -52.66 -52.96 -67.88 346.52 262.88 29.76 -0.10
0.00 12071.36
191.70 -54.66 -54.94 -73.19 350.32 256.87 29.91 -0.10
0.00 12524.23
177.70 -57.36 -57.57 -73.70 353.56 252.05 29.00 -0.10
0.00 13006.24
163.80 -61.06 -61.20 -74.24 355.68 249.69 26.30 0.00
0.00 13516.31
149.80 -64.46 -9999.00 -9999.00 -9999.00 251.45 30.54 0.00
0.00 14066.54
135.90 -67.06 -9999.00 -9999.00 -9999.00 255.13 32.56 0.00
0.00 14657.71
121.90 -69.76 -9999.00 -9999.00 -9999.00 255.58 28.09 0.10
0.00 15309.26
108.00 -70.96 -9999.00 -9999.00 -9999.00 253.07 18.69 0.00
0.00 16027.92
94.00 -71.96 -9999.00 -9999.00 -9999.00 188.62 12.98 0.00
0.00 16847.58
81.00 -72.36 -9999.00 -9999.00 -9999.00 214.42 12.72 0.00
0.00 17723.27
70.60 -68.16 -9999.00 -9999.00 -9999.00 203.75 5.30 0.00
0.00 18539.39
62.20 -66.86 -9999.00 -9999.00 -9999.00 95.91 5.67 0.00
0.00 19301.89
54.30 -65.46 -9999.00 -9999.00 -9999.00 80.54 11.81 0.00
0.00 20124.87
46.90 -63.86 -9999.00 -9999.00 -9999.00 88.62 16.12 0.00
0.00 21018.97
40.10 -61.46 -9999.00 -9999.00 -9999.00 73.54 8.92 0.00
0.00 21984.09
33.80 -60.46 -9999.00 -9999.00 -9999.00 41.19 4.14 0.00
0.00 23045.67
27.80 -60.66 -9999.00 -9999.00 -9999.00 326.31 2.80 0.00
0.00 24261.76
22.30 -57.96 -9999.00 -9999.00 -9999.00 265.99 11.09 0.00
0.00 25641.63
17.10 -51.46 -9999.00 -9999.00 -9999.00 262.30 21.76 0.00
0.00 27339.30
12.30 -43.96 -9999.00 -9999.00 -9999.00 248.59 31.92 0.00
0.00 29513.52

STID = KJAX STNM = 722060 TIME = 221026/2300 
SLAT = 30.50 SLON = -81.69 SELV = 10.0
STIM = 11

SHOW = 0.56 LIFT = -1.39 SWET = 210.81 KINX = 1.73
LCLP = 959.00 PWAT = 29.87 TOTL = 44.82 CAPE = 710.92
LCLT = 293.70 CINS = -14.95 EQLV = 245.76 LFCT = 861.82
BRCH = 102.37

PRES TMPC TMWC DWPC THTE DRCT SKNT OMEG
CFRL HGHT
1008.90 24.84 22.42 21.38 344.19 307.88 2.21 0.00
0.00 19.60
1005.90 25.34 22.11 20.72 343.32 289.29 4.12 0.00
0.00 45.84
1000.30 25.14 21.61 20.06 342.05 281.31 5.94 0.00
0.00 95.05
990.70 24.54 20.99 19.39 340.91 272.86 7.77 -0.10
0.00 179.91
976.50 23.44 20.27 18.80 340.10 266.27 8.95 -0.10
0.00 306.56
958.30 22.04 19.48 18.26 339.70 258.91 10.10 -0.20
0.00 470.88
936.50 20.24 18.53 17.68 339.29 251.57 11.05 -0.20
0.00 670.75
912.80 18.74 17.01 16.10 337.13 242.72 13.99 -0.20
0.00 892.07
886.90 17.34 15.72 14.84 336.40 233.59 19.31 -0.10
0.00 1139.25
858.10 15.54 14.40 13.74 336.16 226.14 20.75 -0.20
0.00 1421.08
826.20 13.44 11.83 10.82 332.45 223.47 20.61 -0.10
3.00 1742.11
791.40 11.84 6.70 2.21 322.28 232.08 21.17 0.00
0.00 2103.81
753.70 11.04 0.81 -18.06 312.29 255.82 18.24 0.00
0.00 2511.26
713.10 9.64 -0.84 -23.65 314.30 270.86 13.01 0.10
0.00 2971.03
669.50 7.24 -3.00 -30.82 316.08 278.88 12.59 0.10
0.00 3491.26
622.90 4.24 -5.23 -34.23 318.85 273.69 18.10 0.00
0.00 4080.35
573.80 -0.36 -8.16 -31.74 321.47 268.81 18.65 0.00
0.00 4741.65
526.20 -5.26 -11.79 -35.93 323.14 272.26 14.78 0.00
0.00 5427.10
483.50 -10.46 -15.68 -39.41 324.33 276.34 12.32 0.00
0.00 6084.40
445.20 -15.46 -19.53 -41.79 325.60 268.03 16.92 0.00
0.00 6713.04
410.90 -19.86 -23.17 -46.70 327.15 266.93 21.79 0.00
0.00 7312.69
379.80 -24.16 -26.82 -52.28 328.67 265.67 23.17 0.00
0.00 7891.30
351.90 -28.36 -30.44 -56.81 330.12 258.60 23.58 0.00
0.00 8442.72
326.80 -32.86 -34.37 -57.41 330.98 255.32 25.29 0.00
0.00 8968.08
304.30 -37.16 -38.23 -57.98 331.75 254.29 25.84 0.00
0.00 9465.35
284.00 -40.46 -41.29 -60.29 333.58 256.43 28.98 -0.10
0.00 9938.94
265.80 -42.96 -43.66 -63.01 336.26 263.90 31.06 -0.10
0.00 10387.63
248.90 -45.16 -45.75 -63.50 339.36 268.12 35.57 -0.10
0.00 10828.16
233.60 -47.96 -48.41 -63.98 341.32 265.79 37.00 -0.10
0.00 11248.94
219.60 -50.66 -51.00 -64.44 343.24 264.29 33.18 -0.10
0.00 11653.89
205.70 -53.06 -53.35 -67.88 345.89 259.00 28.50 -0.10
0.00 12077.45
191.70 -55.16 -55.42 -73.19 349.51 254.10 30.50 -0.10
0.00 12529.39
177.70 -57.56 -57.76 -73.70 353.24 251.23 31.39 0.00
0.00 13010.62
163.80 -60.86 -9999.00 -9999.00 -9999.00 247.35 29.25 0.00
0.00 13520.69
149.80 -64.16 -9999.00 -9999.00 -9999.00 250.69 32.32 0.00
0.00 14071.57
135.90 -66.96 -9999.00 -9999.00 -9999.00 257.01 33.68 0.10
0.00 14663.31
121.90 -69.36 -9999.00 -9999.00 -9999.00 259.48 27.66 0.00
0.00 15315.66
108.00 -70.66 -9999.00 -9999.00 -9999.00 249.90 16.96 0.00
0.00 16035.56
94.00 -71.76 -9999.00 -9999.00 -9999.00 195.61 13.71 0.00
0.00 16856.23
81.00 -71.66 -9999.00 -9999.00 -9999.00 231.07 12.98 0.00
0.00 17733.89
70.60 -67.56 -9999.00 -9999.00 -9999.00 261.57 5.30 0.00
0.00 18552.62
62.20 -66.96 -9999.00 -9999.00 -9999.00 57.53 5.07 0.00
0.00 19316.05
54.30 -65.26 -9999.00 -9999.00 -9999.00 73.20 10.76 0.00
0.00 20139.23
46.90 -64.36 -9999.00 -9999.00 -9999.00 96.05 12.90 0.00
0.00 21032.69
40.10 -62.16 -9999.00 -9999.00 -9999.00 71.57 6.14 0.00
0.00 21995.06
33.80 -61.36 -9999.00 -9999.00 -9999.00 360.00 3.11 0.00
0.00 23052.63
27.80 -60.96 -9999.00 -9999.00 -9999.00 299.74 3.13 0.00
0.00 24265.28
22.30 -57.16 -9999.00 -9999.00 -9999.00 280.01 10.06 0.00
0.00 25646.78
17.10 -52.26 -9999.00 -9999.00 -9999.00 266.86 17.70 0.00
0.00 27344.45
12.30 -45.06 -9999.00 -9999.00 -9999.00 242.34 27.19 0.00
0.00 29509.50

STID = KJAX STNM = 722060 TIME = 221027/0000 
SLAT = 30.50 SLON = -81.69 SELV = 10.0
STIM = 12

SHOW = 0.35 LIFT = -0.60 SWET = 212.48 KINX = 1.35
LCLP = 975.42 PWAT = 28.75 TOTL = 44.83 CAPE = 477.50
LCLT = 293.75 CINS = -18.14 EQLV = 262.63 LFCT = 864.02
BRCH = 117.63

PRES TMPC TMWC DWPC THTE DRCT SKNT OMEG
CFRL HGHT
1010.00 23.54 21.91 21.17 341.85 326.31 2.80 0.00
0.00 19.54
1007.00 24.64 21.80 20.55 341.84 307.41 4.16 0.00
0.00 45.67
1001.40 24.84 21.33 19.75 340.69 292.11 6.70 -0.10
0.00 94.73
991.80 24.44 20.56 18.76 338.98 283.74 8.99 -0.20
0.00 179.42
977.60 23.54 19.72 17.90 337.77 276.58 10.16 -0.20
0.00 305.87
959.40 22.04 18.86 17.30 337.12 266.99 11.09 -0.30
0.00 469.96
937.60 20.24 17.97 16.83 337.00 259.26 11.46 -0.30
0.00 669.51
913.80 18.54 16.55 15.49 335.30 250.10 11.99 -0.30
0.00 891.35
887.90 16.94 15.66 14.95 336.02 236.86 16.71 -0.30
0.00 1137.97
859.00 14.94 14.47 14.16 336.25 227.45 19.25 -0.30
3.00 1420.01
827.10 12.64 12.13 11.78 333.28 223.32 18.69 -0.20
31.00 1740.02
792.20 11.94 4.97 -2.40 317.46 234.81 18.53 0.00
0.00 2101.82
754.50 11.34 0.40 -23.30 311.06 254.16 14.94 0.10
0.00 2508.88
713.80 9.74 -0.78 -23.64 314.32 271.08 10.30 0.10
0.00 2969.57
670.10 7.44 -2.90 -31.06 316.18 279.46 10.63 0.00
0.00 3490.78
623.40 4.24 -5.17 -33.09 318.92 274.24 15.77 -0.10
0.00 4080.85
574.20 -0.26 -8.10 -31.74 321.53 271.40 15.93 -0.10
0.00 4743.12
526.60 -5.16 -11.75 -36.53 323.12 281.66 12.49 -0.10
0.00 5428.33
483.70 -10.66 -15.81 -39.40 324.04 284.70 12.26 -0.10
0.00 6088.20
445.40 -15.66 -19.67 -41.79 325.30 271.38 16.12 0.00
0.00 6716.07
411.10 -20.06 -23.32 -46.70 326.84 268.35 20.20 0.10
0.00 7314.97
379.90 -24.26 -26.90 -52.28 328.51 264.29 21.46 0.10
0.00 7894.89
352.00 -28.56 -30.59 -55.32 329.87 257.74 22.86 0.10
0.00 8445.81
326.90 -33.16 -34.60 -55.93 330.58 255.96 24.83 0.00
0.00 8970.49
304.30 -37.16 -38.23 -57.98 331.75 256.69 26.15 0.00
0.00 9469.57
284.00 -40.26 -41.11 -60.29 333.87 258.01 29.00 0.00
0.00 9943.36
265.80 -42.56 -43.29 -63.01 336.85 265.71 31.16 -0.10
0.00 10392.64
248.90 -44.96 -45.56 -63.50 339.66 266.60 35.99 -0.10
0.00 10833.74
233.60 -48.16 -48.60 -63.98 341.02 264.86 36.87 -0.10
0.00 11254.53
219.60 -50.86 -51.19 -64.44 342.93 266.30 33.10 -0.10
0.00 11659.11
205.70 -53.36 -53.64 -67.88 345.42 260.48 29.35 0.00
0.00 12082.20
191.70 -55.66 -55.90 -73.19 348.71 256.80 32.32 0.00
0.00 12533.31
177.70 -58.06 -58.25 -73.70 352.42 255.73 34.67 0.10
0.00 13013.43
163.80 -60.76 -9999.00 -9999.00 -9999.00 249.78 31.47 0.10
0.00 13523.03
149.80 -63.86 -9999.00 -9999.00 -9999.00 251.79 31.08 0.10
0.00 14074.43
135.90 -66.56 -9999.00 -9999.00 -9999.00 261.97 31.97 0.10
0.00 14667.16
121.90 -68.86 -9999.00 -9999.00 -9999.00 265.38 26.50 0.00
0.00 15320.94
108.00 -70.36 -9999.00 -9999.00 -9999.00 252.51 14.86 0.00
0.00 16042.26
94.00 -71.56 -9999.00 -9999.00 -9999.00 209.64 12.96 0.00
0.00 16863.95
81.00 -71.16 -9999.00 -9999.00 -9999.00 236.56 12.33 0.00
0.00 17743.13
70.60 -67.26 -9999.00 -9999.00 -9999.00 290.56 3.32 0.00
0.00 18563.47
62.20 -67.46 -9999.00 -9999.00 -9999.00 69.44 6.64 0.00
0.00 19326.53
54.30 -65.66 -9999.00 -9999.00 -9999.00 78.69 9.91 0.00
0.00 20147.92
46.90 -64.96 -9999.00 -9999.00 -9999.00 103.76 9.79 0.00
0.00 21039.24
40.10 -62.86 -9999.00 -9999.00 -9999.00 46.33 5.91 0.00
0.00 21998.62
33.80 -61.86 -9999.00 -9999.00 -9999.00 356.73 6.82 0.00
0.00 23053.19
27.80 -60.86 -9999.00 -9999.00 -9999.00 319.76 3.30 0.00
0.00 24264.71
22.30 -56.46 -9999.00 -9999.00 -9999.00 288.80 9.63 0.00
0.00 25648.78
17.10 -53.66 -9999.00 -9999.00 -9999.00 267.95 16.34 0.00
0.00 27343.73
12.30 -46.36 -9999.00 -9999.00 -9999.00 248.35 27.37 0.00
0.00 29495.77

STID = KJAX STNM = 722060 TIME = 221027/0100 
SLAT = 30.50 SLON = -81.69 SELV = 10.0
STIM = 13

SHOW = 0.19 LIFT = 0.86 SWET = 209.71 KINX = 1.45
LCLP = 986.35 PWAT = 27.40 TOTL = 45.00 CAPE = 170.87
LCLT = 293.74 CINS = -28.54 EQLV = 289.30 LFCT = 840.97
BRCH = 96.74

PRES TMPC TMWC DWPC THTE DRCT SKNT OMEG
CFRL HGHT
1010.60 22.64 21.52 20.99 340.16 282.53 1.79 0.00
1.00 19.51
1007.60 23.94 21.53 20.45 340.64 276.71 3.32 0.00
0.00 45.54
1002.00 24.44 21.05 19.51 339.49 276.34 7.03 -0.10
0.00 94.48
992.30 24.44 19.97 17.83 336.59 274.84 11.50 -0.20
0.00 179.92
978.10 23.54 18.72 16.27 333.85 273.42 13.03 -0.40
0.00 306.23
959.90 22.14 17.68 15.32 332.61 270.86 13.01 -0.50
0.00 470.12
938.10 20.24 16.80 14.94 332.59 268.18 12.24 -0.60
0.00 669.41
914.30 18.44 15.45 13.76 331.33 258.49 10.70 -0.60
0.00 890.91
888.50 16.54 15.14 14.34 334.07 235.01 14.22 -0.70
0.00 1136.08
859.60 14.74 14.48 14.28 336.19 223.21 17.60 -0.70
0.00 1417.61
827.60 12.34 12.25 12.14 333.59 220.13 17.77 -0.50
100.00 1738.16
792.70 11.54 4.86 -2.19 317.13 227.33 16.90 -0.20
0.00 2099.33
754.90 11.54 0.40 -24.66 310.94 244.65 12.26 0.10
0.00 2507.08
714.20 9.74 -0.77 -23.63 314.27 259.29 7.32 0.10
0.00 2967.68
670.40 7.34 -2.94 -30.81 316.07 271.51 7.38 0.00
0.00 3489.72
623.70 4.14 -5.17 -32.05 318.90 270.00 12.82 -0.10
0.00 4079.32
574.50 -0.36 -8.16 -31.73 321.36 269.14 13.01 -0.10
0.00 4741.03
526.80 -5.16 -11.78 -37.17 323.01 288.08 10.00 -0.10
0.00 5427.23
483.90 -10.86 -15.93 -39.03 323.80 285.26 11.07 0.00
0.00 6086.58
445.60 -15.76 -19.74 -41.78 325.14 266.95 14.59 0.00
0.00 6713.83
411.10 -20.16 -23.39 -46.70 326.71 263.86 18.16 0.10
0.00 7315.85
380.00 -24.36 -26.98 -52.28 328.36 258.58 19.62 0.10
0.00 7893.60
352.10 -28.76 -30.73 -54.04 329.61 253.50 21.87 0.00
0.00 8444.04
326.90 -33.26 -34.67 -54.66 330.48 252.76 23.60 0.00
0.00 8970.41
304.30 -37.06 -38.14 -57.98 331.89 254.00 26.07 0.00
0.00 9469.50
284.00 -39.86 -40.75 -60.29 334.44 258.23 28.57 0.00
0.00 9943.79
265.80 -42.06 -42.83 -63.01 337.58 264.81 32.19 -0.10
0.00 10393.94
248.90 -44.96 -45.56 -63.50 339.66 264.38 37.67 -0.10
0.00 10835.53
233.60 -48.46 -48.88 -63.98 340.56 263.06 36.99 -0.10
0.00 11256.03
219.60 -51.16 -51.48 -64.44 342.47 265.84 32.13 -0.10
0.00 11660.07
205.70 -53.46 -53.73 -67.88 345.26 261.11 28.90 0.00
0.00 12082.77
191.70 -55.56 -55.81 -73.19 348.87 257.72 33.80 0.00
0.00 12533.89
177.70 -57.96 -58.15 -73.70 352.58 258.51 37.06 0.10
0.00 13014.23
163.80 -60.76 -60.90 -74.24 356.19 253.46 33.43 0.10
0.00 13523.95
149.80 -63.56 -9999.00 -9999.00 -9999.00 251.33 29.74 0.00
0.00 14075.74
135.90 -66.26 -9999.00 -9999.00 -9999.00 262.41 29.39 0.00
0.00 14669.33
121.90 -68.76 -9999.00 -9999.00 -9999.00 265.91 24.53 0.00
0.00 15323.75
108.00 -70.66 -9999.00 -9999.00 -9999.00 249.44 13.29 0.00
0.00 16044.71
94.00 -71.36 -9999.00 -9999.00 -9999.00 219.59 13.11 0.00
0.00 16866.20
81.00 -70.56 -9999.00 -9999.00 -9999.00 243.02 11.99 0.00
0.00 17747.12
70.60 -66.76 -9999.00 -9999.00 -9999.00 347.01 2.58 0.00
0.00 18569.67
62.20 -67.66 -9999.00 -9999.00 -9999.00 77.12 6.97 0.00
0.00 19333.29
54.30 -66.16 -9999.00 -9999.00 -9999.00 92.20 10.10 0.00
0.00 20153.29
46.90 -65.56 -9999.00 -9999.00 -9999.00 105.75 7.87 0.00
0.00 21042.25
40.10 -62.76 -9999.00 -9999.00 -9999.00 35.22 8.08 0.00
0.00 22000.49
33.80 -61.46 -9999.00 -9999.00 -9999.00 12.91 9.56 0.00
0.00 23056.31
27.80 -60.06 -9999.00 -9999.00 -9999.00 344.05 2.84 0.00
0.00 24271.26
22.30 -56.36 -9999.00 -9999.00 -9999.00 293.50 9.75 0.00
0.00 25658.24
17.10 -53.66 -9999.00 -9999.00 -9999.00 271.47 15.15 0.00
0.00 27353.58
12.30 -46.16 -9999.00 -9999.00 -9999.00 255.78 30.05 0.00
0.00 29506.57

STID = KJAX STNM = 722060 TIME = 221027/0200 
SLAT = 30.50 SLON = -81.69 SELV = 10.0
STIM = 14

SHOW = 0.83 LIFT = 4.66 SWET = 195.34 KINX = 0.20
LCLP = 986.61 PWAT = 23.92 TOTL = 44.34 CAPE = 0.00
LCLT = 293.39 CINS = 0.00 EQLV = -9999.00 LFCT = -9999.00
BRCH = 0.00

PRES TMPC TMWC DWPC THTE DRCT SKNT OMEG
CFRL HGHT
1010.30 22.24 21.16 20.63 338.72 264.29 3.90 0.00
1.00 20.36
1007.30 22.94 20.80 19.80 337.72 271.27 8.74 -0.10
0.00 46.33
1001.70 23.34 20.24 18.76 336.29 274.69 11.89 -0.20
0.00 95.10
992.10 23.34 18.31 15.64 330.38 282.68 15.93 -0.40
0.00 179.30
978.00 22.74 16.18 12.18 324.83 291.80 16.74 -0.60
0.00 304.17
959.80 21.64 14.56 9.82 321.95 296.23 14.94 -0.80
0.00 467.41
938.10 20.14 13.83 9.58 322.57 287.82 11.42 -0.80
0.00 665.19
914.30 18.24 13.61 10.63 325.19 286.99 7.30 -0.80
0.00 886.21
888.60 16.14 14.18 13.02 330.77 227.64 8.94 -0.60
0.00 1129.95
859.70 14.44 14.03 13.76 334.63 210.31 14.63 -0.30
0.00 1410.98
827.70 11.54 11.47 11.37 331.04 210.61 16.03 0.00
80.00 1730.79
792.70 11.44 4.89 -1.99 317.20 217.00 16.78 0.30
0.00 2092.35
755.00 11.94 0.36 -28.19 310.72 231.89 12.59 0.20
0.00 2499.19
714.30 9.84 -0.77 -24.20 314.24 244.13 7.13 0.20
0.00 2960.10
670.50 7.34 -2.92 -30.57 316.09 257.66 6.37 0.00
0.00 3482.15
623.80 4.04 -5.20 -31.56 318.85 266.25 11.87 -0.10
0.00 4071.56
574.50 -0.46 -8.22 -31.73 321.24 264.38 11.91 -0.10
0.00 4734.32
526.80 -5.36 -11.89 -36.84 322.81 287.53 7.73 0.00
0.00 5420.15
483.90 -11.06 -16.03 -38.34 323.62 282.01 9.34 0.00
0.00 6079.01
445.60 -15.86 -19.82 -41.78 325.01 260.68 13.19 0.00
0.00 6705.90
411.20 -20.36 -23.55 -46.69 326.43 258.15 16.08 0.00
0.00 7305.75
380.00 -24.56 -27.14 -52.28 328.09 253.12 18.07 0.00
0.00 7884.82
352.10 -29.06 -30.96 -52.92 329.25 248.81 20.42 0.00
0.00 8434.71
326.90 -33.46 -34.84 -54.66 330.21 249.97 22.13 -0.10
0.00 8960.54
304.30 -36.86 -37.96 -57.98 332.17 253.22 25.56 -0.10
0.00 9459.62
284.00 -39.46 -40.41 -62.51 334.97 258.85 28.11 -0.10
0.00 9934.52
265.80 -41.86 -42.65 -63.01 337.87 263.87 34.58 -0.10
0.00 10385.25
248.90 -45.56 -46.10 -61.31 338.81 264.02 37.30 -0.10
0.00 10826.45
233.60 -48.86 -49.26 -63.98 339.96 262.51 34.29 0.00
0.00 11246.03
219.60 -51.16 -51.50 -67.41 342.42 260.06 30.36 0.00
0.00 11649.71
205.70 -53.26 -53.54 -67.88 345.58 254.93 31.39 0.00
0.00 12072.60
191.70 -55.66 -55.90 -73.19 348.71 256.18 37.41 0.00
0.00 12523.82
177.70 -58.26 -58.45 -73.70 352.09 259.38 37.94 0.10
0.00 13003.72
163.80 -60.76 -60.90 -74.24 356.19 256.83 34.11 0.10
0.00 13513.08
149.80 -63.36 -9999.00 -9999.00 -9999.00 249.66 29.62 0.10
0.00 14065.13
135.90 -66.26 -9999.00 -9999.00 -9999.00 259.41 27.47 0.10
0.00 14659.00
121.90 -68.96 -9999.00 -9999.00 -9999.00 263.92 23.83 0.00
0.00 15313.10
108.00 -71.16 -9999.00 -9999.00 -9999.00 247.32 14.10 0.00
0.00 16032.83
94.00 -71.66 -9999.00 -9999.00 -9999.00 222.11 13.62 0.00
0.00 16852.69
81.00 -70.66 -9999.00 -9999.00 -9999.00 247.67 11.75 0.00
0.00 17732.74
70.60 -66.96 -9999.00 -9999.00 -9999.00 23.20 2.95 0.00
0.00 18554.69
62.20 -67.86 -9999.00 -9999.00 -9999.00 86.82 7.01 0.00
0.00 19317.57
54.30 -66.76 -9999.00 -9999.00 -9999.00 110.22 11.79 0.00
0.00 20135.98
46.90 -65.66 -9999.00 -9999.00 -9999.00 100.62 6.33 0.00
0.00 21023.43
40.10 -62.56 -9999.00 -9999.00 -9999.00 32.12 9.87 0.00
0.00 21981.90
33.80 -61.36 -9999.00 -9999.00 -9999.00 14.04 10.41 0.00
0.00 23038.47
27.80 -58.76 -9999.00 -9999.00 -9999.00 310.10 4.82 0.00
0.00 24257.42
22.30 -54.76 -9999.00 -9999.00 -9999.00 291.61 11.07 0.00
0.00 25653.76
17.10 -50.46 -9999.00 -9999.00 -9999.00 267.47 13.23 0.00
0.00 27367.75
12.30 -44.86 -9999.00 -9999.00 -9999.00 256.78 26.34 0.00
0.00 29542.45

STID = KJAX STNM = 722060 TIME = 221027/0300 
SLAT = 30.50 SLON = -81.69 SELV = 10.0
STIM = 15

SHOW = 1.50 LIFT = 7.97 SWET = 188.08 KINX = -0.77
LCLP = 937.21 PWAT = 21.14 TOTL = 43.55 CAPE = 0.00
LCLT = 287.85 CINS = 0.00 EQLV = -9999.00 LFCT = -9999.00
BRCH = 0.00

PRES TMPC TMWC DWPC THTE DRCT SKNT OMEG
CFRL HGHT
1011.50 21.04 17.73 15.89 325.77 316.55 5.09 0.00
0.00 19.42
1008.40 21.24 17.11 14.73 324.06 316.97 11.97 0.00
0.00 46.04
1002.90 21.04 16.52 13.83 322.81 319.48 14.04 -0.10
0.00 93.44
993.40 20.84 15.05 11.25 319.28 326.31 19.62 -0.10
0.00 175.83
979.30 20.54 13.77 8.92 317.08 329.93 21.33 -0.10
0.00 299.37
961.10 20.14 13.14 8.00 317.47 334.62 16.76 0.00
0.00 461.24
939.40 19.54 12.63 7.52 318.72 321.34 8.70 0.00
0.00 657.92
915.60 18.14 12.79 9.12 322.44 284.04 3.21 -0.10
0.00 878.24
889.70 16.24 14.99 14.27 333.38 207.41 11.81 0.00
0.00 1123.55
860.70 14.24 13.85 13.58 333.84 202.91 14.98 0.00
7.00 1405.23
828.70 11.44 10.77 10.29 328.68 209.83 16.80 0.10
35.00 1724.41
793.80 12.94 2.65 -13.91 311.07 220.05 17.50 0.10
0.00 2085.00
756.00 12.04 0.56 -26.01 311.09 235.01 11.85 0.10
0.00 2493.22
715.10 9.84 -0.80 -24.64 314.04 246.57 6.35 0.00
0.00 2955.92
671.30 7.24 -2.94 -30.10 315.94 249.44 4.97 0.10
0.00 3477.27
624.40 4.04 -5.18 -31.32 318.79 262.48 10.39 0.10
0.00 4068.47
575.00 -0.46 -8.23 -31.95 321.13 257.01 10.37 0.10
0.00 4731.96
527.20 -5.26 -11.83 -36.84 322.86 282.09 5.56 0.10
0.00 5418.79
484.20 -11.06 -16.03 -38.33 323.56 274.18 7.98 0.10
0.00 6078.86
445.80 -15.86 -19.81 -41.78 324.97 254.90 12.68 0.10
0.00 6707.05
411.30 -20.46 -23.62 -46.69 326.28 255.26 15.27 0.10
0.00 7308.31
380.20 -24.56 -27.13 -52.27 328.04 251.57 17.19 0.10
0.00 7885.19
352.20 -29.16 -31.04 -52.92 329.09 249.04 19.56 0.10
0.00 8436.72
327.00 -33.46 -34.86 -55.93 330.14 251.57 21.50 0.10
0.00 8962.28
304.40 -36.66 -37.81 -59.75 332.38 253.76 25.70 0.00
0.00 9461.41
284.10 -39.26 -40.23 -62.50 335.23 257.75 30.21 0.00
0.00 9936.55
265.80 -41.96 -42.74 -63.01 337.72 264.07 35.74 0.00
0.00 10389.77
248.90 -45.66 -46.21 -63.50 338.61 265.26 35.28 0.00
0.00 10830.78
233.60 -48.86 -49.26 -63.98 339.96 264.36 31.62 0.00
0.00 11250.27
219.60 -51.06 -51.41 -67.41 342.57 257.86 31.39 0.00
0.00 11654.04
205.70 -53.26 -53.56 -72.71 345.53 256.65 35.33 0.00
0.00 12077.02
191.70 -55.66 -55.90 -73.19 348.71 258.28 37.30 0.00
0.00 12528.24
177.70 -58.06 -58.25 -73.70 352.42 259.29 36.58 0.00
0.00 13008.36
163.80 -60.66 -60.80 -74.24 356.36 260.05 33.72 0.00
0.00 13518.07
149.80 -63.26 -9999.00 -9999.00 -9999.00 254.11 29.08 0.00
0.00 14070.39
135.90 -65.96 -9999.00 -9999.00 -9999.00 259.41 24.30 0.00
0.00 14664.83
121.90 -68.86 -9999.00 -9999.00 -9999.00 265.80 21.23 0.00
0.00 15319.57
108.00 -71.26 -9999.00 -9999.00 -9999.00 245.41 12.61 0.00
0.00 16039.30
94.00 -71.66 -9999.00 -9999.00 -9999.00 212.01 12.82 0.00
0.00 16858.95
81.00 -70.46 -9999.00 -9999.00 -9999.00 236.31 11.21 0.00
0.00 17739.44
70.60 -66.96 -9999.00 -9999.00 -9999.00 95.71 1.94 0.00
0.00 18561.79
62.20 -67.66 -9999.00 -9999.00 -9999.00 108.43 7.36 0.00
0.00 19325.04
54.30 -66.96 -9999.00 -9999.00 -9999.00 118.30 11.48 0.00
0.00 20143.45
46.90 -65.16 -9999.00 -9999.00 -9999.00 75.58 7.01 0.00
0.00 21031.54
40.10 -63.16 -9999.00 -9999.00 -9999.00 50.09 13.93 0.00
0.00 21989.79
33.80 -62.36 -9999.00 -9999.00 -9999.00 34.99 11.85 0.00
0.00 23042.36
27.80 -58.56 -9999.00 -9999.00 -9999.00 320.91 4.00 0.00
0.00 24259.02
22.30 -54.16 -9999.00 -9999.00 -9999.00 289.89 9.71 0.00
0.00 25657.93
17.10 -48.66 -9999.00 -9999.00 -9999.00 260.67 14.37 0.00
0.00 27381.25
12.30 -44.56 -9999.00 -9999.00 -9999.00 252.73 30.11 0.00
0.00 29566.08

STID = KJAX STNM = 722060 TIME = 221027/0400 
SLAT = 30.50 SLON = -81.69 SELV = 10.0
STIM = 16

SHOW = 3.29 LIFT = 8.44 SWET = 166.77 KINX = -3.67
LCLP = 937.19 PWAT = 19.76 TOTL = 41.60 CAPE = 0.00
LCLT = 285.73 CINS = 0.00 EQLV = -9999.00 LFCT = -9999.00
BRCH = 0.00

PRES TMPC TMWC DWPC THTE DRCT SKNT OMEG
CFRL HGHT
1011.00 18.84 15.70 13.75 319.21 326.31 4.90 0.00
0.00 19.35
1007.90 19.34 15.34 12.79 318.45 325.49 11.31 0.00
0.00 45.77
1002.40 19.34 14.87 11.93 317.66 327.22 13.64 0.00
0.00 92.87
992.80 19.84 14.30 10.49 317.06 332.68 19.89 0.00
0.00 175.75
978.70 19.54 13.98 10.15 317.85 336.80 20.71 0.10
0.00 298.96
960.50 19.44 12.98 8.24 317.10 342.51 14.86 0.10
0.00 460.49
938.80 19.04 12.72 8.13 319.09 344.74 6.64 0.00
0.00 656.92
915.00 17.94 12.49 8.66 321.58 225.00 2.20 0.00
0.00 877.13
889.10 16.14 14.85 14.11 333.00 204.38 13.66 0.00
0.00 1122.45
860.20 13.54 13.18 12.92 331.66 204.62 15.38 0.10
40.00 1402.89
828.20 12.34 8.61 5.70 322.32 216.51 18.61 0.10
2.00 1722.08
793.40 13.14 1.99 -19.54 309.37 222.71 17.19 0.00
0.00 2082.18
755.60 11.94 0.62 -24.49 311.33 235.71 10.35 0.10
0.00 2490.62
714.80 9.94 -0.83 -25.59 313.99 240.75 5.57 0.20
0.00 2952.41
671.00 7.54 -2.81 -30.56 316.25 238.39 5.92 0.20
0.00 3474.35
624.20 4.24 -5.05 -31.09 319.09 258.31 11.50 0.20
0.00 4065.04
574.80 -0.36 -8.17 -31.95 321.28 252.58 10.39 0.10
0.00 4729.12
527.10 -5.36 -11.91 -37.16 322.72 274.76 4.68 0.00
0.00 5414.69
484.10 -11.06 -16.03 -38.33 323.58 266.99 7.40 0.00
0.00 6074.76
445.70 -15.86 -19.83 -42.22 324.95 251.85 12.47 0.00
0.00 6703.09
411.30 -20.46 -23.62 -46.69 326.28 251.57 14.74 0.00
0.00 7302.68
380.10 -24.66 -27.19 -51.27 327.98 247.69 16.38 0.00
0.00 7881.37
352.10 -29.26 -31.11 -51.92 329.02 247.75 18.47 0.00
0.00 8432.83
327.00 -33.26 -34.69 -55.93 330.41 249.62 21.76 0.00
0.00 8956.48
304.40 -36.26 -37.45 -59.75 332.94 251.82 27.39 0.00
0.00 9456.25
284.00 -38.76 -39.78 -62.51 335.98 260.98 33.43 0.00
0.00 9934.73
265.80 -42.06 -42.81 -60.80 337.62 265.21 37.24 -0.10
0.00 10385.94
248.90 -45.86 -46.38 -61.31 338.36 263.59 34.79 -0.10
0.00 10826.66
233.60 -48.96 -49.36 -63.98 339.81 261.82 31.39 0.00
0.00 11245.87
219.60 -51.26 -51.60 -67.41 342.27 257.97 33.57 0.00
0.00 11649.37
205.70 -53.46 -53.76 -72.71 345.22 261.25 38.33 0.00
0.00 12071.97
191.70 -55.76 -56.00 -73.19 348.55 263.56 38.11 0.00
0.00 12522.88
177.70 -58.06 -58.25 -73.70 352.42 262.43 36.85 0.10
0.00 13002.89
163.80 -60.66 -60.80 -74.24 356.36 264.16 34.36 0.10
0.00 13512.60
149.80 -63.16 -9999.00 -9999.00 -9999.00 259.22 29.06 0.10
0.00 14065.05
135.90 -65.76 -9999.00 -9999.00 -9999.00 256.87 23.93 0.00
0.00 14659.92
121.90 -68.76 -9999.00 -9999.00 -9999.00 260.91 19.68 0.00
0.00 15315.13
108.00 -71.16 -9999.00 -9999.00 -9999.00 240.26 14.10 0.00
0.00 16035.21
94.00 -71.66 -9999.00 -9999.00 -9999.00 211.61 14.82 0.00
0.00 16855.07
81.00 -70.26 -9999.00 -9999.00 -9999.00 235.84 13.15 0.00
0.00 17736.00
70.60 -67.46 -9999.00 -9999.00 -9999.00 153.43 0.87 0.00
0.00 18557.75
62.20 -67.96 -9999.00 -9999.00 -9999.00 113.96 5.73 0.00
0.00 19319.51
54.30 -66.76 -9999.00 -9999.00 -9999.00 114.10 8.08 0.00
0.00 20137.72
46.90 -64.36 -9999.00 -9999.00 -9999.00 60.10 8.95 0.00
0.00 21027.96
40.10 -62.96 -9999.00 -9999.00 -9999.00 65.27 16.26 0.00
0.00 21988.50
33.80 -62.16 -9999.00 -9999.00 -9999.00 52.43 12.74 0.00
0.00 23042.07
27.80 -58.86 -9999.00 -9999.00 -9999.00 327.99 3.67 0.00
0.00 24258.44
22.30 -54.86 -9999.00 -9999.00 -9999.00 289.98 11.36 0.00
0.00 25654.13
17.10 -48.86 -9999.00 -9999.00 -9999.00 268.73 17.48 0.00
0.00 27373.95
12.30 -44.96 -9999.00 -9999.00 -9999.00 247.68 28.13 0.00
0.00 29555.88

STID = KJAX STNM = 722060 TIME = 221027/0500 
SLAT = 30.50 SLON = -81.69 SELV = 10.0
STIM = 17

SHOW = 4.53 LIFT = 8.22 SWET = 151.67 KINX = -6.50
LCLP = 947.62 PWAT = 19.30 TOTL = 40.21 CAPE = 0.00
LCLT = 285.78 CINS = 0.00 EQLV = -9999.00 LFCT = -9999.00
BRCH = 0.00

PRES TMPC TMWC DWPC THTE DRCT SKNT OMEG
CFRL HGHT
1010.70 17.94 15.30 13.62 318.00 321.71 4.70 0.00
0.00 18.48
1007.60 18.24 14.91 12.75 317.19 322.93 10.96 0.00
0.00 44.81
1002.10 18.34 14.51 11.96 316.63 323.65 12.78 0.00
0.00 91.76
992.50 18.94 14.06 10.71 316.43 333.69 19.72 0.00
0.00 174.40
978.40 18.74 13.68 10.15 317.00 339.32 20.36 0.10
0.00 297.29
960.20 18.84 13.01 8.79 317.25 349.48 13.83 0.10
0.00 458.50
938.50 18.84 12.94 8.76 319.81 6.84 4.90 0.00
0.00 654.76
914.80 17.74 13.07 9.95 323.41 190.12 5.52 0.10
0.00 874.01
888.90 15.74 14.43 13.66 331.59 205.20 14.61 0.10
0.00 1119.16
859.90 12.74 12.68 12.59 330.07 210.40 16.90 0.10
70.00 1400.03
828.00 12.74 7.13 2.05 318.19 220.79 18.73 0.20
0.00 1717.92
793.20 13.24 1.81 -21.76 308.92 222.55 16.08 0.10
0.00 2078.23
755.50 12.04 0.71 -24.03 311.54 233.88 8.90 0.10
0.00 2485.79
714.70 10.34 -0.70 -26.62 314.24 235.71 5.17 0.10
0.00 2948.04
670.90 8.04 -2.56 -31.04 316.75 239.86 6.95 0.10
0.00 3470.88
624.10 4.34 -4.97 -30.65 319.29 260.38 11.62 0.00
0.00 4062.29
574.80 -0.56 -8.29 -31.95 321.04 249.19 10.39 0.00
0.00 4724.97
527.00 -5.46 -11.96 -36.84 322.65 255.07 3.01 0.00
0.00 5411.66
484.10 -11.26 -16.17 -38.33 323.34 253.50 5.48 0.00
0.00 6069.89
445.70 -15.96 -19.91 -42.22 324.82 243.87 11.46 0.00
0.00 6697.85
411.20 -20.56 -23.70 -46.69 326.18 243.79 14.06 0.00
0.00 7299.02
380.10 -24.76 -27.27 -51.27 327.84 240.60 15.83 0.00
0.00 7875.71
352.10 -29.46 -31.27 -51.92 328.75 243.16 18.07 -0.10
0.00 8426.82
327.00 -33.16 -34.60 -55.93 330.55 246.74 22.63 -0.10
0.00 8950.37
304.30 -36.06 -37.28 -59.75 333.25 253.30 28.40 -0.10
0.00 9452.75
284.00 -38.76 -39.76 -60.29 336.02 262.47 34.09 -0.10
0.00 9929.16
265.80 -42.46 -43.18 -60.80 337.04 262.65 36.42 -0.10
0.00 10379.99
248.90 -45.76 -46.31 -63.50 338.46 262.72 35.26 0.00
0.00 10820.42
233.60 -48.66 -49.10 -66.97 340.22 262.05 35.10 0.00
0.00 11240.00
219.60 -51.06 -51.41 -67.41 342.57 262.73 38.38 0.00
0.00 11643.95
205.70 -53.66 -53.95 -72.71 344.90 265.01 40.17 0.10
0.00 12066.55
191.70 -55.86 -56.10 -73.19 348.39 266.00 38.95 0.10
0.00 12517.15
177.70 -58.26 -58.45 -73.70 352.09 265.96 38.56 0.10
0.00 12996.82
163.80 -60.56 -60.71 -74.24 356.52 266.23 35.43 0.10
0.00 13506.42
149.80 -62.96 -9999.00 -9999.00 -9999.00 259.55 27.86 0.10
0.00 14059.26
135.90 -65.56 -9999.00 -9999.00 -9999.00 253.03 23.97 0.00
0.00 14654.70
121.90 -68.66 -9999.00 -9999.00 -9999.00 254.69 19.13 0.00
0.00 15310.39
108.00 -71.16 -9999.00 -9999.00 -9999.00 239.90 15.50 0.00
0.00 16030.65
94.00 -71.76 -9999.00 -9999.00 -9999.00 220.60 16.12 0.00
0.00 16850.30
81.00 -69.86 -9999.00 -9999.00 -9999.00 244.20 12.94 0.00
0.00 17731.88
70.60 -67.46 -9999.00 -9999.00 -9999.00 90.00 1.55 0.00
0.00 18554.43
62.20 -68.06 -9999.00 -9999.00 -9999.00 105.95 5.65 0.00
0.00 19316.01
54.30 -66.76 -9999.00 -9999.00 -9999.00 101.89 7.54 0.00
0.00 20134.03
46.90 -64.16 -9999.00 -9999.00 -9999.00 57.72 8.72 0.00
0.00 21024.70
40.10 -62.46 -9999.00 -9999.00 -9999.00 69.34 12.67 0.00
0.00 21986.83
33.80 -61.76 -9999.00 -9999.00 -9999.00 40.86 9.50 0.00
0.00 23042.65
27.80 -59.86 -9999.00 -9999.00 -9999.00 302.47 7.60 0.00
0.00 24257.31
22.30 -56.76 -9999.00 -9999.00 -9999.00 288.17 13.09 0.00
0.00 25643.65
17.10 -50.26 -9999.00 -9999.00 -9999.00 267.65 14.20 0.00
0.00 27350.64
12.30 -45.26 -9999.00 -9999.00 -9999.00 230.57 26.90 0.00
0.00 29524.37

STID = KJAX STNM = 722060 TIME = 221027/0600 
SLAT = 30.50 SLON = -81.69 SELV = 10.0
STIM = 18

SHOW = 5.89 LIFT = 8.08 SWET = 132.77 KINX = -8.63
LCLP = 949.34 PWAT = 19.07 TOTL = 38.54 CAPE = 0.00
LCLT = 285.43 CINS = 0.00 EQLV = -9999.00 LFCT = -9999.00
BRCH = 0.00

PRES TMPC TMWC DWPC THTE DRCT SKNT OMEG
CFRL HGHT
1010.80 17.44 14.89 13.24 316.76 326.98 4.64 0.00
0.00 19.30
1007.80 17.64 14.56 12.52 316.11 329.22 10.63 0.00
0.00 44.74
1002.20 17.54 14.19 11.93 315.68 331.03 12.43 0.00
0.00 92.42
992.60 17.64 13.44 10.47 314.62 341.19 18.67 0.00
0.00 174.75
978.50 18.04 13.07 9.48 315.22 347.35 19.50 0.10
0.00 297.19
960.30 18.64 13.06 9.06 317.41 360.00 11.27 0.00
0.00 458.12
938.60 18.94 13.36 9.55 321.11 75.96 2.41 0.00
0.00 654.36
914.80 17.64 14.59 12.78 328.36 193.30 10.98 0.00
0.00 874.67
888.90 15.34 14.01 13.20 330.15 208.55 15.03 0.10
0.00 1119.71
860.00 12.44 12.32 12.19 328.89 213.14 16.71 0.10
65.00 1399.19
828.10 13.24 5.93 -1.77 314.90 221.42 17.62 0.20
0.00 1717.01
793.30 13.54 1.70 -24.95 308.54 223.99 15.66 0.10
0.00 2077.61
755.60 12.04 0.76 -23.43 311.67 234.46 8.35 0.10
0.00 2485.31
714.80 10.44 -0.68 -27.17 314.24 232.70 5.13 0.00
0.00 2947.59
670.90 8.04 -2.58 -31.29 316.72 237.26 6.47 0.10
0.00 3471.66
624.10 4.14 -5.07 -30.43 319.09 255.96 9.62 0.10
0.00 4062.87
574.80 -0.66 -8.35 -31.95 320.92 233.81 9.87 0.20
0.00 4725.18
527.00 -5.46 -11.97 -37.16 322.61 188.97 3.73 0.20
0.00 5411.75
484.10 -11.16 -16.10 -38.33 323.46 220.36 5.09 0.10
0.00 6070.10
445.70 -15.96 -19.91 -42.22 324.82 233.90 11.54 0.00
0.00 6698.18
411.30 -20.56 -23.70 -46.69 326.15 239.57 14.20 0.00
0.00 7297.54
380.10 -24.96 -27.41 -50.36 327.62 236.89 16.01 -0.10
0.00 7875.77
352.10 -29.66 -31.44 -51.92 328.48 241.19 17.74 -0.10
0.00 8426.44
327.00 -33.26 -34.71 -57.41 330.37 247.12 22.98 0.00
0.00 8949.67
304.30 -36.06 -37.28 -59.75 333.25 254.00 28.90 0.00
0.00 9451.93
284.00 -39.06 -40.05 -62.51 335.55 261.59 33.18 0.00
0.00 9928.05
265.80 -42.36 -43.11 -63.01 337.14 264.10 35.94 0.10
0.00 10378.67
248.90 -45.46 -46.03 -63.50 338.91 263.96 36.93 0.10
0.00 10819.49
233.60 -48.26 -48.72 -66.97 340.82 263.73 37.33 0.20
0.00 11239.72
219.60 -50.76 -51.12 -67.41 343.04 264.29 39.04 0.20
0.00 11644.30
205.70 -53.16 -53.47 -72.71 345.69 265.95 41.28 0.20
0.00 12067.67
191.70 -55.66 -55.90 -73.19 348.71 266.85 42.40 0.10
0.00 12518.99
177.70 -58.16 -58.35 -73.70 352.25 268.13 41.59 0.10
0.00 12999.00
163.80 -60.66 -60.80 -74.24 356.36 269.38 36.13 0.10
0.00 13508.60
149.80 -62.66 -9999.00 -9999.00 -9999.00 259.43 26.48 0.00
0.00 14061.70
135.90 -65.36 -9999.00 -9999.00 -9999.00 249.27 23.06 0.00
0.00 14657.85
121.90 -68.36 -9999.00 -9999.00 -9999.00 248.53 18.57 0.00
0.00 15314.34
108.00 -70.86 -9999.00 -9999.00 -9999.00 240.42 16.53 0.00
0.00 16035.66
94.00 -71.36 -9999.00 -9999.00 -9999.00 232.18 16.47 0.00
0.00 16856.74
81.00 -69.16 -9999.00 -9999.00 -9999.00 260.05 11.25 0.00
0.00 17740.71
70.60 -67.56 -9999.00 -9999.00 -9999.00 107.65 4.49 0.00
0.00 18564.47
62.20 -68.46 -9999.00 -9999.00 -9999.00 107.24 5.91 0.00
0.00 19325.12
54.30 -67.66 -9999.00 -9999.00 -9999.00 100.44 7.50 0.00
0.00 20140.55
46.90 -64.76 -9999.00 -9999.00 -9999.00 59.26 8.35 0.00
0.00 21028.00
40.10 -62.96 -9999.00 -9999.00 -9999.00 73.50 10.94 0.00
0.00 21987.62
33.80 -61.86 -9999.00 -9999.00 -9999.00 43.15 8.53 0.00
0.00 23041.94
27.80 -60.76 -9999.00 -9999.00 -9999.00 323.84 6.25 0.00
0.00 24253.74
22.30 -58.56 -9999.00 -9999.00 -9999.00 297.98 7.03 0.00
0.00 25631.36
17.10 -51.76 -9999.00 -9999.00 -9999.00 241.63 11.03 0.00
0.00 27325.54
12.30 -45.76 -9999.00 -9999.00 -9999.00 223.53 32.15 0.00
0.00 29489.62

STID = KJAX STNM = 722060 TIME = 221027/0700 
SLAT = 30.50 SLON = -81.69 SELV = 10.0
STIM = 19

SHOW = 7.54 LIFT = 7.85 SWET = 104.34 KINX = -10.76
LCLP = 951.68 PWAT = 18.38 TOTL = 36.52 CAPE = 0.00
LCLT = 285.06 CINS = 0.00 EQLV = -9999.00 LFCT = -9999.00
BRCH = 0.00

PRES TMPC TMWC DWPC THTE DRCT SKNT OMEG
CFRL HGHT
1010.50 16.84 14.43 12.83 315.42 333.43 4.35 0.00
0.00 18.44
1007.40 17.04 14.15 12.19 314.94 336.50 9.75 0.00
0.00 44.68
1001.90 16.94 13.76 11.57 314.47 338.55 11.69 0.00
0.00 91.42
992.30 17.14 13.09 10.17 313.65 347.33 17.72 0.00
0.00 173.61
978.20 17.74 12.89 9.36 314.75 353.66 17.60 0.00
0.00 295.91
960.00 18.84 13.29 9.37 318.12 14.04 8.00 0.00
0.00 456.87
938.30 18.94 14.12 11.02 323.53 156.80 4.43 0.10
0.00 653.29
914.50 17.24 14.41 12.71 327.80 203.63 13.58 0.20
0.00 873.58
888.70 14.94 13.36 12.37 328.05 208.30 14.34 0.20
0.00 1117.36
859.70 12.24 11.74 11.38 327.12 211.93 15.79 0.20
41.00 1397.51
827.90 13.84 4.52 -7.71 311.19 221.58 16.10 0.10
0.00 1714.44
793.20 13.74 1.77 -25.48 308.67 225.54 14.70 0.00
0.00 2074.42
755.40 12.04 0.79 -23.14 311.76 235.92 7.96 -0.10
0.00 2483.42
714.60 10.34 -0.75 -27.36 314.12 229.64 5.09 -0.10
0.00 2945.74
670.80 7.94 -2.63 -31.29 316.62 229.76 6.62 -0.10
0.00 3468.55
624.00 4.14 -5.10 -30.87 319.04 245.06 9.21 0.00
0.00 4059.73
574.70 -0.66 -8.36 -32.18 320.90 229.18 11.29 0.00
0.00 4722.15
527.00 -5.56 -12.03 -37.16 322.49 188.43 5.30 -0.10
0.00 5407.21
484.00 -11.26 -16.18 -38.68 323.32 207.55 5.03 -0.20
0.00 6066.92
445.70 -16.16 -20.01 -41.36 324.65 232.70 10.26 -0.30
0.00 6693.07
411.20 -20.76 -23.81 -45.49 325.99 240.87 13.56 -0.20
0.00 7293.77
380.10 -25.26 -27.64 -49.53 327.26 238.07 15.79 -0.20
0.00 7869.66
352.10 -29.76 -31.53 -51.92 328.34 239.70 17.33 -0.10
0.00 8419.88
327.00 -33.16 -34.63 -57.41 330.51 247.10 24.46 0.00
0.00 8943.11
304.30 -35.96 -37.19 -59.75 333.39 255.43 30.11 0.00
0.00 9445.58
284.00 -39.26 -40.23 -62.51 335.26 261.67 32.19 0.00
0.00 9921.59
265.80 -42.36 -43.11 -63.01 337.14 264.26 34.95 0.00
0.00 10372.03
248.90 -45.26 -45.86 -66.51 339.16 267.82 35.76 0.00
0.00 10813.04
233.60 -47.96 -48.43 -66.97 341.28 269.40 36.91 0.10
0.00 11233.73
219.60 -50.46 -50.86 -72.27 343.45 269.14 39.04 0.10
0.00 11638.85
205.70 -53.06 -53.37 -72.71 345.85 268.37 41.01 0.10
0.00 12062.60
191.70 -55.86 -56.10 -73.19 348.39 269.73 41.57 0.10
0.00 12513.82
177.70 -58.56 -58.74 -73.70 351.60 272.71 41.03 0.00
0.00 12993.16
163.80 -60.86 -61.00 -74.24 356.02 274.55 34.30 0.00
0.00 13502.04
149.80 -62.76 -9999.00 -9999.00 -9999.00 262.28 23.14 0.00
0.00 14054.75
135.90 -65.36 -9999.00 -9999.00 -9999.00 247.30 20.63 -0.10
0.00 14650.76
121.90 -68.16 -9999.00 -9999.00 -9999.00 244.62 16.76 -0.10
0.00 15307.57
108.00 -70.66 -9999.00 -9999.00 -9999.00 239.74 16.20 0.00
0.00 16029.60
94.00 -70.76 -9999.00 -9999.00 -9999.00 239.39 16.03 0.00
0.00 16852.30
81.00 -68.66 -9999.00 -9999.00 -9999.00 278.13 9.62 0.00
0.00 17738.67
70.60 -68.06 -9999.00 -9999.00 -9999.00 112.48 6.10 0.00
0.00 18562.43
62.20 -68.56 -9999.00 -9999.00 -9999.00 104.74 3.81 0.00
0.00 19321.97
54.30 -67.36 -9999.00 -9999.00 -9999.00 87.51 4.47 0.00
0.00 20137.79
46.90 -64.66 -9999.00 -9999.00 -9999.00 40.76 7.44 0.00
0.00 21026.11
40.10 -63.16 -9999.00 -9999.00 -9999.00 64.89 6.86 0.00
0.00 21985.49
33.80 -61.46 -9999.00 -9999.00 -9999.00 33.11 5.34 0.00
0.00 23040.31
27.80 -60.46 -9999.00 -9999.00 -9999.00 330.02 5.83 0.00
0.00 24254.12
22.30 -58.96 -9999.00 -9999.00 -9999.00 316.55 5.09 0.00
0.00 25631.41
17.10 -53.46 -9999.00 -9999.00 -9999.00 248.90 11.87 0.00
0.00 27317.43
12.30 -46.66 -9999.00 -9999.00 -9999.00 227.25 34.91 0.00
0.00 29468.98

STID = KJAX STNM = 722060 TIME = 221027/0800 
SLAT = 30.50 SLON = -81.69 SELV = 10.0
STIM = 20

SHOW = 10.30 LIFT = 7.38 SWET = 41.67 KINX = -14.81
LCLP = 959.04 PWAT = 17.51 TOTL = 32.53 CAPE = 0.00
LCLT = 285.03 CINS = 0.00 EQLV = -9999.00 LFCT = -9999.00
BRCH = 0.00

PRES TMPC TMWC DWPC THTE DRCT SKNT OMEG
CFRL HGHT
1011.40 16.24 14.12 12.69 314.42 329.53 3.83 0.00
0.00 20.10
1008.50 16.44 13.86 12.09 313.99 334.59 8.61 0.00
0.00 44.56
1002.90 16.44 13.49 11.43 313.58 338.01 10.90 0.00
0.00 92.01
993.30 16.94 12.94 10.03 313.11 350.75 16.92 0.00
0.00 174.02
979.20 17.94 13.00 9.41 314.93 360.00 15.73 0.00
0.00 296.19
961.00 19.24 13.74 9.97 319.35 29.98 5.83 0.10
0.00 457.17
939.30 18.94 14.53 11.77 324.71 188.88 6.29 0.20
0.00 653.56
915.50 17.14 14.46 12.86 327.83 208.30 14.34 0.40
0.00 873.61
889.50 14.74 13.13 12.12 327.22 208.61 14.61 0.40
1.00 1118.90
860.50 12.84 10.34 8.56 322.78 211.79 16.22 0.20
13.00 1398.83
828.80 14.74 3.40 -16.55 308.00 221.05 15.97 0.00
0.00 1714.98
794.00 13.74 1.75 -25.84 308.52 225.57 13.87 0.00
0.00 2076.04
756.10 11.84 0.70 -22.99 311.49 232.25 7.61 -0.10
0.00 2485.58
715.30 10.14 -0.84 -27.17 313.84 223.53 5.36 -0.10
0.00 2947.14
671.40 7.74 -2.75 -31.53 316.28 221.63 7.01 -0.10
0.00 3470.28
624.50 4.04 -5.19 -31.55 318.74 242.40 9.63 -0.10
0.00 4061.90
575.10 -0.86 -8.51 -32.64 320.53 237.26 12.94 -0.10
0.00 4724.80
527.30 -5.86 -12.19 -36.52 322.15 214.16 6.57 -0.20
0.00 5410.23
484.30 -11.46 -16.32 -38.67 323.01 202.25 4.62 -0.20
0.00 6068.92
445.90 -16.46 -20.21 -40.95 324.26 230.19 9.11 -0.10
0.00 6695.77
411.40 -20.96 -23.95 -44.93 325.73 238.34 13.69 -0.10
0.00 7295.61
380.20 -25.46 -27.78 -48.76 327.01 234.85 16.86 0.00
0.00 7872.67
352.20 -29.86 -31.61 -51.92 328.18 236.15 19.17 0.00
0.00 8422.41
327.00 -32.96 -34.45 -57.41 330.78 249.84 26.50 0.00
0.00 8947.75
304.40 -36.06 -37.28 -59.75 333.22 257.55 30.63 0.00
0.00 9448.03
284.10 -39.46 -40.41 -62.50 334.94 263.43 32.26 0.10
0.00 9923.58
265.80 -42.36 -43.11 -63.01 337.14 271.34 33.22 0.10
0.00 10376.21
248.90 -45.36 -45.93 -63.50 339.06 274.27 33.90 0.10
0.00 10817.13
233.60 -48.16 -48.62 -66.97 340.97 272.52 35.39 0.10
0.00 11237.54
219.60 -50.76 -51.12 -67.41 343.04 270.89 37.49 0.10
0.00 11642.21
205.70 -53.36 -53.66 -72.71 345.37 270.84 39.63 0.10
0.00 12065.39
191.70 -55.96 -56.19 -73.19 348.23 271.70 39.26 0.10
0.00 12516.19
177.70 -58.56 -58.74 -73.70 351.60 274.21 37.00 0.00
0.00 12995.43
163.80 -60.96 -61.10 -74.24 355.85 274.56 31.76 0.00
0.00 13504.19
149.80 -62.96 -9999.00 -9999.00 -9999.00 258.69 22.79 -0.10
0.00 14056.51
135.90 -65.56 -9999.00 -9999.00 -9999.00 243.90 21.64 -0.10
0.00 14651.95
121.90 -68.46 -9999.00 -9999.00 -9999.00 238.51 18.22 -0.10
0.00 15307.95
108.00 -71.06 -9999.00 -9999.00 -9999.00 237.93 19.02 0.00
0.00 16028.74
94.00 -71.06 -9999.00 -9999.00 -9999.00 240.95 18.01 0.00
0.00 16850.02
81.00 -69.06 -9999.00 -9999.00 -9999.00 285.12 7.44 0.00
0.00 17734.87
70.60 -69.26 -9999.00 -9999.00 -9999.00 123.34 8.84 0.00
0.00 18555.41
62.20 -68.66 -9999.00 -9999.00 -9999.00 124.99 4.74 0.00
0.00 19312.54
54.30 -66.66 -9999.00 -9999.00 -9999.00 104.53 5.42 0.00
0.00 20129.56
46.90 -64.76 -9999.00 -9999.00 -9999.00 63.97 9.30 0.00
0.00 21019.16
40.10 -63.66 -9999.00 -9999.00 -9999.00 66.45 8.26 0.00
0.00 21977.17
33.80 -61.16 -9999.00 -9999.00 -9999.00 31.33 5.23 0.00
0.00 23031.49
27.80 -60.06 -9999.00 -9999.00 -9999.00 327.26 6.47 0.00
0.00 24247.29
22.30 -58.86 -9999.00 -9999.00 -9999.00 291.80 3.15 0.00
0.00 25626.20
17.10 -53.56 -9999.00 -9999.00 -9999.00 228.50 13.48 0.00
0.00 27312.22
12.30 -46.66 -9999.00 -9999.00 -9999.00 225.41 38.46 0.00
0.00 29463.29

STID = KJAX STNM = 722060 TIME = 221027/0900 
SLAT = 30.50 SLON = -81.69 SELV = 10.0
STIM = 21

SHOW = 10.92 LIFT = 6.82 SWET = 37.74 KINX = -16.09
LCLP = 970.91 PWAT = 17.07 TOTL = 31.28 CAPE = 0.00
LCLT = 285.03 CINS = 0.00 EQLV = -9999.00 LFCT = -9999.00
BRCH = 0.00

PRES TMPC TMWC DWPC THTE DRCT SKNT OMEG
CFRL HGHT
1011.50 15.24 13.63 12.51 312.99 329.04 3.40 0.00
0.00 19.22
1008.50 15.64 13.46 11.92 312.83 335.14 8.78 0.00
0.00 44.45
1002.90 15.84 13.11 11.16 312.50 338.75 11.25 0.00
0.00 91.78
993.40 16.94 12.94 10.03 313.10 356.55 16.16 0.10
0.00 172.84
979.20 18.24 13.25 9.68 315.65 10.30 13.03 0.10
0.00 295.94
961.00 19.74 14.36 10.82 321.26 68.96 2.70 0.20
0.00 457.17
939.30 18.74 14.98 12.72 326.21 209.29 9.13 0.40
0.00 653.73
915.40 16.64 14.75 13.63 328.80 219.81 15.17 0.40
0.00 874.52
889.50 14.94 12.53 10.97 325.32 215.78 16.28 0.40
0.00 1118.74
860.60 14.04 8.71 4.23 318.02 216.08 16.82 0.20
0.00 1398.13
828.80 14.54 3.59 -14.46 308.54 217.61 14.96 0.10
0.00 1715.64
794.00 13.64 1.72 -25.47 308.48 222.56 12.92 0.00
0.00 2076.53
756.20 11.64 0.61 -22.85 311.29 221.63 7.01 -0.10
0.00 2484.76
715.30 9.94 -0.94 -27.17 313.62 212.47 5.07 -0.10
0.00 2947.09
671.40 7.54 -2.87 -31.79 316.02 216.53 6.53 -0.10
0.00 3469.86
624.50 3.84 -5.36 -32.54 318.37 244.00 8.86 0.00
0.00 4061.05
575.10 -1.06 -8.70 -33.91 320.12 244.23 12.51 0.00
0.00 4723.45
527.30 -6.06 -12.29 -35.91 321.98 227.20 7.15 0.00
0.00 5408.36
484.30 -11.56 -16.39 -38.67 322.89 189.46 4.72 0.00
0.00 6066.68
445.90 -16.46 -20.23 -41.36 324.22 222.27 8.66 0.10
0.00 6693.41
411.40 -20.86 -23.89 -45.48 325.82 234.37 14.34 0.10
0.00 7293.36
380.20 -25.46 -27.78 -48.76 327.01 233.00 17.75 0.00
0.00 7870.53
352.20 -29.76 -31.55 -52.92 328.28 239.59 20.73 0.00
0.00 8420.38
327.00 -32.86 -34.37 -57.41 330.92 255.65 25.87 0.00
0.00 8945.94
304.40 -36.06 -37.28 -59.75 333.22 261.92 29.04 0.00
0.00 9446.33
284.10 -39.16 -40.14 -62.50 335.37 268.92 30.89 0.10
0.00 9922.18
265.80 -42.26 -43.02 -63.01 337.28 273.14 31.90 0.10
0.00 10375.20
248.90 -45.56 -46.12 -63.50 338.76 272.40 32.46 0.10
0.00 10816.02
233.60 -48.26 -48.72 -66.97 340.82 271.67 33.43 0.10
0.00 11236.16
219.60 -50.86 -51.22 -67.41 342.88 271.57 35.37 0.10
0.00 11640.65
205.70 -53.56 -53.85 -72.71 345.06 271.80 37.12 0.10
0.00 12063.54
191.70 -55.96 -56.19 -73.19 348.23 272.45 36.36 0.10
0.00 12514.14
177.70 -58.46 -58.64 -73.70 351.76 273.33 33.47 0.00
0.00 12993.48
163.80 -61.06 -61.20 -74.24 355.68 273.37 29.78 0.00
0.00 13502.24
149.80 -63.26 -9999.00 -9999.00 -9999.00 260.17 25.04 0.00
0.00 14054.04
135.90 -65.76 -9999.00 -9999.00 -9999.00 249.00 23.31 0.00
0.00 14648.76
121.90 -68.56 -9999.00 -9999.00 -9999.00 243.19 20.24 0.00
0.00 15304.29
108.00 -71.06 -9999.00 -9999.00 -9999.00 243.21 22.42 0.00
0.00 16024.91
94.00 -71.06 -9999.00 -9999.00 -9999.00 247.47 19.77 0.00
0.00 16846.19
81.00 -69.36 -9999.00 -9999.00 -9999.00 288.43 6.14 0.00
0.00 17730.38
70.60 -70.76 -9999.00 -9999.00 -9999.00 138.01 7.85 0.00
0.00 18547.30
62.20 -68.86 -9999.00 -9999.00 -9999.00 171.03 3.73 0.00
0.00 19301.27
54.30 -66.16 -9999.00 -9999.00 -9999.00 107.53 3.87 0.00
0.00 20118.89
46.90 -64.76 -9999.00 -9999.00 -9999.00 74.36 10.08 0.00
0.00 21009.56
40.10 -63.56 -9999.00 -9999.00 -9999.00 65.14 8.78 0.00
0.00 21967.80
33.80 -60.86 -9999.00 -9999.00 -9999.00 39.29 5.52 0.00
0.00 23023.12
27.80 -59.96 -9999.00 -9999.00 -9999.00 346.87 5.98 0.00
0.00 24240.07
22.30 -57.86 -9999.00 -9999.00 -9999.00 246.04 1.90 0.00
0.00 25622.53
17.10 -50.96 -9999.00 -9999.00 -9999.00 235.11 18.01 0.00
0.00 27322.53
12.30 -45.46 -9999.00 -9999.00 -9999.00 237.84 44.52 0.00
0.00 29491.92
STN YYMMDD/HHMM PMSL PRES SKTC STC1 SNFL WTNS
P01M C01M STC2 LCLD MCLD HCLD
SNRA UWND VWND R01M BFGR T2MS
Q2MS WXTS WXTP WXTZ WXTR USTM
VSTM HLCY SLLH WSYM CDBP VSBK
TD2M
722060 221026/1200 1011.90 1010.60 15.34 288.50 -9999.00 20.00
-9999.00 -9999.00 288.60 2.00 0.00 0.00
-9999.00 -0.60 2.10 -9999.00 -9999.00 16.44
11.51 0.00 0.00 0.00 0.00 4.10
-1.80 102.70 -9999.00 999.00 -9999.00 20.00
16.10
722060 221026/1300 1012.20 1011.00 19.14 292.30 0.00 20.00
0.00 0.00 291.60 4.00 0.00 0.00
-9999.00 -0.30 2.70 -9999.00 -9999.00 18.94
12.42 0.00 0.00 0.00 0.00 4.40
-2.10 97.90 0.01 999.00 -9999.00 20.00
17.28
722060 221026/1400 1012.90 1011.70 20.14 293.30 0.00 20.00
0.00 0.00 293.00 100.00 0.00 0.00
-9999.00 -0.10 2.80 -9999.00 -9999.00 20.04
12.63 0.00 0.00 0.00 0.00 4.40
-2.20 101.60 0.01 999.00 755.10 20.00
17.55
722060 221026/1500 1013.00 1011.80 19.74 292.90 0.00 20.00
0.00 0.00 292.70 100.00 0.00 0.00
-9999.00 -0.20 2.10 -9999.00 -9999.00 19.64
12.80 0.00 0.00 0.00 0.00 3.90
-1.90 109.30 -0.01 999.00 792.90 0.07
17.76
722060 221026/1600 1012.80 1011.60 21.24 294.40 0.00 20.00
0.00 0.00 293.80 79.00 0.00 0.00
-9999.00 -0.60 2.90 -9999.00 -9999.00 20.84
12.72 0.00 0.00 0.00 0.00 3.30
-1.30 120.90 0.02 999.00 -9999.00 0.02
17.66
722060 221026/1700 1011.50 1010.30 26.74 299.90 0.00 18.00
0.00 0.00 298.70 29.00 0.00 0.00
-9999.00 0.70 3.40 -9999.00 -9999.00 24.24
14.25 0.00 0.00 0.00 0.00 3.60
-1.70 93.30 0.04 999.00 -9999.00 0.11
19.41
722060 221026/1800 1009.90 1008.70 26.14 299.30 0.00 17.00
0.00 0.00 298.80 100.00 0.00 0.00
-9999.00 1.50 2.30 -9999.00 -9999.00 25.74
15.89 0.00 0.00 0.00 0.00 3.00
-1.00 44.00 -0.03 999.00 911.50 0.04
21.10
722060 221026/1900 1010.20 1009.00 24.14 297.30 0.00 18.00
0.00 0.00 297.20 100.00 0.00 0.00
-9999.00 3.50 -0.80 -9999.00 -9999.00 24.14
16.53 0.00 0.00 0.00 0.00 3.20
-1.80 -16.40 -0.02 999.00 911.70 0.01
21.74
722060 221026/2000 1010.10 1008.90 25.94 299.10 0.00 18.00
0.00 0.00 298.60 53.00 0.00 0.00
-9999.00 3.10 -0.60 -9999.00 -9999.00 24.64
16.90 0.00 0.00 0.00 0.00 9.40
-4.40 7.30 0.02 999.00 -9999.00 0.02
22.09
722060 221026/2100 1009.20 1008.00 26.14 299.30 0.00 17.00
0.00 0.00 298.90 16.00 0.00 0.00
-9999.00 2.80 0.20 -9999.00 -9999.00 25.34
16.80 0.00 0.00 0.00 0.00 10.60
-4.30 37.60 0.00 999.00 -9999.00 20.00
21.98
722060 221026/2200 1009.90 1008.70 24.74 297.90 0.00 18.00
0.00 0.00 297.80 2.00 0.00 0.00
-9999.00 1.70 0.00 -9999.00 -9999.00 24.74
16.73 0.00 0.00 0.00 0.00 9.50
-4.80 36.00 -0.02 999.00 -9999.00 20.00
21.92
722060 221026/2300 1011.20 1010.00 22.24 295.40 0.00 18.00
0.00 0.00 295.70 3.00 0.00 0.00
-9999.00 0.50 -0.40 -9999.00 -9999.00 23.04
16.22 0.00 0.00 0.00 0.00 7.60
-5.50 27.90 -0.01 999.00 -9999.00 20.00
21.45
722060 221027/0000 1012.30 1011.10 20.84 294.00 0.00 19.00
0.00 0.00 294.30 31.00 0.00 0.00
-9999.00 -0.10 -0.70 -9999.00 -9999.00 21.74
15.49 0.00 0.00 0.00 0.00 7.20
-6.00 0.40 0.00 999.00 -9999.00 20.00
20.74
722060 221027/0100 1012.90 1011.70 21.24 294.40 0.00 19.00
0.00 0.00 294.50 100.00 0.00 0.00
-9999.00 -0.10 0.30 -9999.00 -9999.00 21.54
15.62 0.00 0.00 0.00 0.00 8.30
-5.30 -12.50 0.00 999.00 827.60 20.00
20.88
722060 221027/0200 1012.70 1011.50 21.24 294.40 0.00 19.00
0.00 0.00 294.40 80.00 0.00 0.00
-9999.00 1.40 0.30 -9999.00 -9999.00 21.34
15.43 0.00 0.00 0.00 0.00 12.30
2.10 22.30 0.00 999.00 -9999.00 20.00
20.68
722060 221027/0300 1013.90 1012.60 19.84 293.00 0.00 19.00
0.00 0.00 293.40 35.00 0.00 0.00
-9999.00 2.10 -2.10 -9999.00 -9999.00 20.04
11.67 0.00 0.00 0.00 0.00 11.30
-0.20 39.90 0.01 999.00 -9999.00 20.00
16.34
722060 221027/0400 1013.30 1012.10 17.64 290.80 0.00 19.00
0.00 0.00 291.30 40.00 0.00 0.00
-9999.00 1.40 -2.00 -9999.00 -9999.00 17.94
10.14 0.00 0.00 0.00 0.00 11.00
-0.50 56.10 0.00 999.00 -9999.00 20.00
14.18
722060 221027/0500 1013.00 1011.70 17.14 290.30 0.00 19.00
0.00 0.00 290.70 70.00 0.00 0.00
-9999.00 1.50 -1.80 -9999.00 -9999.00 17.34
10.01 0.00 0.00 0.00 0.00 10.90
0.00 78.90 0.00 999.00 -9999.00 20.00
13.98
722060 221027/0600 1013.10 1011.90 16.64 289.80 0.00 19.00
0.00 0.00 290.20 65.00 0.00 0.00
-9999.00 1.30 -2.00 -9999.00 -9999.00 16.74
9.75 0.00 0.00 0.00 0.00 10.30
0.10 87.80 0.00 999.00 -9999.00 20.00
13.58
722060 221027/0700 1012.80 1011.50 15.84 289.00 0.00 19.00
0.00 0.00 289.40 41.00 0.00 0.00
-9999.00 1.00 -2.10 -9999.00 -9999.00 16.04
9.47 0.00 0.00 0.00 0.00 10.00
-0.10 77.50 0.00 999.00 -9999.00 20.00
13.14
722060 221027/0800 1013.80 1012.60 15.24 288.40 0.00 19.00
0.00 0.00 288.80 13.00 0.00 0.00
-9999.00 1.00 -1.80 -9999.00 -9999.00 15.44
9.35 0.00 0.00 0.00 0.00 10.10
0.00 69.20 0.00 999.00 -9999.00 20.00
12.96
722060 221027/0900 1013.90 1012.60 14.24 287.40 0.00 19.00
0.00 0.00 287.90 0.00 0.00 0.00
-9999.00 1.10 -1.60 -9999.00 -9999.00 14.44
9.20 0.00 0.00 0.00 0.00 10.10
-0.10 49.40 0.00 999.00 -9999.00 20.00
12.72


