
SNPARM = PRES;TMPC;TMWC;DWPC;THTE;DRCT;SKNT;OMEG;CFRL;HGHT 
STNPRM = SHOW;LIFT;SWET;KINX;LCLP;PWAT;TOTL;CAPE;LCLT;CINS;EQLV;LFCT;BRCH 

STID = KGJT STNM = 724760 TIME = 221026/1200 
SLAT = 39.12 SLON = -108.53 SELV = 1477.0
STIM = 0

SHOW = -9999.00 LIFT = 2.32 SWET = -9999.00 KINX = -9999.00
LCLP = 826.29 PWAT = 14.21 TOTL = -9999.00 CAPE = 0.00
LCLT = 275.12 CINS = 0.00 EQLV = -9999.00 LFCT = -9999.00
BRCH = 0.00

PRES TMPC TMWC DWPC THTE DRCT SKNT OMEG
CFRL HGHT
849.30 4.14 3.29 2.36 306.17 310.60 1.79 0.20
0.00 1486.58
846.80 4.24 3.19 2.05 306.26 306.87 1.94 0.10
0.00 1510.59
842.10 4.14 3.21 2.21 306.89 4.76 2.33 0.10
0.00 1555.92
834.30 3.94 2.78 1.52 306.90 30.26 2.70 0.00
0.00 1631.66
822.70 3.44 3.25 3.02 309.45 40.60 1.79 -0.10
0.00 1745.50
807.90 3.04 3.00 2.91 310.79 80.54 2.37 0.00
71.00 1892.89
790.60 2.04 1.98 1.87 310.75 118.30 2.87 0.20
84.00 2068.17
771.90 0.84 0.79 0.69 310.59 187.13 3.13 0.10
100.00 2261.20
751.90 -0.26 -0.29 -0.38 310.93 227.05 7.69 -0.20
100.00 2471.96
729.90 -1.56 -1.58 -1.64 311.23 232.96 12.90 -0.50
76.00 2709.29
705.90 -2.86 -3.30 -3.91 311.01 233.88 17.79 -0.70
13.00 2975.15
679.90 -4.46 -5.02 -5.85 311.28 235.49 22.63 -0.90
4.00 3271.88
652.00 -6.26 -6.54 -6.98 312.46 239.89 26.73 -1.00
14.00 3601.04
622.00 -8.56 -8.79 -9.19 312.75 244.78 29.62 -1.00
38.00 3968.17
589.90 -11.46 -11.88 -12.74 312.14 248.00 31.64 -0.90
15.00 4376.99
555.40 -14.66 -15.29 -16.83 311.86 251.26 35.08 -0.90
16.00 4836.39
518.80 -18.36 -19.02 -21.06 311.97 255.63 39.90 -0.90
33.00 5349.00
482.70 -22.06 -22.64 -24.85 312.82 260.62 42.93 -0.90
34.00 5883.39
449.50 -25.66 -26.21 -28.83 313.79 262.75 44.64 -0.70
33.00 6403.67
419.20 -29.46 -29.93 -32.81 314.49 262.81 45.03 -0.60
39.00 6905.57
391.20 -33.26 -33.67 -37.02 315.18 261.18 45.61 -0.50
22.00 7394.98
365.30 -36.86 -37.24 -41.38 316.13 259.25 51.01 -0.40
11.00 7872.47
341.50 -40.36 -40.77 -47.16 317.06 258.43 59.09 -0.40
1.00 8335.06
319.50 -43.76 -44.17 -53.74 318.13 256.94 63.62 -0.30
0.00 8785.53
299.30 -46.76 -47.13 -59.88 319.72 253.17 67.77 -0.30
0.00 9221.21
280.80 -49.16 -49.47 -62.59 322.11 251.10 76.17 -0.30
0.00 9641.79
263.90 -51.16 -51.44 -66.08 324.91 252.57 80.42 -0.20
0.00 10046.96
247.90 -52.26 -52.52 -66.54 329.12 254.99 80.24 -0.10
0.00 10452.37
233.10 -52.16 -52.44 -66.98 335.12 253.21 81.37 0.00
0.00 10850.48
219.50 -52.16 -52.49 -72.27 340.88 251.92 88.27 0.00
0.00 11239.35
205.60 -52.76 -53.08 -72.72 346.36 255.04 96.31 0.10
0.00 11661.96
191.70 -53.56 -53.88 -73.19 352.08 257.61 98.64 0.10
0.00 12112.72
177.70 -54.76 -55.05 -73.70 357.82 257.92 96.54 0.10
0.00 12598.84
163.80 -56.36 -9999.00 -9999.00 -9999.00 256.82 94.56 0.20
0.00 13117.61
149.80 -57.96 -9999.00 -9999.00 -9999.00 258.31 92.04 0.20
0.00 13682.48
135.80 -58.66 -9999.00 -9999.00 -9999.00 261.21 83.94 0.20
0.00 14299.51
121.90 -59.56 -9999.00 -9999.00 -9999.00 261.85 73.97 0.10
0.00 14976.05
107.90 -60.56 -9999.00 -9999.00 -9999.00 259.44 63.62 0.10
0.00 15736.99
94.00 -60.86 -9999.00 -9999.00 -9999.00 257.92 51.05 0.00
0.00 16594.58
81.00 -61.16 -9999.00 -9999.00 -9999.00 258.80 40.00 0.00
0.00 17518.85
70.60 -60.56 -9999.00 -9999.00 -9999.00 258.39 28.96 0.00
0.00 18372.78
62.20 -60.36 -9999.00 -9999.00 -9999.00 259.11 25.72 0.00
0.00 19161.42
54.30 -59.06 -9999.00 -9999.00 -9999.00 247.65 18.90 0.00
0.00 20010.05
46.90 -58.46 -9999.00 -9999.00 -9999.00 239.95 22.88 0.00
0.00 20929.45
40.10 -55.96 -9999.00 -9999.00 -9999.00 245.85 24.69 0.00
0.00 21919.56
33.80 -54.96 -9999.00 -9999.00 -9999.00 249.50 22.18 0.00
0.00 23008.65
27.80 -55.96 -9999.00 -9999.00 -9999.00 248.20 19.87 0.00
0.00 24253.92
22.30 -57.56 -9999.00 -9999.00 -9999.00 254.21 19.99 0.00
0.00 25650.25
17.10 -55.26 -9999.00 -9999.00 -9999.00 267.69 19.25 0.00
0.00 27334.71
12.30 -51.06 -9999.00 -9999.00 -9999.00 274.02 24.92 0.00
0.00 29456.36

STID = KGJT STNM = 724760 TIME = 221026/1300 
SLAT = 39.12 SLON = -108.53 SELV = 1477.0
STIM = 1

SHOW = -9999.00 LIFT = 1.98 SWET = -9999.00 KINX = -9999.00
LCLP = 829.13 PWAT = 14.49 TOTL = -9999.00 CAPE = 0.00
LCLT = 275.65 CINS = 0.00 EQLV = -9999.00 LFCT = -9999.00
BRCH = 0.00

PRES TMPC TMWC DWPC THTE DRCT SKNT OMEG
CFRL HGHT
849.70 4.44 3.67 2.85 306.99 90.00 1.55 0.30
0.00 1487.55
847.20 4.54 3.67 2.76 307.31 84.29 1.94 0.30
0.00 1511.57
842.60 4.44 3.65 2.81 307.82 86.19 2.91 0.20
0.00 1555.97
834.70 4.04 3.21 2.32 307.82 95.44 4.10 0.10
0.00 1632.71
823.10 3.44 2.93 2.36 308.65 118.07 3.30 0.00
0.00 1746.51
808.40 2.84 2.81 2.73 310.29 142.43 3.19 -0.10
84.00 1892.75
791.00 2.14 2.08 1.98 310.93 173.29 3.32 -0.20
100.00 2068.92
772.30 1.14 1.10 1.01 311.23 215.31 5.71 -0.30
100.00 2262.00
752.30 0.14 0.11 0.04 311.78 231.01 10.49 -0.60
100.00 2472.94
730.30 -1.26 -1.30 -1.40 311.76 236.11 15.68 -0.80
100.00 2710.47
706.30 -3.16 -3.17 -3.23 311.22 238.65 19.79 -0.90
100.00 2976.20
680.30 -5.06 -5.08 -5.14 311.11 242.18 23.72 -0.90
100.00 3272.30
652.30 -6.66 -6.75 -6.93 311.98 247.07 27.43 -0.80
77.00 3601.86
622.30 -8.66 -8.82 -9.11 312.64 250.78 31.27 -0.70
85.00 3968.48
590.10 -11.36 -11.68 -12.34 312.47 252.87 34.97 -0.50
50.00 4378.42
555.60 -14.66 -15.11 -16.20 312.14 255.05 38.40 -0.30
39.00 4837.77
518.90 -18.46 -18.91 -20.25 312.15 259.79 41.65 -0.10
85.00 5351.57
482.80 -22.26 -22.74 -24.54 312.65 263.46 42.62 0.10
96.00 5885.56
449.60 -26.16 -26.61 -28.83 313.14 263.69 42.40 0.20
79.00 6405.00
419.20 -30.26 -30.65 -33.18 313.39 262.88 42.29 0.20
92.00 6907.16
391.30 -34.06 -34.42 -37.51 314.04 260.75 43.49 0.20
62.00 7393.14
365.40 -37.46 -37.92 -43.64 315.08 258.78 48.91 0.10
2.00 7869.10
341.50 -41.06 -41.56 -51.28 315.88 259.88 55.24 0.00
0.00 8332.26
319.60 -44.26 -44.71 -57.59 317.29 259.70 60.80 0.00
0.00 8779.44
299.40 -46.66 -47.09 -65.15 319.75 257.60 66.03 -0.10
0.00 9214.59
280.90 -48.76 -49.11 -65.62 322.61 256.46 71.33 -0.20
0.00 9635.49
263.90 -50.96 -51.22 -63.06 325.24 255.93 74.30 -0.20
0.00 10043.53
247.90 -52.56 -52.78 -63.54 328.72 255.89 76.52 -0.10
0.00 10448.85
233.10 -52.36 -52.63 -66.98 334.81 254.61 81.99 -0.10
0.00 10846.51
219.50 -52.26 -52.58 -72.27 340.72 253.41 87.76 -0.10
0.00 11235.12
205.60 -52.56 -52.89 -72.72 346.68 253.77 92.46 -0.10
0.00 11657.82
191.70 -53.46 -53.78 -73.19 352.24 255.82 95.16 -0.10
0.00 12108.90
177.70 -54.86 -55.15 -73.70 357.66 257.77 94.41 -0.10
0.00 12595.01
163.80 -56.66 -9999.00 -9999.00 -9999.00 258.59 91.36 0.00
0.00 13113.31
149.80 -58.16 -9999.00 -9999.00 -9999.00 259.74 87.26 0.00
0.00 13677.52
135.80 -59.06 -9999.00 -9999.00 -9999.00 261.71 79.51 0.00
0.00 14293.69
121.90 -59.76 -9999.00 -9999.00 -9999.00 261.53 69.91 0.10
0.00 14969.28
107.90 -60.16 -9999.00 -9999.00 -9999.00 258.80 60.99 0.00
0.00 15730.58
94.00 -60.26 -9999.00 -9999.00 -9999.00 258.30 50.78 0.00
0.00 16590.18
81.00 -60.56 -9999.00 -9999.00 -9999.00 261.63 40.05 0.00
0.00 17517.07
70.60 -60.06 -9999.00 -9999.00 -9999.00 268.12 29.55 0.00
0.00 18373.21
62.20 -60.36 -9999.00 -9999.00 -9999.00 258.33 24.01 0.00
0.00 19162.78
54.30 -59.36 -9999.00 -9999.00 -9999.00 243.94 19.89 0.00
0.00 20010.82
46.90 -59.16 -9999.00 -9999.00 -9999.00 240.54 24.09 0.00
0.00 20928.07
40.10 -56.56 -9999.00 -9999.00 -9999.00 248.52 25.47 0.00
0.00 21915.20
33.80 -55.16 -9999.00 -9999.00 -9999.00 248.10 20.30 0.00
0.00 23002.29
27.80 -56.26 -9999.00 -9999.00 -9999.00 247.05 17.93 0.00
0.00 24246.12
22.30 -57.26 -9999.00 -9999.00 -9999.00 252.81 19.72 0.00
0.00 25642.46
17.10 -54.06 -9999.00 -9999.00 -9999.00 270.55 20.40 0.00
0.00 27332.75
12.30 -50.66 -9999.00 -9999.00 -9999.00 275.81 23.04 0.00
0.00 29462.12

STID = KGJT STNM = 724760 TIME = 221026/1400 
SLAT = 39.12 SLON = -108.53 SELV = 1477.0
STIM = 2

SHOW = -9999.00 LIFT = 2.05 SWET = -9999.00 KINX = -9999.00
LCLP = 828.85 PWAT = 14.22 TOTL = -9999.00 CAPE = 0.00
LCLT = 275.85 CINS = 0.00 EQLV = -9999.00 LFCT = -9999.00
BRCH = 0.00

PRES TMPC TMWC DWPC THTE DRCT SKNT OMEG
CFRL HGHT
849.40 4.64 3.87 3.05 307.47 98.97 3.73 0.30
0.00 1487.56
846.90 4.74 3.83 2.88 307.70 106.19 6.27 0.30
0.00 1511.61
842.30 4.64 3.72 2.76 308.03 113.55 8.26 0.30
0.00 1556.06
834.40 4.34 3.40 2.40 308.28 122.55 10.84 0.30
0.00 1632.90
822.80 3.74 3.01 2.22 308.87 127.78 9.83 0.30
0.00 1746.86
808.10 3.14 2.74 2.30 310.18 141.07 6.49 0.20
34.00 1893.31
790.70 2.24 2.08 1.87 310.96 184.40 5.07 0.00
65.00 2069.65
772.00 1.24 1.20 1.11 311.49 223.09 8.24 -0.30
100.00 2262.88
752.10 0.14 0.09 -0.02 311.74 236.08 13.58 -0.60
100.00 2472.87
730.00 -1.36 -1.41 -1.52 311.56 239.66 18.45 -0.80
100.00 2711.51
706.00 -3.06 -3.10 -3.20 311.41 240.95 22.01 -0.80
100.00 2977.35
680.00 -4.86 -4.89 -4.97 311.53 243.24 25.02 -0.80
89.00 3273.75
652.10 -6.36 -6.58 -6.94 312.35 247.41 28.83 -0.70
43.00 3602.57
622.10 -8.56 -8.91 -9.53 312.49 252.00 32.67 -0.60
35.00 3969.58
589.90 -11.26 -11.78 -12.84 312.32 254.23 35.72 -0.50
14.00 4379.77
555.50 -14.66 -15.20 -16.51 312.00 256.53 38.34 -0.30
17.00 4837.99
518.80 -18.26 -18.89 -20.81 312.19 260.45 39.78 -0.10
36.00 5352.06
482.70 -22.16 -22.89 -25.83 312.40 263.69 38.89 0.00
56.00 5886.44
449.50 -26.36 -27.01 -30.43 312.54 265.26 37.63 0.10
76.00 6405.85
419.20 -30.66 -31.12 -34.33 312.67 265.65 38.38 0.20
83.00 6905.78
391.20 -34.56 -34.98 -38.86 313.23 263.77 42.99 0.20
20.00 7392.64
365.30 -38.16 -38.65 -45.49 314.03 262.24 50.39 0.30
0.00 7867.50
341.50 -41.86 -42.33 -52.18 314.76 263.51 56.70 0.30
0.00 8327.30
319.60 -45.06 -45.49 -59.37 316.14 264.58 61.65 0.30
0.00 8772.93
299.40 -47.56 -47.92 -62.10 318.52 263.42 66.08 0.20
0.00 9206.45
280.90 -49.46 -49.76 -62.59 321.65 258.40 67.62 0.10
0.00 9625.86
263.90 -51.06 -51.32 -63.06 325.09 253.63 68.22 0.00
0.00 10033.17
247.90 -51.76 -52.04 -66.54 329.87 253.15 73.06 0.00
0.00 10439.13
233.10 -51.96 -52.25 -66.98 335.42 256.06 84.65 -0.10
0.00 10837.88
219.50 -52.36 -52.68 -72.27 340.57 257.57 89.32 -0.20
0.00 11226.75
205.60 -52.76 -53.08 -72.72 346.36 256.93 89.34 -0.20
0.00 11649.16
191.70 -53.66 -53.97 -73.19 351.92 256.94 91.12 -0.20
0.00 12099.83
177.70 -54.96 -55.25 -73.70 357.50 258.09 91.32 -0.10
0.00 12585.61
163.80 -56.46 -9999.00 -9999.00 -9999.00 258.12 87.74 -0.10
0.00 13104.02
149.80 -58.06 -9999.00 -9999.00 -9999.00 259.40 83.39 0.00
0.00 13668.63
135.90 -59.06 -9999.00 -9999.00 -9999.00 261.42 76.81 0.00
0.00 14280.32
121.90 -59.76 -9999.00 -9999.00 -9999.00 260.94 69.04 0.10
0.00 14960.51
107.90 -60.26 -9999.00 -9999.00 -9999.00 259.11 61.71 0.00
0.00 15721.64
94.00 -60.06 -9999.00 -9999.00 -9999.00 262.43 53.11 0.00
0.00 16581.44
81.00 -59.96 -9999.00 -9999.00 -9999.00 262.67 39.57 0.00
0.00 17510.07
70.60 -60.36 -9999.00 -9999.00 -9999.00 265.83 29.41 0.00
0.00 18366.81
62.20 -59.66 -9999.00 -9999.00 -9999.00 247.93 23.27 0.00
0.00 19157.13
54.30 -59.36 -9999.00 -9999.00 -9999.00 235.75 22.09 0.00
0.00 20006.55
46.90 -58.56 -9999.00 -9999.00 -9999.00 239.99 26.03 0.00
0.00 20925.09
40.10 -55.86 -9999.00 -9999.00 -9999.00 251.31 27.27 0.00
0.00 21915.20
33.80 -55.16 -9999.00 -9999.00 -9999.00 250.11 19.42 0.00
0.00 23004.04
27.80 -55.76 -9999.00 -9999.00 -9999.00 248.82 16.67 0.00
0.00 24249.31
22.30 -56.06 -9999.00 -9999.00 -9999.00 258.02 19.66 0.00
0.00 25651.13
17.10 -52.96 -9999.00 -9999.00 -9999.00 275.65 19.72 0.00
0.00 27350.35
12.30 -50.46 -9999.00 -9999.00 -9999.00 283.42 17.58 0.00
0.00 29485.99

STID = KGJT STNM = 724760 TIME = 221026/1500 
SLAT = 39.12 SLON = -108.53 SELV = 1477.0
STIM = 3

SHOW = -9999.00 LIFT = 2.22 SWET = -9999.00 KINX = -9999.00
LCLP = 821.77 PWAT = 13.70 TOTL = -9999.00 CAPE = 0.00
LCLT = 275.73 CINS = 0.00 EQLV = -9999.00 LFCT = -9999.00
BRCH = 0.00

PRES TMPC TMWC DWPC THTE DRCT SKNT OMEG
CFRL HGHT
849.80 5.24 4.16 3.06 308.11 75.96 3.21 0.20
0.00 1486.62
847.30 5.24 3.97 2.66 307.97 118.07 6.60 0.20
0.00 1510.71
842.70 5.14 3.70 2.20 307.93 133.36 9.62 0.10
0.00 1555.20
834.70 4.94 3.32 1.61 308.07 140.53 12.84 0.00
0.00 1633.12
823.10 4.44 3.16 1.81 309.18 137.23 10.59 0.10
0.00 1747.30
808.40 3.64 2.79 1.88 310.24 153.43 5.21 0.00
0.00 1893.99
791.10 2.54 2.05 1.50 310.84 214.29 5.17 -0.20
15.00 2069.49
772.40 1.34 1.16 0.93 311.35 239.42 9.93 -0.50
56.00 2262.74
752.40 0.04 -0.00 -0.10 311.50 246.99 15.40 -0.90
74.00 2473.69
730.30 -1.46 -1.48 -1.54 311.39 248.40 20.05 -1.10
83.00 2712.14
706.30 -3.06 -3.07 -3.13 311.43 248.02 22.82 -1.10
100.00 2977.82
680.30 -4.76 -4.78 -4.86 311.70 248.36 25.29 -1.00
100.00 3274.15
652.30 -6.66 -6.71 -6.82 312.06 250.84 29.00 -1.00
100.00 3603.91
622.30 -9.06 -9.10 -9.19 312.10 253.82 32.77 -0.90
100.00 3970.26
590.10 -11.76 -11.99 -12.48 311.90 255.43 35.53 -0.90
88.00 4379.56
555.60 -14.76 -15.32 -16.70 311.77 257.05 37.28 -0.70
24.00 4838.46
518.90 -18.16 -19.21 -22.65 311.63 259.16 37.18 -0.60
2.00 5352.40
482.80 -21.96 -23.41 -30.48 311.51 262.95 36.40 -0.40
6.00 5886.90
449.60 -26.16 -27.53 -37.21 311.65 265.87 37.78 -0.30
26.00 6406.52
419.30 -30.36 -31.44 -41.54 312.13 267.29 41.03 -0.30
33.00 6906.75
391.30 -34.66 -35.43 -44.86 312.50 268.25 44.50 -0.20
0.00 7393.63
365.40 -38.66 -39.25 -49.11 313.11 269.53 47.20 0.00
0.00 7867.73
341.50 -42.36 -42.84 -54.30 314.00 271.33 50.14 0.10
0.00 8328.40
319.60 -45.76 -46.10 -56.11 315.25 275.10 52.47 0.30
0.00 8772.86
299.40 -48.76 -49.04 -59.88 316.87 275.45 55.23 0.30
0.00 9204.57
280.90 -50.16 -50.43 -62.59 320.64 268.35 60.63 0.20
0.00 9622.21
263.90 -50.46 -50.77 -66.08 325.93 262.09 64.92 0.10
0.00 10029.43
247.90 -51.56 -51.84 -66.54 330.17 261.66 66.94 -0.10
0.00 10436.12
233.10 -52.76 -53.02 -66.98 334.21 262.91 69.29 -0.10
0.00 10834.32
219.50 -53.66 -53.93 -72.27 338.56 262.05 78.65 -0.10
0.00 11221.34
205.60 -53.36 -53.66 -72.72 345.42 260.93 87.53 -0.10
0.00 11641.94
191.70 -52.96 -53.30 -73.19 353.04 259.73 90.42 -0.10
0.00 12092.71
177.70 -54.16 -9999.00 -9999.00 -9999.00 259.62 89.45 -0.20
0.00 12580.16
163.80 -55.76 -9999.00 -9999.00 -9999.00 260.02 84.03 -0.20
0.00 13100.36
149.80 -57.46 -9999.00 -9999.00 -9999.00 260.98 78.09 -0.10
0.00 13666.66
135.90 -58.76 -9999.00 -9999.00 -9999.00 262.91 72.42 0.00
0.00 14279.64
121.90 -59.46 -9999.00 -9999.00 -9999.00 262.18 67.06 0.10
0.00 14960.79
107.90 -59.86 -9999.00 -9999.00 -9999.00 260.57 61.64 0.10
0.00 15723.16
94.00 -59.86 -9999.00 -9999.00 -9999.00 264.29 52.70 0.10
0.00 16584.17
81.00 -59.26 -9999.00 -9999.00 -9999.00 263.57 39.88 0.00
0.00 17514.76
70.60 -59.36 -9999.00 -9999.00 -9999.00 259.80 27.43 0.00
0.00 18374.92
62.20 -59.36 -9999.00 -9999.00 -9999.00 249.64 20.10 0.00
0.00 19167.65
54.30 -59.36 -9999.00 -9999.00 -9999.00 236.61 20.47 0.00
0.00 20017.67
46.90 -58.36 -9999.00 -9999.00 -9999.00 248.28 24.67 0.00
0.00 20936.64
40.10 -56.16 -9999.00 -9999.00 -9999.00 258.96 24.34 0.00
0.00 21926.52
33.80 -55.36 -9999.00 -9999.00 -9999.00 244.54 18.07 0.00
0.00 23014.11
27.80 -55.46 -9999.00 -9999.00 -9999.00 233.41 15.97 0.00
0.00 24259.66
22.30 -55.76 -9999.00 -9999.00 -9999.00 250.39 17.95 0.00
0.00 25663.42
17.10 -53.46 -9999.00 -9999.00 -9999.00 266.86 17.70 0.00
0.00 27361.86
12.30 -50.86 -9999.00 -9999.00 -9999.00 274.04 19.27 0.00
0.00 29493.16

STID = KGJT STNM = 724760 TIME = 221026/1600 
SLAT = 39.12 SLON = -108.53 SELV = 1477.0
STIM = 4

SHOW = -9999.00 LIFT = 2.08 SWET = -9999.00 KINX = -9999.00
LCLP = 812.02 PWAT = 13.21 TOTL = -9999.00 CAPE = 0.00
LCLT = 275.43 CINS = 0.00 EQLV = -9999.00 LFCT = -9999.00
BRCH = 0.00

PRES TMPC TMWC DWPC THTE DRCT SKNT OMEG
CFRL HGHT
849.30 5.84 4.39 2.92 308.69 64.54 4.53 0.20
0.00 1486.64
846.70 5.84 4.08 2.26 308.29 112.48 6.10 0.20
0.00 1511.76
842.10 5.74 3.79 1.76 308.21 135.00 8.80 0.10
0.00 1556.39
834.20 5.64 3.58 1.41 308.71 141.19 11.46 0.10
0.00 1633.56
822.60 5.04 3.33 1.54 309.63 137.42 9.75 0.10
0.00 1748.07
807.90 3.94 2.78 1.55 310.28 149.93 4.27 0.00
0.00 1895.08
790.60 2.64 1.99 1.28 310.78 225.00 4.66 -0.30
0.00 2070.80
771.90 1.34 1.12 0.84 311.32 246.50 9.75 -0.60
9.00 2264.20
751.90 0.04 0.02 -0.05 311.62 250.64 15.23 -0.90
56.00 2475.29
729.90 -1.36 -1.40 -1.49 311.61 250.66 19.35 -1.10
82.00 2712.85
705.90 -2.86 -2.90 -2.99 311.85 250.10 21.70 -1.30
100.00 2978.83
679.90 -4.56 -4.58 -4.64 312.19 251.57 23.95 -1.30
100.00 3275.56
652.00 -6.56 -6.59 -6.68 312.34 255.17 27.33 -1.30
100.00 3604.51
622.00 -9.46 -9.47 -9.53 311.43 255.53 31.10 -1.20
100.00 3970.82
589.80 -12.36 -12.46 -12.69 311.10 257.08 33.88 -1.10
100.00 4379.53
555.40 -15.06 -15.97 -18.40 310.67 259.13 35.00 -0.90
5.00 4836.47
518.70 -18.26 -19.95 -26.50 310.41 260.17 35.30 -0.60
0.00 5350.11
482.60 -21.96 -23.92 -35.69 310.70 262.43 36.85 -0.40
0.00 5884.62
449.50 -26.06 -27.79 -43.08 311.23 266.85 38.91 -0.10
0.00 6402.87
419.20 -30.36 -31.66 -46.52 311.79 271.88 41.39 0.10
0.00 6903.28
391.20 -34.46 -35.41 -49.28 312.53 274.00 44.60 0.30
0.00 7390.46
365.30 -38.06 -38.80 -52.61 313.79 276.18 46.89 0.40
0.00 7865.47
341.50 -41.36 -41.93 -55.57 315.32 282.18 47.88 0.40
0.00 8325.85
319.60 -44.86 -45.28 -57.59 316.46 288.79 49.46 0.30
0.00 8772.15
299.40 -48.56 -48.82 -58.11 317.19 290.38 50.78 0.20
0.00 9204.92
280.90 -51.86 -52.05 -60.38 318.24 283.34 50.51 0.20
0.00 9621.15
263.90 -53.16 -53.35 -63.06 322.02 273.74 62.49 0.20
0.00 10024.35
247.90 -51.76 -52.04 -66.54 329.87 270.61 73.23 0.20
0.00 10428.39
233.20 -50.36 -50.74 -71.86 337.76 266.61 75.50 0.00
0.00 10825.79
219.50 -51.36 -51.72 -72.27 342.11 259.67 73.64 -0.10
0.00 11219.74
205.60 -53.86 -54.14 -72.72 344.64 256.78 79.02 -0.20
0.00 11642.06
191.70 -55.06 -55.32 -73.19 349.67 259.98 85.99 -0.10
0.00 12090.16
177.70 -55.46 -55.73 -73.70 356.68 262.07 87.28 -0.10
0.00 12573.83
163.80 -56.06 -9999.00 -9999.00 -9999.00 262.56 82.48 0.00
0.00 13092.13
149.80 -57.26 -9999.00 -9999.00 -9999.00 263.29 76.48 0.00
0.00 13658.31
135.90 -58.56 -9999.00 -9999.00 -9999.00 263.15 70.05 0.10
0.00 14271.85
121.90 -59.36 -9999.00 -9999.00 -9999.00 259.60 64.59 0.10
0.00 14953.47
107.90 -59.76 -9999.00 -9999.00 -9999.00 257.07 60.78 0.10
0.00 15716.20
94.00 -59.46 -9999.00 -9999.00 -9999.00 263.78 50.21 0.10
0.00 16578.23
81.00 -59.06 -9999.00 -9999.00 -9999.00 264.51 34.54 0.00
0.00 17510.13
70.60 -59.46 -9999.00 -9999.00 -9999.00 253.76 25.70 -0.10
0.00 18370.49
62.20 -60.06 -9999.00 -9999.00 -9999.00 245.98 19.56 0.00
0.00 19161.73
54.30 -58.76 -9999.00 -9999.00 -9999.00 230.88 22.79 0.00
0.00 20011.55
46.90 -57.46 -9999.00 -9999.00 -9999.00 241.39 24.34 0.00
0.00 20933.74
40.10 -56.06 -9999.00 -9999.00 -9999.00 247.99 19.70 0.00
0.00 21925.91
33.80 -55.86 -9999.00 -9999.00 -9999.00 228.15 17.46 0.00
0.00 23012.50
27.80 -56.06 -9999.00 -9999.00 -9999.00 219.56 17.39 0.00
0.00 24254.91
22.30 -56.66 -9999.00 -9999.00 -9999.00 242.78 15.29 0.00
0.00 25653.82
17.10 -55.16 -9999.00 -9999.00 -9999.00 264.12 13.29 0.00
0.00 27342.17
12.30 -51.46 -9999.00 -9999.00 -9999.00 279.16 18.30 0.00
0.00 29462.37

STID = KGJT STNM = 724760 TIME = 221026/1700 
SLAT = 39.12 SLON = -108.53 SELV = 1477.0
STIM = 5

SHOW = -9999.00 LIFT = 2.16 SWET = -9999.00 KINX = -9999.00
LCLP = 807.91 PWAT = 12.73 TOTL = -9999.00 CAPE = 0.00
LCLT = 275.59 CINS = 0.00 EQLV = -9999.00 LFCT = -9999.00
BRCH = 0.00

PRES TMPC TMWC DWPC THTE DRCT SKNT OMEG
CFRL HGHT
848.60 6.34 4.73 3.14 309.58 66.04 3.83 0.10
0.00 1486.67
846.00 6.44 4.43 2.41 309.21 105.07 5.23 0.20
0.00 1511.86
841.50 6.34 4.20 2.02 309.23 124.51 7.54 0.20
0.00 1555.64
833.50 6.14 3.92 1.62 309.58 131.08 10.04 0.20
0.00 1634.01
822.00 5.44 3.50 1.48 310.09 133.36 9.62 0.20
0.00 1747.80
807.30 4.24 2.86 1.41 310.55 138.37 4.68 0.20
0.00 1895.11
790.00 2.84 2.03 1.14 310.93 209.36 3.57 0.00
0.00 2071.11
771.30 1.64 1.17 0.62 311.51 239.93 8.53 -0.40
1.00 2264.83
751.40 0.34 0.05 -0.31 311.76 245.81 14.69 -0.70
16.00 2475.23
729.40 -1.26 -1.32 -1.44 311.85 247.11 18.98 -1.00
57.00 2713.13
705.40 -2.76 -2.80 -2.90 312.13 248.01 21.79 -1.20
100.00 2979.40
679.40 -4.46 -4.48 -4.55 312.46 251.13 24.01 -1.30
100.00 3276.46
651.50 -6.76 -6.78 -6.84 312.05 254.74 26.57 -1.20
100.00 3605.59
621.60 -9.96 -9.98 -10.06 310.54 254.95 29.18 -1.10
100.00 3970.44
589.50 -12.46 -13.07 -14.42 310.05 256.22 31.80 -1.00
77.00 4377.59
555.10 -14.86 -16.43 -21.06 309.92 256.68 33.74 -0.80
0.00 4834.77
518.50 -17.96 -20.20 -30.24 309.99 256.72 35.53 -0.60
0.00 5347.66
482.50 -21.66 -24.00 -41.03 310.53 260.29 36.85 -0.20
0.00 5881.41
449.40 -25.86 -27.71 -45.26 311.36 267.17 39.28 0.10
0.00 6400.27
419.10 -29.76 -31.16 -47.19 312.55 271.49 44.89 0.30
0.00 6901.60
391.20 -33.36 -34.46 -50.11 313.94 273.77 50.23 0.40
0.00 7388.81
365.30 -37.16 -37.95 -51.61 315.03 275.16 51.88 0.40
0.00 7865.82
341.50 -40.86 -41.42 -53.18 316.08 276.22 51.98 0.40
0.00 8327.58
319.50 -44.36 -44.78 -56.12 317.22 276.41 53.94 0.30
0.00 8776.97
299.40 -47.56 -47.89 -59.88 318.56 275.32 56.59 0.20
0.00 9209.09
280.80 -50.66 -50.89 -60.38 319.99 273.69 57.42 0.10
0.00 9629.71
263.90 -53.46 -53.64 -63.06 321.58 270.94 59.05 0.10
0.00 10031.43
247.90 -54.56 -54.72 -63.54 325.74 268.40 69.56 0.10
0.00 10432.63
233.20 -53.76 -53.99 -66.98 332.65 269.47 84.30 0.10
0.00 10824.49
219.50 -52.66 -52.97 -72.27 340.10 268.20 80.46 0.00
0.00 11214.27
205.60 -52.46 -52.80 -72.72 346.84 260.42 79.39 -0.10
0.00 11636.69
191.70 -53.76 -54.07 -73.19 351.76 260.37 85.90 -0.20
0.00 12087.55
177.70 -54.76 -9999.00 -9999.00 -9999.00 261.36 84.09 -0.20
0.00 12573.45
163.80 -56.16 -9999.00 -9999.00 -9999.00 260.65 80.13 -0.10
0.00 13092.46
149.80 -57.56 -9999.00 -9999.00 -9999.00 260.85 75.76 -0.10
0.00 13658.11
135.90 -58.66 -9999.00 -9999.00 -9999.00 260.35 69.56 0.00
0.00 14271.08
121.90 -58.96 -9999.00 -9999.00 -9999.00 256.09 63.83 0.10
0.00 14953.18
107.90 -59.16 -9999.00 -9999.00 -9999.00 254.05 60.80 0.20
0.00 15717.70
94.00 -58.86 -9999.00 -9999.00 -9999.00 264.27 50.56 0.10
0.00 16582.14
81.00 -58.76 -9999.00 -9999.00 -9999.00 269.65 32.05 0.00
0.00 17516.00
70.60 -59.86 -9999.00 -9999.00 -9999.00 252.59 24.03 -0.10
0.00 18376.17
62.20 -60.86 -9999.00 -9999.00 -9999.00 247.83 22.65 0.00
0.00 19165.18
54.30 -59.16 -9999.00 -9999.00 -9999.00 236.82 24.15 0.00
0.00 20012.62
46.90 -57.56 -9999.00 -9999.00 -9999.00 238.33 24.42 0.00
0.00 20933.74
40.10 -56.66 -9999.00 -9999.00 -9999.00 240.95 18.01 0.00
0.00 21924.30
33.80 -56.66 -9999.00 -9999.00 -9999.00 224.56 17.99 0.00
0.00 23007.39
27.80 -55.96 -9999.00 -9999.00 -9999.00 220.91 19.27 0.00
0.00 24247.79
22.30 -55.66 -9999.00 -9999.00 -9999.00 240.26 12.53 0.00
0.00 25650.26
17.10 -54.66 -9999.00 -9999.00 -9999.00 266.82 10.51 0.00
0.00 27344.43
12.30 -51.06 -9999.00 -9999.00 -9999.00 287.55 19.97 0.00
0.00 29468.98

STID = KGJT STNM = 724760 TIME = 221026/1800 
SLAT = 39.12 SLON = -108.53 SELV = 1477.0
STIM = 6

SHOW = -9999.00 LIFT = 1.82 SWET = -9999.00 KINX = -9999.00
LCLP = 802.16 PWAT = 12.41 TOTL = -9999.00 CAPE = 2.75
LCLT = 276.10 CINS = -49.11 EQLV = 608.14 LFCT = 641.18
BRCH = 0.02

PRES TMPC TMWC DWPC THTE DRCT SKNT OMEG
CFRL HGHT
848.80 7.44 5.54 3.75 311.50 90.00 3.69 0.20
0.00 1486.71
846.20 7.24 5.27 3.39 311.18 94.97 4.49 0.30
0.00 1511.98
841.60 6.94 4.80 2.69 310.63 104.04 5.61 0.30
0.00 1556.85
833.70 6.64 4.28 1.89 310.40 109.98 6.82 0.40
0.00 1634.39
822.20 5.74 3.70 1.61 310.54 113.43 6.35 0.40
0.00 1748.32
807.50 4.64 3.06 1.42 310.99 114.78 2.78 0.30
0.00 1895.77
790.10 3.34 2.19 0.95 311.29 237.53 2.53 0.10
0.00 2073.05
771.50 2.04 1.21 0.28 311.58 247.17 8.00 -0.20
0.00 2266.00
751.50 0.64 0.02 -0.72 311.67 247.78 14.90 -0.40
1.00 2477.67
729.50 -0.96 -1.38 -1.91 311.71 248.10 20.30 -0.60
7.00 2715.77
705.50 -2.76 -2.89 -3.09 311.93 248.63 23.99 -0.80
79.00 2982.13
679.60 -4.56 -4.72 -4.98 311.94 251.16 25.85 -0.80
92.00 3277.91
651.60 -7.26 -7.30 -7.40 311.01 251.82 27.39 -0.70
100.00 3607.76
621.70 -10.26 -10.32 -10.46 309.90 251.80 29.86 -0.80
100.00 3971.97
589.60 -12.16 -13.27 -15.86 309.66 254.01 33.14 -0.90
27.00 4379.02
555.20 -14.76 -16.64 -22.57 309.51 254.61 35.86 -0.90
0.00 4836.41
518.60 -17.96 -20.43 -32.57 309.57 255.96 36.85 -0.80
0.00 5349.26
482.50 -21.76 -24.12 -41.93 310.34 259.56 37.53 -0.50
0.00 5884.31
449.40 -25.86 -27.69 -44.67 311.40 264.02 41.01 -0.30
0.00 6403.06
419.10 -29.56 -30.93 -45.31 312.92 266.39 46.33 -0.10
0.00 6904.60
391.20 -33.16 -34.17 -46.52 314.38 267.15 50.76 0.10
0.00 7392.23
365.30 -36.86 -37.61 -49.12 315.54 268.13 53.44 0.20
0.00 7869.76
341.50 -40.46 -41.03 -52.18 316.66 270.20 55.56 0.30
0.00 8332.21
319.50 -43.96 -44.38 -54.85 317.81 273.41 58.76 0.30
0.00 8782.38
299.40 -47.16 -47.46 -56.64 319.21 275.62 63.44 0.20
0.00 9215.27
280.90 -49.86 -50.12 -60.38 321.11 274.54 66.26 0.10
0.00 9634.68
263.90 -52.36 -52.57 -63.06 323.19 269.83 66.43 -0.10
0.00 10040.43
247.90 -54.36 -54.53 -63.54 326.04 265.94 71.27 -0.20
0.00 10442.83
233.20 -56.06 -56.22 -66.98 329.16 266.54 77.25 -0.10
0.00 10832.80
219.50 -55.46 -55.65 -67.42 335.83 268.89 80.05 -0.10
0.00 11218.07
205.60 -54.16 -54.43 -72.72 344.16 265.53 84.75 -0.10
0.00 11636.18
191.70 -54.36 -54.65 -73.19 350.80 262.77 89.49 -0.10
0.00 12084.69
177.70 -54.96 -9999.00 -9999.00 -9999.00 260.96 86.54 -0.10
0.00 12569.69
163.80 -55.86 -9999.00 -9999.00 -9999.00 259.17 81.68 -0.10
0.00 13088.82
149.80 -57.06 -9999.00 -9999.00 -9999.00 258.55 75.31 0.00
0.00 13655.52
135.90 -58.16 -9999.00 -9999.00 -9999.00 257.22 68.51 0.00
0.00 14269.92
121.90 -58.36 -9999.00 -9999.00 -9999.00 254.78 63.62 0.10
0.00 14953.77
107.90 -58.16 -9999.00 -9999.00 -9999.00 255.42 59.42 0.10
0.00 15721.14
94.00 -58.26 -9999.00 -9999.00 -9999.00 264.68 48.19 0.10
0.00 16588.82
81.00 -58.16 -9999.00 -9999.00 -9999.00 267.22 28.01 0.00
0.00 17525.29
70.60 -59.86 -9999.00 -9999.00 -9999.00 244.32 22.42 -0.10
0.00 18386.66
62.20 -60.96 -9999.00 -9999.00 -9999.00 244.27 23.72 0.00
0.00 19175.49
54.30 -58.86 -9999.00 -9999.00 -9999.00 240.74 25.84 0.00
0.00 20023.33
46.90 -56.46 -9999.00 -9999.00 -9999.00 239.99 26.03 0.00
0.00 20947.44
40.10 -56.06 -9999.00 -9999.00 -9999.00 244.56 17.64 0.00
0.00 21941.91
33.80 -57.06 -9999.00 -9999.00 -9999.00 227.03 19.39 0.00
0.00 23025.50
27.80 -56.06 -9999.00 -9999.00 -9999.00 232.52 22.03 0.00
0.00 24264.47
22.30 -55.46 -9999.00 -9999.00 -9999.00 251.08 14.37 0.00
0.00 25667.26
17.10 -55.36 -9999.00 -9999.00 -9999.00 271.04 10.68 0.00
0.00 27359.49
12.30 -51.46 -9999.00 -9999.00 -9999.00 283.75 18.80 0.00
0.00 29478.73

STID = KGJT STNM = 724760 TIME = 221026/1900 
SLAT = 39.12 SLON = -108.53 SELV = 1477.0
STIM = 7

SHOW = -9999.00 LIFT = 1.12 SWET = -9999.00 KINX = -9999.00
LCLP = 783.17 PWAT = 12.04 TOTL = -9999.00 CAPE = 15.18
LCLT = 275.71 CINS = -26.04 EQLV = 594.04 LFCT = 673.83
BRCH = 0.12

PRES TMPC TMWC DWPC THTE DRCT SKNT OMEG
CFRL HGHT
847.40 8.84 6.15 3.68 313.18 86.99 3.69 0.30
0.00 1486.77
844.80 8.44 5.84 3.42 312.75 84.56 4.10 0.30
0.00 1512.21
840.20 7.94 5.49 3.17 312.48 84.81 4.29 0.40
0.00 1557.33
832.30 7.14 4.94 2.82 312.18 82.57 4.51 0.40
0.00 1635.21
820.80 6.04 4.24 2.47 312.01 78.23 4.76 0.40
0.00 1749.53
806.10 4.84 3.17 1.44 311.42 69.44 3.32 0.40
0.00 1897.38
788.80 3.44 2.26 1.01 311.64 320.19 1.52 0.30
0.00 2074.04
770.20 2.14 1.31 0.39 311.99 257.28 6.18 0.10
1.00 2267.38
750.30 0.84 0.10 -0.77 312.02 246.80 13.31 -0.10
6.00 2478.46
728.30 -0.76 -1.51 -2.44 311.61 243.95 19.46 -0.40
4.00 2717.10
704.40 -2.56 -3.20 -4.07 311.43 244.48 23.89 -0.70
29.00 2982.94
678.60 -4.66 -5.12 -5.80 311.28 248.36 25.29 -0.80
42.00 3278.04
650.70 -7.56 -7.73 -8.05 310.30 249.49 27.18 -0.90
91.00 3606.89
620.90 -9.86 -10.68 -12.31 309.35 250.66 31.08 -0.90
64.00 3970.37
588.90 -11.96 -13.60 -17.71 309.18 253.57 35.04 -1.00
0.00 4377.04
554.60 -14.66 -17.06 -25.63 308.87 255.32 37.55 -1.00
0.00 4833.81
518.10 -18.16 -20.74 -34.45 309.14 257.01 38.87 -0.90
0.00 5345.63
482.20 -22.06 -24.28 -40.20 310.17 259.06 40.95 -0.70
0.00 5877.61
449.10 -25.96 -27.67 -42.15 311.51 260.79 43.69 -0.50
0.00 6396.29
418.90 -29.66 -30.88 -42.37 313.05 262.37 46.83 -0.30
0.00 6896.28
391.00 -33.36 -34.17 -42.60 314.46 264.00 50.19 -0.10
0.00 7383.86
365.20 -37.06 -37.58 -44.08 315.63 265.12 54.78 0.00
0.00 7859.36
341.40 -40.66 -41.07 -47.74 316.64 266.69 60.51 0.10
0.00 8321.57
319.50 -44.06 -44.38 -51.04 317.83 268.66 66.26 0.10
0.00 8769.48
299.30 -47.16 -47.41 -54.28 319.32 270.16 71.10 0.10
0.00 9204.51
280.80 -50.26 -50.45 -57.16 320.65 270.30 73.04 0.10
0.00 9623.69
263.90 -52.96 -53.13 -60.86 322.35 268.94 73.25 0.10
0.00 10026.23
247.90 -54.46 -54.65 -66.54 325.85 268.04 73.66 0.10
0.00 10427.98
233.10 -54.86 -55.05 -66.98 331.02 267.76 74.65 0.00
0.00 10821.68
219.50 -54.86 -55.09 -72.27 336.71 265.44 75.80 -0.10
0.00 11205.80
205.60 -55.16 -55.40 -72.72 342.59 262.28 80.96 -0.10
0.00 11623.53
191.70 -55.66 -55.90 -73.19 348.71 261.07 85.14 -0.10
0.00 12069.68
177.70 -55.96 -56.21 -73.70 355.86 258.64 83.82 -0.10
0.00 12552.14
163.80 -56.86 -9999.00 -9999.00 -9999.00 256.55 82.69 -0.10
0.00 13068.88
149.80 -57.86 -9999.00 -9999.00 -9999.00 258.50 79.90 0.00
0.00 13633.23
135.90 -58.16 -9999.00 -9999.00 -9999.00 260.03 71.79 0.00
0.00 14246.48
121.90 -58.26 -9999.00 -9999.00 -9999.00 255.88 62.90 0.10
0.00 14930.50
107.90 -58.36 -9999.00 -9999.00 -9999.00 253.19 58.45 0.10
0.00 15697.69
94.00 -58.06 -9999.00 -9999.00 -9999.00 258.92 46.52 0.10
0.00 16565.36
81.00 -58.36 -9999.00 -9999.00 -9999.00 256.17 26.01 0.00
0.00 17501.84
70.60 -60.36 -9999.00 -9999.00 -9999.00 229.60 23.97 0.00
0.00 18361.80
62.20 -60.56 -9999.00 -9999.00 -9999.00 239.26 25.08 0.00
0.00 19150.45
54.30 -58.36 -9999.00 -9999.00 -9999.00 238.09 26.09 0.00
0.00 20000.07
46.90 -55.26 -9999.00 -9999.00 -9999.00 237.16 25.43 0.00
0.00 20927.83
40.10 -55.06 -9999.00 -9999.00 -9999.00 241.02 14.43 0.00
0.00 21927.34
33.80 -56.86 -9999.00 -9999.00 -9999.00 219.88 19.99 0.00
0.00 23013.93
27.80 -56.26 -9999.00 -9999.00 -9999.00 231.71 23.50 0.00
0.00 24252.90
22.30 -54.86 -9999.00 -9999.00 -9999.00 248.91 14.57 0.00
0.00 25656.98
17.10 -54.36 -9999.00 -9999.00 -9999.00 254.43 12.30 0.00
0.00 27355.43
12.30 -50.86 -9999.00 -9999.00 -9999.00 270.00 19.81 0.00
0.00 29482.38

STID = KGJT STNM = 724760 TIME = 221026/2000 
SLAT = 39.12 SLON = -108.53 SELV = 1477.0
STIM = 8

SHOW = -9999.00 LIFT = 0.27 SWET = -9999.00 KINX = -9999.00
LCLP = 774.19 PWAT = 12.06 TOTL = -9999.00 CAPE = 54.28
LCLT = 275.65 CINS = -11.96 EQLV = 503.47 LFCT = 708.17
BRCH = 0.43

PRES TMPC TMWC DWPC THTE DRCT SKNT OMEG
CFRL HGHT
846.70 9.64 6.55 3.77 314.28 71.57 2.45 0.20
0.00 1487.79
844.20 9.24 6.25 3.51 313.83 63.43 2.60 0.20
0.00 1512.33
839.60 8.84 5.99 3.36 313.79 63.43 2.60 0.30
0.00 1557.62
831.70 7.94 5.44 3.10 313.49 56.31 2.80 0.30
0.00 1635.81
820.20 6.84 4.79 2.83 313.41 50.71 2.76 0.40
0.00 1750.54
805.50 5.44 3.94 2.46 313.33 47.73 2.89 0.50
0.00 1898.90
788.20 3.94 2.72 1.45 312.77 305.54 1.67 0.40
0.00 2076.07
769.60 2.54 1.62 0.62 312.78 256.43 5.79 0.20
3.00 2269.90
749.80 1.14 0.35 -0.56 312.65 246.43 11.65 -0.10
9.00 2480.34
727.80 -0.46 -1.38 -2.51 311.96 242.57 17.29 -0.40
6.00 2719.42
704.00 -2.36 -3.29 -4.55 311.30 241.19 22.16 -0.60
3.00 2984.54
678.10 -4.76 -5.35 -6.24 310.88 243.03 24.84 -0.80
11.00 3281.00
650.30 -7.26 -8.05 -9.40 309.76 245.75 27.91 -0.90
41.00 3608.98
620.50 -9.56 -10.80 -13.34 309.18 249.40 30.92 -0.90
14.00 3973.05
588.60 -11.96 -13.86 -18.86 308.75 253.52 34.23 -1.00
0.00 4378.87
554.30 -14.86 -17.39 -26.99 308.35 256.81 38.31 -0.90
0.00 4835.67
517.90 -18.36 -20.83 -33.72 309.03 257.64 41.76 -0.70
0.00 5345.91
482.00 -22.16 -24.22 -37.72 310.33 257.66 44.54 -0.50
0.00 5877.81
449.00 -25.96 -27.48 -38.73 311.85 258.22 46.64 -0.40
0.00 6395.01
418.80 -29.76 -30.73 -38.48 313.33 260.76 49.59 -0.20
0.00 6895.04
391.00 -33.56 -34.12 -39.15 314.55 263.18 54.00 -0.10
0.00 7380.66
365.10 -37.16 -37.54 -41.73 315.74 264.03 59.77 0.00
6.00 7857.79
341.30 -40.66 -40.95 -45.15 316.85 264.67 66.92 0.10
7.00 8320.05
319.40 -44.06 -44.28 -48.33 318.01 265.26 72.90 0.10
32.00 8768.11
299.30 -47.26 -47.41 -50.85 319.33 265.81 77.14 0.10
94.00 9200.96
280.80 -50.46 -50.59 -54.81 320.44 265.80 79.66 0.10
49.00 9619.88
263.90 -53.56 -53.68 -59.11 321.52 264.72 80.19 0.10
0.00 10021.69
247.90 -55.76 -55.89 -63.54 323.95 264.68 81.74 0.10
0.00 10421.71
233.10 -55.76 -55.93 -66.98 329.66 265.69 82.79 0.00
0.00 10813.43
219.50 -54.76 -54.97 -67.42 336.91 264.78 81.14 -0.10
0.00 11196.84
205.60 -54.66 -54.92 -72.72 343.38 262.84 81.06 -0.10
0.00 11615.14
191.70 -55.36 -55.61 -73.19 349.19 261.52 81.70 -0.20
0.00 12062.12
177.70 -56.36 -56.60 -73.70 355.20 259.42 80.42 -0.20
0.00 12544.46
163.80 -57.56 -9999.00 -9999.00 -9999.00 257.62 79.74 -0.10
0.00 13059.90
149.80 -58.36 -9999.00 -9999.00 -9999.00 257.28 77.66 -0.10
0.00 13622.68
135.90 -58.76 -9999.00 -9999.00 -9999.00 257.42 72.24 0.00
0.00 14234.37
121.90 -58.56 -9999.00 -9999.00 -9999.00 256.75 65.25 0.10
0.00 14916.94
107.90 -57.76 -9999.00 -9999.00 -9999.00 254.21 58.55 0.10
0.00 15684.67
94.00 -57.56 -9999.00 -9999.00 -9999.00 257.62 47.13 0.10
0.00 16554.57
81.00 -58.56 -9999.00 -9999.00 -9999.00 256.06 27.43 0.00
0.00 17491.70
70.60 -60.86 -9999.00 -9999.00 -9999.00 237.14 26.13 0.00
0.00 18350.25
62.20 -60.76 -9999.00 -9999.00 -9999.00 245.66 26.86 0.00
0.00 19137.60
54.30 -59.16 -9999.00 -9999.00 -9999.00 239.34 25.52 0.00
0.00 19985.23
46.90 -56.56 -9999.00 -9999.00 -9999.00 237.37 26.30 0.00
0.00 20908.49
40.10 -55.26 -9999.00 -9999.00 -9999.00 237.93 17.19 0.00
0.00 21904.56
33.80 -57.26 -9999.00 -9999.00 -9999.00 225.00 20.88 0.00
0.00 22989.65
27.80 -56.76 -9999.00 -9999.00 -9999.00 238.95 23.35 0.00
0.00 24226.05
22.30 -54.76 -9999.00 -9999.00 -9999.00 257.68 17.31 0.00
0.00 25628.84
17.10 -53.76 -9999.00 -9999.00 -9999.00 260.67 14.37 0.00
0.00 27330.00
12.30 -50.66 -9999.00 -9999.00 -9999.00 281.77 19.06 0.00
0.00 29460.82

STID = KGJT STNM = 724760 TIME = 221026/2100 
SLAT = 39.12 SLON = -108.53 SELV = 1477.0
STIM = 9

SHOW = -9999.00 LIFT = -0.85 SWET = -9999.00 KINX = -9999.00
LCLP = 772.70 PWAT = 12.22 TOTL = -9999.00 CAPE = 194.23
LCLT = 276.06 CINS = -9.05 EQLV = 400.73 LFCT = 738.29
BRCH = 1.71

PRES TMPC TMWC DWPC THTE DRCT SKNT OMEG
CFRL HGHT
846.90 10.24 7.03 4.22 315.48 33.69 1.40 0.10
0.00 1487.81
844.40 9.94 6.79 3.99 315.18 26.57 1.73 0.10
0.00 1512.41
839.80 9.44 6.47 3.82 315.00 26.57 1.73 0.20
0.00 1557.80
831.90 8.64 6.02 3.64 314.90 16.70 2.02 0.20
0.00 1636.15
820.40 7.54 5.37 3.37 314.83 11.31 1.98 0.30
0.00 1751.16
805.70 6.14 4.52 2.99 314.73 353.66 1.77 0.30
0.00 1899.88
788.40 4.74 3.11 1.45 313.66 298.07 3.30 0.20
0.00 2077.49
769.80 3.24 1.86 0.38 313.30 266.99 7.40 0.00
0.00 2271.79
749.90 1.54 0.43 -0.84 312.81 256.43 11.60 -0.20
1.00 2483.66
727.90 -0.36 -1.32 -2.51 312.06 249.61 16.16 -0.50
4.00 2722.92
704.10 -2.36 -3.38 -4.78 311.09 245.87 20.44 -0.70
5.00 2988.05
678.20 -4.66 -5.75 -7.43 310.06 244.90 23.82 -0.80
3.00 3284.49
650.40 -6.96 -8.43 -11.12 309.00 246.80 26.63 -0.80
1.00 3612.59
620.60 -9.36 -11.09 -14.86 308.62 250.37 29.49 -0.80
0.00 3976.88
588.70 -12.26 -13.66 -17.08 309.12 252.13 31.02 -0.80
0.00 4382.55
554.40 -15.46 -17.41 -24.07 308.36 254.48 36.29 -0.80
0.00 4838.54
517.90 -18.96 -20.98 -30.43 308.84 255.31 41.38 -0.80
0.00 5349.01
482.00 -22.66 -24.46 -35.44 309.98 254.42 45.57 -0.70
0.00 5879.79
449.00 -26.36 -27.58 -35.65 311.72 255.30 49.01 -0.50
0.00 6396.08
418.80 -30.16 -30.74 -34.76 313.33 258.40 53.15 -0.30
0.00 6895.34
391.00 -33.76 -34.11 -37.02 314.57 261.22 58.57 -0.10
80.00 7380.39
365.10 -37.26 -37.56 -40.73 315.71 261.72 64.78 0.00
57.00 7857.23
341.30 -40.66 -40.90 -44.27 316.93 262.37 71.74 0.10
85.00 8319.40
319.40 -43.86 -44.07 -47.76 318.32 263.83 79.53 0.20
73.00 8767.66
299.30 -47.26 -47.43 -51.60 319.29 264.66 85.64 0.20
44.00 9200.70
280.80 -50.56 -50.67 -53.83 320.34 265.06 87.94 0.20
94.00 9619.52
263.90 -53.86 -53.92 -56.42 321.16 265.30 87.70 0.20
0.00 10020.98
247.80 -56.56 -56.64 -61.35 322.84 265.12 86.75 0.20
0.00 10422.57
233.10 -57.46 -57.56 -64.00 327.12 264.70 84.09 0.20
0.00 10809.48
219.50 -56.16 -56.33 -67.42 334.75 262.75 80.09 0.10
0.00 11190.17
205.60 -54.86 -55.11 -72.72 343.06 260.45 79.58 0.00
0.00 11606.94
191.70 -54.86 -55.13 -73.19 349.99 259.52 81.20 0.00
0.00 12054.22
177.70 -55.66 -9999.00 -9999.00 -9999.00 258.53 80.07 -0.10
0.00 12537.90
163.80 -56.76 -9999.00 -9999.00 -9999.00 256.87 77.80 -0.10
0.00 13055.12
149.80 -57.36 -9999.00 -9999.00 -9999.00 255.82 75.33 -0.10
0.00 13620.25
135.90 -57.66 -9999.00 -9999.00 -9999.00 255.54 70.80 -0.10
0.00 14234.93
121.90 -57.76 -9999.00 -9999.00 -9999.00 256.46 64.74 0.00
0.00 14920.53
107.90 -57.06 -9999.00 -9999.00 -9999.00 257.82 58.02 0.00
0.00 15690.94
94.00 -57.46 -9999.00 -9999.00 -9999.00 261.15 47.96 0.10
0.00 16562.45
81.00 -59.16 -9999.00 -9999.00 -9999.00 262.48 31.16 0.00
0.00 17498.49
70.60 -61.06 -9999.00 -9999.00 -9999.00 244.37 26.50 0.00
0.00 18355.43
62.20 -60.66 -9999.00 -9999.00 -9999.00 246.18 30.79 0.00
0.00 19142.59
54.30 -58.66 -9999.00 -9999.00 -9999.00 246.37 27.14 0.00
0.00 19991.42
46.90 -56.86 -9999.00 -9999.00 -9999.00 240.21 27.76 0.00
0.00 20915.11
40.10 -55.06 -9999.00 -9999.00 -9999.00 246.43 23.31 0.00
0.00 21910.95
33.80 -56.56 -9999.00 -9999.00 -9999.00 240.40 19.66 0.00
0.00 22998.29
27.80 -57.06 -9999.00 -9999.00 -9999.00 250.31 22.49 0.00
0.00 24235.83
22.30 -55.86 -9999.00 -9999.00 -9999.00 252.28 19.77 0.00
0.00 25634.10
17.10 -54.96 -9999.00 -9999.00 -9999.00 240.55 13.83 0.00
0.00 27326.33
12.30 -50.56 -9999.00 -9999.00 -9999.00 276.58 10.16 0.00
0.00 29451.84

STID = KGJT STNM = 724760 TIME = 221026/2200 
SLAT = 39.12 SLON = -108.53 SELV = 1477.0
STIM = 10

SHOW = -9999.00 LIFT = -1.55 SWET = -9999.00 KINX = -9999.00
LCLP = 769.56 PWAT = 11.75 TOTL = -9999.00 CAPE = 309.21
LCLT = 276.21 CINS = -15.84 EQLV = 370.44 LFCT = 717.17
BRCH = 3.02

PRES TMPC TMWC DWPC THTE DRCT SKNT OMEG
CFRL HGHT
847.10 10.74 7.35 4.43 316.28 320.19 3.03 -0.10
0.00 1487.82
844.60 10.44 7.10 4.18 315.95 323.75 3.61 0.00
0.00 1512.46
840.00 9.94 6.79 4.01 315.77 321.34 3.73 0.00
0.00 1557.93
832.10 9.24 6.36 3.80 315.75 320.53 4.27 0.10
0.00 1636.42
820.60 8.04 5.67 3.51 315.54 316.74 4.53 0.10
0.00 1751.63
805.90 6.64 4.75 2.97 315.25 310.36 5.09 0.20
0.00 1900.58
788.60 5.24 3.42 1.61 314.39 291.04 8.12 0.10
0.00 2078.46
770.00 3.84 2.02 0.08 313.64 274.76 11.69 0.00
0.00 2273.09
750.00 2.24 0.33 -1.89 312.56 263.42 15.25 -0.10
1.00 2486.47
728.10 0.54 -1.63 -4.45 311.34 255.96 18.41 -0.10
0.00 2725.21
704.20 -1.76 -3.79 -6.75 310.21 252.42 20.57 -0.10
0.00 2992.04
678.40 -4.26 -6.10 -9.13 309.31 251.10 22.79 -0.20
0.00 3287.74
650.60 -7.06 -8.67 -11.68 308.52 252.27 24.88 -0.40
0.00 3615.87
620.80 -9.76 -11.32 -14.74 308.18 253.38 27.16 -0.50
0.00 3979.69
588.80 -12.66 -14.49 -19.51 307.65 255.96 31.24 -0.60
0.00 4385.88
554.60 -15.86 -17.68 -23.96 307.88 257.37 36.42 -0.50
0.00 4839.68
518.00 -19.36 -21.25 -30.08 308.40 256.53 42.54 -0.50
0.00 5350.60
482.10 -23.06 -24.59 -33.32 309.77 254.95 47.88 -0.50
0.00 5880.45
449.10 -26.76 -27.51 -31.75 311.84 256.22 52.19 -0.50
0.00 6395.85
418.90 -30.46 -30.76 -32.65 313.30 259.08 56.39 -0.40
100.00 6894.32
391.00 -34.06 -34.29 -36.10 314.31 260.15 61.32 -0.40
100.00 7380.48
365.10 -37.56 -37.83 -40.73 315.31 259.83 67.09 -0.30
100.00 7856.73
341.40 -40.96 -41.23 -45.14 316.42 259.34 73.52 -0.30
30.00 8316.30
319.50 -44.16 -44.47 -51.04 317.69 259.45 80.61 -0.20
1.00 8763.83
299.30 -47.46 -47.72 -55.39 318.85 259.52 86.52 -0.10
0.00 9198.46
280.80 -50.86 -50.98 -54.81 319.87 260.06 88.95 0.00
84.00 9616.81
263.90 -54.26 -54.34 -57.66 320.53 261.87 89.28 0.10
0.00 10017.63
247.90 -57.16 -57.23 -61.34 321.91 263.47 88.77 0.10
0.00 10415.73
233.20 -57.46 -57.56 -63.99 327.08 261.61 83.84 0.20
0.00 10801.94
219.50 -55.66 -55.84 -67.42 335.52 257.14 80.30 0.10
0.00 11185.79
205.60 -54.46 -54.72 -72.72 343.69 256.77 83.22 0.10
0.00 11603.42
191.70 -54.26 -54.55 -73.19 350.96 259.83 85.84 0.00
0.00 12051.73
177.70 -54.76 -9999.00 -9999.00 -9999.00 261.07 82.60 -0.10
0.00 12537.07
163.80 -55.56 -9999.00 -9999.00 -9999.00 259.20 77.72 -0.10
0.00 13056.79
149.80 -56.36 -9999.00 -9999.00 -9999.00 256.25 74.40 -0.20
0.00 13624.80
135.80 -56.96 -9999.00 -9999.00 -9999.00 255.62 70.40 -0.20
0.00 14246.57
121.90 -57.26 -9999.00 -9999.00 -9999.00 259.03 63.33 -0.10
0.00 14929.43
107.90 -57.26 -9999.00 -9999.00 -9999.00 263.07 56.35 0.00
0.00 15700.37
94.00 -57.96 -9999.00 -9999.00 -9999.00 263.84 48.85 0.10
0.00 16570.47
81.00 -59.76 -9999.00 -9999.00 -9999.00 260.75 35.02 0.10
0.00 17504.11
70.60 -61.06 -9999.00 -9999.00 -9999.00 242.06 29.02 0.00
0.00 18359.85
62.20 -59.46 -9999.00 -9999.00 -9999.00 247.95 33.12 0.00
0.00 19149.23
54.30 -57.86 -9999.00 -9999.00 -9999.00 255.86 26.24 0.00
0.00 20002.04
46.90 -57.46 -9999.00 -9999.00 -9999.00 243.83 25.10 0.00
0.00 20926.16
40.10 -55.76 -9999.00 -9999.00 -9999.00 251.14 24.63 0.00
0.00 21919.02
33.80 -55.96 -9999.00 -9999.00 -9999.00 254.05 15.56 0.00
0.00 23006.10
27.80 -57.16 -9999.00 -9999.00 -9999.00 253.50 16.41 0.00
0.00 24245.08
22.30 -56.96 -9999.00 -9999.00 -9999.00 239.35 18.30 0.00
0.00 25639.47
17.10 -54.46 -9999.00 -9999.00 -9999.00 230.19 12.14 0.00
0.00 27329.37
12.30 -49.36 -9999.00 -9999.00 -9999.00 292.33 11.75 0.00
0.00 29463.08

STID = KGJT STNM = 724760 TIME = 221026/2300 
SLAT = 39.12 SLON = -108.53 SELV = 1477.0
STIM = 11

SHOW = -9999.00 LIFT = -1.80 SWET = -9999.00 KINX = -9999.00
LCLP = 769.67 PWAT = 11.68 TOTL = -9999.00 CAPE = 367.55
LCLT = 276.26 CINS = -27.70 EQLV = 362.49 LFCT = 704.72
BRCH = 3.61

PRES TMPC TMWC DWPC THTE DRCT SKNT OMEG
CFRL HGHT
846.70 10.74 7.37 4.47 316.38 348.69 0.99 0.00
0.00 1487.83
844.20 10.54 7.19 4.29 316.25 350.54 1.18 0.00
0.00 1512.49
839.60 10.14 6.91 4.09 316.15 344.05 1.42 0.10
0.00 1558.00
831.70 9.44 6.45 3.80 316.03 333.43 1.73 0.10
0.00 1636.58
820.20 8.34 5.67 3.22 315.58 315.00 2.20 0.00
0.00 1751.95
805.50 7.14 4.67 2.31 315.09 282.80 4.39 -0.20
0.00 1901.16
788.20 5.74 3.37 0.97 314.30 272.86 7.77 -0.30
0.00 2079.43
769.60 4.34 1.77 -1.06 313.11 262.41 11.75 -0.40
0.00 2274.47
749.70 2.84 0.00 -3.47 311.85 255.26 15.27 -0.40
0.00 2487.24
727.80 0.94 -1.91 -5.81 310.75 251.37 17.64 -0.30
0.00 2726.46
704.00 -1.36 -3.98 -7.95 309.84 251.03 19.72 -0.20
0.00 2992.60
678.20 -3.96 -6.15 -9.82 309.24 253.05 21.33 -0.20
0.00 3288.72
650.40 -6.96 -8.51 -11.38 308.84 257.74 22.86 -0.20
0.00 3617.20
620.60 -10.16 -11.16 -13.22 308.53 261.56 25.14 -0.20
0.00 3980.96
588.60 -13.36 -14.31 -16.67 308.01 262.30 29.00 -0.30
1.00 4386.51
554.40 -16.46 -17.96 -22.99 307.47 259.86 35.31 -0.40
0.00 4839.39
517.90 -19.76 -21.36 -28.46 308.26 257.72 42.95 -0.60
0.00 5348.09
482.00 -23.46 -24.49 -29.54 309.99 256.46 48.95 -0.80
0.00 5877.25
449.00 -27.06 -27.44 -29.40 311.98 256.63 52.91 -0.80
100.00 6392.09
418.80 -30.66 -30.80 -31.64 313.26 257.41 56.14 -0.80
100.00 6890.20
390.90 -34.26 -34.46 -36.10 314.07 257.47 60.90 -0.70
100.00 7376.08
365.10 -37.76 -38.03 -41.05 315.01 257.04 67.58 -0.60
87.00 7850.15
341.30 -40.96 -41.28 -46.11 316.37 257.15 75.12 -0.50
10.00 8311.52
319.40 -43.96 -44.31 -51.86 317.96 256.42 82.73 -0.40
0.00 8759.38
299.30 -47.36 -47.65 -56.65 318.95 254.20 87.00 -0.20
0.00 9192.22
280.80 -50.96 -51.15 -58.62 319.60 254.09 87.86 0.00
0.00 9610.56
263.90 -54.46 -54.53 -57.66 320.24 257.25 88.03 0.10
0.00 10011.10
247.90 -57.26 -57.33 -61.34 321.76 260.06 87.76 0.30
0.00 10408.92
233.20 -57.16 -57.27 -63.99 327.54 257.83 83.86 0.30
0.00 10795.32
219.50 -55.76 -55.94 -67.42 335.37 254.66 82.98 0.40
0.00 11179.35
205.60 -54.46 -54.72 -72.72 343.69 257.47 85.96 0.40
0.00 11596.88
191.70 -54.06 -54.36 -73.19 351.28 262.23 86.27 0.40
0.00 12045.39
177.70 -54.16 -9999.00 -9999.00 -9999.00 262.77 81.84 0.30
0.00 12531.62
163.80 -54.56 -9999.00 -9999.00 -9999.00 259.39 78.07 0.20
0.00 13053.25
149.80 -55.26 -9999.00 -9999.00 -9999.00 256.89 75.39 -0.10
0.00 13624.00
135.90 -55.96 -9999.00 -9999.00 -9999.00 257.92 70.51 -0.30
0.00 14244.10
121.90 -56.86 -9999.00 -9999.00 -9999.00 263.16 62.02 -0.30
0.00 14933.84
107.90 -58.06 -9999.00 -9999.00 -9999.00 268.24 50.72 -0.20
0.00 15704.07
94.00 -59.46 -9999.00 -9999.00 -9999.00 264.76 42.52 0.10
0.00 16569.52
81.00 -60.66 -9999.00 -9999.00 -9999.00 255.68 38.50 0.10
0.00 17497.94
70.60 -60.86 -9999.00 -9999.00 -9999.00 236.88 32.71 0.10
0.00 18352.27
62.20 -58.86 -9999.00 -9999.00 -9999.00 249.04 32.03 0.00
0.00 19143.14
54.30 -58.16 -9999.00 -9999.00 -9999.00 265.20 23.19 0.00
0.00 19996.54
46.90 -58.66 -9999.00 -9999.00 -9999.00 256.36 20.59 0.00
0.00 20917.44
40.10 -57.26 -9999.00 -9999.00 -9999.00 251.57 20.88 0.00
0.00 21904.11
33.80 -55.66 -9999.00 -9999.00 -9999.00 240.46 13.40 0.00
0.00 22988.20
27.80 -56.56 -9999.00 -9999.00 -9999.00 240.26 12.53 0.00
0.00 24229.74
22.30 -57.06 -9999.00 -9999.00 -9999.00 246.61 15.66 0.00
0.00 25625.76
17.10 -54.96 -9999.00 -9999.00 -9999.00 259.61 11.85 0.00
0.00 27313.32
12.30 -50.16 -9999.00 -9999.00 -9999.00 281.09 10.10 0.00
0.00 29440.76

STID = KGJT STNM = 724760 TIME = 221027/0000 
SLAT = 39.12 SLON = -108.53 SELV = 1477.0
STIM = 12

SHOW = -9999.00 LIFT = -2.16 SWET = -9999.00 KINX = -9999.00
LCLP = 793.83 PWAT = 11.85 TOTL = -9999.00 CAPE = 378.88
LCLT = 278.03 CINS = -38.73 EQLV = 364.94 LFCT = 697.31
BRCH = 2.86

PRES TMPC TMWC DWPC THTE DRCT SKNT OMEG
CFRL HGHT
845.60 9.94 7.67 5.79 317.35 106.50 5.48 0.20
0.00 1487.82
843.10 10.14 7.26 4.81 316.60 104.83 6.84 0.30
0.00 1512.46
838.50 9.94 6.86 4.17 316.17 106.86 6.70 0.30
0.00 1557.98
830.60 9.34 6.28 3.54 315.74 111.04 5.42 0.30
0.00 1636.63
819.10 8.54 5.56 2.81 315.47 116.57 3.48 0.20
0.00 1752.16
804.50 7.44 4.54 1.73 314.91 195.26 2.21 0.00
0.00 1900.67
787.20 6.24 3.17 -0.03 313.95 234.87 6.41 -0.10
0.00 2079.38
768.70 4.74 1.58 -2.03 312.75 240.64 10.70 -0.20
0.00 2273.89
748.80 3.14 -0.00 -3.90 311.95 242.06 14.51 -0.20
0.00 2487.15
727.00 1.04 -1.87 -5.82 310.97 244.59 17.21 -0.20
0.00 2725.71
703.20 -1.26 -3.81 -7.62 310.29 247.77 19.52 -0.10
0.00 2992.26
677.40 -3.86 -5.89 -9.19 309.88 252.71 21.56 0.10
0.00 3288.86
649.70 -6.86 -8.19 -10.55 309.57 257.77 23.85 0.10
0.00 3616.67
620.00 -10.16 -10.91 -12.43 309.06 261.41 27.31 0.10
0.00 3979.69
588.10 -13.56 -14.22 -15.83 308.25 262.33 30.57 0.00
7.00 4384.22
553.90 -16.86 -17.88 -21.08 307.70 261.96 36.09 -0.10
0.00 4837.01
517.60 -20.36 -21.40 -25.53 308.29 259.95 43.40 -0.40
0.00 5342.38
481.70 -23.86 -24.46 -27.17 310.11 257.23 49.20 -0.70
6.00 5870.87
448.80 -27.26 -27.58 -29.27 311.80 255.04 52.68 -0.90
100.00 6383.83
418.60 -30.66 -30.95 -32.83 313.07 254.36 55.48 -1.10
100.00 6881.95
390.80 -34.26 -34.57 -37.27 313.92 255.07 60.31 -1.10
100.00 7366.25
365.00 -37.76 -38.03 -41.05 315.03 256.08 67.85 -1.00
94.00 7840.44
341.30 -40.96 -41.18 -44.27 316.52 256.65 74.86 -1.00
88.00 8299.94
319.40 -44.16 -44.40 -48.94 317.83 255.66 79.99 -0.80
10.00 8747.62
299.30 -47.36 -47.65 -56.65 318.95 253.65 82.79 -0.60
0.00 9180.27
280.80 -50.76 -51.01 -62.59 319.81 252.49 83.92 -0.40
0.00 9598.80
263.90 -54.36 -54.46 -59.11 320.34 253.28 84.38 -0.20
0.00 9999.61
247.90 -57.06 -57.11 -59.61 322.10 254.87 84.11 0.00
0.00 10397.70
233.20 -57.36 -57.46 -63.99 327.23 253.96 82.26 0.20
0.00 10784.10
219.50 -55.86 -56.04 -67.42 335.21 254.05 83.43 0.40
0.00 11167.86
205.60 -54.36 -54.63 -72.72 343.85 258.56 84.23 0.60
0.00 11585.40
191.70 -53.46 -53.78 -73.19 352.24 262.49 81.70 0.70
0.00 12034.63
177.70 -53.06 -9999.00 -9999.00 -9999.00 263.09 77.49 0.60
0.00 12522.74
163.80 -53.86 -9999.00 -9999.00 -9999.00 262.69 74.81 0.30
0.00 13046.52
149.80 -55.06 -9999.00 -9999.00 -9999.00 263.54 72.53 0.10
0.00 13618.45
135.90 -55.86 -9999.00 -9999.00 -9999.00 264.85 67.09 -0.10
0.00 14238.97
121.90 -56.56 -9999.00 -9999.00 -9999.00 265.27 56.53 -0.30
0.00 14929.35
107.90 -57.66 -9999.00 -9999.00 -9999.00 265.84 42.85 -0.20
0.00 15700.83
94.00 -59.66 -9999.00 -9999.00 -9999.00 263.37 33.64 0.00
0.00 16566.69
81.00 -60.76 -9999.00 -9999.00 -9999.00 251.25 33.84 0.10
0.00 17494.45
70.60 -59.86 -9999.00 -9999.00 -9999.00 240.82 34.27 0.10
0.00 18350.59
62.20 -57.26 -9999.00 -9999.00 -9999.00 253.47 31.41 0.00
0.00 19146.28
54.30 -58.36 -9999.00 -9999.00 -9999.00 273.07 21.79 -0.10
0.00 20002.46
46.90 -58.56 -9999.00 -9999.00 -9999.00 254.28 20.78 0.00
0.00 20923.15
40.10 -56.46 -9999.00 -9999.00 -9999.00 251.89 21.87 0.00
0.00 21911.88
33.80 -55.36 -9999.00 -9999.00 -9999.00 250.08 14.26 0.00
0.00 22998.72
27.80 -56.56 -9999.00 -9999.00 -9999.00 248.20 13.60 0.00
0.00 24241.12
22.30 -56.96 -9999.00 -9999.00 -9999.00 248.20 21.97 0.00
0.00 25637.46
17.10 -53.56 -9999.00 -9999.00 -9999.00 258.41 15.46 0.00
0.00 27330.85
12.30 -49.76 -9999.00 -9999.00 -9999.00 263.85 12.70 0.00
0.00 29466.97

STID = KGJT STNM = 724760 TIME = 221027/0100 
SLAT = 39.12 SLON = -108.53 SELV = 1477.0
STIM = 13

SHOW = -9999.00 LIFT = -2.21 SWET = -9999.00 KINX = -9999.00
LCLP = 795.01 PWAT = 12.00 TOTL = -9999.00 CAPE = 352.64
LCLT = 277.34 CINS = -48.52 EQLV = 358.48 LFCT = 688.57
BRCH = 2.33

PRES TMPC TMWC DWPC THTE DRCT SKNT OMEG
CFRL HGHT
845.80 9.14 6.96 5.08 315.47 116.57 4.78 0.20
0.00 1487.78
843.30 9.64 6.92 4.55 315.68 124.08 7.96 0.20
0.00 1512.36
838.70 9.74 6.52 3.63 315.25 124.90 10.18 0.20
0.00 1557.81
830.80 9.44 5.98 2.77 314.92 124.82 10.88 0.20
0.00 1636.41
819.30 8.64 5.45 2.47 315.16 126.87 9.71 0.10
0.00 1751.94
804.60 7.54 4.60 1.76 315.04 149.04 5.67 -0.10
0.00 1901.48
787.40 6.34 3.33 0.23 314.31 202.38 7.15 -0.30
0.00 2079.20
768.80 4.94 1.84 -1.62 313.36 225.00 10.99 -0.50
0.00 2274.84
749.00 3.24 0.21 -3.48 312.40 235.45 14.39 -0.60
0.00 2487.12
727.10 1.24 -1.57 -5.29 311.60 242.85 17.04 -0.60
0.00 2726.88
703.30 -1.16 -3.53 -6.96 310.87 249.04 19.56 -0.60
0.00 2993.56
677.50 -3.76 -5.53 -8.31 310.58 255.23 22.11 -0.40
0.00 3290.25
649.80 -6.86 -7.91 -9.72 310.09 260.54 24.81 -0.20
0.00 3618.11
620.10 -10.16 -10.91 -12.43 309.05 261.81 27.27 -0.10
0.00 3981.09
588.20 -13.46 -14.33 -16.47 308.05 260.78 30.30 0.00
1.00 4385.62
554.00 -16.96 -17.86 -20.64 307.72 258.99 36.62 -0.20
0.00 4838.33
517.60 -20.46 -21.26 -24.29 308.52 258.10 44.27 -0.50
2.00 5344.87
481.80 -23.76 -24.38 -27.17 310.22 257.84 48.87 -0.80
10.00 5871.85
448.80 -27.26 -27.73 -30.29 311.57 256.54 51.73 -1.00
63.00 6386.40
418.60 -30.86 -31.23 -33.75 312.64 254.56 54.00 -1.10
88.00 6884.31
390.80 -34.66 -35.00 -38.04 313.29 253.82 57.85 -1.10
67.00 7367.99
365.00 -38.26 -38.58 -42.46 314.22 254.53 64.10 -0.90
21.00 7841.27
341.30 -41.56 -41.86 -46.62 315.52 255.28 71.10 -0.70
34.00 8299.68
319.40 -44.66 -44.89 -49.59 317.10 255.05 76.81 -0.60
5.00 8746.28
299.30 -47.76 -47.93 -52.41 318.54 253.60 81.20 -0.40
22.00 9178.08
280.80 -50.96 -51.10 -55.91 319.68 251.48 84.40 -0.40
5.00 9596.06
263.90 -54.06 -54.14 -57.66 320.82 250.29 85.84 -0.30
0.00 9996.96
247.90 -56.06 -56.13 -59.61 323.59 250.03 84.73 -0.20
0.00 10396.25
233.20 -56.56 -56.68 -63.99 328.45 250.20 82.58 0.00
0.00 10784.26
219.50 -55.36 -55.55 -67.42 335.99 252.43 81.10 0.20
0.00 11169.17
205.60 -54.06 -54.34 -72.72 344.32 257.49 79.80 0.40
0.00 11587.47
191.70 -53.36 -53.68 -73.19 352.40 262.55 76.40 0.50
0.00 12037.11
177.70 -53.36 -9999.00 -9999.00 -9999.00 264.86 71.58 0.40
0.00 12525.00
163.80 -54.16 -9999.00 -9999.00 -9999.00 264.81 68.67 0.30
0.00 13048.07
149.80 -55.36 -9999.00 -9999.00 -9999.00 266.49 66.55 0.20
0.00 13619.21
135.90 -56.16 -9999.00 -9999.00 -9999.00 269.10 61.97 0.00
0.00 14238.88
121.90 -56.66 -9999.00 -9999.00 -9999.00 267.48 53.09 -0.10
0.00 14928.62
107.90 -57.36 -9999.00 -9999.00 -9999.00 260.72 40.95 -0.10
0.00 15700.46
94.00 -58.96 -9999.00 -9999.00 -9999.00 254.31 29.45 0.00
0.00 16568.33
81.00 -60.56 -9999.00 -9999.00 -9999.00 245.52 28.59 0.10
0.00 17498.06
70.60 -59.36 -9999.00 -9999.00 -9999.00 246.43 31.59 0.00
0.00 18355.60
62.20 -57.36 -9999.00 -9999.00 -9999.00 259.70 26.07 0.00
0.00 19152.03
54.30 -58.76 -9999.00 -9999.00 -9999.00 263.80 17.97 0.00
0.00 20007.22
46.90 -58.06 -9999.00 -9999.00 -9999.00 237.26 19.41 0.00
0.00 20928.12
40.10 -55.36 -9999.00 -9999.00 -9999.00 249.44 18.26 0.00
0.00 21920.53
33.80 -55.46 -9999.00 -9999.00 -9999.00 265.31 11.89 0.00
0.00 23009.87
27.80 -57.16 -9999.00 -9999.00 -9999.00 246.04 13.38 0.00
0.00 24250.27
22.30 -56.56 -9999.00 -9999.00 -9999.00 241.74 20.51 0.00
0.00 25645.96
17.10 -53.06 -9999.00 -9999.00 -9999.00 250.75 12.96 0.00
0.00 27342.85
12.30 -50.26 -9999.00 -9999.00 -9999.00 241.46 12.61 0.00
0.00 29478.97

STID = KGJT STNM = 724760 TIME = 221027/0200 
SLAT = 39.12 SLON = -108.53 SELV = 1477.0
STIM = 14

SHOW = -9999.00 LIFT = -2.16 SWET = -9999.00 KINX = -9999.00
LCLP = 773.21 PWAT = 12.26 TOTL = -9999.00 CAPE = 325.07
LCLT = 275.44 CINS = -47.22 EQLV = 354.40 LFCT = 689.72
BRCH = 2.84

PRES TMPC TMWC DWPC THTE DRCT SKNT OMEG
CFRL HGHT
845.80 9.44 6.36 3.56 313.92 132.51 3.17 0.10
0.00 1486.81
843.30 9.74 6.33 3.20 314.15 147.80 6.20 0.00
0.00 1511.39
838.70 9.74 6.02 2.52 313.96 147.03 8.57 -0.10
0.00 1556.84
830.80 9.54 5.57 1.73 313.86 146.93 9.97 -0.30
0.00 1635.43
819.30 8.84 5.17 1.62 314.43 150.95 10.00 -0.50
0.00 1751.00
804.60 7.74 4.47 1.26 314.71 170.75 8.47 -0.70
0.00 1900.62
787.40 6.44 3.27 -0.03 314.15 202.52 8.62 -1.00
0.00 2078.42
768.80 4.84 1.78 -1.65 313.21 224.31 11.40 -1.20
0.00 2274.06
749.00 3.14 0.24 -3.25 312.48 233.45 14.02 -1.20
0.00 2486.26
727.10 1.04 -1.45 -4.68 311.86 240.88 15.56 -1.20
0.00 2725.91
703.30 -1.46 -3.32 -5.92 311.32 249.68 16.78 -1.00
0.00 2992.38
677.50 -4.26 -5.30 -6.86 311.06 257.74 18.28 -0.90
0.00 3288.69
649.80 -7.36 -7.85 -8.68 310.22 262.33 20.38 -0.80
4.00 3616.00
620.10 -10.26 -10.85 -12.02 309.17 260.39 24.44 -0.90
8.00 3978.60
588.20 -13.16 -13.86 -15.51 308.87 253.96 30.92 -1.00
4.00 4383.31
554.00 -16.56 -17.31 -19.49 308.64 250.45 37.72 -1.10
3.00 4836.68
517.60 -20.36 -20.97 -23.16 309.00 254.13 42.62 -1.20
22.00 5343.75
481.80 -24.26 -24.70 -26.68 309.72 259.37 45.26 -1.10
97.00 5870.34
448.80 -27.96 -28.36 -30.60 310.61 258.87 47.32 -1.00
100.00 6383.65
418.60 -31.66 -32.01 -34.55 311.47 255.21 50.23 -0.80
100.00 6880.02
390.80 -35.26 -35.55 -38.31 312.47 252.28 54.25 -0.70
97.00 7362.28
365.00 -38.86 -39.13 -42.46 313.42 251.80 59.71 -0.40
74.00 7834.36
341.30 -42.36 -42.58 -46.11 314.46 253.46 66.86 -0.20
59.00 8291.40
319.40 -45.66 -45.84 -49.59 315.71 254.76 73.89 0.00
51.00 8736.25
299.30 -48.86 -49.01 -53.30 316.95 253.82 79.49 0.10
36.00 9166.05
280.80 -51.76 -51.87 -55.91 318.53 251.77 85.08 0.10
0.00 9582.25
263.90 -54.16 -54.24 -57.66 320.68 250.02 88.68 0.00
0.00 9982.34
247.90 -54.86 -55.01 -63.54 325.29 249.58 86.85 0.00
0.00 10382.63
233.20 -53.86 -54.08 -66.98 332.50 250.93 82.63 0.00
0.00 10774.12
219.50 -52.76 -53.06 -72.27 339.95 254.81 79.31 0.10
0.00 11163.73
205.60 -52.76 -53.08 -72.72 346.36 259.35 75.70 0.10
0.00 11585.76
191.70 -52.96 -53.30 -73.19 353.04 262.14 70.98 0.20
0.00 12037.15
177.70 -53.36 -9999.00 -9999.00 -9999.00 263.94 66.22 0.20
0.00 12525.48
163.80 -54.36 -9999.00 -9999.00 -9999.00 264.69 63.01 0.30
0.00 13048.30
149.80 -55.66 -9999.00 -9999.00 -9999.00 265.46 61.38 0.20
0.00 13618.80
135.90 -56.36 -9999.00 -9999.00 -9999.00 267.91 58.51 0.20
0.00 14237.75
121.90 -56.36 -9999.00 -9999.00 -9999.00 268.08 52.10 0.10
0.00 14927.65
107.90 -56.56 -9999.00 -9999.00 -9999.00 261.76 42.00 -0.10
0.00 15701.45
94.00 -58.16 -9999.00 -9999.00 -9999.00 255.96 30.44 -0.10
0.00 16572.56
81.00 -60.86 -9999.00 -9999.00 -9999.00 243.83 25.10 0.00
0.00 17503.37
70.60 -59.36 -9999.00 -9999.00 -9999.00 249.27 30.73 0.00
0.00 18360.31
62.20 -56.76 -9999.00 -9999.00 -9999.00 263.95 25.78 0.00
0.00 19157.86
54.30 -57.56 -9999.00 -9999.00 -9999.00 260.54 15.37 0.00
0.00 20016.62
46.90 -56.66 -9999.00 -9999.00 -9999.00 250.88 15.42 0.00
0.00 20943.10
40.10 -56.56 -9999.00 -9999.00 -9999.00 289.65 11.56 0.00
0.00 21935.96
33.80 -57.86 -9999.00 -9999.00 -9999.00 267.84 10.30 0.00
0.00 23016.29
27.80 -57.06 -9999.00 -9999.00 -9999.00 232.72 16.36 0.00
0.00 24250.12
22.30 -54.26 -9999.00 -9999.00 -9999.00 250.25 16.10 0.00
0.00 25653.55
17.10 -51.86 -9999.00 -9999.00 -9999.00 280.78 12.45 0.00
0.00 27364.04
12.30 -50.16 -9999.00 -9999.00 -9999.00 259.27 18.78 0.00
0.00 29506.43

STID = KGJT STNM = 724760 TIME = 221027/0300 
SLAT = 39.12 SLON = -108.53 SELV = 1477.0
STIM = 15

SHOW = -9999.00 LIFT = -1.54 SWET = -9999.00 KINX = -9999.00
LCLP = 765.16 PWAT = 11.37 TOTL = -9999.00 CAPE = 180.14
LCLT = 274.24 CINS = -53.26 EQLV = 386.87 LFCT = 667.38
BRCH = 3.26

PRES TMPC TMWC DWPC THTE DRCT SKNT OMEG
CFRL HGHT
845.60 9.04 5.70 2.50 312.28 131.19 4.14 0.00
0.00 1487.77
843.10 9.54 5.70 1.99 312.59 172.09 7.05 -0.30
0.00 1512.33
838.50 9.64 5.43 1.26 312.50 187.52 10.39 -0.70
0.00 1557.75
830.70 9.54 4.98 0.31 312.40 200.45 12.24 -1.10
0.00 1635.33
819.10 8.94 4.35 -0.51 312.39 211.55 13.00 -1.60
0.00 1751.89
804.50 7.84 3.47 -1.32 312.24 222.17 13.89 -1.90
0.00 1900.51
787.30 6.34 2.32 -2.28 311.89 230.60 14.08 -2.00
0.00 2078.24
768.70 4.64 1.06 -3.24 311.56 237.22 13.64 -1.80
0.00 2273.72
748.90 2.74 -0.34 -4.25 311.19 246.12 12.96 -1.50
0.00 2485.68
727.10 0.74 -1.81 -5.22 311.08 256.61 12.59 -1.10
0.00 2723.91
703.30 -1.66 -3.67 -6.57 310.59 265.30 14.22 -0.80
0.00 2990.11
677.50 -4.46 -5.96 -8.35 309.74 266.23 17.72 -0.90
0.00 3286.15
649.80 -7.26 -8.42 -10.50 309.12 259.65 22.71 -1.20
0.00 3613.33
620.00 -10.06 -10.85 -12.43 309.18 251.44 28.07 -1.40
0.00 3977.33
588.20 -13.16 -13.74 -15.09 309.08 244.05 32.40 -1.60
5.00 4380.96
554.00 -16.86 -17.29 -18.51 308.68 240.56 36.36 -1.80
58.00 4834.09
517.60 -20.76 -21.12 -22.40 308.76 245.48 38.85 -1.80
100.00 5340.49
481.80 -24.86 -25.17 -26.56 309.00 252.24 42.02 -1.80
100.00 5866.05
448.80 -28.56 -28.88 -30.76 309.82 254.72 45.71 -1.60
100.00 6378.11
418.60 -32.16 -32.44 -34.55 310.83 253.71 49.18 -1.40
100.00 6873.36
390.80 -35.76 -36.00 -38.31 311.81 251.17 52.95 -1.20
100.00 7354.62
365.00 -39.46 -39.65 -42.09 312.65 249.60 57.40 -1.00
100.00 7825.60
341.30 -43.16 -43.32 -46.11 313.37 250.32 62.30 -0.60
100.00 8281.26
319.40 -46.76 -46.90 -50.29 314.14 251.62 67.13 -0.30
100.00 8724.26
299.30 -49.86 -49.97 -53.30 315.54 250.90 73.60 0.00
96.00 9152.07
280.80 -52.56 -52.62 -54.81 317.42 249.62 83.10 0.10
0.00 9566.59
263.90 -54.26 -54.36 -59.11 320.49 248.94 88.68 0.20
0.00 9965.86
247.90 -54.06 -54.26 -66.54 326.44 249.88 87.51 0.20
0.00 10366.79
233.20 -52.96 -53.21 -66.98 333.86 252.69 81.58 0.20
0.00 10759.80
219.50 -52.06 -52.39 -72.27 341.03 256.11 74.44 0.20
0.00 11150.83
205.60 -51.86 -52.22 -72.72 347.78 259.93 68.86 0.20
0.00 11574.39
191.70 -52.26 -9999.00 -9999.00 -9999.00 262.55 64.45 0.20
0.00 12027.41
177.70 -52.86 -9999.00 -9999.00 -9999.00 262.74 61.48 0.20
0.00 12517.08
163.80 -53.66 -9999.00 -9999.00 -9999.00 263.41 59.25 0.10
0.00 13041.33
149.80 -54.86 -9999.00 -9999.00 -9999.00 266.29 57.03 0.10
0.00 13613.78
135.90 -55.76 -9999.00 -9999.00 -9999.00 269.17 53.81 0.10
0.00 14234.74
121.90 -56.46 -9999.00 -9999.00 -9999.00 269.77 48.56 0.00
0.00 14925.43
107.90 -57.26 -9999.00 -9999.00 -9999.00 266.81 41.82 -0.10
0.00 15697.80
94.00 -58.36 -9999.00 -9999.00 -9999.00 261.63 33.37 -0.10
0.00 16567.09
81.00 -60.86 -9999.00 -9999.00 -9999.00 242.37 23.47 0.00
0.00 17497.47
70.60 -59.76 -9999.00 -9999.00 -9999.00 248.27 29.90 0.10
0.00 18353.61
62.20 -56.16 -9999.00 -9999.00 -9999.00 262.93 26.83 0.00
0.00 19151.52
54.30 -57.16 -9999.00 -9999.00 -9999.00 275.71 11.71 0.00
0.00 20012.28
46.90 -57.56 -9999.00 -9999.00 -9999.00 249.59 8.92 0.00
0.00 20937.68
40.10 -58.86 -9999.00 -9999.00 -9999.00 223.15 4.25 0.00
0.00 21923.20
33.80 -58.26 -9999.00 -9999.00 -9999.00 223.45 15.25 0.00
0.00 22996.78
27.80 -55.56 -9999.00 -9999.00 -9999.00 240.32 20.78 0.00
0.00 24233.76
22.30 -54.96 -9999.00 -9999.00 -9999.00 280.86 14.43 0.00
0.00 25639.77
17.10 -53.46 -9999.00 -9999.00 -9999.00 269.08 12.04 0.00
0.00 27341.33
12.30 -49.76 -9999.00 -9999.00 -9999.00 271.17 19.04 0.00
0.00 29477.93

STID = KGJT STNM = 724760 TIME = 221027/0400 
SLAT = 39.12 SLON = -108.53 SELV = 1477.0
STIM = 16

SHOW = -9999.00 LIFT = -0.97 SWET = -9999.00 KINX = -9999.00
LCLP = 761.18 PWAT = 11.65 TOTL = -9999.00 CAPE = 119.94
LCLT = 273.53 CINS = -40.57 EQLV = 393.27 LFCT = 671.23
BRCH = 5.93

PRES TMPC TMWC DWPC THTE DRCT SKNT OMEG
CFRL HGHT
845.80 8.74 5.28 1.85 311.21 287.53 3.87 0.10
0.00 1486.78
843.30 8.94 5.24 1.56 311.44 251.08 7.19 -0.30
0.00 1511.29
838.70 9.04 5.03 0.96 311.50 239.74 10.80 -1.00
0.00 1556.60
830.90 8.84 4.56 0.07 311.36 239.62 13.05 -1.80
0.00 1633.97
819.40 8.24 3.88 -0.85 311.24 247.13 13.50 -2.60
0.00 1749.21
804.80 7.14 2.98 -1.72 311.05 258.20 13.29 -3.10
0.00 1897.39
787.50 5.54 1.87 -2.41 310.85 266.63 13.23 -3.40
0.00 2075.61
769.00 3.94 0.77 -3.06 310.88 273.42 13.03 -3.50
0.00 2269.45
749.10 1.94 -0.58 -3.76 310.66 280.82 13.44 -3.20
0.00 2481.84
727.30 -0.36 -2.00 -4.15 310.67 283.84 13.81 -2.70
0.00 2719.22
703.50 -2.66 -3.71 -5.18 310.50 282.62 13.34 -1.80
0.00 2984.38
677.70 -5.16 -6.02 -7.36 309.61 272.90 15.37 -1.00
0.00 3279.46
649.90 -7.66 -8.48 -9.94 308.99 259.96 18.94 -0.40
0.00 3607.10
620.20 -10.36 -11.01 -12.32 308.86 247.38 22.73 -0.20
2.00 3969.33
588.30 -13.26 -13.72 -14.79 309.09 239.04 27.18 -0.40
21.00 4373.83
554.10 -16.66 -16.98 -17.86 309.19 234.50 32.44 -1.00
100.00 4826.98
517.70 -20.66 -20.95 -21.95 309.02 237.17 35.84 -1.50
100.00 5333.61
481.80 -24.96 -25.25 -26.56 308.88 244.63 37.63 -1.80
100.00 5860.59
448.90 -29.16 -29.45 -31.24 308.94 250.61 40.37 -1.70
100.00 6370.32
418.70 -32.86 -33.14 -35.41 309.77 249.34 38.00 -1.30
100.00 6864.11
390.90 -36.36 -36.61 -39.15 310.90 248.62 44.23 -0.80
100.00 7343.94
365.10 -40.06 -40.25 -42.84 311.75 248.46 54.51 -0.50
100.00 7813.58
341.30 -43.86 -44.01 -46.62 312.38 246.78 59.62 -0.30
100.00 8269.82
319.40 -47.66 -47.76 -50.29 312.90 245.42 62.59 -0.20
100.00 8711.27
299.30 -50.56 -50.65 -53.30 314.55 244.86 69.95 0.00
35.00 9137.55
280.80 -52.76 -52.82 -54.81 317.13 246.14 81.14 0.10
0.00 9551.23
263.90 -53.76 -53.90 -60.86 321.18 247.54 84.93 0.20
0.00 9950.77
247.90 -53.06 -53.27 -63.54 327.98 249.24 81.64 0.20
0.00 10353.08
233.20 -51.86 -52.15 -66.98 335.53 251.61 75.74 0.10
0.00 10747.97
219.50 -51.16 -51.53 -72.27 342.42 254.74 68.67 0.10
0.00 11140.77
205.60 -51.16 -51.55 -72.72 348.88 258.83 63.17 0.00
0.00 11565.87
191.70 -51.66 -9999.00 -9999.00 -9999.00 262.59 58.76 0.00
0.00 12020.22
177.70 -52.66 -9999.00 -9999.00 -9999.00 263.20 55.75 0.00
0.00 12510.77
163.80 -53.66 -9999.00 -9999.00 -9999.00 262.22 54.51 0.00
0.00 13035.26
149.80 -54.76 -9999.00 -9999.00 -9999.00 263.41 54.16 0.10
0.00 13607.85
135.90 -55.66 -9999.00 -9999.00 -9999.00 267.40 51.34 0.10
0.00 14229.09
121.90 -56.66 -9999.00 -9999.00 -9999.00 269.51 45.45 0.00
0.00 14919.62
108.00 -57.36 -9999.00 -9999.00 -9999.00 268.88 39.63 0.00
0.00 15685.59
94.00 -57.96 -9999.00 -9999.00 -9999.00 265.12 31.97 0.00
0.00 16561.33
81.00 -59.96 -9999.00 -9999.00 -9999.00 253.55 21.27 0.00
0.00 17494.54
70.60 -59.56 -9999.00 -9999.00 -9999.00 254.67 27.19 0.00
0.00 18352.89
62.20 -56.36 -9999.00 -9999.00 -9999.00 265.57 25.14 0.00
0.00 19150.81
54.30 -57.46 -9999.00 -9999.00 -9999.00 281.77 9.52 0.00
0.00 20010.57
46.90 -58.66 -9999.00 -9999.00 -9999.00 236.31 7.01 0.00
0.00 20932.97
40.10 -58.96 -9999.00 -9999.00 -9999.00 212.11 11.69 0.00
0.00 21915.75
33.80 -57.56 -9999.00 -9999.00 -9999.00 221.68 18.98 0.00
0.00 22990.83
27.80 -55.36 -9999.00 -9999.00 -9999.00 244.98 19.29 0.00
0.00 24230.37
22.30 -56.16 -9999.00 -9999.00 -9999.00 282.68 7.96 0.00
0.00 25633.16
17.10 -53.96 -9999.00 -9999.00 -9999.00 252.18 11.42 0.00
0.00 27328.11
12.30 -49.26 -9999.00 -9999.00 -9999.00 285.62 18.76 0.00
0.00 29464.71

STID = KGJT STNM = 724760 TIME = 221027/0500 
SLAT = 39.12 SLON = -108.53 SELV = 1477.0
STIM = 17

SHOW = -9999.00 LIFT = 1.88 SWET = -9999.00 KINX = -9999.00
LCLP = 788.20 PWAT = 11.59 TOTL = -9999.00 CAPE = 0.00
LCLT = 272.70 CINS = 0.00 EQLV = -9999.00 LFCT = -9999.00
BRCH = 0.00

PRES TMPC TMWC DWPC THTE DRCT SKNT OMEG
CFRL HGHT
847.30 5.24 3.02 0.55 305.81 3.30 10.12 0.80
0.00 1486.64
844.80 5.24 2.75 -0.09 305.50 7.55 16.26 1.20
0.00 1510.79
840.20 4.94 2.36 -0.66 305.20 7.63 19.02 1.50
0.00 1555.37
832.30 4.44 1.71 -1.60 304.76 2.60 21.39 1.60
0.00 1632.40
820.80 3.74 0.90 -2.71 304.44 354.47 24.20 1.50
0.00 1745.58
806.10 2.74 0.21 -3.06 304.82 347.47 25.08 1.10
0.00 1892.12
788.80 1.44 -0.29 -2.49 305.99 339.70 20.71 0.40
0.00 2067.33
770.20 0.44 -0.40 -1.44 308.21 331.16 15.31 -0.40
0.00 2259.27
750.30 -0.46 -0.93 -1.53 309.77 304.90 10.18 -0.90
3.00 2469.14
728.40 -1.56 -2.10 -2.81 310.32 267.56 9.13 -1.10
5.00 2705.75
704.50 -3.36 -4.10 -5.16 309.56 255.96 11.21 -0.90
2.00 2970.73
678.70 -5.56 -6.43 -7.83 308.65 250.25 16.10 -0.70
0.00 3264.77
650.80 -7.76 -8.62 -10.16 308.60 245.93 21.91 -0.80
0.00 3592.80
621.00 -10.16 -10.91 -12.41 308.92 242.32 26.77 -1.00
0.00 3955.82
589.00 -12.86 -13.53 -15.07 309.32 239.64 31.51 -1.20
4.00 4361.54
554.70 -16.36 -16.92 -18.49 309.17 239.81 34.38 -1.30
60.00 4816.10
518.20 -20.66 -21.16 -22.95 308.59 244.61 33.97 -1.20
98.00 5323.87
482.20 -25.16 -25.57 -27.55 308.30 247.71 33.80 -1.00
100.00 5851.60
449.20 -29.16 -29.52 -31.75 308.78 248.01 33.72 -1.00
100.00 6362.27
418.90 -33.16 -33.41 -35.41 309.34 247.99 40.44 -1.20
100.00 6857.11
391.10 -36.86 -37.04 -38.86 310.23 245.46 46.78 -1.20
100.00 7335.89
365.20 -40.36 -40.51 -42.45 311.36 243.14 51.17 -1.10
100.00 7806.37
341.40 -43.96 -44.07 -46.10 312.25 243.53 54.47 -0.80
100.00 8262.09
319.50 -47.66 -47.74 -49.59 312.90 243.78 57.60 -0.70
100.00 8703.31
299.30 -50.96 -51.01 -52.41 314.02 243.59 63.77 -0.50
0.00 9131.26
280.90 -53.46 -53.50 -54.81 316.09 243.92 71.15 -0.30
0.00 9541.62
263.90 -53.86 -54.00 -60.86 321.04 244.86 73.60 -0.20
0.00 9942.72
247.90 -52.56 -52.81 -66.54 328.68 248.66 71.52 0.00
0.00 10345.39
233.20 -51.56 -51.89 -71.86 335.94 252.43 68.86 0.10
0.00 10740.99
219.50 -51.26 -51.62 -72.27 342.26 256.17 65.02 0.20
0.00 11133.97
205.60 -51.56 -51.93 -72.72 348.25 260.41 59.50 0.20
0.00 11558.58
191.70 -51.86 -9999.00 -9999.00 -9999.00 261.84 54.76 0.30
0.00 12012.32
177.70 -52.06 -9999.00 -9999.00 -9999.00 259.81 52.70 0.30
0.00 12503.32
163.80 -52.76 -9999.00 -9999.00 -9999.00 259.81 52.70 0.30
0.00 13029.60
149.80 -53.66 -9999.00 -9999.00 -9999.00 262.95 52.25 0.20
0.00 13604.80
135.90 -54.76 -9999.00 -9999.00 -9999.00 268.20 49.36 0.10
0.00 14228.89
121.90 -56.26 -9999.00 -9999.00 -9999.00 273.75 44.58 0.00
0.00 14921.49
108.00 -57.86 -9999.00 -9999.00 -9999.00 274.47 37.41 -0.10
0.00 15687.29
94.00 -59.26 -9999.00 -9999.00 -9999.00 268.26 32.07 -0.10
0.00 16559.37
81.00 -59.76 -9999.00 -9999.00 -9999.00 257.57 23.47 0.00
0.00 17490.18
70.60 -59.06 -9999.00 -9999.00 -9999.00 255.74 24.46 0.00
0.00 18349.94
62.20 -55.56 -9999.00 -9999.00 -9999.00 260.20 21.68 0.00
0.00 19150.26
54.30 -57.76 -9999.00 -9999.00 -9999.00 262.69 7.63 0.00
0.00 20011.02
46.90 -59.86 -9999.00 -9999.00 -9999.00 232.65 9.29 0.00
0.00 20930.21
40.10 -57.96 -9999.00 -9999.00 -9999.00 223.32 18.69 0.00
0.00 21912.52
33.80 -56.76 -9999.00 -9999.00 -9999.00 227.06 19.11 0.00
0.00 22992.11
27.80 -55.86 -9999.00 -9999.00 -9999.00 247.75 13.85 0.00
0.00 24232.51
22.30 -57.06 -9999.00 -9999.00 -9999.00 247.17 4.00 0.00
0.00 25630.78
17.10 -53.16 -9999.00 -9999.00 -9999.00 253.39 11.56 0.00
0.00 27325.34
12.30 -48.76 -9999.00 -9999.00 -9999.00 297.53 15.56 0.00
0.00 29468.21

STID = KGJT STNM = 724760 TIME = 221027/0600 
SLAT = 39.12 SLON = -108.53 SELV = 1477.0
STIM = 18

SHOW = -9999.00 LIFT = 3.27 SWET = -9999.00 KINX = -9999.00
LCLP = 786.94 PWAT = 10.26 TOTL = -9999.00 CAPE = 0.00
LCLT = 272.45 CINS = 0.00 EQLV = -9999.00 LFCT = -9999.00
BRCH = 0.00

PRES TMPC TMWC DWPC THTE DRCT SKNT OMEG
CFRL HGHT
848.70 5.24 2.94 0.34 305.44 202.07 7.75 -0.20
0.00 1486.62
846.20 5.44 2.61 -0.69 305.01 202.25 9.23 -0.40
0.00 1510.74
841.60 5.34 2.19 -1.61 304.64 203.20 7.40 -0.40
0.00 1555.29
833.70 4.84 1.48 -2.78 304.06 243.43 2.18 -0.60
0.00 1632.28
822.10 3.94 0.61 -3.82 303.63 336.04 5.73 -1.10
0.00 1746.37
807.50 2.64 -0.42 -4.68 303.30 345.34 13.05 -1.80
0.00 1891.66
790.20 1.14 -1.62 -5.65 303.03 345.53 18.65 -2.60
0.00 2066.37
771.60 -0.36 -2.81 -6.55 303.03 342.58 20.77 -3.30
0.00 2257.45
751.60 -2.16 -4.09 -7.15 303.13 338.30 20.49 -3.70
0.00 2466.84
729.70 -4.06 -5.58 -8.15 303.15 334.21 19.19 -3.50
61.00 2700.99
705.70 -6.86 -7.54 -8.76 302.76 328.80 16.12 -2.90
83.00 2963.49
679.80 -8.56 -8.58 -8.66 304.44 310.60 8.95 -2.30
100.00 3254.52
651.80 -8.86 -8.87 -8.93 307.98 237.65 6.90 -1.90
100.00 3580.68
621.90 -10.66 -10.69 -10.77 309.19 225.00 16.76 -1.70
100.00 3943.35
589.80 -13.66 -13.69 -13.79 308.91 231.80 26.69 -1.50
100.00 4348.83
555.30 -16.86 -17.15 -17.98 308.69 238.98 32.42 -1.30
100.00 4804.37
518.70 -21.06 -21.42 -22.75 308.08 245.45 34.60 -1.00
100.00 5312.13
482.60 -25.66 -26.04 -27.94 307.51 249.34 38.00 -0.90
100.00 5839.90
449.50 -29.86 -30.20 -32.46 307.70 248.59 42.56 -0.90
100.00 6350.47
419.20 -33.56 -33.85 -36.33 308.62 244.50 46.91 -0.90
100.00 6843.83
391.20 -37.06 -37.31 -40.07 309.80 240.26 51.69 -0.90
100.00 7325.20
365.30 -40.66 -40.85 -43.64 310.83 237.91 55.94 -0.80
100.00 7795.05
341.50 -44.36 -44.52 -47.74 311.57 238.52 58.76 -0.60
100.00 8249.93
319.60 -48.06 -48.17 -51.03 312.25 240.07 60.74 -0.40
100.00 8690.24
299.40 -51.56 -51.64 -54.28 313.07 239.18 64.47 -0.20
0.00 9117.09
280.90 -53.46 -53.52 -55.91 316.05 236.94 69.08 0.00
0.00 9529.04
263.90 -51.76 -51.99 -63.06 324.07 242.14 69.42 0.10
0.00 9932.06
247.90 -50.06 -50.40 -66.54 332.40 252.53 65.99 0.10
0.00 10338.94
233.20 -49.96 -50.36 -71.86 338.37 258.87 60.37 0.10
0.00 10738.22
219.50 -50.36 -50.76 -72.27 343.65 261.93 55.32 0.20
0.00 11133.41
205.60 -50.66 -51.08 -72.72 349.66 263.88 50.99 0.20
0.00 11559.75
191.70 -50.66 -9999.00 -9999.00 -9999.00 264.87 47.79 0.20
0.00 12015.64
177.70 -50.96 -9999.00 -9999.00 -9999.00 262.44 47.22 0.10
0.00 12509.18
163.80 -52.06 -9999.00 -9999.00 -9999.00 261.02 49.75 0.00
0.00 13037.61
149.80 -53.56 -9999.00 -9999.00 -9999.00 266.08 51.20 -0.10
0.00 13613.86
135.90 -54.96 -9999.00 -9999.00 -9999.00 273.55 47.11 -0.20
0.00 14237.80
121.90 -56.96 -9999.00 -9999.00 -9999.00 276.05 38.68 -0.20
0.00 14928.98
107.90 -59.06 -9999.00 -9999.00 -9999.00 270.00 34.97 0.00
0.00 15697.24
94.00 -59.26 -9999.00 -9999.00 -9999.00 260.48 31.70 0.10
0.00 16561.08
81.00 -58.46 -9999.00 -9999.00 -9999.00 256.28 25.39 0.00
0.00 17494.72
70.60 -57.86 -9999.00 -9999.00 -9999.00 261.50 21.02 0.00
0.00 18359.51
62.20 -55.96 -9999.00 -9999.00 -9999.00 265.29 18.90 -0.10
0.00 19161.32
54.30 -59.06 -9999.00 -9999.00 -9999.00 253.74 9.71 -0.10
0.00 20018.69
46.90 -61.06 -9999.00 -9999.00 -9999.00 231.10 14.22 0.00
0.00 20932.52
40.10 -56.96 -9999.00 -9999.00 -9999.00 217.51 24.24 0.00
0.00 21914.37
33.80 -55.36 -9999.00 -9999.00 -9999.00 223.32 18.69 0.00
0.00 22999.96
27.80 -55.76 -9999.00 -9999.00 -9999.00 224.34 11.95 0.00
0.00 24244.66
22.30 -57.26 -9999.00 -9999.00 -9999.00 210.96 10.20 0.00
0.00 25642.60
17.10 -52.36 -9999.00 -9999.00 -9999.00 265.67 12.86 0.00
0.00 27339.50
12.30 -49.26 -9999.00 -9999.00 -9999.00 296.00 17.72 0.00
0.00 29483.81

STID = KGJT STNM = 724760 TIME = 221027/0700 
SLAT = 39.12 SLON = -108.53 SELV = 1477.0
STIM = 19

SHOW = -9999.00 LIFT = 3.16 SWET = -9999.00 KINX = -9999.00
LCLP = 801.60 PWAT = 10.87 TOTL = -9999.00 CAPE = 2.27
LCLT = 273.16 CINS = -1.88 EQLV = 678.97 LFCT = 764.86
BRCH = 0.04

PRES TMPC TMWC DWPC THTE DRCT SKNT OMEG
CFRL HGHT
849.10 4.54 2.78 0.81 305.06 257.47 5.38 -0.10
0.00 1486.59
846.60 4.44 2.33 -0.12 304.37 255.96 5.61 -0.20
0.00 1510.63
842.00 3.94 1.92 -0.47 304.04 266.82 3.50 -0.20
0.00 1554.97
834.10 2.94 1.31 -0.67 303.69 343.30 2.02 -0.20
0.00 1631.50
822.60 1.54 0.49 -0.82 303.38 27.76 4.18 -0.20
0.00 1743.71
807.90 0.24 -0.52 -1.51 303.11 33.69 7.01 -0.40
0.00 1888.73
790.50 -1.06 -1.72 -2.63 302.85 28.86 10.86 -0.70
0.00 2062.99
771.90 -2.56 -3.01 -3.67 302.64 18.70 13.33 -1.10
2.00 2252.55
751.90 -3.96 -4.24 -4.70 302.81 5.19 15.02 -1.50
10.00 2460.40
729.90 -5.56 -5.58 -5.66 303.15 350.65 16.72 -1.60
100.00 2694.20
705.90 -7.16 -7.19 -7.28 303.37 341.34 15.79 -1.30
100.00 2955.82
680.00 -9.16 -9.19 -9.28 303.31 339.04 9.77 -0.90
100.00 3246.29
652.00 -9.66 -9.78 -10.04 306.27 248.75 7.50 -0.80
100.00 3571.45
622.00 -10.96 -11.23 -11.78 308.19 238.31 18.49 -0.80
81.00 3934.43
589.90 -13.66 -14.09 -15.11 308.20 245.83 27.04 -0.70
73.00 4339.55
555.50 -17.26 -17.79 -19.38 307.59 248.89 32.91 -0.70
79.00 4793.25
518.80 -21.46 -21.97 -23.95 307.19 250.71 37.04 -0.70
91.00 5301.40
482.70 -25.86 -26.29 -28.49 307.11 252.09 40.42 -0.80
100.00 5828.40
449.60 -30.16 -30.50 -32.83 307.24 249.99 42.58 -0.90
100.00 6338.34
419.20 -34.06 -34.34 -36.83 307.91 244.64 45.36 -1.00
100.00 6832.44
391.30 -37.66 -37.88 -40.39 308.96 238.77 50.21 -1.10
100.00 7310.92
365.40 -41.26 -41.43 -44.07 309.97 235.34 54.31 -1.00
100.00 7779.44
341.50 -44.96 -45.09 -47.74 310.76 235.50 57.28 -0.80
100.00 8234.98
319.60 -48.66 -48.75 -51.03 311.42 237.40 62.02 -0.60
100.00 8674.12
299.40 -52.06 -52.10 -53.30 312.40 234.36 65.02 -0.30
0.00 9099.93
280.90 -52.96 -53.09 -58.62 316.69 231.31 67.44 -0.10
0.00 9511.88
263.90 -50.56 -50.86 -66.08 325.78 246.50 63.33 0.00
0.00 9916.45
247.90 -49.86 -50.24 -71.44 332.66 258.05 58.18 0.10
0.00 10324.60
233.20 -49.56 -49.98 -71.86 338.97 263.47 52.99 0.10
0.00 10724.41
219.50 -49.36 -49.81 -72.27 345.20 266.51 47.88 0.20
0.00 11120.84
205.60 -49.36 -9999.00 -9999.00 -9999.00 268.76 44.89 0.10
0.00 11549.39
191.70 -49.76 -9999.00 -9999.00 -9999.00 270.26 42.15 0.00
0.00 12007.53
177.70 -51.06 -9999.00 -9999.00 -9999.00 268.88 39.82 -0.10
0.00 12501.96
163.80 -52.86 -9999.00 -9999.00 -9999.00 265.26 42.29 -0.10
0.00 13029.32
149.80 -54.76 -9999.00 -9999.00 -9999.00 267.17 47.26 -0.10
0.00 13602.95
135.90 -56.26 -9999.00 -9999.00 -9999.00 274.35 48.70 -0.10
0.00 14223.33
121.90 -57.26 -9999.00 -9999.00 -9999.00 278.28 41.80 -0.10
0.00 14911.96
108.00 -58.46 -9999.00 -9999.00 -9999.00 265.94 30.19 0.00
0.00 15674.92
94.00 -58.96 -9999.00 -9999.00 -9999.00 264.03 29.88 0.10
0.00 16546.39
81.00 -57.36 -9999.00 -9999.00 -9999.00 272.96 22.57 0.00
0.00 17483.08
70.60 -58.66 -9999.00 -9999.00 -9999.00 271.49 14.96 0.00
0.00 18348.47
62.20 -57.56 -9999.00 -9999.00 -9999.00 267.06 15.17 0.00
0.00 19145.83
54.30 -59.06 -9999.00 -9999.00 -9999.00 223.11 12.51 0.00
0.00 20000.03
46.90 -60.06 -9999.00 -9999.00 -9999.00 222.58 19.52 0.00
0.00 20916.00
40.10 -55.46 -9999.00 -9999.00 -9999.00 219.03 23.76 0.00
0.00 21903.59
33.80 -54.66 -9999.00 -9999.00 -9999.00 234.95 15.89 0.00
0.00 22994.68
27.80 -56.06 -9999.00 -9999.00 -9999.00 230.79 9.52 0.00
0.00 24240.51
22.30 -58.36 -9999.00 -9999.00 -9999.00 214.38 13.42 0.00
0.00 25633.94
17.10 -53.86 -9999.00 -9999.00 -9999.00 269.12 12.63 0.00
0.00 27320.73
12.30 -50.16 -9999.00 -9999.00 -9999.00 293.70 17.40 0.00
0.00 29453.48

STID = KGJT STNM = 724760 TIME = 221027/0800 
SLAT = 39.12 SLON = -108.53 SELV = 1477.0
STIM = 20

SHOW = -9999.00 LIFT = 4.96 SWET = -9999.00 KINX = -9999.00
LCLP = 818.15 PWAT = 10.11 TOTL = -9999.00 CAPE = 0.00
LCLT = 272.53 CINS = 0.00 EQLV = -9999.00 LFCT = -9999.00
BRCH = 0.00

PRES TMPC TMWC DWPC THTE DRCT SKNT OMEG
CFRL HGHT
849.70 2.34 1.25 -0.10 301.69 356.19 5.85 0.60
0.00 1487.46
847.40 2.04 1.00 -0.29 301.46 352.30 7.25 0.70
0.00 1509.37
842.80 1.64 0.69 -0.52 301.35 354.43 8.00 0.70
0.00 1553.30
834.80 1.04 0.15 -1.00 301.21 3.73 8.95 0.60
0.00 1630.13
823.20 0.14 -0.75 -1.95 300.77 17.82 11.42 0.30
0.00 1742.53
808.50 -1.06 -1.84 -2.94 300.39 25.53 14.41 -0.10
2.00 1886.70
791.20 -2.46 -3.13 -4.14 299.99 27.41 17.72 -0.60
6.00 2058.91
772.50 -3.86 -4.43 -5.34 299.84 26.31 19.29 -1.10
9.00 2248.34
752.50 -5.16 -5.58 -6.29 300.21 23.20 17.75 -1.70
4.00 2455.01
730.50 -6.66 -6.74 -6.92 300.91 15.48 13.09 -2.20
100.00 2687.56
706.50 -8.16 -8.18 -8.25 301.49 360.00 12.43 -2.40
100.00 2947.89
680.50 -9.76 -9.77 -9.83 302.21 345.79 15.83 -2.10
100.00 3238.34
652.50 -11.76 -11.79 -11.90 302.64 341.26 11.48 -1.60
100.00 3561.55
622.50 -12.86 -12.88 -12.97 305.19 247.52 6.10 -1.30
100.00 3921.42
590.30 -14.36 -14.54 -14.98 307.36 229.59 18.88 -1.10
100.00 4325.45
555.80 -17.36 -17.77 -18.99 307.57 239.80 30.11 -0.90
98.00 4779.49
519.10 -21.46 -21.93 -23.73 307.20 246.01 38.69 -0.70
98.00 5287.27
482.90 -25.96 -26.39 -28.62 306.92 249.50 42.72 -0.60
100.00 5815.37
449.70 -30.46 -30.80 -33.22 306.77 249.35 42.97 -0.60
100.00 6326.26
419.40 -34.66 -34.94 -37.62 306.99 243.43 43.01 -0.60
100.00 6817.64
391.40 -38.46 -38.70 -41.80 307.75 236.51 45.42 -0.60
100.00 7296.23
365.50 -42.26 -42.44 -45.48 308.50 234.28 50.25 -0.50
100.00 7762.81
341.60 -45.76 -45.90 -49.00 309.57 232.59 58.20 -0.40
95.00 8216.44
319.60 -48.66 -48.77 -51.85 311.38 227.91 64.92 -0.20
33.00 8656.73
299.40 -50.36 -50.53 -56.64 314.69 227.21 67.77 -0.10
0.00 9084.16
280.90 -49.46 -49.78 -65.62 321.61 238.18 62.65 -0.10
0.00 9500.95
264.00 -48.96 -49.35 -71.01 328.05 254.20 52.08 0.00
0.00 9907.69
247.90 -48.56 -49.00 -71.44 334.59 267.16 47.07 0.10
0.00 10320.99
233.20 -48.36 -48.84 -71.86 340.79 275.54 44.31 0.10
0.00 10723.04
219.50 -48.66 -49.15 -72.27 346.27 278.21 39.45 0.10
0.00 11121.15
205.60 -49.46 -9999.00 -9999.00 -9999.00 277.78 35.88 0.10
0.00 11550.27
191.70 -50.56 -9999.00 -9999.00 -9999.00 277.01 36.60 0.00
0.00 12007.49
177.70 -52.06 -9999.00 -9999.00 -9999.00 277.56 38.40 -0.10
0.00 12499.93
163.80 -53.86 -9999.00 -9999.00 -9999.00 276.12 38.29 -0.10
0.00 13024.90
149.80 -55.46 -9999.00 -9999.00 -9999.00 273.54 40.87 0.00
0.00 13596.31
135.90 -56.56 -9999.00 -9999.00 -9999.00 275.79 44.33 0.00
0.00 14215.26
121.90 -56.76 -9999.00 -9999.00 -9999.00 277.69 39.20 0.10
0.00 14904.21
108.00 -56.56 -9999.00 -9999.00 -9999.00 263.66 29.90 0.10
0.00 15671.42
94.00 -57.96 -9999.00 -9999.00 -9999.00 264.11 30.26 0.00
0.00 16548.79
81.00 -58.16 -9999.00 -9999.00 -9999.00 289.76 21.25 0.00
0.00 17485.92
70.60 -59.96 -9999.00 -9999.00 -9999.00 242.82 8.08 -0.10
0.00 18347.08
62.20 -58.96 -9999.00 -9999.00 -9999.00 226.70 13.87 0.00
0.00 19139.44
54.30 -59.16 -9999.00 -9999.00 -9999.00 205.97 16.86 0.00
0.00 19990.65
46.90 -59.06 -9999.00 -9999.00 -9999.00 220.30 20.12 0.00
0.00 20908.55
40.10 -55.36 -9999.00 -9999.00 -9999.00 226.49 21.15 0.00
0.00 21898.66
33.80 -54.96 -9999.00 -9999.00 -9999.00 237.53 17.74 0.00
0.00 22989.25
27.80 -56.46 -9999.00 -9999.00 -9999.00 234.12 11.27 0.00
0.00 24233.08
22.30 -57.96 -9999.00 -9999.00 -9999.00 221.52 15.83 0.00
0.00 25626.51
17.10 -54.76 -9999.00 -9999.00 -9999.00 275.81 11.52 0.00
0.00 27311.36
12.30 -51.16 -9999.00 -9999.00 -9999.00 313.60 11.27 0.00
0.00 29434.94

STID = KGJT STNM = 724760 TIME = 221027/0900 
SLAT = 39.12 SLON = -108.53 SELV = 1477.0
STIM = 21

SHOW = 5.92 LIFT = 6.35 SWET = 52.13 KINX = 22.53
LCLP = 813.03 PWAT = 8.93 TOTL = 47.13 CAPE = 0.00
LCLT = 270.73 CINS = 0.00 EQLV = -9999.00 LFCT = -9999.00
BRCH = 0.00

PRES TMPC TMWC DWPC THTE DRCT SKNT OMEG
CFRL HGHT
851.10 1.14 -0.11 -1.80 298.75 16.26 4.86 0.60
0.00 1485.51
848.50 0.84 -0.45 -2.23 298.37 17.35 6.51 0.90
0.00 1510.11
843.90 0.54 -0.75 -2.55 298.32 18.43 7.98 1.00
0.00 1553.79
836.00 -0.06 -1.37 -3.26 298.02 26.57 10.86 0.90
0.00 1629.22
824.40 -0.86 -2.18 -4.17 297.80 30.10 15.50 0.80
0.00 1740.99
809.70 -1.86 -3.25 -5.45 297.52 29.54 20.09 0.50
0.00 1884.42
792.30 -2.96 -4.28 -6.46 297.68 24.18 20.86 0.00
0.00 2056.90
773.60 -4.06 -5.16 -7.04 298.33 15.11 20.12 -0.40
0.00 2245.76
753.60 -5.46 -6.21 -7.55 298.90 3.61 18.49 -0.80
0.00 2451.90
731.50 -7.16 -7.54 -8.25 299.34 350.11 16.96 -1.10
50.00 2684.78
707.50 -8.96 -9.16 -9.57 299.62 333.73 16.69 -1.30
76.00 2944.06
681.40 -10.76 -10.87 -11.15 300.16 323.00 17.75 -1.50
100.00 3234.19
653.40 -12.76 -12.89 -13.21 300.65 325.43 17.46 -1.40
100.00 3555.68
623.30 -14.46 -14.64 -15.13 302.09 333.43 9.98 -1.10
100.00 3914.41
591.00 -15.46 -15.70 -16.35 305.28 239.47 8.80 -0.90
100.00 4317.02
556.40 -17.66 -18.05 -19.21 307.02 241.39 24.34 -0.70
100.00 4770.59
519.50 -21.56 -22.11 -24.25 306.85 244.93 39.88 -0.20
55.00 5280.25
483.30 -26.26 -26.83 -29.98 306.18 243.08 42.06 0.20
54.00 5807.48
450.00 -30.86 -31.35 -35.14 305.91 239.41 40.85 0.30
59.00 6318.76
419.60 -35.16 -35.50 -39.07 306.14 232.35 42.93 0.00
74.00 6810.54
391.60 -39.26 -39.49 -42.58 306.58 226.93 44.95 -0.20
97.00 7287.57
365.60 -43.26 -43.43 -46.55 307.07 228.55 51.05 -0.30
97.00 7753.95
341.70 -45.96 -46.14 -50.46 309.20 225.41 57.28 -0.30
40.00 8206.26
319.70 -47.86 -48.15 -59.36 312.23 226.51 62.67 -0.30
0.00 8647.00
299.50 -48.36 -48.71 -65.15 317.32 236.65 63.95 -0.30
0.00 9076.94
281.00 -47.86 -48.25 -65.62 323.87 251.35 48.58 -0.20
0.00 9496.95
264.00 -47.16 -47.64 -71.01 330.68 271.53 36.34 -0.20
0.00 9909.13
247.90 -47.96 -48.43 -71.44 335.49 290.48 32.77 -0.10
0.00 10324.64
233.20 -48.86 -49.31 -71.86 340.03 295.45 31.20 0.00
0.00 10726.78
219.50 -49.26 -49.72 -72.27 345.35 292.71 29.68 0.10
0.00 11123.91
205.60 -50.16 -9999.00 -9999.00 -9999.00 286.74 29.00 0.20
0.00 11551.79
191.70 -51.56 -9999.00 -9999.00 -9999.00 279.75 32.13 0.20
0.00 12007.26
177.70 -52.76 -9999.00 -9999.00 -9999.00 278.82 36.75 0.20
0.00 12497.82
163.80 -53.46 -9999.00 -9999.00 -9999.00 278.88 37.74 0.10
0.00 13022.43
149.80 -53.76 -9999.00 -9999.00 -9999.00 273.52 37.96 0.00
0.00 13596.58
135.90 -54.96 -9999.00 -9999.00 -9999.00 276.07 40.44 -0.10
0.00 14220.24
121.90 -56.06 -9999.00 -9999.00 -9999.00 285.01 35.99 -0.10
0.00 14912.85
108.00 -56.96 -9999.00 -9999.00 -9999.00 279.67 26.59 -0.10
0.00 15680.59
94.00 -58.76 -9999.00 -9999.00 -9999.00 268.64 24.48 0.00
0.00 16555.52
81.00 -60.06 -9999.00 -9999.00 -9999.00 282.29 20.09 0.00
0.00 17486.77
70.60 -59.26 -9999.00 -9999.00 -9999.00 211.50 14.12 0.00
0.00 18345.52
62.20 -58.16 -9999.00 -9999.00 -9999.00 221.82 19.81 0.00
0.00 19140.65
54.30 -57.56 -9999.00 -9999.00 -9999.00 220.97 19.56 0.00
0.00 19996.64
46.90 -57.76 -9999.00 -9999.00 -9999.00 234.53 19.08 0.00
0.00 20920.76
40.10 -56.56 -9999.00 -9999.00 -9999.00 239.04 19.25 0.00
0.00 21911.10
33.80 -56.26 -9999.00 -9999.00 -9999.00 242.19 19.99 0.00
0.00 22995.43
27.80 -56.76 -9999.00 -9999.00 -9999.00 229.93 15.99 0.00
0.00 24234.69
22.30 -56.26 -9999.00 -9999.00 -9999.00 224.41 13.33 0.00
0.00 25632.64
17.10 -54.76 -9999.00 -9999.00 -9999.00 325.92 7.96 0.00
0.00 27324.09
12.30 -52.66 -9999.00 -9999.00 -9999.00 262.09 7.05 0.00
0.00 29440.44
STN YYMMDD/HHMM PMSL PRES SKTC STC1 SNFL WTNS
P01M C01M STC2 LCLD MCLD HCLD
SNRA UWND VWND R01M BFGR T2MS
Q2MS WXTS WXTP WXTZ WXTR USTM
VSTM HLCY SLLH WSYM CDBP VSBK
TD2M
724760 221026/1200 1013.40 850.30 2.94 276.10 -9999.00 24.00
-9999.00 -9999.00 276.20 100.00 39.00 0.00
-9999.00 -0.70 -0.50 -9999.00 -9999.00 3.14
5.49 0.00 0.00 0.00 0.00 14.00
-3.40 68.60 -9999.00 999.00 807.90 20.00
2.69
724760 221026/1300 1013.70 850.80 3.44 276.60 0.00 24.00
0.27 0.00 276.60 100.00 96.00 0.00
-9999.00 -1.70 -0.40 -9999.00 -9999.00 3.64
5.61 0.00 0.00 0.00 1.00 14.20
-3.80 74.30 0.00 60.00 791.00 0.00
3.00
724760 221026/1400 1013.20 850.50 3.74 276.90 0.00 24.00
0.11 0.00 276.90 100.00 83.00 0.00
-9999.00 -2.20 0.20 -9999.00 -9999.00 3.94
5.68 0.00 0.00 0.00 1.00 13.00
-3.80 97.30 0.00 60.00 772.00 0.00
3.16
724760 221026/1500 1013.30 850.80 4.84 278.00 0.00 23.00
0.00 0.00 277.80 100.00 33.00 0.00
-9999.00 -1.70 -0.20 -9999.00 -9999.00 4.84
5.77 0.00 0.00 0.00 0.00 12.60
-4.20 68.30 0.00 999.00 730.30 0.04
3.39
724760 221026/1600 1012.30 850.30 5.34 278.50 0.00 23.00
0.00 0.00 278.40 100.00 5.00 0.00
-9999.00 -1.80 -0.30 -9999.00 -9999.00 5.44
5.77 0.00 0.00 0.00 0.00 11.80
-4.80 53.40 0.00 999.00 729.90 0.17
3.38
724760 221026/1700 1011.10 849.60 6.04 279.20 0.00 23.00
0.00 0.00 279.00 100.00 0.00 0.00
-9999.00 -1.60 0.10 -9999.00 -9999.00 6.04
5.89 0.00 0.00 0.00 0.00 12.00
-4.70 51.20 0.00 999.00 705.40 1.40
3.66
724760 221026/1800 1010.80 849.80 7.84 281.00 0.00 23.00
0.00 0.00 280.40 100.00 0.00 0.00
-9999.00 -1.90 0.20 -9999.00 -9999.00 7.44
6.12 0.00 0.00 0.00 0.00 13.70
-4.30 28.20 0.01 999.00 651.60 20.00
4.20
724760 221026/1900 1008.80 848.40 10.84 284.00 0.00 22.00
0.00 0.00 283.20 91.00 0.00 0.00
-9999.00 -1.80 -0.10 -9999.00 -9999.00 9.04
6.20 0.00 0.00 0.00 0.00 14.70
-4.00 27.60 0.02 999.00 -9999.00 20.00
4.36
724760 221026/2000 1007.80 847.80 12.84 286.00 0.00 22.00
0.03 0.03 285.10 41.00 94.00 0.00
-9999.00 -0.90 -0.40 -9999.00 -9999.00 9.94
6.25 0.00 0.00 0.00 1.00 15.30
-3.70 43.50 0.01 60.00 -9999.00 0.00
4.47
724760 221026/2100 1007.80 848.00 12.74 285.90 0.00 22.00
0.14 0.14 285.40 5.00 94.00 0.00
-9999.00 -0.20 -0.50 -9999.00 -9999.00 10.54
6.45 0.00 0.00 0.00 1.00 15.80
-3.50 7.60 0.00 60.00 -9999.00 0.00
4.92
724760 221026/2200 1007.90 848.20 12.04 285.20 0.00 22.00
0.14 0.14 284.90 1.00 100.00 0.00
-9999.00 1.00 -0.90 -9999.00 -9999.00 10.84
6.55 0.00 0.00 0.00 1.00 17.10
-4.00 -20.00 -0.01 60.00 -9999.00 0.00
5.14
724760 221026/2300 1007.50 847.80 10.54 283.70 0.00 22.00
0.01 0.01 283.70 1.00 100.00 0.00
-9999.00 0.20 -0.50 -9999.00 -9999.00 10.54
6.57 0.00 0.00 0.00 0.00 16.90
-4.10 2.30 -0.02 999.00 -9999.00 0.01
5.17
724760 221027/0000 1006.30 846.70 8.44 281.60 0.00 22.00
0.00 0.00 281.90 7.00 100.00 0.00
-9999.00 -2.30 0.50 -9999.00 -9999.00 8.84
7.12 0.00 0.00 0.00 0.00 16.40
-3.50 52.00 0.00 999.00 -9999.00 20.00
6.30
724760 221027/0100 1006.80 846.90 6.84 280.00 0.00 22.00
0.00 0.00 280.40 1.00 88.00 0.00
-9999.00 -2.40 0.80 -9999.00 -9999.00 7.64
6.71 0.00 0.00 0.00 0.00 15.70
-3.30 72.10 0.00 999.00 -9999.00 20.00
5.46
724760 221027/0200 1006.70 846.80 5.64 278.80 0.00 22.00
0.00 0.00 279.20 8.00 100.00 0.00
-9999.00 -1.60 0.80 -9999.00 -9999.00 7.14
6.05 0.00 0.00 0.00 0.00 14.70
-3.00 39.20 0.00 999.00 -9999.00 20.00
3.99
724760 221027/0300 1006.60 846.70 5.34 278.50 0.00 22.00
0.00 0.00 278.80 5.00 100.00 0.00
-9999.00 -1.50 1.30 -9999.00 -9999.00 6.84
5.69 0.00 0.00 0.00 0.00 14.70
-2.10 -5.10 0.00 999.00 -9999.00 11.13
3.13
724760 221027/0400 1006.90 846.80 5.04 278.20 0.00 22.00
0.01 0.00 278.40 21.00 100.00 0.00
-9999.00 0.30 -1.50 -9999.00 -9999.00 6.54
5.43 0.00 0.00 0.00 0.00 14.70
-2.60 -56.80 0.00 999.00 -9999.00 0.01
2.47
724760 221027/0500 1010.30 848.30 4.24 277.40 0.00 23.00
0.34 0.00 277.90 5.00 100.00 0.00
-9999.00 -0.60 -5.60 -9999.00 -9999.00 4.44
4.91 0.00 0.00 0.00 1.00 16.40
-2.50 -146.70 0.01 60.00 -9999.00 0.00
1.10
724760 221027/0600 1012.00 849.70 4.44 277.60 0.00 23.00
0.00 0.00 277.90 100.00 100.00 0.00
-9999.00 0.20 2.50 -9999.00 -9999.00 4.64
4.85 0.00 0.00 0.00 0.00 14.50
-3.80 -27.70 -0.01 999.00 679.80 0.05
0.96
724760 221027/0700 1012.90 850.10 4.14 277.30 0.10 23.00
0.14 0.00 277.50 100.00 100.00 0.00
-9999.00 0.80 0.50 -9999.00 -9999.00 4.24
5.05 1.00 0.00 0.00 0.00 13.90
-4.20 -48.60 0.00 70.00 729.90 0.00
1.52
724760 221027/0800 1015.10 850.80 2.94 276.10 3.60 24.00
0.38 0.00 276.60 100.00 100.00 0.00
-9999.00 -1.10 -3.40 -9999.00 -9999.00 2.54
4.60 1.00 0.00 0.00 0.00 12.80
-4.50 -42.00 0.01 70.00 706.50 0.00
0.25
724760 221027/0900 1017.40 852.00 1.24 274.40 226.00 23.00
0.32 0.00 275.00 100.00 100.00 0.00
-9999.00 -1.80 -2.60 -9999.00 -9999.00 1.04
4.07 1.00 0.00 0.00 0.00 13.20
-4.50 -110.40 0.00 70.00 -9999.00 0.00
-1.40


