
SNPARM = PRES;TMPC;TMWC;DWPC;THTE;DRCT;SKNT;OMEG;CFRL;HGHT 
STNPRM = SHOW;LIFT;SWET;KINX;LCLP;PWAT;TOTL;CAPE;LCLT;CINS;EQLV;LFCT;BRCH 

STID = FFC STNM = 722150 TIME = 221026/1200 
SLAT = 33.36 SLON = -84.57 SELV = 270.0
STIM = 0

SHOW = 12.65 LIFT = 14.42 SWET = 85.16 KINX = -13.31
LCLP = 946.50 PWAT = 12.09 TOTL = 28.48 CAPE = 0.00
LCLT = 282.42 CINS = 0.00 EQLV = -9999.00 LFCT = -9999.00
BRCH = 0.00

PRES TMPC TMWC DWPC THTE DRCT SKNT OMEG
CFRL HGHT
979.40 12.04 10.79 9.78 308.92 277.13 4.70 0.10
0.00 280.27
976.40 12.14 10.75 9.64 309.17 284.04 8.82 0.10
0.00 306.00
971.10 12.14 10.67 9.50 309.57 284.28 11.03 0.10
0.00 351.67
961.80 12.04 10.22 8.75 309.47 290.11 14.69 0.20
0.00 432.38
948.20 11.14 9.50 8.14 309.21 293.82 16.36 0.30
0.00 551.60
930.70 9.54 8.60 7.78 308.99 301.87 16.92 0.30
52.00 706.85
909.80 8.04 7.07 6.17 307.68 300.10 15.50 0.40
52.00 895.07
887.10 9.44 6.39 3.46 308.73 272.69 16.53 0.40
51.00 1104.32
862.50 11.34 6.55 1.93 312.14 264.81 21.46 0.40
0.00 1338.48
834.90 13.14 4.92 -5.01 311.37 253.47 25.93 0.40
0.00 1610.85
804.70 13.34 2.24 -18.93 308.46 246.90 30.21 0.40
0.00 1920.10
771.70 12.64 1.50 -20.20 311.20 245.50 31.37 0.30
0.00 2271.04
735.80 10.94 -0.05 -24.47 312.66 251.33 29.74 0.20
0.00 2668.58
697.00 9.34 -1.11 -23.49 316.13 259.01 33.64 0.10
0.00 3118.01
655.50 6.24 -3.26 -25.30 317.92 246.12 38.87 0.10
0.00 3623.07
611.00 2.24 -6.30 -31.09 318.76 239.86 34.81 0.10
0.00 4194.10
564.10 -1.46 -9.01 -33.59 321.49 255.14 29.55 0.10
0.00 4833.74
518.60 -6.46 -12.76 -39.11 322.70 254.95 37.41 0.00
0.00 5496.53
477.50 -11.66 -16.42 -37.20 324.26 255.28 39.76 -0.10
0.00 6134.92
440.70 -16.76 -20.34 -38.60 325.23 255.90 40.66 -0.10
0.00 6742.92
407.40 -21.66 -24.41 -42.63 325.92 257.30 42.40 -0.10
0.00 7327.03
377.30 -25.56 -27.91 -50.42 327.52 261.31 42.44 -0.10
0.00 7887.73
350.10 -29.26 -31.18 -55.37 329.43 261.14 42.85 -0.10
0.00 8425.96
325.60 -32.96 -34.46 -57.44 331.19 259.12 45.30 -0.10
0.00 8939.98
303.40 -36.26 -37.46 -59.77 333.25 256.72 46.50 -0.10
0.00 9433.07
283.40 -40.06 -40.95 -62.52 334.32 253.09 46.10 -0.10
0.00 9902.15
265.40 -44.06 -44.71 -66.04 334.75 248.75 45.03 -0.10
0.00 10346.04
248.70 -47.16 -47.65 -66.51 336.41 243.32 44.56 -0.10
0.00 10778.91
233.50 -49.16 -49.57 -66.97 339.50 239.53 45.98 -0.10
0.00 11194.25
219.60 -50.76 -51.12 -67.41 343.04 244.86 48.93 -0.10
0.00 11595.21
205.60 -52.56 -52.89 -72.72 346.68 254.57 50.37 -0.10
0.00 12022.31
191.70 -54.96 -55.22 -73.19 349.83 258.22 46.64 -0.10
0.00 12471.85
177.70 -57.66 -57.86 -73.70 353.07 255.59 43.73 -0.10
0.00 12953.19
163.80 -60.36 -60.51 -74.24 356.86 253.80 47.34 0.00
0.00 13463.74
149.80 -63.06 -9999.00 -9999.00 -9999.00 257.59 49.73 0.10
0.00 14016.71
135.90 -64.06 -9999.00 -9999.00 -9999.00 254.86 43.86 0.10
0.00 14614.15
121.90 -65.36 -9999.00 -9999.00 -9999.00 238.39 35.59 0.10
0.00 15277.47
108.00 -68.96 -9999.00 -9999.00 -9999.00 231.88 35.55 0.00
0.00 16007.48
94.00 -68.76 -9999.00 -9999.00 -9999.00 238.88 24.05 0.00
0.00 16837.70
81.00 -69.16 -9999.00 -9999.00 -9999.00 201.80 15.70 0.00
0.00 17727.34
70.60 -66.76 -9999.00 -9999.00 -9999.00 202.04 8.80 0.00
0.00 18552.70
62.20 -66.16 -9999.00 -9999.00 -9999.00 149.30 7.23 0.00
0.00 19319.10
54.30 -65.56 -9999.00 -9999.00 -9999.00 83.66 5.28 0.00
0.00 20143.28
46.90 -65.06 -9999.00 -9999.00 -9999.00 72.96 12.59 0.00
0.00 21034.59
40.10 -62.46 -9999.00 -9999.00 -9999.00 90.00 11.65 0.00
0.00 21994.67
33.80 -60.46 -9999.00 -9999.00 -9999.00 30.26 5.40 0.00
0.00 23053.74
27.80 -60.06 -9999.00 -9999.00 -9999.00 346.46 10.78 0.00
0.00 24271.54
22.30 -57.96 -9999.00 -9999.00 -9999.00 335.56 9.38 0.00
0.00 25653.36
17.10 -53.96 -9999.00 -9999.00 -9999.00 289.80 15.48 0.00
0.00 27341.31
12.30 -48.06 -9999.00 -9999.00 -9999.00 264.25 31.04 0.00
0.00 29483.70

STID = FFC STNM = 722150 TIME = 221026/1300 
SLAT = 33.36 SLON = -84.57 SELV = 270.0
STIM = 1

SHOW = 12.81 LIFT = 14.19 SWET = 89.16 KINX = -13.28
LCLP = 942.07 PWAT = 12.33 TOTL = 27.83 CAPE = 0.00
LCLT = 282.14 CINS = 0.00 EQLV = -9999.00 LFCT = -9999.00
BRCH = 0.00

PRES TMPC TMWC DWPC THTE DRCT SKNT OMEG
CFRL HGHT
979.40 12.14 10.71 9.57 308.73 282.72 6.18 0.10
0.00 280.27
976.50 11.84 10.43 9.29 308.33 284.93 9.05 0.10
0.00 305.14
971.10 11.44 10.13 9.05 308.16 286.22 11.13 0.10
0.00 351.57
961.90 11.24 9.69 8.39 308.09 292.07 15.50 0.20
0.00 431.19
948.20 10.54 9.31 8.28 308.73 295.06 16.51 0.20
0.00 550.99
930.70 9.24 8.48 7.80 308.68 300.07 17.06 0.30
0.00 705.99
909.90 7.94 7.47 7.02 308.65 294.55 17.31 0.40
17.00 893.19
887.10 8.84 7.36 6.05 311.16 280.99 20.38 0.40
11.00 1103.18
862.40 12.44 6.96 1.71 313.15 269.55 24.67 0.30
1.00 1338.59
835.00 14.24 4.50 -8.85 310.13 259.66 27.06 0.20
0.00 1609.96
804.70 14.04 2.78 -17.38 309.70 254.99 27.76 0.30
0.00 1921.12
771.70 13.24 2.08 -17.88 312.56 258.13 27.39 0.30
0.00 2272.90
735.80 11.74 0.82 -19.86 314.74 260.74 27.76 0.20
0.00 2671.48
697.00 9.54 -0.94 -22.83 316.52 257.47 32.25 0.20
0.00 3121.76
655.50 6.34 -3.41 -27.74 317.52 250.13 34.29 0.10
0.00 3627.08
611.00 2.84 -6.00 -31.78 319.35 247.68 31.70 0.00
0.00 4198.80
564.10 -1.56 -9.15 -34.94 321.19 257.03 30.30 -0.10
0.00 4839.01
518.60 -6.46 -12.73 -38.36 322.78 263.63 36.75 -0.10
0.00 5501.67
477.50 -11.76 -16.47 -36.90 324.17 257.47 39.39 -0.10
0.00 6139.95
440.70 -17.06 -20.56 -38.60 324.85 255.30 40.56 0.00
0.00 6747.48
407.40 -21.46 -24.36 -45.02 325.99 257.87 39.74 0.00
0.00 7331.46
377.30 -25.26 -27.73 -53.47 327.79 259.93 38.87 0.00
0.00 7892.71
350.10 -29.36 -31.24 -54.09 329.34 258.47 39.84 0.00
0.00 8431.16
325.50 -32.86 -34.37 -57.44 331.36 257.22 43.03 0.00
0.00 8947.36
303.40 -36.46 -37.63 -59.77 332.97 252.29 43.43 0.00
0.00 9438.20
283.40 -40.46 -41.32 -62.52 333.74 247.62 42.85 -0.10
0.00 9906.67
265.40 -44.26 -44.89 -66.04 334.46 244.36 43.08 -0.10
0.00 10349.99
248.70 -47.36 -47.84 -66.51 336.12 242.31 44.31 -0.10
0.00 10782.48
233.50 -49.36 -49.76 -66.97 339.20 242.05 46.83 -0.20
0.00 11197.45
219.60 -50.76 -51.12 -67.41 343.04 247.24 49.71 -0.20
0.00 11598.24
205.60 -52.36 -52.70 -72.72 346.99 252.85 49.40 -0.20
0.00 12025.52
191.70 -54.56 -54.84 -73.19 350.48 254.58 46.76 -0.20
0.00 12475.68
177.70 -57.26 -57.47 -73.70 353.73 253.39 46.21 -0.10
0.00 12957.91
163.80 -60.36 -60.51 -74.24 356.86 254.21 47.84 0.00
0.00 13468.93
149.80 -63.56 -63.66 -74.84 360.58 257.94 46.48 0.10
0.00 14021.25
135.90 -65.36 -9999.00 -9999.00 -9999.00 255.26 41.98 0.10
0.00 14616.13
121.90 -65.96 -9999.00 -9999.00 -9999.00 238.82 34.52 0.10
0.00 15276.43
108.00 -69.06 -9999.00 -9999.00 -9999.00 226.88 33.53 0.00
0.00 16005.19
94.00 -68.86 -9999.00 -9999.00 -9999.00 234.29 22.96 0.00
0.00 16835.01
81.00 -68.56 -9999.00 -9999.00 -9999.00 193.87 16.20 0.00
0.00 17725.74
70.60 -66.56 -9999.00 -9999.00 -9999.00 191.07 9.11 0.00
0.00 18552.71
62.20 -66.36 -9999.00 -9999.00 -9999.00 150.26 6.25 0.00
0.00 19319.11
54.30 -65.06 -9999.00 -9999.00 -9999.00 76.43 5.79 0.00
0.00 20143.88
46.90 -63.86 -9999.00 -9999.00 -9999.00 78.86 13.07 0.00
0.00 21038.84
40.10 -61.06 -9999.00 -9999.00 -9999.00 91.76 12.63 0.00
0.00 22004.88
33.80 -60.26 -9999.00 -9999.00 -9999.00 27.22 7.65 0.00
0.00 23067.95
27.80 -60.46 -9999.00 -9999.00 -9999.00 3.75 11.87 0.00
0.00 24285.19
22.30 -58.46 -9999.00 -9999.00 -9999.00 354.29 7.81 0.00
0.00 25664.10
17.10 -54.36 -9999.00 -9999.00 -9999.00 302.11 11.69 0.00
0.00 27348.56
12.30 -47.36 -9999.00 -9999.00 -9999.00 271.23 27.19 0.00
0.00 29492.39

STID = FFC STNM = 722150 TIME = 221026/1400 
SLAT = 33.36 SLON = -84.57 SELV = 270.0
STIM = 2

SHOW = 12.71 LIFT = 14.61 SWET = 87.54 KINX = -13.40
LCLP = 935.16 PWAT = 12.64 TOTL = 27.69 CAPE = 0.46
LCLT = 282.21 CINS = -0.12 EQLV = 904.72 LFCT = 919.18
BRCH = 0.01

PRES TMPC TMWC DWPC THTE DRCT SKNT OMEG
CFRL HGHT
981.00 12.94 11.16 9.77 309.72 292.38 7.15 0.10
0.00 280.29
978.10 12.54 10.84 9.49 309.20 293.36 9.30 0.10
0.00 305.18
972.70 12.04 10.52 9.29 308.98 294.18 10.43 0.10
0.00 351.65
963.40 11.24 10.04 9.05 308.82 294.84 11.56 0.10
0.00 432.10
949.70 10.24 9.22 8.34 308.31 295.16 14.16 0.10
0.00 551.65
932.20 8.84 8.18 7.58 307.76 296.90 15.03 0.10
0.00 706.22
911.30 7.14 7.11 7.02 307.59 297.20 15.73 0.10
99.00 893.61
888.50 6.94 6.03 5.16 307.75 289.29 20.57 0.10
34.00 1102.24
863.80 13.04 6.19 -1.13 310.93 272.93 26.65 0.10
2.00 1336.64
836.30 14.94 5.16 -7.43 311.57 261.62 25.33 0.00
0.00 1609.12
806.00 14.14 3.71 -11.65 311.95 258.16 24.61 0.00
0.00 1920.33
772.80 12.94 2.53 -13.80 313.66 261.56 25.14 0.00
0.00 2273.71
736.80 11.34 0.96 -17.22 315.05 260.33 26.59 -0.10
0.00 2672.44
697.90 9.24 -1.11 -23.07 316.00 257.15 29.68 -0.20
0.00 3122.76
656.20 6.24 -3.48 -28.10 317.24 255.44 30.91 -0.30
0.00 3629.55
611.70 2.94 -5.88 -30.86 319.50 256.43 28.98 -0.40
0.00 4200.64
564.60 -1.56 -9.14 -34.94 321.11 266.21 29.39 -0.40
0.00 4843.05
519.00 -6.46 -12.65 -36.68 322.89 267.15 35.20 -0.30
0.00 5506.63
477.80 -12.06 -16.66 -36.61 323.78 259.94 36.69 -0.20
0.00 6145.66
440.90 -17.06 -20.63 -39.93 324.66 257.63 37.18 0.00
0.00 6754.15
407.60 -21.16 -24.18 -46.77 326.22 259.34 36.77 0.10
0.00 7338.20
377.40 -25.16 -27.63 -52.34 327.94 258.63 37.45 0.20
0.00 7901.54
350.20 -29.26 -31.14 -52.97 329.49 257.53 39.59 0.30
0.00 8440.06
325.60 -32.96 -34.44 -55.96 331.23 256.91 42.87 0.30
0.00 8956.11
303.40 -36.86 -37.99 -59.77 332.41 251.72 44.60 0.20
0.00 9448.59
283.50 -40.86 -41.68 -62.52 333.14 247.55 44.77 0.10
0.00 9913.84
265.50 -44.46 -45.05 -63.02 334.18 244.77 44.66 0.00
0.00 10356.42
248.70 -47.56 -48.03 -66.51 335.82 243.99 44.74 0.00
0.00 10791.04
233.50 -49.56 -49.95 -66.97 338.89 245.60 46.08 -0.10
0.00 11205.64
219.60 -50.86 -51.22 -67.41 342.88 249.92 46.95 -0.10
0.00 11606.16
205.60 -52.46 -52.80 -72.72 346.84 251.02 45.40 0.00
0.00 12033.25
191.70 -54.56 -54.84 -73.19 350.48 250.20 46.45 0.00
0.00 12483.30
177.70 -57.26 -57.47 -73.70 353.73 252.63 49.46 0.00
0.00 12965.53
163.80 -60.26 -60.41 -74.24 357.03 255.42 49.38 0.10
0.00 13476.68
149.80 -63.46 -9999.00 -9999.00 -9999.00 256.64 43.73 0.10
0.00 14029.25
135.90 -65.26 -9999.00 -9999.00 -9999.00 250.46 38.34 0.10
0.00 14624.41
121.90 -65.86 -9999.00 -9999.00 -9999.00 235.69 34.81 0.00
0.00 15285.03
108.00 -68.36 -9999.00 -9999.00 -9999.00 226.26 31.20 0.00
0.00 16015.21
94.00 -67.86 -9999.00 -9999.00 -9999.00 232.08 21.17 0.00
0.00 16848.48
81.00 -67.46 -9999.00 -9999.00 -9999.00 193.16 15.37 0.00
0.00 17743.78
70.60 -66.26 -9999.00 -9999.00 -9999.00 202.31 8.20 0.00
0.00 18573.58
62.20 -66.26 -9999.00 -9999.00 -9999.00 161.57 4.29 0.00
0.00 19340.72
54.30 -64.66 -9999.00 -9999.00 -9999.00 82.87 6.25 0.00
0.00 20166.48
46.90 -63.76 -9999.00 -9999.00 -9999.00 82.87 14.10 0.00
0.00 21062.51
40.10 -61.76 -9999.00 -9999.00 -9999.00 88.24 12.63 0.00
0.00 22027.17
33.80 -61.06 -9999.00 -9999.00 -9999.00 15.02 8.24 0.00
0.00 23086.50
27.80 -61.06 -9999.00 -9999.00 -9999.00 360.00 9.71 0.00
0.00 24299.73
22.30 -57.56 -9999.00 -9999.00 -9999.00 334.65 4.08 0.00
0.00 25679.61
17.10 -51.66 -9999.00 -9999.00 -9999.00 297.90 7.48 0.00
0.00 27378.05
12.30 -45.96 -9999.00 -9999.00 -9999.00 271.10 20.20 0.00
0.00 29541.66

STID = FFC STNM = 722150 TIME = 221026/1500 
SLAT = 33.36 SLON = -84.57 SELV = 270.0
STIM = 3

SHOW = 12.19 LIFT = 14.73 SWET = 85.19 KINX = -11.93
LCLP = 926.63 PWAT = 12.89 TOTL = 28.76 CAPE = 0.18
LCLT = 281.50 CINS = -0.07 EQLV = 908.25 LFCT = 918.44
BRCH = 0.01

PRES TMPC TMWC DWPC THTE DRCT SKNT OMEG
CFRL HGHT
981.80 13.04 10.90 9.21 308.94 291.54 7.94 0.10
0.00 280.28
978.90 12.64 10.55 8.87 308.36 291.19 10.22 0.10
0.00 305.15
973.50 12.04 10.18 8.65 308.01 292.17 11.32 0.10
0.00 351.58
964.20 11.24 9.70 8.42 307.87 292.48 12.20 0.10
0.00 431.95
950.50 10.04 9.02 8.13 307.71 293.09 12.88 0.10
0.00 551.35
933.00 8.54 8.16 7.78 307.60 292.87 13.50 0.10
35.00 705.65
912.00 7.04 7.01 6.92 307.27 292.68 14.10 0.10
100.00 893.65
889.20 6.84 5.76 4.70 307.00 289.50 19.77 0.20
32.00 1102.03
864.50 12.84 6.22 -0.78 310.93 277.45 25.47 0.20
3.00 1336.11
836.90 15.14 5.50 -6.42 312.36 266.85 24.71 0.10
0.00 1609.40
806.50 14.44 4.33 -9.29 313.46 262.13 24.13 0.10
0.00 1921.75
773.30 12.84 2.74 -12.36 314.15 262.98 25.45 0.10
0.00 2275.10
737.30 11.04 0.83 -17.04 314.71 261.35 27.12 0.10
0.00 2673.32
698.40 8.94 -1.23 -22.68 315.70 260.48 29.35 0.00
0.00 3122.86
656.60 6.14 -3.42 -26.69 317.35 259.63 30.21 -0.10
0.00 3630.17
612.00 2.84 -5.88 -30.01 319.48 261.59 27.87 -0.10
0.00 4202.05
564.90 -1.56 -9.07 -33.57 321.24 271.48 30.13 -0.10
0.00 4844.03
519.20 -6.76 -12.81 -36.07 322.56 268.43 35.37 -0.10
0.00 5508.41
478.00 -12.16 -16.75 -36.89 323.58 263.35 35.20 0.00
0.00 6146.70
441.00 -16.86 -20.54 -41.06 324.78 262.05 35.10 0.10
0.00 6756.75
407.70 -21.06 -24.12 -47.44 326.29 261.00 35.99 0.20
0.00 7340.99
377.50 -25.16 -27.61 -51.33 327.96 258.05 37.53 0.30
0.00 7904.31
350.20 -29.26 -31.14 -52.97 329.49 257.65 39.98 0.30
0.00 8444.74
325.70 -33.16 -34.63 -57.44 330.88 257.12 44.44 0.30
0.00 8958.40
303.50 -37.36 -38.43 -59.77 331.68 254.28 48.04 0.30
0.00 9449.99
283.50 -41.36 -42.12 -60.30 332.46 250.97 47.67 0.20
0.00 9916.51
265.50 -44.66 -45.24 -63.02 333.89 248.42 47.01 0.10
0.00 10358.42
248.70 -47.36 -47.84 -66.51 336.12 246.90 46.04 0.10
0.00 10793.03
233.50 -48.96 -49.38 -66.97 339.80 248.51 46.13 0.00
0.00 11208.37
219.60 -50.26 -50.64 -67.41 343.81 251.64 45.65 -0.10
0.00 11609.97
205.60 -51.96 -52.32 -72.72 347.62 251.96 44.54 -0.10
0.00 12038.12
191.70 -54.46 -54.74 -73.19 350.64 253.44 47.01 -0.10
0.00 12488.79
177.70 -57.66 -57.86 -73.70 353.07 258.19 48.43 0.00
0.00 12970.69
163.80 -60.66 -9999.00 -9999.00 -9999.00 262.31 46.46 0.00
0.00 13480.88
149.80 -63.16 -9999.00 -9999.00 -9999.00 259.58 41.88 0.00
0.00 14033.32
135.90 -65.06 -9999.00 -9999.00 -9999.00 247.98 37.30 0.00
0.00 14629.19
121.90 -66.36 -9999.00 -9999.00 -9999.00 235.70 35.51 0.00
0.00 15289.33
108.00 -68.96 -9999.00 -9999.00 -9999.00 230.06 31.16 0.00
0.00 16017.57
94.00 -68.36 -9999.00 -9999.00 -9999.00 234.59 19.77 0.00
0.00 16848.60
81.00 -67.66 -9999.00 -9999.00 -9999.00 195.45 15.31 0.00
0.00 17742.38
70.60 -66.46 -9999.00 -9999.00 -9999.00 201.57 8.97 0.00
0.00 18571.37
62.20 -65.96 -9999.00 -9999.00 -9999.00 152.65 6.33 0.00
0.00 19338.69
54.30 -64.26 -9999.00 -9999.00 -9999.00 102.99 10.37 0.00
0.00 20165.85
46.90 -63.56 -9999.00 -9999.00 -9999.00 90.00 15.54 0.00
0.00 21063.17
40.10 -62.26 -9999.00 -9999.00 -9999.00 87.23 12.06 0.00
0.00 22027.14
33.80 -60.96 -9999.00 -9999.00 -9999.00 13.74 8.99 0.00
0.00 23085.46
27.80 -60.26 -9999.00 -9999.00 -9999.00 358.75 8.94 0.00
0.00 24301.27
22.30 -56.96 -9999.00 -9999.00 -9999.00 311.50 6.74 0.00
0.00 25685.66
17.10 -52.56 -9999.00 -9999.00 -9999.00 288.43 6.76 0.00
0.00 27382.94
12.30 -46.66 -9999.00 -9999.00 -9999.00 262.61 21.15 0.00
0.00 29538.83

STID = FFC STNM = 722150 TIME = 221026/1600 
SLAT = 33.36 SLON = -84.57 SELV = 270.0
STIM = 4

SHOW = 11.89 LIFT = 14.68 SWET = 79.81 KINX = -11.12
LCLP = 926.63 PWAT = 12.75 TOTL = 29.22 CAPE = 0.18
LCLT = 281.52 CINS = -0.07 EQLV = 908.40 LFCT = 919.47
BRCH = 0.01

PRES TMPC TMWC DWPC THTE DRCT SKNT OMEG
CFRL HGHT
981.50 13.04 10.91 9.23 309.00 293.39 7.83 0.10
0.00 279.43
978.50 12.54 10.52 8.88 308.31 294.08 10.00 0.10
0.00 305.16
973.10 12.04 10.19 8.68 308.09 294.27 10.86 0.10
0.00 351.60
963.80 11.14 9.68 8.46 307.85 294.84 11.56 0.10
0.00 431.99
950.20 9.94 9.00 8.19 307.72 294.90 11.99 0.10
0.00 550.52
932.60 8.44 8.16 7.87 307.66 295.35 12.26 0.10
40.00 705.71
911.70 7.04 7.01 6.92 307.30 295.77 12.51 0.10
100.00 892.86
888.80 6.94 5.82 4.74 307.21 293.29 16.71 0.20
34.00 1102.27
864.20 13.54 6.77 -0.12 312.34 280.09 23.29 0.20
4.00 1335.84
836.60 15.34 5.43 -7.09 312.18 271.94 22.94 0.10
0.00 1609.67
806.30 14.44 3.98 -11.02 312.56 267.99 22.16 0.10
0.00 1921.15
773.10 12.94 2.33 -15.07 313.09 268.14 23.91 0.00
0.00 2274.57
737.10 10.94 0.51 -19.11 313.92 267.16 27.43 0.00
0.00 2672.83
698.20 8.74 -1.31 -22.43 315.56 264.03 29.88 -0.10
0.00 3122.22
656.50 5.94 -3.35 -24.57 317.61 261.66 29.45 -0.10
0.00 3628.10
611.80 2.64 -5.92 -29.03 319.46 263.14 26.03 -0.10
0.00 4201.01
564.80 -1.56 -9.01 -32.59 321.40 273.09 28.79 0.00
0.00 4841.58
519.10 -6.86 -12.86 -35.78 322.50 268.34 33.62 0.00
0.00 5505.97
477.90 -12.06 -16.70 -37.19 323.68 269.34 33.80 0.00
0.00 6144.39
441.00 -16.86 -20.54 -41.06 324.78 269.35 33.99 0.00
0.00 6752.97
407.70 -21.46 -24.37 -45.56 325.88 264.29 35.14 0.00
0.00 7336.76
377.40 -25.56 -27.87 -48.83 327.57 259.29 36.58 0.00
0.00 7901.12
350.20 -29.36 -31.22 -52.97 329.35 257.96 39.12 0.10
0.00 8439.10
325.60 -33.26 -34.72 -57.44 330.78 256.99 44.85 0.20
0.00 8954.72
303.50 -37.66 -38.68 -58.00 331.30 252.50 49.09 0.20
0.00 9443.76
283.50 -41.66 -42.39 -60.30 332.03 248.91 49.13 0.10
0.00 9909.69
265.50 -44.96 -45.52 -63.02 333.45 248.37 47.44 0.10
0.00 10351.02
248.70 -47.26 -47.74 -66.51 336.27 248.11 46.89 0.00
0.00 10785.44
233.50 -48.66 -49.10 -66.97 340.26 249.94 47.57 0.00
0.00 11201.15
219.60 -49.96 -50.38 -72.27 344.22 252.44 48.29 0.00
0.00 11603.29
205.60 -51.86 -52.22 -72.72 347.78 254.02 48.70 -0.10
0.00 12031.82
191.70 -54.36 -54.65 -73.19 350.80 256.52 48.35 -0.10
0.00 12482.69
177.70 -57.46 -57.67 -73.70 353.40 260.06 46.15 0.00
0.00 12964.92
163.80 -60.46 -9999.00 -9999.00 -9999.00 262.59 43.69 0.00
0.00 13475.59
149.80 -62.86 -9999.00 -9999.00 -9999.00 258.47 39.84 0.00
0.00 14028.69
135.90 -64.76 -9999.00 -9999.00 -9999.00 247.62 39.28 0.00
0.00 14625.42
121.90 -66.66 -9999.00 -9999.00 -9999.00 240.00 37.68 0.00
0.00 15285.56
108.00 -68.86 -9999.00 -9999.00 -9999.00 239.57 32.21 0.00
0.00 16013.44
94.00 -68.26 -9999.00 -9999.00 -9999.00 239.91 19.76 0.00
0.00 16844.88
81.00 -67.16 -9999.00 -9999.00 -9999.00 201.52 14.82 0.00
0.00 17739.96
70.60 -66.16 -9999.00 -9999.00 -9999.00 210.53 8.80 0.00
0.00 18570.56
62.20 -65.26 -9999.00 -9999.00 -9999.00 151.82 6.18 0.00
0.00 19339.74
54.30 -64.16 -9999.00 -9999.00 -9999.00 105.42 11.69 0.00
0.00 20168.49
46.90 -64.16 -9999.00 -9999.00 -9999.00 94.90 13.66 0.00
0.00 21064.73
40.10 -63.46 -9999.00 -9999.00 -9999.00 87.34 8.35 0.00
0.00 22024.58
33.80 -61.46 -9999.00 -9999.00 -9999.00 18.92 7.19 0.00
0.00 23078.65
27.80 -60.56 -9999.00 -9999.00 -9999.00 13.24 6.78 0.00
0.00 24292.16
22.30 -57.56 -9999.00 -9999.00 -9999.00 319.64 5.09 0.00
0.00 25673.66
17.10 -53.76 -9999.00 -9999.00 -9999.00 270.00 4.27 0.00
0.00 27363.94
12.30 -47.36 -9999.00 -9999.00 -9999.00 264.71 21.08 0.00
0.00 29510.67

STID = FFC STNM = 722150 TIME = 221026/1700 
SLAT = 33.36 SLON = -84.57 SELV = 270.0
STIM = 5

SHOW = 12.15 LIFT = 14.85 SWET = 73.60 KINX = -10.17
LCLP = 926.63 PWAT = 12.46 TOTL = 28.71 CAPE = 0.16
LCLT = 281.55 CINS = -0.02 EQLV = 909.93 LFCT = 920.73
BRCH = 0.01

PRES TMPC TMWC DWPC THTE DRCT SKNT OMEG
CFRL HGHT
981.20 13.04 10.92 9.25 309.07 297.22 7.65 0.10
0.00 279.43
978.20 12.54 10.53 8.90 308.37 297.60 9.63 0.10
0.00 305.17
972.80 11.94 10.16 8.70 308.04 298.44 10.61 0.10
0.00 351.62
963.50 11.14 9.69 8.47 307.90 299.25 11.13 0.10
0.00 432.02
949.90 9.94 9.00 8.18 307.74 299.15 11.56 0.10
0.00 550.59
932.40 8.34 8.11 7.87 307.57 299.98 11.65 0.10
43.00 704.91
911.40 7.04 6.99 6.89 307.30 300.80 11.75 0.10
100.00 892.97
888.60 7.94 6.01 4.16 307.67 300.03 14.36 0.10
21.00 1101.88
863.90 13.64 6.89 0.09 312.68 287.22 20.34 0.10
5.00 1336.91
836.40 15.24 5.27 -7.58 311.80 277.91 21.17 0.10
0.00 1609.82
806.00 14.34 3.44 -13.79 311.21 276.10 20.12 0.10
0.00 1922.27
772.90 12.84 1.80 -18.55 311.76 277.13 21.93 0.00
0.00 2274.53
736.90 10.84 0.26 -20.73 313.34 275.16 25.93 0.00
0.00 2672.69
698.00 8.64 -1.22 -21.13 315.84 266.19 29.20 0.00
0.00 3122.05
656.30 5.94 -3.21 -23.25 317.97 259.08 27.70 0.00
0.00 3628.02
611.70 2.74 -5.91 -29.61 319.48 260.07 23.66 0.00
0.00 4199.90
564.70 -1.46 -8.96 -32.83 321.50 269.59 27.00 0.10
0.00 4840.80
519.00 -6.66 -12.73 -35.78 322.76 266.88 32.09 0.10
0.00 5505.68
477.90 -11.86 -16.56 -37.19 323.93 274.79 32.56 0.10
0.00 6143.09
440.90 -16.96 -20.52 -39.24 324.86 274.01 33.29 0.10
0.00 6753.52
407.60 -21.86 -24.57 -42.62 325.62 266.12 34.46 0.20
0.00 7336.89
377.40 -25.76 -27.99 -47.46 327.39 260.39 36.05 0.30
0.00 7898.80
350.20 -29.26 -31.16 -54.09 329.45 258.75 38.81 0.40
0.00 8436.67
325.60 -33.36 -34.78 -55.96 330.68 253.37 44.79 0.30
0.00 8952.29
303.40 -37.66 -38.68 -58.01 331.33 245.27 48.76 0.30
0.00 9443.52
283.50 -41.76 -42.48 -60.30 331.89 245.18 48.58 0.20
0.00 9907.10
265.50 -44.86 -45.43 -63.02 333.59 247.14 47.01 0.10
0.00 10348.43
248.70 -46.86 -47.36 -66.51 336.86 249.47 47.09 0.10
0.00 10783.33
233.50 -48.26 -48.72 -66.97 340.86 252.95 48.35 0.00
0.00 11199.78
219.60 -49.86 -50.26 -67.41 344.43 256.18 49.61 0.00
0.00 11602.36
205.60 -51.96 -52.32 -72.72 347.62 258.95 49.67 0.00
0.00 12030.90
191.70 -54.36 -54.65 -73.19 350.80 261.74 48.68 0.00
0.00 12481.67
177.70 -57.26 -57.47 -73.70 353.73 261.33 46.37 0.00
0.00 12964.12
163.80 -60.06 -9999.00 -9999.00 -9999.00 259.86 43.03 0.00
0.00 13475.50
149.80 -62.76 -9999.00 -9999.00 -9999.00 258.14 39.70 0.00
0.00 14029.26
135.90 -65.26 -9999.00 -9999.00 -9999.00 252.02 39.01 0.00
0.00 14625.41
121.90 -67.36 -9999.00 -9999.00 -9999.00 247.59 37.20 0.00
0.00 15283.65
108.00 -69.06 -9999.00 -9999.00 -9999.00 245.03 31.29 0.00
0.00 16009.93
94.00 -68.66 -9999.00 -9999.00 -9999.00 243.96 19.02 0.00
0.00 16840.15
81.00 -67.36 -9999.00 -9999.00 -9999.00 201.40 15.44 0.00
0.00 17733.93
70.60 -66.86 -9999.00 -9999.00 -9999.00 211.37 9.32 0.00
0.00 18562.71
62.20 -65.96 -9999.00 -9999.00 -9999.00 162.90 5.28 0.00
0.00 19329.30
54.30 -65.36 -9999.00 -9999.00 -9999.00 106.61 11.56 0.00
0.00 20154.27
46.90 -65.46 -9999.00 -9999.00 -9999.00 102.53 12.53 0.00
0.00 21045.15
40.10 -64.56 -9999.00 -9999.00 -9999.00 97.13 6.25 0.00
0.00 21999.50
33.80 -62.36 -9999.00 -9999.00 -9999.00 17.88 6.33 0.00
0.00 23048.56
27.80 -61.36 -9999.00 -9999.00 -9999.00 24.44 7.03 0.00
0.00 24257.22
22.30 -57.36 -9999.00 -9999.00 -9999.00 11.31 2.97 0.00
0.00 25636.78
17.10 -52.16 -9999.00 -9999.00 -9999.00 236.31 4.20 0.00
0.00 27334.06
12.30 -46.36 -9999.00 -9999.00 -9999.00 268.93 20.78 0.00
0.00 29493.32

STID = FFC STNM = 722150 TIME = 221026/1800 
SLAT = 33.36 SLON = -84.57 SELV = 270.0
STIM = 6

SHOW = 12.36 LIFT = 15.05 SWET = 68.45 KINX = -8.41
LCLP = 914.18 PWAT = 12.40 TOTL = 28.52 CAPE = 0.34
LCLT = 280.96 CINS = 0.00 EQLV = 908.52 LFCT = 915.63
BRCH = 0.02

PRES TMPC TMWC DWPC THTE DRCT SKNT OMEG
CFRL HGHT
979.90 13.44 10.88 8.84 309.09 296.57 7.38 0.10
0.00 279.45
977.00 12.84 10.48 8.56 308.37 297.10 9.38 0.10
0.00 304.40
971.60 12.34 10.16 8.37 308.18 298.01 10.33 0.10
0.00 350.96
962.30 11.44 9.65 8.15 307.94 298.37 11.03 0.10
0.00 431.55
948.70 10.14 8.92 7.86 307.67 299.51 11.83 0.20
0.00 550.36
931.20 8.64 8.07 7.54 307.60 300.19 12.35 0.10
11.00 704.99
910.30 6.94 6.92 6.85 307.27 300.51 12.63 0.10
100.00 892.45
887.50 8.14 5.94 3.80 307.62 303.25 14.16 0.10
18.00 1101.65
862.80 13.14 6.61 -0.05 312.13 295.17 17.81 0.10
4.00 1336.84
835.40 14.64 5.28 -6.31 312.06 283.63 19.79 0.10
0.00 1608.59
805.10 13.74 3.01 -14.65 310.31 281.08 19.19 0.10
0.00 1919.74
772.00 12.54 1.57 -19.20 311.34 280.65 19.97 0.10
0.00 2271.83
736.10 10.64 0.20 -20.29 313.35 277.41 24.09 0.10
0.00 2668.98
697.30 8.54 -1.06 -19.36 316.38 265.97 27.66 0.10
0.00 3117.44
655.70 5.94 -3.26 -23.64 317.96 256.17 26.01 0.00
0.00 3622.61
611.20 2.74 -6.00 -30.87 319.35 255.23 22.11 0.00
0.00 4193.69
564.30 -1.46 -8.98 -33.08 321.53 264.16 24.81 0.00
0.00 4833.70
518.70 -6.46 -12.60 -35.79 323.05 265.97 30.38 0.00
0.00 5497.80
477.60 -11.76 -16.41 -35.79 324.30 278.23 32.58 0.00
0.00 6135.97
440.70 -17.16 -20.56 -37.41 324.87 274.13 32.32 0.10
0.00 6744.98
407.50 -22.06 -24.70 -42.21 325.42 265.96 33.10 0.10
0.00 7326.36
377.30 -25.76 -28.01 -48.12 327.37 262.45 35.47 0.20
0.00 7888.18
350.10 -29.36 -31.22 -52.97 329.38 258.80 39.01 0.20
0.00 8426.09
325.60 -33.46 -34.87 -55.96 330.54 248.43 43.86 0.20
0.00 8939.48
303.40 -37.86 -38.86 -58.01 331.04 240.58 47.05 0.20
0.00 9430.40
283.40 -41.76 -42.49 -60.31 331.92 241.22 47.20 0.10
0.00 9896.19
265.40 -44.76 -45.33 -63.02 333.78 245.31 45.10 0.00
0.00 10337.77
248.70 -46.66 -47.18 -66.51 337.16 250.16 45.22 0.00
0.00 10770.46
233.50 -48.16 -48.62 -66.97 341.02 254.81 46.70 0.00
0.00 11187.18
219.60 -49.96 -50.36 -67.41 344.27 257.37 47.98 0.00
0.00 11589.77
205.60 -52.06 -52.41 -72.72 347.46 258.41 47.40 0.00
0.00 12018.11
191.70 -54.56 -54.84 -73.19 350.48 260.94 45.63 0.00
0.00 12468.57
177.70 -57.36 -57.57 -73.70 353.56 257.78 43.12 0.00
0.00 12950.69
163.80 -59.56 -9999.00 -9999.00 -9999.00 252.47 42.58 0.00
0.00 13462.55
149.80 -62.16 -9999.00 -9999.00 -9999.00 252.00 40.23 0.00
0.00 14017.74
135.90 -65.16 -9999.00 -9999.00 -9999.00 251.94 37.59 0.00
0.00 14614.90
121.90 -67.86 -9999.00 -9999.00 -9999.00 253.42 36.07 0.00
0.00 15272.49
108.00 -69.06 -9999.00 -9999.00 -9999.00 250.14 29.74 0.00
0.00 15997.89
94.00 -68.86 -9999.00 -9999.00 -9999.00 248.43 17.97 0.00
0.00 16827.71
81.00 -68.06 -9999.00 -9999.00 -9999.00 199.15 14.80 0.00
0.00 17719.52
70.60 -67.86 -9999.00 -9999.00 -9999.00 194.93 9.05 0.00
0.00 18544.89
62.20 -66.26 -9999.00 -9999.00 -9999.00 151.26 6.88 0.00
0.00 19309.06
54.30 -65.46 -9999.00 -9999.00 -9999.00 117.53 15.56 0.00
0.00 20133.24
46.90 -64.96 -9999.00 -9999.00 -9999.00 120.70 14.45 0.00
0.00 21024.98
40.10 -63.46 -9999.00 -9999.00 -9999.00 111.04 5.42 0.00
0.00 21982.99
33.80 -61.96 -9999.00 -9999.00 -9999.00 11.98 6.55 0.00
0.00 23035.81
27.80 -61.56 -9999.00 -9999.00 -9999.00 25.46 4.53 0.00
0.00 24245.04
22.30 -56.26 -9999.00 -9999.00 -9999.00 229.76 3.30 0.00
0.00 25627.50
17.10 -50.26 -9999.00 -9999.00 -9999.00 232.50 10.53 0.00
0.00 27336.44
12.30 -45.76 -9999.00 -9999.00 -9999.00 258.69 17.83 0.00
0.00 29507.76

STID = FFC STNM = 722150 TIME = 221026/1900 
SLAT = 33.36 SLON = -84.57 SELV = 270.0
STIM = 7

SHOW = 12.49 LIFT = 14.80 SWET = 63.11 KINX = -7.89
LCLP = 902.56 PWAT = 12.92 TOTL = 28.34 CAPE = 0.00
LCLT = 280.65 CINS = 0.00 EQLV = -9999.00 LFCT = -9999.00
BRCH = 0.00

PRES TMPC TMWC DWPC THTE DRCT SKNT OMEG
CFRL HGHT
980.70 14.24 11.16 8.73 309.73 291.25 7.50 0.10
0.00 278.61
977.60 13.74 10.81 8.46 309.16 291.80 9.42 0.10
0.00 305.34
972.30 13.14 10.46 8.28 308.86 291.80 10.47 0.10
0.00 351.14
963.00 12.24 9.94 8.05 308.61 293.46 11.23 0.10
0.00 431.89
949.40 11.04 9.27 7.78 308.48 294.44 11.73 0.10
0.00 550.97
931.90 9.54 8.44 7.47 308.43 296.57 12.16 0.00
0.00 705.98
911.00 7.64 7.39 7.12 308.32 298.18 12.33 0.00
58.00 893.83
888.10 8.44 6.01 3.66 307.73 305.26 13.79 0.00
16.00 1104.17
863.50 13.24 6.39 -0.80 311.47 309.72 16.41 0.00
3.00 1338.38
836.00 14.04 5.52 -4.38 312.69 300.30 17.33 0.00
0.00 1610.69
805.70 13.34 3.73 -9.63 312.16 290.85 17.46 0.10
0.00 1921.19
772.50 12.34 2.04 -15.00 312.53 288.07 19.41 0.10
0.00 2273.86
736.50 10.64 0.41 -18.62 313.82 282.78 23.70 0.10
0.00 2671.81
697.70 8.54 -1.00 -18.96 316.46 267.10 26.85 0.10
0.00 3120.05
656.00 6.14 -3.26 -24.72 317.87 254.24 25.02 0.10
0.00 3626.35
611.50 2.94 -5.95 -32.01 319.36 249.93 21.50 0.10
0.00 4197.54
564.50 -1.26 -8.92 -34.10 321.59 257.57 23.47 0.10
0.00 4839.10
518.90 -6.16 -12.36 -34.96 323.49 268.43 28.38 0.10
0.00 5503.56
477.70 -11.66 -16.25 -34.54 324.58 281.45 31.31 0.10
0.00 6143.60
440.80 -17.16 -20.61 -38.28 324.74 273.84 31.93 0.10
0.00 6752.59
407.60 -21.96 -24.60 -41.80 325.56 270.00 32.63 0.10
0.00 7333.95
377.40 -26.06 -28.21 -46.84 327.03 266.16 34.85 0.10
0.00 7895.41
350.20 -29.66 -31.45 -51.97 328.99 259.09 37.98 0.10
0.00 8432.52
325.60 -33.76 -35.11 -54.69 330.17 246.94 42.64 0.00
0.00 8947.29
303.40 -38.06 -39.01 -56.54 330.80 240.75 44.52 0.00
0.00 9437.70
283.50 -41.86 -42.55 -58.55 331.79 239.41 45.80 0.00
0.00 9900.78
265.50 -44.96 -45.50 -60.81 333.49 245.41 42.95 -0.10
0.00 10341.92
248.70 -46.66 -47.18 -66.51 337.16 251.57 43.01 -0.10
0.00 10776.92
233.50 -48.16 -48.62 -66.97 341.02 256.14 45.42 0.00
0.00 11193.64
219.60 -49.96 -50.36 -67.41 344.27 258.64 46.37 0.00
0.00 11596.23
205.60 -52.06 -52.41 -72.72 347.46 260.38 45.32 0.00
0.00 12024.58
191.70 -54.76 -55.03 -73.19 350.16 261.05 42.48 0.00
0.00 12474.83
177.70 -57.66 -57.86 -73.70 353.07 253.94 38.62 0.00
0.00 12956.40
163.80 -59.66 -9999.00 -9999.00 -9999.00 244.40 41.36 0.00
0.00 13467.78
149.80 -62.06 -9999.00 -9999.00 -9999.00 246.09 41.22 0.00
0.00 14022.97
135.90 -65.36 -9999.00 -9999.00 -9999.00 251.19 37.35 -0.10
0.00 14619.98
121.90 -68.26 -9999.00 -9999.00 -9999.00 255.96 32.83 0.00
0.00 15276.62
108.00 -69.26 -9999.00 -9999.00 -9999.00 250.05 27.89 0.00
0.00 16000.96
94.00 -69.06 -9999.00 -9999.00 -9999.00 241.44 17.46 0.00
0.00 16829.96
81.00 -68.16 -9999.00 -9999.00 -9999.00 193.36 15.97 0.00
0.00 17721.13
70.60 -67.16 -9999.00 -9999.00 -9999.00 187.00 11.15 0.00
0.00 18547.70
62.20 -64.96 -9999.00 -9999.00 -9999.00 154.86 10.51 0.00
0.00 19315.58
54.30 -64.56 -9999.00 -9999.00 -9999.00 131.25 16.80 0.00
0.00 20144.13
46.90 -63.36 -9999.00 -9999.00 -9999.00 133.41 9.89 0.00
0.00 21041.23
40.10 -61.86 -9999.00 -9999.00 -9999.00 28.30 2.87 0.00
0.00 22006.58
33.80 -61.46 -9999.00 -9999.00 -9999.00 7.70 7.25 0.00
0.00 23064.65
27.80 -60.46 -9999.00 -9999.00 -9999.00 347.47 1.79 0.00
0.00 24278.45
22.30 -56.26 -9999.00 -9999.00 -9999.00 255.96 8.00 0.00
0.00 25664.46
17.10 -52.86 -9999.00 -9999.00 -9999.00 252.35 13.46 0.00
0.00 27363.30
12.30 -47.26 -9999.00 -9999.00 -9999.00 248.09 19.27 0.00
0.00 29514.85

STID = FFC STNM = 722150 TIME = 221026/2000 
SLAT = 33.36 SLON = -84.57 SELV = 270.0
STIM = 8

SHOW = 12.57 LIFT = 14.45 SWET = 55.61 KINX = -8.05
LCLP = 892.92 PWAT = 13.36 TOTL = 28.41 CAPE = 0.00
LCLT = 280.50 CINS = 0.00 EQLV = -9999.00 LFCT = -9999.00
BRCH = 0.00

PRES TMPC TMWC DWPC THTE DRCT SKNT OMEG
CFRL HGHT
980.40 14.94 11.45 8.73 310.53 289.86 7.44 0.10
0.00 279.50
977.40 14.34 11.05 8.44 309.82 290.28 9.52 0.10
0.00 305.43
972.10 13.84 10.74 8.25 309.61 291.80 10.47 0.10
0.00 351.34
962.80 12.94 10.24 8.05 309.40 292.54 11.15 0.10
0.00 432.31
949.10 11.74 9.57 7.76 309.26 294.84 11.56 0.10
0.00 552.58
931.60 10.24 8.73 7.44 309.21 296.98 11.99 0.00
0.00 708.03
910.70 8.44 7.68 6.99 309.08 300.19 12.35 0.00
19.00 896.44
887.90 8.04 6.03 4.10 307.80 311.04 13.91 0.00
17.00 1106.08
863.30 12.44 6.18 -0.35 311.02 328.91 15.42 0.00
3.00 1339.86
835.80 13.44 5.64 -3.04 313.10 325.65 14.12 0.00
0.00 1611.62
805.40 13.04 4.16 -7.15 313.36 304.09 15.25 0.10
0.00 1922.82
772.30 12.24 2.26 -13.38 313.14 295.79 19.19 0.10
0.00 2274.37
736.30 10.74 0.48 -18.43 314.02 286.13 24.48 0.20
0.00 2672.46
697.50 8.54 -1.04 -19.26 316.38 270.83 26.81 0.10
0.00 3120.90
655.90 5.94 -3.37 -24.72 317.66 252.80 25.62 0.00
0.00 3625.91
611.40 2.74 -6.07 -32.01 319.14 242.78 22.94 0.00
0.00 4196.79
564.40 -1.16 -8.89 -34.65 321.65 248.29 22.57 0.00
0.00 4838.33
518.80 -6.06 -12.25 -34.19 323.74 266.34 24.34 0.00
0.00 5503.17
477.70 -11.66 -16.23 -34.31 324.62 275.12 28.28 0.10
0.00 6141.84
440.80 -17.06 -20.52 -37.98 324.90 273.24 30.94 0.10
0.00 6750.96
407.50 -22.06 -24.60 -40.34 325.60 273.53 31.53 0.10
0.00 7334.14
377.30 -26.36 -28.42 -45.72 326.73 266.59 32.69 0.10
0.00 7895.30
350.10 -30.16 -31.83 -50.25 328.42 257.67 36.38 0.00
0.00 8431.69
325.60 -34.16 -35.43 -53.58 329.66 246.73 40.81 0.00
0.00 8943.49
303.40 -38.46 -39.35 -55.28 330.28 241.65 41.72 0.00
0.00 9433.08
283.50 -42.26 -42.92 -58.55 331.21 242.27 42.58 -0.10
0.00 9895.37
265.40 -45.06 -45.59 -60.82 333.38 247.02 40.31 -0.10
0.00 10338.56
248.70 -46.56 -47.08 -66.51 337.31 252.82 42.09 0.00
0.00 10771.05
233.50 -48.06 -48.53 -66.97 341.17 256.02 45.84 0.00
0.00 11187.96
219.60 -49.86 -50.26 -67.41 344.43 258.64 46.37 0.00
0.00 11590.72
205.60 -52.26 -52.58 -67.89 347.20 261.08 43.84 0.00
0.00 12018.98
191.70 -55.06 -55.32 -73.19 349.67 259.14 39.16 0.10
0.00 12468.72
177.70 -57.76 -57.96 -73.70 352.91 246.84 35.06 0.10
0.00 12949.84
163.80 -59.76 -9999.00 -9999.00 -9999.00 239.08 41.20 0.00
0.00 13460.99
149.80 -62.16 -9999.00 -9999.00 -9999.00 244.13 42.74 0.00
0.00 14015.92
135.90 -65.16 -9999.00 -9999.00 -9999.00 253.17 39.57 0.00
0.00 14613.07
121.90 -68.36 -9999.00 -9999.00 -9999.00 254.74 31.00 0.00
0.00 15269.87
108.00 -69.36 -9999.00 -9999.00 -9999.00 246.96 26.81 0.00
0.00 15993.85
94.00 -69.46 -9999.00 -9999.00 -9999.00 237.80 18.59 0.00
0.00 16821.84
81.00 -68.46 -9999.00 -9999.00 -9999.00 197.56 16.10 0.00
0.00 17711.48
70.60 -67.16 -9999.00 -9999.00 -9999.00 197.57 12.22 0.00
0.00 18537.45
62.20 -65.36 -9999.00 -9999.00 -9999.00 168.69 9.91 0.00
0.00 19304.59
54.30 -65.46 -9999.00 -9999.00 -9999.00 140.71 13.81 0.00
0.00 20130.55
46.90 -63.46 -9999.00 -9999.00 -9999.00 137.29 6.88 0.00
0.00 21025.51
40.10 -61.56 -9999.00 -9999.00 -9999.00 38.66 4.97 0.00
0.00 21991.32
33.80 -60.86 -9999.00 -9999.00 -9999.00 47.49 6.33 0.00
0.00 23051.64
27.80 -59.16 -9999.00 -9999.00 -9999.00 354.81 2.14 0.00
0.00 24270.88
22.30 -57.06 -9999.00 -9999.00 -9999.00 301.89 10.30 0.00
0.00 25658.50
17.10 -54.36 -9999.00 -9999.00 -9999.00 277.13 17.23 0.00
0.00 27348.40
12.30 -48.26 -9999.00 -9999.00 -9999.00 251.57 23.35 0.00
0.00 29487.89

STID = FFC STNM = 722150 TIME = 221026/2100 
SLAT = 33.36 SLON = -84.57 SELV = 270.0
STIM = 9

SHOW = 12.16 LIFT = 14.06 SWET = 51.80 KINX = -7.64
LCLP = 883.76 PWAT = 13.92 TOTL = 29.27 CAPE = 0.00
LCLT = 280.18 CINS = 0.00 EQLV = -9999.00 LFCT = -9999.00
BRCH = 0.00

PRES TMPC TMWC DWPC THTE DRCT SKNT OMEG
CFRL HGHT
980.10 15.44 11.57 8.56 310.88 296.57 7.38 0.10
0.00 279.52
977.20 14.94 11.24 8.31 310.32 297.60 9.63 0.10
0.00 304.64
971.80 14.44 10.93 8.12 310.13 298.44 10.61 0.10
0.00 351.52
962.50 13.54 10.43 7.92 309.93 300.47 11.50 0.10
0.00 432.69
948.90 12.34 9.77 7.65 309.80 302.40 11.97 0.00
0.00 552.36
931.40 10.84 8.93 7.31 309.72 306.16 12.51 0.00
0.00 708.16
910.50 9.04 7.87 6.84 309.58 310.79 13.09 0.00
0.00 897.00
887.70 7.64 6.44 5.33 308.83 318.89 14.18 0.00
26.00 1106.79
863.00 11.64 6.24 0.80 311.27 338.20 15.70 0.10
3.00 1341.16
835.50 13.04 6.07 -1.18 314.29 341.82 13.69 0.20
0.00 1612.52
805.20 12.64 4.38 -5.57 314.02 315.58 13.60 0.10
0.00 1922.44
772.10 11.94 2.36 -12.00 313.48 302.28 17.46 0.10
0.00 2273.71
736.10 10.64 0.39 -18.72 313.84 289.82 22.92 0.10
0.00 2671.64
697.40 8.44 -1.17 -19.85 316.09 274.02 24.92 0.20
0.00 3118.85
655.70 5.74 -3.44 -24.31 317.56 253.09 25.37 0.10
0.00 3624.92
611.20 2.44 -6.10 -29.82 319.17 240.59 24.53 0.10
0.00 4195.48
564.30 -1.36 -9.00 -34.38 321.47 241.67 22.51 0.10
0.00 4835.26
518.70 -6.06 -12.25 -34.19 323.75 254.28 20.78 0.10
0.00 5499.97
477.60 -11.66 -16.23 -34.31 324.64 264.52 24.40 0.20
0.00 6138.77
440.70 -17.06 -20.49 -37.41 325.00 269.19 27.39 0.20
0.00 6748.03
407.50 -21.86 -24.47 -40.69 325.83 271.19 27.97 0.20
0.00 7329.76
377.30 -26.26 -28.34 -45.72 326.86 262.60 30.17 0.10
0.00 7891.26
350.10 -30.36 -32.00 -50.25 328.15 253.27 35.08 0.10
0.00 8427.54
325.60 -34.56 -35.76 -52.59 329.15 246.16 38.44 0.10
0.00 8938.71
303.40 -38.86 -39.71 -55.28 329.72 241.55 39.55 0.00
0.00 9427.47
283.40 -42.56 -43.20 -58.55 330.82 244.83 39.28 0.00
0.00 9891.46
265.40 -45.16 -45.71 -63.02 333.19 248.86 37.70 0.00
0.00 10331.90
248.70 -46.36 -46.87 -63.51 337.65 253.27 41.18 0.00
0.00 10764.48
233.50 -47.66 -48.13 -63.98 341.82 255.61 46.11 0.00
0.00 11181.95
219.60 -49.86 -50.26 -67.41 344.43 258.12 46.25 0.00
0.00 11585.07
205.60 -52.46 -52.77 -67.89 346.88 259.06 40.95 0.00
0.00 12013.13
191.70 -54.86 -55.13 -73.19 349.99 252.80 34.17 0.00
0.00 12462.88
177.70 -57.36 -57.57 -73.70 353.56 236.22 34.60 0.00
0.00 12944.66
163.80 -59.86 -9999.00 -9999.00 -9999.00 238.05 42.58 0.00
0.00 13456.17
149.80 -62.46 -9999.00 -9999.00 -9999.00 245.05 43.28 0.00
0.00 14010.57
135.90 -65.06 -9999.00 -9999.00 -9999.00 252.02 39.01 0.00
0.00 14607.44
121.90 -67.86 -9999.00 -9999.00 -9999.00 251.68 29.66 0.00
0.00 15265.20
108.00 -69.16 -9999.00 -9999.00 -9999.00 240.82 26.69 0.00
0.00 15990.42
94.00 -69.66 -9999.00 -9999.00 -9999.00 237.12 18.96 0.00
0.00 16818.41
81.00 -68.26 -9999.00 -9999.00 -9999.00 202.17 17.00 0.00
0.00 17708.04
70.60 -67.16 -9999.00 -9999.00 -9999.00 206.95 12.86 0.00
0.00 18534.42
62.20 -65.26 -9999.00 -9999.00 -9999.00 178.73 8.74 0.00
0.00 19301.74
54.30 -65.16 -9999.00 -9999.00 -9999.00 153.43 10.43 0.00
0.00 20128.50
46.90 -62.46 -9999.00 -9999.00 -9999.00 143.13 3.88 0.00
0.00 21026.24
40.10 -60.86 -9999.00 -9999.00 -9999.00 55.41 6.84 0.00
0.00 21995.95
33.80 -60.86 -9999.00 -9999.00 -9999.00 78.41 7.73 0.00
0.00 23058.02
27.80 -59.86 -9999.00 -9999.00 -9999.00 32.47 2.53 0.00
0.00 24275.26
22.30 -59.16 -9999.00 -9999.00 -9999.00 318.72 10.61 0.00
0.00 25653.85
17.10 -55.56 -9999.00 -9999.00 -9999.00 280.66 16.80 0.00
0.00 27330.92
12.30 -48.36 -9999.00 -9999.00 -9999.00 242.35 23.02 0.00
0.00 29464.15

STID = FFC STNM = 722150 TIME = 221026/2200 
SLAT = 33.36 SLON = -84.57 SELV = 270.0
STIM = 10

SHOW = 11.25 LIFT = 14.03 SWET = 69.77 KINX = -6.41
LCLP = 887.52 PWAT = 14.34 TOTL = 30.78 CAPE = 0.00
LCLT = 280.26 CINS = 0.00 EQLV = -9999.00 LFCT = -9999.00
BRCH = 0.00

PRES TMPC TMWC DWPC THTE DRCT SKNT OMEG
CFRL HGHT
980.90 15.24 11.51 8.59 310.61 304.99 7.11 0.10
0.00 279.50
978.00 14.94 11.25 8.34 310.27 306.19 9.87 0.10
0.00 304.59
972.60 14.54 10.98 8.14 310.18 308.21 11.62 0.10
0.00 351.45
963.40 13.64 10.47 7.91 309.92 309.47 12.84 0.10
0.00 431.70
949.70 12.54 9.84 7.62 309.89 312.17 13.89 0.00
0.00 552.21
932.20 11.04 8.99 7.26 309.79 315.54 14.70 0.00
0.00 707.98
911.30 9.14 7.93 6.87 309.63 320.10 15.44 0.10
1.00 896.76
888.50 8.44 6.59 4.88 309.09 327.43 16.59 0.10
5.00 1106.68
863.80 11.94 6.91 2.14 312.87 343.43 17.02 0.20
0.00 1341.31
836.20 12.84 6.60 0.54 315.63 347.06 14.74 0.20
0.00 1613.55
805.80 12.14 4.52 -4.28 314.36 326.77 13.46 0.10
0.00 1923.95
772.70 11.44 2.37 -10.73 313.51 310.60 16.12 0.00
0.00 2274.40
736.70 10.64 0.36 -19.01 313.67 294.13 20.44 0.00
0.00 2671.69
697.80 8.44 -1.21 -20.16 315.94 275.91 22.65 0.10
0.00 3120.88
656.10 5.74 -3.42 -24.16 317.54 253.87 24.48 0.10
0.00 3626.65
611.60 2.54 -5.98 -29.04 319.37 242.46 25.62 0.10
0.00 4196.96
564.60 -1.16 -8.84 -33.84 321.73 241.35 23.91 0.10
0.00 4838.09
518.90 -5.96 -12.20 -34.44 323.80 244.13 21.37 0.10
0.00 5504.33
477.80 -11.66 -16.23 -34.30 324.60 254.05 22.63 0.10
0.00 6142.99
440.90 -16.96 -20.41 -37.40 325.08 261.42 24.75 0.10
0.00 6752.10
407.60 -21.76 -24.43 -41.42 325.86 263.90 25.58 0.10
0.00 7335.60
377.40 -26.16 -28.27 -46.26 326.93 257.18 28.88 0.00
0.00 7897.18
350.20 -30.46 -32.06 -49.49 328.03 250.32 34.03 0.00
0.00 8433.31
325.60 -34.86 -36.02 -52.59 328.73 246.07 35.92 0.00
0.00 8946.06
303.40 -39.06 -39.89 -55.28 329.44 243.30 37.18 -0.10
0.00 9434.31
283.50 -42.66 -43.29 -58.55 330.64 248.53 37.16 -0.10
0.00 9895.60
265.50 -45.16 -45.71 -63.02 333.15 252.63 36.44 0.00
0.00 10335.78
248.70 -46.26 -46.78 -63.51 337.80 254.86 41.65 0.00
0.00 10770.97
233.50 -47.56 -48.06 -66.97 341.92 257.24 46.60 0.00
0.00 11188.62
219.60 -49.86 -50.26 -67.41 344.43 259.13 44.31 0.00
0.00 11591.83
205.60 -52.36 -52.68 -67.89 347.04 256.53 38.34 0.00
0.00 12019.99
191.70 -54.56 -54.84 -73.19 350.48 245.67 33.47 0.00
0.00 12470.14
177.70 -57.36 -57.57 -73.70 353.56 235.65 37.18 0.00
0.00 12952.26
163.80 -60.06 -9999.00 -9999.00 -9999.00 241.77 41.88 0.00
0.00 13463.52
149.80 -62.46 -9999.00 -9999.00 -9999.00 248.69 41.71 0.00
0.00 14017.67
135.90 -65.06 -9999.00 -9999.00 -9999.00 253.77 38.23 0.00
0.00 14614.54
121.90 -67.96 -9999.00 -9999.00 -9999.00 252.13 31.02 0.00
0.00 15272.13
108.00 -69.66 -9999.00 -9999.00 -9999.00 238.04 26.79 0.00
0.00 15996.29
94.00 -69.86 -9999.00 -9999.00 -9999.00 237.93 19.02 0.00
0.00 16822.85
81.00 -68.16 -9999.00 -9999.00 -9999.00 206.83 18.51 0.00
0.00 17712.28
70.60 -67.26 -9999.00 -9999.00 -9999.00 212.09 13.52 0.00
0.00 18538.65
62.20 -64.86 -9999.00 -9999.00 -9999.00 182.94 7.60 0.00
0.00 19306.53
54.30 -64.86 -9999.00 -9999.00 -9999.00 168.96 8.12 0.00
0.00 20134.68
46.90 -62.36 -9999.00 -9999.00 -9999.00 148.39 2.97 0.00
0.00 21033.28
40.10 -61.36 -9999.00 -9999.00 -9999.00 80.27 6.90 0.00
0.00 22002.07
33.80 -61.36 -9999.00 -9999.00 -9999.00 91.64 6.80 0.00
0.00 23061.64
27.80 -60.66 -9999.00 -9999.00 -9999.00 8.97 3.73 0.00
0.00 24275.16
22.30 -60.16 -9999.00 -9999.00 -9999.00 311.99 10.45 0.00
0.00 25647.94
17.10 -54.76 -9999.00 -9999.00 -9999.00 272.54 17.50 0.00
0.00 27324.24
12.30 -47.46 -9999.00 -9999.00 -9999.00 241.31 23.47 0.00
0.00 29465.66

STID = FFC STNM = 722150 TIME = 221026/2300 
SLAT = 33.36 SLON = -84.57 SELV = 270.0
STIM = 11

SHOW = 11.75 LIFT = 14.25 SWET = 56.09 KINX = -7.17
LCLP = 910.42 PWAT = 13.94 TOTL = 29.91 CAPE = 0.00
LCLT = 280.95 CINS = 0.00 EQLV = -9999.00 LFCT = -9999.00
BRCH = 0.00

PRES TMPC TMWC DWPC THTE DRCT SKNT OMEG
CFRL HGHT
982.00 13.94 11.13 8.92 309.51 305.31 5.71 0.10
0.00 279.45
979.00 14.04 11.03 8.65 309.59 308.83 10.22 0.10
0.00 305.28
973.70 13.84 10.80 8.36 309.58 311.35 12.94 0.10
0.00 351.09
964.40 13.24 10.32 7.95 309.42 315.50 15.79 0.10
0.00 431.98
950.70 12.04 9.60 7.57 309.16 320.36 17.66 0.10
0.00 552.17
933.20 10.54 8.75 7.22 309.06 323.62 18.34 0.20
0.00 707.50
912.20 9.04 7.72 6.54 308.98 327.80 18.59 0.30
4.00 896.78
889.40 10.54 7.05 3.80 310.06 338.30 19.44 0.30
1.00 1107.20
864.60 13.04 6.92 0.89 312.71 354.11 18.94 0.30
0.00 1343.81
837.10 12.64 6.00 -0.87 313.93 353.50 15.44 0.30
0.00 1615.14
806.70 11.84 4.24 -4.77 313.54 336.47 13.13 0.10
0.00 1924.88
773.40 11.04 2.27 -10.32 313.20 315.00 14.57 0.10
0.00 2276.65
737.40 10.44 0.29 -18.80 313.42 296.29 18.41 0.00
0.00 2673.16
698.50 8.24 -1.32 -20.25 315.59 278.05 20.80 0.00
0.00 3121.60
656.70 5.54 -3.52 -24.15 317.23 256.20 22.80 0.00
0.00 3627.73
612.00 2.54 -5.99 -29.22 319.27 244.98 25.72 0.00
0.00 4199.95
565.00 -1.16 -8.83 -33.57 321.70 244.04 24.84 0.00
0.00 4840.64
519.20 -5.96 -12.22 -34.69 323.71 239.71 22.73 0.00
0.00 5507.90
478.00 -11.66 -16.25 -34.53 324.53 244.15 20.94 0.00
0.00 6147.79
441.10 -16.96 -20.41 -37.40 325.04 251.73 21.68 0.00
0.00 6756.64
407.70 -21.76 -24.45 -41.80 325.80 254.91 23.14 0.00
0.00 7341.68
377.50 -26.16 -28.25 -45.71 326.95 251.05 27.53 0.00
0.00 7903.12
350.20 -30.56 -32.14 -49.49 327.89 246.53 32.19 0.00
0.00 8441.04
325.70 -35.06 -36.18 -51.69 328.47 242.99 33.80 0.00
0.00 8951.31
303.50 -39.16 -39.98 -55.27 329.27 244.96 35.80 0.00
0.00 9439.10
283.50 -42.56 -43.20 -58.55 330.78 252.57 35.02 0.00
0.00 9902.63
265.50 -44.66 -45.24 -63.02 333.89 253.36 35.28 0.10
0.00 10343.38
248.70 -45.46 -46.03 -63.51 338.99 256.27 43.40 0.10
0.00 10779.82
233.50 -47.36 -47.87 -66.97 342.23 257.89 46.29 0.10
0.00 11198.39
219.60 -49.96 -50.36 -67.41 344.27 257.13 41.84 0.10
0.00 11601.69
205.60 -52.26 -52.58 -67.89 347.20 249.30 35.72 0.10
0.00 12029.85
191.70 -54.36 -54.65 -73.19 350.80 236.74 35.78 0.10
0.00 12480.31
177.70 -57.16 -57.38 -73.70 353.89 235.92 39.16 0.00
0.00 12962.87
163.80 -59.86 -9999.00 -9999.00 -9999.00 242.58 40.93 0.00
0.00 13474.61
149.80 -62.36 -9999.00 -9999.00 -9999.00 250.42 40.00 0.00
0.00 14029.15
135.90 -65.16 -9999.00 -9999.00 -9999.00 254.56 36.48 0.00
0.00 14626.02
121.90 -67.96 -9999.00 -9999.00 -9999.00 251.45 30.54 0.00
0.00 15283.46
108.00 -69.66 -9999.00 -9999.00 -9999.00 235.28 26.94 0.00
0.00 16007.62
94.00 -69.76 -9999.00 -9999.00 -9999.00 232.22 19.66 0.00
0.00 16834.38
81.00 -68.36 -9999.00 -9999.00 -9999.00 206.83 18.94 0.00
0.00 17723.59
70.60 -66.76 -9999.00 -9999.00 -9999.00 216.53 13.05 0.00
0.00 18550.56
62.20 -64.56 -9999.00 -9999.00 -9999.00 182.86 7.77 0.00
0.00 19319.93
54.30 -64.76 -9999.00 -9999.00 -9999.00 176.63 6.62 0.00
0.00 20148.87
46.90 -62.36 -9999.00 -9999.00 -9999.00 102.99 2.58 0.00
0.00 21047.69
40.10 -61.96 -9999.00 -9999.00 -9999.00 84.14 7.61 0.00
0.00 22015.10
33.80 -62.46 -9999.00 -9999.00 -9999.00 87.51 4.47 0.00
0.00 23070.42
27.80 -62.06 -9999.00 -9999.00 -9999.00 329.53 3.83 0.00
0.00 24276.79
22.30 -60.46 -9999.00 -9999.00 -9999.00 303.15 11.36 0.00
0.00 25644.08
17.10 -55.06 -9999.00 -9999.00 -9999.00 286.50 16.41 0.00
0.00 27318.05
12.30 -47.86 -9999.00 -9999.00 -9999.00 238.57 20.49 0.00
0.00 29456.10

STID = FFC STNM = 722150 TIME = 221027/0000 
SLAT = 33.36 SLON = -84.57 SELV = 270.0
STIM = 12

SHOW = 12.66 LIFT = 14.61 SWET = 55.60 KINX = -8.91
LCLP = 927.40 PWAT = 13.10 TOTL = 28.14 CAPE = 0.00
LCLT = 281.21 CINS = 0.00 EQLV = -9999.00 LFCT = -9999.00
BRCH = 0.00

PRES TMPC TMWC DWPC THTE DRCT SKNT OMEG
CFRL HGHT
982.50 12.74 10.63 8.92 308.14 313.60 5.63 0.10
0.00 279.41
979.60 12.94 10.57 8.66 308.33 317.73 11.56 0.10
0.00 304.26
974.20 12.94 10.42 8.37 308.54 319.90 14.47 0.10
0.00 350.75
964.90 12.54 10.04 7.98 308.63 325.49 18.86 0.20
0.00 431.37
951.20 11.44 9.40 7.68 308.58 328.05 21.29 0.20
0.00 551.22
933.70 9.94 8.52 7.29 308.43 329.46 22.55 0.30
0.00 706.15
912.70 9.74 7.50 5.47 308.37 335.36 23.29 0.30
4.00 895.33
889.90 12.44 7.07 1.78 309.94 352.23 21.56 0.30
0.00 1106.52
865.10 13.74 6.47 -1.27 311.42 9.07 18.49 0.30
0.00 1343.98
837.50 12.74 5.26 -3.23 311.97 10.30 15.21 0.20
0.00 1616.42
807.10 11.74 3.84 -6.00 312.49 352.65 12.14 0.20
0.00 1925.91
773.90 11.04 2.11 -11.06 312.74 324.16 12.94 0.10
0.00 2276.31
737.80 10.24 0.21 -18.60 313.22 303.11 16.01 0.00
0.00 2673.54
698.80 7.94 -1.50 -20.46 315.15 285.09 17.91 0.00
0.00 3122.52
657.00 5.24 -3.73 -24.56 316.74 261.95 19.42 0.00
0.00 3627.87
612.30 2.44 -6.08 -29.60 319.04 248.96 24.36 0.00
0.00 4199.40
565.20 -1.16 -8.82 -33.57 321.67 246.63 24.96 0.00
0.00 4841.06
519.40 -6.06 -12.29 -34.95 323.52 239.44 23.68 -0.10
0.00 5507.95
478.20 -11.66 -16.26 -34.77 324.45 234.65 20.47 -0.10
0.00 6147.46
441.20 -17.06 -20.48 -37.39 324.89 238.28 20.32 -0.10
0.00 6757.63
407.80 -21.86 -24.51 -41.41 325.68 243.20 21.54 -0.10
0.00 7342.31
377.60 -26.46 -28.50 -45.71 326.53 242.28 25.89 -0.10
0.00 7903.16
350.30 -30.96 -32.46 -48.78 327.36 241.60 29.82 -0.10
0.00 8440.16
325.70 -35.36 -36.44 -51.69 328.05 242.35 32.23 -0.10
0.00 8951.70
303.50 -39.36 -40.16 -55.27 328.99 245.64 33.90 0.00
0.00 9438.97
283.50 -42.16 -42.85 -60.30 331.31 251.89 32.50 0.00
0.00 9902.70
265.50 -43.86 -44.50 -63.02 335.05 252.55 35.63 0.00
0.00 10344.61
248.70 -45.06 -45.68 -66.51 339.54 255.20 42.60 0.00
0.00 10782.19
233.50 -47.26 -47.77 -66.97 342.38 253.52 43.14 0.00
0.00 11201.22
219.60 -49.86 -50.26 -67.41 344.43 250.66 38.69 0.00
0.00 11604.70
205.60 -52.16 -52.51 -72.72 347.31 243.16 36.13 0.00
0.00 12033.05
191.70 -54.46 -54.74 -73.19 350.64 235.66 37.88 0.00
0.00 12483.51
177.70 -57.16 -57.38 -73.70 353.89 236.15 38.36 0.00
0.00 12965.96
163.80 -59.86 -60.02 -74.24 357.70 242.26 37.98 0.00
0.00 13477.70
149.80 -62.46 -9999.00 -9999.00 -9999.00 249.62 36.27 0.00
0.00 14032.11
135.90 -65.16 -9999.00 -9999.00 -9999.00 253.14 33.49 0.00
0.00 14628.84
121.90 -67.66 -9999.00 -9999.00 -9999.00 249.66 29.62 0.00
0.00 15286.75
108.00 -69.56 -9999.00 -9999.00 -9999.00 234.37 27.00 0.00
0.00 16011.62
94.00 -69.96 -9999.00 -9999.00 -9999.00 231.42 20.86 0.00
0.00 16838.18
81.00 -68.86 -9999.00 -9999.00 -9999.00 216.29 19.04 0.00
0.00 17725.86
70.60 -66.36 -9999.00 -9999.00 -9999.00 233.29 14.30 0.00
0.00 18552.64
62.20 -64.96 -9999.00 -9999.00 -9999.00 201.80 8.37 0.00
0.00 19322.00
54.30 -65.16 -9999.00 -9999.00 -9999.00 190.89 5.15 0.00
0.00 20149.36
46.90 -62.66 -9999.00 -9999.00 -9999.00 74.93 5.23 0.00
0.00 21046.68
40.10 -62.66 -9999.00 -9999.00 -9999.00 73.18 8.72 0.00
0.00 22011.80
33.80 -62.96 -9999.00 -9999.00 -9999.00 56.31 2.80 0.00
0.00 23064.12
27.80 -61.76 -9999.00 -9999.00 -9999.00 299.48 5.13 0.00
0.00 24269.91
22.30 -58.26 -9999.00 -9999.00 -9999.00 312.46 12.37 0.00
0.00 25645.27
17.10 -52.66 -9999.00 -9999.00 -9999.00 304.70 15.37 0.00
0.00 27337.11
12.30 -46.96 -9999.00 -9999.00 -9999.00 244.58 21.72 0.00
0.00 29491.07

STID = FFC STNM = 722150 TIME = 221027/0100 
SLAT = 33.36 SLON = -84.57 SELV = 270.0
STIM = 13

SHOW = 13.02 LIFT = 14.95 SWET = 54.71 KINX = -9.52
LCLP = 936.01 PWAT = 12.50 TOTL = 27.32 CAPE = 0.00
LCLT = 281.14 CINS = 0.00 EQLV = -9999.00 LFCT = -9999.00
BRCH = 0.00

PRES TMPC TMWC DWPC THTE DRCT SKNT OMEG
CFRL HGHT
982.90 11.94 10.17 8.71 306.93 316.33 5.91 0.10
0.00 279.37
979.90 12.24 10.18 8.48 307.28 322.05 12.32 0.10
0.00 305.01
974.60 12.14 10.00 8.23 307.43 324.29 15.31 0.10
0.00 350.50
965.30 11.84 9.66 7.82 307.61 330.12 21.06 0.20
0.00 430.86
951.60 10.84 9.00 7.41 307.52 332.03 24.84 0.30
0.00 550.39
934.00 9.94 8.10 6.46 307.34 334.17 27.19 0.30
2.00 705.96
913.10 11.04 7.41 4.00 308.06 342.93 25.82 0.30
1.00 894.54
890.20 13.64 7.23 0.78 310.25 1.08 20.59 0.20
0.00 1107.45
865.50 13.94 6.27 -2.17 310.83 12.95 17.35 0.20
0.00 1344.39
837.90 13.04 4.96 -4.75 311.10 16.62 13.58 0.20
0.00 1616.88
807.40 11.84 3.68 -6.80 312.02 2.08 10.68 0.10
0.00 1927.43
774.20 10.84 1.92 -11.53 312.24 332.56 11.38 0.10
0.00 2277.61
738.00 9.94 0.07 -18.50 312.89 309.59 13.11 0.10
0.00 2675.44
699.10 7.64 -1.66 -20.45 314.77 289.15 14.80 0.00
0.00 3122.64
657.20 5.04 -3.86 -24.84 316.42 265.24 16.38 0.00
0.00 3628.56
612.50 2.54 -6.04 -30.00 319.06 251.57 22.11 0.10
0.00 4199.80
565.30 -1.06 -8.75 -33.31 321.81 248.03 24.92 0.10
0.00 4842.89
519.50 -6.06 -12.28 -34.68 323.54 238.59 25.72 0.10
0.00 5509.79
478.30 -11.86 -16.42 -35.01 324.15 226.38 22.80 -0.10
0.00 6148.93
441.20 -17.26 -20.61 -37.12 324.67 223.88 21.02 -0.10
0.00 6760.21
407.90 -22.06 -24.64 -41.04 325.44 228.37 21.06 -0.10
0.00 7342.62
377.60 -26.66 -28.64 -45.19 326.30 229.74 24.94 -0.10
0.00 7904.80
350.30 -31.16 -32.61 -48.13 327.13 232.82 28.28 -0.10
0.00 8441.37
325.70 -35.66 -36.68 -50.87 327.68 238.30 31.04 -0.10
0.00 8952.38
303.50 -39.46 -40.26 -55.27 328.84 243.28 32.40 0.00
0.00 9439.23
283.50 -41.96 -42.67 -60.30 331.60 249.28 32.40 0.00
0.00 9903.06
265.50 -43.76 -44.40 -63.02 335.20 252.06 35.31 0.00
0.00 10345.26
248.70 -45.26 -45.86 -66.51 339.24 254.36 40.35 0.00
0.00 10782.74
233.50 -47.56 -48.06 -66.97 341.92 254.13 41.20 0.00
0.00 11201.31
219.60 -50.06 -50.45 -67.41 344.12 251.20 38.58 -0.10
0.00 11604.35
205.60 -52.56 -52.89 -72.72 346.68 246.80 36.99 -0.10
0.00 12032.12
191.70 -55.06 -55.32 -73.19 349.67 243.70 38.13 -0.10
0.00 12481.55
177.70 -57.66 -57.86 -73.70 353.07 244.51 37.00 0.00
0.00 12962.78
163.80 -60.26 -60.41 -74.24 357.03 243.29 35.00 0.00
0.00 13473.45
149.80 -62.76 -9999.00 -9999.00 -9999.00 246.37 33.92 0.00
0.00 14026.95
135.90 -65.06 -9999.00 -9999.00 -9999.00 249.93 32.26 0.00
0.00 14623.38
121.90 -67.56 -9999.00 -9999.00 -9999.00 246.26 29.91 0.00
0.00 15281.62
108.00 -69.86 -9999.00 -9999.00 -9999.00 235.98 28.13 0.00
0.00 16006.13
94.00 -70.36 -9999.00 -9999.00 -9999.00 234.05 21.83 0.00
0.00 16831.27
81.00 -69.36 -9999.00 -9999.00 -9999.00 223.00 19.66 0.00
0.00 17716.99
70.60 -66.36 -9999.00 -9999.00 -9999.00 239.49 12.63 0.00
0.00 18542.76
62.20 -65.16 -9999.00 -9999.00 -9999.00 185.36 6.24 0.00
0.00 19311.75
54.30 -65.06 -9999.00 -9999.00 -9999.00 143.13 4.86 0.00
0.00 20138.91
46.90 -63.06 -9999.00 -9999.00 -9999.00 90.00 10.10 0.00
0.00 21035.58
40.10 -63.06 -9999.00 -9999.00 -9999.00 76.24 9.79 0.00
0.00 21998.87
33.80 -62.56 -9999.00 -9999.00 -9999.00 57.26 3.22 0.00
0.00 23051.19
27.80 -60.86 -9999.00 -9999.00 -9999.00 303.69 5.59 0.00
0.00 24260.70
22.30 -57.26 -9999.00 -9999.00 -9999.00 325.84 13.15 0.00
0.00 25642.19
17.10 -51.66 -9999.00 -9999.00 -9999.00 320.30 13.38 0.00
0.00 27341.80
12.30 -46.26 -9999.00 -9999.00 -9999.00 251.73 21.08 0.00
0.00 29503.96

STID = FFC STNM = 722150 TIME = 221027/0200 
SLAT = 33.36 SLON = -84.57 SELV = 270.0
STIM = 14

SHOW = 12.67 LIFT = 14.87 SWET = 52.94 KINX = -8.82
LCLP = 938.88 PWAT = 12.29 TOTL = 27.99 CAPE = 0.00
LCLT = 280.81 CINS = 0.00 EQLV = -9999.00 LFCT = -9999.00
BRCH = 0.00

PRES TMPC TMWC DWPC THTE DRCT SKNT OMEG
CFRL HGHT
982.70 11.34 9.71 8.33 305.79 319.57 6.90 0.10
0.00 279.36
979.80 11.54 9.70 8.14 306.08 325.65 14.12 0.10
0.00 304.08
974.40 11.34 9.50 7.93 306.19 327.58 17.04 0.20
0.00 350.31
965.10 10.94 9.10 7.51 306.24 332.41 24.32 0.20
0.00 430.45
951.50 10.14 8.45 6.96 306.19 334.50 27.97 0.30
0.00 548.77
933.90 10.54 7.85 5.38 306.71 338.69 29.39 0.30
2.00 704.30
913.00 12.64 7.93 3.53 309.32 351.87 24.73 0.20
0.00 893.59
890.10 14.24 7.68 1.26 311.38 6.16 19.93 0.20
0.00 1107.34
865.40 14.04 6.52 -1.54 311.48 10.78 16.61 0.10
0.00 1344.62
837.80 13.14 4.99 -4.79 311.19 12.03 12.12 0.10
0.00 1617.26
807.30 11.84 3.53 -7.40 311.64 2.39 9.32 0.10
0.00 1927.88
774.10 10.54 1.73 -11.72 311.83 336.95 9.93 0.10
0.00 2277.91
738.00 9.44 -0.24 -18.89 312.21 311.38 10.88 0.00
0.00 2674.10
699.00 7.34 -1.84 -20.56 314.42 289.83 12.59 0.00
0.00 3121.83
657.20 4.64 -4.09 -24.84 315.96 266.78 13.81 -0.10
0.00 3625.95
612.40 2.34 -6.19 -30.41 318.78 252.65 19.54 0.00
0.00 4197.89
565.30 -1.06 -8.70 -32.58 321.91 249.50 23.85 0.00
0.00 4839.44
519.50 -6.26 -12.39 -34.42 323.33 237.90 25.21 0.00
0.00 5506.10
478.20 -11.96 -16.55 -36.04 323.90 222.12 24.61 -0.10
0.00 6146.49
441.20 -17.36 -20.70 -37.39 324.51 214.48 23.33 -0.20
0.00 6755.94
407.90 -22.26 -24.78 -40.68 325.22 213.96 22.96 -0.20
0.00 7338.00
377.60 -26.96 -28.84 -44.22 325.98 217.91 25.60 -0.10
0.00 7899.62
350.30 -31.36 -32.80 -48.78 326.82 230.45 27.47 -0.10
0.00 8435.65
325.70 -35.76 -36.80 -51.69 327.50 235.99 28.83 -0.10
0.00 8946.33
303.50 -39.26 -40.10 -56.53 329.09 242.96 31.20 0.00
0.00 9433.29
283.50 -41.66 -42.42 -62.52 331.99 251.46 32.38 0.00
0.00 9897.61
265.50 -43.36 -44.03 -63.02 335.79 255.01 36.79 0.00
0.00 10340.48
248.70 -45.26 -45.86 -66.51 339.24 257.27 41.41 0.00
0.00 10778.35
233.50 -47.76 -48.25 -66.97 341.62 256.48 41.55 0.00
0.00 11196.73
219.60 -50.26 -50.67 -72.27 343.76 254.57 38.69 0.00
0.00 11599.41
205.60 -52.56 -52.89 -72.72 346.68 250.81 37.24 0.00
0.00 12026.98
191.70 -55.16 -55.42 -73.19 349.51 249.82 38.29 0.00
0.00 12476.31
177.70 -57.76 -57.96 -73.70 352.91 252.02 38.38 0.00
0.00 12957.32
163.80 -60.36 -60.51 -74.24 356.86 248.73 34.81 0.00
0.00 13467.75
149.80 -62.76 -9999.00 -9999.00 -9999.00 245.97 33.39 0.00
0.00 14021.12
135.90 -64.86 -9999.00 -9999.00 -9999.00 246.39 32.01 0.00
0.00 14617.84
121.90 -67.36 -9999.00 -9999.00 -9999.00 244.24 30.85 0.00
0.00 15276.71
108.00 -69.76 -9999.00 -9999.00 -9999.00 237.31 27.70 0.00
0.00 16001.75
94.00 -70.26 -9999.00 -9999.00 -9999.00 233.34 20.82 0.00
0.00 16827.30
81.00 -68.86 -9999.00 -9999.00 -9999.00 223.03 19.93 0.00
0.00 17714.33
70.60 -65.86 -9999.00 -9999.00 -9999.00 233.37 9.44 0.00
0.00 18542.11
62.20 -65.16 -9999.00 -9999.00 -9999.00 164.98 8.24 0.00
0.00 19312.03
54.30 -64.96 -9999.00 -9999.00 -9999.00 137.05 7.69 0.00
0.00 20139.39
46.90 -63.86 -9999.00 -9999.00 -9999.00 107.53 11.62 0.00
0.00 21034.56
40.10 -63.36 -9999.00 -9999.00 -9999.00 81.16 8.84 0.00
0.00 21995.32
33.80 -62.36 -9999.00 -9999.00 -9999.00 62.10 3.73 0.00
0.00 23047.39
27.80 -59.96 -9999.00 -9999.00 -9999.00 312.27 5.77 0.00
0.00 24260.05
22.30 -56.86 -9999.00 -9999.00 -9999.00 333.43 11.29 0.00
0.00 25645.73
17.10 -51.66 -9999.00 -9999.00 -9999.00 313.57 10.99 0.00
0.00 27346.90
12.30 -46.46 -9999.00 -9999.00 -9999.00 265.49 22.22 0.00
0.00 29508.10

STID = FFC STNM = 722150 TIME = 221027/0300 
SLAT = 33.36 SLON = -84.57 SELV = 270.0
STIM = 15

SHOW = 12.23 LIFT = 14.87 SWET = 49.90 KINX = -8.17
LCLP = 939.43 PWAT = 12.02 TOTL = 28.85 CAPE = 0.00
LCLT = 280.24 CINS = 0.00 EQLV = -9999.00 LFCT = -9999.00
BRCH = 0.00

PRES TMPC TMWC DWPC THTE DRCT SKNT OMEG
CFRL HGHT
982.90 10.74 9.16 7.76 304.38 327.53 7.60 0.10
0.00 279.33
980.00 10.84 9.10 7.56 304.56 331.45 15.03 0.10
0.00 303.99
974.60 10.54 8.87 7.39 304.61 332.88 17.89 0.20
0.00 350.08
965.30 10.14 8.50 7.03 304.74 336.13 24.01 0.20
0.00 429.96
951.70 9.94 8.05 6.33 305.18 339.44 28.21 0.20
4.00 548.04
934.10 11.64 8.03 4.70 307.12 348.47 29.14 0.20
1.00 703.75
913.10 13.94 8.20 2.78 309.94 1.42 23.50 0.20
0.00 894.69
890.30 14.54 7.78 1.18 311.61 10.36 18.36 0.10
0.00 1108.05
865.60 14.14 6.69 -1.16 311.90 12.36 14.51 0.10
0.00 1345.44
838.00 13.24 5.19 -4.26 311.66 9.64 10.45 0.10
0.00 1618.13
807.50 11.84 3.48 -7.59 311.50 360.00 7.58 0.10
0.00 1928.74
774.20 10.44 1.56 -12.28 311.43 339.78 7.87 0.10
0.00 2279.68
738.10 9.24 -0.49 -20.04 311.62 314.09 8.66 0.00
0.00 2675.58
699.10 7.04 -2.04 -20.89 313.97 290.81 10.39 0.00
0.00 3122.84
657.30 4.24 -4.28 -24.56 315.56 269.03 11.46 -0.10
0.00 3626.25
612.50 2.14 -6.29 -30.20 318.56 253.79 17.40 -0.10
0.00 4197.48
565.40 -1.26 -8.76 -31.68 321.80 249.50 22.18 0.00
0.00 4838.47
519.60 -6.46 -12.56 -35.21 322.96 236.06 25.06 0.00
0.00 5504.51
478.30 -12.06 -16.71 -37.48 323.57 222.90 26.24 -0.10
0.00 6144.39
441.30 -17.46 -20.81 -37.97 324.29 214.64 25.97 -0.10
0.00 6753.46
407.90 -22.46 -24.91 -40.33 324.99 210.82 25.78 -0.10
0.00 7336.86
377.60 -27.16 -29.03 -44.69 325.67 216.62 26.38 0.00
0.00 7898.03
350.30 -31.46 -32.89 -48.78 326.69 230.45 27.47 0.00
0.00 8433.72
325.70 -35.86 -36.91 -52.59 327.32 234.95 29.43 0.00
0.00 8944.19
303.50 -38.86 -39.78 -59.77 329.57 246.75 30.01 0.00
0.00 9431.45
283.50 -41.16 -41.96 -62.52 332.71 252.20 33.04 0.10
0.00 9896.67
265.50 -42.86 -43.57 -63.02 336.52 257.69 39.16 0.00
0.00 10340.50
248.70 -45.46 -46.03 -63.51 338.99 257.30 42.40 0.00
0.00 10778.65
233.50 -47.76 -48.25 -66.97 341.62 256.03 41.84 0.00
0.00 11196.86
219.60 -50.06 -50.48 -72.27 344.07 256.45 38.97 0.00
0.00 11599.71
205.60 -52.66 -52.99 -72.72 346.52 254.85 36.42 0.00
0.00 12027.38
191.70 -55.16 -55.42 -73.19 349.51 253.44 37.49 0.00
0.00 12476.61
177.70 -57.66 -57.86 -73.70 353.07 255.33 38.34 0.00
0.00 12957.73
163.80 -60.56 -60.71 -74.24 356.52 255.11 34.77 0.00
0.00 13468.04
149.80 -62.96 -9999.00 -9999.00 -9999.00 247.03 31.86 0.00
0.00 14020.88
135.90 -65.26 -9999.00 -9999.00 -9999.00 242.78 30.57 0.00
0.00 14616.75
121.90 -67.46 -9999.00 -9999.00 -9999.00 239.88 29.41 0.00
0.00 15274.83
108.00 -69.66 -9999.00 -9999.00 -9999.00 236.31 25.91 0.00
0.00 15999.87
94.00 -69.96 -9999.00 -9999.00 -9999.00 234.59 19.77 0.00
0.00 16826.23
81.00 -68.36 -9999.00 -9999.00 -9999.00 229.57 20.67 0.00
0.00 17715.00
70.60 -65.76 -9999.00 -9999.00 -9999.00 245.06 9.21 0.00
0.00 18543.98
62.20 -65.46 -9999.00 -9999.00 -9999.00 181.40 7.96 0.00
0.00 19313.53
54.30 -64.96 -9999.00 -9999.00 -9999.00 140.19 6.06 0.00
0.00 20140.29
46.90 -64.26 -9999.00 -9999.00 -9999.00 106.11 9.09 0.00
0.00 21034.61
40.10 -63.06 -9999.00 -9999.00 -9999.00 70.97 5.96 0.00
0.00 21995.14
33.80 -61.36 -9999.00 -9999.00 -9999.00 360.00 1.55 0.00
0.00 23050.46
27.80 -58.96 -9999.00 -9999.00 -9999.00 307.75 7.61 0.00
0.00 24268.84
22.30 -56.76 -9999.00 -9999.00 -9999.00 332.88 8.95 0.00
0.00 25658.08
17.10 -52.46 -9999.00 -9999.00 -9999.00 300.53 8.80 0.00
0.00 27356.53
12.30 -47.56 -9999.00 -9999.00 -9999.00 262.23 17.25 0.00
0.00 29508.56

STID = FFC STNM = 722150 TIME = 221027/0400 
SLAT = 33.36 SLON = -84.57 SELV = 270.0
STIM = 16

SHOW = 12.23 LIFT = 15.29 SWET = 47.78 KINX = -8.56
LCLP = 943.62 PWAT = 11.53 TOTL = 28.90 CAPE = 0.00
LCLT = 279.98 CINS = 0.00 EQLV = -9999.00 LFCT = -9999.00
BRCH = 0.00

PRES TMPC TMWC DWPC THTE DRCT SKNT OMEG
CFRL HGHT
983.30 10.14 8.72 7.43 303.27 335.56 7.03 0.00
0.00 279.31
980.30 10.24 8.67 7.26 303.50 339.35 14.32 0.10
0.00 304.75
975.00 9.94 8.45 7.09 303.54 340.74 17.07 0.10
0.00 349.88
965.70 9.54 8.10 6.77 303.73 342.93 23.17 0.20
0.00 429.55
952.00 9.74 7.78 5.96 304.49 347.51 27.86 0.20
6.00 548.27
934.40 12.24 7.94 3.86 306.82 0.80 27.97 0.10
1.00 704.02
913.50 14.24 7.97 1.83 309.26 15.52 21.78 0.10
0.00 894.24
890.60 14.34 7.48 0.58 310.78 19.70 16.71 0.00
0.00 1108.45
865.90 13.94 6.53 -1.36 311.47 18.17 13.09 0.00
0.00 1345.58
838.30 13.14 5.24 -3.94 311.76 12.53 8.95 0.00
0.00 1618.03
807.80 11.74 3.38 -7.78 311.23 360.00 5.83 0.10
0.00 1928.42
774.50 10.54 1.37 -13.63 310.88 339.23 6.02 0.20
0.00 2279.20
738.30 9.34 -0.64 -21.92 311.19 312.71 6.88 0.20
0.00 2676.17
699.30 6.94 -2.14 -21.34 313.70 287.20 8.55 0.20
0.00 3123.28
657.40 4.24 -4.27 -24.42 315.58 263.29 9.98 0.20
0.00 3627.68
612.70 2.14 -6.29 -30.20 318.53 252.00 16.34 0.20
0.00 4197.51
565.50 -1.36 -8.81 -31.46 321.70 247.01 20.88 0.20
0.00 4839.57
519.70 -6.56 -12.77 -37.98 322.50 230.93 25.27 0.20
0.00 5505.23
478.40 -12.06 -16.79 -39.14 323.37 220.47 27.84 0.10
0.00 6144.83
441.30 -17.56 -20.96 -39.23 324.02 215.54 26.73 0.10
0.00 6755.35
407.90 -22.56 -25.09 -42.20 324.68 217.69 27.00 0.10
0.00 7338.50
377.60 -27.26 -29.17 -46.26 325.43 225.88 26.79 0.10
0.00 7899.43
350.40 -31.56 -32.97 -48.78 326.52 230.51 27.18 0.10
0.00 8432.86
325.70 -35.46 -36.60 -54.69 327.79 237.99 29.31 0.10
0.00 8945.65
303.50 -38.26 -39.24 -59.77 330.41 248.88 30.19 0.10
0.00 9433.94
283.50 -40.36 -41.23 -62.52 333.85 255.27 35.14 0.00
0.00 9900.56
265.50 -42.96 -43.66 -63.02 336.37 260.07 39.43 0.00
0.00 10345.06
248.70 -45.46 -46.05 -66.51 338.94 259.79 41.65 0.00
0.00 10783.12
233.50 -47.36 -47.89 -71.85 342.18 260.76 41.12 0.00
0.00 11201.69
219.60 -49.86 -50.29 -72.27 344.38 259.26 38.56 0.00
0.00 11605.08
205.60 -52.46 -52.80 -72.72 346.84 256.34 36.19 0.00
0.00 12033.13
191.70 -55.26 -55.51 -73.19 349.35 254.69 36.05 0.00
0.00 12482.47
177.70 -57.96 -58.15 -73.70 352.58 256.19 36.62 0.00
0.00 12963.14
163.80 -60.56 -60.71 -74.24 356.52 256.04 34.63 0.10
0.00 13473.10
149.80 -63.06 -9999.00 -9999.00 -9999.00 249.02 30.38 0.10
0.00 14025.81
135.90 -65.16 -9999.00 -9999.00 -9999.00 242.10 29.90 0.00
0.00 14621.68
121.90 -67.26 -9999.00 -9999.00 -9999.00 238.97 29.02 0.00
0.00 15280.23
108.00 -69.46 -9999.00 -9999.00 -9999.00 239.56 25.68 0.00
0.00 16005.98
94.00 -69.96 -9999.00 -9999.00 -9999.00 239.70 20.03 0.00
0.00 16832.75
81.00 -68.26 -9999.00 -9999.00 -9999.00 235.69 19.99 0.00
0.00 17721.73
70.60 -65.36 -9999.00 -9999.00 -9999.00 254.05 7.07 0.00
0.00 18551.73
62.20 -65.36 -9999.00 -9999.00 -9999.00 178.26 6.41 0.00
0.00 19322.20
54.30 -64.66 -9999.00 -9999.00 -9999.00 113.75 5.30 0.00
0.00 20149.76
46.90 -64.36 -9999.00 -9999.00 -9999.00 94.51 7.40 0.00
0.00 21044.50
40.10 -62.66 -9999.00 -9999.00 -9999.00 46.64 4.82 0.00
0.00 22005.72
33.80 -60.86 -9999.00 -9999.00 -9999.00 332.10 3.73 0.00
0.00 23063.29
27.80 -59.16 -9999.00 -9999.00 -9999.00 324.61 9.05 0.00
0.00 24282.53
22.30 -57.46 -9999.00 -9999.00 -9999.00 343.61 6.88 0.00
0.00 25668.86
17.10 -52.86 -9999.00 -9999.00 -9999.00 293.75 5.30 0.00
0.00 27363.04
12.30 -47.96 -9999.00 -9999.00 -9999.00 253.01 14.63 0.00
0.00 29511.21

STID = FFC STNM = 722150 TIME = 221027/0500 
SLAT = 33.36 SLON = -84.57 SELV = 270.0
STIM = 17

SHOW = 12.31 LIFT = 15.07 SWET = 43.64 KINX = -8.95
LCLP = 947.11 PWAT = 11.23 TOTL = 28.79 CAPE = 0.00
LCLT = 279.77 CINS = 0.00 EQLV = -9999.00 LFCT = -9999.00
BRCH = 0.00

PRES TMPC TMWC DWPC THTE DRCT SKNT OMEG
CFRL HGHT
982.20 9.54 8.30 7.15 302.40 339.44 6.64 0.00
0.00 279.30
979.20 9.64 8.26 6.99 302.64 343.14 13.40 0.10
0.00 304.71
973.90 9.44 8.08 6.82 302.79 343.96 16.16 0.10
0.00 349.80
964.60 9.24 7.80 6.45 303.14 347.52 22.47 0.20
2.00 429.44
950.90 10.24 7.75 5.42 304.53 354.62 26.92 0.10
5.00 548.33
933.40 13.04 8.19 3.61 307.54 15.15 26.77 0.10
0.00 703.71
912.50 13.64 8.18 3.07 309.98 33.26 21.60 0.00
0.00 894.22
889.60 13.54 7.22 0.87 310.29 28.91 14.86 0.00
0.00 1108.18
864.90 13.64 6.28 -1.69 310.97 17.78 10.82 0.10
0.00 1345.13
837.30 13.04 5.08 -4.32 311.48 358.36 6.80 0.10
0.00 1617.70
806.90 11.94 3.25 -8.75 310.98 335.38 5.13 0.20
0.00 1927.45
773.70 10.84 1.07 -16.38 310.21 323.53 5.56 0.20
0.00 2277.80
737.60 9.54 -0.70 -23.55 311.10 302.83 7.17 0.20
0.00 2674.36
698.70 6.94 -2.15 -21.35 313.77 279.25 8.47 0.10
0.00 3120.87
656.90 4.24 -4.28 -24.56 315.62 257.24 10.55 0.10
0.00 3624.48
612.20 2.14 -6.28 -30.00 318.64 251.15 16.82 0.00
0.00 4194.75
565.10 -1.66 -8.98 -31.26 321.45 243.91 20.77 0.00
0.00 4835.60
519.40 -6.76 -12.93 -38.71 322.23 226.23 25.56 0.00
0.00 5499.61
478.10 -12.26 -16.95 -39.52 323.14 216.23 27.93 -0.10
0.00 6139.10
441.10 -17.66 -21.09 -40.29 323.82 216.32 28.21 -0.10
0.00 6747.95
407.80 -22.66 -25.25 -43.98 324.42 222.41 27.37 -0.10
0.00 7329.31
377.50 -27.16 -29.07 -45.71 325.62 228.54 26.69 -0.10
0.00 7890.38
350.30 -31.46 -32.93 -50.24 326.61 231.34 28.61 -0.10
0.00 8424.18
325.70 -34.96 -36.20 -57.44 328.40 240.79 28.26 -0.10
0.00 8935.60
303.50 -37.76 -38.79 -59.77 331.11 250.02 31.84 -0.10
0.00 9424.92
283.50 -40.46 -41.29 -60.30 333.75 260.15 37.45 -0.10
0.00 9891.94
265.50 -43.16 -43.82 -60.81 336.12 263.48 41.06 -0.10
0.00 10336.15
248.70 -45.46 -46.05 -66.51 338.94 264.16 41.98 -0.10
0.00 10774.02
233.50 -47.66 -48.18 -71.85 341.73 264.21 40.42 -0.10
0.00 11192.31
219.60 -50.06 -50.48 -72.27 344.07 262.04 37.86 0.00
0.00 11595.25
205.70 -52.56 -52.89 -72.71 346.63 256.72 35.53 0.00
0.00 12019.86
191.70 -55.16 -55.42 -73.19 349.51 253.36 35.28 0.00
0.00 12472.32
177.70 -57.96 -58.15 -73.70 352.58 255.59 35.90 0.00
0.00 12953.11
163.80 -60.46 -60.61 -74.24 356.69 256.65 35.33 0.10
0.00 13463.18
149.80 -63.06 -9999.00 -9999.00 -9999.00 250.79 31.88 0.10
0.00 14016.02
135.90 -65.06 -9999.00 -9999.00 -9999.00 244.76 30.07 0.10
0.00 14612.03
121.90 -66.96 -9999.00 -9999.00 -9999.00 240.11 28.46 0.00
0.00 15271.22
108.00 -69.06 -9999.00 -9999.00 -9999.00 240.26 25.06 0.00
0.00 15998.21
94.00 -69.86 -9999.00 -9999.00 -9999.00 236.31 20.32 0.00
0.00 16825.99
81.00 -68.16 -9999.00 -9999.00 -9999.00 233.93 19.46 0.00
0.00 17715.42
70.60 -65.26 -9999.00 -9999.00 -9999.00 230.44 5.79 0.00
0.00 18545.81
62.20 -65.56 -9999.00 -9999.00 -9999.00 174.56 8.20 0.00
0.00 19316.10
54.30 -64.96 -9999.00 -9999.00 -9999.00 133.73 6.18 0.00
0.00 20142.66
46.90 -65.06 -9999.00 -9999.00 -9999.00 106.70 6.08 0.00
0.00 21035.26
40.10 -63.56 -9999.00 -9999.00 -9999.00 59.04 4.53 0.00
0.00 21992.82
33.80 -61.96 -9999.00 -9999.00 -9999.00 337.75 4.62 0.00
0.00 23045.38
27.80 -60.06 -9999.00 -9999.00 -9999.00 337.62 10.72 0.00
0.00 24258.90
22.30 -58.46 -9999.00 -9999.00 -9999.00 349.38 6.33 0.00
0.00 25639.10
17.10 -54.76 -9999.00 -9999.00 -9999.00 250.56 3.50 0.00
0.00 27322.01
12.30 -49.06 -9999.00 -9999.00 -9999.00 218.02 13.56 0.00
0.00 29455.72

STID = FFC STNM = 722150 TIME = 221027/0600 
SLAT = 33.36 SLON = -84.57 SELV = 270.0
STIM = 18

SHOW = 12.30 LIFT = 14.27 SWET = 39.19 KINX = -8.73
LCLP = 948.96 PWAT = 11.42 TOTL = 28.76 CAPE = 0.00
LCLT = 279.53 CINS = 0.00 EQLV = -9999.00 LFCT = -9999.00
BRCH = 0.00

PRES TMPC TMWC DWPC THTE DRCT SKNT OMEG
CFRL HGHT
982.20 9.14 7.98 6.88 301.64 343.81 6.27 0.00
0.00 279.28
979.30 9.34 7.99 6.72 301.98 346.61 12.59 0.10
0.00 303.82
973.90 9.14 7.81 6.55 302.14 348.26 15.27 0.10
0.00 349.70
964.60 9.44 7.71 6.08 302.92 352.81 21.74 0.10
3.00 429.33
951.00 11.24 8.01 5.00 305.14 6.19 25.21 0.10
1.00 547.58
933.50 12.94 8.82 5.16 309.14 36.78 24.01 0.00
0.00 703.20
912.50 13.04 9.22 6.02 312.74 55.20 19.41 0.00
0.00 894.49
889.70 13.44 7.34 1.31 310.60 37.57 12.74 0.00
0.00 1107.33
864.90 13.74 6.21 -2.07 310.77 16.31 8.29 0.00
0.00 1345.23
837.40 13.14 4.94 -4.97 311.11 345.47 5.42 0.00
0.00 1616.86
807.00 12.04 3.04 -9.89 310.44 321.71 4.70 0.10
0.00 1926.66
773.70 11.24 0.98 -18.64 309.89 311.99 5.23 0.10
0.00 2278.30
737.70 9.74 -0.56 -23.27 311.37 292.99 6.95 0.10
0.00 2674.13
698.70 6.94 -2.09 -20.89 313.91 271.36 8.16 0.10
0.00 3121.92
656.90 4.24 -4.27 -24.42 315.65 251.24 10.88 0.10
0.00 3625.53
612.20 1.94 -6.35 -29.41 318.51 248.44 16.92 0.00
0.00 4195.61
565.10 -2.16 -9.22 -30.45 320.99 240.95 20.01 0.00
0.00 4835.65
519.40 -6.96 -13.03 -37.99 322.07 221.23 25.06 0.00
0.00 5498.81
478.10 -12.46 -17.09 -39.52 322.89 211.79 27.66 0.00
0.00 6137.82
441.10 -17.66 -21.15 -41.46 323.71 216.09 28.36 0.00
0.00 6746.43
407.80 -22.66 -25.23 -43.51 324.46 222.44 27.64 0.00
0.00 7327.79
377.50 -27.26 -29.13 -45.19 325.53 225.86 27.33 -0.10
0.00 7888.74
350.30 -31.36 -32.91 -52.97 326.62 232.02 28.09 -0.10
0.00 8422.54
325.70 -34.66 -35.96 -59.22 328.77 240.51 27.23 -0.10
0.00 8934.38
303.50 -37.46 -38.52 -59.77 331.53 254.01 31.72 -0.10
0.00 9424.31
283.50 -40.36 -41.18 -58.55 333.94 264.32 37.28 -0.10
0.00 9891.73
265.50 -43.36 -44.01 -60.81 335.83 264.48 40.40 0.00
0.00 10335.85
248.70 -45.76 -46.31 -63.51 338.54 264.45 42.15 0.00
0.00 10773.24
233.50 -47.96 -48.46 -71.85 341.27 263.35 40.29 0.00
0.00 11190.98
219.60 -50.16 -50.57 -72.27 343.92 260.73 37.39 0.00
0.00 11593.57
205.60 -52.66 -52.99 -72.72 346.52 256.49 35.76 0.00
0.00 12021.14
191.70 -55.16 -55.42 -73.19 349.51 252.55 35.63 0.00
0.00 12470.37
177.70 -57.86 -58.06 -73.70 352.75 253.36 35.28 0.00
0.00 12951.27
163.80 -60.66 -9999.00 -9999.00 -9999.00 257.01 33.68 0.00
0.00 13461.22
149.80 -63.06 -9999.00 -9999.00 -9999.00 252.71 30.71 0.00
0.00 14013.80
135.90 -64.86 -9999.00 -9999.00 -9999.00 243.25 27.62 0.00
0.00 14610.10
121.90 -66.46 -9999.00 -9999.00 -9999.00 236.77 26.94 0.00
0.00 15270.40
108.00 -68.86 -9999.00 -9999.00 -9999.00 238.24 23.99 0.00
0.00 15998.63
94.00 -69.76 -9999.00 -9999.00 -9999.00 233.93 19.46 0.00
0.00 16827.02
81.00 -67.26 -9999.00 -9999.00 -9999.00 234.90 17.56 0.00
0.00 17718.62
70.60 -64.26 -9999.00 -9999.00 -9999.00 216.03 5.28 0.00
0.00 18552.84
62.20 -65.06 -9999.00 -9999.00 -9999.00 185.86 7.61 0.00
0.00 19325.91
54.30 -64.46 -9999.00 -9999.00 -9999.00 152.24 4.18 0.00
0.00 20154.46
46.90 -64.86 -9999.00 -9999.00 -9999.00 108.43 4.29 0.00
0.00 21048.56
40.10 -63.26 -9999.00 -9999.00 -9999.00 58.57 4.10 0.00
0.00 22007.26
33.80 -61.76 -9999.00 -9999.00 -9999.00 331.93 6.60 0.00
0.00 23061.08
27.80 -60.36 -9999.00 -9999.00 -9999.00 339.65 12.84 0.00
0.00 24274.31
22.30 -59.16 -9999.00 -9999.00 -9999.00 342.55 7.13 0.00
0.00 25651.29
17.10 -55.96 -9999.00 -9999.00 -9999.00 237.80 6.20 0.00
0.00 27326.81
12.30 -49.46 -9999.00 -9999.00 -9999.00 222.16 19.39 0.00
0.00 29452.80

STID = FFC STNM = 722150 TIME = 221027/0700 
SLAT = 33.36 SLON = -84.57 SELV = 270.0
STIM = 19

SHOW = 12.32 LIFT = 13.64 SWET = 39.34 KINX = -8.06
LCLP = 950.43 PWAT = 11.81 TOTL = 28.82 CAPE = 0.00
LCLT = 279.34 CINS = 0.00 EQLV = -9999.00 LFCT = -9999.00
BRCH = 0.00

PRES TMPC TMWC DWPC THTE DRCT SKNT OMEG
CFRL HGHT
982.40 8.84 7.73 6.67 301.05 345.53 6.22 0.00
0.00 278.43
979.40 9.04 7.75 6.51 301.40 349.22 12.45 0.10
0.00 303.78
974.10 9.04 7.65 6.32 301.74 351.14 15.13 0.10
0.00 348.77
964.80 10.14 7.87 5.73 303.26 358.92 20.59 0.10
2.00 428.45
951.10 12.34 8.68 5.38 306.76 27.46 22.32 0.10
0.00 547.94
933.50 12.44 9.01 6.05 309.65 57.38 23.06 0.00
0.00 704.63
912.60 12.54 9.20 6.44 312.71 70.53 20.40 -0.10
0.00 894.70
889.80 12.74 7.82 3.30 311.89 60.02 11.65 -0.10
0.00 1107.13
865.00 13.34 6.05 -2.00 310.37 14.38 7.83 -0.10
0.00 1344.60
837.40 12.94 4.74 -5.35 310.62 337.52 6.10 0.00
0.00 1616.91
807.00 11.94 2.92 -10.24 310.14 315.00 6.04 0.00
0.00 1926.53
773.80 11.34 0.94 -19.38 309.76 304.16 6.57 0.00
0.00 2277.08
737.70 9.64 -0.45 -21.56 311.69 290.56 8.29 0.00
0.00 2673.99
698.80 6.74 -2.12 -20.25 313.86 271.25 8.94 0.00
0.00 3120.39
657.00 4.24 -4.27 -24.42 315.64 253.66 11.73 0.00
0.00 3623.76
612.30 1.74 -6.41 -28.66 318.41 250.95 17.27 0.00
0.00 4193.54
565.10 -2.66 -9.42 -29.16 320.64 243.18 19.81 0.00
0.00 4834.09
519.40 -7.36 -13.23 -36.67 321.73 221.52 24.90 0.00
0.00 5496.16
478.10 -12.56 -17.13 -38.80 322.84 212.26 28.03 -0.10
0.00 6134.58
441.20 -17.76 -21.20 -41.05 323.60 213.47 28.19 -0.10
0.00 6741.24
407.80 -22.76 -25.29 -43.05 324.37 219.65 28.01 -0.10
0.00 7324.05
377.60 -27.36 -29.25 -46.26 325.30 226.42 27.62 -0.10
0.00 7882.86
350.30 -31.06 -32.68 -54.09 326.99 233.63 26.53 0.00
0.00 8418.76
325.70 -34.26 -35.61 -59.22 329.33 242.51 26.94 0.00
0.00 8931.34
303.50 -37.16 -38.23 -58.00 332.00 256.68 30.34 0.10
0.00 9422.00
283.50 -40.36 -41.18 -58.55 333.94 263.22 36.19 0.10
0.00 9889.72
265.50 -43.16 -43.80 -59.07 336.16 264.23 40.62 0.10
0.00 10334.03
248.70 -45.76 -46.28 -61.32 338.59 264.47 42.35 0.10
0.00 10771.62
233.50 -47.96 -48.43 -66.97 341.32 262.22 40.19 0.10
0.00 11189.36
219.60 -50.16 -50.57 -72.27 343.92 259.04 37.80 0.10
0.00 11591.95
205.60 -52.56 -52.89 -72.72 346.68 256.18 37.41 0.10
0.00 12019.62
191.70 -55.16 -55.42 -73.19 349.51 255.67 36.89 0.10
0.00 12468.95
177.70 -57.86 -58.06 -73.70 352.75 256.27 35.20 0.00
0.00 12949.85
163.80 -60.66 -9999.00 -9999.00 -9999.00 259.61 33.37 0.00
0.00 13459.80
149.80 -63.16 -9999.00 -9999.00 -9999.00 256.14 30.01 0.00
0.00 14012.25
135.90 -65.26 -9999.00 -9999.00 -9999.00 242.87 26.42 0.00
0.00 14607.83
121.90 -66.96 -9999.00 -9999.00 -9999.00 235.01 26.09 0.00
0.00 15266.70
108.00 -69.36 -9999.00 -9999.00 -9999.00 235.24 23.17 0.00
0.00 15993.16
94.00 -70.66 -9999.00 -9999.00 -9999.00 230.79 19.06 0.00
0.00 16818.71
81.00 -68.36 -9999.00 -9999.00 -9999.00 233.75 18.07 0.00
0.00 17705.95
70.60 -65.46 -9999.00 -9999.00 -9999.00 208.61 7.30 0.00
0.00 18535.54
62.20 -66.06 -9999.00 -9999.00 -9999.00 189.69 8.08 0.00
0.00 19304.54
54.30 -65.26 -9999.00 -9999.00 -9999.00 153.43 5.65 0.00
0.00 20129.51
46.90 -65.36 -9999.00 -9999.00 -9999.00 121.83 6.62 0.00
0.00 21020.82
40.10 -63.36 -9999.00 -9999.00 -9999.00 98.88 6.29 0.00
0.00 21978.15
33.80 -62.36 -9999.00 -9999.00 -9999.00 11.69 5.75 0.00
0.00 23030.22
27.80 -61.66 -9999.00 -9999.00 -9999.00 2.01 11.07 0.00
0.00 24238.01
22.30 -58.86 -9999.00 -9999.00 -9999.00 5.44 4.10 0.00
0.00 25611.76
17.10 -53.76 -9999.00 -9999.00 -9999.00 228.81 10.33 0.00
0.00 27297.00
12.30 -48.16 -9999.00 -9999.00 -9999.00 228.50 26.98 0.00
0.00 29439.87

STID = FFC STNM = 722150 TIME = 221027/0800 
SLAT = 33.36 SLON = -84.57 SELV = 270.0
STIM = 20

SHOW = 12.40 LIFT = 13.72 SWET = 38.87 KINX = -7.45
LCLP = 953.56 PWAT = 11.93 TOTL = 28.75 CAPE = 0.00
LCLT = 279.22 CINS = 0.00 EQLV = -9999.00 LFCT = -9999.00
BRCH = 0.00

PRES TMPC TMWC DWPC THTE DRCT SKNT OMEG
CFRL HGHT
983.40 8.54 7.52 6.52 300.44 350.22 5.71 0.00
0.00 279.25
980.50 8.74 7.55 6.39 300.82 352.41 11.75 0.10
0.00 303.70
975.10 8.84 7.50 6.21 301.29 354.67 14.63 0.10
0.00 349.45
965.80 10.34 8.00 5.81 303.46 3.61 18.49 0.10
1.00 429.05
952.10 12.14 9.03 6.31 307.52 46.92 20.47 0.00
0.00 548.43
934.50 12.04 8.45 5.22 308.10 57.46 24.20 -0.10
0.00 704.79
913.60 12.34 8.19 4.43 309.92 69.55 24.46 -0.10
0.00 894.38
890.70 12.14 8.51 5.42 313.61 78.50 11.69 -0.10
0.00 1107.22
865.90 12.94 6.02 -1.53 310.23 16.56 7.50 0.00
0.00 1344.10
838.30 12.74 4.49 -5.95 309.89 336.37 6.78 0.00
0.00 1615.85
807.80 11.84 2.80 -10.58 309.76 313.88 7.01 0.00
0.00 1925.98
774.50 11.34 0.95 -19.37 309.68 303.27 7.44 0.00
0.00 2277.18
738.40 9.44 -0.36 -19.93 311.84 292.52 8.62 0.00
0.00 2673.60
699.40 6.54 -2.15 -19.62 313.76 271.27 8.74 0.00
0.00 3120.45
657.50 4.04 -4.35 -24.14 315.41 254.32 11.50 0.00
0.00 3624.27
612.70 1.54 -6.45 -27.77 318.29 251.15 16.82 -0.10
0.00 4194.52
565.50 -2.96 -9.52 -28.30 320.40 242.70 20.34 -0.10
0.00 4834.07
519.70 -7.66 -13.39 -36.06 321.38 224.36 24.73 -0.10
0.00 5496.43
478.40 -12.66 -17.21 -39.14 322.62 217.87 26.57 -0.10
0.00 6133.98
441.30 -17.76 -21.20 -41.05 323.58 214.47 27.80 -0.10
0.00 6743.55
407.90 -22.86 -25.35 -42.62 324.25 217.27 27.58 -0.10
0.00 7326.11
377.60 -27.16 -29.19 -49.59 325.37 227.64 26.81 -0.10
0.00 7886.81
350.40 -30.66 -32.36 -55.36 327.46 234.51 25.76 0.00
0.00 8421.31
325.70 -33.76 -35.17 -59.22 330.02 241.95 26.85 0.00
0.00 8936.87
303.50 -36.76 -37.88 -58.00 332.56 252.98 29.86 0.10
0.00 9428.46
283.50 -40.06 -40.91 -58.55 334.37 257.20 35.06 0.10
0.00 9896.88
265.50 -42.96 -43.61 -59.07 336.46 256.98 39.67 0.10
0.00 10341.67
248.70 -45.56 -46.10 -61.32 338.88 258.10 40.50 0.10
0.00 10779.64
233.50 -47.66 -48.13 -63.98 341.82 258.14 39.70 0.00
0.00 11197.84
219.60 -49.96 -50.38 -72.27 344.22 256.38 38.77 0.00
0.00 11600.88
205.60 -52.56 -52.89 -72.72 346.68 256.24 38.40 0.00
0.00 12028.74
191.70 -55.16 -55.42 -73.19 349.51 257.34 37.24 0.00
0.00 12478.07
177.70 -57.86 -58.06 -73.70 352.75 258.38 34.71 0.00
0.00 12958.97
163.80 -60.76 -9999.00 -9999.00 -9999.00 259.23 32.23 -0.10
0.00 13468.81
149.80 -63.36 -9999.00 -9999.00 -9999.00 256.15 29.22 0.00
0.00 14020.86
135.90 -65.46 -9999.00 -9999.00 -9999.00 241.67 25.37 0.00
0.00 14615.87
121.90 -67.26 -9999.00 -9999.00 -9999.00 234.83 24.96 0.00
0.00 15273.95
108.00 -69.06 -9999.00 -9999.00 -9999.00 233.80 23.35 0.00
0.00 16000.41
94.00 -70.16 -9999.00 -9999.00 -9999.00 231.01 21.00 0.00
0.00 16827.58
81.00 -68.96 -9999.00 -9999.00 -9999.00 238.95 21.10 0.00
0.00 17714.61
70.60 -66.46 -9999.00 -9999.00 -9999.00 211.61 8.90 0.00
0.00 18540.98
62.20 -67.16 -9999.00 -9999.00 -9999.00 190.54 8.49 0.00
0.00 19306.08
54.30 -66.06 -9999.00 -9999.00 -9999.00 152.82 8.08 0.00
0.00 20127.27
46.90 -65.26 -9999.00 -9999.00 -9999.00 128.83 10.22 0.00
0.00 21017.08
40.10 -63.26 -9999.00 -9999.00 -9999.00 113.33 10.78 0.00
0.00 21974.87
33.80 -62.86 -9999.00 -9999.00 -9999.00 63.43 6.08 0.00
0.00 23025.93
27.80 -61.36 -9999.00 -9999.00 -9999.00 16.82 8.72 0.00
0.00 24233.16
22.30 -57.06 -9999.00 -9999.00 -9999.00 320.91 4.00 0.00
0.00 25613.68
17.10 -52.56 -9999.00 -9999.00 -9999.00 249.78 15.73 0.00
0.00 27310.58
12.30 -48.56 -9999.00 -9999.00 -9999.00 240.10 26.88 0.00
0.00 29457.31

STID = FFC STNM = 722150 TIME = 221027/0900 
SLAT = 33.36 SLON = -84.57 SELV = 270.0
STIM = 21

SHOW = 12.45 LIFT = 13.44 SWET = 38.72 KINX = -7.11
LCLP = 958.16 PWAT = 12.07 TOTL = 28.74 CAPE = 0.00
LCLT = 279.18 CINS = 0.00 EQLV = -9999.00 LFCT = -9999.00
BRCH = 0.00

PRES TMPC TMWC DWPC THTE DRCT SKNT OMEG
CFRL HGHT
983.80 8.14 7.27 6.41 299.84 355.91 5.46 0.00
0.00 279.24
980.90 8.44 7.35 6.28 300.32 358.06 11.46 0.10
0.00 303.65
975.50 8.84 7.46 6.12 301.15 360.00 13.99 0.10
1.00 349.35
966.20 10.84 8.27 5.91 304.08 12.46 17.11 0.00
0.00 428.99
952.50 11.64 8.52 5.71 306.22 52.55 23.00 0.00
0.00 548.31
934.90 12.04 7.97 4.15 306.86 60.45 28.36 -0.10
0.00 704.44
914.00 12.24 8.64 5.52 311.05 73.50 21.87 -0.10
0.00 893.91
891.00 11.94 9.01 6.63 314.93 80.71 10.82 0.00
0.00 1107.55
866.20 12.54 6.06 -0.86 310.33 19.75 8.04 0.00
0.00 1344.15
838.60 12.54 4.18 -6.77 309.10 342.90 7.93 0.00
0.00 1615.52
808.10 11.74 2.64 -11.12 309.35 317.91 8.12 0.00
0.00 1925.35
774.80 11.14 0.87 -19.15 309.49 307.15 8.04 0.00
0.00 2276.23
738.70 9.24 -0.40 -19.39 311.74 296.57 8.26 0.00
0.00 2672.22
699.60 6.34 -2.20 -19.22 313.64 272.66 8.35 0.00
0.00 3119.75
657.70 3.94 -4.39 -24.00 315.30 253.20 10.76 0.00
0.00 3623.16
612.90 1.34 -6.53 -27.44 318.09 250.02 15.91 0.00
0.00 4192.93
565.60 -3.26 -9.70 -28.30 320.02 242.96 20.94 0.00
0.00 4833.08
519.80 -7.96 -13.58 -36.06 321.00 230.74 23.33 0.00
0.00 5494.58
478.40 -12.86 -17.33 -38.79 322.41 225.66 23.89 0.00
0.00 6133.01
441.40 -17.76 -21.22 -41.45 323.52 219.26 26.09 0.00
0.00 6740.63
408.00 -22.86 -25.36 -43.05 324.19 219.70 26.77 0.00
0.00 7323.05
377.70 -26.96 -29.07 -51.32 325.53 230.59 25.39 0.00
0.00 7883.82
350.40 -30.56 -32.27 -55.36 327.60 233.30 25.68 0.00
0.00 8420.54
325.80 -33.66 -35.06 -57.44 330.17 239.95 27.16 0.00
0.00 8934.15
303.50 -36.76 -37.88 -58.00 332.56 247.50 29.43 0.00
0.00 9427.98
283.50 -39.96 -40.82 -58.55 334.51 249.74 34.79 0.00
0.00 9896.50
265.50 -43.06 -43.73 -60.81 336.27 249.99 38.03 -0.10
0.00 10341.29
248.70 -45.66 -46.21 -63.51 338.69 251.75 38.46 -0.10
0.00 10779.07
233.50 -47.76 -48.22 -63.98 341.67 254.37 38.93 -0.10
0.00 11197.09
219.60 -50.16 -50.55 -67.41 343.96 256.10 39.63 -0.10
0.00 11599.85
205.60 -52.76 -53.08 -72.72 346.36 257.41 39.22 -0.10
0.00 12027.33
191.70 -55.46 -55.71 -73.19 349.03 257.47 37.61 -0.10
0.00 12476.15
177.70 -58.16 -58.35 -73.70 352.25 256.98 34.50 -0.10
0.00 12956.39
163.80 -61.16 -9999.00 -9999.00 -9999.00 256.49 30.77 -0.10
0.00 13465.38
149.80 -63.96 -9999.00 -9999.00 -9999.00 253.72 27.72 0.00
0.00 14016.13
135.90 -65.86 -9999.00 -9999.00 -9999.00 240.69 25.39 0.00
0.00 14609.72
121.90 -67.36 -9999.00 -9999.00 -9999.00 234.10 25.17 0.00
0.00 15267.00
108.00 -68.86 -9999.00 -9999.00 -9999.00 235.66 23.76 0.00
0.00 15993.64
94.00 -69.96 -9999.00 -9999.00 -9999.00 232.82 21.21 0.00
0.00 16821.62
81.00 -69.46 -9999.00 -9999.00 -9999.00 245.70 19.81 0.00
0.00 17708.00
70.60 -67.16 -9999.00 -9999.00 -9999.00 203.03 8.45 0.00
0.00 18531.95
62.20 -67.36 -9999.00 -9999.00 -9999.00 183.65 9.15 0.00
0.00 19295.39
54.30 -65.46 -9999.00 -9999.00 -9999.00 159.83 10.14 0.00
0.00 20117.38
46.90 -63.96 -9999.00 -9999.00 -9999.00 137.17 10.86 0.00
0.00 21011.26
40.10 -62.36 -9999.00 -9999.00 -9999.00 125.42 10.72 0.00
0.00 21974.09
33.80 -62.06 -9999.00 -9999.00 -9999.00 73.61 3.44 0.00
0.00 23029.41
27.80 -60.66 -9999.00 -9999.00 -9999.00 15.95 5.65 0.00
0.00 24240.92
22.30 -56.66 -9999.00 -9999.00 -9999.00 291.25 3.75 0.00
0.00 25625.00
17.10 -52.36 -9999.00 -9999.00 -9999.00 260.77 15.73 0.00
0.00 27324.22
12.30 -48.46 -9999.00 -9999.00 -9999.00 250.19 28.09 0.00
0.00 29472.40
STN YYMMDD/HHMM PMSL PRES SKTC STC1 SNFL WTNS
P01M C01M STC2 LCLD MCLD HCLD
SNRA UWND VWND R01M BFGR T2MS
Q2MS WXTS WXTP WXTZ WXTR USTM
VSTM HLCY SLLH WSYM CDBP VSBK
TD2M
722150 221026/1200 1012.40 980.60 11.54 284.70 -9999.00 21.00
-9999.00 -9999.00 285.20 52.00 0.00 0.00
-9999.00 2.90 -0.90 -9999.00 -9999.00 11.54
7.91 0.00 0.00 0.00 0.00 18.20
-2.60 -57.90 -9999.00 999.00 -9999.00 20.00
9.99
722150 221026/1300 1012.40 980.60 12.44 285.60 0.00 21.00
0.00 0.00 285.60 17.00 0.00 0.00
-9999.00 3.30 -0.70 -9999.00 -9999.00 12.04
7.83 0.00 0.00 0.00 0.00 18.00
-4.20 -97.70 0.01 999.00 -9999.00 20.00
9.84
722150 221026/1400 1014.00 982.20 14.04 287.20 0.00 21.00
0.00 0.00 287.10 99.00 0.00 0.00
-9999.00 3.50 -1.50 -9999.00 -9999.00 13.04
7.98 0.00 0.00 0.00 0.00 16.60
-5.60 -103.90 0.01 999.00 911.30 20.00
10.14
722150 221026/1500 1014.80 983.00 14.64 287.80 0.00 20.00
0.00 0.00 287.80 100.00 0.00 0.00
-9999.00 4.00 -1.50 -9999.00 -9999.00 13.24
7.73 0.00 0.00 0.00 0.00 15.90
-6.50 -83.50 0.01 999.00 912.00 20.00
9.68
722150 221026/1600 1014.40 982.60 15.14 288.30 0.00 19.00
0.00 0.00 288.20 100.00 0.00 0.00
-9999.00 3.80 -1.70 -9999.00 -9999.00 13.24
7.75 0.00 0.00 0.00 0.00 14.30
-7.50 -72.70 0.00 999.00 911.70 20.00
9.72
722150 221026/1700 1014.10 982.30 15.94 289.10 0.00 19.00
0.00 0.00 288.90 100.00 0.00 0.00
-9999.00 3.80 -2.00 -9999.00 -9999.00 13.44
7.78 0.00 0.00 0.00 0.00 12.60
-8.10 -84.00 0.00 999.00 911.40 20.00
9.77
722150 221026/1800 1012.70 981.00 17.04 290.20 0.00 18.00
0.00 0.00 289.90 100.00 0.00 0.00
-9999.00 3.80 -1.90 -9999.00 -9999.00 13.94
7.54 0.00 0.00 0.00 0.00 11.30
-8.20 -86.30 -0.01 999.00 910.30 20.00
9.29
722150 221026/1900 1013.40 981.70 17.44 290.60 0.00 16.00
0.00 0.00 290.30 58.00 0.00 0.00
-9999.00 3.90 -1.60 -9999.00 -9999.00 14.64
7.48 0.00 0.00 0.00 0.00 9.80
-8.50 -89.40 0.00 999.00 -9999.00 20.00
9.18
722150 221026/2000 1013.10 981.50 18.34 291.50 0.00 15.00
0.00 0.00 291.10 19.00 0.00 0.00
-9999.00 3.90 -1.60 -9999.00 -9999.00 15.34
7.47 0.00 0.00 0.00 0.00 10.40
-8.40 -94.40 0.00 999.00 -9999.00 20.00
9.16
722150 221026/2100 1012.70 981.20 17.44 290.60 0.00 14.00
0.00 0.00 290.60 26.00 0.00 0.00
-9999.00 3.70 -2.00 -9999.00 -9999.00 15.64
7.36 0.00 0.00 0.00 0.00 12.40
-7.30 -87.60 -0.01 999.00 -9999.00 20.00
8.94
722150 221026/2200 1013.60 982.00 15.44 288.60 0.00 13.00
0.00 0.00 288.90 5.00 0.00 0.00
-9999.00 3.20 -2.50 -9999.00 -9999.00 15.14
7.31 0.00 0.00 0.00 0.00 14.00
-5.70 -75.60 -0.01 999.00 -9999.00 20.00
8.85
722150 221026/2300 1014.80 983.10 12.74 285.90 0.00 13.00
0.00 0.00 286.50 4.00 0.00 0.00
-9999.00 2.50 -2.00 -9999.00 -9999.00 13.04
7.43 0.00 0.00 0.00 0.00 14.60
-4.20 -42.80 -0.01 999.00 -9999.00 20.00
9.10
722150 221027/0000 1015.50 983.60 11.44 284.60 0.00 14.00
0.00 0.00 285.20 4.00 0.00 0.00
-9999.00 2.30 -2.30 -9999.00 -9999.00 11.84
7.40 0.00 0.00 0.00 0.00 14.00
-3.70 9.50 0.00 999.00 -9999.00 20.00
9.05
722150 221027/0100 1015.90 984.00 10.64 283.80 0.00 15.00
0.00 0.00 284.40 2.00 0.00 0.00
-9999.00 2.30 -2.50 -9999.00 -9999.00 11.04
7.28 0.00 0.00 0.00 0.00 13.40
-3.40 48.70 0.00 999.00 -9999.00 20.00
8.82
722150 221027/0200 1015.90 983.80 10.14 283.30 0.00 16.00
0.00 0.00 283.80 2.00 0.00 0.00
-9999.00 2.40 -3.20 -9999.00 -9999.00 10.54
7.09 0.00 0.00 0.00 0.00 12.80
-3.20 70.80 0.00 999.00 -9999.00 20.00
8.43
722150 221027/0300 1016.10 984.00 9.64 282.80 0.00 16.00
0.00 0.00 283.30 4.00 0.00 0.00
-9999.00 2.30 -3.80 -9999.00 -9999.00 9.94
6.82 0.00 0.00 0.00 0.00 12.10
-3.60 80.80 0.00 999.00 -9999.00 20.00
7.87
722150 221027/0400 1016.60 984.40 9.14 282.30 0.00 17.00
0.00 0.00 282.80 6.00 0.00 0.00
-9999.00 1.60 -3.80 -9999.00 -9999.00 9.34
6.66 0.00 0.00 0.00 0.00 11.10
-3.50 89.50 0.00 999.00 -9999.00 20.00
7.53
722150 221027/0500 1015.50 983.30 8.54 281.70 0.00 17.00
0.00 0.00 282.20 5.00 0.00 0.00
-9999.00 1.30 -3.50 -9999.00 -9999.00 8.74
6.53 0.00 0.00 0.00 0.00 10.70
-3.10 101.20 0.00 999.00 -9999.00 20.00
7.23
722150 221027/0600 1015.60 983.30 8.04 281.20 0.00 17.00
0.00 0.00 281.70 3.00 0.00 0.00
-9999.00 1.00 -3.40 -9999.00 -9999.00 8.34
6.41 0.00 0.00 0.00 0.00 10.10
-2.70 110.20 0.00 999.00 -9999.00 20.00
6.96
722150 221027/0700 1015.70 983.40 7.74 280.90 0.00 17.00
0.00 0.00 281.40 2.00 0.00 0.00
-9999.00 0.80 -3.30 -9999.00 -9999.00 8.04
6.31 0.00 0.00 0.00 0.00 9.60
-3.20 111.30 0.00 999.00 -9999.00 20.00
6.74
722150 221027/0800 1016.90 984.50 7.44 280.60 0.00 18.00
0.00 0.00 281.00 1.00 0.00 0.00
-9999.00 0.50 -3.10 -9999.00 -9999.00 7.74
6.24 0.00 0.00 0.00 0.00 9.00
-4.00 100.90 0.00 999.00 -9999.00 20.00
6.59
722150 221027/0900 1017.30 984.90 7.04 280.20 0.00 18.00
0.00 0.00 280.70 1.00 0.00 0.00
-9999.00 0.40 -2.90 -9999.00 -9999.00 7.34
6.18 0.00 0.00 0.00 0.00 8.20
-5.10 95.30 0.00 999.00 -9999.00 20.00
6.46


