
SNPARM = PRES;TMPC;TMWC;DWPC;THTE;DRCT;SKNT;OMEG;CFRL;HGHT 
STNPRM = SHOW;LIFT;SWET;KINX;LCLP;PWAT;TOTL;CAPE;LCLT;CINS;EQLV;LFCT;BRCH 

STID = KCAE STNM = 723100 TIME = 221026/1200 
SLAT = 33.95 SLON = -81.12 SELV = 79.0
STIM = 0

SHOW = 2.43 LIFT = 2.36 SWET = 316.75 KINX = 15.42
LCLP = 985.09 PWAT = 32.26 TOTL = 42.31 CAPE = 0.00
LCLT = 288.83 CINS = 0.00 EQLV = -9999.00 LFCT = -9999.00
BRCH = 0.00

PRES TMPC TMWC DWPC THTE DRCT SKNT OMEG
CFRL HGHT
1000.20 16.94 16.32 15.92 322.57 116.57 1.30 0.00
0.00 89.25
997.20 17.04 16.49 16.13 323.50 150.95 6.00 -0.10
0.00 114.94
991.80 16.84 16.49 16.24 324.20 160.02 9.09 -0.10
0.00 161.37
982.20 16.74 16.65 16.53 325.97 170.79 14.57 -0.20
65.00 244.52
968.30 17.34 17.28 17.18 330.03 187.06 22.13 -0.20
62.00 366.50
950.20 17.74 17.64 17.52 333.88 209.48 25.66 -0.10
97.00 528.32
928.70 17.84 16.96 16.47 334.58 218.35 28.48 -0.10
55.00 724.77
905.20 17.14 15.83 15.09 333.99 220.68 29.20 -0.10
18.00 944.45
879.70 15.54 14.56 13.98 333.40 222.63 29.84 0.00
44.00 1188.30
851.20 13.64 12.53 11.83 330.90 223.22 30.92 0.10
35.00 1467.51
819.80 12.14 11.05 10.33 330.93 219.06 30.52 0.10
81.00 1784.11
785.40 9.94 9.27 8.79 330.76 213.29 31.14 0.00
30.00 2142.73
748.10 8.14 6.53 5.29 328.59 211.24 34.07 0.00
11.00 2546.65
707.90 6.94 0.30 -8.58 318.38 218.95 36.46 -0.10
0.00 3001.89
664.90 5.64 -3.58 -26.06 315.75 233.56 35.98 -0.30
0.00 3515.02
619.00 2.74 -5.70 -27.66 318.75 241.88 38.33 -0.30
0.00 4095.96
570.60 -1.86 -9.14 -32.49 320.11 242.52 37.88 -0.20
0.00 4748.19
523.70 -6.16 -12.26 -33.85 322.78 246.50 34.11 0.00
0.00 5424.06
481.50 -10.36 -15.58 -38.38 324.95 251.35 33.41 0.20
0.00 6075.61
443.80 -15.06 -19.35 -44.23 326.21 256.59 34.34 0.30
0.00 6697.26
409.80 -20.16 -23.46 -48.87 326.89 254.10 34.73 0.30
0.00 7293.50
379.00 -25.06 -27.52 -51.29 327.72 247.21 35.61 0.40
0.00 7866.54
351.30 -29.26 -31.13 -52.94 329.19 242.77 37.35 0.40
0.00 8413.05
326.40 -32.76 -34.26 -55.94 331.27 241.96 37.20 0.20
0.00 8934.14
304.00 -35.96 -37.17 -57.99 333.53 241.58 37.55 0.10
0.00 9431.10
283.80 -39.36 -40.30 -60.30 335.23 238.53 37.59 -0.10
0.00 9905.07
265.70 -42.66 -43.39 -63.01 336.74 233.36 38.73 -0.10
0.00 10352.89
248.80 -45.96 -46.52 -66.51 338.16 230.79 40.87 -0.10
0.00 10793.11
233.60 -49.06 -49.48 -66.97 339.61 231.87 42.48 -0.10
0.00 11209.47
219.60 -50.96 -51.31 -67.41 342.73 235.48 40.79 -0.10
0.00 11613.15
205.70 -52.66 -52.96 -67.88 346.52 237.13 33.99 -0.10
0.00 12036.80
191.70 -55.26 -55.51 -73.19 349.35 231.78 27.93 -0.10
0.00 12489.05
177.70 -58.06 -58.25 -73.70 352.42 230.74 28.85 0.00
0.00 12969.62
163.80 -60.76 -60.90 -74.24 356.19 240.54 34.36 0.00
0.00 13479.21
149.80 -62.96 -9999.00 -9999.00 -9999.00 244.67 36.32 0.10
0.00 14031.79
135.90 -64.56 -9999.00 -9999.00 -9999.00 235.98 37.49 0.10
0.00 14628.66
121.90 -64.56 -9999.00 -9999.00 -9999.00 236.73 36.48 0.10
0.00 15292.46
108.00 -65.66 -9999.00 -9999.00 -9999.00 234.71 21.17 0.00
0.00 16029.73
94.00 -70.06 -9999.00 -9999.00 -9999.00 208.97 12.43 0.00
0.00 16864.02
81.00 -68.26 -9999.00 -9999.00 -9999.00 188.25 13.54 0.00
0.00 17752.79
70.60 -66.56 -9999.00 -9999.00 -9999.00 175.60 10.14 0.00
0.00 18580.36
62.20 -65.16 -9999.00 -9999.00 -9999.00 103.57 5.79 0.00
0.00 19348.99
54.30 -65.46 -9999.00 -9999.00 -9999.00 46.04 7.56 0.00
0.00 20175.35
46.90 -65.96 -9999.00 -9999.00 -9999.00 62.68 13.11 0.00
0.00 21064.95
40.10 -64.06 -9999.00 -9999.00 -9999.00 79.48 13.83 0.00
0.00 22019.29
33.80 -61.96 -9999.00 -9999.00 -9999.00 51.95 5.67 0.00
0.00 23070.61
27.80 -60.86 -9999.00 -9999.00 -9999.00 337.48 8.62 0.00
0.00 24281.84
22.30 -58.16 -9999.00 -9999.00 -9999.00 343.61 6.88 0.00
0.00 25660.43
17.10 -52.36 -9999.00 -9999.00 -9999.00 307.57 6.37 0.00
0.00 27353.82
12.30 -47.56 -9999.00 -9999.00 -9999.00 267.21 23.91 0.00
0.00 29506.34

STID = KCAE STNM = 723100 TIME = 221026/1300 
SLAT = 33.95 SLON = -81.12 SELV = 79.0
STIM = 1

SHOW = 2.72 LIFT = 2.44 SWET = 337.85 KINX = 11.37
LCLP = 984.40 PWAT = 31.92 TOTL = 41.37 CAPE = 0.00
LCLT = 289.87 CINS = 0.00 EQLV = -9999.00 LFCT = -9999.00
BRCH = 0.00

PRES TMPC TMWC DWPC THTE DRCT SKNT OMEG
CFRL HGHT
1000.20 18.04 17.38 16.97 326.08 182.05 5.44 0.00
0.00 88.44
997.20 17.74 17.24 16.92 326.01 181.22 9.13 0.00
0.00 114.22
991.70 17.34 17.09 16.89 326.21 181.04 10.68 -0.10
0.00 161.63
982.20 17.04 16.93 16.81 326.94 182.86 15.56 -0.10
36.00 244.04
968.20 17.34 17.28 17.19 330.07 190.59 21.15 -0.20
62.00 366.98
950.20 17.34 17.27 17.17 332.55 205.15 24.67 -0.10
78.00 527.79
928.70 17.54 17.19 16.96 335.41 212.35 27.58 0.00
16.00 724.01
905.10 16.44 16.34 16.23 335.84 212.94 28.92 0.00
79.00 944.34
879.70 14.94 14.71 14.53 333.91 213.37 29.31 0.00
33.00 1186.80
851.20 13.04 12.63 12.34 331.22 211.68 29.22 0.00
16.00 1465.49
819.80 11.24 10.51 9.99 329.22 209.32 28.96 0.00
14.00 1781.28
785.40 9.64 8.52 7.71 328.51 208.98 30.87 0.10
4.00 2139.05
748.10 7.94 5.80 4.06 326.51 213.35 36.75 0.10
2.00 2542.46
708.00 7.64 -0.11 -11.65 317.26 224.18 38.46 -0.10
0.00 2996.76
665.00 6.24 -3.37 -27.59 316.11 242.30 35.10 -0.20
0.00 3510.90
619.10 3.04 -5.90 -33.16 318.17 243.30 36.75 -0.30
0.00 4092.63
570.70 -1.46 -8.92 -32.97 320.49 240.45 35.06 -0.30
0.00 4745.53
523.80 -5.36 -11.70 -33.14 323.84 244.30 28.67 -0.30
0.00 5422.79
481.60 -10.26 -15.53 -38.73 325.02 255.41 29.31 -0.20
0.00 6075.32
443.80 -15.66 -19.72 -42.72 325.56 256.14 30.81 -0.10
0.00 6697.96
409.80 -20.86 -23.88 -44.96 326.22 252.26 30.59 0.00
0.00 7292.70
379.00 -25.76 -28.00 -48.08 326.95 246.49 32.61 0.10
0.00 7864.15
351.30 -30.16 -31.84 -51.04 328.06 243.58 34.93 0.20
0.00 8408.90
326.40 -33.36 -34.76 -54.67 330.49 246.28 36.71 0.10
0.00 8928.38
304.00 -36.36 -37.52 -57.99 332.97 249.41 37.57 0.10
0.00 9424.30
283.80 -39.66 -40.57 -60.30 334.80 244.34 38.58 0.00
0.00 9897.56
265.70 -42.66 -43.39 -63.01 336.74 234.92 39.88 -0.10
0.00 10345.09
248.80 -46.06 -46.61 -66.51 338.01 228.41 41.55 -0.10
0.00 10785.22
233.60 -49.26 -49.67 -66.97 339.31 227.55 43.18 -0.10
0.00 11201.30
219.60 -51.06 -51.41 -67.41 342.57 231.38 39.53 -0.10
0.00 11604.71
205.70 -52.46 -52.80 -72.71 346.79 235.44 31.84 -0.10
0.00 12028.46
191.70 -54.76 -55.03 -73.19 350.16 231.60 26.26 -0.10
0.00 12481.43
177.70 -57.66 -57.86 -73.70 353.07 230.25 27.04 -0.10
0.00 12963.00
163.80 -60.66 -60.80 -74.24 356.36 236.21 31.78 0.00
0.00 13473.19
149.80 -62.96 -9999.00 -9999.00 -9999.00 238.76 34.07 0.00
0.00 14025.90
135.90 -64.66 -9999.00 -9999.00 -9999.00 231.15 37.16 0.10
0.00 14622.62
121.90 -65.16 -9999.00 -9999.00 -9999.00 235.48 37.02 0.10
0.00 15285.31
108.00 -65.56 -9999.00 -9999.00 -9999.00 233.24 21.10 0.00
0.00 16021.69
94.00 -70.26 -9999.00 -9999.00 -9999.00 188.00 12.55 0.00
0.00 16855.78
81.00 -69.06 -9999.00 -9999.00 -9999.00 188.62 12.98 0.00
0.00 17742.37
70.60 -67.26 -9999.00 -9999.00 -9999.00 154.09 7.56 0.00
0.00 18566.93
62.20 -65.56 -9999.00 -9999.00 -9999.00 81.67 8.04 0.00
0.00 19333.51
54.30 -65.76 -9999.00 -9999.00 -9999.00 49.90 9.65 0.00
0.00 20158.48
46.90 -65.66 -9999.00 -9999.00 -9999.00 67.78 14.90 0.00
0.00 21048.08
40.10 -63.46 -9999.00 -9999.00 -9999.00 75.34 13.05 0.00
0.00 22004.49
33.80 -61.66 -9999.00 -9999.00 -9999.00 14.42 7.01 0.00
0.00 23058.05
27.80 -60.76 -9999.00 -9999.00 -9999.00 1.22 9.13 0.00
0.00 24270.43
22.30 -57.56 -9999.00 -9999.00 -9999.00 14.04 2.41 0.00
0.00 25651.28
17.10 -52.46 -9999.00 -9999.00 -9999.00 233.13 1.94 0.00
0.00 27346.62
12.30 -46.56 -9999.00 -9999.00 -9999.00 272.49 22.36 0.00
0.00 29503.47

STID = KCAE STNM = 723100 TIME = 221026/1400 
SLAT = 33.95 SLON = -81.12 SELV = 79.0
STIM = 2

SHOW = 0.96 LIFT = 2.47 SWET = 355.79 KINX = 14.86
LCLP = 982.73 PWAT = 32.03 TOTL = 43.55 CAPE = 0.00
LCLT = 290.56 CINS = 0.00 EQLV = -9999.00 LFCT = -9999.00
BRCH = 0.00

PRES TMPC TMWC DWPC THTE DRCT SKNT OMEG
CFRL HGHT
1001.00 18.94 18.16 17.70 328.67 213.11 5.34 0.00
0.00 88.46
997.90 18.74 18.04 17.63 328.69 211.22 7.50 0.00
0.00 115.18
992.40 18.24 17.82 17.54 328.64 208.71 9.30 -0.10
0.00 162.72
982.90 17.54 17.45 17.34 328.64 207.90 11.21 -0.30
0.00 245.30
968.90 17.24 17.15 17.04 329.50 204.62 15.38 -0.50
100.00 368.24
950.80 17.14 17.06 16.95 331.71 206.82 19.81 -0.80
100.00 529.74
929.30 16.94 16.86 16.75 334.10 211.13 22.92 -1.10
100.00 725.54
905.80 16.34 16.25 16.14 335.40 212.05 24.51 -1.30
100.00 944.50
880.20 15.24 15.19 15.10 335.50 208.72 25.47 -1.30
100.00 1188.82
851.70 13.94 13.83 13.72 335.18 205.97 25.27 -0.90
100.00 1468.05
820.20 11.34 11.27 11.17 331.55 206.97 24.42 -0.50
100.00 1785.40
785.80 10.14 8.85 7.93 329.42 210.02 30.28 -0.20
8.00 2143.47
748.50 8.64 4.15 -0.17 321.93 216.22 37.80 -0.30
0.00 2547.32
708.30 6.84 -0.13 -10.00 317.28 217.93 35.70 -0.40
0.00 3002.25
665.30 5.94 -3.75 -30.89 315.17 241.89 32.15 -0.30
0.00 3515.19
619.30 2.94 -6.11 -36.61 317.63 243.57 36.65 -0.20
0.00 4097.49
570.90 -1.06 -8.58 -31.36 321.18 241.17 33.04 -0.10
0.00 4750.51
524.00 -4.96 -11.46 -33.36 324.25 246.91 25.76 -0.10
0.00 5428.54
481.70 -10.56 -15.78 -39.82 324.51 256.85 27.33 -0.10
0.00 6082.54
443.90 -16.06 -19.97 -41.82 325.11 252.69 28.07 0.00
0.00 6704.20
409.90 -21.16 -24.09 -44.44 325.85 248.55 29.22 0.00
0.00 7297.99
379.10 -26.06 -28.23 -47.42 326.57 246.29 31.39 0.00
0.00 7868.62
351.40 -30.26 -31.93 -51.04 327.90 247.64 33.18 0.10
0.00 8412.77
326.50 -33.26 -34.67 -54.67 330.60 252.63 36.44 0.20
0.00 8932.10
304.00 -36.66 -37.81 -59.76 332.50 254.52 39.30 0.20
0.00 9429.95
283.80 -40.16 -41.04 -62.51 334.04 249.28 40.07 0.20
0.00 9902.40
265.70 -43.36 -44.03 -63.01 335.71 243.43 43.01 0.10
0.00 10348.77
248.80 -46.26 -46.80 -66.51 337.71 235.67 43.75 0.10
0.00 10788.03
233.60 -48.96 -49.38 -66.97 339.76 231.62 42.87 0.10
0.00 11204.21
219.60 -50.86 -51.24 -72.27 342.84 232.25 40.29 0.10
0.00 11608.07
205.70 -52.46 -52.80 -72.71 346.79 233.45 34.58 0.10
0.00 12032.01
191.70 -54.56 -54.84 -73.19 350.48 231.80 30.15 0.00
0.00 12485.19
177.70 -57.26 -57.47 -73.70 353.73 231.23 30.40 0.00
0.00 12967.42
163.80 -60.26 -60.41 -74.24 357.03 233.87 32.94 -0.10
0.00 13478.56
149.80 -62.76 -9999.00 -9999.00 -9999.00 235.49 33.94 0.00
0.00 14032.06
135.90 -64.66 -9999.00 -9999.00 -9999.00 229.85 37.35 0.00
0.00 14629.07
121.90 -65.66 -9999.00 -9999.00 -9999.00 235.49 37.72 0.10
0.00 15290.96
108.00 -65.86 -9999.00 -9999.00 -9999.00 231.99 21.45 0.10
0.00 16025.93
94.00 -70.06 -9999.00 -9999.00 -9999.00 179.24 14.57 0.00
0.00 16859.81
81.00 -68.56 -9999.00 -9999.00 -9999.00 186.61 13.50 0.00
0.00 17747.92
70.60 -66.36 -9999.00 -9999.00 -9999.00 138.18 9.91 0.00
0.00 18575.30
62.20 -65.26 -9999.00 -9999.00 -9999.00 103.50 9.98 0.00
0.00 19344.11
54.30 -65.46 -9999.00 -9999.00 -9999.00 82.61 10.59 0.00
0.00 20170.27
46.90 -65.16 -9999.00 -9999.00 -9999.00 83.96 16.61 0.00
0.00 21061.58
40.10 -62.96 -9999.00 -9999.00 -9999.00 72.47 11.62 0.00
0.00 22020.28
33.80 -61.76 -9999.00 -9999.00 -9999.00 355.14 9.17 0.00
0.00 23074.85
27.80 -60.86 -9999.00 -9999.00 -9999.00 11.07 9.11 0.00
0.00 24286.65
22.30 -57.16 -9999.00 -9999.00 -9999.00 258.69 0.99 0.00
0.00 25668.47
17.10 -53.26 -9999.00 -9999.00 -9999.00 219.09 4.00 0.00
0.00 27362.25
12.30 -47.16 -9999.00 -9999.00 -9999.00 274.82 16.18 0.00
0.00 29512.36

STID = KCAE STNM = 723100 TIME = 221026/1500 
SLAT = 33.95 SLON = -81.12 SELV = 79.0
STIM = 3

SHOW = 2.57 LIFT = 2.85 SWET = 306.52 KINX = 2.65
LCLP = 988.59 PWAT = 29.76 TOTL = 41.99 CAPE = 0.00
LCLT = 290.85 CINS = 0.00 EQLV = -9999.00 LFCT = -9999.00
BRCH = 0.00

PRES TMPC TMWC DWPC THTE DRCT SKNT OMEG
CFRL HGHT
1001.00 18.74 18.22 17.90 328.90 202.83 4.00 0.00
0.00 89.32
998.00 18.54 18.09 17.80 328.84 201.45 5.85 0.10
0.00 115.15
992.50 18.04 17.84 17.68 328.71 200.92 7.07 0.10
0.00 162.66
982.90 17.54 17.42 17.29 328.52 204.08 10.00 0.10
23.00 246.08
968.90 17.04 16.96 16.86 328.86 203.40 14.18 0.10
100.00 368.97
950.90 16.74 16.66 16.55 330.29 206.28 17.54 0.10
100.00 529.39
929.40 16.34 16.28 16.19 332.04 213.52 17.95 0.20
100.00 724.78
905.80 15.74 15.63 15.51 333.20 212.20 18.59 0.30
100.00 944.14
880.30 14.94 14.53 14.25 333.19 209.11 19.56 0.40
92.00 1187.02
851.80 13.74 12.62 11.92 331.11 217.15 24.13 0.40
85.00 1465.82
820.30 12.34 10.84 9.85 330.19 218.66 31.10 0.10
80.00 1783.36
785.90 10.04 9.25 8.69 330.62 211.30 33.64 0.00
17.00 2141.91
748.60 8.84 2.23 -5.79 316.93 217.43 35.47 -0.10
0.00 2545.62
708.50 7.84 -1.72 -22.52 313.17 223.99 31.04 -0.20
0.00 2999.83
665.50 6.14 -3.45 -27.95 315.86 249.44 29.88 -0.20
0.00 3513.48
619.50 2.94 -5.78 -30.29 318.42 242.74 35.63 -0.20
0.00 4095.88
571.00 -0.66 -8.34 -31.36 321.64 241.48 30.52 -0.10
0.00 4750.61
524.10 -4.96 -11.56 -34.86 324.02 246.80 25.16 0.00
0.00 5429.01
481.80 -10.86 -15.96 -39.44 324.16 249.49 27.18 0.00
0.00 6082.50
443.90 -16.26 -20.08 -41.00 324.93 248.27 29.90 0.00
0.00 6705.14
409.90 -21.36 -24.20 -43.46 325.67 245.85 30.87 0.00
0.00 7298.48
379.10 -26.06 -28.20 -46.80 326.61 245.56 30.52 0.00
0.00 7868.88
351.40 -29.56 -31.36 -51.94 328.80 251.45 31.76 0.00
0.00 8413.81
326.50 -33.16 -34.63 -57.42 330.65 258.21 36.11 0.10
0.00 8934.00
304.00 -36.96 -38.07 -59.76 332.08 253.77 38.23 0.10
0.00 9431.63
283.80 -40.26 -41.14 -62.51 333.90 249.25 41.12 0.20
0.00 9903.68
265.70 -43.46 -44.15 -66.03 335.52 243.66 43.36 0.20
0.00 10349.86
248.80 -46.36 -46.89 -66.51 337.57 237.84 44.52 0.20
0.00 10788.92
233.60 -48.56 -49.00 -66.97 340.37 238.34 44.04 0.20
0.00 11205.38
219.60 -50.36 -50.74 -67.41 343.65 242.71 41.08 0.20
0.00 11610.05
205.70 -52.16 -52.51 -72.71 347.26 240.63 37.22 0.10
0.00 12034.76
191.70 -54.16 -54.45 -73.19 351.12 237.21 34.42 0.00
0.00 12488.66
177.70 -56.76 -56.99 -73.70 354.55 238.16 34.98 0.00
0.00 12971.89
163.80 -59.56 -59.73 -74.24 358.20 241.44 34.95 -0.10
0.00 13484.46
149.80 -62.26 -9999.00 -9999.00 -9999.00 239.62 32.65 -0.10
0.00 14039.53
135.90 -64.66 -9999.00 -9999.00 -9999.00 230.36 33.80 -0.10
0.00 14637.25
121.90 -66.16 -9999.00 -9999.00 -9999.00 233.81 35.86 0.00
0.00 15298.35
108.00 -66.46 -9999.00 -9999.00 -9999.00 233.44 21.52 0.00
0.00 16031.36
94.00 -69.56 -9999.00 -9999.00 -9999.00 180.75 14.76 0.00
0.00 16865.04
81.00 -68.26 -9999.00 -9999.00 -9999.00 195.17 11.87 0.00
0.00 17754.90
70.60 -66.16 -9999.00 -9999.00 -9999.00 133.21 8.80 0.00
0.00 18583.28
62.20 -65.16 -9999.00 -9999.00 -9999.00 108.43 7.36 0.00
0.00 19352.65
54.30 -65.56 -9999.00 -9999.00 -9999.00 84.51 10.14 0.00
0.00 20178.81
46.90 -65.56 -9999.00 -9999.00 -9999.00 79.11 15.42 0.00
0.00 21069.05
40.10 -63.06 -9999.00 -9999.00 -9999.00 61.99 10.33 0.00
0.00 22026.61
33.80 -62.06 -9999.00 -9999.00 -9999.00 5.86 7.61 0.00
0.00 23080.17
27.80 -60.56 -9999.00 -9999.00 -9999.00 51.63 5.94 0.00
0.00 24291.97
22.30 -56.16 -9999.00 -9999.00 -9999.00 236.31 2.80 0.00
0.00 25677.98
17.10 -53.16 -9999.00 -9999.00 -9999.00 263.05 8.02 0.00
0.00 27376.04
12.30 -48.16 -9999.00 -9999.00 -9999.00 271.74 12.82 0.00
0.00 29521.81

STID = KCAE STNM = 723100 TIME = 221026/1600 
SLAT = 33.95 SLON = -81.12 SELV = 79.0
STIM = 4

SHOW = 2.69 LIFT = 2.52 SWET = 312.56 KINX = 2.86
LCLP = 974.02 PWAT = 27.14 TOTL = 42.18 CAPE = 0.00
LCLT = 290.85 CINS = 0.00 EQLV = -9999.00 LFCT = -9999.00
BRCH = 0.00

PRES TMPC TMWC DWPC THTE DRCT SKNT OMEG
CFRL HGHT
1000.50 19.94 18.76 18.13 330.92 222.27 5.77 0.10
0.00 89.37
997.50 19.54 18.54 17.99 330.52 222.80 7.15 0.10
0.00 115.32
992.00 19.04 18.29 17.85 330.35 223.03 7.96 0.10
0.00 163.02
982.40 18.14 17.86 17.66 330.16 222.27 8.66 0.00
9.00 246.72
968.40 17.24 17.16 17.06 329.62 224.33 11.67 0.00
100.00 369.86
950.40 16.84 16.74 16.62 330.64 225.56 14.14 0.00
93.00 530.45
928.90 16.44 16.27 16.12 332.07 223.98 15.38 0.00
69.00 726.02
905.30 15.64 15.00 14.59 331.08 217.12 18.03 -0.10
52.00 945.45
879.90 14.64 13.57 12.90 330.02 218.05 22.69 -0.20
42.00 1187.21
851.40 14.04 12.43 11.42 330.53 214.47 31.57 -0.10
35.00 1466.02
820.00 12.64 9.61 7.45 326.46 210.13 32.11 0.10
30.00 1782.86
785.60 10.84 5.59 0.66 320.15 210.79 33.02 -0.10
0.00 2141.66
748.50 9.14 1.10 -10.67 314.07 217.72 31.43 -0.20
0.00 2543.50
708.40 8.34 -1.52 -23.17 313.58 233.72 26.26 -0.10
0.00 2998.27
665.40 6.14 -2.89 -21.90 317.28 252.13 31.02 0.00
0.00 3512.51
619.40 2.94 -5.61 -28.00 318.85 244.98 35.37 0.00
0.00 4095.09
570.90 -0.36 -8.25 -32.72 321.80 239.44 28.65 0.00
0.00 4750.30
524.00 -5.36 -11.86 -35.69 323.44 242.58 29.10 0.00
0.00 5428.68
481.70 -10.96 -15.95 -37.73 324.24 242.94 30.32 0.00
0.00 6081.69
443.90 -16.36 -20.06 -39.18 324.99 243.92 30.50 0.10
0.00 6702.53
409.90 -21.36 -24.19 -43.01 325.70 244.62 29.45 0.10
0.00 7295.76
379.10 -25.26 -27.64 -49.55 327.51 250.58 28.63 0.20
0.00 7867.07
351.40 -29.26 -31.17 -55.34 329.08 259.22 33.22 0.20
0.00 8413.21
326.50 -33.26 -34.71 -57.42 330.51 256.11 36.42 0.20
0.00 8933.61
304.00 -36.76 -37.90 -59.76 332.36 254.13 39.78 0.20
0.00 9431.35
283.80 -40.56 -41.41 -62.51 333.47 251.15 42.07 0.20
0.00 9903.30
265.70 -44.06 -44.71 -66.03 334.65 243.67 42.91 0.20
0.00 10348.61
248.80 -46.96 -47.46 -66.51 336.67 239.08 44.60 0.10
0.00 10786.52
233.60 -48.76 -49.19 -66.97 340.06 240.07 44.39 0.10
0.00 11202.24
219.60 -50.36 -50.74 -67.41 343.65 244.78 40.58 0.10
0.00 11606.73
205.70 -52.26 -52.60 -72.71 347.10 243.70 37.70 0.00
0.00 12031.34
191.70 -54.16 -54.45 -73.19 351.12 237.64 37.02 0.00
0.00 12485.14
177.70 -56.66 -56.89 -73.70 354.71 237.58 36.60 -0.10
0.00 12968.48
163.80 -59.66 -59.83 -74.24 358.03 243.43 34.75 -0.20
0.00 13481.05
149.80 -62.56 -9999.00 -9999.00 -9999.00 244.78 29.62 -0.10
0.00 14035.59
135.90 -65.06 -9999.00 -9999.00 -9999.00 230.68 29.12 -0.10
0.00 14632.32
121.90 -66.66 -9999.00 -9999.00 -9999.00 233.92 33.64 0.00
0.00 15291.99
108.00 -67.16 -9999.00 -9999.00 -9999.00 233.89 20.44 0.10
0.00 16022.88
94.00 -68.96 -9999.00 -9999.00 -9999.00 185.13 15.21 0.00
0.00 16856.35
81.00 -68.56 -9999.00 -9999.00 -9999.00 199.38 11.11 0.00
0.00 17746.86
70.60 -66.36 -9999.00 -9999.00 -9999.00 141.71 9.40 0.00
0.00 18574.24
62.20 -65.36 -9999.00 -9999.00 -9999.00 130.46 8.68 0.00
0.00 19342.86
54.30 -66.16 -9999.00 -9999.00 -9999.00 104.93 12.06 0.00
0.00 20167.43
46.90 -65.96 -9999.00 -9999.00 -9999.00 87.58 13.81 0.00
0.00 21055.53
40.10 -63.36 -9999.00 -9999.00 -9999.00 72.47 7.73 0.00
0.00 22011.48
33.80 -62.26 -9999.00 -9999.00 -9999.00 10.49 5.34 0.00
0.00 23063.80
27.80 -60.56 -9999.00 -9999.00 -9999.00 14.93 3.01 0.00
0.00 24275.03
22.30 -56.36 -9999.00 -9999.00 -9999.00 297.65 4.60 0.00
0.00 25660.39
17.10 -51.96 -9999.00 -9999.00 -9999.00 279.16 6.10 0.00
0.00 27362.34
12.30 -47.66 -9999.00 -9999.00 -9999.00 250.14 14.88 0.00
0.00 29516.30

STID = KCAE STNM = 723100 TIME = 221026/1700 
SLAT = 33.95 SLON = -81.12 SELV = 79.0
STIM = 5

SHOW = 3.17 LIFT = 2.47 SWET = 319.62 KINX = 5.48
LCLP = 959.32 PWAT = 24.31 TOTL = 41.60 CAPE = 1.15
LCLT = 290.53 CINS = 0.00 EQLV = 893.45 LFCT = 950.30
BRCH = 0.04

PRES TMPC TMWC DWPC THTE DRCT SKNT OMEG
CFRL HGHT
999.90 20.84 18.99 18.04 331.84 243.43 6.51 0.10
0.00 89.40
996.90 20.44 18.76 17.89 331.42 242.82 8.08 0.10
0.00 115.45
991.40 19.94 18.52 17.76 331.27 242.30 8.78 0.10
0.00 163.32
981.90 19.04 18.10 17.58 331.09 241.86 9.48 0.00
0.00 246.45
967.80 17.84 17.54 17.33 331.04 240.95 10.00 0.00
50.00 370.87
949.80 16.74 16.64 16.53 330.40 238.86 10.90 -0.10
100.00 531.70
928.30 15.74 15.66 15.55 330.03 236.04 11.48 -0.20
100.00 727.10
904.80 14.84 14.75 14.64 330.32 221.70 14.32 -0.20
86.00 945.13
879.30 13.84 13.27 12.89 329.14 213.42 23.27 -0.20
28.00 1187.33
850.90 13.54 12.04 11.07 329.34 209.22 31.84 -0.20
12.00 1464.69
819.50 12.44 7.90 4.16 321.54 211.08 33.12 -0.20
3.00 1781.16
785.30 12.04 1.48 -18.57 309.41 218.54 29.31 -0.30
0.00 2138.07
748.20 10.74 -0.15 -25.60 310.69 226.47 26.79 -0.30
0.00 2541.36
708.20 8.54 -0.89 -18.69 315.14 240.20 24.63 -0.20
0.00 2996.43
665.20 5.74 -3.23 -22.98 316.55 251.80 30.48 -0.20
0.00 3510.69
619.20 2.84 -5.83 -30.09 318.38 247.60 34.67 -0.10
0.00 4092.89
570.80 -0.46 -8.40 -34.26 321.48 240.30 30.19 0.00
0.00 4746.65
523.90 -5.66 -12.11 -36.90 322.95 243.92 30.92 0.10
0.00 5424.62
481.70 -10.96 -15.91 -37.11 324.31 242.31 30.92 0.10
0.00 6075.78
443.80 -16.16 -19.96 -39.87 325.19 241.77 29.99 0.20
0.00 6698.57
409.80 -20.66 -23.78 -46.73 326.36 247.23 27.60 0.30
0.00 7292.97
379.00 -25.06 -27.54 -52.30 327.68 256.15 29.22 0.30
0.00 7865.44
351.40 -29.56 -31.40 -54.06 328.72 255.11 31.76 0.20
0.00 8409.57
326.40 -33.36 -34.78 -55.94 330.45 251.97 34.52 0.20
0.00 8931.71
304.00 -36.66 -37.81 -59.76 332.50 250.46 38.34 0.20
0.00 9427.31
283.80 -40.66 -41.50 -62.51 333.32 244.16 41.01 0.10
0.00 9899.26
265.70 -44.46 -45.08 -66.03 334.06 238.99 42.60 0.10
0.00 10344.09
248.80 -47.26 -47.74 -66.51 336.23 238.51 43.51 0.10
0.00 10781.33
233.60 -48.46 -48.91 -66.97 340.52 242.58 40.93 0.10
0.00 11197.04
219.60 -49.56 -49.98 -67.41 344.89 247.69 36.32 0.10
0.00 11602.53
205.70 -51.66 -52.03 -72.71 348.05 248.20 35.57 0.10
0.00 12028.48
191.70 -54.06 -54.36 -73.19 351.28 244.64 37.18 0.00
0.00 12483.00
177.70 -56.86 -57.08 -73.70 354.38 245.60 39.02 -0.10
0.00 12966.23
163.80 -59.56 -59.73 -74.24 358.20 249.44 36.52 -0.10
0.00 13478.68
149.80 -62.36 -9999.00 -9999.00 -9999.00 248.27 27.82 0.00
0.00 14033.62
135.90 -64.86 -9999.00 -9999.00 -9999.00 230.89 26.79 0.00
0.00 14630.91
121.90 -66.56 -9999.00 -9999.00 -9999.00 235.47 33.24 0.10
0.00 15291.05
108.00 -66.66 -9999.00 -9999.00 -9999.00 231.43 18.38 0.00
0.00 16023.01
94.00 -68.66 -9999.00 -9999.00 -9999.00 187.83 15.70 0.00
0.00 16858.11
81.00 -68.86 -9999.00 -9999.00 -9999.00 202.69 11.58 0.00
0.00 17748.62
70.60 -66.66 -9999.00 -9999.00 -9999.00 162.26 10.20 0.00
0.00 18574.79
62.20 -66.56 -9999.00 -9999.00 -9999.00 148.86 10.90 0.00
0.00 19340.63
54.30 -67.06 -9999.00 -9999.00 -9999.00 120.47 11.50 0.00
0.00 20161.03
46.90 -65.56 -9999.00 -9999.00 -9999.00 86.88 10.70 0.00
0.00 21048.05
40.10 -63.16 -9999.00 -9999.00 -9999.00 49.40 3.57 0.00
0.00 22005.38
33.80 -62.46 -9999.00 -9999.00 -9999.00 3.37 6.62 0.00
0.00 23057.70
27.80 -60.56 -9999.00 -9999.00 -9999.00 356.73 6.82 0.00
0.00 24268.35
22.30 -57.76 -9999.00 -9999.00 -9999.00 336.80 5.92 0.00
0.00 25649.20
17.10 -52.36 -9999.00 -9999.00 -9999.00 236.31 2.10 0.00
0.00 27344.15
12.30 -47.56 -9999.00 -9999.00 -9999.00 235.12 15.62 0.00
0.00 29496.67

STID = KCAE STNM = 723100 TIME = 221026/1800 
SLAT = 33.95 SLON = -81.12 SELV = 79.0
STIM = 6

SHOW = 6.03 LIFT = 3.08 SWET = 277.73 KINX = 1.17
LCLP = 939.79 PWAT = 21.96 TOTL = 38.16 CAPE = 6.14
LCLT = 289.44 CINS = -0.96 EQLV = 863.54 LFCT = 920.47
BRCH = 0.20

PRES TMPC TMWC DWPC THTE DRCT SKNT OMEG
CFRL HGHT
998.40 21.34 18.65 17.25 330.78 247.25 6.53 0.10
0.00 88.56
995.40 20.84 18.37 17.07 330.18 247.17 8.00 0.20
0.00 114.68
989.90 20.34 18.12 16.94 330.04 246.30 8.70 0.20
0.00 162.67
980.40 19.54 17.72 16.73 329.92 246.64 9.30 0.20
0.00 246.02
966.40 18.24 17.10 16.46 329.70 245.46 9.83 0.30
0.00 369.88
948.40 16.84 16.25 15.88 329.24 243.90 10.61 0.30
61.00 531.04
926.90 15.54 15.15 14.88 328.52 234.66 13.09 0.30
84.00 726.63
903.50 14.24 13.96 13.74 327.88 226.58 14.98 0.30
88.00 943.68
878.10 12.64 12.52 12.39 326.90 214.86 21.08 0.20
81.00 1184.44
849.70 12.74 9.96 7.95 323.18 214.12 28.40 0.00
10.00 1461.04
818.50 12.74 4.98 -3.88 313.76 219.39 30.92 -0.20
0.00 1775.18
784.40 12.44 1.55 -19.67 309.62 226.37 28.71 -0.30
0.00 2131.60
747.40 11.04 0.40 -21.16 312.13 229.17 26.44 -0.20
0.00 2534.78
707.50 8.54 -0.99 -19.39 315.00 241.03 24.86 -0.20
0.00 2989.45
664.50 5.54 -3.49 -24.43 316.06 251.32 29.12 -0.20
0.00 3504.02
618.70 3.04 -5.77 -30.96 318.55 247.88 32.50 -0.10
0.00 4084.20
570.40 -0.56 -8.52 -35.43 321.28 242.46 30.67 0.10
0.00 4737.20
523.60 -5.86 -12.14 -35.13 322.98 250.08 30.79 0.20
0.00 5413.79
481.40 -11.06 -16.00 -37.42 324.21 245.47 31.82 0.30
0.00 6064.98
443.60 -15.96 -19.90 -41.83 325.30 243.27 29.80 0.20
0.00 6686.58
409.70 -20.46 -23.69 -48.87 326.53 247.90 27.87 0.20
0.00 7279.89
378.90 -25.16 -27.62 -52.30 327.57 251.57 30.11 0.10
0.00 7852.61
351.30 -29.76 -31.55 -52.94 328.52 247.25 32.65 0.00
0.00 8396.55
326.40 -33.36 -34.78 -55.94 330.45 245.32 34.42 -0.10
0.00 8916.46
304.00 -36.96 -38.07 -59.76 332.08 243.97 37.18 -0.20
0.00 9411.75
283.80 -40.86 -41.68 -62.51 333.04 239.76 39.36 -0.20
0.00 9883.21
265.70 -44.66 -45.24 -63.01 333.81 237.15 40.46 -0.20
0.00 10327.65
248.80 -47.36 -47.84 -66.51 336.08 238.75 40.44 -0.10
0.00 10764.60
233.60 -48.36 -48.81 -66.97 340.67 244.61 38.05 -0.10
0.00 11180.32
219.60 -49.36 -49.81 -72.27 345.15 250.56 35.02 -0.10
0.00 11586.07
205.70 -51.76 -52.13 -72.71 347.89 252.78 34.77 -0.10
0.00 12012.12
191.70 -54.66 -54.94 -73.19 350.32 251.08 35.94 0.00
0.00 12465.91
177.70 -57.56 -57.76 -73.70 353.24 250.12 36.56 0.00
0.00 12947.70
163.80 -59.76 -59.92 -74.24 357.86 247.31 34.73 0.00
0.00 13459.08
149.80 -61.66 -9999.00 -9999.00 -9999.00 240.21 29.33 0.00
0.00 14014.67
135.90 -64.36 -9999.00 -9999.00 -9999.00 224.17 28.44 0.00
0.00 14613.67
121.90 -66.56 -9999.00 -9999.00 -9999.00 230.11 33.92 0.00
0.00 15274.61
108.00 -67.06 -9999.00 -9999.00 -9999.00 224.22 20.05 0.00
0.00 16005.86
94.00 -69.06 -9999.00 -9999.00 -9999.00 189.34 15.56 0.00
0.00 16839.33
81.00 -68.96 -9999.00 -9999.00 -9999.00 199.54 12.78 0.00
0.00 17728.75
70.60 -66.76 -9999.00 -9999.00 -9999.00 168.87 12.08 0.00
0.00 18554.52
62.20 -67.26 -9999.00 -9999.00 -9999.00 156.80 13.31 0.00
0.00 19318.88
54.30 -66.96 -9999.00 -9999.00 -9999.00 128.81 11.46 0.00
0.00 20138.09
46.90 -64.66 -9999.00 -9999.00 -9999.00 90.00 9.91 0.00
0.00 21027.26
40.10 -62.96 -9999.00 -9999.00 -9999.00 34.99 2.37 0.00
0.00 21987.10
33.80 -62.66 -9999.00 -9999.00 -9999.00 24.08 10.00 0.00
0.00 23039.42
27.80 -61.16 -9999.00 -9999.00 -9999.00 32.38 9.42 0.00
0.00 24247.79
22.30 -59.06 -9999.00 -9999.00 -9999.00 58.67 5.23 0.00
0.00 25622.51
17.10 -53.26 -9999.00 -9999.00 -9999.00 180.00 6.02 0.00
0.00 27308.91
12.30 -47.16 -9999.00 -9999.00 -9999.00 241.35 21.46 0.00
0.00 29459.01

STID = KCAE STNM = 723100 TIME = 221026/1900 
SLAT = 33.95 SLON = -81.12 SELV = 79.0
STIM = 7

SHOW = 11.85 LIFT = 4.70 SWET = 156.76 KINX = -7.27
LCLP = 896.15 PWAT = 18.40 TOTL = 29.73 CAPE = 0.07
LCLT = 286.77 CINS = -4.71 EQLV = 876.77 LFCT = 881.68
BRCH = 0.00

PRES TMPC TMWC DWPC THTE DRCT SKNT OMEG
CFRL HGHT
998.80 22.64 17.90 15.30 328.00 223.83 6.74 0.10
0.00 88.59
995.80 22.14 17.61 15.10 327.40 224.06 8.37 0.10
0.00 114.79
990.30 21.64 17.34 14.94 327.21 224.12 8.94 0.20
0.00 162.93
980.80 20.74 16.89 14.72 326.97 224.19 9.75 0.20
0.00 246.53
966.80 19.44 16.24 14.40 326.66 225.74 10.59 0.20
0.00 370.73
948.80 17.94 15.46 14.01 326.53 227.07 11.40 0.10
11.00 532.32
927.40 16.14 14.09 12.82 324.99 224.40 13.05 0.10
34.00 727.31
904.00 14.44 12.38 11.00 322.83 225.00 14.01 0.10
38.00 944.33
878.50 12.34 10.93 9.93 322.00 225.53 14.98 0.00
31.00 1185.63
850.30 13.04 6.27 -0.75 312.87 229.55 24.24 0.00
3.00 1459.69
819.10 13.94 3.15 -15.01 308.78 231.28 27.64 -0.10
0.00 1773.89
785.00 13.14 2.39 -15.86 311.56 235.73 26.55 -0.10
0.00 2131.04
747.90 11.24 1.41 -14.48 314.61 236.31 25.21 0.00
0.00 2535.80
707.90 8.84 -0.74 -18.70 315.51 247.24 23.60 0.00
0.00 2991.84
664.90 6.04 -3.29 -25.29 316.37 255.88 31.04 0.00
0.00 3506.84
619.00 3.44 -5.54 -30.95 318.96 249.28 32.40 0.00
0.00 4088.91
570.60 -0.46 -8.39 -33.99 321.55 247.24 30.13 0.10
0.00 4743.59
523.70 -5.86 -12.21 -36.28 322.82 255.63 32.09 0.20
0.00 5421.57
481.50 -11.16 -16.08 -37.73 324.03 252.58 31.16 0.30
0.00 6072.50
443.80 -15.96 -19.96 -43.20 325.14 253.12 29.43 0.30
0.00 6692.12
409.80 -20.56 -23.77 -48.87 326.38 250.71 28.81 0.20
0.00 7286.85
379.00 -25.26 -27.70 -52.30 327.41 246.90 30.21 0.10
0.00 7859.20
351.30 -29.66 -31.47 -52.94 328.65 243.89 33.10 0.10
0.00 8405.04
326.40 -33.36 -34.78 -55.94 330.45 244.28 35.35 0.00
0.00 8925.06
304.00 -37.26 -38.34 -59.76 331.66 245.43 37.37 -0.10
0.00 9420.04
283.80 -41.36 -42.14 -62.51 332.32 242.52 37.88 -0.10
0.00 9890.68
265.70 -44.76 -45.33 -63.01 333.67 241.25 38.77 -0.10
0.00 10334.54
248.80 -47.16 -47.65 -66.51 336.38 242.16 39.10 -0.10
0.00 10771.59
233.60 -48.36 -48.81 -66.97 340.67 246.41 36.89 0.00
0.00 11187.49
219.60 -49.56 -50.00 -72.27 344.84 251.46 34.21 0.00
0.00 11593.07
205.70 -51.96 -52.32 -72.71 347.57 254.46 34.07 0.00
0.00 12018.73
191.70 -54.96 -55.22 -73.19 349.83 254.41 34.69 0.00
0.00 12472.01
177.70 -57.86 -58.06 -73.70 352.75 252.39 34.03 0.00
0.00 12953.13
163.80 -59.86 -60.02 -74.24 357.70 244.04 32.85 0.00
0.00 13464.04
149.80 -61.56 -9999.00 -9999.00 -9999.00 233.82 32.25 0.00
0.00 14019.63
135.90 -64.36 -9999.00 -9999.00 -9999.00 229.70 31.84 0.00
0.00 14618.77
121.90 -66.86 -9999.00 -9999.00 -9999.00 233.40 32.91 0.00
0.00 15279.24
108.00 -68.16 -9999.00 -9999.00 -9999.00 224.02 24.05 0.00
0.00 16008.00
94.00 -69.26 -9999.00 -9999.00 -9999.00 195.31 16.92 0.00
0.00 16838.83
81.00 -68.96 -9999.00 -9999.00 -9999.00 201.09 14.57 0.00
0.00 17727.82
70.60 -66.16 -9999.00 -9999.00 -9999.00 175.53 12.47 0.00
0.00 18554.79
62.20 -66.46 -9999.00 -9999.00 -9999.00 164.83 11.87 0.00
0.00 19321.75
54.30 -65.36 -9999.00 -9999.00 -9999.00 124.51 7.54 0.00
0.00 20145.72
46.90 -63.76 -9999.00 -9999.00 -9999.00 91.27 8.74 0.00
0.00 21040.25
40.10 -62.76 -9999.00 -9999.00 -9999.00 56.31 4.20 0.00
0.00 22002.62
33.80 -62.46 -9999.00 -9999.00 -9999.00 38.54 14.65 0.00
0.00 23055.94
27.80 -61.16 -9999.00 -9999.00 -9999.00 51.71 9.40 0.00
0.00 24264.88
22.30 -58.56 -9999.00 -9999.00 -9999.00 118.07 3.30 0.00
0.00 25641.21
17.10 -52.76 -9999.00 -9999.00 -9999.00 225.74 10.59 0.00
0.00 27331.50
12.30 -47.26 -9999.00 -9999.00 -9999.00 245.46 29.47 0.00
0.00 29483.53

STID = KCAE STNM = 723100 TIME = 221026/2000 
SLAT = 33.95 SLON = -81.12 SELV = 79.0
STIM = 8

SHOW = 9.01 LIFT = 5.82 SWET = 215.47 KINX = -6.67
LCLP = 851.54 PWAT = 18.32 TOTL = 34.10 CAPE = 0.00
LCLT = 283.69 CINS = 0.00 EQLV = -9999.00 LFCT = -9999.00
BRCH = 0.00

PRES TMPC TMWC DWPC THTE DRCT SKNT OMEG
CFRL HGHT
998.50 23.74 16.98 12.96 324.80 233.75 7.23 0.10
0.00 89.50
995.50 23.24 16.68 12.73 324.20 233.88 8.90 0.10
0.00 115.77
990.10 22.74 16.42 12.58 324.04 234.06 9.60 0.10
0.00 163.19
980.60 21.84 15.97 12.37 323.82 234.21 10.30 0.10
0.00 247.03
966.60 20.54 15.33 12.10 323.63 235.18 10.88 0.00
0.00 371.62
948.70 18.94 14.54 11.76 323.48 235.49 11.31 -0.10
0.00 532.76
927.30 17.04 13.60 11.38 323.41 237.09 11.79 -0.20
0.00 728.28
903.80 14.94 12.55 10.98 323.40 237.32 12.24 -0.40
0.00 946.73
878.50 13.24 10.58 8.66 320.97 238.28 12.57 -0.50
0.00 1186.69
850.20 11.14 8.07 5.55 317.79 236.31 15.40 -0.50
8.00 1461.40
818.90 12.84 4.20 -6.89 311.67 236.18 23.39 -0.30
0.00 1775.37
784.80 12.94 3.19 -10.70 313.68 241.36 26.34 -0.10
0.00 2132.03
747.70 11.54 1.59 -14.27 315.06 242.54 22.32 -0.10
0.00 2537.05
707.70 9.04 -1.14 -23.05 314.48 257.66 25.45 -0.10
0.00 2993.57
664.80 6.44 -3.08 -25.29 316.84 258.00 31.78 -0.20
0.00 3507.98
618.90 3.84 -5.22 -29.49 319.69 250.02 31.84 -0.10
0.00 4090.99
570.60 -0.46 -8.43 -34.83 321.44 257.24 31.66 0.00
0.00 4744.86
523.70 -5.76 -12.33 -40.69 322.50 267.21 31.90 0.10
0.00 5422.93
481.50 -11.16 -16.15 -39.08 323.89 265.66 30.79 0.10
0.00 6073.95
443.70 -16.26 -20.08 -41.00 324.97 262.55 29.97 0.10
0.00 6694.92
409.70 -20.96 -24.00 -46.10 326.04 254.97 29.97 0.10
0.00 7288.99
379.00 -25.56 -27.88 -49.56 327.14 248.60 30.89 0.00
0.00 7858.77
351.30 -29.66 -31.45 -51.94 328.69 246.27 33.31 0.00
0.00 8404.29
326.40 -33.46 -34.87 -55.94 330.31 247.74 35.90 0.00
0.00 8924.20
304.00 -37.76 -38.79 -59.76 330.96 249.13 37.63 0.00
0.00 9418.55
283.80 -41.66 -42.39 -60.30 331.93 245.98 39.12 -0.10
0.00 9888.40
265.70 -44.96 -45.52 -63.01 333.38 244.41 40.93 -0.10
0.00 10331.78
248.80 -47.06 -47.55 -66.51 336.52 244.81 39.70 -0.10
0.00 10768.73
233.60 -48.16 -48.62 -66.97 340.97 248.31 36.79 -0.10
0.00 11184.91
219.60 -49.56 -50.00 -72.27 344.84 251.67 33.97 -0.10
0.00 11590.66
205.70 -51.86 -52.22 -72.71 347.73 251.67 32.73 -0.10
0.00 12016.42
191.70 -54.56 -54.84 -73.19 350.48 251.78 32.93 0.00
0.00 12470.22
177.70 -57.26 -57.47 -73.70 353.73 252.32 32.61 0.00
0.00 12952.45
163.80 -59.96 -60.12 -74.24 357.53 245.30 32.07 0.00
0.00 13463.95
149.80 -62.06 -9999.00 -9999.00 -9999.00 236.31 33.62 0.00
0.00 14018.75
135.90 -64.96 -9999.00 -9999.00 -9999.00 234.83 35.41 0.00
0.00 14616.33
121.90 -67.06 -9999.00 -9999.00 -9999.00 240.60 31.66 0.00
0.00 15275.52
108.00 -68.66 -9999.00 -9999.00 -9999.00 227.46 22.42 0.00
0.00 16003.04
94.00 -68.96 -9999.00 -9999.00 -9999.00 199.65 17.33 0.00
0.00 16833.47
81.00 -68.76 -9999.00 -9999.00 -9999.00 203.59 15.05 0.00
0.00 17723.54
70.60 -66.46 -9999.00 -9999.00 -9999.00 181.88 11.85 0.00
0.00 18550.32
62.20 -66.16 -9999.00 -9999.00 -9999.00 167.01 10.37 0.00
0.00 19317.27
54.30 -64.56 -9999.00 -9999.00 -9999.00 126.16 6.25 0.00
0.00 20143.44
46.90 -63.26 -9999.00 -9999.00 -9999.00 103.24 10.18 0.00
0.00 21040.75
40.10 -62.46 -9999.00 -9999.00 -9999.00 74.48 7.26 0.00
0.00 22004.96
33.80 -62.36 -9999.00 -9999.00 -9999.00 50.83 13.54 0.00
0.00 23059.28
27.80 -60.76 -9999.00 -9999.00 -9999.00 73.61 3.44 0.00
0.00 24269.65
22.30 -58.46 -9999.00 -9999.00 -9999.00 237.99 5.50 0.00
0.00 25647.59
17.10 -52.46 -9999.00 -9999.00 -9999.00 250.35 14.43 0.00
0.00 27339.43
12.30 -47.36 -9999.00 -9999.00 -9999.00 257.42 25.87 0.00
0.00 29492.43

STID = KCAE STNM = 723100 TIME = 221026/2100 
SLAT = 33.95 SLON = -81.12 SELV = 79.0
STIM = 9

SHOW = 8.66 LIFT = 7.29 SWET = 127.33 KINX = -5.39
LCLP = 820.03 PWAT = 17.17 TOTL = 34.59 CAPE = 0.00
LCLT = 280.96 CINS = 0.00 EQLV = -9999.00 LFCT = -9999.00
BRCH = 0.00

PRES TMPC TMWC DWPC THTE DRCT SKNT OMEG
CFRL HGHT
998.20 24.04 15.98 10.74 321.46 248.20 7.32 0.10
0.00 89.50
995.20 23.74 15.74 10.49 321.09 247.29 9.05 0.10
0.00 115.80
989.80 23.24 15.47 10.32 320.91 246.95 9.93 0.10
0.00 163.27
980.30 22.34 15.01 10.10 320.69 246.80 10.35 0.00
0.00 247.22
966.40 21.14 14.41 9.85 320.64 246.67 10.78 -0.10
0.00 371.08
948.50 19.54 13.60 9.53 320.53 246.67 10.78 -0.20
0.00 532.47
927.10 17.64 12.65 9.16 320.48 245.73 10.86 -0.30
0.00 728.28
903.70 15.44 11.55 8.78 320.38 244.80 10.96 -0.40
0.00 946.08
878.30 13.34 9.69 6.86 318.44 242.97 10.68 -0.40
0.00 1187.13
850.00 10.74 8.17 6.09 318.09 241.14 10.86 -0.40
5.00 1461.70
818.80 11.44 4.73 -2.74 313.21 234.90 17.56 -0.20
0.00 1773.86
784.70 12.44 3.14 -9.75 313.66 243.66 21.89 0.00
0.00 2129.50
747.60 11.34 1.06 -17.05 313.73 247.50 20.82 0.00
0.00 2534.06
707.60 8.74 -1.23 -22.40 314.33 259.85 26.44 0.00
0.00 2990.20
664.70 6.74 -2.81 -24.16 317.46 257.16 31.47 0.00
0.00 3504.70
618.80 4.04 -5.14 -29.89 319.86 254.26 30.07 0.00
0.00 4088.33
570.50 -0.26 -8.41 -37.06 321.44 268.07 28.77 0.10
0.00 4742.77
523.60 -5.86 -12.10 -34.34 323.09 273.14 31.90 0.20
0.00 5421.12
481.40 -11.36 -16.12 -35.98 324.02 272.69 33.06 0.20
0.00 6071.95
443.70 -16.56 -20.21 -39.18 324.78 268.93 31.08 0.20
0.00 6690.79
409.70 -21.46 -24.28 -43.46 325.58 258.99 29.49 0.20
0.00 7283.94
379.00 -25.86 -28.06 -47.42 326.86 251.34 30.96 0.10
0.00 7852.81
351.30 -29.76 -31.53 -51.94 328.56 250.30 33.43 0.10
0.00 8397.89
326.40 -33.66 -35.04 -55.94 330.03 251.37 35.88 0.10
0.00 8917.48
304.00 -37.96 -38.95 -57.99 330.72 250.67 39.32 0.00
0.00 9411.42
283.80 -41.86 -42.58 -60.30 331.64 249.26 42.79 0.00
0.00 9880.86
265.70 -45.16 -45.71 -63.01 333.08 248.64 42.13 0.00
0.00 10323.86
248.80 -47.16 -47.65 -66.51 336.38 250.33 39.82 0.00
0.00 10760.52
233.60 -48.16 -48.62 -66.97 340.97 254.88 37.22 0.00
0.00 11176.61
219.60 -49.66 -50.10 -72.27 344.69 256.44 33.97 0.00
0.00 11582.27
205.70 -51.96 -52.32 -72.71 347.57 254.66 33.04 0.00
0.00 12007.84
191.70 -54.26 -54.55 -73.19 350.96 251.88 33.10 0.00
0.00 12461.84
177.70 -56.96 -57.18 -73.70 354.22 247.30 32.21 0.00
0.00 12944.74
163.80 -59.86 -9999.00 -9999.00 -9999.00 243.59 31.45 0.00
0.00 13456.72
149.80 -62.76 -9999.00 -9999.00 -9999.00 239.15 33.72 0.00
0.00 14010.73
135.90 -65.56 -9999.00 -9999.00 -9999.00 240.14 36.29 0.00
0.00 14606.46
121.90 -67.36 -9999.00 -9999.00 -9999.00 244.05 32.40 0.00
0.00 15264.22
108.00 -68.46 -9999.00 -9999.00 -9999.00 224.63 21.02 0.00
0.00 15991.56
94.00 -68.96 -9999.00 -9999.00 -9999.00 197.32 18.92 0.00
0.00 16822.39
81.00 -68.86 -9999.00 -9999.00 -9999.00 192.40 18.10 0.00
0.00 17712.25
70.60 -66.86 -9999.00 -9999.00 -9999.00 178.18 12.24 0.00
0.00 18538.02
62.20 -65.56 -9999.00 -9999.00 -9999.00 160.50 9.89 0.00
0.00 19305.34
54.30 -63.76 -9999.00 -9999.00 -9999.00 110.10 8.49 0.00
0.00 20134.29
46.90 -63.26 -9999.00 -9999.00 -9999.00 99.46 11.81 0.00
0.00 21033.32
40.10 -62.76 -9999.00 -9999.00 -9999.00 62.78 7.65 0.00
0.00 21996.84
33.80 -62.76 -9999.00 -9999.00 -9999.00 47.49 9.48 0.00
0.00 23049.41
27.80 -61.26 -9999.00 -9999.00 -9999.00 129.81 1.52 0.00
0.00 24257.20
22.30 -58.36 -9999.00 -9999.00 -9999.00 246.80 7.40 0.00
0.00 25633.86
17.10 -53.16 -9999.00 -9999.00 -9999.00 269.20 13.99 0.00
0.00 27323.37
12.30 -47.36 -9999.00 -9999.00 -9999.00 260.27 20.69 0.00
0.00 29472.99

STID = KCAE STNM = 723100 TIME = 221026/2200 
SLAT = 33.95 SLON = -81.12 SELV = 79.0
STIM = 10

SHOW = 9.66 LIFT = 8.42 SWET = 106.77 KINX = -6.48
LCLP = 823.69 PWAT = 16.27 TOTL = 33.30 CAPE = 0.00
LCLT = 280.36 CINS = 0.00 EQLV = -9999.00 LFCT = -9999.00
BRCH = 0.00

PRES TMPC TMWC DWPC THTE DRCT SKNT OMEG
CFRL HGHT
999.50 23.14 15.35 10.08 319.30 260.84 6.10 0.10
0.00 88.58
996.50 23.14 15.16 9.69 319.07 261.35 9.03 0.10
0.00 114.78
991.10 22.84 14.85 9.31 318.81 261.72 10.80 0.10
0.00 162.09
981.60 22.04 14.38 8.99 318.57 261.47 11.79 0.10
0.00 245.80
967.60 20.84 13.74 8.68 318.43 261.61 11.99 0.00
0.00 370.22
949.70 19.24 12.93 8.36 318.33 261.47 11.79 -0.10
0.00 531.18
928.30 17.44 12.01 8.01 318.41 260.87 11.01 -0.20
0.00 726.50
904.90 15.24 10.91 7.66 318.34 258.91 10.10 -0.30
0.00 943.79
879.50 13.04 9.54 6.81 317.87 256.26 8.99 -0.30
0.00 1184.26
851.10 10.64 7.61 5.04 316.43 245.22 8.35 -0.30
0.00 1459.20
819.80 11.34 4.81 -2.38 313.28 239.45 13.75 -0.20
0.00 1771.82
785.60 12.54 2.94 -10.99 312.99 249.17 19.11 -0.10
0.00 2128.07
748.50 11.14 0.68 -19.24 312.66 255.20 21.29 -0.10
0.00 2532.03
708.40 9.14 -0.94 -21.66 314.87 265.60 27.86 -0.10
0.00 2988.91
665.40 6.94 -2.69 -24.14 317.59 261.42 31.24 0.00
0.00 3504.61
619.40 4.14 -5.14 -30.95 319.71 259.62 28.05 0.00
0.00 4089.23
571.00 -0.36 -8.38 -35.11 321.46 267.49 26.63 0.10
0.00 4744.42
524.00 -5.86 -12.08 -34.09 323.05 273.58 31.14 0.20
0.00 5423.54
481.70 -11.36 -16.10 -35.70 324.00 279.41 33.28 0.20
0.00 6075.47
443.90 -16.66 -20.32 -39.87 324.54 273.24 30.94 0.10
0.00 6695.49
409.90 -21.76 -24.49 -43.01 325.18 262.92 29.95 0.10
0.00 7287.90
379.10 -25.86 -28.10 -48.79 326.76 258.00 31.78 0.00
0.00 7858.06
351.40 -29.56 -31.40 -54.06 328.72 256.45 33.18 -0.10
0.00 8403.21
326.50 -33.76 -35.13 -55.94 329.87 253.39 34.65 -0.10
0.00 8922.75
304.00 -37.96 -38.95 -57.99 330.72 250.89 41.53 -0.10
0.00 9418.71
283.80 -42.06 -42.76 -60.30 331.36 249.81 42.21 -0.10
0.00 9887.95
265.70 -45.16 -45.71 -63.01 333.08 250.14 39.45 0.00
0.00 10330.75
248.80 -46.96 -47.46 -66.51 336.67 253.24 37.72 0.00
0.00 10767.61
233.60 -47.86 -48.34 -66.97 341.43 258.19 35.12 0.00
0.00 11184.16
219.60 -49.56 -50.00 -72.27 344.84 258.82 33.06 0.00
0.00 11590.18
205.70 -51.86 -52.22 -72.71 347.73 258.31 34.52 0.00
0.00 12015.94
191.70 -54.26 -54.55 -73.19 350.96 254.97 35.20 0.00
0.00 12470.05
177.70 -56.66 -56.89 -73.70 354.71 245.67 33.47 0.00
0.00 12953.28
163.80 -59.56 -9999.00 -9999.00 -9999.00 239.84 33.26 -0.10
0.00 13465.97
149.80 -62.96 -9999.00 -9999.00 -9999.00 240.21 34.01 -0.10
0.00 14020.12
135.90 -66.16 -9999.00 -9999.00 -9999.00 245.40 35.47 0.00
0.00 14614.70
121.90 -67.96 -9999.00 -9999.00 -9999.00 248.26 31.99 0.00
0.00 15270.55
108.00 -67.96 -9999.00 -9999.00 -9999.00 229.06 21.35 0.00
0.00 15997.72
94.00 -69.16 -9999.00 -9999.00 -9999.00 202.09 21.17 0.00
0.00 16829.16
81.00 -68.46 -9999.00 -9999.00 -9999.00 202.20 20.55 0.00
0.00 17719.45
70.60 -66.26 -9999.00 -9999.00 -9999.00 196.26 9.71 0.00
0.00 18547.23
62.20 -65.16 -9999.00 -9999.00 -9999.00 155.22 5.56 0.00
0.00 19316.41
54.30 -64.16 -9999.00 -9999.00 -9999.00 86.76 10.31 0.00
0.00 20145.36
46.90 -64.26 -9999.00 -9999.00 -9999.00 90.95 11.65 0.00
0.00 21041.39
40.10 -63.56 -9999.00 -9999.00 -9999.00 60.95 6.00 0.00
0.00 22000.78
33.80 -63.16 -9999.00 -9999.00 -9999.00 64.80 3.65 0.00
0.00 23050.35
27.80 -61.46 -9999.00 -9999.00 -9999.00 190.30 4.35 0.00
0.00 24256.43
22.30 -57.96 -9999.00 -9999.00 -9999.00 266.42 9.34 0.00
0.00 25633.72
17.10 -54.46 -9999.00 -9999.00 -9999.00 290.89 15.79 0.00
0.00 27319.74
12.30 -47.96 -9999.00 -9999.00 -9999.00 251.36 17.02 0.00
0.00 29460.20

STID = KCAE STNM = 723100 TIME = 221026/2300 
SLAT = 33.95 SLON = -81.12 SELV = 79.0
STIM = 11

SHOW = 10.22 LIFT = 8.33 SWET = 89.96 KINX = -6.83
LCLP = 858.55 PWAT = 16.78 TOTL = 32.59 CAPE = 0.00
LCLT = 281.37 CINS = 0.00 EQLV = -9999.00 LFCT = -9999.00
BRCH = 0.00

PRES TMPC TMWC DWPC THTE DRCT SKNT OMEG
CFRL HGHT
1001.10 20.84 14.70 10.51 317.23 274.57 4.88 0.10
0.00 88.50
998.10 21.64 14.84 10.20 317.99 279.66 9.27 0.10
0.00 114.48
992.70 21.84 14.80 9.98 318.51 283.13 11.97 0.20
0.00 161.53
983.20 21.14 14.44 9.82 318.60 284.24 13.42 0.20
0.00 244.85
969.20 20.04 13.87 9.59 318.69 285.04 13.48 0.20
0.00 368.75
951.20 18.44 13.04 9.23 318.52 284.88 12.86 0.20
0.00 529.94
929.80 16.64 12.07 8.78 318.45 283.80 11.40 0.10
0.00 724.46
906.30 14.64 10.97 8.25 318.34 282.91 9.56 0.10
0.00 941.86
880.80 12.44 9.68 7.56 318.09 282.88 6.97 0.10
0.00 1182.45
852.40 10.64 7.29 4.38 315.42 249.23 6.02 0.00
0.00 1456.69
821.00 11.74 4.80 -2.99 313.06 248.39 11.07 -0.10
0.00 1770.02
786.80 12.44 2.60 -12.54 311.97 254.69 16.92 -0.10
0.00 2125.88
749.50 10.84 0.90 -16.50 313.14 262.44 19.21 -0.10
0.00 2531.15
709.40 9.04 -0.88 -20.72 314.89 270.45 24.67 0.00
0.00 2987.14
666.20 7.34 -2.59 -25.42 317.63 263.99 29.68 0.00
0.00 3504.83
620.10 4.24 -5.12 -31.63 319.62 260.94 27.14 0.10
0.00 4090.54
571.50 -0.46 -8.36 -33.71 321.44 264.84 25.93 0.10
0.00 4747.79
524.40 -5.96 -12.07 -33.13 323.01 274.22 29.02 0.10
0.00 5427.57
482.10 -11.36 -15.99 -34.21 324.14 284.93 33.18 0.10
0.00 6078.87
444.20 -16.66 -20.21 -37.91 324.70 285.99 31.72 0.10
0.00 6700.08
410.10 -21.96 -24.61 -42.15 324.96 270.41 27.39 0.00
0.00 7293.67
379.20 -26.16 -28.31 -47.42 326.41 259.82 30.79 0.00
0.00 7864.90
351.50 -29.86 -31.63 -52.94 328.33 257.95 32.58 0.00
0.00 8409.24
326.50 -33.76 -35.13 -55.94 329.87 250.96 35.14 0.00
0.00 8930.47
304.10 -38.06 -39.04 -57.99 330.55 248.20 40.79 0.00
0.00 9424.04
283.90 -42.06 -42.74 -58.54 331.37 247.51 39.10 0.00
0.00 9893.02
265.70 -44.96 -45.52 -63.01 333.38 248.72 35.86 0.00
0.00 10338.39
248.80 -46.56 -47.08 -66.51 337.27 253.39 34.65 0.10
0.00 10775.82
233.60 -47.66 -48.15 -66.97 341.73 258.04 33.76 0.10
0.00 11192.92
219.60 -49.46 -49.91 -72.27 345.00 258.56 33.29 0.10
0.00 11599.22
205.60 -51.66 -52.03 -72.72 348.09 257.51 35.02 0.10
0.00 12028.43
191.70 -54.16 -54.45 -73.19 351.12 253.21 34.29 0.00
0.00 12479.71
177.70 -56.66 -56.89 -73.70 354.71 241.83 34.15 0.00
0.00 12963.05
163.80 -59.56 -9999.00 -9999.00 -9999.00 237.32 36.69 -0.10
0.00 13475.75
149.80 -62.76 -9999.00 -9999.00 -9999.00 241.09 36.17 -0.10
0.00 14030.16
135.90 -66.46 -9999.00 -9999.00 -9999.00 247.60 34.67 -0.10
0.00 14624.60
121.90 -68.56 -9999.00 -9999.00 -9999.00 251.57 30.71 0.00
0.00 15279.02
108.00 -68.46 -9999.00 -9999.00 -9999.00 234.05 21.83 0.00
0.00 16004.24
94.00 -69.26 -9999.00 -9999.00 -9999.00 208.57 22.34 0.00
0.00 16834.46
81.00 -68.36 -9999.00 -9999.00 -9999.00 212.80 20.80 0.00
0.00 17724.75
70.60 -66.26 -9999.00 -9999.00 -9999.00 202.07 7.75 0.00
0.00 18552.73
62.20 -64.96 -9999.00 -9999.00 -9999.00 126.16 6.25 0.00
0.00 19322.28
54.30 -64.26 -9999.00 -9999.00 -9999.00 96.65 11.73 0.00
0.00 20151.43
46.90 -64.56 -9999.00 -9999.00 -9999.00 109.86 7.44 0.00
0.00 21046.60
40.10 -63.66 -9999.00 -9999.00 -9999.00 26.57 2.18 0.00
0.00 22005.07
33.80 -63.06 -9999.00 -9999.00 -9999.00 45.00 0.54 0.00
0.00 23054.64
27.80 -60.96 -9999.00 -9999.00 -9999.00 232.70 5.13 0.00
0.00 24262.43
22.30 -58.06 -9999.00 -9999.00 -9999.00 286.70 8.12 0.00
0.00 25641.02
17.10 -53.96 -9999.00 -9999.00 -9999.00 290.43 10.57 0.00
0.00 27328.59
12.30 -47.26 -9999.00 -9999.00 -9999.00 252.18 17.13 0.00
0.00 29474.83

STID = KCAE STNM = 723100 TIME = 221027/0000 
SLAT = 33.95 SLON = -81.12 SELV = 79.0
STIM = 12

SHOW = 10.60 LIFT = 8.22 SWET = 76.71 KINX = -8.44
LCLP = 889.26 PWAT = 17.35 TOTL = 32.03 CAPE = 0.00
LCLT = 282.36 CINS = 0.00 EQLV = -9999.00 LFCT = -9999.00
BRCH = 0.00

PRES TMPC TMWC DWPC THTE DRCT SKNT OMEG
CFRL HGHT
1002.40 19.04 14.27 11.01 315.86 290.85 4.37 0.10
0.00 88.43
999.40 20.44 14.69 10.80 317.43 302.13 9.87 0.10
0.00 114.25
993.90 21.04 14.84 10.68 318.55 307.23 12.20 0.20
0.00 161.96
984.40 20.54 14.56 10.53 318.88 309.81 13.66 0.20
0.00 245.00
970.40 19.44 13.99 10.28 318.93 310.96 13.64 0.30
0.00 368.52
952.40 17.94 13.23 9.97 318.94 311.35 12.94 0.40
0.00 529.25
930.90 16.04 12.23 9.54 318.79 310.29 11.71 0.40
0.00 724.11
907.40 14.14 11.05 8.80 318.46 310.86 9.50 0.40
0.00 940.88
881.80 12.24 9.48 7.34 317.42 308.93 6.49 0.20
0.00 1181.85
853.40 10.84 7.13 3.83 314.85 276.12 5.48 0.00
0.00 1455.75
822.00 11.54 4.68 -3.08 312.65 266.01 8.37 -0.10
0.00 1768.67
787.60 11.94 2.65 -11.01 312.07 261.38 12.98 -0.10
0.00 2125.80
750.30 10.34 1.15 -13.46 313.76 269.22 14.18 0.00
0.00 2530.02
710.00 9.34 -0.76 -21.16 315.02 274.16 21.43 0.00
0.00 2987.73
666.80 7.74 -2.50 -27.03 317.66 267.55 27.21 0.00
0.00 3505.59
620.60 4.24 -5.08 -30.93 319.65 263.85 25.41 0.10
0.00 4092.48
571.90 -0.56 -8.34 -32.46 321.44 265.43 24.36 0.10
0.00 4750.47
524.80 -5.86 -11.96 -32.45 323.17 273.84 26.09 0.20
0.00 5429.77
482.30 -11.36 -15.94 -33.54 324.21 282.12 29.60 0.20
0.00 6083.90
444.40 -16.66 -20.19 -37.61 324.69 281.83 29.37 0.10
0.00 6704.85
410.20 -21.86 -24.51 -41.74 325.10 273.81 23.37 0.10
0.00 7300.09
379.30 -26.36 -28.45 -46.80 326.16 259.62 28.05 0.10
0.00 7871.08
351.60 -29.96 -31.70 -51.94 328.21 256.95 32.69 0.10
0.00 8414.93
326.60 -33.96 -35.28 -54.67 329.60 249.12 35.98 0.10
0.00 8935.69
304.10 -38.36 -39.28 -56.52 330.17 246.42 38.36 0.10
0.00 9430.87
283.90 -42.06 -42.74 -58.54 331.37 246.26 35.22 0.10
0.00 9899.55
265.70 -44.56 -45.15 -63.01 333.96 247.62 32.15 0.10
0.00 10345.30
248.80 -46.06 -46.61 -66.51 338.01 253.67 31.78 0.10
0.00 10783.60
233.60 -47.26 -47.77 -66.97 342.34 257.76 33.00 0.10
0.00 11201.53
219.60 -49.36 -49.79 -67.41 345.20 257.18 33.28 0.10
0.00 11608.28
205.60 -51.66 -52.03 -72.72 348.09 255.15 33.35 0.10
0.00 12037.59
191.70 -54.06 -54.36 -73.19 351.28 246.85 32.11 0.00
0.00 12488.97
177.70 -56.76 -56.99 -73.70 354.55 236.31 34.32 0.00
0.00 12972.32
163.80 -59.76 -9999.00 -9999.00 -9999.00 238.50 39.41 -0.10
0.00 13484.65
149.80 -62.86 -9999.00 -9999.00 -9999.00 243.04 38.13 -0.10
0.00 14038.67
135.90 -66.36 -9999.00 -9999.00 -9999.00 247.02 33.33 -0.10
0.00 14633.11
121.90 -68.76 -9999.00 -9999.00 -9999.00 250.56 28.01 0.00
0.00 15287.37
108.00 -68.66 -9999.00 -9999.00 -9999.00 233.23 22.07 0.00
0.00 16011.88
94.00 -69.06 -9999.00 -9999.00 -9999.00 214.91 22.75 0.00
0.00 16842.10
81.00 -67.96 -9999.00 -9999.00 -9999.00 217.87 17.72 0.00
0.00 17733.70
70.60 -65.76 -9999.00 -9999.00 -9999.00 219.17 6.76 0.00
0.00 18563.49
62.20 -64.76 -9999.00 -9999.00 -9999.00 129.56 5.79 0.00
0.00 19334.34
54.30 -64.36 -9999.00 -9999.00 -9999.00 104.32 9.42 0.00
0.00 20163.68
46.90 -64.56 -9999.00 -9999.00 -9999.00 107.35 3.26 0.00
0.00 21058.64
40.10 -63.36 -9999.00 -9999.00 -9999.00 12.26 4.56 0.00
0.00 22017.80
33.80 -62.96 -9999.00 -9999.00 -9999.00 322.13 2.21 0.00
0.00 23068.37
27.80 -61.66 -9999.00 -9999.00 -9999.00 266.82 7.01 0.00
0.00 24274.45
22.30 -58.86 -9999.00 -9999.00 -9999.00 306.87 8.74 0.00
0.00 25648.20
17.10 -53.46 -9999.00 -9999.00 -9999.00 299.36 10.70 0.00
0.00 27334.60
12.30 -46.86 -9999.00 -9999.00 -9999.00 254.16 14.94 0.00
0.00 29485.19

STID = KCAE STNM = 723100 TIME = 221027/0100 
SLAT = 33.95 SLON = -81.12 SELV = 79.0
STIM = 13

SHOW = 10.33 LIFT = 7.97 SWET = 80.59 KINX = -8.57
LCLP = 901.95 PWAT = 18.03 TOTL = 32.43 CAPE = 0.00
LCLT = 282.73 CINS = 0.00 EQLV = -9999.00 LFCT = -9999.00
BRCH = 0.00

PRES TMPC TMWC DWPC THTE DRCT SKNT OMEG
CFRL HGHT
1002.40 18.24 14.05 11.17 315.23 282.53 3.57 0.00
0.00 88.40
999.40 19.74 14.58 11.09 317.11 315.00 7.96 0.00
0.00 114.16
993.90 20.64 14.86 11.01 318.62 324.93 11.15 0.00
0.00 161.79
984.40 20.24 14.65 10.93 319.17 331.11 12.86 0.00
0.00 244.74
970.40 19.14 14.11 10.74 319.32 334.18 13.38 0.00
0.00 368.15
952.40 17.64 13.36 10.46 319.38 334.89 13.73 -0.10
0.00 528.74
930.80 15.84 12.41 10.03 319.35 335.70 13.21 0.00
0.00 724.38
907.30 13.94 11.17 9.17 318.82 335.16 11.56 0.00
0.00 941.05
881.80 12.04 9.48 7.50 317.42 336.04 7.65 0.00
0.00 1180.95
853.40 10.34 7.27 4.60 315.23 318.58 4.41 -0.10
0.00 1454.54
821.90 10.94 4.72 -2.10 312.82 280.89 5.15 -0.10
0.00 1767.93
787.60 11.44 2.79 -9.22 312.50 254.74 8.86 0.00
0.00 2123.42
750.30 10.14 1.27 -12.29 314.10 260.71 10.82 0.00
0.00 2527.20
710.00 9.64 -0.63 -21.39 315.29 276.47 18.96 -0.10
0.00 2985.01
666.80 7.84 -2.46 -27.20 317.74 268.65 24.67 0.00
0.00 3503.24
620.60 4.14 -5.08 -30.07 319.68 261.40 23.39 0.00
0.00 4090.14
571.90 -0.66 -8.40 -32.46 321.32 260.46 22.26 0.00
0.00 4747.90
524.80 -5.86 -11.94 -32.24 323.20 269.52 23.12 0.10
0.00 5427.08
482.30 -11.46 -16.04 -33.98 324.01 275.42 26.73 0.10
0.00 6081.08
444.40 -16.66 -20.24 -38.52 324.58 274.86 27.49 0.10
0.00 6701.90
410.20 -21.86 -24.49 -41.36 325.14 270.49 22.53 0.00
0.00 7297.14
379.30 -26.56 -28.55 -45.15 326.01 259.11 25.72 0.10
0.00 7867.90
351.60 -30.26 -31.93 -51.03 327.84 256.72 32.13 0.10
0.00 8411.20
326.60 -34.36 -35.63 -54.67 329.05 251.26 35.08 0.10
0.00 8931.20
304.10 -38.46 -39.37 -56.52 330.02 247.91 35.64 0.00
0.00 9425.86
283.90 -41.96 -42.67 -60.29 331.47 247.62 32.15 0.00
0.00 9894.54
265.70 -44.16 -44.77 -63.01 334.54 247.50 29.43 0.00
0.00 10340.78
248.80 -45.66 -46.24 -66.51 338.61 252.98 29.86 0.00
0.00 10779.84
233.60 -47.26 -47.77 -66.97 342.34 255.45 31.70 0.00
0.00 11198.15
219.60 -49.26 -49.69 -67.41 345.35 253.10 32.07 0.00
0.00 11604.99
205.60 -51.66 -52.03 -72.72 348.09 249.07 30.98 0.00
0.00 12034.40
191.70 -54.26 -54.55 -73.19 350.96 239.34 31.62 0.00
0.00 12485.57
177.70 -57.16 -57.38 -73.70 353.89 233.07 37.18 0.00
0.00 12968.25
163.80 -60.06 -9999.00 -9999.00 -9999.00 241.24 40.77 -0.10
0.00 13479.75
149.80 -63.06 -9999.00 -9999.00 -9999.00 246.10 37.39 -0.10
0.00 14033.11
135.90 -65.96 -9999.00 -9999.00 -9999.00 246.43 31.59 0.00
0.00 14627.84
121.90 -68.56 -9999.00 -9999.00 -9999.00 244.71 27.29 0.00
0.00 15283.05
108.00 -68.76 -9999.00 -9999.00 -9999.00 232.04 22.42 0.00
0.00 16007.74
94.00 -69.16 -9999.00 -9999.00 -9999.00 215.88 22.53 0.00
0.00 16837.55
81.00 -67.76 -9999.00 -9999.00 -9999.00 212.01 14.67 0.00
0.00 17729.37
70.60 -65.36 -9999.00 -9999.00 -9999.00 216.38 4.58 0.00
0.00 18560.37
62.20 -65.16 -9999.00 -9999.00 -9999.00 119.36 7.13 0.00
0.00 19331.22
54.30 -65.16 -9999.00 -9999.00 -9999.00 105.78 9.29 0.00
0.00 20158.18
46.90 -64.86 -9999.00 -9999.00 -9999.00 86.63 3.30 0.00
0.00 21050.78
40.10 -62.96 -9999.00 -9999.00 -9999.00 45.00 5.77 0.00
0.00 22010.16
33.80 -62.66 -9999.00 -9999.00 -9999.00 9.46 2.37 0.00
0.00 23062.48
27.80 -61.76 -9999.00 -9999.00 -9999.00 298.74 6.88 0.00
0.00 24269.13
22.30 -58.36 -9999.00 -9999.00 -9999.00 323.75 10.84 0.00
0.00 25644.17
17.10 -52.46 -9999.00 -9999.00 -9999.00 312.88 11.13 0.00
0.00 27336.40
12.30 -46.26 -9999.00 -9999.00 -9999.00 259.53 18.18 0.00
0.00 29494.71

STID = KCAE STNM = 723100 TIME = 221027/0200 
SLAT = 33.95 SLON = -81.12 SELV = 79.0
STIM = 14

SHOW = 10.07 LIFT = 7.94 SWET = 82.05 KINX = -7.60
LCLP = 918.31 PWAT = 18.62 TOTL = 32.77 CAPE = 0.00
LCLT = 283.19 CINS = 0.00 EQLV = -9999.00 LFCT = -9999.00
BRCH = 0.00

PRES TMPC TMWC DWPC THTE DRCT SKNT OMEG
CFRL HGHT
1002.60 17.24 13.77 11.37 314.41 292.83 4.00 0.00
0.00 88.37
999.60 18.54 14.31 11.45 316.32 323.67 8.20 0.00
0.00 114.03
994.20 19.54 14.77 11.63 318.36 337.75 13.85 -0.10
0.00 160.60
984.60 19.64 14.82 11.69 319.71 343.97 17.58 -0.10
0.00 244.18
970.60 18.74 14.23 11.25 319.67 347.01 18.14 -0.20
0.00 367.38
952.60 17.34 13.37 10.69 319.39 348.69 16.84 -0.20
0.00 527.76
931.10 15.54 12.38 10.19 319.22 347.64 14.51 -0.10
0.00 722.26
907.60 13.64 11.21 9.47 318.91 346.20 11.40 -0.10
0.00 938.65
882.10 11.74 9.56 7.89 317.61 351.63 6.68 -0.10
0.00 1178.24
853.60 10.04 7.45 5.26 315.71 360.00 2.53 -0.10
0.00 1452.47
822.10 10.44 4.80 -1.21 313.03 302.01 1.83 -0.10
0.00 1765.40
787.70 11.24 2.90 -8.35 312.79 235.01 7.11 0.00
0.00 2121.46
750.40 10.14 1.26 -12.35 314.06 246.50 9.75 0.00
0.00 2525.07
710.10 9.44 -0.69 -20.93 315.19 276.42 15.64 -0.10
0.00 2982.66
666.90 7.74 -2.47 -26.69 317.72 267.49 22.16 -0.10
0.00 3500.55
620.70 3.84 -5.19 -29.26 319.46 254.97 21.72 0.00
0.00 4086.94
572.00 -0.76 -8.48 -32.70 321.15 251.57 20.88 0.00
0.00 4744.13
524.80 -5.86 -11.94 -32.24 323.20 261.34 20.63 0.00
0.00 5424.56
482.40 -11.46 -16.03 -33.75 324.03 266.85 24.71 0.10
0.00 6076.96
444.40 -16.66 -20.24 -38.52 324.58 271.71 26.05 0.10
0.00 6699.35
410.30 -21.76 -24.39 -40.98 325.28 270.49 22.92 0.10
0.00 7292.90
379.40 -26.66 -28.59 -44.18 325.93 260.76 24.20 0.00
0.00 7863.52
351.60 -30.66 -32.22 -49.45 327.38 258.06 30.98 0.00
0.00 8408.16
326.60 -34.86 -36.04 -53.55 328.40 255.72 33.88 0.00
0.00 8927.19
304.10 -38.86 -39.73 -56.52 329.46 251.57 33.78 0.00
0.00 9420.92
283.90 -42.06 -42.76 -60.29 331.32 249.02 30.38 0.00
0.00 9889.09
265.70 -44.06 -44.68 -63.01 334.69 247.53 27.95 0.00
0.00 10335.33
248.80 -45.76 -46.33 -66.51 338.46 252.18 28.57 0.00
0.00 10774.39
233.60 -47.56 -48.06 -66.97 341.88 253.19 30.23 0.00
0.00 11192.33
219.60 -49.46 -49.88 -67.41 345.04 249.53 31.10 0.00
0.00 11598.72
205.70 -51.86 -52.20 -67.88 347.78 242.76 29.72 0.00
0.00 12024.57
191.70 -54.66 -54.94 -73.19 350.32 234.05 31.43 0.00
0.00 12478.27
177.70 -57.56 -57.76 -73.70 353.24 234.36 38.00 0.00
0.00 12960.06
163.80 -60.26 -9999.00 -9999.00 -9999.00 244.60 38.50 0.00
0.00 13470.84
149.80 -63.06 -9999.00 -9999.00 -9999.00 250.04 34.71 -0.10
0.00 14023.94
135.90 -65.76 -9999.00 -9999.00 -9999.00 247.04 30.38 0.00
0.00 14618.96
121.90 -68.46 -9999.00 -9999.00 -9999.00 241.23 27.04 0.00
0.00 15274.64
108.00 -68.86 -9999.00 -9999.00 -9999.00 234.34 21.99 0.00
0.00 15999.33
94.00 -69.36 -9999.00 -9999.00 -9999.00 215.66 21.99 0.00
0.00 16828.54
81.00 -67.96 -9999.00 -9999.00 -9999.00 206.90 15.03 0.00
0.00 17719.49
70.60 -65.66 -9999.00 -9999.00 -9999.00 205.46 4.53 0.00
0.00 18549.48
62.20 -65.86 -9999.00 -9999.00 -9999.00 117.12 8.95 0.00
0.00 19318.47
54.30 -66.06 -9999.00 -9999.00 -9999.00 109.44 10.51 0.00
0.00 20142.25
46.90 -65.46 -9999.00 -9999.00 -9999.00 77.47 3.57 0.00
0.00 21031.63
40.10 -63.36 -9999.00 -9999.00 -9999.00 58.50 7.07 0.00
0.00 21988.73
33.80 -61.96 -9999.00 -9999.00 -9999.00 45.00 3.57 0.00
0.00 23041.80
27.80 -60.66 -9999.00 -9999.00 -9999.00 328.17 6.62 0.00
0.00 24253.60
22.30 -57.86 -9999.00 -9999.00 -9999.00 360.00 7.19 0.00
0.00 25633.80
17.10 -51.26 -9999.00 -9999.00 -9999.00 330.26 7.83 0.00
0.00 27332.64
12.30 -46.26 -9999.00 -9999.00 -9999.00 264.64 18.73 0.00
0.00 29496.73

STID = KCAE STNM = 723100 TIME = 221027/0300 
SLAT = 33.95 SLON = -81.12 SELV = 79.0
STIM = 15

SHOW = 10.16 LIFT = 8.97 SWET = 74.08 KINX = -7.29
LCLP = 944.59 PWAT = 18.23 TOTL = 32.71 CAPE = 0.00
LCLT = 284.19 CINS = 0.00 EQLV = -9999.00 LFCT = -9999.00
BRCH = 0.00

PRES TMPC TMWC DWPC THTE DRCT SKNT OMEG
CFRL HGHT
1004.00 16.04 13.64 11.97 313.87 311.82 4.95 0.00
0.00 87.47
1001.00 17.04 13.97 11.89 315.20 323.84 12.51 0.00
0.00 112.98
995.40 17.54 14.08 11.75 316.18 330.42 16.53 0.00
0.00 160.93
985.90 17.74 13.73 10.98 316.29 341.24 21.74 -0.10
0.00 242.98
971.80 17.34 12.99 9.89 315.83 349.06 23.54 -0.30
0.00 366.15
953.80 16.64 12.69 9.90 317.21 0.54 20.59 -0.40
0.00 525.70
932.30 15.24 12.19 10.05 318.51 9.25 16.92 -0.30
0.00 719.59
908.70 13.44 11.14 9.49 318.57 11.48 12.68 -0.10
0.00 936.43
883.20 11.64 9.56 7.97 317.48 25.77 6.25 0.20
0.00 1175.60
854.60 10.24 7.48 5.12 315.63 85.91 2.72 0.30
0.00 1450.51
823.10 11.24 4.85 -2.15 312.96 230.19 1.52 0.30
0.00 1763.58
788.70 11.84 3.08 -8.84 313.03 227.64 8.94 0.10
0.00 2120.04
751.30 10.24 1.21 -12.91 313.78 241.78 9.03 0.00
0.00 2524.70
710.90 9.14 -0.82 -20.81 314.78 277.72 11.56 -0.10
0.00 2982.72
667.60 7.54 -2.53 -26.18 317.50 264.59 18.53 0.00
0.00 3500.79
621.20 3.74 -5.23 -29.06 319.30 245.92 20.01 0.00
0.00 4088.87
572.50 -0.76 -8.49 -32.93 321.03 241.70 20.09 0.00
0.00 4745.38
525.20 -5.86 -11.96 -32.44 323.10 249.30 18.69 0.00
0.00 5426.69
482.70 -11.46 -16.04 -33.97 323.94 259.08 22.55 0.10
0.00 6080.17
444.60 -16.76 -20.29 -38.20 324.45 266.19 23.37 0.10
0.00 6703.75
410.40 -21.76 -24.41 -41.35 325.22 265.72 20.84 0.10
0.00 7298.71
379.50 -26.56 -28.53 -44.65 326.00 258.59 22.59 0.00
0.00 7869.30
351.70 -30.86 -32.37 -48.75 327.12 257.91 27.82 0.00
0.00 8413.68
326.70 -35.16 -36.28 -52.56 328.00 256.14 30.81 0.00
0.00 8932.02
304.10 -39.16 -39.98 -55.26 329.08 251.68 30.91 0.00
0.00 9427.23
283.90 -42.16 -42.85 -60.29 331.18 247.75 27.70 0.00
0.00 9895.01
265.70 -43.86 -44.50 -63.01 334.98 246.12 25.91 0.00
0.00 10341.34
248.80 -45.56 -46.12 -63.51 338.80 251.69 27.21 0.00
0.00 10780.80
233.60 -47.36 -47.87 -66.97 342.19 251.44 29.29 0.00
0.00 11199.10
219.60 -49.46 -49.88 -67.41 345.04 245.74 30.26 0.10
0.00 11605.67
205.70 -51.96 -52.29 -67.88 347.62 235.68 29.64 0.00
0.00 12031.43
191.70 -54.86 -55.13 -73.19 349.99 229.84 32.54 0.00
0.00 12484.82
177.70 -57.76 -57.96 -73.70 352.91 236.73 36.48 0.00
0.00 12966.16
163.80 -60.36 -60.51 -74.24 356.86 247.09 35.43 0.00
0.00 13476.59
149.80 -63.06 -9999.00 -9999.00 -9999.00 252.37 30.77 0.00
0.00 14029.56
135.90 -65.46 -9999.00 -9999.00 -9999.00 245.75 27.91 0.00
0.00 14625.00
121.90 -67.86 -9999.00 -9999.00 -9999.00 241.32 25.91 0.00
0.00 15282.12
108.00 -68.66 -9999.00 -9999.00 -9999.00 241.43 22.34 0.00
0.00 16008.23
94.00 -69.26 -9999.00 -9999.00 -9999.00 222.74 20.90 0.00
0.00 16838.04
81.00 -68.06 -9999.00 -9999.00 -9999.00 215.22 16.16 0.00
0.00 17728.99
70.60 -65.66 -9999.00 -9999.00 -9999.00 207.65 4.60 0.00
0.00 18558.78
62.20 -65.76 -9999.00 -9999.00 -9999.00 122.55 10.84 0.00
0.00 19327.96
54.30 -65.76 -9999.00 -9999.00 -9999.00 123.41 10.94 0.00
0.00 20152.54
46.90 -64.86 -9999.00 -9999.00 -9999.00 67.62 3.57 0.00
0.00 21043.85
40.10 -63.56 -9999.00 -9999.00 -9999.00 61.50 7.73 0.00
0.00 22001.86
33.80 -61.76 -9999.00 -9999.00 -9999.00 42.71 3.44 0.00
0.00 23054.93
27.80 -60.06 -9999.00 -9999.00 -9999.00 344.74 6.64 0.00
0.00 24269.02
22.30 -57.36 -9999.00 -9999.00 -9999.00 34.70 6.14 0.00
0.00 25652.77
17.10 -51.16 -9999.00 -9999.00 -9999.00 339.44 4.97 0.00
0.00 27353.94
12.30 -47.16 -9999.00 -9999.00 -9999.00 253.30 18.26 0.00
0.00 29514.17

STID = KCAE STNM = 723100 TIME = 221027/0400 
SLAT = 33.95 SLON = -81.12 SELV = 79.0
STIM = 16

SHOW = 10.41 LIFT = 10.13 SWET = 62.45 KINX = -7.71
LCLP = 926.52 PWAT = 17.52 TOTL = 32.36 CAPE = 0.00
LCLT = 282.36 CINS = 0.00 EQLV = -9999.00 LFCT = -9999.00
BRCH = 0.00

PRES TMPC TMWC DWPC THTE DRCT SKNT OMEG
CFRL HGHT
1003.70 15.74 12.67 10.41 311.17 325.78 5.87 0.00
0.00 88.31
1000.70 16.24 12.71 10.10 311.61 336.37 13.58 0.00
0.00 113.76
995.20 16.24 12.56 9.83 311.83 339.44 16.59 0.00
0.00 160.67
985.70 16.24 12.24 9.23 312.05 349.61 23.70 -0.10
0.00 242.29
971.70 16.34 11.92 8.54 312.80 356.66 26.65 -0.30
0.00 364.02
953.60 16.34 12.13 9.04 315.62 9.38 22.65 -0.40
0.00 524.07
932.10 15.14 12.12 9.99 318.33 18.43 17.81 -0.40
0.00 717.83
908.60 13.24 10.93 9.25 317.98 16.19 12.55 -0.30
0.00 933.67
883.00 11.64 9.40 7.66 317.05 19.29 4.12 -0.10
0.00 1173.71
854.50 10.74 7.30 4.30 315.17 141.34 1.24 -0.10
0.00 1447.90
823.00 11.24 4.71 -2.57 312.61 266.42 3.11 -0.10
0.00 1761.24
788.60 11.14 2.99 -7.80 312.91 229.54 8.68 0.00
0.00 2117.32
751.20 10.04 1.13 -12.78 313.63 227.64 8.94 0.00
0.00 2521.42
710.80 9.14 -0.86 -21.15 314.69 262.03 9.81 0.10
0.00 2979.34
667.50 7.34 -2.60 -25.71 317.39 259.76 16.38 0.10
0.00 3497.30
621.20 3.54 -5.48 -31.14 318.72 243.69 19.72 0.10
0.00 4083.72
572.40 -0.66 -8.50 -34.23 320.99 234.46 21.72 0.10
0.00 4741.49
525.10 -5.86 -12.00 -33.11 323.01 238.24 19.19 0.10
0.00 5423.03
482.60 -11.46 -16.04 -33.97 323.96 251.40 21.93 0.10
0.00 6076.64
444.60 -16.86 -20.35 -37.90 324.36 258.08 21.64 0.10
0.00 6698.53
410.40 -21.76 -24.41 -41.35 325.22 255.96 20.03 0.10
0.00 7293.37
379.50 -26.46 -28.47 -45.14 326.10 252.68 22.18 0.10
0.00 7864.07
351.70 -30.96 -32.46 -48.75 326.99 253.82 26.50 0.00
0.00 8408.45
326.70 -35.26 -36.35 -51.66 327.90 251.93 28.81 0.00
0.00 8926.58
304.10 -39.36 -40.16 -55.26 328.80 249.35 28.65 0.00
0.00 9421.48
283.90 -42.26 -42.94 -60.29 331.04 245.77 25.56 0.00
0.00 9888.95
265.70 -43.66 -44.31 -63.01 335.27 245.01 25.29 0.00
0.00 10335.38
248.80 -45.16 -45.77 -66.51 339.35 250.75 25.93 0.00
0.00 10775.41
233.60 -47.16 -47.68 -66.97 342.49 247.77 28.75 0.00
0.00 11194.27
219.60 -49.56 -49.98 -67.41 344.89 241.09 29.74 0.00
0.00 11600.93
205.70 -52.16 -52.48 -67.88 347.31 230.19 30.34 0.00
0.00 12026.40
191.70 -55.06 -55.32 -73.19 349.67 227.33 33.82 0.00
0.00 12479.37
177.70 -58.06 -58.25 -73.70 352.42 235.95 34.69 0.00
0.00 12960.16
163.80 -60.46 -60.61 -74.24 356.69 245.30 32.07 0.00
0.00 13470.12
149.80 -62.76 -9999.00 -9999.00 -9999.00 249.68 27.97 0.00
0.00 14023.35
135.90 -65.16 -9999.00 -9999.00 -9999.00 244.00 26.59 0.00
0.00 14619.65
121.90 -67.26 -9999.00 -9999.00 -9999.00 242.10 26.15 0.10
0.00 15278.20
108.00 -68.56 -9999.00 -9999.00 -9999.00 244.44 24.77 0.10
0.00 16005.54
94.00 -69.16 -9999.00 -9999.00 -9999.00 225.00 19.77 0.00
0.00 16835.76
81.00 -67.86 -9999.00 -9999.00 -9999.00 223.42 14.98 0.00
0.00 17727.36
70.60 -65.36 -9999.00 -9999.00 -9999.00 184.76 2.33 0.00
0.00 18558.16
62.20 -65.86 -9999.00 -9999.00 -9999.00 121.89 10.30 0.00
0.00 19327.71
54.30 -65.26 -9999.00 -9999.00 -9999.00 135.00 8.80 0.00
0.00 20153.08
46.90 -64.16 -9999.00 -9999.00 -9999.00 59.42 4.97 0.00
0.00 21046.97
40.10 -64.06 -9999.00 -9999.00 -9999.00 63.97 9.30 0.00
0.00 22005.44
33.80 -62.26 -9999.00 -9999.00 -9999.00 355.76 5.26 0.00
0.00 23056.00
27.80 -59.96 -9999.00 -9999.00 -9999.00 337.80 10.28 0.00
0.00 24268.95
22.30 -57.86 -9999.00 -9999.00 -9999.00 27.55 5.03 0.00
0.00 25651.41
17.10 -52.16 -9999.00 -9999.00 -9999.00 300.96 1.13 0.00
0.00 27346.75
12.30 -47.76 -9999.00 -9999.00 -9999.00 240.33 19.23 0.00
0.00 29499.27

STID = KCAE STNM = 723100 TIME = 221027/0500 
SLAT = 33.95 SLON = -81.12 SELV = 79.0
STIM = 17

SHOW = 10.58 LIFT = 11.26 SWET = 65.65 KINX = -8.34
LCLP = 920.89 PWAT = 17.14 TOTL = 32.09 CAPE = 0.00
LCLT = 281.32 CINS = 0.00 EQLV = -9999.00 LFCT = -9999.00
BRCH = 0.00

PRES TMPC TMWC DWPC THTE DRCT SKNT OMEG
CFRL HGHT
1003.30 15.14 11.93 9.44 309.18 336.50 4.88 0.00
0.00 88.29
1000.30 15.64 12.02 9.23 309.76 347.28 12.35 -0.10
0.00 113.69
994.80 15.64 11.92 9.05 310.13 350.66 15.56 -0.10
0.00 160.51
985.30 15.54 11.72 8.76 310.68 360.00 23.12 -0.30
0.00 241.96
971.30 14.94 11.26 8.37 311.07 5.63 27.72 -0.40
0.00 363.29
953.30 14.74 10.86 7.80 312.15 11.93 28.19 -0.50
0.00 521.66
931.80 14.64 11.39 8.99 316.27 23.28 18.18 -0.50
0.00 714.71
908.30 13.04 10.92 9.37 317.98 29.95 13.23 -0.40
0.00 930.32
882.70 11.34 9.40 7.90 317.10 27.65 4.60 -0.20
0.00 1170.25
854.20 10.54 7.19 4.25 314.92 164.74 2.21 -0.10
0.00 1444.30
822.70 10.84 4.57 -2.43 312.32 260.54 2.37 0.00
0.00 1757.43
788.30 11.14 2.98 -7.81 312.94 223.45 10.16 0.10
0.00 2113.39
750.90 10.24 1.04 -13.79 313.42 222.83 10.86 0.10
0.00 2517.78
710.60 9.24 -0.89 -21.86 314.63 251.57 9.83 0.10
0.00 2974.93
667.30 6.94 -2.78 -25.25 317.06 254.05 14.14 0.00
0.00 3492.76
621.00 3.34 -5.57 -30.70 318.59 243.17 18.51 0.00
0.00 4078.74
572.30 -0.36 -8.34 -34.51 321.32 233.62 22.92 0.00
0.00 4735.44
525.10 -5.76 -11.96 -33.34 323.09 231.51 20.59 0.00
0.00 5416.11
482.60 -11.46 -16.06 -34.20 323.92 243.89 22.07 0.00
0.00 6069.83
444.50 -16.96 -20.40 -37.61 324.29 249.88 20.90 0.00
0.00 6693.31
410.40 -21.86 -24.49 -41.35 325.09 246.50 19.48 0.00
0.00 7286.25
379.40 -26.56 -28.55 -45.14 325.99 245.51 21.56 0.00
0.00 7858.64
351.60 -31.06 -32.54 -48.75 326.88 248.52 25.47 0.10
0.00 8402.95
326.60 -35.46 -36.53 -51.67 327.66 247.60 27.53 0.10
0.00 8920.90
304.10 -39.26 -40.10 -56.52 328.90 247.08 25.93 0.10
0.00 9413.58
283.90 -41.86 -42.58 -60.29 331.61 242.41 24.32 0.10
0.00 9881.56
265.70 -43.26 -43.94 -63.01 335.86 244.01 26.15 0.10
0.00 10328.76
248.80 -44.96 -45.58 -66.51 339.65 247.02 26.38 0.10
0.00 10769.37
233.60 -47.06 -47.59 -66.97 342.64 242.58 29.10 0.10
0.00 11188.50
219.60 -49.56 -49.98 -67.41 344.89 233.06 30.38 0.10
0.00 11595.25
205.70 -52.36 -52.68 -67.88 346.99 224.76 32.28 0.00
0.00 12020.54
191.70 -55.36 -55.61 -73.19 349.19 227.82 33.55 0.00
0.00 12472.99
177.70 -57.86 -58.06 -73.70 352.75 237.06 32.87 0.00
0.00 12953.67
163.80 -59.86 -60.02 -74.24 357.70 245.56 30.52 0.00
0.00 13464.58
149.80 -62.26 -9999.00 -9999.00 -9999.00 249.68 27.97 0.00
0.00 14019.25
135.90 -64.76 -9999.00 -9999.00 -9999.00 245.66 26.86 0.00
0.00 14616.83
121.90 -67.06 -9999.00 -9999.00 -9999.00 244.23 25.02 0.00
0.00 15276.33
108.00 -68.36 -9999.00 -9999.00 -9999.00 244.90 23.82 0.00
0.00 16004.39
94.00 -69.06 -9999.00 -9999.00 -9999.00 222.71 17.19 0.00
0.00 16835.22
81.00 -68.36 -9999.00 -9999.00 -9999.00 231.34 12.43 0.00
0.00 17725.95
70.60 -66.06 -9999.00 -9999.00 -9999.00 169.70 2.18 0.00
0.00 18554.33
62.20 -66.26 -9999.00 -9999.00 -9999.00 130.60 8.95 0.00
0.00 19321.84
54.30 -65.16 -9999.00 -9999.00 -9999.00 145.95 8.68 0.00
0.00 20146.61
46.90 -64.56 -9999.00 -9999.00 -9999.00 75.96 7.21 0.00
0.00 21039.86
40.10 -64.96 -9999.00 -9999.00 -9999.00 68.81 10.22 0.00
0.00 21995.35
33.80 -63.16 -9999.00 -9999.00 -9999.00 355.36 7.21 0.00
0.00 23041.41
27.80 -60.36 -9999.00 -9999.00 -9999.00 349.32 10.47 0.00
0.00 24250.64
22.30 -58.66 -9999.00 -9999.00 -9999.00 41.19 2.06 0.00
0.00 25629.23
17.10 -53.66 -9999.00 -9999.00 -9999.00 206.57 4.35 0.00
0.00 27315.63
12.30 -48.46 -9999.00 -9999.00 -9999.00 226.27 18.55 0.00
0.00 29457.54

STID = KCAE STNM = 723100 TIME = 221027/0600 
SLAT = 33.95 SLON = -81.12 SELV = 79.0
STIM = 18

SHOW = 10.77 LIFT = 12.31 SWET = 66.72 KINX = -8.45
LCLP = 927.61 PWAT = 16.77 TOTL = 31.83 CAPE = 0.00
LCLT = 281.08 CINS = 0.00 EQLV = -9999.00 LFCT = -9999.00
BRCH = 0.00

PRES TMPC TMWC DWPC THTE DRCT SKNT OMEG
CFRL HGHT
1003.80 14.34 11.42 9.10 307.78 344.05 4.23 0.00
0.00 87.42
1000.80 14.94 11.54 8.85 308.43 355.60 12.67 -0.10
0.00 112.74
995.30 14.94 11.42 8.62 308.73 358.60 15.93 -0.20
0.00 159.41
985.70 14.54 11.02 8.19 308.78 5.42 22.63 -0.30
0.00 241.43
971.70 13.74 10.29 7.42 308.46 9.94 27.02 -0.50
0.00 362.22
953.70 14.04 9.99 6.59 309.77 16.96 28.63 -0.60
0.00 519.95
932.20 14.14 10.85 8.33 314.70 31.61 20.77 -0.60
0.00 712.47
908.70 12.84 10.75 9.20 317.44 40.79 13.09 -0.50
0.00 927.70
883.10 11.04 9.49 8.29 317.28 41.63 4.68 -0.30
0.00 1167.31
854.60 10.34 7.09 4.23 314.62 180.00 2.91 -0.10
0.00 1441.01
823.10 10.84 4.45 -2.78 311.98 245.56 2.35 0.00
0.00 1753.87
788.60 11.44 3.01 -8.29 312.94 228.29 11.97 0.00
0.00 2110.87
751.20 10.44 0.99 -14.65 313.23 224.29 11.13 0.00
0.00 2515.43
710.90 9.24 -0.87 -21.73 314.63 245.14 8.78 0.00
0.00 2972.55
667.50 6.74 -2.87 -25.10 316.84 245.04 12.43 0.00
0.00 3491.20
621.20 3.24 -5.55 -29.65 318.62 242.57 17.29 0.00
0.00 4076.69
572.50 -0.16 -8.19 -33.96 321.60 233.23 23.04 0.00
0.00 4733.31
525.20 -5.66 -11.94 -34.06 323.09 226.33 23.64 0.00
0.00 5415.61
482.70 -11.56 -16.13 -34.20 323.78 232.13 22.14 0.00
0.00 6069.20
444.60 -17.06 -20.44 -37.04 324.22 237.82 20.44 0.00
0.00 6692.30
410.40 -21.86 -24.49 -41.35 325.09 233.13 19.42 0.00
0.00 7286.80
379.50 -26.56 -28.55 -45.14 325.96 234.28 21.29 0.00
0.00 7857.27
351.70 -31.16 -32.63 -48.75 326.72 239.19 24.65 0.00
0.00 8401.32
326.70 -35.46 -36.53 -51.66 327.63 240.69 25.39 0.00
0.00 8919.02
304.10 -39.16 -40.01 -56.52 329.04 239.12 24.22 0.00
0.00 9413.91
283.90 -41.46 -42.21 -60.29 332.18 235.42 24.30 0.00
0.00 9882.39
265.70 -42.96 -43.66 -63.01 336.30 242.68 26.24 -0.10
0.00 10330.27
248.80 -44.96 -45.58 -66.51 339.65 244.57 26.24 -0.10
0.00 10771.17
233.60 -47.36 -47.87 -66.97 342.19 240.60 28.09 -0.10
0.00 11190.02
219.60 -49.96 -50.36 -67.41 344.27 229.56 29.35 -0.10
0.00 11596.14
205.70 -52.86 -53.15 -67.88 346.21 226.28 30.63 -0.10
0.00 12020.56
191.70 -55.36 -55.61 -73.19 349.19 236.51 30.98 -0.10
0.00 12472.50
177.70 -57.36 -57.57 -73.70 353.56 244.07 31.53 0.00
0.00 12953.74
163.80 -59.56 -59.73 -74.24 358.20 247.86 30.40 0.00
0.00 13465.60
149.80 -62.06 -9999.00 -9999.00 -9999.00 247.97 27.45 0.00
0.00 14020.92
135.90 -64.56 -9999.00 -9999.00 -9999.00 244.22 25.45 0.00
0.00 14619.07
121.90 -66.86 -9999.00 -9999.00 -9999.00 242.83 24.67 0.10
0.00 15279.21
108.00 -68.06 -9999.00 -9999.00 -9999.00 239.04 22.65 0.10
0.00 16008.16
94.00 -69.16 -9999.00 -9999.00 -9999.00 213.69 16.80 0.00
0.00 16839.39
81.00 -68.46 -9999.00 -9999.00 -9999.00 232.93 10.96 0.00
0.00 17729.69
70.60 -65.76 -9999.00 -9999.00 -9999.00 158.75 3.75 0.00
0.00 18558.47
62.20 -65.76 -9999.00 -9999.00 -9999.00 143.62 9.17 0.00
0.00 19327.47
54.30 -64.96 -9999.00 -9999.00 -9999.00 161.15 8.41 0.00
0.00 20153.63
46.90 -64.56 -9999.00 -9999.00 -9999.00 80.22 5.71 0.00
0.00 21047.30
40.10 -64.46 -9999.00 -9999.00 -9999.00 64.59 8.61 0.00
0.00 22003.94
33.80 -62.96 -9999.00 -9999.00 -9999.00 354.29 9.75 0.00
0.00 23051.75
27.80 -60.76 -9999.00 -9999.00 -9999.00 342.47 11.62 0.00
0.00 24260.41
22.30 -58.76 -9999.00 -9999.00 -9999.00 297.65 4.60 0.00
0.00 25637.38
17.10 -54.66 -9999.00 -9999.00 -9999.00 215.91 6.95 0.00
0.00 27319.51
12.30 -49.26 -9999.00 -9999.00 -9999.00 213.53 19.35 0.00
0.00 29452.74

STID = KCAE STNM = 723100 TIME = 221027/0700 
SLAT = 33.95 SLON = -81.12 SELV = 79.0
STIM = 19

SHOW = 10.86 LIFT = 13.02 SWET = 66.73 KINX = -7.98
LCLP = 923.83 PWAT = 16.73 TOTL = 31.68 CAPE = 0.00
LCLT = 280.02 CINS = 0.00 EQLV = -9999.00 LFCT = -9999.00
BRCH = 0.00

PRES TMPC TMWC DWPC THTE DRCT SKNT OMEG
CFRL HGHT
1004.40 13.64 10.62 8.10 305.65 350.13 4.53 0.00
0.00 88.23
1001.40 14.14 10.69 7.81 306.15 357.40 12.84 -0.10
0.00 113.46
995.90 13.94 10.49 7.58 306.24 360.00 15.93 -0.20
0.00 159.95
986.40 13.54 10.10 7.17 306.32 5.61 21.85 -0.40
0.00 240.75
972.40 13.04 9.50 6.39 306.36 11.15 27.12 -0.50
0.00 361.07
954.40 13.54 9.51 6.02 308.45 18.80 28.92 -0.60
0.00 518.32
932.80 13.94 11.08 8.93 315.27 37.43 19.81 -0.60
0.00 711.36
909.30 12.84 10.83 9.35 317.59 43.23 13.33 -0.50
0.00 926.40
883.70 10.94 9.57 8.51 317.43 34.22 5.87 -0.30
1.00 1165.83
855.10 10.14 7.11 4.45 314.60 236.31 1.40 -0.20
0.00 1440.19
823.60 10.64 4.38 -2.70 311.76 279.46 2.37 -0.10
0.00 1752.65
789.10 11.34 3.01 -8.13 312.86 240.14 12.10 -0.10
0.00 2109.25
751.70 10.44 0.99 -14.72 313.13 224.29 11.13 -0.10
0.00 2513.48
711.30 8.94 -0.99 -21.37 314.34 232.35 8.59 -0.10
0.00 2971.20
667.90 6.44 -3.02 -24.95 316.48 238.39 11.87 -0.20
0.00 3489.01
621.50 3.04 -5.62 -29.06 318.45 244.06 15.99 -0.20
0.00 4074.93
572.70 -0.16 -8.19 -33.96 321.56 239.38 22.13 -0.10
0.00 4732.39
525.40 -5.56 -11.91 -34.57 323.10 237.53 25.33 -0.10
0.00 5414.56
482.80 -11.56 -16.14 -34.43 323.72 228.72 23.27 -0.10
0.00 6069.61
444.70 -17.16 -20.47 -36.50 324.14 230.46 21.66 -0.10
0.00 6692.46
410.50 -22.06 -24.61 -40.62 324.88 226.92 20.47 -0.10
0.00 7286.47
379.50 -26.76 -28.69 -44.65 325.74 228.28 21.60 -0.10
0.00 7858.27
351.70 -31.36 -32.78 -48.09 326.49 233.13 24.28 -0.10
0.00 8401.87
326.70 -35.76 -36.79 -51.66 327.21 235.05 24.42 0.00
0.00 8919.03
304.20 -39.36 -40.19 -56.52 328.73 233.70 23.62 0.00
0.00 9411.14
283.90 -41.76 -42.48 -60.29 331.75 231.56 24.05 0.00
0.00 9881.35
265.70 -43.46 -44.12 -63.01 335.57 238.13 25.39 0.00
0.00 10328.46
248.80 -45.36 -45.96 -66.51 339.05 243.82 25.97 0.00
0.00 10768.49
233.60 -47.86 -48.34 -66.97 341.43 241.93 26.42 0.00
0.00 11186.51
219.60 -50.46 -50.83 -67.41 343.50 233.21 26.92 0.00
0.00 11591.73
205.70 -53.16 -53.47 -72.71 345.69 232.36 28.94 0.00
0.00 12015.38
191.70 -55.46 -55.71 -73.19 349.03 241.95 30.15 0.00
0.00 12466.91
177.70 -57.56 -57.76 -73.70 353.24 250.50 29.68 0.00
0.00 12947.81
163.80 -59.76 -59.92 -74.24 357.86 248.71 28.36 0.00
0.00 13459.19
149.80 -61.96 -9999.00 -9999.00 -9999.00 242.28 25.89 0.00
0.00 14014.39
135.90 -64.36 -9999.00 -9999.00 -9999.00 236.94 24.57 0.00
0.00 14612.96
121.90 -66.76 -9999.00 -9999.00 -9999.00 237.99 23.82 0.00
0.00 15273.58
108.00 -68.26 -9999.00 -9999.00 -9999.00 232.50 21.06 0.00
0.00 16002.35
94.00 -69.56 -9999.00 -9999.00 -9999.00 212.22 16.76 0.00
0.00 16832.37
81.00 -68.56 -9999.00 -9999.00 -9999.00 232.91 9.98 0.00
0.00 17721.57
70.60 -65.86 -9999.00 -9999.00 -9999.00 154.03 8.43 0.00
0.00 18549.95
62.20 -66.56 -9999.00 -9999.00 -9999.00 153.90 10.61 0.00
0.00 19317.28
54.30 -65.46 -9999.00 -9999.00 -9999.00 182.86 7.77 0.00
0.00 20140.86
46.90 -64.76 -9999.00 -9999.00 -9999.00 74.93 5.23 0.00
0.00 21033.03
40.10 -64.16 -9999.00 -9999.00 -9999.00 76.33 7.40 0.00
0.00 21989.89
33.80 -62.86 -9999.00 -9999.00 -9999.00 2.66 8.35 0.00
0.00 23038.71
27.80 -61.86 -9999.00 -9999.00 -9999.00 3.18 10.51 0.00
0.00 24244.50
22.30 -59.66 -9999.00 -9999.00 -9999.00 315.00 2.20 0.00
0.00 25615.03
17.10 -54.86 -9999.00 -9999.00 -9999.00 200.56 8.29 0.00
0.00 27292.88
12.30 -49.06 -9999.00 -9999.00 -9999.00 214.34 23.76 0.00
0.00 29426.11

STID = KCAE STNM = 723100 TIME = 221027/0800 
SLAT = 33.95 SLON = -81.12 SELV = 79.0
STIM = 20

SHOW = 10.69 LIFT = 13.66 SWET = 78.13 KINX = -7.45
LCLP = 926.15 PWAT = 16.95 TOTL = 31.89 CAPE = 0.00
LCLT = 279.43 CINS = 0.00 EQLV = -9999.00 LFCT = -9999.00
BRCH = 0.00

PRES TMPC TMWC DWPC THTE DRCT SKNT OMEG
CFRL HGHT
1005.70 12.94 10.02 7.49 304.00 348.69 3.96 0.00
0.00 87.36
1002.60 13.44 10.14 7.29 304.63 358.12 11.85 -0.10
0.00 113.33
997.10 13.34 10.00 7.10 304.87 0.74 14.96 -0.20
0.00 159.65
987.60 12.94 9.68 6.82 305.12 6.99 20.75 -0.40
0.00 240.18
973.60 12.44 9.17 6.26 305.42 12.80 26.30 -0.50
0.00 360.09
955.50 12.84 8.93 5.42 306.86 20.21 29.80 -0.70
0.00 517.65
934.00 13.44 10.79 8.77 314.33 40.30 20.12 -0.70
0.00 709.15
910.40 12.64 10.96 9.73 317.82 51.60 13.13 -0.60
0.00 924.57
884.70 10.74 9.64 8.78 317.48 42.80 7.15 -0.40
0.00 1164.51
856.10 9.54 7.36 5.50 315.13 326.31 2.10 -0.20
2.00 1438.22
824.50 10.14 4.40 -1.96 311.73 306.03 2.64 -0.10
0.00 1750.77
789.90 11.04 2.93 -7.88 312.59 253.39 11.56 0.00
0.00 2107.56
752.40 10.54 0.98 -15.08 313.01 227.02 11.67 0.00
0.00 2512.33
711.90 8.84 -1.02 -21.25 314.19 224.22 10.02 -0.10
0.00 2970.78
668.50 5.94 -3.28 -24.79 315.87 234.78 12.12 -0.10
0.00 3487.58
622.00 2.54 -5.87 -28.67 317.87 243.09 14.59 -0.10
0.00 4073.22
573.10 -0.36 -8.29 -33.68 321.30 242.22 20.42 -0.10
0.00 4730.69
525.70 -5.46 -11.84 -34.56 323.17 240.26 25.06 0.00
0.00 5413.75
483.10 -11.56 -16.16 -34.67 323.63 224.37 25.00 0.00
0.00 6068.53
444.90 -17.26 -20.55 -36.50 323.97 222.27 23.10 -0.10
0.00 6692.56
410.70 -22.26 -24.74 -40.26 324.62 220.33 21.91 -0.10
0.00 7285.94
379.60 -26.86 -28.77 -44.64 325.58 223.65 23.35 -0.10
0.00 7859.02
351.80 -31.46 -32.86 -48.09 326.33 225.94 25.14 0.00
0.00 8402.25
326.70 -35.76 -36.79 -51.66 327.21 228.18 24.77 0.00
0.00 8921.30
304.20 -39.26 -40.12 -57.99 328.83 229.11 24.92 0.00
0.00 9413.51
284.00 -41.66 -42.42 -62.51 331.82 231.07 25.97 0.00
0.00 9881.52
265.70 -43.46 -44.12 -63.01 335.57 238.26 26.96 0.00
0.00 10331.10
248.80 -45.66 -46.24 -66.51 338.61 240.99 26.44 0.00
0.00 10770.84
233.60 -47.86 -48.34 -66.97 341.43 238.89 26.32 0.10
0.00 11188.59
219.60 -50.36 -50.76 -72.27 343.61 237.44 27.43 0.10
0.00 11593.89
205.70 -52.96 -53.28 -72.71 346.00 240.72 29.39 0.10
0.00 12017.83
191.70 -55.26 -55.51 -73.19 349.35 248.54 30.26 0.10
0.00 12469.77
177.70 -57.36 -57.57 -73.70 353.56 254.85 28.98 0.10
0.00 12951.12
163.80 -59.86 -60.02 -74.24 357.70 250.91 26.73 0.00
0.00 13462.62
149.80 -62.06 -9999.00 -9999.00 -9999.00 241.93 26.42 0.00
0.00 14017.55
135.90 -64.46 -9999.00 -9999.00 -9999.00 234.46 25.06 0.00
0.00 14615.84
121.90 -67.26 -9999.00 -9999.00 -9999.00 236.18 24.09 -0.10
0.00 15275.51
108.00 -69.16 -9999.00 -9999.00 -9999.00 229.92 20.82 -0.10
0.00 16001.79
94.00 -69.96 -9999.00 -9999.00 -9999.00 214.70 18.43 0.00
0.00 16829.17
81.00 -68.36 -9999.00 -9999.00 -9999.00 219.67 10.35 0.00
0.00 17717.94
70.60 -66.66 -9999.00 -9999.00 -9999.00 162.47 15.48 0.00
0.00 18545.11
62.20 -66.56 -9999.00 -9999.00 -9999.00 170.87 11.01 0.00
0.00 19310.96
54.30 -65.66 -9999.00 -9999.00 -9999.00 181.64 6.80 0.00
0.00 20134.14
46.90 -65.56 -9999.00 -9999.00 -9999.00 75.62 7.83 0.00
0.00 21024.16
40.10 -64.26 -9999.00 -9999.00 -9999.00 90.00 6.02 0.00
0.00 21978.97
33.80 -62.36 -9999.00 -9999.00 -9999.00 12.34 6.37 0.00
0.00 23028.78
27.80 -61.16 -9999.00 -9999.00 -9999.00 34.44 8.24 0.00
0.00 24238.01
22.30 -58.26 -9999.00 -9999.00 -9999.00 153.43 0.43 0.00
0.00 25615.31
17.10 -53.76 -9999.00 -9999.00 -9999.00 225.91 8.66 0.00
0.00 27302.88
12.30 -48.26 -9999.00 -9999.00 -9999.00 232.90 28.98 0.00
0.00 29445.27

STID = KCAE STNM = 723100 TIME = 221027/0900 
SLAT = 33.95 SLON = -81.12 SELV = 79.0
STIM = 21

SHOW = 10.31 LIFT = 14.32 SWET = 91.68 KINX = -6.89
LCLP = 933.75 PWAT = 17.02 TOTL = 32.41 CAPE = 0.00
LCLT = 279.44 CINS = 0.00 EQLV = -9999.00 LFCT = -9999.00
BRCH = 0.00

PRES TMPC TMWC DWPC THTE DRCT SKNT OMEG
CFRL HGHT
1006.40 12.34 9.71 7.39 303.16 350.54 3.54 0.00
0.00 87.33
1003.40 12.94 9.89 7.21 303.91 1.91 11.65 -0.10
0.00 112.40
997.90 12.84 9.75 7.04 304.18 4.51 14.80 -0.20
0.00 158.60
988.30 12.54 9.48 6.78 304.56 11.21 21.00 -0.30
0.00 239.79
974.30 12.14 9.06 6.30 305.07 16.86 26.79 -0.50
0.00 359.46
956.20 12.24 8.55 5.16 305.84 23.53 31.14 -0.60
0.00 516.66
934.60 12.54 9.63 7.24 311.14 37.83 23.12 -0.60
0.00 708.36
911.00 12.24 10.74 9.62 317.12 53.13 13.60 -0.50
0.00 923.10
885.40 10.64 9.80 9.14 317.84 51.77 8.16 -0.40
0.00 1161.73
856.70 8.84 7.62 6.60 315.75 353.99 3.71 -0.20
8.00 1435.87
825.00 9.64 4.50 -1.04 311.93 319.76 3.30 -0.10
0.00 1748.61
790.50 10.74 2.75 -8.01 312.10 268.06 11.46 0.00
0.00 2103.65
752.90 10.54 0.90 -15.62 312.73 234.25 11.97 0.00
0.00 2508.98
712.40 8.74 -1.07 -21.24 314.01 223.64 11.54 0.00
0.00 2967.03
668.80 5.64 -3.44 -24.79 315.49 231.63 11.89 0.00
0.00 3485.55
622.30 2.24 -6.04 -28.67 317.48 238.17 13.27 0.00
0.00 4070.27
573.30 -0.56 -8.39 -33.42 321.07 241.00 18.43 0.00
0.00 4728.22
525.90 -5.56 -11.90 -34.56 323.01 238.71 23.19 -0.10
0.00 5410.65
483.20 -11.66 -16.22 -34.66 323.49 220.74 25.89 -0.10
0.00 6066.53
445.00 -17.36 -20.64 -36.76 323.79 215.75 23.93 -0.10
0.00 6690.18
410.70 -22.36 -24.82 -40.26 324.49 214.23 22.79 -0.20
0.00 7285.00
379.70 -26.96 -28.83 -44.17 325.46 219.23 24.57 -0.20
0.00 7855.93
351.80 -31.56 -32.95 -48.09 326.19 222.15 24.88 -0.20
0.00 8400.82
326.80 -35.86 -36.90 -52.56 327.01 224.37 25.00 -0.20
0.00 8917.50
304.20 -39.16 -40.03 -57.99 328.97 228.04 25.85 -0.10
0.00 9411.82
284.00 -41.56 -42.32 -62.51 331.96 235.07 27.49 -0.10
0.00 9880.04
265.80 -43.76 -44.40 -63.01 335.09 241.62 27.37 -0.10
0.00 10326.88
248.80 -45.96 -46.52 -66.51 338.16 242.68 26.24 0.00
0.00 10768.56
233.60 -47.76 -48.27 -71.85 341.53 242.87 26.42 0.00
0.00 11186.12
219.60 -50.06 -50.48 -72.27 344.07 244.89 27.47 0.00
0.00 11591.79
205.70 -52.76 -53.08 -72.71 346.32 247.20 29.08 0.10
0.00 12016.21
191.70 -55.06 -55.32 -73.19 349.67 251.68 30.28 0.10
0.00 12468.56
177.70 -57.16 -57.38 -73.70 353.89 255.58 28.09 0.10
0.00 12950.34
163.80 -59.66 -59.83 -74.24 358.03 253.26 24.94 0.10
0.00 13462.32
149.80 -62.26 -9999.00 -9999.00 -9999.00 244.04 24.84 0.00
0.00 14017.26
135.90 -64.56 -9999.00 -9999.00 -9999.00 232.77 24.40 0.00
0.00 14615.12
121.90 -67.56 -9999.00 -9999.00 -9999.00 232.75 23.43 0.00
0.00 15274.15
108.00 -69.66 -9999.00 -9999.00 -9999.00 228.72 21.19 0.00
0.00 15999.02
94.00 -70.06 -9999.00 -9999.00 -9999.00 219.17 20.30 0.00
0.00 16825.17
81.00 -68.36 -9999.00 -9999.00 -9999.00 215.07 11.15 0.00
0.00 17713.73
70.60 -67.76 -9999.00 -9999.00 -9999.00 176.14 17.33 0.00
0.00 18538.69
62.20 -66.56 -9999.00 -9999.00 -9999.00 182.96 11.29 0.00
0.00 19302.49
54.30 -65.66 -9999.00 -9999.00 -9999.00 163.01 7.30 0.00
0.00 20125.67
46.90 -65.36 -9999.00 -9999.00 -9999.00 91.15 9.71 0.00
0.00 21016.13
40.10 -63.56 -9999.00 -9999.00 -9999.00 104.42 7.01 0.00
0.00 21973.00
33.80 -62.06 -9999.00 -9999.00 -9999.00 24.30 6.60 0.00
0.00 23025.31
27.80 -60.66 -9999.00 -9999.00 -9999.00 52.52 7.34 0.00
0.00 24236.83
22.30 -57.16 -9999.00 -9999.00 -9999.00 101.31 0.99 0.00
0.00 25619.29
17.10 -52.36 -9999.00 -9999.00 -9999.00 259.70 8.68 0.00
0.00 27316.57
12.30 -47.36 -9999.00 -9999.00 -9999.00 247.60 31.10 0.00
0.00 29470.05
STN YYMMDD/HHMM PMSL PRES SKTC STC1 SNFL WTNS
P01M C01M STC2 LCLD MCLD HCLD
SNRA UWND VWND R01M BFGR T2MS
Q2MS WXTS WXTP WXTZ WXTR USTM
VSTM HLCY SLLH WSYM CDBP VSBK
TD2M
723100 221026/1200 1010.70 1001.40 16.44 289.60 -9999.00 7.00
-9999.00 -9999.00 289.50 97.00 0.00 0.00
-9999.00 -1.30 0.80 -9999.00 -9999.00 16.34
11.38 0.00 0.00 0.00 0.00 9.20
3.80 169.00 -9999.00 999.00 968.30 20.00
15.78
723100 221026/1300 1010.60 1001.30 18.44 291.60 0.00 7.00
0.01 0.00 291.00 79.00 0.00 0.00
-9999.00 -0.30 2.60 -9999.00 -9999.00 17.84
12.32 0.00 0.00 0.00 0.00 7.80
4.10 199.10 0.00 999.00 982.20 0.01
17.00
723100 221026/1400 1011.40 1002.10 19.04 292.20 0.00 8.00
0.02 0.00 291.90 100.00 0.00 0.00
-9999.00 1.00 1.90 -9999.00 -9999.00 18.74
12.92 0.00 0.00 0.00 0.00 8.20
2.70 103.80 0.00 999.00 968.90 0.00
17.75
723100 221026/1500 1011.40 1002.20 19.04 292.20 0.00 13.00
0.30 0.00 291.90 100.00 0.00 0.00
-9999.00 1.00 1.70 -9999.00 -9999.00 18.64
13.11 0.00 0.00 0.00 1.00 9.70
1.50 106.90 0.00 60.00 982.90 0.00
17.98
723100 221026/1600 1010.90 1001.70 21.64 294.80 0.00 13.00
0.00 0.00 294.10 100.00 0.00 0.00
-9999.00 2.00 2.00 -9999.00 -9999.00 20.04
13.43 0.00 0.00 0.00 0.00 12.20
1.40 87.80 0.01 999.00 968.40 0.03
18.35
723100 221026/1700 1010.30 1001.10 22.74 295.90 0.00 12.00
0.00 0.00 295.30 100.00 0.00 0.00
-9999.00 2.90 1.50 -9999.00 -9999.00 21.04
13.35 0.00 0.00 0.00 0.00 13.80
1.00 89.70 0.00 999.00 949.80 20.00
18.24
723100 221026/1800 1008.70 999.50 23.54 296.70 0.00 11.00
0.00 0.00 295.90 88.00 0.00 0.00
-9999.00 3.30 1.30 -9999.00 -9999.00 21.54
12.75 0.00 0.00 0.00 0.00 13.90
0.00 76.90 0.00 999.00 -9999.00 20.00
17.50
723100 221026/1900 1009.10 999.90 25.94 299.10 0.00 9.00
0.00 0.00 298.10 38.00 0.00 0.00
-9999.00 2.60 2.60 -9999.00 -9999.00 23.04
11.31 0.00 0.00 0.00 0.00 11.30
-1.80 72.00 0.01 999.00 -9999.00 20.00
15.66
723100 221026/2000 1008.80 999.70 26.34 299.50 0.00 8.00
0.00 0.00 298.80 8.00 0.00 0.00
-9999.00 2.90 2.20 -9999.00 -9999.00 24.04
9.70 0.00 0.00 0.00 0.00 10.20
-3.50 58.30 0.00 999.00 -9999.00 20.00
13.32
723100 221026/2100 1008.50 999.40 24.94 298.10 0.00 7.00
0.00 0.00 297.90 5.00 0.00 0.00
-9999.00 3.20 1.40 -9999.00 -9999.00 24.14
8.39 0.00 0.00 0.00 0.00 9.30
-4.70 42.30 -0.01 999.00 -9999.00 20.00
11.14
723100 221026/2200 1009.80 1000.60 22.04 295.20 0.00 7.00
0.00 0.00 295.50 0.00 0.00 0.00
-9999.00 2.90 0.40 -9999.00 -9999.00 22.34
7.99 0.00 0.00 0.00 0.00 9.00
-5.80 35.00 -0.01 999.00 -9999.00 20.00
10.44
723100 221026/2300 1011.50 1002.20 18.74 291.90 0.00 7.00
0.00 0.00 292.50 0.00 0.00 0.00
-9999.00 2.60 -0.40 -9999.00 -9999.00 19.44
8.11 0.00 0.00 0.00 0.00 7.50
-6.70 21.20 -0.01 999.00 -9999.00 20.00
10.68
723100 221027/0000 1012.80 1003.50 17.04 290.20 0.00 7.00
0.00 0.00 290.80 0.00 0.00 0.00
-9999.00 2.10 -1.00 -9999.00 -9999.00 17.74
8.36 0.00 0.00 0.00 0.00 9.30
-8.20 3.60 0.00 999.00 -9999.00 20.00
11.15
723100 221027/0100 1012.70 1003.50 15.54 288.70 0.00 7.00
0.00 0.00 289.30 0.00 0.00 0.00
-9999.00 1.70 -0.80 -9999.00 -9999.00 16.44
8.44 0.00 0.00 0.00 0.00 9.70
-8.10 14.40 0.00 999.00 -9999.00 20.00
11.29
723100 221027/0200 1013.00 1003.70 14.54 287.70 0.00 7.00
0.00 0.00 288.30 0.00 0.00 0.00
-9999.00 1.70 -1.20 -9999.00 -9999.00 15.44
8.53 0.00 0.00 0.00 0.00 9.90
-7.10 39.50 0.00 999.00 -9999.00 20.00
11.45
723100 221027/0300 1014.30 1005.00 14.24 287.40 0.00 7.00
0.00 0.00 287.90 0.00 0.00 0.00
-9999.00 1.90 -1.90 -9999.00 -9999.00 14.74
8.85 0.00 0.00 0.00 0.00 10.00
-5.50 113.90 0.00 999.00 -9999.00 20.00
12.02
723100 221027/0400 1014.20 1004.80 14.24 287.40 0.00 7.00
0.00 0.00 287.80 0.00 0.00 0.00
-9999.00 1.70 -2.90 -9999.00 -9999.00 14.64
8.00 0.00 0.00 0.00 0.00 10.00
-4.50 105.50 0.00 999.00 -9999.00 20.00
10.52
723100 221027/0500 1013.80 1004.40 13.64 286.80 0.00 7.00
0.00 0.00 287.20 0.00 0.00 0.00
-9999.00 1.00 -2.90 -9999.00 -9999.00 14.04
7.48 0.00 0.00 0.00 0.00 9.70
-3.90 106.70 0.00 999.00 -9999.00 20.00
9.52
723100 221027/0600 1014.20 1004.80 12.94 286.10 0.00 7.00
0.00 0.00 286.50 0.00 0.00 0.00
-9999.00 0.70 -2.70 -9999.00 -9999.00 13.34
7.31 0.00 0.00 0.00 0.00 9.60
-3.30 113.90 0.00 999.00 -9999.00 20.00
9.19
723100 221027/0700 1014.90 1005.50 12.34 285.50 0.00 7.00
0.00 0.00 285.90 1.00 0.00 0.00
-9999.00 0.40 -2.90 -9999.00 -9999.00 12.64
6.82 0.00 0.00 0.00 0.00 9.80
-3.40 97.20 0.00 999.00 -9999.00 20.00
8.18
723100 221027/0800 1016.10 1006.70 11.64 284.80 0.00 7.00
0.00 0.00 285.30 2.00 0.00 0.00
-9999.00 0.40 -2.60 -9999.00 -9999.00 12.04
6.53 0.00 0.00 0.00 0.00 9.80
-3.30 92.10 0.00 999.00 -9999.00 20.00
7.57
723100 221027/0900 1016.90 1007.40 10.94 284.10 0.00 7.00
0.00 0.00 284.70 8.00 0.00 0.00
-9999.00 0.40 -2.30 -9999.00 -9999.00 11.34
6.48 0.00 0.00 0.00 0.00 9.70
-3.00 80.60 0.00 999.00 -9999.00 20.00
7.47


