
SNPARM = PRES;TMPC;TMWC;DWPC;THTE;DRCT;SKNT;OMEG;CFRL;HGHT 
STNPRM = SHOW;LIFT;SWET;KINX;LCLP;PWAT;TOTL;CAPE;LCLT;CINS;EQLV;LFCT;BRCH 

STID = KILM STNM = 723013 TIME = 221026/1200 
SLAT = 34.27 SLON = -77.90 SELV = 6.0
STIM = 0

SHOW = 17.05 LIFT = 9.75 SWET = 53.44 KINX = -32.01
LCLP = 983.64 PWAT = 14.74 TOTL = 11.34 CAPE = 0.00
LCLT = 285.55 CINS = 0.00 EQLV = -9999.00 LFCT = -9999.00
BRCH = 0.00

PRES TMPC TMWC DWPC THTE DRCT SKNT OMEG
CFRL HGHT
1010.90 14.64 13.58 12.82 312.91 85.60 2.53 0.00
51.00 15.21
1007.80 14.34 14.07 13.84 314.69 85.91 2.72 0.10
53.00 41.22
1002.30 14.94 14.86 14.75 317.71 120.96 3.40 0.20
62.00 87.61
992.70 15.44 15.36 15.25 320.44 156.25 5.30 0.30
100.00 169.36
978.50 15.04 14.94 14.81 320.91 171.87 6.88 0.40
100.00 291.79
960.20 15.94 14.04 12.82 320.50 182.54 8.74 0.40
18.00 452.30
938.40 16.94 10.98 6.17 314.19 191.73 10.51 0.30
0.00 647.91
914.70 16.24 8.69 1.37 310.86 194.50 11.64 0.20
0.00 865.58
889.00 15.84 6.42 -5.13 308.06 200.66 12.67 0.20
0.00 1107.38
860.30 15.14 3.56 -18.71 304.37 215.63 14.34 0.00
0.00 1384.97
828.60 13.94 2.06 -26.76 304.76 222.47 15.54 -0.10
0.00 1701.28
793.90 12.44 1.06 -26.03 307.09 220.28 15.02 -0.20
0.00 2059.96
756.10 10.94 0.04 -25.31 310.01 217.21 13.17 -0.20
0.00 2466.86
715.20 8.74 -1.49 -25.92 312.54 225.62 12.78 -0.20
0.00 2927.70
671.40 6.24 -3.33 -27.67 315.21 230.29 14.90 -0.20
0.00 3447.04
624.50 2.84 -5.22 -23.69 318.97 231.34 13.68 -0.20
0.00 4035.92
575.10 -2.06 -6.42 -13.46 325.53 244.27 17.89 -0.10
0.00 4696.40
527.20 -6.26 -10.19 -17.97 326.64 242.20 24.16 -0.10
0.00 5381.99
484.20 -10.56 -14.74 -27.12 326.21 238.24 23.99 0.00
0.00 6041.84
445.80 -15.46 -18.95 -32.92 326.64 234.46 23.39 0.10
0.00 6671.29
411.30 -19.96 -23.03 -41.33 327.35 233.22 24.01 0.10
0.00 7273.70
380.20 -24.16 -26.70 -47.40 328.81 232.09 25.60 0.00
0.00 7851.64
352.20 -28.26 -30.27 -51.92 330.34 229.27 27.68 -0.10
0.00 8404.63
327.00 -31.86 -33.49 -55.93 332.34 222.71 27.49 -0.10
0.00 8932.91
304.40 -35.46 -36.77 -61.98 334.02 217.91 27.82 -0.10
0.00 9434.98
284.10 -39.16 -40.11 -60.29 335.41 216.94 31.35 -0.10
0.00 9911.43
265.80 -42.86 -43.55 -60.80 336.45 219.72 32.83 0.00
0.00 10363.87
248.90 -46.36 -46.87 -63.50 337.57 225.78 30.36 0.00
0.00 10803.35
233.60 -49.26 -49.67 -66.97 339.31 229.13 26.71 0.00
0.00 11221.81
219.60 -51.56 -51.89 -67.41 341.80 224.37 25.00 0.00
0.00 11624.77
205.70 -53.36 -53.64 -67.88 345.42 218.79 26.67 0.00
0.00 12047.18
191.70 -54.96 -55.22 -73.19 349.83 225.55 28.57 0.00
0.00 12499.01
177.70 -56.76 -56.99 -73.70 354.55 226.79 26.38 0.00
0.00 12981.36
163.80 -59.86 -60.02 -74.24 357.70 216.87 26.22 0.00
0.00 13493.57
149.80 -63.06 -9999.00 -9999.00 -9999.00 217.27 27.58 0.00
0.00 14047.20
135.90 -65.56 -9999.00 -9999.00 -9999.00 227.66 23.66 0.10
0.00 14642.50
121.90 -67.76 -9999.00 -9999.00 -9999.00 234.02 17.52 0.10
0.00 15299.62
108.00 -68.66 -9999.00 -9999.00 -9999.00 240.14 12.10 0.00
0.00 16025.90
94.00 -68.96 -9999.00 -9999.00 -9999.00 214.88 7.81 0.00
0.00 16856.33
81.00 -67.76 -9999.00 -9999.00 -9999.00 167.32 7.96 0.00
0.00 17748.58
70.60 -66.36 -9999.00 -9999.00 -9999.00 137.64 8.94 0.00
0.00 18577.57
62.20 -65.66 -9999.00 -9999.00 -9999.00 107.97 7.56 0.00
0.00 19345.63
54.30 -66.06 -9999.00 -9999.00 -9999.00 70.02 9.09 0.00
0.00 20169.81
46.90 -66.06 -9999.00 -9999.00 -9999.00 41.55 11.42 0.00
0.00 21057.90
40.10 -65.26 -9999.00 -9999.00 -9999.00 32.38 9.42 0.00
0.00 22009.27
33.80 -63.76 -9999.00 -9999.00 -9999.00 13.39 8.39 0.00
0.00 23053.08
27.80 -61.16 -9999.00 -9999.00 -9999.00 5.44 8.20 0.00
0.00 24258.30
22.30 -57.36 -9999.00 -9999.00 -9999.00 353.29 3.32 0.00
0.00 25638.51
17.10 -51.96 -9999.00 -9999.00 -9999.00 338.20 1.05 0.00
0.00 27336.56
12.30 -47.16 -9999.00 -9999.00 -9999.00 275.44 20.49 0.00
0.00 29492.94

STID = KILM STNM = 723013 TIME = 221026/1300 
SLAT = 34.27 SLON = -77.90 SELV = 6.0
STIM = 1

SHOW = 14.00 LIFT = 9.29 SWET = 86.53 KINX = -24.96
LCLP = 999.22 PWAT = 15.75 TOTL = 24.46 CAPE = 0.00
LCLT = 288.22 CINS = 0.00 EQLV = -9999.00 LFCT = -9999.00
BRCH = 0.00

PRES TMPC TMWC DWPC THTE DRCT SKNT OMEG
CFRL HGHT
1011.10 16.04 15.58 15.25 318.84 135.00 1.38 0.00
51.00 15.26
1008.10 15.74 15.44 15.20 318.77 140.19 1.52 0.00
53.00 40.57
1002.50 15.44 15.37 15.26 319.24 151.70 2.87 0.10
56.00 87.96
992.90 15.34 15.28 15.18 320.16 176.05 5.65 0.10
100.00 169.77
978.60 14.74 14.67 14.56 320.06 185.04 6.62 0.10
100.00 292.95
960.40 16.44 13.90 12.24 320.01 201.41 10.64 0.00
9.00 452.58
938.80 17.04 11.96 8.19 316.94 207.30 13.56 0.00
0.00 646.57
915.00 16.54 9.24 2.51 312.28 211.66 13.69 0.10
0.00 865.31
889.20 16.24 5.65 -9.42 305.99 224.46 14.70 0.10
0.00 1108.25
860.60 14.94 5.32 -7.31 308.87 238.35 16.67 0.00
0.00 1384.95
828.80 13.24 4.28 -7.55 310.52 238.30 15.52 0.10
0.00 1702.01
793.90 12.24 1.58 -19.09 308.47 222.17 13.89 0.20
0.00 2062.44
756.10 11.14 -0.23 -31.65 309.25 215.34 13.09 0.20
0.00 2469.36
715.30 9.14 -1.69 -32.82 311.91 227.08 15.11 0.10
0.00 2929.44
671.50 6.44 -3.47 -31.79 314.76 226.47 16.08 0.10
0.00 3449.19
624.60 2.64 -5.19 -22.51 319.06 227.83 13.89 0.10
0.00 4037.95
575.10 -2.06 -6.12 -12.36 326.24 237.70 19.99 0.10
0.00 4699.54
527.30 -5.86 -10.99 -23.56 324.83 238.20 22.86 0.20
0.00 5384.05
484.30 -10.46 -15.05 -30.45 325.51 243.00 22.67 0.20
0.00 6044.21
445.80 -15.56 -19.02 -32.92 326.51 240.32 22.36 0.20
0.00 6675.19
411.30 -19.96 -22.82 -37.81 327.76 236.82 24.15 0.20
0.00 7277.50
380.20 -24.06 -26.26 -39.72 329.63 234.56 26.46 0.20
0.00 7855.61
352.20 -28.26 -30.04 -44.86 330.77 227.83 27.78 0.10
0.00 8408.76
327.00 -32.16 -33.61 -50.08 332.17 223.14 29.55 0.10
0.00 8936.74
304.40 -35.56 -36.72 -53.16 334.13 219.71 31.31 0.10
0.00 9438.41
284.10 -39.06 -39.96 -55.81 335.68 218.55 33.04 0.00
0.00 9914.88
265.80 -42.76 -43.48 -63.01 336.55 222.30 32.03 0.00
0.00 10367.51
248.90 -46.26 -46.80 -66.51 337.68 229.11 28.79 0.00
0.00 10807.18
233.60 -49.16 -49.57 -66.97 339.46 230.14 24.55 0.00
0.00 11225.83
219.60 -51.46 -51.79 -67.41 341.96 225.00 22.53 0.00
0.00 11628.96
205.70 -53.16 -53.44 -67.88 345.73 223.70 24.18 0.00
0.00 12051.66
191.70 -54.66 -54.94 -73.19 350.32 228.26 26.55 -0.10
0.00 12504.01
177.70 -56.56 -56.79 -73.70 354.88 227.17 25.43 -0.10
0.00 12986.91
163.80 -59.56 -59.73 -74.24 358.20 216.42 24.86 -0.10
0.00 13499.72
149.80 -62.76 -9999.00 -9999.00 -9999.00 212.47 27.86 -0.10
0.00 14054.13
135.90 -64.96 -9999.00 -9999.00 -9999.00 225.59 26.65 0.00
0.00 14650.71
121.90 -67.26 -9999.00 -9999.00 -9999.00 231.42 20.86 0.00
0.00 15309.58
108.00 -68.66 -9999.00 -9999.00 -9999.00 239.53 15.33 0.00
0.00 16036.75
94.00 -69.16 -9999.00 -9999.00 -9999.00 222.36 8.94 0.00
0.00 16866.77
81.00 -67.66 -9999.00 -9999.00 -9999.00 178.70 8.55 0.00
0.00 17758.81
70.60 -66.26 -9999.00 -9999.00 -9999.00 142.13 8.86 0.00
0.00 18588.20
62.20 -65.96 -9999.00 -9999.00 -9999.00 103.71 8.20 0.00
0.00 19355.89
54.30 -66.26 -9999.00 -9999.00 -9999.00 61.86 9.48 0.00
0.00 20179.07
46.90 -65.86 -9999.00 -9999.00 -9999.00 39.05 13.25 0.00
0.00 21067.17
40.10 -65.36 -9999.00 -9999.00 -9999.00 44.27 10.86 0.00
0.00 22018.76
33.80 -63.66 -9999.00 -9999.00 -9999.00 36.87 8.74 0.00
0.00 23062.58
27.80 -60.16 -9999.00 -9999.00 -9999.00 19.98 6.82 0.00
0.00 24270.94
22.30 -56.56 -9999.00 -9999.00 -9999.00 351.87 2.74 0.00
0.00 25656.95
17.10 -52.86 -9999.00 -9999.00 -9999.00 276.34 1.77 0.00
0.00 27354.62
12.30 -48.26 -9999.00 -9999.00 -9999.00 269.40 18.45 0.00
0.00 29501.35

STID = KILM STNM = 723013 TIME = 221026/1400 
SLAT = 34.27 SLON = -77.90 SELV = 6.0
STIM = 2

SHOW = 6.21 LIFT = 7.43 SWET = 144.71 KINX = -10.90
LCLP = 983.30 PWAT = 21.73 TOTL = 38.01 CAPE = 0.00
LCLT = 288.46 CINS = 0.00 EQLV = -9999.00 LFCT = -9999.00
BRCH = 0.00

PRES TMPC TMWC DWPC THTE DRCT SKNT OMEG
CFRL HGHT
1011.40 17.64 16.47 15.75 321.61 156.80 1.48 0.00
1.00 15.32
1008.40 17.24 16.27 15.66 321.35 159.44 1.65 0.00
3.00 40.75
1002.80 16.74 16.02 15.55 321.26 161.57 1.85 0.10
6.00 88.37
993.20 15.94 15.60 15.34 321.13 168.69 1.98 0.10
58.00 170.43
979.00 15.64 14.82 14.27 320.48 196.99 7.30 0.20
64.00 293.01
960.80 17.54 15.14 13.69 323.87 205.77 12.51 0.10
4.00 453.17
939.00 16.64 13.91 12.18 322.85 211.76 14.39 0.00
6.00 649.32
915.20 16.94 10.31 4.75 315.18 230.91 16.03 -0.20
0.00 868.22
889.60 15.84 9.66 4.49 316.73 243.71 17.99 -0.30
0.00 1109.53
860.70 13.44 10.88 9.10 324.32 250.95 17.27 -0.20
0.00 1388.95
828.80 12.14 7.92 4.44 320.30 244.61 12.68 -0.10
2.00 1706.48
793.80 12.34 2.20 -14.83 310.04 216.69 12.35 -0.10
0.00 2067.78
756.10 11.54 -0.19 -36.23 309.23 218.66 14.92 -0.20
0.00 2474.05
715.20 9.44 -1.60 -34.81 312.04 229.21 18.73 -0.30
0.00 2935.84
671.40 6.34 -3.14 -25.96 315.66 225.90 17.58 -0.30
0.00 3455.88
624.50 1.94 -3.68 -12.24 322.76 229.47 15.85 -0.30
0.00 4044.19
575.00 -2.16 -5.69 -10.78 327.25 229.94 22.34 -0.20
0.00 4705.27
527.20 -5.86 -11.37 -26.45 324.00 233.70 23.62 -0.20
0.00 5389.79
484.20 -10.46 -15.45 -35.39 324.67 240.95 22.01 0.00
0.00 6049.99
445.80 -15.56 -19.11 -33.91 326.34 240.90 23.56 0.10
0.00 6679.34
411.30 -20.06 -22.92 -38.08 327.59 239.97 24.46 0.10
0.00 7281.52
380.10 -24.46 -26.63 -40.67 329.01 237.29 25.16 0.00
0.00 7860.98
352.10 -28.56 -30.29 -44.86 330.40 231.89 28.63 0.00
0.00 8413.49
327.00 -32.56 -33.95 -50.08 331.62 226.51 31.33 -0.10
0.00 8938.69
304.40 -35.86 -37.03 -55.25 333.63 221.61 32.48 -0.10
0.00 9439.62
284.10 -39.06 -40.02 -60.29 335.56 218.35 33.20 0.00
0.00 9915.78
265.80 -42.66 -43.39 -63.01 336.70 220.60 32.25 0.00
0.00 10368.51
248.90 -46.16 -46.71 -66.51 337.82 225.26 30.09 0.00
0.00 10808.37
233.60 -49.26 -49.67 -66.97 339.31 226.50 26.24 0.00
0.00 11227.02
219.60 -51.96 -52.27 -67.41 341.19 221.51 22.57 0.00
0.00 11629.61
205.70 -53.96 -54.21 -67.88 344.48 218.66 22.40 0.00
0.00 12051.06
191.70 -55.56 -55.78 -68.39 348.92 222.79 24.88 0.00
0.00 12501.66
177.80 -57.06 -57.28 -73.70 354.00 223.70 24.18 0.00
0.00 12979.44
163.80 -59.66 -59.83 -74.24 358.03 214.23 22.79 0.00
0.00 13495.07
149.80 -62.96 -9999.00 -9999.00 -9999.00 205.81 26.32 0.00
0.00 14049.09
135.90 -65.06 -9999.00 -9999.00 -9999.00 218.66 27.37 0.00
0.00 14645.25
121.90 -66.76 -9999.00 -9999.00 -9999.00 227.52 21.85 0.00
0.00 15304.75
108.00 -68.56 -9999.00 -9999.00 -9999.00 228.67 15.00 0.00
0.00 16032.99
94.00 -68.76 -9999.00 -9999.00 -9999.00 214.38 8.94 0.00
0.00 16864.02
81.00 -67.56 -9999.00 -9999.00 -9999.00 169.46 8.49 0.00
0.00 17757.15
70.60 -66.86 -9999.00 -9999.00 -9999.00 126.66 10.41 0.00
0.00 18585.53
62.20 -66.76 -9999.00 -9999.00 -9999.00 98.30 9.42 0.00
0.00 19350.63
54.30 -66.46 -9999.00 -9999.00 -9999.00 62.05 10.78 0.00
0.00 20171.82
46.90 -65.76 -9999.00 -9999.00 -9999.00 55.26 14.67 0.00
0.00 21059.70
40.10 -65.36 -9999.00 -9999.00 -9999.00 63.43 12.16 0.00
0.00 22011.53
33.80 -63.56 -9999.00 -9999.00 -9999.00 41.31 8.53 0.00
0.00 23055.59
27.80 -59.76 -9999.00 -9999.00 -9999.00 19.65 5.77 0.00
0.00 24265.39
22.30 -56.16 -9999.00 -9999.00 -9999.00 77.01 2.58 0.00
0.00 25653.98
17.10 -51.36 -9999.00 -9999.00 -9999.00 152.24 4.18 0.00
0.00 27359.03
12.30 -47.26 -9999.00 -9999.00 -9999.00 274.71 16.57 0.00
0.00 29517.82

STID = KILM STNM = 723013 TIME = 221026/1500 
SLAT = 34.27 SLON = -77.90 SELV = 6.0
STIM = 3

SHOW = 3.41 LIFT = 5.97 SWET = 184.44 KINX = 14.02
LCLP = 956.75 PWAT = 29.19 TOTL = 41.34 CAPE = 0.00
LCLT = 288.11 CINS = 0.00 EQLV = -9999.00 LFCT = -9999.00
BRCH = 0.00

PRES TMPC TMWC DWPC THTE DRCT SKNT OMEG
CFRL HGHT
1011.10 19.54 17.17 15.82 323.96 150.26 1.57 0.00
0.00 14.53
1008.00 19.14 16.96 15.70 323.65 156.04 1.90 0.00
0.00 40.99
1002.40 18.64 16.70 15.57 323.52 158.20 2.10 0.00
0.00 88.94
992.80 17.84 16.30 15.38 323.44 162.90 2.64 0.00
8.00 171.57
978.70 16.94 15.51 14.63 322.70 187.13 4.70 0.00
14.00 294.03
960.50 17.64 15.10 13.56 323.77 201.41 10.64 0.00
4.00 454.62
938.80 16.84 13.98 12.16 323.07 212.64 14.76 -0.10
4.00 650.02
915.10 17.24 12.82 9.84 322.63 235.76 16.92 0.00
0.00 868.39
889.20 15.64 13.88 12.82 329.69 248.09 18.22 0.10
0.00 1113.15
860.20 13.74 12.14 11.11 328.30 251.19 18.67 -0.10
0.00 1394.23
828.30 11.24 10.42 9.84 327.67 247.20 14.53 -0.30
34.00 1712.00
793.50 11.34 4.70 -2.41 316.60 230.66 15.33 -0.20
1.00 2070.80
755.70 10.24 1.15 -13.37 313.00 228.93 18.03 -0.10
0.00 2477.19
714.80 8.44 0.17 -12.40 316.83 229.73 18.34 0.00
0.00 2937.83
671.00 5.54 -0.47 -8.18 322.47 224.52 16.34 0.10
0.00 3457.16
624.00 1.44 -0.57 -2.61 330.56 229.09 19.27 0.20
0.00 4046.65
574.60 -2.56 -6.28 -11.95 326.00 230.31 25.25 0.00
0.00 4706.29
526.80 -6.26 -12.09 -30.99 322.58 230.64 22.36 0.00
0.00 5390.18
483.90 -10.46 -15.96 -49.18 323.61 232.70 20.51 0.20
0.00 6048.68
445.60 -15.46 -19.58 -43.16 325.40 236.71 23.00 0.20
0.00 6676.73
411.20 -20.16 -23.30 -43.91 326.88 243.22 22.84 0.20
0.00 7277.29
380.00 -24.66 -27.05 -46.20 328.28 240.43 23.23 0.20
0.00 7856.50
352.10 -28.86 -30.71 -49.44 329.68 232.46 26.46 0.20
0.00 8406.52
326.90 -32.56 -34.04 -53.55 331.49 225.00 29.93 0.20
0.00 8933.55
304.30 -35.66 -36.92 -59.75 333.82 217.75 30.46 0.20
0.00 9434.84
284.00 -38.66 -39.71 -65.54 336.08 214.56 31.84 0.20
0.00 9911.76
265.80 -42.26 -43.04 -66.03 337.24 216.87 32.05 0.30
0.00 10362.87
248.90 -45.76 -46.33 -66.51 338.42 221.54 29.58 0.20
0.00 10803.49
233.60 -48.66 -49.10 -66.97 340.22 223.15 25.56 0.20
0.00 11223.07
219.60 -51.16 -51.50 -67.41 342.42 217.75 22.84 0.10
0.00 11626.92
205.70 -53.26 -53.54 -67.88 345.58 217.16 23.15 0.00
0.00 12049.81
191.70 -54.86 -55.10 -68.39 350.04 223.73 24.73 0.00
0.00 12501.86
177.80 -56.56 -56.79 -73.70 354.82 224.33 23.62 -0.10
0.00 12980.96
163.80 -59.26 -59.44 -74.24 358.70 213.69 23.12 -0.10
0.00 13497.67
149.80 -62.46 -9999.00 -9999.00 -9999.00 206.75 26.75 -0.10
0.00 14052.87
135.90 -64.46 -9999.00 -9999.00 -9999.00 220.64 28.92 0.00
0.00 14650.59
121.90 -65.66 -9999.00 -9999.00 -9999.00 229.50 24.53 0.00
0.00 15312.80
108.00 -67.96 -9999.00 -9999.00 -9999.00 232.85 16.08 0.00
0.00 16044.04
94.00 -68.86 -9999.00 -9999.00 -9999.00 225.94 8.37 0.00
0.00 16876.09
81.00 -68.46 -9999.00 -9999.00 -9999.00 161.57 6.14 0.00
0.00 17767.04
70.60 -68.36 -9999.00 -9999.00 -9999.00 122.47 10.14 0.00
0.00 18590.60
62.20 -67.86 -9999.00 -9999.00 -9999.00 102.38 8.16 0.00
0.00 19350.88
54.30 -66.46 -9999.00 -9999.00 -9999.00 69.44 9.97 0.00
0.00 20169.89
46.90 -65.26 -9999.00 -9999.00 -9999.00 67.25 13.05 0.00
0.00 21058.84
40.10 -63.96 -9999.00 -9999.00 -9999.00 64.13 7.13 0.00
0.00 22015.02
33.80 -61.76 -9999.00 -9999.00 -9999.00 1.97 5.63 0.00
0.00 23067.09
27.80 -59.46 -9999.00 -9999.00 -9999.00 352.87 4.70 0.00
0.00 24282.89
22.30 -57.56 -9999.00 -9999.00 -9999.00 104.04 2.41 0.00
0.00 25667.93
17.10 -53.46 -9999.00 -9999.00 -9999.00 156.25 5.30 0.00
0.00 27359.39
12.30 -48.06 -9999.00 -9999.00 -9999.00 270.00 13.21 0.00
0.00 29504.19

STID = KILM STNM = 723013 TIME = 221026/1600 
SLAT = 34.27 SLON = -77.90 SELV = 6.0
STIM = 4

SHOW = 3.33 LIFT = 4.86 SWET = 186.08 KINX = 28.05
LCLP = 926.54 PWAT = 34.65 TOTL = 41.44 CAPE = 0.00
LCLT = 287.69 CINS = 0.00 EQLV = -9999.00 LFCT = -9999.00
BRCH = 0.00

PRES TMPC TMWC DWPC THTE DRCT SKNT OMEG
CFRL HGHT
1010.30 21.74 17.96 15.89 326.72 171.03 3.73 0.00
0.00 15.46
1007.30 21.24 17.70 15.74 326.22 172.23 4.31 0.00
0.00 41.28
1001.70 20.64 17.40 15.60 325.96 173.16 4.90 -0.10
0.00 89.60
992.10 19.74 16.97 15.40 325.74 173.88 5.48 -0.20
0.00 172.84
978.00 18.54 16.36 15.10 325.57 174.64 6.24 -0.20
0.00 296.13
959.80 17.24 15.50 14.46 325.16 185.86 7.61 -0.10
0.00 457.22
938.10 16.44 14.73 13.69 325.59 204.52 12.16 0.10
6.00 652.59
914.30 16.34 13.76 12.16 325.74 218.97 17.00 0.30
0.00 871.73
888.60 15.34 13.49 12.36 328.51 230.19 18.20 0.30
0.00 1114.37
859.70 14.04 12.32 11.23 328.95 237.53 17.74 0.20
1.00 1394.63
827.80 12.04 10.47 9.40 327.90 239.25 17.85 0.10
2.00 1713.18
793.00 10.04 8.66 7.66 327.74 235.76 16.92 -0.10
7.00 2072.33
755.10 8.84 6.05 3.77 326.09 231.91 18.26 -0.10
0.00 2479.26
714.20 7.94 4.96 2.49 329.63 228.93 18.03 0.10
0.00 2940.00
670.20 4.94 3.21 1.75 332.34 225.00 18.41 0.20
0.00 3462.43
623.30 1.74 -2.57 -8.09 325.67 229.76 23.15 0.10
0.00 4051.34
574.10 -1.96 -9.02 -30.28 319.78 245.75 23.64 0.10
0.00 4709.28
526.50 -5.86 -12.52 -45.86 321.55 238.26 22.16 0.20
0.00 5391.54
483.70 -10.46 -15.93 -47.40 323.72 234.12 22.53 0.20
0.00 6049.24
445.40 -15.36 -19.60 -45.97 325.38 243.21 22.42 0.20
0.00 6677.68
411.00 -20.16 -23.45 -48.85 326.62 254.56 21.15 0.20
0.00 7278.61
379.90 -24.76 -27.30 -52.28 327.85 245.98 21.48 0.10
0.00 7856.04
352.00 -28.86 -30.77 -51.93 329.59 229.81 26.18 0.10
0.00 8406.08
326.90 -32.46 -33.98 -54.66 331.58 223.47 30.77 0.10
0.00 8931.19
304.30 -35.16 -36.53 -65.03 334.43 218.16 31.12 0.10
0.00 9433.11
284.00 -38.36 -39.44 -65.54 336.51 217.42 32.28 0.10
0.00 9910.83
265.80 -42.06 -42.86 -66.03 337.53 219.14 32.30 0.10
0.00 10362.43
248.90 -45.56 -46.14 -66.51 338.72 221.36 30.28 0.10
0.00 10803.43
233.60 -48.36 -48.81 -66.97 340.67 222.90 26.24 0.10
0.00 11223.48
219.60 -50.76 -51.12 -67.41 343.04 219.26 23.33 0.00
0.00 11627.97
205.70 -53.36 -53.64 -67.88 345.42 215.43 23.12 0.00
0.00 12051.14
191.70 -55.26 -55.49 -68.39 349.40 219.09 24.03 0.00
0.00 12502.67
177.80 -56.86 -57.08 -73.70 354.33 220.76 22.32 0.00
0.00 12981.00
163.80 -59.16 -59.34 -74.24 358.87 211.38 22.75 0.00
0.00 13497.47
149.80 -62.36 -9999.00 -9999.00 -9999.00 208.41 26.94 0.00
0.00 14052.93
135.90 -64.76 -9999.00 -9999.00 -9999.00 222.35 29.70 0.00
0.00 14650.37
121.90 -65.66 -9999.00 -9999.00 -9999.00 235.30 24.57 0.00
0.00 15312.10
108.00 -68.06 -9999.00 -9999.00 -9999.00 240.44 14.96 0.00
0.00 16043.17
94.00 -69.46 -9999.00 -9999.00 -9999.00 223.83 6.74 0.00
0.00 16873.80
81.00 -69.26 -9999.00 -9999.00 -9999.00 156.80 7.40 0.00
0.00 17761.69
70.60 -69.26 -9999.00 -9999.00 -9999.00 144.46 11.69 0.00
0.00 18581.83
62.20 -68.06 -9999.00 -9999.00 -9999.00 141.12 7.73 0.00
0.00 19340.07
54.30 -66.36 -9999.00 -9999.00 -9999.00 96.79 8.22 0.00
0.00 20158.88
46.90 -65.46 -9999.00 -9999.00 -9999.00 85.84 10.70 0.00
0.00 21047.62
40.10 -63.86 -9999.00 -9999.00 -9999.00 65.56 4.70 0.00
0.00 22003.57
33.80 -61.76 -9999.00 -9999.00 -9999.00 14.04 5.61 0.00
0.00 23055.88
27.80 -59.66 -9999.00 -9999.00 -9999.00 28.30 5.73 0.00
0.00 24271.12
22.30 -57.36 -9999.00 -9999.00 -9999.00 28.30 2.87 0.00
0.00 25656.16
17.10 -53.26 -9999.00 -9999.00 -9999.00 232.13 6.64 0.00
0.00 27349.17
12.30 -48.26 -9999.00 -9999.00 -9999.00 238.28 12.57 0.00
0.00 29493.96

STID = KILM STNM = 723013 TIME = 221026/1700 
SLAT = 34.27 SLON = -77.90 SELV = 6.0
STIM = 5

SHOW = 2.90 LIFT = 3.91 SWET = 239.12 KINX = 31.20
LCLP = 908.58 PWAT = 35.95 TOTL = 41.89 CAPE = 0.00
LCLT = 287.63 CINS = 0.00 EQLV = -9999.00 LFCT = -9999.00
BRCH = 0.00

PRES TMPC TMWC DWPC THTE DRCT SKNT OMEG
CFRL HGHT
1009.20 23.24 18.59 16.12 329.06 180.00 6.02 0.00
0.00 16.38
1006.20 22.64 18.29 15.96 328.42 178.45 7.19 -0.10
0.00 42.36
1000.70 22.14 18.04 15.82 328.26 178.57 7.77 -0.20
0.00 90.10
991.10 21.24 17.61 15.62 328.05 178.70 8.55 -0.30
0.00 173.87
977.00 19.94 16.97 15.32 327.77 178.83 9.52 -0.40
0.00 297.91
958.80 18.44 16.24 14.98 327.75 183.30 10.12 -0.50
0.00 459.91
937.10 16.84 15.37 14.50 327.83 187.25 10.76 -0.30
0.00 656.09
913.40 15.64 14.34 13.54 327.73 202.68 14.10 0.00
5.00 874.51
887.60 15.14 13.73 12.87 329.43 219.33 18.08 0.30
6.00 1118.07
858.80 14.34 12.53 11.40 329.76 234.11 18.22 0.30
1.00 1397.75
827.00 12.44 11.21 10.40 330.33 237.93 19.02 0.30
0.00 1716.09
792.10 10.04 9.70 9.44 331.03 238.75 20.22 0.10
24.00 2077.08
754.20 8.54 8.15 7.85 332.38 233.35 19.85 0.00
29.00 2484.68
713.30 7.14 6.77 6.48 335.11 224.16 18.69 0.00
33.00 2945.68
669.40 4.84 1.82 -1.06 328.69 222.88 22.26 0.00
0.00 3466.87
622.80 2.64 -5.85 -29.23 317.76 240.64 21.39 0.00
0.00 4052.74
573.70 -1.56 -8.81 -30.69 320.25 249.03 24.96 0.10
0.00 4710.83
526.20 -5.76 -12.09 -35.64 322.57 244.46 24.32 0.10
0.00 5392.76
483.40 -10.26 -15.63 -41.46 324.41 244.06 23.97 0.10
0.00 6051.29
445.20 -15.36 -19.51 -43.17 325.61 255.48 22.47 0.10
0.00 6678.70
410.90 -20.56 -23.68 -46.08 326.28 256.79 19.56 0.10
0.00 7277.64
379.80 -25.06 -27.56 -53.41 327.44 243.43 21.29 0.10
0.00 7854.41
351.90 -28.96 -30.90 -54.05 329.40 228.63 28.21 0.10
0.00 8404.15
326.80 -32.66 -34.17 -55.93 331.30 226.01 31.31 0.10
0.00 8929.09
304.30 -35.46 -36.75 -59.75 334.10 225.78 30.36 0.10
0.00 9428.34
284.00 -38.56 -39.60 -62.51 336.27 223.70 30.36 0.10
0.00 9905.56
265.80 -42.06 -42.86 -66.03 337.53 223.98 30.77 0.10
0.00 10356.96
248.90 -45.66 -46.24 -66.51 338.57 222.35 29.70 0.10
0.00 10797.88
233.60 -48.56 -49.00 -66.97 340.37 216.95 27.47 0.10
0.00 11217.64
219.60 -50.86 -51.22 -67.41 342.88 213.82 24.09 0.10
0.00 11621.86
205.70 -53.36 -53.64 -67.88 345.42 208.73 23.04 0.10
0.00 12044.94
191.70 -55.36 -55.59 -68.39 349.24 213.43 23.97 0.10
0.00 12496.36
177.70 -56.86 -57.08 -73.70 354.38 218.21 23.23 0.00
0.00 12978.15
163.80 -59.26 -59.44 -74.24 358.70 214.23 22.79 0.00
0.00 13490.97
149.80 -62.56 -9999.00 -9999.00 -9999.00 212.33 25.06 -0.10
0.00 14046.03
135.90 -65.36 -9999.00 -9999.00 -9999.00 223.56 27.35 0.00
0.00 14642.33
121.90 -66.46 -9999.00 -9999.00 -9999.00 233.83 22.38 0.00
0.00 15301.83
108.00 -68.56 -9999.00 -9999.00 -9999.00 225.00 12.65 0.00
0.00 16030.60
94.00 -70.06 -9999.00 -9999.00 -9999.00 182.60 8.55 0.00
0.00 16858.99
81.00 -69.36 -9999.00 -9999.00 -9999.00 158.70 12.30 0.00
0.00 17745.36
70.60 -68.26 -9999.00 -9999.00 -9999.00 160.79 13.58 0.00
0.00 18567.31
62.20 -66.06 -9999.00 -9999.00 -9999.00 144.46 6.68 0.00
0.00 19331.11
54.30 -65.06 -9999.00 -9999.00 -9999.00 87.92 10.68 0.00
0.00 20156.48
46.90 -64.66 -9999.00 -9999.00 -9999.00 72.76 11.79 0.00
0.00 21049.72
40.10 -63.16 -9999.00 -9999.00 -9999.00 45.81 9.75 0.00
0.00 22009.11
33.80 -62.26 -9999.00 -9999.00 -9999.00 29.29 9.13 0.00
0.00 23061.93
27.80 -61.06 -9999.00 -9999.00 -9999.00 19.98 6.82 0.00
0.00 24271.73
22.30 -57.36 -9999.00 -9999.00 -9999.00 336.80 4.43 0.00
0.00 25652.26
17.10 -52.56 -9999.00 -9999.00 -9999.00 243.90 10.61 0.00
0.00 27347.98
12.30 -48.46 -9999.00 -9999.00 -9999.00 225.44 17.72 0.00
0.00 29495.20

STID = KILM STNM = 723013 TIME = 221026/1800 
SLAT = 34.27 SLON = -77.90 SELV = 6.0
STIM = 6

SHOW = 2.32 LIFT = 2.96 SWET = 274.86 KINX = 28.50
LCLP = 908.93 PWAT = 35.48 TOTL = 42.49 CAPE = 0.00
LCLT = 288.17 CINS = 0.00 EQLV = -9999.00 LFCT = -9999.00
BRCH = 0.00

PRES TMPC TMWC DWPC THTE DRCT SKNT OMEG
CFRL HGHT
1007.70 23.64 19.02 16.64 330.84 184.76 7.01 0.00
0.00 15.55
1004.70 23.14 18.77 16.49 330.33 183.90 8.57 -0.10
0.00 41.61
999.10 22.54 18.49 16.36 330.08 184.76 9.36 -0.20
0.00 90.38
989.60 21.64 18.06 16.16 329.86 183.37 9.93 -0.40
0.00 173.54
975.50 20.44 17.49 15.90 329.79 184.16 10.70 -0.50
0.00 297.99
957.30 18.94 16.74 15.52 329.68 187.72 11.56 -0.50
0.00 460.57
935.60 17.34 15.86 15.01 329.70 192.53 12.53 -0.30
0.00 657.44
911.90 15.64 14.70 14.13 329.15 196.62 13.58 -0.10
5.00 876.46
886.20 14.54 13.77 13.28 329.76 212.01 16.49 0.10
18.00 1119.27
857.50 14.04 12.71 11.87 330.52 226.68 18.69 0.30
3.00 1398.03
825.70 12.24 11.86 11.58 332.61 233.59 19.31 0.40
14.00 1716.69
790.90 10.04 10.00 9.93 332.16 239.70 20.03 0.30
93.00 2077.20
753.10 8.54 8.12 7.80 332.47 229.86 21.10 0.20
38.00 2484.36
712.30 7.14 5.56 4.32 331.68 221.47 22.30 0.00
7.00 2944.73
668.70 5.04 -0.47 -7.34 322.89 224.66 23.21 -0.10
0.00 3462.68
622.10 2.54 -6.09 -31.83 317.33 240.75 22.26 -0.10
0.00 4048.91
573.20 -1.46 -8.92 -33.17 320.06 246.12 25.91 -0.10
0.00 4704.93
525.80 -5.86 -12.00 -33.10 322.88 245.41 25.21 -0.10
0.00 5385.98
483.10 -10.36 -15.55 -38.02 324.68 254.40 22.38 -0.10
0.00 6043.22
445.00 -15.66 -19.73 -43.17 325.27 256.36 20.59 0.00
0.00 6668.85
410.70 -20.66 -23.76 -46.08 326.20 246.34 18.88 0.00
0.00 7267.61
379.70 -25.06 -27.52 -51.28 327.55 236.18 24.09 -0.10
0.00 7842.63
351.80 -29.16 -31.05 -52.93 329.19 227.44 29.00 -0.10
0.00 8392.30
326.80 -32.56 -34.09 -55.93 331.43 228.95 29.88 0.00
0.00 8915.12
304.20 -35.46 -36.75 -59.75 334.13 231.16 29.43 0.10
0.00 9416.77
284.00 -38.86 -39.87 -62.51 335.83 230.61 30.92 0.10
0.00 9891.42
265.80 -42.16 -42.95 -66.03 337.39 231.18 31.92 0.10
0.00 10342.44
248.90 -45.46 -46.05 -66.51 338.87 226.30 30.36 0.00
0.00 10783.44
233.60 -48.46 -48.91 -66.97 340.52 213.24 27.64 0.00
0.00 11203.49
219.60 -50.96 -51.31 -67.41 342.73 212.86 26.13 0.00
0.00 11607.70
205.70 -53.16 -53.44 -67.88 345.73 214.46 24.03 0.00
0.00 12030.88
191.70 -55.46 -55.68 -68.39 349.08 212.51 23.50 0.00
0.00 12482.41
177.70 -57.16 -57.38 -73.70 353.89 216.50 24.16 0.00
0.00 12963.75
163.80 -59.56 -59.73 -74.24 358.20 216.20 23.35 0.00
0.00 13475.85
149.80 -62.66 -9999.00 -9999.00 -9999.00 211.52 24.15 0.00
0.00 14030.39
135.90 -65.36 -9999.00 -9999.00 -9999.00 223.47 25.70 0.00
0.00 14626.55
121.90 -66.56 -9999.00 -9999.00 -9999.00 231.65 22.53 0.00
0.00 15285.90
108.00 -68.26 -9999.00 -9999.00 -9999.00 222.22 14.16 0.00
0.00 16015.02
94.00 -70.06 -9999.00 -9999.00 -9999.00 199.59 12.16 0.00
0.00 16844.02
81.00 -69.06 -9999.00 -9999.00 -9999.00 187.33 13.71 0.00
0.00 17731.04
70.60 -67.16 -9999.00 -9999.00 -9999.00 185.19 12.88 0.00
0.00 18555.81
62.20 -65.46 -9999.00 -9999.00 -9999.00 144.16 4.31 0.00
0.00 19322.76
54.30 -65.96 -9999.00 -9999.00 -9999.00 93.95 11.29 0.00
0.00 20147.53
46.90 -65.76 -9999.00 -9999.00 -9999.00 80.39 12.80 0.00
0.00 21036.49
40.10 -64.26 -9999.00 -9999.00 -9999.00 70.23 13.21 0.00
0.00 21990.83
33.80 -62.86 -9999.00 -9999.00 -9999.00 47.35 10.04 0.00
0.00 23039.40
27.80 -61.56 -9999.00 -9999.00 -9999.00 3.73 8.95 0.00
0.00 24246.05
22.30 -58.76 -9999.00 -9999.00 -9999.00 2.05 5.44 0.00
0.00 25620.44
17.10 -53.66 -9999.00 -9999.00 -9999.00 212.62 5.77 0.00
0.00 27306.46
12.30 -48.36 -9999.00 -9999.00 -9999.00 219.38 16.84 0.00
0.00 29448.85

STID = KILM STNM = 723013 TIME = 221026/1900 
SLAT = 34.27 SLON = -77.90 SELV = 6.0
STIM = 7

SHOW = 2.90 LIFT = 2.70 SWET = 282.69 KINX = 24.46
LCLP = 918.24 PWAT = 34.47 TOTL = 41.86 CAPE = 0.00
LCLT = 288.89 CINS = 0.00 EQLV = -9999.00 LFCT = -9999.00
BRCH = 0.00

PRES TMPC TMWC DWPC THTE DRCT SKNT OMEG
CFRL HGHT
1008.00 23.54 19.34 17.21 331.96 180.00 7.19 0.00
0.00 16.41
1005.10 23.04 19.09 17.07 331.45 180.00 9.13 -0.10
0.00 41.60
999.50 22.54 18.83 16.93 331.29 180.00 10.10 -0.10
0.00 90.35
989.90 21.64 18.41 16.73 331.08 180.00 10.88 -0.20
0.00 174.37
975.80 20.44 17.84 16.47 331.00 180.00 11.65 -0.20
0.00 298.82
957.60 19.04 17.08 16.02 330.85 183.47 12.84 -0.10
0.00 461.41
935.90 17.54 15.97 15.07 330.02 189.71 14.98 0.00
0.00 658.35
912.20 15.84 14.69 14.00 329.08 196.76 16.84 0.20
7.00 877.45
886.50 15.04 13.54 12.62 328.97 208.47 18.34 0.30
7.00 1120.43
857.70 14.24 12.29 11.05 329.14 221.53 18.16 0.30
0.00 1400.33
826.00 12.54 11.97 11.58 332.92 225.00 17.31 0.40
2.00 1718.12
791.20 10.54 10.48 10.39 333.62 232.93 21.91 0.40
90.00 2079.04
753.30 7.94 7.87 7.77 331.66 230.62 26.63 0.30
73.00 2487.11
712.50 7.44 4.68 2.37 329.14 224.09 25.97 0.10
2.00 2946.97
668.80 5.44 -1.90 -13.58 319.29 226.64 24.05 0.00
0.00 3466.30
622.30 2.24 -6.39 -34.24 316.64 240.26 21.93 0.00
0.00 4050.99
573.30 -1.56 -8.99 -33.42 319.89 244.59 25.80 0.00
0.00 4707.69
525.90 -5.56 -11.79 -32.87 323.26 247.38 25.25 0.00
0.00 5388.87
483.20 -10.36 -15.61 -39.41 324.51 258.49 21.41 0.00
0.00 6046.35
445.00 -15.76 -19.82 -43.68 325.11 252.26 20.40 0.00
0.00 6673.42
410.70 -20.76 -23.84 -46.08 326.07 240.45 21.66 -0.10
0.00 7271.94
379.70 -25.36 -27.70 -48.78 327.27 234.90 26.36 -0.10
0.00 7846.51
351.80 -29.16 -31.05 -52.93 329.19 232.22 29.49 -0.10
0.00 8395.85
326.80 -32.46 -34.02 -57.41 331.53 237.36 29.53 0.00
0.00 8918.77
304.20 -36.06 -37.28 -59.75 333.28 238.19 29.49 0.10
0.00 9419.90
284.00 -39.56 -40.50 -62.51 334.83 237.53 30.40 0.10
0.00 9893.24
265.80 -42.86 -43.59 -66.03 336.36 236.51 30.98 0.10
0.00 10342.90
248.90 -45.86 -46.43 -66.51 338.27 233.36 29.29 0.10
0.00 10782.85
233.60 -48.36 -48.81 -66.97 340.67 225.00 24.46 0.10
0.00 11202.62
219.60 -51.16 -51.50 -67.41 342.42 210.88 24.22 0.10
0.00 11606.74
205.70 -52.86 -53.18 -72.71 346.16 217.57 25.49 0.00
0.00 12030.01
191.70 -54.46 -54.74 -73.19 350.64 222.54 25.56 0.00
0.00 12482.88
177.70 -56.96 -57.18 -73.70 354.22 221.99 26.13 -0.10
0.00 12965.56
163.80 -59.86 -60.02 -74.24 357.70 220.33 27.02 -0.10
0.00 13477.54
149.80 -62.96 -9999.00 -9999.00 -9999.00 218.53 26.83 0.00
0.00 14031.29
135.90 -65.56 -9999.00 -9999.00 -9999.00 225.00 25.82 0.00
0.00 14626.73
121.90 -66.96 -9999.00 -9999.00 -9999.00 229.56 22.46 0.00
0.00 15285.13
108.00 -68.26 -9999.00 -9999.00 -9999.00 216.44 15.70 0.00
0.00 16013.54
94.00 -69.96 -9999.00 -9999.00 -9999.00 197.68 14.06 0.00
0.00 16842.74
81.00 -68.26 -9999.00 -9999.00 -9999.00 191.74 15.27 0.00
0.00 17731.73
70.60 -65.86 -9999.00 -9999.00 -9999.00 188.39 11.99 0.00
0.00 18560.71
62.20 -64.76 -9999.00 -9999.00 -9999.00 107.93 6.93 0.00
0.00 19331.38
54.30 -65.96 -9999.00 -9999.00 -9999.00 98.13 12.35 0.00
0.00 20157.54
46.90 -65.36 -9999.00 -9999.00 -9999.00 85.16 11.50 0.00
0.00 21047.35
40.10 -64.36 -9999.00 -9999.00 -9999.00 71.57 7.98 0.00
0.00 22002.38
33.80 -63.26 -9999.00 -9999.00 -9999.00 6.71 6.64 0.00
0.00 23049.70
27.80 -61.86 -9999.00 -9999.00 -9999.00 5.31 8.39 0.00
0.00 24254.35
22.30 -58.36 -9999.00 -9999.00 -9999.00 109.29 4.12 0.00
0.00 25629.07
17.10 -53.56 -9999.00 -9999.00 -9999.00 198.43 9.21 0.00
0.00 27317.02
12.30 -47.46 -9999.00 -9999.00 -9999.00 242.80 23.37 0.00
0.00 29464.23

STID = KILM STNM = 723013 TIME = 221026/2000 
SLAT = 34.27 SLON = -77.90 SELV = 6.0
STIM = 8

SHOW = 2.84 LIFT = 2.61 SWET = 290.89 KINX = 25.45
LCLP = 931.18 PWAT = 34.50 TOTL = 42.00 CAPE = 2.24
LCLT = 289.57 CINS = -385.62 EQLV = 375.29 LFCT = 412.28
BRCH = 0.07

PRES TMPC TMWC DWPC THTE DRCT SKNT OMEG
CFRL HGHT
1007.90 23.04 19.46 17.67 332.45 173.29 6.64 0.00
0.00 16.40
1004.90 22.64 19.26 17.55 332.11 172.23 8.62 0.00
0.00 42.42
999.40 22.14 19.00 17.41 331.94 173.16 9.79 -0.10
0.00 90.26
989.80 21.34 18.61 17.21 331.84 172.75 10.76 -0.10
0.00 174.21
975.70 20.24 18.05 16.90 331.76 175.31 11.89 -0.10
0.00 298.59
957.50 19.04 17.24 16.27 331.43 184.13 16.16 -0.10
0.00 461.17
935.80 17.84 15.84 14.71 329.61 190.73 18.78 0.00
0.00 658.22
912.10 16.24 14.36 13.23 327.99 195.64 20.16 0.00
2.00 877.56
886.40 15.54 13.40 12.09 328.53 204.02 19.56 0.00
0.00 1120.88
857.70 14.44 12.39 11.10 329.47 217.76 17.44 0.00
0.00 1400.14
825.90 12.44 11.68 11.18 332.01 221.85 17.46 0.00
0.00 1718.98
791.10 10.84 10.66 10.50 334.21 225.35 22.40 0.10
51.00 2080.05
753.30 8.34 8.27 8.18 332.89 228.37 28.07 0.20
100.00 2487.61
712.50 6.74 4.82 3.24 329.54 230.58 29.68 0.10
3.00 2947.32
668.80 5.34 -2.16 -14.60 318.66 226.78 22.13 -0.10
0.00 3465.94
622.30 2.64 -6.24 -36.20 316.88 242.99 22.24 -0.10
0.00 4050.91
573.30 -1.46 -8.86 -32.21 320.18 246.12 25.91 -0.10
0.00 4708.21
525.90 -5.36 -11.70 -33.33 323.43 251.14 24.63 0.00
0.00 5389.78
483.20 -10.56 -15.77 -39.79 324.23 258.40 22.20 0.00
0.00 6047.24
445.00 -15.86 -19.86 -42.69 325.06 248.02 22.82 -0.10
0.00 6673.96
410.70 -20.86 -23.89 -45.50 325.98 240.14 24.18 -0.20
0.00 7272.25
379.70 -25.36 -27.70 -48.78 327.27 235.73 26.55 -0.10
0.00 7846.71
351.80 -28.86 -30.82 -54.05 329.56 241.81 27.54 -0.10
0.00 8396.38
326.80 -32.56 -34.11 -57.41 331.39 246.32 27.56 0.10
0.00 8919.52
304.20 -36.36 -37.56 -61.98 332.82 243.94 29.62 0.20
0.00 9420.23
284.00 -40.06 -40.95 -62.51 334.11 243.75 31.20 0.20
0.00 9892.76
265.80 -43.46 -44.15 -66.03 335.49 240.21 32.46 0.20
0.00 10341.35
248.80 -46.46 -46.99 -66.51 337.42 238.19 29.49 0.10
0.00 10782.83
233.60 -48.46 -48.91 -66.97 340.52 234.69 22.84 0.00
0.00 11199.29
219.60 -50.76 -51.14 -72.27 342.99 222.24 19.93 0.00
0.00 11603.69
205.70 -52.86 -53.18 -72.71 346.16 221.32 23.54 0.00
0.00 12027.34
191.70 -54.26 -54.55 -73.19 350.96 228.53 29.04 0.00
0.00 12480.42
177.70 -56.76 -56.99 -73.70 354.55 231.74 30.42 0.00
0.00 12963.54
163.80 -59.96 -60.12 -74.24 357.53 225.30 26.24 0.00
0.00 13475.63
149.80 -63.46 -63.56 -74.84 360.75 216.70 26.65 0.00
0.00 14028.61
135.90 -65.46 -9999.00 -9999.00 -9999.00 224.14 27.33 0.00
0.00 14623.48
121.90 -66.46 -9999.00 -9999.00 -9999.00 226.04 22.67 0.00
0.00 15282.83
108.00 -67.96 -9999.00 -9999.00 -9999.00 212.70 18.71 0.00
0.00 16012.66
94.00 -69.46 -9999.00 -9999.00 -9999.00 205.96 16.41 0.00
0.00 16843.49
81.00 -67.66 -9999.00 -9999.00 -9999.00 208.91 14.86 0.00
0.00 17734.87
70.60 -65.46 -9999.00 -9999.00 -9999.00 208.93 8.43 0.00
0.00 18565.87
62.20 -65.36 -9999.00 -9999.00 -9999.00 95.44 8.20 0.00
0.00 19336.16
54.30 -66.66 -9999.00 -9999.00 -9999.00 94.61 12.08 0.00
0.00 20159.74
46.90 -65.46 -9999.00 -9999.00 -9999.00 84.88 13.07 0.00
0.00 21047.83
40.10 -64.26 -9999.00 -9999.00 -9999.00 69.62 7.25 0.00
0.00 22002.87
33.80 -63.46 -9999.00 -9999.00 -9999.00 14.93 6.02 0.00
0.00 23049.93
27.80 -61.06 -9999.00 -9999.00 -9999.00 74.98 8.24 0.00
0.00 24256.30
22.30 -56.86 -9999.00 -9999.00 -9999.00 140.04 9.38 0.00
0.00 25638.44
17.10 -52.16 -9999.00 -9999.00 -9999.00 242.39 14.26 0.00
0.00 27337.66
12.30 -47.06 -9999.00 -9999.00 -9999.00 250.95 28.57 0.00
0.00 29493.55

STID = KILM STNM = 723013 TIME = 221026/2100 
SLAT = 34.27 SLON = -77.90 SELV = 6.0
STIM = 9

SHOW = 0.85 LIFT = 2.34 SWET = 330.53 KINX = 27.21
LCLP = 942.52 PWAT = 34.91 TOTL = 44.26 CAPE = 17.32
LCLT = 290.23 CINS = -306.15 EQLV = 362.80 LFCT = 442.11
BRCH = 0.66

PRES TMPC TMWC DWPC THTE DRCT SKNT OMEG
CFRL HGHT
1007.20 22.64 19.63 18.14 333.19 174.47 6.04 0.00
0.00 16.39
1004.30 22.44 19.51 18.05 333.14 173.37 8.41 0.00
0.00 41.54
998.70 22.04 19.29 17.91 333.09 174.40 9.95 -0.10
0.00 90.27
989.10 21.24 18.87 17.67 332.90 177.14 11.67 -0.20
0.00 174.27
975.00 20.24 18.30 17.29 332.77 180.00 13.79 -0.20
0.00 298.75
956.90 19.14 17.27 16.26 331.61 187.43 18.03 -0.30
0.00 460.59
935.20 17.74 15.78 14.67 329.49 190.55 20.16 -0.30
0.00 657.76
911.50 16.54 13.77 12.05 326.14 191.51 21.41 -0.30
0.00 877.26
885.80 15.54 13.87 12.86 330.14 195.87 20.59 -0.20
0.00 1120.85
857.10 14.14 13.63 13.29 333.64 204.54 19.64 -0.10
0.00 1400.33
825.40 12.54 12.45 12.34 334.60 217.73 20.63 0.00
95.00 1718.49
790.60 10.24 10.21 10.14 332.85 233.56 25.84 0.20
98.00 2079.53
752.70 8.34 7.65 7.13 331.11 229.81 26.18 0.30
93.00 2487.93
712.00 6.04 4.49 3.19 328.71 224.64 21.56 0.20
89.00 2946.19
668.40 5.84 -2.41 -17.45 318.04 227.59 21.31 -0.10
0.00 3463.71
622.00 2.84 -5.91 -31.83 317.69 245.16 23.12 -0.30
0.00 4048.44
573.10 -1.16 -8.65 -31.76 320.64 246.68 24.53 -0.40
0.00 4705.30
525.70 -5.56 -11.84 -33.57 323.19 248.54 24.42 -0.30
0.00 5387.24
483.00 -10.86 -15.90 -38.35 324.04 251.14 24.63 -0.20
0.00 6044.36
444.90 -16.06 -19.93 -40.97 324.98 246.80 25.16 -0.20
0.00 6669.05
410.60 -20.96 -23.95 -44.94 325.91 240.31 25.49 -0.20
0.00 7267.13
379.60 -25.06 -27.50 -50.37 327.61 243.06 26.59 -0.10
0.00 7841.96
351.80 -28.96 -30.92 -55.33 329.38 248.77 25.21 0.00
0.00 8389.96
326.80 -32.96 -34.45 -57.41 330.84 246.97 25.33 0.10
0.00 8912.55
304.20 -36.66 -37.83 -61.98 332.40 248.79 27.91 0.10
0.00 9412.52
284.00 -40.56 -41.41 -62.51 333.40 246.33 30.96 0.20
0.00 9884.26
265.80 -44.26 -44.89 -66.03 334.32 243.13 32.67 0.20
0.00 10331.59
248.80 -46.86 -47.36 -66.51 336.82 242.22 28.77 0.10
0.00 10771.91
233.60 -48.36 -48.81 -66.97 340.67 236.73 22.30 0.00
0.00 11188.09
219.60 -50.46 -50.83 -67.41 343.50 225.41 19.09 -0.10
0.00 11592.85
205.70 -52.76 -53.08 -72.71 346.32 223.55 21.72 -0.10
0.00 12016.89
191.70 -54.96 -55.22 -73.19 349.83 227.08 26.53 0.00
0.00 12469.34
177.70 -57.56 -57.76 -73.70 353.24 229.61 29.08 0.00
0.00 12950.80
163.80 -60.26 -60.41 -74.24 357.03 227.86 27.51 0.00
0.00 13461.58
149.80 -62.86 -9999.00 -9999.00 -9999.00 218.66 26.13 0.00
0.00 14014.95
135.90 -64.76 -9999.00 -9999.00 -9999.00 223.23 26.65 0.00
0.00 14611.67
121.90 -66.26 -9999.00 -9999.00 -9999.00 229.50 24.53 0.00
0.00 15272.45
108.00 -68.06 -9999.00 -9999.00 -9999.00 214.00 20.14 0.00
0.00 16002.46
94.00 -69.46 -9999.00 -9999.00 -9999.00 206.88 15.89 0.00
0.00 16833.08
81.00 -67.66 -9999.00 -9999.00 -9999.00 206.15 11.91 0.00
0.00 17724.47
70.60 -65.66 -9999.00 -9999.00 -9999.00 177.14 3.88 0.00
0.00 18555.06
62.20 -66.46 -9999.00 -9999.00 -9999.00 104.04 12.00 0.00
0.00 19322.94
54.30 -66.86 -9999.00 -9999.00 -9999.00 100.56 11.65 0.00
0.00 20143.94
46.90 -65.26 -9999.00 -9999.00 -9999.00 90.86 13.01 0.00
0.00 21032.03
40.10 -63.86 -9999.00 -9999.00 -9999.00 72.18 5.71 0.00
0.00 21988.44
33.80 -63.56 -9999.00 -9999.00 -9999.00 45.00 4.39 0.00
0.00 23036.26
27.80 -62.16 -9999.00 -9999.00 -9999.00 110.56 6.64 0.00
0.00 24239.19
22.30 -57.76 -9999.00 -9999.00 -9999.00 202.48 6.10 0.00
0.00 25614.88
17.10 -51.26 -9999.00 -9999.00 -9999.00 263.57 13.87 0.00
0.00 27314.10
12.30 -46.36 -9999.00 -9999.00 -9999.00 249.00 23.31 0.00
0.00 29477.71

STID = KILM STNM = 723013 TIME = 221026/2200 
SLAT = 34.27 SLON = -77.90 SELV = 6.0
STIM = 10

SHOW = 0.08 LIFT = 2.86 SWET = 322.15 KINX = 18.60
LCLP = 943.66 PWAT = 32.73 TOTL = 45.21 CAPE = 5.55
LCLT = 290.36 CINS = -57.28 EQLV = 409.61 LFCT = 796.66
BRCH = 0.26

PRES TMPC TMWC DWPC THTE DRCT SKNT OMEG
CFRL HGHT
1008.10 22.74 19.74 18.26 333.48 184.76 4.68 0.00
0.00 15.52
1005.10 22.64 19.61 18.11 333.40 185.86 7.61 0.00
0.00 41.53
999.50 22.24 19.34 17.89 333.17 186.98 9.60 -0.10
0.00 90.26
990.00 21.64 18.91 17.53 332.91 189.31 12.00 -0.20
0.00 173.39
975.80 20.54 18.17 16.93 332.17 191.46 14.67 -0.30
0.00 298.77
957.70 19.24 16.98 15.74 330.45 194.04 17.62 -0.40
0.00 460.55
936.00 18.14 14.88 12.93 326.36 195.95 19.79 -0.40
0.00 657.63
912.30 16.94 13.49 11.30 325.13 196.39 20.65 -0.40
0.00 877.13
886.60 15.54 13.44 12.15 328.62 197.22 20.34 -0.30
0.00 1120.60
857.80 14.24 14.06 13.91 335.02 211.35 19.79 -0.30
0.00 1400.86
826.00 13.14 13.05 12.95 336.56 223.85 20.47 -0.10
100.00 1720.26
791.10 9.64 9.58 9.49 330.80 227.94 24.07 0.00
100.00 2082.09
753.30 7.54 7.12 6.77 329.44 221.92 25.58 0.10
43.00 2488.03
712.50 7.34 2.18 -3.36 322.41 220.04 23.85 0.20
39.00 2947.09
668.90 6.44 -3.38 -29.70 315.43 231.61 19.08 0.10
0.00 3465.44
622.40 2.94 -5.65 -28.85 318.24 251.71 24.75 0.00
0.00 4051.61
573.40 -0.86 -8.55 -33.17 320.73 250.16 27.47 -0.20
0.00 4709.93
525.90 -5.56 -12.01 -36.55 322.76 249.15 26.18 -0.20
0.00 5393.35
483.20 -10.96 -15.94 -37.70 323.95 246.04 24.86 -0.10
0.00 6050.06
445.10 -16.26 -20.02 -39.84 324.79 247.48 25.87 0.00
0.00 6674.13
410.80 -20.66 -23.76 -46.08 326.17 250.77 26.53 0.10
0.00 7272.05
379.70 -24.76 -27.32 -53.41 327.86 252.11 25.93 0.20
0.00 7849.20
351.90 -29.06 -31.00 -55.33 329.22 248.77 25.21 0.20
0.00 8397.26
326.80 -32.96 -34.45 -57.41 330.84 242.86 25.97 0.10
0.00 8921.77
304.20 -36.86 -37.98 -59.75 332.16 243.62 26.67 0.10
0.00 9421.53
284.00 -40.86 -41.68 -62.51 332.97 241.36 28.77 0.10
0.00 9892.76
265.80 -44.66 -45.24 -63.01 333.78 239.29 30.05 0.10
0.00 10339.41
248.90 -46.96 -47.46 -66.51 336.63 239.04 27.18 0.10
0.00 10776.58
233.60 -48.16 -48.62 -66.97 340.97 232.50 21.06 0.00
0.00 11195.51
219.60 -50.16 -50.57 -72.27 343.92 221.03 19.83 0.00
0.00 11600.72
205.70 -52.46 -52.80 -72.71 346.79 222.88 22.26 0.00
0.00 12025.33
191.70 -55.16 -55.42 -73.19 349.51 229.30 25.62 -0.10
0.00 12477.89
177.70 -57.86 -58.06 -73.70 352.75 231.34 27.37 0.00
0.00 12958.79
163.80 -60.46 -60.61 -74.24 356.69 228.07 28.21 0.00
0.00 13468.98
149.80 -62.56 -9999.00 -9999.00 -9999.00 225.27 28.98 0.00
0.00 14022.47
135.90 -64.66 -9999.00 -9999.00 -9999.00 234.98 30.13 -0.10
0.00 14619.76
121.90 -66.86 -9999.00 -9999.00 -9999.00 237.32 24.46 -0.10
0.00 15279.75
108.00 -68.86 -9999.00 -9999.00 -9999.00 218.40 20.32 0.00
0.00 16007.27
94.00 -69.86 -9999.00 -9999.00 -9999.00 210.70 14.45 0.00
0.00 16835.46
81.00 -68.06 -9999.00 -9999.00 -9999.00 206.57 9.56 0.00
0.00 17725.10
70.60 -66.16 -9999.00 -9999.00 -9999.00 125.84 4.31 0.00
0.00 18553.89
62.20 -66.76 -9999.00 -9999.00 -9999.00 113.78 12.53 0.00
0.00 19320.28
54.30 -65.46 -9999.00 -9999.00 -9999.00 104.74 11.44 0.00
0.00 20143.47
46.90 -64.26 -9999.00 -9999.00 -9999.00 98.75 10.22 0.00
0.00 21036.71
40.10 -63.26 -9999.00 -9999.00 -9999.00 41.63 2.33 0.00
0.00 21996.78
33.80 -63.56 -9999.00 -9999.00 -9999.00 75.96 3.21 0.00
0.00 23046.10
27.80 -61.76 -9999.00 -9999.00 -9999.00 180.00 3.11 0.00
0.00 24250.18
22.30 -57.46 -9999.00 -9999.00 -9999.00 263.88 10.94 0.00
0.00 25628.12
17.10 -51.96 -9999.00 -9999.00 -9999.00 270.00 10.68 0.00
0.00 27325.79
12.30 -46.46 -9999.00 -9999.00 -9999.00 256.14 15.40 0.00
0.00 29485.54

STID = KILM STNM = 723013 TIME = 221026/2300 
SLAT = 34.27 SLON = -77.90 SELV = 6.0
STIM = 11

SHOW = 0.14 LIFT = 2.82 SWET = 309.03 KINX = 6.17
LCLP = 950.79 PWAT = 29.72 TOTL = 45.28 CAPE = 1.00
LCLT = 290.38 CINS = -64.79 EQLV = 780.07 LFCT = 801.74
BRCH = 0.06

PRES TMPC TMWC DWPC THTE DRCT SKNT OMEG
CFRL HGHT
1009.50 22.24 19.53 18.18 332.51 176.63 3.30 0.00
0.00 14.63
1006.40 22.44 19.40 17.88 332.45 188.97 7.48 0.00
0.00 41.44
1000.80 22.24 19.19 17.65 332.43 192.91 9.56 0.00
0.00 90.08
991.30 21.54 18.80 17.41 332.34 194.83 13.66 0.00
0.00 173.08
977.10 20.54 18.15 16.91 331.95 196.96 16.65 0.00
0.00 298.27
958.90 19.54 16.66 15.06 329.18 201.12 18.32 0.00
0.00 460.79
937.20 18.64 14.92 12.67 326.28 203.28 18.18 0.00
0.00 657.85
913.40 17.44 13.65 11.25 325.47 200.49 18.86 0.00
0.00 878.37
887.70 15.84 13.79 12.56 329.62 204.98 18.86 -0.10
0.00 1121.89
858.80 14.34 14.18 14.03 335.26 222.08 18.84 -0.10
3.00 1403.01
826.90 12.24 12.14 12.03 333.35 223.76 19.09 -0.20
81.00 1722.54
792.00 9.44 9.40 9.32 330.10 220.89 24.92 -0.30
100.00 2083.19
754.20 8.44 4.00 -0.34 320.69 215.88 26.85 -0.10
2.00 2488.74
713.40 7.94 -1.32 -19.80 313.42 225.62 25.27 -0.10
0.00 2947.59
669.80 6.34 -3.40 -29.26 315.26 234.34 20.32 -0.10
0.00 3465.25
623.10 2.84 -5.79 -30.02 317.81 257.22 23.70 -0.30
0.00 4052.99
574.00 -0.86 -8.62 -34.48 320.46 253.94 26.69 -0.40
0.00 4711.79
526.40 -5.86 -12.15 -35.64 322.42 251.85 24.94 -0.40
0.00 5395.58
483.60 -11.06 -15.97 -37.07 323.83 250.56 24.51 -0.20
0.00 6052.76
445.30 -16.26 -20.05 -40.58 324.68 247.86 24.75 -0.10
0.00 6679.58
411.00 -20.56 -23.72 -47.36 326.18 250.41 24.34 0.00
0.00 7277.34
379.90 -24.96 -27.46 -52.28 327.59 251.57 25.19 0.20
0.00 7854.08
352.00 -29.26 -31.15 -54.05 328.96 243.07 27.02 0.20
0.00 8403.44
326.90 -33.16 -34.60 -55.93 330.58 239.39 27.08 0.10
0.00 8927.36
304.30 -37.06 -38.16 -59.75 331.85 238.53 26.42 0.10
0.00 9426.55
284.00 -41.16 -41.93 -60.29 332.58 237.24 26.57 0.10
0.00 9899.53
265.80 -44.66 -45.24 -63.01 333.78 234.94 27.06 0.10
0.00 10345.90
248.90 -46.76 -47.27 -66.51 336.93 237.03 25.70 0.10
0.00 10783.25
233.60 -47.86 -48.34 -66.97 341.43 234.58 21.45 0.00
0.00 11202.64
219.60 -49.86 -50.26 -67.41 344.43 225.40 19.64 -0.10
0.00 11608.40
205.70 -52.36 -52.70 -72.71 346.95 227.90 21.74 -0.10
0.00 12033.39
191.70 -55.16 -55.42 -73.19 349.51 232.05 24.63 -0.10
0.00 12486.05
177.70 -57.76 -57.96 -73.70 352.91 232.20 26.30 0.00
0.00 12967.06
163.80 -60.16 -60.32 -74.24 357.19 229.44 28.38 0.00
0.00 13477.73
149.80 -63.16 -9999.00 -9999.00 -9999.00 230.46 31.74 0.10
0.00 14030.83
135.90 -65.06 -9999.00 -9999.00 -9999.00 240.09 32.71 0.10
0.00 14626.70
121.90 -66.56 -9999.00 -9999.00 -9999.00 244.06 23.97 0.00
0.00 15286.53
108.00 -68.96 -9999.00 -9999.00 -9999.00 214.95 19.68 0.00
0.00 16014.41
94.00 -69.86 -9999.00 -9999.00 -9999.00 212.74 16.16 0.00
0.00 16842.39
81.00 -67.66 -9999.00 -9999.00 -9999.00 208.07 9.91 0.00
0.00 17732.91
70.60 -66.36 -9999.00 -9999.00 -9999.00 143.62 4.58 0.00
0.00 18562.09
62.20 -66.86 -9999.00 -9999.00 -9999.00 124.00 10.08 0.00
0.00 19327.93
54.30 -65.26 -9999.00 -9999.00 -9999.00 102.26 9.15 0.00
0.00 20151.32
46.90 -64.46 -9999.00 -9999.00 -9999.00 91.68 6.60 0.00
0.00 21044.56
40.10 -64.26 -9999.00 -9999.00 -9999.00 12.53 3.57 0.00
0.00 22001.88
33.80 -64.76 -9999.00 -9999.00 -9999.00 107.10 2.64 0.00
0.00 23045.70
27.80 -61.16 -9999.00 -9999.00 -9999.00 207.35 6.33 0.00
0.00 24248.06
22.30 -56.46 -9999.00 -9999.00 -9999.00 263.93 9.19 0.00
0.00 25631.16
17.10 -53.56 -9999.00 -9999.00 -9999.00 271.74 6.41 0.00
0.00 27326.50
12.30 -48.26 -9999.00 -9999.00 -9999.00 256.76 13.58 0.00
0.00 29469.86

STID = KILM STNM = 723013 TIME = 221027/0000 
SLAT = 34.27 SLON = -77.90 SELV = 6.0
STIM = 12

SHOW = 0.42 LIFT = 1.68 SWET = 316.47 KINX = -0.16
LCLP = 961.16 PWAT = 31.28 TOTL = 45.04 CAPE = 35.80
LCLT = 290.78 CINS = -38.53 EQLV = 344.40 LFCT = 823.46
BRCH = 3.95

PRES TMPC TMWC DWPC THTE DRCT SKNT OMEG
CFRL HGHT
1010.80 21.84 19.57 18.43 332.47 199.44 3.50 0.00
0.00 15.47
1007.70 22.14 19.59 18.32 332.97 204.34 8.95 0.00
0.00 42.22
1002.20 21.94 19.50 18.28 333.39 205.20 10.96 0.00
0.00 89.88
992.60 21.24 19.22 18.21 333.72 205.31 15.91 0.00
0.00 173.59
978.40 20.44 18.47 17.45 332.91 207.11 18.34 -0.10
0.00 298.57
960.20 19.44 17.19 15.98 330.87 213.86 18.47 -0.10
0.00 460.87
938.40 18.34 15.79 14.33 329.04 219.29 16.57 -0.10
0.00 658.55
914.60 17.24 14.57 12.98 328.31 216.61 16.94 0.00
0.00 878.74
888.80 15.64 14.45 13.75 331.67 214.61 16.76 0.20
0.00 1122.87
859.80 13.94 13.86 13.76 334.02 216.59 15.97 0.30
36.00 1404.38
827.90 12.04 11.97 11.88 332.64 216.22 17.09 0.20
100.00 1723.17
792.90 9.14 9.11 9.03 329.07 214.38 22.36 0.30
93.00 2084.07
754.90 7.14 5.18 3.51 323.76 218.16 24.20 0.30
7.00 2490.37
714.10 8.64 -1.87 -30.89 311.75 231.95 22.69 0.10
0.00 2948.41
670.40 5.94 -3.00 -22.28 316.24 239.04 19.25 -0.10
0.00 3467.00
623.60 2.94 -5.64 -28.83 318.06 261.59 22.57 -0.30
0.00 4055.27
574.40 -0.96 -8.58 -32.66 320.53 257.37 24.88 -0.30
0.00 4714.95
526.70 -6.06 -12.32 -36.53 322.01 253.99 23.23 -0.30
0.00 5399.37
483.80 -11.26 -16.17 -38.34 323.39 254.83 23.76 -0.10
0.00 6057.25
445.50 -16.06 -20.00 -42.68 324.70 253.56 24.71 0.00
0.00 6683.78
411.10 -20.46 -23.68 -48.84 326.21 249.06 23.91 0.10
0.00 7283.41
380.00 -25.06 -27.54 -52.28 327.43 245.04 24.86 0.20
0.00 7860.00
352.00 -29.26 -31.13 -52.93 329.01 242.00 27.72 0.30
0.00 8411.15
326.90 -33.16 -34.60 -55.93 330.58 243.79 27.72 0.30
0.00 8935.07
304.30 -37.26 -38.34 -59.75 331.57 242.68 26.24 0.30
0.00 9434.05
284.00 -41.16 -41.96 -62.51 332.54 239.62 26.13 0.20
0.00 9906.83
265.80 -44.36 -44.96 -63.01 334.22 239.25 26.22 0.10
0.00 10353.48
248.90 -46.56 -47.08 -66.51 337.23 239.97 24.46 0.00
0.00 10791.32
233.60 -47.86 -48.34 -66.97 341.43 235.10 20.38 0.00
0.00 11210.90
219.60 -49.76 -50.19 -72.27 344.53 228.32 18.98 0.00
0.00 11616.74
205.70 -52.26 -52.60 -72.71 347.10 229.17 20.80 0.00
0.00 12041.93
191.70 -54.96 -55.22 -73.19 349.83 233.60 23.89 0.00
0.00 12494.90
177.70 -57.46 -57.67 -73.70 353.40 234.22 26.57 0.00
0.00 12976.46
163.80 -59.96 -60.12 -74.24 357.53 233.65 30.15 0.00
0.00 13487.73
149.80 -62.96 -9999.00 -9999.00 -9999.00 238.39 32.61 0.10
0.00 14041.35
135.90 -65.16 -9999.00 -9999.00 -9999.00 245.18 31.47 0.10
0.00 14637.37
121.90 -66.16 -9999.00 -9999.00 -9999.00 239.53 22.98 0.00
0.00 15297.67
108.00 -68.46 -9999.00 -9999.00 -9999.00 201.90 20.30 0.00
0.00 16027.14
94.00 -69.36 -9999.00 -9999.00 -9999.00 208.38 19.21 0.00
0.00 16857.16
81.00 -67.46 -9999.00 -9999.00 -9999.00 191.31 9.91 0.00
0.00 17749.19
70.60 -66.66 -9999.00 -9999.00 -9999.00 128.88 7.73 0.00
0.00 18578.18
62.20 -67.26 -9999.00 -9999.00 -9999.00 121.16 9.75 0.00
0.00 19342.73
54.30 -65.56 -9999.00 -9999.00 -9999.00 90.00 6.22 0.00
0.00 20164.72
46.90 -64.86 -9999.00 -9999.00 -9999.00 61.39 4.88 0.00
0.00 21056.46
40.10 -64.56 -9999.00 -9999.00 -9999.00 33.69 5.59 0.00
0.00 22012.18
33.80 -63.16 -9999.00 -9999.00 -9999.00 264.29 1.94 0.00
0.00 23059.24
27.80 -59.76 -9999.00 -9999.00 -9999.00 258.69 9.91 0.00
0.00 24270.19
22.30 -57.66 -9999.00 -9999.00 -9999.00 292.25 9.23 0.00
0.00 25653.94
17.10 -54.36 -9999.00 -9999.00 -9999.00 302.01 5.50 0.00
0.00 27341.51
12.30 -47.86 -9999.00 -9999.00 -9999.00 271.55 14.37 0.00
0.00 29482.93

STID = KILM STNM = 723013 TIME = 221027/0100 
SLAT = 34.27 SLON = -77.90 SELV = 6.0
STIM = 13

SHOW = 1.30 LIFT = 0.83 SWET = 321.02 KINX = 5.16
LCLP = 976.48 PWAT = 31.63 TOTL = 44.02 CAPE = 119.21
LCLT = 291.46 CINS = -0.72 EQLV = 283.03 LFCT = 939.65
BRCH = 26.13

PRES TMPC TMWC DWPC THTE DRCT SKNT OMEG
CFRL HGHT
1010.10 21.14 19.62 18.85 332.77 229.40 3.57 0.00
0.00 15.45
1007.10 21.44 19.66 18.76 333.31 226.91 8.24 0.00
0.00 41.30
1001.50 21.24 19.54 18.68 333.65 225.76 10.30 -0.10
0.00 89.76
991.90 20.54 19.27 18.62 334.01 221.99 13.07 -0.20
0.00 173.35
977.70 19.64 18.66 18.13 333.72 218.66 14.92 -0.40
0.00 298.13
959.50 18.34 17.79 17.46 333.11 219.81 15.17 -0.50
0.00 460.11
937.70 16.94 16.74 16.57 332.45 225.00 12.92 -0.50
16.00 657.26
913.90 15.74 15.58 15.43 331.83 226.89 12.51 -0.40
19.00 876.75
888.00 15.04 14.94 14.82 333.43 224.37 12.51 -0.30
86.00 1121.33
859.20 13.84 13.53 13.30 332.98 213.69 14.01 -0.20
29.00 1400.83
827.30 12.14 10.96 10.17 329.49 209.82 18.36 -0.10
54.00 1719.70
792.40 9.04 8.11 7.40 326.21 211.14 21.79 0.00
56.00 2079.59
754.40 8.24 4.41 0.84 321.75 214.25 22.09 0.00
0.00 2486.61
713.70 8.24 -1.33 -21.22 313.29 227.94 21.46 0.00
0.00 2944.30
670.00 5.74 -3.36 -24.62 315.47 235.49 18.86 0.10
0.00 3462.71
623.30 2.74 -5.73 -28.47 317.94 256.48 20.78 0.00
0.00 4049.59
574.20 -1.16 -8.76 -33.66 320.18 259.06 23.54 0.00
0.00 4707.71
526.50 -5.96 -12.31 -37.51 322.06 260.30 23.06 -0.10
0.00 5392.24
483.70 -11.16 -16.12 -38.68 323.50 260.93 23.41 0.00
0.00 6049.02
445.40 -16.16 -20.03 -41.79 324.67 257.11 23.50 0.20
0.00 6675.69
411.00 -20.66 -23.82 -48.08 326.01 247.94 24.32 0.30
0.00 7275.11
379.90 -25.16 -27.62 -52.28 327.32 239.71 25.43 0.40
0.00 7851.51
352.00 -29.46 -31.30 -52.93 328.74 241.42 27.21 0.50
0.00 8400.43
326.90 -33.46 -34.86 -55.93 330.16 245.70 26.44 0.50
0.00 8923.81
304.30 -37.56 -38.61 -59.75 331.14 243.23 24.59 0.40
0.00 9422.15
284.00 -41.46 -42.23 -62.51 332.11 242.62 24.49 0.30
0.00 9894.33
265.80 -44.16 -44.77 -63.01 334.51 243.02 23.97 0.20
0.00 10340.88
248.90 -46.06 -46.61 -66.51 337.97 237.57 22.09 0.00
0.00 10779.39
233.60 -47.56 -48.06 -66.97 341.88 230.05 20.28 -0.10
0.00 11199.71
219.60 -49.46 -49.91 -72.27 345.00 224.60 19.91 -0.10
0.00 11606.10
205.70 -52.06 -52.41 -72.71 347.42 227.52 21.85 -0.20
0.00 12031.76
191.70 -54.76 -55.03 -73.19 350.16 234.00 25.45 -0.10
0.00 12485.15
177.70 -57.46 -57.67 -73.70 353.40 239.77 28.55 -0.10
0.00 12966.93
163.80 -60.36 -60.51 -74.24 356.86 242.01 31.45 -0.10
0.00 13477.72
149.80 -63.06 -9999.00 -9999.00 -9999.00 244.20 32.58 0.00
0.00 14030.69
135.90 -65.36 -9999.00 -9999.00 -9999.00 247.35 29.25 0.00
0.00 14626.28
121.90 -66.06 -9999.00 -9999.00 -9999.00 232.52 22.03 0.00
0.00 15286.42
108.00 -68.06 -9999.00 -9999.00 -9999.00 202.33 23.52 0.00
0.00 16016.78
94.00 -68.96 -9999.00 -9999.00 -9999.00 213.07 19.93 0.00
0.00 16848.42
81.00 -67.36 -9999.00 -9999.00 -9999.00 184.40 10.14 0.00
0.00 17741.55
70.60 -66.76 -9999.00 -9999.00 -9999.00 137.56 9.21 0.00
0.00 18570.53
62.20 -66.76 -9999.00 -9999.00 -9999.00 138.24 7.28 0.00
0.00 19335.82
54.30 -64.86 -9999.00 -9999.00 -9999.00 74.05 2.84 0.00
0.00 20160.19
46.90 -65.16 -9999.00 -9999.00 -9999.00 48.01 5.23 0.00
0.00 21052.79
40.10 -64.56 -9999.00 -9999.00 -9999.00 21.04 5.42 0.00
0.00 22007.82
33.80 -61.76 -9999.00 -9999.00 -9999.00 281.31 7.93 0.00
0.00 23058.39
27.80 -59.66 -9999.00 -9999.00 -9999.00 290.96 9.77 0.00
0.00 24273.62
22.30 -58.06 -9999.00 -9999.00 -9999.00 340.77 8.84 0.00
0.00 25656.41
17.10 -54.66 -9999.00 -9999.00 -9999.00 345.58 7.01 0.00
0.00 27341.25
12.30 -47.56 -9999.00 -9999.00 -9999.00 267.14 11.67 0.00
0.00 29482.68

STID = KILM STNM = 723013 TIME = 221027/0200 
SLAT = 34.27 SLON = -77.90 SELV = 6.0
STIM = 14

SHOW = 2.15 LIFT = 0.98 SWET = 193.16 KINX = 6.27
LCLP = 996.29 PWAT = 31.60 TOTL = 42.90 CAPE = 75.69
LCLT = 292.31 CINS = -1.09 EQLV = 289.92 LFCT = 908.26
BRCH = 9.91

PRES TMPC TMWC DWPC THTE DRCT SKNT OMEG
CFRL HGHT
1010.40 20.34 19.74 19.39 333.15 270.00 3.50 0.00
0.00 14.57
1007.40 20.14 19.59 19.27 333.02 268.36 6.80 0.00
0.00 40.32
1001.80 19.84 19.40 19.13 333.08 267.21 7.96 0.00
0.00 88.56
992.10 19.24 19.06 18.91 333.17 262.57 9.01 0.00
0.00 172.63
977.90 18.54 18.46 18.35 332.93 251.92 10.00 -0.10
58.00 296.89
959.60 17.84 17.75 17.64 332.94 240.26 10.96 -0.30
100.00 459.30
937.80 16.94 16.86 16.76 332.88 241.56 10.61 -0.40
100.00 656.28
914.00 15.94 15.85 15.74 332.76 240.52 10.26 -0.50
100.00 875.85
888.20 14.54 14.46 14.36 331.78 231.01 10.49 -0.60
100.00 1119.32
859.30 13.74 12.77 12.15 330.45 214.42 12.72 -0.60
15.00 1399.34
827.40 11.44 11.16 10.94 330.11 205.62 15.73 -0.50
39.00 1717.70
792.50 9.84 7.62 5.91 324.80 205.62 21.11 -0.40
6.00 2077.57
754.50 8.04 4.45 1.14 321.86 207.37 18.59 -0.20
0.00 2484.89
713.80 8.04 -1.03 -18.05 314.06 223.47 20.61 0.00
0.00 2942.26
670.10 5.84 -3.36 -25.21 315.44 233.13 16.51 0.00
0.00 3460.54
623.40 2.94 -5.64 -28.83 318.09 257.64 20.88 0.00
0.00 4047.63
574.20 -0.76 -8.55 -34.20 320.58 266.27 26.86 0.00
0.00 4707.76
526.60 -5.96 -12.21 -35.64 322.26 266.99 25.87 -0.10
0.00 5391.30
483.70 -10.96 -15.96 -38.34 323.78 261.94 23.54 0.00
0.00 6049.81
445.40 -15.96 -19.91 -42.23 324.89 256.30 23.80 0.00
0.00 6676.97
411.00 -20.76 -23.85 -46.70 325.96 246.57 25.41 0.10
0.00 7276.51
379.90 -25.26 -27.66 -50.37 327.27 239.62 26.13 0.20
0.00 7852.68
352.00 -29.36 -31.21 -52.93 328.87 242.26 25.47 0.20
0.00 8401.60
326.90 -33.46 -34.89 -57.41 330.12 244.26 24.15 0.20
0.00 8925.09
304.30 -37.86 -38.88 -59.75 330.72 244.68 24.07 0.20
0.00 9423.12
284.00 -41.56 -42.32 -62.51 331.96 248.77 25.21 0.10
0.00 9894.89
265.80 -44.26 -44.87 -63.01 334.36 248.70 24.59 0.00
0.00 10341.25
248.90 -46.16 -46.71 -66.51 337.82 242.51 21.46 -0.10
0.00 10779.57
233.60 -47.86 -48.34 -66.97 341.43 232.22 19.66 -0.20
0.00 11199.52
219.60 -49.86 -50.29 -72.27 344.38 225.00 20.61 -0.20
0.00 11605.27
205.70 -52.36 -52.70 -72.71 346.95 225.34 23.21 -0.20
0.00 12030.27
191.70 -55.06 -55.32 -73.19 349.67 232.54 26.18 -0.10
0.00 12483.03
177.70 -57.76 -57.96 -73.70 352.91 240.58 29.66 -0.10
0.00 12964.15
163.80 -60.56 -9999.00 -9999.00 -9999.00 246.62 32.81 0.00
0.00 13474.34
149.80 -63.46 -9999.00 -9999.00 -9999.00 252.80 34.17 0.00
0.00 14026.53
135.90 -66.06 -9999.00 -9999.00 -9999.00 254.36 30.26 0.00
0.00 14620.55
121.90 -66.86 -9999.00 -9999.00 -9999.00 235.47 21.93 0.00
0.00 15278.30
108.00 -68.66 -9999.00 -9999.00 -9999.00 210.19 24.73 0.00
0.00 16006.18
94.00 -69.36 -9999.00 -9999.00 -9999.00 215.75 17.95 0.00
0.00 16835.79
81.00 -67.66 -9999.00 -9999.00 -9999.00 192.01 9.34 0.00
0.00 17727.39
70.60 -67.36 -9999.00 -9999.00 -9999.00 152.90 9.38 0.00
0.00 18554.57
62.20 -66.66 -9999.00 -9999.00 -9999.00 151.11 6.43 0.00
0.00 19318.93
54.30 -64.46 -9999.00 -9999.00 -9999.00 93.58 6.24 0.00
0.00 20144.30
46.90 -65.16 -9999.00 -9999.00 -9999.00 82.23 8.62 0.00
0.00 21037.75
40.10 -64.26 -9999.00 -9999.00 -9999.00 4.97 4.49 0.00
0.00 21993.47
33.80 -61.86 -9999.00 -9999.00 -9999.00 305.68 9.32 0.00
0.00 23044.54
27.80 -59.86 -9999.00 -9999.00 -9999.00 336.80 7.40 0.00
0.00 24258.92
22.30 -58.56 -9999.00 -9999.00 -9999.00 28.39 8.18 0.00
0.00 25639.44
17.10 -53.66 -9999.00 -9999.00 -9999.00 345.58 7.01 0.00
0.00 27326.23
12.30 -46.86 -9999.00 -9999.00 -9999.00 249.44 11.62 0.00
0.00 29475.85

STID = KILM STNM = 723013 TIME = 221027/0300 
SLAT = 34.27 SLON = -77.90 SELV = 6.0
STIM = 15

SHOW = 2.49 LIFT = 1.51 SWET = 185.52 KINX = 1.96
LCLP = 1004.39 PWAT = 30.67 TOTL = 42.51 CAPE = 21.83
LCLT = 292.46 CINS = -0.44 EQLV = 362.30 LFCT = 926.84
BRCH = 1.55

PRES TMPC TMWC DWPC THTE DRCT SKNT OMEG
CFRL HGHT
1012.00 19.94 19.64 19.43 332.56 305.54 3.34 0.00
0.00 16.25
1009.00 19.74 19.51 19.33 332.48 302.62 5.77 0.00
0.00 41.93
1003.40 19.34 19.23 19.11 332.22 298.74 6.88 0.10
0.00 90.02
993.80 18.84 18.76 18.65 331.81 296.57 7.81 0.10
56.00 172.94
979.60 18.24 18.16 18.06 331.62 290.10 8.49 0.20
100.00 296.83
961.30 17.54 17.43 17.31 331.55 282.26 9.15 0.20
100.00 458.76
939.50 16.64 16.55 16.44 331.53 281.53 9.71 0.10
100.00 655.15
915.60 15.54 15.49 15.40 331.27 271.19 9.32 -0.10
97.00 874.94
889.70 14.04 13.95 13.84 329.84 245.22 8.35 -0.30
100.00 1118.50
860.80 13.54 12.49 11.81 329.32 212.13 9.87 -0.30
2.00 1397.65
828.70 11.34 11.14 10.97 329.86 198.71 12.72 -0.30
38.00 1717.28
793.70 9.64 7.67 6.16 324.76 194.04 20.03 -0.20
1.00 2077.45
755.80 8.34 3.84 -0.64 320.03 200.10 16.96 -0.10
0.00 2483.05
714.90 8.14 -1.59 -23.34 312.47 219.88 19.99 0.00
0.00 2942.07
671.00 5.94 -3.32 -25.50 315.36 226.01 15.66 0.00
0.00 3462.08
624.20 3.34 -5.52 -30.43 318.16 262.16 21.37 0.00
0.00 4050.18
574.90 -0.56 -8.42 -34.19 320.71 270.00 26.03 0.00
0.00 4711.52
527.10 -5.86 -12.16 -35.92 322.26 274.59 26.69 -0.10
0.00 5397.57
484.10 -11.06 -16.08 -39.39 323.47 269.56 25.06 -0.10
0.00 6057.02
445.80 -16.06 -20.01 -43.16 324.60 261.08 23.80 -0.10
0.00 6683.39
411.30 -21.06 -24.04 -45.48 325.58 252.73 24.20 0.00
0.00 7283.71
380.10 -25.36 -27.74 -50.36 327.09 244.46 24.32 0.00
0.00 7860.91
352.10 -29.36 -31.23 -54.04 328.80 242.80 23.37 0.10
0.00 8411.46
327.00 -33.56 -34.97 -57.41 329.96 244.07 23.54 0.10
0.00 8934.69
304.40 -37.96 -38.94 -57.98 330.59 250.20 25.82 0.10
0.00 9432.35
284.10 -41.66 -42.39 -60.29 331.83 251.57 24.57 0.10
0.00 9903.76
265.80 -44.26 -44.87 -63.01 334.36 251.57 22.11 0.00
0.00 10352.40
248.90 -46.26 -46.80 -66.51 337.68 248.92 19.99 0.00
0.00 10790.62
233.60 -47.96 -48.43 -66.97 341.28 237.30 18.71 -0.10
0.00 11210.38
219.60 -49.96 -50.38 -72.27 344.22 229.92 20.82 -0.10
0.00 11615.96
205.70 -52.36 -52.70 -72.71 346.95 233.50 24.16 -0.10
0.00 12040.85
191.70 -54.86 -55.13 -73.19 349.99 240.46 26.79 -0.10
0.00 12493.83
177.70 -57.46 -57.67 -73.70 353.40 243.60 31.02 0.00
0.00 12975.50
163.80 -60.16 -9999.00 -9999.00 -9999.00 248.62 34.63 0.10
0.00 13486.53
149.80 -63.06 -9999.00 -9999.00 -9999.00 255.72 33.08 0.10
0.00 14039.76
135.90 -65.76 -9999.00 -9999.00 -9999.00 259.92 26.63 0.20
0.00 14634.77
121.90 -66.96 -9999.00 -9999.00 -9999.00 237.88 19.72 0.10
0.00 15292.85
108.00 -67.96 -9999.00 -9999.00 -9999.00 213.69 21.02 0.10
0.00 16021.79
94.00 -69.16 -9999.00 -9999.00 -9999.00 215.36 14.76 0.00
0.00 16853.23
81.00 -67.76 -9999.00 -9999.00 -9999.00 177.46 8.74 0.00
0.00 17745.05
70.60 -67.56 -9999.00 -9999.00 -9999.00 156.54 11.23 0.00
0.00 18571.62
62.20 -66.26 -9999.00 -9999.00 -9999.00 145.01 7.11 0.00
0.00 19336.35
54.30 -64.66 -9999.00 -9999.00 -9999.00 105.52 10.88 0.00
0.00 20162.11
46.90 -65.06 -9999.00 -9999.00 -9999.00 93.81 8.76 0.00
0.00 21055.36
40.10 -63.76 -9999.00 -9999.00 -9999.00 9.87 4.53 0.00
0.00 22012.45
33.80 -62.56 -9999.00 -9999.00 -9999.00 353.29 6.64 0.00
0.00 23063.02
27.80 -61.06 -9999.00 -9999.00 -9999.00 31.26 6.37 0.00
0.00 24271.96
22.30 -58.76 -9999.00 -9999.00 -9999.00 23.63 6.78 0.00
0.00 25647.97
17.10 -51.56 -9999.00 -9999.00 -9999.00 335.70 6.60 0.00
0.00 27342.14
12.30 -45.96 -9999.00 -9999.00 -9999.00 229.99 14.20 0.00
0.00 29506.23

STID = KILM STNM = 723013 TIME = 221027/0400 
SLAT = 34.27 SLON = -77.90 SELV = 6.0
STIM = 16

SHOW = 2.56 LIFT = 2.50 SWET = 190.10 KINX = 2.91
LCLP = 1001.26 PWAT = 28.65 TOTL = 42.26 CAPE = 6.08
LCLT = 292.07 CINS = -4.53 EQLV = 409.09 LFCT = 909.20
BRCH = 0.26

PRES TMPC TMWC DWPC THTE DRCT SKNT OMEG
CFRL HGHT
1011.10 19.74 19.34 19.08 331.56 320.53 4.27 0.00
0.00 15.40
1008.00 19.44 19.19 19.01 331.46 316.17 6.74 0.10
0.00 41.93
1002.50 19.04 18.94 18.82 331.27 316.91 8.24 0.10
0.00 89.15
992.80 18.44 18.37 18.27 330.54 317.49 9.48 0.20
78.00 172.90
978.60 18.04 17.80 17.61 330.44 317.94 10.72 0.30
52.00 296.76
960.40 17.44 16.90 16.56 329.81 314.37 12.51 0.30
53.00 457.84
938.60 16.64 15.63 15.02 328.48 312.05 13.34 0.40
55.00 654.28
914.80 15.34 14.27 13.61 327.32 297.76 12.51 0.20
47.00 873.12
888.90 13.44 13.37 13.27 328.06 266.57 9.73 0.10
72.00 1116.43
860.00 12.74 12.46 12.24 329.35 216.12 8.90 0.00
23.00 1395.14
828.10 11.24 10.86 10.57 329.06 190.10 14.39 0.00
23.00 1712.55
793.10 9.44 7.16 5.34 323.40 190.26 22.90 0.00
3.00 2072.72
755.20 9.04 1.44 -9.14 313.98 204.49 19.21 0.00
0.00 2478.66
714.40 8.54 -1.17 -21.32 313.51 221.28 21.19 0.00
0.00 2937.51
670.60 5.94 -3.28 -25.05 315.52 223.53 16.08 0.00
0.00 3457.07
623.90 3.64 -5.35 -30.43 318.55 266.02 22.40 0.00
0.00 4044.54
574.60 -0.56 -8.44 -34.47 320.72 271.30 25.64 0.00
0.00 4706.58
526.90 -5.86 -12.20 -36.53 322.22 282.36 29.04 -0.10
0.00 5391.50
484.00 -11.16 -16.13 -39.03 323.41 288.19 28.63 -0.10
0.00 6049.48
445.60 -16.26 -20.18 -43.66 324.35 278.06 23.54 -0.10
0.00 6677.33
411.20 -21.46 -24.35 -45.49 325.09 261.73 22.96 0.00
0.00 7275.41
380.00 -25.56 -27.90 -50.36 326.85 249.61 23.43 0.10
0.00 7852.06
352.10 -29.56 -31.40 -54.04 328.53 242.39 23.89 0.10
0.00 8400.28
327.00 -33.86 -35.21 -55.93 329.58 243.63 25.37 0.10
0.00 8922.96
304.30 -38.06 -39.03 -57.98 330.48 250.09 26.24 0.10
0.00 9422.49
284.00 -41.56 -42.30 -60.29 332.01 248.47 22.77 0.10
0.00 9894.06
265.80 -44.06 -44.68 -63.01 334.65 246.21 19.74 0.10
0.00 10340.62
248.90 -46.16 -46.71 -66.51 337.82 243.43 18.24 0.00
0.00 10779.13
233.60 -47.96 -48.43 -66.97 341.28 236.15 19.87 0.00
0.00 11198.98
219.60 -49.96 -50.38 -72.27 344.22 233.60 23.89 -0.10
0.00 11604.56
205.70 -52.26 -52.60 -72.71 347.10 238.75 26.59 -0.10
0.00 12029.55
191.70 -54.46 -54.74 -73.19 350.64 243.79 28.15 0.00
0.00 12483.04
177.70 -57.06 -57.28 -73.70 354.06 245.58 32.42 0.00
0.00 12965.60
163.80 -59.96 -9999.00 -9999.00 -9999.00 251.26 34.46 0.10
0.00 13477.34
149.80 -62.76 -9999.00 -9999.00 -9999.00 256.50 29.97 0.10
0.00 14031.22
135.90 -65.06 -9999.00 -9999.00 -9999.00 256.56 22.57 0.10
0.00 14627.66
121.90 -66.46 -9999.00 -9999.00 -9999.00 230.63 19.60 0.10
0.00 15287.65
108.00 -67.66 -9999.00 -9999.00 -9999.00 213.69 20.32 0.00
0.00 16018.00
94.00 -68.76 -9999.00 -9999.00 -9999.00 220.01 14.20 0.00
0.00 16850.87
81.00 -67.96 -9999.00 -9999.00 -9999.00 194.32 9.42 0.00
0.00 17743.12
70.60 -67.26 -9999.00 -9999.00 -9999.00 170.18 10.26 0.00
0.00 18569.90
62.20 -65.96 -9999.00 -9999.00 -9999.00 142.43 6.37 0.00
0.00 19335.74
54.30 -65.76 -9999.00 -9999.00 -9999.00 114.36 11.31 0.00
0.00 20159.91
46.90 -65.46 -9999.00 -9999.00 -9999.00 94.09 5.46 0.00
0.00 21049.94
40.10 -63.76 -9999.00 -9999.00 -9999.00 11.31 5.94 0.00
0.00 22006.12
33.80 -63.46 -9999.00 -9999.00 -9999.00 22.07 7.75 0.00
0.00 23054.43
27.80 -62.06 -9999.00 -9999.00 -9999.00 23.96 5.73 0.00
0.00 24257.94
22.30 -58.26 -9999.00 -9999.00 -9999.00 356.19 5.85 0.00
0.00 25632.33
17.10 -50.36 -9999.00 -9999.00 -9999.00 282.09 2.78 0.00
0.00 27333.11
12.30 -46.36 -9999.00 -9999.00 -9999.00 227.76 19.93 0.00
0.00 29501.06

STID = KILM STNM = 723013 TIME = 221027/0500 
SLAT = 34.27 SLON = -77.90 SELV = 6.0
STIM = 17

SHOW = 3.35 LIFT = 4.41 SWET = 193.75 KINX = 1.76
LCLP = 999.87 PWAT = 26.31 TOTL = 41.06 CAPE = 0.00
LCLT = 291.67 CINS = 0.00 EQLV = -9999.00 LFCT = -9999.00
BRCH = 0.00

PRES TMPC TMWC DWPC THTE DRCT SKNT OMEG
CFRL HGHT
1010.90 19.44 18.99 18.70 330.30 329.93 4.27 0.00
0.00 15.39
1007.90 19.24 18.87 18.62 330.28 323.75 7.23 0.10
0.00 41.04
1002.30 18.84 18.63 18.46 330.18 323.88 8.90 0.10
0.00 89.08
992.70 18.34 18.13 17.96 329.70 329.38 11.05 0.30
42.00 171.93
978.40 18.24 17.08 16.42 327.98 331.26 13.73 0.40
12.00 296.65
960.10 17.74 15.36 13.93 324.65 330.42 16.53 0.40
3.00 458.66
938.40 16.44 13.84 12.19 322.72 328.92 16.55 0.40
5.00 654.05
914.70 14.94 13.24 12.15 324.05 314.43 13.87 0.30
0.00 871.59
888.80 13.24 12.50 11.99 325.32 274.01 11.09 0.20
22.00 1114.54
860.00 11.94 11.90 11.82 327.57 204.52 12.16 -0.10
100.00 1391.72
828.00 10.74 10.65 10.54 328.42 188.30 18.84 -0.20
100.00 1709.39
793.00 9.64 6.14 3.10 320.62 188.13 20.61 -0.20
1.00 2069.30
755.20 9.24 0.43 -14.51 311.45 207.67 17.99 -0.10
0.00 2474.25
714.40 8.44 -1.24 -21.44 313.36 222.77 21.17 0.00
0.00 2933.05
670.60 6.04 -3.23 -25.05 315.63 225.48 16.34 0.10
0.00 3452.61
623.90 3.74 -5.31 -30.65 318.63 267.37 21.19 0.10
0.00 4040.29
574.60 -0.56 -8.44 -34.47 320.72 273.11 25.10 0.00
0.00 4702.45
526.90 -5.76 -12.00 -34.28 322.63 285.63 28.85 -0.10
0.00 5387.51
484.00 -11.06 -15.89 -35.92 323.90 292.17 28.32 -0.20
0.00 6045.78
445.60 -16.26 -20.01 -39.83 324.69 292.48 24.38 -0.20
0.00 6673.78
411.20 -21.56 -24.41 -44.93 325.00 265.96 19.27 -0.10
0.00 7271.76
380.10 -25.96 -28.20 -49.53 326.34 253.11 22.73 -0.10
0.00 7845.92
352.10 -29.76 -31.57 -54.04 328.26 243.65 23.62 -0.10
0.00 8395.36
327.00 -34.06 -35.39 -55.93 329.31 242.24 25.02 0.00
0.00 8917.61
304.30 -38.16 -39.12 -57.98 330.34 246.68 24.53 0.00
0.00 9416.82
284.00 -41.36 -42.12 -60.29 332.29 243.20 21.11 0.00
0.00 9888.49
265.80 -43.86 -44.50 -63.01 334.95 237.99 18.32 0.00
0.00 10335.44
248.90 -46.16 -46.71 -66.51 337.82 235.27 17.74 0.00
0.00 10774.14
233.60 -48.26 -48.72 -66.97 340.82 233.78 20.71 -0.10
0.00 11193.72
219.60 -50.06 -50.45 -67.41 344.12 235.83 25.58 -0.10
0.00 11598.93
205.70 -52.06 -52.41 -72.71 347.42 241.06 27.29 0.00
0.00 12024.02
191.70 -54.36 -54.65 -73.19 350.80 243.26 28.92 0.00
0.00 12477.82
177.70 -57.26 -57.47 -73.70 353.73 245.39 33.12 0.00
0.00 12960.27
163.80 -60.26 -9999.00 -9999.00 -9999.00 253.33 31.84 0.00
0.00 13471.41
149.80 -62.66 -9999.00 -9999.00 -9999.00 253.71 26.30 0.10
0.00 14025.04
135.90 -64.56 -9999.00 -9999.00 -9999.00 246.73 19.66 0.10
0.00 14622.33
121.90 -65.96 -9999.00 -9999.00 -9999.00 221.68 18.98 0.10
0.00 15283.91
108.00 -67.76 -9999.00 -9999.00 -9999.00 219.95 20.28 0.00
0.00 16014.97
94.00 -68.46 -9999.00 -9999.00 -9999.00 220.70 12.80 0.00
0.00 16848.24
81.00 -68.46 -9999.00 -9999.00 -9999.00 204.94 9.21 0.00
0.00 17740.06
70.60 -67.06 -9999.00 -9999.00 -9999.00 165.96 9.62 0.00
0.00 18566.23
62.20 -65.46 -9999.00 -9999.00 -9999.00 139.76 6.62 0.00
0.00 19333.37
54.30 -66.16 -9999.00 -9999.00 -9999.00 122.80 10.39 0.00
0.00 20157.75
46.90 -65.96 -9999.00 -9999.00 -9999.00 75.96 4.80 0.00
0.00 21045.84
40.10 -64.86 -9999.00 -9999.00 -9999.00 16.56 7.50 0.00
0.00 21998.36
33.80 -63.86 -9999.00 -9999.00 -9999.00 18.43 7.98 0.00
0.00 23042.92
27.80 -61.26 -9999.00 -9999.00 -9999.00 6.91 6.45 0.00
0.00 24247.57
22.30 -58.26 -9999.00 -9999.00 -9999.00 16.93 4.66 0.00
0.00 25624.54
17.10 -52.16 -9999.00 -9999.00 -9999.00 185.71 3.90 0.00
0.00 27318.33
12.30 -47.76 -9999.00 -9999.00 -9999.00 233.24 21.10 0.00
0.00 29470.85

STID = KILM STNM = 723013 TIME = 221027/0600 
SLAT = 34.27 SLON = -77.90 SELV = 6.0
STIM = 18

SHOW = 4.24 LIFT = 6.30 SWET = 338.99 KINX = 0.79
LCLP = 997.10 PWAT = 24.38 TOTL = 39.93 CAPE = 0.00
LCLT = 291.33 CINS = 0.00 EQLV = -9999.00 LFCT = -9999.00
BRCH = 0.00

PRES TMPC TMWC DWPC THTE DRCT SKNT OMEG
CFRL HGHT
1011.10 19.34 18.75 18.40 329.44 339.15 4.37 0.00
0.00 15.38
1008.00 19.24 18.64 18.28 329.45 332.74 7.21 0.00
0.00 41.88
1002.40 18.84 18.33 18.01 329.09 334.00 8.86 0.10
2.00 89.90
992.80 18.54 17.55 16.98 327.66 338.03 11.95 0.10
15.00 172.74
978.70 18.64 15.71 13.96 323.35 340.88 15.42 0.20
3.00 295.73
960.50 18.04 13.55 10.49 318.89 339.59 17.83 0.40
0.00 456.79
938.80 16.64 12.63 9.83 318.94 335.90 16.18 0.40
0.00 652.07
915.00 14.74 12.51 11.01 321.74 312.40 12.10 0.40
0.00 870.30
889.20 13.04 12.28 11.75 324.58 247.29 9.05 0.20
0.00 1111.99
860.20 11.44 11.35 11.24 325.84 193.87 16.20 0.00
100.00 1390.61
828.30 10.14 10.03 9.90 326.48 184.99 20.09 -0.10
82.00 1706.50
793.30 9.64 5.26 1.12 318.23 189.00 19.87 -0.10
0.00 2065.77
755.50 9.64 0.64 -14.51 311.86 213.52 17.95 -0.10
0.00 2470.75
714.70 8.54 -1.12 -20.86 313.60 219.74 20.96 0.00
0.00 2929.77
670.90 6.34 -3.07 -25.19 315.90 223.03 15.95 0.20
0.00 3449.48
624.10 4.04 -5.17 -31.09 318.87 263.96 20.32 0.20
0.00 4038.83
574.80 -0.46 -8.27 -32.65 321.05 278.19 24.53 0.10
0.00 4701.26
527.00 -5.76 -11.89 -32.63 322.86 286.18 26.50 0.00
0.00 5387.72
484.10 -11.06 -15.89 -35.92 323.88 289.56 24.94 -0.10
0.00 6045.88
445.70 -16.26 -20.03 -40.19 324.63 285.44 21.15 -0.10
0.00 6673.74
411.20 -21.66 -24.45 -43.91 324.94 259.81 17.56 -0.10
0.00 7273.28
380.10 -26.36 -28.48 -48.06 325.89 256.58 21.78 0.00
0.00 7846.87
352.10 -30.16 -31.88 -52.92 327.76 250.31 22.49 0.00
0.00 8395.41
327.00 -34.26 -35.56 -55.93 329.03 241.27 23.04 0.00
0.00 8917.02
304.40 -38.26 -39.21 -57.98 330.17 242.33 22.59 0.10
0.00 9413.64
284.10 -41.36 -42.12 -60.29 332.26 236.91 20.63 0.10
0.00 9885.04
265.80 -43.76 -44.40 -63.01 335.09 229.09 19.27 0.00
0.00 10334.46
248.90 -46.16 -46.71 -66.51 337.82 226.61 19.50 0.00
0.00 10773.26
233.60 -48.16 -48.62 -66.97 340.97 229.50 22.73 0.00
0.00 11192.93
219.60 -50.06 -50.45 -67.41 344.12 235.38 26.67 0.00
0.00 11598.24
205.70 -52.06 -52.41 -72.71 347.42 239.44 28.65 0.10
0.00 12023.33
191.70 -54.56 -54.84 -73.19 350.48 241.82 30.85 0.10
0.00 12476.91
177.70 -57.56 -57.76 -73.70 353.24 248.14 33.92 0.10
0.00 12958.81
163.80 -60.26 -9999.00 -9999.00 -9999.00 254.42 29.64 0.10
0.00 13469.60
149.80 -62.26 -9999.00 -9999.00 -9999.00 249.55 24.46 0.10
0.00 14023.75
135.90 -64.06 -9999.00 -9999.00 -9999.00 239.70 20.03 0.10
0.00 14622.32
121.90 -66.06 -9999.00 -9999.00 -9999.00 220.97 19.56 0.00
0.00 15284.54
108.00 -67.96 -9999.00 -9999.00 -9999.00 230.00 22.07 0.00
0.00 16015.07
94.00 -68.76 -9999.00 -9999.00 -9999.00 223.78 12.92 0.00
0.00 16847.33
81.00 -69.16 -9999.00 -9999.00 -9999.00 203.33 10.78 0.00
0.00 17736.96
70.60 -67.56 -9999.00 -9999.00 -9999.00 160.10 11.99 0.00
0.00 18560.72
62.20 -65.66 -9999.00 -9999.00 -9999.00 136.74 9.07 0.00
0.00 19326.56
54.30 -66.36 -9999.00 -9999.00 -9999.00 132.71 10.31 0.00
0.00 20150.14
46.90 -65.66 -9999.00 -9999.00 -9999.00 72.26 5.09 0.00
0.00 21038.45
40.10 -65.36 -9999.00 -9999.00 -9999.00 29.74 7.83 0.00
0.00 21990.51
33.80 -64.26 -9999.00 -9999.00 -9999.00 9.69 8.08 0.00
0.00 23032.82
27.80 -60.46 -9999.00 -9999.00 -9999.00 340.64 7.61 0.00
0.00 24238.62
22.30 -57.86 -9999.00 -9999.00 -9999.00 41.19 2.06 0.00
0.00 25619.46
17.10 -54.16 -9999.00 -9999.00 -9999.00 157.69 8.20 0.00
0.00 27307.03
12.30 -48.76 -9999.00 -9999.00 -9999.00 238.30 23.29 0.00
0.00 29445.08

STID = KILM STNM = 723013 TIME = 221027/0700 
SLAT = 34.27 SLON = -77.90 SELV = 6.0
STIM = 19

SHOW = 5.75 LIFT = 5.68 SWET = 316.33 KINX = -2.26
LCLP = 992.16 PWAT = 23.93 TOTL = 38.31 CAPE = 0.00
LCLT = 290.58 CINS = 0.00 EQLV = -9999.00 LFCT = -9999.00
BRCH = 0.00

PRES TMPC TMWC DWPC THTE DRCT SKNT OMEG
CFRL HGHT
1011.50 19.04 18.22 17.74 327.49 328.17 6.62 0.00
0.00 15.37
1008.40 18.94 18.09 17.59 327.44 326.85 11.36 0.00
0.00 41.82
1002.80 18.54 17.81 17.38 327.23 327.22 13.64 0.00
0.00 89.76
993.20 17.84 17.24 16.87 326.54 330.82 17.13 -0.10
1.00 172.40
979.10 16.94 16.29 15.87 325.19 334.49 18.94 -0.20
9.00 294.88
960.90 15.84 14.85 14.22 322.93 342.28 19.77 -0.10
5.00 454.98
939.10 15.04 13.36 12.25 321.13 355.40 16.96 0.00
0.00 650.02
915.30 14.34 11.96 10.32 320.08 352.33 10.20 0.20
0.00 867.49
889.40 12.64 11.91 11.40 323.44 241.56 5.30 0.30
0.00 1109.66
860.50 11.24 10.31 9.63 322.69 194.40 14.84 0.40
62.00 1386.85
828.50 10.84 9.18 7.96 323.96 186.71 23.27 0.40
32.00 1703.72
793.60 10.04 4.32 -1.75 315.73 193.63 19.79 0.30
0.00 2062.31
755.80 10.24 0.55 -17.01 311.51 219.73 19.44 0.10
0.00 2467.69
714.90 9.24 -0.85 -21.79 314.09 221.95 20.63 0.00
0.00 2928.69
671.10 6.84 -2.84 -25.65 316.33 238.15 15.09 -0.20
0.00 3449.34
624.30 3.64 -5.36 -30.64 318.45 272.27 19.64 -0.20
0.00 4038.61
574.90 -0.66 -8.36 -32.18 320.87 280.44 22.51 0.00
0.00 4701.50
527.10 -5.76 -11.88 -32.41 322.88 284.38 23.47 0.00
0.00 5387.59
484.20 -11.06 -15.94 -36.76 323.75 289.06 22.61 0.00
0.00 6045.61
445.80 -16.26 -20.09 -41.36 324.50 284.89 18.90 0.00
0.00 6673.33
411.30 -21.66 -24.43 -43.43 324.96 259.19 17.60 -0.10
0.00 7272.72
380.10 -26.46 -28.55 -47.40 325.79 260.29 21.87 -0.10
0.00 7847.98
352.10 -30.36 -32.05 -52.92 327.49 257.20 21.91 -0.10
0.00 8396.19
327.00 -34.46 -35.74 -55.93 328.76 244.38 21.11 0.00
0.00 8917.36
304.40 -38.46 -39.39 -57.98 329.89 238.50 21.19 0.00
0.00 9413.56
284.10 -41.46 -42.21 -60.29 332.12 232.59 20.78 0.00
0.00 9884.66
265.80 -43.76 -44.40 -63.01 335.09 226.90 20.75 0.00
0.00 10333.98
248.90 -46.06 -46.61 -66.51 337.97 226.49 21.15 0.00
0.00 10772.88
233.60 -47.96 -48.43 -66.97 341.28 230.74 23.33 0.00
0.00 11192.82
219.60 -49.76 -50.17 -67.41 344.58 237.12 26.83 0.00
0.00 11598.58
205.70 -52.06 -52.39 -67.88 347.46 238.84 29.27 0.10
0.00 12023.96
191.70 -54.76 -55.03 -73.19 350.16 240.74 31.39 0.10
0.00 12477.34
177.70 -57.56 -57.76 -73.70 353.24 250.76 30.65 0.10
0.00 12959.02
163.80 -59.86 -9999.00 -9999.00 -9999.00 252.54 25.25 0.00
0.00 13470.28
149.80 -61.86 -9999.00 -9999.00 -9999.00 240.45 21.66 0.00
0.00 14025.47
135.90 -63.96 -9999.00 -9999.00 -9999.00 232.22 19.66 0.00
0.00 14624.76
121.90 -66.76 -9999.00 -9999.00 -9999.00 217.61 18.14 0.00
0.00 15286.02
108.00 -68.66 -9999.00 -9999.00 -9999.00 228.46 20.51 -0.10
0.00 16014.08
94.00 -69.56 -9999.00 -9999.00 -9999.00 213.69 12.61 0.00
0.00 16843.28
81.00 -69.56 -9999.00 -9999.00 -9999.00 194.04 12.00 0.00
0.00 17730.31
70.60 -67.16 -9999.00 -9999.00 -9999.00 161.82 13.69 0.00
0.00 18554.07
62.20 -65.46 -9999.00 -9999.00 -9999.00 145.10 10.18 0.00
0.00 19321.02
54.30 -66.36 -9999.00 -9999.00 -9999.00 149.26 8.35 0.00
0.00 20145.00
46.90 -65.16 -9999.00 -9999.00 -9999.00 66.80 4.43 0.00
0.00 21034.38
40.10 -65.16 -9999.00 -9999.00 -9999.00 45.00 7.15 0.00
0.00 21988.04
33.80 -64.46 -9999.00 -9999.00 -9999.00 9.93 7.89 0.00
0.00 23030.35
27.80 -60.56 -9999.00 -9999.00 -9999.00 335.30 10.68 0.00
0.00 24235.28
22.30 -57.66 -9999.00 -9999.00 -9999.00 45.00 1.38 0.00
0.00 25616.45
17.10 -55.36 -9999.00 -9999.00 -9999.00 161.22 10.26 0.00
0.00 27300.14
12.30 -49.76 -9999.00 -9999.00 -9999.00 231.84 20.75 0.00
0.00 29427.58

STID = KILM STNM = 723013 TIME = 221027/0800 
SLAT = 34.27 SLON = -77.90 SELV = 6.0
STIM = 20

SHOW = 6.89 LIFT = 6.93 SWET = 289.65 KINX = -2.83
LCLP = 981.72 PWAT = 21.99 TOTL = 37.28 CAPE = 0.00
LCLT = 288.14 CINS = 0.00 EQLV = -9999.00 LFCT = -9999.00
BRCH = 0.00

PRES TMPC TMWC DWPC THTE DRCT SKNT OMEG
CFRL HGHT
1012.50 17.54 16.26 15.47 320.80 334.06 7.98 0.00
0.00 15.30
1009.50 17.44 16.10 15.27 320.67 331.53 13.03 0.00
0.00 40.71
1003.90 17.04 15.82 15.05 320.47 332.80 15.73 0.10
0.00 88.30
994.30 16.34 15.36 14.72 320.23 335.61 18.34 0.10
0.00 170.35
980.10 15.24 14.68 14.29 319.92 340.50 19.77 0.00
1.00 292.79
961.90 14.74 14.18 13.78 320.69 351.47 19.64 0.00
14.00 451.88
940.10 14.84 13.58 12.75 321.69 4.46 15.00 0.10
4.00 646.27
916.30 14.34 12.22 10.78 320.72 349.56 7.50 0.10
0.00 863.48
890.30 12.74 11.32 10.32 321.54 240.07 7.40 0.10
0.00 1106.34
861.40 12.24 9.69 7.79 320.76 204.73 16.26 0.10
12.00 1383.64
829.40 11.34 8.09 5.49 320.71 198.27 21.08 0.00
0.00 1700.77
794.50 10.54 2.99 -6.78 312.18 214.38 17.89 0.00
0.00 2059.32
756.60 10.14 0.52 -16.91 311.34 234.59 19.77 -0.10
0.00 2465.44
715.70 8.94 -1.01 -21.90 313.62 234.96 20.65 -0.10
0.00 2925.62
671.70 6.34 -3.03 -24.74 315.89 240.26 12.53 0.00
0.00 3447.38
624.80 3.54 -5.36 -29.79 318.40 265.12 15.99 0.10
0.00 4036.80
575.40 -0.46 -8.22 -31.94 321.06 276.93 20.94 0.10
0.00 4699.26
527.50 -5.86 -11.97 -32.84 322.62 281.00 21.37 0.00
0.00 5386.36
484.40 -11.16 -16.03 -37.05 323.55 283.91 21.81 0.00
0.00 6046.80
446.00 -16.46 -20.19 -40.56 324.28 284.47 18.65 -0.20
0.00 6673.89
411.50 -21.76 -24.48 -42.97 324.82 265.82 15.97 -0.20
0.00 7272.65
380.20 -26.76 -28.73 -45.65 325.49 261.25 20.44 -0.20
0.00 7849.07
352.20 -30.66 -32.26 -51.02 327.14 262.44 22.14 -0.20
0.00 8396.47
327.10 -34.76 -36.00 -55.92 328.32 251.21 19.91 -0.20
0.00 8916.84
304.40 -38.76 -39.67 -57.98 329.47 237.09 19.66 -0.10
0.00 9414.53
284.10 -42.06 -42.76 -60.29 331.26 231.93 20.47 0.00
0.00 9884.72
265.80 -44.16 -44.77 -63.01 334.51 227.90 21.74 0.00
0.00 10333.07
248.90 -45.96 -46.52 -66.51 338.12 227.43 22.69 0.00
0.00 10771.68
233.60 -47.66 -48.15 -66.97 341.73 231.92 23.93 0.00
0.00 11192.00
219.60 -49.56 -49.98 -67.41 344.89 236.31 26.61 0.00
0.00 11598.20
205.70 -52.16 -52.48 -67.88 347.31 235.33 28.34 0.00
0.00 12023.68
191.70 -55.16 -55.42 -73.19 349.51 238.27 29.91 0.00
0.00 12476.55
177.70 -57.66 -57.86 -73.70 353.07 247.25 26.13 0.00
0.00 12957.67
163.80 -59.86 -9999.00 -9999.00 -9999.00 244.86 21.04 0.00
0.00 13468.81
149.80 -62.06 -9999.00 -9999.00 -9999.00 229.64 20.40 0.00
0.00 14023.74
135.90 -64.26 -9999.00 -9999.00 -9999.00 226.22 19.37 0.00
0.00 14622.32
121.90 -67.36 -9999.00 -9999.00 -9999.00 218.47 18.10 0.00
0.00 15282.15
108.00 -69.16 -9999.00 -9999.00 -9999.00 225.00 18.69 0.00
0.00 16008.25
94.00 -69.86 -9999.00 -9999.00 -9999.00 211.66 13.69 0.00
0.00 16835.83
81.00 -69.46 -9999.00 -9999.00 -9999.00 191.63 13.48 0.00
0.00 17722.42
70.60 -66.76 -9999.00 -9999.00 -9999.00 165.22 14.47 0.00
0.00 18547.18
62.20 -65.36 -9999.00 -9999.00 -9999.00 161.92 10.00 0.00
0.00 19315.06
54.30 -66.26 -9999.00 -9999.00 -9999.00 176.82 7.01 0.00
0.00 20139.44
46.90 -65.06 -9999.00 -9999.00 -9999.00 74.05 4.23 0.00
0.00 21029.25
40.10 -65.16 -9999.00 -9999.00 -9999.00 66.37 6.78 0.00
0.00 21983.14
33.80 -64.16 -9999.00 -9999.00 -9999.00 21.80 6.27 0.00
0.00 23026.20
27.80 -60.56 -9999.00 -9999.00 -9999.00 344.54 9.48 0.00
0.00 24231.99
22.30 -57.16 -9999.00 -9999.00 -9999.00 108.43 0.62 0.00
0.00 25614.78
17.10 -54.86 -9999.00 -9999.00 -9999.00 198.43 9.83 0.00
0.00 27302.35
12.30 -49.76 -9999.00 -9999.00 -9999.00 235.60 21.66 0.00
0.00 29432.20

STID = KILM STNM = 723013 TIME = 221027/0900 
SLAT = 34.27 SLON = -77.90 SELV = 6.0
STIM = 21

SHOW = 8.32 LIFT = 8.28 SWET = 241.09 KINX = -4.73
LCLP = 972.97 PWAT = 20.42 TOTL = 35.57 CAPE = 0.00
LCLT = 285.94 CINS = 0.00 EQLV = -9999.00 LFCT = -9999.00
BRCH = 0.00

PRES TMPC TMWC DWPC THTE DRCT SKNT OMEG
CFRL HGHT
1013.40 16.14 14.51 13.42 315.31 341.11 7.81 0.00
0.00 15.24
1010.30 16.04 14.31 13.14 315.08 338.66 13.34 0.10
0.00 41.33
1004.80 15.74 14.03 12.86 314.91 339.36 15.99 0.10
0.00 87.77
995.10 15.14 13.52 12.39 314.59 343.19 19.48 0.10
0.00 170.18
981.00 14.64 13.04 11.91 314.91 351.25 23.00 0.20
0.00 291.16
962.70 14.54 13.34 12.51 318.04 0.50 22.34 0.20
0.00 450.64
940.90 14.74 13.63 12.90 321.74 6.25 14.26 0.30
3.00 644.73
917.00 14.24 12.21 10.83 320.60 336.19 7.23 0.30
0.00 862.60
891.10 12.44 10.68 9.40 319.57 260.31 8.08 0.20
0.00 1104.12
862.10 12.44 8.80 5.88 318.16 219.81 15.17 0.10
0.00 1381.97
830.20 11.54 6.91 2.76 317.36 218.09 18.26 -0.10
0.00 1697.85
795.20 10.44 3.03 -6.46 312.20 225.44 17.99 -0.10
0.00 2057.03
757.20 9.74 0.38 -16.46 310.98 239.44 18.73 -0.10
0.00 2463.54
716.20 8.74 -1.08 -21.53 313.44 233.49 18.61 -0.10
0.00 2924.02
672.20 6.74 -2.86 -25.32 316.14 228.37 11.69 0.00
0.00 3445.59
625.20 4.24 -5.02 -30.63 319.01 262.32 17.44 -0.10
0.00 4037.01
575.70 -0.66 -8.34 -31.93 320.78 270.61 18.26 -0.10
0.00 4701.03
527.70 -5.96 -12.01 -32.61 322.50 274.04 19.27 -0.10
0.00 5388.86
484.60 -11.36 -16.09 -35.91 323.41 278.71 21.81 0.00
0.00 6048.68
446.10 -16.66 -20.30 -39.82 324.08 282.40 18.10 -0.10
0.00 6676.73
411.60 -21.86 -24.52 -42.11 324.75 270.00 13.79 -0.10
0.00 7275.00
380.30 -26.86 -28.79 -45.12 325.37 261.25 17.89 -0.10
0.00 7851.06
352.30 -31.16 -32.65 -49.43 326.52 265.32 21.45 -0.10
0.00 8397.64
327.10 -35.06 -36.24 -54.66 327.94 255.40 19.27 0.00
0.00 8919.14
304.40 -39.06 -39.94 -57.98 329.05 236.14 18.47 0.00
0.00 9416.20
284.10 -42.36 -43.04 -60.29 330.83 230.40 20.42 0.10
0.00 9885.78
265.80 -44.16 -44.77 -63.01 334.51 228.05 23.25 0.10
0.00 10333.84
248.90 -45.86 -46.43 -66.51 338.27 228.33 23.66 0.00
0.00 10772.54
233.60 -47.46 -47.96 -66.97 342.03 233.77 24.32 0.00
0.00 11193.14
219.60 -49.66 -50.07 -67.41 344.73 235.71 25.85 0.00
0.00 11599.44
205.70 -52.46 -52.77 -67.88 346.83 233.21 26.92 0.00
0.00 12024.53
191.70 -55.26 -55.51 -73.19 349.35 237.86 25.93 0.00
0.00 12476.99
177.70 -57.46 -57.67 -73.70 353.40 242.73 21.19 0.00
0.00 12958.22
163.80 -59.66 -9999.00 -9999.00 -9999.00 237.62 18.86 0.00
0.00 13469.84
149.80 -62.06 -9999.00 -9999.00 -9999.00 227.62 21.04 0.00
0.00 14025.03
135.90 -64.46 -9999.00 -9999.00 -9999.00 226.87 21.02 0.00
0.00 14623.32
121.90 -67.66 -9999.00 -9999.00 -9999.00 220.41 18.88 0.00
0.00 15282.35
108.00 -69.56 -9999.00 -9999.00 -9999.00 224.56 17.99 0.00
0.00 16007.22
94.00 -69.96 -9999.00 -9999.00 -9999.00 221.57 13.75 0.00
0.00 16833.78
81.00 -69.16 -9999.00 -9999.00 -9999.00 200.35 12.84 0.00
0.00 17720.81
70.60 -66.96 -9999.00 -9999.00 -9999.00 173.83 14.45 0.00
0.00 18545.77
62.20 -65.86 -9999.00 -9999.00 -9999.00 168.49 10.70 0.00
0.00 19312.35
54.30 -66.46 -9999.00 -9999.00 -9999.00 176.31 6.04 0.00
0.00 20135.34
46.90 -65.36 -9999.00 -9999.00 -9999.00 74.93 5.23 0.00
0.00 21024.08
40.10 -64.96 -9999.00 -9999.00 -9999.00 67.52 6.10 0.00
0.00 21977.73
33.80 -63.06 -9999.00 -9999.00 -9999.00 32.47 5.07 0.00
0.00 23024.05
27.80 -59.76 -9999.00 -9999.00 -9999.00 18.43 7.36 0.00
0.00 24235.28
22.30 -56.66 -9999.00 -9999.00 -9999.00 80.54 2.37 0.00
0.00 25622.25
17.10 -52.36 -9999.00 -9999.00 -9999.00 239.04 10.20 0.00
0.00 27321.48
12.30 -47.76 -9999.00 -9999.00 -9999.00 243.04 25.27 0.00
0.00 29473.03
STN YYMMDD/HHMM PMSL PRES SKTC STC1 SNFL WTNS
P01M C01M STC2 LCLD MCLD HCLD
SNRA UWND VWND R01M BFGR T2MS
Q2MS WXTS WXTP WXTZ WXTR USTM
VSTM HLCY SLLH WSYM CDBP VSBK
TD2M
723013 221026/1200 1012.70 1012.00 15.64 288.80 -9999.00 11.00
-9999.00 -9999.00 288.80 100.00 0.00 0.00
-9999.00 0.40 0.40 -9999.00 -9999.00 14.24
9.29 0.00 0.00 0.00 0.00 7.40
-2.10 42.10 -9999.00 999.00 1010.90 0.34
12.86
723013 221026/1300 1012.90 1012.20 17.14 290.30 0.00 12.00
0.00 0.00 290.00 100.00 0.00 0.00
-9999.00 0.00 0.50 -9999.00 -9999.00 16.14
10.93 0.00 0.00 0.00 0.00 7.30
-2.10 32.90 0.00 999.00 992.90 0.06
15.33
723013 221026/1400 1013.20 1012.50 19.94 293.10 0.00 12.00
0.00 0.00 292.50 64.00 0.00 0.00
-9999.00 0.10 0.80 -9999.00 -9999.00 17.84
11.36 0.00 0.00 0.00 0.00 8.20
-1.90 44.90 0.01 999.00 -9999.00 20.00
15.92
723013 221026/1500 1012.90 1012.10 23.24 296.40 0.00 11.00
0.00 0.00 295.40 34.00 0.00 0.00
-9999.00 -0.50 0.70 -9999.00 -9999.00 19.84
11.47 0.00 0.00 0.00 0.00 9.40
-1.60 35.50 0.01 999.00 -9999.00 20.00
16.07
723013 221026/1600 1012.20 1011.40 27.14 300.30 0.00 9.00
0.00 0.00 298.90 7.00 0.00 0.00
-9999.00 -0.70 1.80 -9999.00 -9999.00 22.24
11.59 0.00 0.00 0.00 0.00 8.30
-1.80 35.90 0.01 999.00 -9999.00 20.00
16.21
723013 221026/1700 1011.10 1010.40 28.84 302.00 0.00 8.00
0.00 0.00 300.70 33.00 0.00 0.00
-9999.00 -1.20 3.10 -9999.00 -9999.00 23.84
11.76 0.00 0.00 0.00 0.00 5.90
-1.60 37.20 0.00 999.00 -9999.00 20.00
16.42
723013 221026/1800 1009.60 1008.80 27.54 300.70 0.00 7.00
0.00 0.00 300.00 93.00 0.00 0.00
-9999.00 -1.00 3.70 -9999.00 -9999.00 24.04
12.13 0.00 0.00 0.00 0.00 5.20
-0.80 33.80 -0.01 999.00 790.90 20.00
16.88
723013 221026/1900 1009.90 1009.20 26.04 299.20 0.00 7.00
0.00 0.00 298.90 90.00 0.00 0.00
-9999.00 -0.90 4.00 -9999.00 -9999.00 23.74
12.53 0.00 0.00 0.00 0.00 5.40
-0.20 47.60 -0.01 999.00 791.20 0.23
17.39
723013 221026/2000 1009.80 1009.10 23.84 297.00 0.00 7.00
0.00 0.00 297.00 100.00 0.00 0.00
-9999.00 -1.10 3.60 -9999.00 -9999.00 22.84
12.87 0.00 0.00 0.00 0.00 6.20
-0.10 88.60 -0.01 999.00 753.30 0.05
17.80
723013 221026/2100 1009.10 1008.40 22.54 295.70 0.00 7.00
0.00 0.00 295.80 98.00 0.00 0.00
-9999.00 -0.80 3.00 -9999.00 -9999.00 22.34
13.23 0.00 0.00 0.00 0.00 6.00
0.00 85.70 -0.01 999.00 825.40 0.01
18.22
723013 221026/2200 1010.00 1009.20 22.24 295.40 0.00 7.00
0.00 0.00 295.50 100.00 0.00 0.00
-9999.00 -0.10 2.10 -9999.00 -9999.00 22.14
13.34 0.00 0.00 0.00 0.00 6.50
-0.10 58.60 0.00 999.00 826.00 0.13
18.36
723013 221026/2300 1011.30 1010.50 21.44 294.60 0.00 7.00
0.00 0.00 294.80 100.00 0.00 0.00
-9999.00 -0.10 1.60 -9999.00 -9999.00 21.54
13.25 0.00 0.00 0.00 0.00 6.10
-0.30 66.30 0.00 999.00 792.00 0.24
18.27
723013 221027/0000 1012.70 1011.90 21.14 294.30 0.00 7.00
0.00 0.00 294.40 100.00 0.00 0.00
-9999.00 0.70 1.60 -9999.00 -9999.00 21.14
13.42 0.00 0.00 0.00 0.00 4.80
-0.90 65.60 0.00 999.00 827.90 0.49
18.50
723013 221027/0100 1012.00 1011.20 20.24 293.40 0.00 9.00
0.11 0.11 293.60 86.00 0.00 0.00
-9999.00 1.40 1.00 -9999.00 -9999.00 20.34
13.80 0.00 0.00 0.00 1.00 4.80
-1.70 32.00 0.00 60.00 888.00 0.00
18.92
723013 221027/0200 1012.20 1011.40 20.24 293.40 0.00 20.00
0.65 0.60 293.50 100.00 0.00 0.00
-9999.00 2.20 -0.10 -9999.00 -9999.00 20.04
14.28 0.00 0.00 0.00 1.00 8.50
-3.10 2.80 0.00 60.00 977.90 0.00
19.46
723013 221027/0300 1013.90 1013.20 20.04 293.20 0.00 20.00
0.86 0.64 293.30 100.00 0.00 0.00
-9999.00 2.10 -1.10 -9999.00 -9999.00 19.74
14.17 0.00 0.00 0.00 1.00 9.30
-3.90 -0.90 0.00 60.00 993.80 0.00
19.37
723013 221027/0400 1012.90 1012.20 19.64 292.80 0.00 19.00
0.23 0.20 292.90 78.00 0.00 0.00
-9999.00 2.00 -1.80 -9999.00 -9999.00 19.44
13.90 0.00 0.00 0.00 1.00 8.60
-4.90 -2.80 0.00 60.00 992.80 0.00
19.05
723013 221027/0500 1012.70 1012.00 19.34 292.50 0.00 19.00
0.00 0.00 292.60 100.00 0.00 0.00
-9999.00 1.70 -1.70 -9999.00 -9999.00 19.14
13.64 0.00 0.00 0.00 0.00 7.40
-5.60 -31.10 0.00 999.00 860.00 2.25
18.75
723013 221027/0600 1012.90 1012.20 19.14 292.30 0.00 18.00
0.00 0.00 292.40 100.00 0.00 0.00
-9999.00 1.20 -1.90 -9999.00 -9999.00 19.04
13.39 0.00 0.00 0.00 0.00 9.30
-4.70 -34.00 0.00 999.00 860.20 1.13
18.47
723013 221027/0700 1013.30 1012.60 18.44 291.60 0.00 18.00
0.00 0.00 291.90 62.00 0.00 0.00
-9999.00 2.00 -3.10 -9999.00 -9999.00 18.44
12.84 0.00 0.00 0.00 0.00 11.00
-3.90 73.90 0.00 999.00 -9999.00 20.00
17.82
723013 221027/0800 1014.40 1013.60 16.94 290.10 0.00 18.00
0.00 0.00 290.50 14.00 0.00 0.00
-9999.00 2.50 -3.80 -9999.00 -9999.00 16.94
11.14 0.00 0.00 0.00 0.00 11.30
-4.10 61.10 0.01 999.00 -9999.00 20.00
15.64
723013 221027/0900 1015.20 1014.50 15.24 288.40 0.00 17.00
0.00 0.00 289.00 3.00 0.00 0.00
-9999.00 2.00 -3.80 -9999.00 -9999.00 15.44
9.75 0.00 0.00 0.00 0.00 11.50
-4.20 22.50 0.00 999.00 -9999.00 20.00
13.62


