
SNPARM = PRES;TMPC;TMWC;DWPC;THTE;DRCT;SKNT;OMEG;CFRL;HGHT 
STNPRM = SHOW;LIFT;SWET;KINX;LCLP;PWAT;TOTL;CAPE;LCLT;CINS;EQLV;LFCT;BRCH 

STID = PHNL STNM = 911820 TIME = 221026/1200 
SLAT = 21.35 SLON = -157.93 SELV = 77.0
STIM = 0

SHOW = 1.73 LIFT = 0.58 SWET = 216.74 KINX = 12.28
LCLP = 900.31 PWAT = 35.84 TOTL = 41.70 CAPE = 0.00
LCLT = 288.05 CINS = -53.01 EQLV = 752.16 LFCT = 756.22
BRCH = 0.00

PRES TMPC TMWC DWPC THTE DRCT SKNT OMEG
CFRL HGHT
1007.90 24.34 19.27 16.67 331.68 91.91 5.83 0.20
0.00 85.70
1005.00 24.64 19.39 16.73 332.54 96.34 7.03 0.30
0.00 110.98
999.40 24.64 19.64 17.16 334.27 100.41 9.67 0.40
0.00 160.05
989.80 24.04 19.89 17.89 336.62 102.34 12.72 0.50
0.00 244.75
975.70 22.84 20.21 18.99 340.01 103.67 14.80 0.60
0.00 370.34
957.40 21.24 20.44 20.04 343.74 103.86 15.40 0.70
0.00 535.41
935.70 19.84 19.70 19.57 344.07 107.97 15.11 0.70
6.00 734.34
911.90 18.64 18.51 18.39 343.06 119.13 13.56 0.70
12.00 956.86
886.10 17.24 17.15 17.05 341.85 137.20 14.30 0.60
9.00 1203.52
857.30 16.24 14.99 14.29 338.38 139.33 16.39 0.50
0.00 1486.09
825.50 14.34 12.96 12.14 336.33 134.61 20.18 0.40
0.00 1807.42
790.70 12.34 10.12 8.66 332.57 129.35 25.12 0.40
0.00 2170.77
753.00 9.94 6.36 3.45 327.26 127.14 25.10 0.30
0.00 2579.22
712.30 9.84 2.14 -7.16 322.09 117.45 16.86 0.10
0.00 3040.93
668.80 9.94 -1.52 -30.14 319.32 91.94 11.46 -0.10
0.00 3563.57
622.30 6.24 -4.32 -39.51 320.73 87.23 12.06 -0.20
0.00 4156.93
573.30 1.14 -7.54 -36.33 322.71 104.50 11.64 -0.20
0.00 4821.63
525.90 -3.36 -10.85 -42.12 324.89 135.54 14.70 -0.10
0.00 5508.92
483.20 -7.86 -14.17 -45.91 327.10 140.27 17.93 0.00
0.00 6172.14
445.10 -11.96 -17.29 -48.98 329.57 131.63 14.02 0.20
0.00 6805.04
410.80 -15.86 -20.16 -44.42 332.50 109.36 15.23 0.20
0.00 7413.62
379.80 -20.26 -23.35 -39.73 334.76 107.01 17.27 0.20
0.00 7999.57
351.90 -24.76 -27.07 -41.73 335.90 87.85 15.56 0.10
0.00 8559.43
326.80 -29.26 -31.09 -47.55 336.39 81.57 15.91 -0.10
0.00 9092.65
304.30 -33.46 -34.79 -49.36 337.32 83.84 19.93 -0.10
0.00 9597.57
284.00 -37.36 -38.41 -54.72 338.20 80.54 21.27 -0.20
0.00 10078.05
265.80 -41.06 -41.85 -57.60 339.17 67.23 23.60 -0.20
0.00 10531.60
248.90 -44.86 -45.25 -52.42 340.18 52.19 28.52 -0.10
0.00 10974.26
233.60 -47.76 -47.95 -51.65 342.09 38.06 37.49 -0.10
100.00 11395.54
219.60 -51.26 -51.40 -55.00 342.61 30.54 40.15 -0.10
100.00 11800.14
205.70 -55.66 -55.76 -59.64 341.98 24.47 40.33 -0.10
98.00 12220.65
191.70 -59.46 -59.55 -65.45 342.71 27.63 37.28 0.00
9.00 12665.48
177.80 -61.66 -61.77 -73.70 346.46 25.36 29.02 0.00
0.00 13133.89
163.80 -64.36 -64.44 -74.24 350.15 23.05 19.85 -0.10
0.00 13638.37
149.80 -68.16 -68.20 -74.84 352.67 6.84 14.67 -0.10
0.00 14179.44
135.90 -70.46 -9999.00 -9999.00 -9999.00 345.47 10.84 -0.10
0.00 14760.49
121.90 -72.46 -9999.00 -9999.00 -9999.00 353.77 10.74 0.00
0.00 15402.33
108.00 -74.46 -9999.00 -9999.00 -9999.00 4.09 10.90 0.00
0.00 16110.01
94.00 -75.46 -9999.00 -9999.00 -9999.00 10.74 11.46 0.00
0.00 16915.44
81.00 -75.56 -9999.00 -9999.00 -9999.00 18.03 8.78 0.00
0.00 17776.55
70.60 -73.76 -9999.00 -9999.00 -9999.00 58.50 7.07 0.00
0.00 18574.96
62.20 -69.86 -9999.00 -9999.00 -9999.00 108.00 8.18 0.00
0.00 19321.52
54.30 -67.26 -9999.00 -9999.00 -9999.00 145.71 5.17 0.00
0.00 20134.96
46.90 -64.06 -9999.00 -9999.00 -9999.00 260.54 1.18 0.00
0.00 21024.78
40.10 -60.26 -9999.00 -9999.00 -9999.00 174.29 1.94 0.00
0.00 21992.19
33.80 -57.96 -9999.00 -9999.00 -9999.00 251.57 3.07 0.00
0.00 23063.02
27.80 -54.46 -9999.00 -9999.00 -9999.00 260.54 1.18 0.00
0.00 24303.99
22.30 -50.46 -9999.00 -9999.00 -9999.00 146.82 6.04 0.00
0.00 25728.07
17.10 -45.06 -9999.00 -9999.00 -9999.00 153.97 9.30 0.00
0.00 27479.76
12.30 -40.36 -9999.00 -9999.00 -9999.00 131.38 10.88 0.00
0.00 29702.19

STID = PHNL STNM = 911820 TIME = 221026/1300 
SLAT = 21.35 SLON = -157.93 SELV = 77.0
STIM = 1

SHOW = 1.96 LIFT = 0.22 SWET = 216.17 KINX = 9.69
LCLP = 930.34 PWAT = 34.93 TOTL = 41.40 CAPE = 143.78
LCLT = 290.79 CINS = -27.90 EQLV = 200.66 LFCT = 814.10
BRCH = 47.90

PRES TMPC TMWC DWPC THTE DRCT SKNT OMEG
CFRL HGHT
1008.80 24.44 20.69 18.93 337.03 95.53 6.04 0.20
0.00 83.96
1005.70 24.64 20.81 19.04 337.98 95.86 7.61 0.40
0.00 111.00
1000.10 24.54 20.99 19.37 339.51 98.43 10.61 0.60
0.00 160.08
990.50 23.94 21.08 19.79 341.31 99.59 13.99 0.70
0.00 244.78
976.30 22.74 20.88 20.03 342.64 100.24 16.38 0.80
0.00 371.24
958.10 21.34 20.52 20.12 343.98 101.18 17.04 0.90
0.00 535.35
936.30 20.14 19.42 19.05 342.87 105.38 16.12 1.00
4.00 735.17
912.50 19.04 18.21 17.77 341.76 118.98 14.43 0.90
36.00 957.74
886.70 17.64 16.83 16.39 340.54 132.88 14.84 0.70
5.00 1204.48
857.80 16.54 15.07 14.26 338.59 137.29 17.19 0.60
0.00 1488.14
826.00 14.64 12.76 11.65 335.58 133.13 21.02 0.40
0.00 1809.59
791.20 12.44 9.52 7.51 330.60 128.45 25.29 0.30
0.00 2172.85
753.40 10.24 5.16 0.51 323.83 127.16 23.15 0.20
0.00 2582.19
712.70 10.14 1.26 -11.23 319.69 107.68 14.06 0.00
0.00 3043.85
669.10 9.64 -1.51 -27.52 319.40 83.95 12.90 -0.10
0.00 3567.31
622.60 6.24 -4.34 -40.52 320.61 94.40 12.67 -0.10
0.00 4160.10
573.60 1.24 -7.57 -38.94 322.52 112.69 11.58 -0.10
0.00 4824.56
526.10 -3.26 -10.81 -42.65 324.94 135.52 15.25 0.10
0.00 5513.23
483.40 -7.56 -13.98 -45.90 327.43 137.29 17.19 0.20
0.00 6176.68
445.20 -11.56 -17.00 -48.14 330.10 122.54 13.36 0.20
0.00 6811.88
410.90 -15.76 -20.03 -42.98 332.72 105.12 14.90 0.10
0.00 7420.91
379.80 -20.36 -23.39 -39.14 334.70 104.56 15.46 0.00
0.00 8008.69
351.90 -24.76 -27.05 -41.40 335.93 81.98 13.93 -0.10
0.00 8568.45
326.90 -29.36 -31.15 -47.01 336.26 73.23 14.80 -0.30
0.00 9099.36
304.30 -33.56 -34.87 -49.36 337.18 76.83 18.75 -0.30
0.00 9606.23
284.00 -37.56 -38.52 -52.04 338.04 77.59 19.89 -0.30
0.00 10086.41
265.80 -41.86 -42.20 -46.55 338.65 73.09 20.71 -0.30
0.00 10539.02
248.90 -43.76 -44.02 -47.55 342.19 58.51 25.29 -0.30
100.00 10982.00
233.60 -47.66 -47.86 -51.65 342.24 44.01 31.88 -0.20
100.00 11404.40
219.60 -51.86 -52.00 -55.86 341.64 36.54 33.61 -0.10
100.00 11808.55
205.70 -56.26 -56.37 -61.06 340.99 25.17 35.63 0.10
100.00 12227.92
191.70 -59.66 -59.75 -65.45 342.39 20.12 35.59 0.10
76.00 12671.92
177.80 -61.46 -61.58 -73.70 346.79 21.06 30.81 0.10
0.00 13140.33
163.80 -64.36 -64.44 -74.24 350.15 22.58 21.25 0.00
0.00 13645.04
149.80 -68.26 -68.30 -74.84 352.49 10.57 14.82 -0.10
0.00 14185.99
135.90 -70.26 -9999.00 -9999.00 -9999.00 346.57 13.38 0.00
0.00 14767.18
121.90 -71.96 -9999.00 -9999.00 -9999.00 349.62 14.02 0.00
0.00 15410.14
108.00 -73.56 -9999.00 -9999.00 -9999.00 353.76 12.51 0.00
0.00 16120.29
94.00 -74.66 -9999.00 -9999.00 -9999.00 6.65 11.73 0.00
0.00 16929.18
81.00 -74.86 -9999.00 -9999.00 -9999.00 19.65 8.66 0.00
0.00 17793.55
70.60 -73.46 -9999.00 -9999.00 -9999.00 60.07 7.40 0.00
0.00 18593.98
62.20 -70.16 -9999.00 -9999.00 -9999.00 113.20 7.40 0.00
0.00 19340.54
54.30 -67.36 -9999.00 -9999.00 -9999.00 149.53 3.83 0.00
0.00 20153.18
46.90 -63.36 -9999.00 -9999.00 -9999.00 360.00 0.97 0.00
0.00 21044.28
40.10 -59.46 -9999.00 -9999.00 -9999.00 138.81 2.06 0.00
0.00 22015.13
33.80 -57.76 -9999.00 -9999.00 -9999.00 307.88 2.21 0.00
0.00 23088.46
27.80 -54.26 -9999.00 -9999.00 -9999.00 352.41 2.93 0.00
0.00 24330.58
22.30 -50.36 -9999.00 -9999.00 -9999.00 139.18 5.65 0.00
0.00 25755.63
17.10 -45.36 -9999.00 -9999.00 -9999.00 144.46 8.35 0.00
0.00 27506.54
12.30 -40.46 -9999.00 -9999.00 -9999.00 134.14 9.21 0.00
0.00 29727.05

STID = PHNL STNM = 911820 TIME = 221026/1400 
SLAT = 21.35 SLON = -157.93 SELV = 77.0
STIM = 2

SHOW = 2.09 LIFT = -0.29 SWET = 215.29 KINX = 14.00
LCLP = 961.01 PWAT = 35.88 TOTL = 41.12 CAPE = 558.42
LCLT = 293.16 CINS = -10.25 EQLV = 188.99 LFCT = 862.11
BRCH = 260.80

PRES TMPC TMWC DWPC THTE DRCT SKNT OMEG
CFRL HGHT
1008.00 24.04 21.79 20.79 341.65 98.62 6.49 0.20
0.00 84.84
1004.90 24.24 21.88 20.84 342.49 98.33 8.04 0.40
0.00 111.89
999.40 24.14 21.98 21.04 343.76 99.78 11.44 0.60
0.00 160.11
989.80 23.44 21.85 21.15 344.69 101.46 14.67 0.70
0.00 244.81
975.60 22.24 21.36 20.94 344.78 102.75 16.72 0.80
0.00 371.23
957.40 21.14 20.59 20.29 344.34 103.57 17.39 0.90
5.00 535.32
935.60 20.14 19.50 19.16 343.29 107.39 16.90 0.90
9.00 735.24
911.80 19.24 18.32 17.85 342.33 117.53 15.56 0.90
3.00 958.06
886.00 17.94 16.81 16.22 340.58 128.66 16.16 0.70
1.00 1205.21
857.20 16.44 14.98 14.17 338.36 132.81 18.01 0.50
0.00 1488.18
825.40 14.54 12.84 11.84 335.95 131.08 20.10 0.40
0.00 1809.75
790.60 12.14 9.25 7.23 329.87 130.24 23.15 0.30
0.00 2173.03
752.90 10.04 4.84 -0.06 323.03 131.19 20.65 0.10
0.00 2581.17
712.30 9.74 1.36 -9.93 320.07 102.80 13.15 -0.10
0.00 3041.49
668.70 8.94 -0.71 -16.96 321.74 88.36 13.60 -0.10
0.00 3564.43
622.20 6.04 -4.43 -39.51 320.51 100.22 12.04 0.00
0.00 4156.81
573.30 1.34 -7.65 -43.66 322.35 112.20 10.28 0.10
0.00 4820.17
525.90 -3.16 -10.76 -43.22 325.06 133.30 13.87 0.20
0.00 5507.92
483.20 -7.46 -13.90 -45.23 327.63 131.33 15.00 0.20
0.00 6171.88
445.10 -11.66 -17.05 -47.37 330.03 110.45 12.24 0.10
0.00 6805.63
410.80 -16.06 -20.25 -42.99 332.35 99.33 14.37 0.00
0.00 7414.34
379.70 -20.66 -23.59 -38.86 334.37 100.71 14.63 -0.20
0.00 8001.57
351.90 -25.06 -27.22 -40.46 335.64 78.85 14.06 -0.30
0.00 8558.74
326.80 -29.46 -31.19 -46.01 336.23 70.25 16.10 -0.30
0.00 9091.43
304.30 -33.46 -34.81 -50.01 337.28 74.74 19.93 -0.30
0.00 9596.14
284.00 -37.56 -38.41 -48.80 338.24 79.01 20.38 -0.10
0.00 10076.43
265.80 -40.96 -41.34 -45.76 340.04 68.54 24.42 0.00
0.00 10529.91
248.90 -44.46 -44.86 -51.74 340.82 45.88 35.72 0.30
72.00 10973.08
233.60 -48.46 -48.71 -54.49 340.86 39.90 29.37 0.50
83.00 11394.08
219.60 -52.26 -52.43 -57.90 340.94 27.98 28.15 0.50
84.00 11797.14
205.70 -55.96 -56.10 -62.77 341.42 20.85 30.56 0.40
72.00 12216.40
191.70 -58.96 -59.09 -68.39 343.47 24.29 34.95 0.20
26.00 12661.43
177.80 -61.86 -61.97 -73.70 346.14 31.75 36.56 0.00
0.00 13130.17
163.80 -64.86 -64.93 -74.24 349.31 30.56 28.65 0.00
0.00 13633.80
149.80 -68.26 -68.30 -74.84 352.49 11.44 16.65 0.00
0.00 14174.09
135.90 -69.96 -9999.00 -9999.00 -9999.00 343.30 16.22 0.10
0.00 14755.71
121.90 -71.16 -9999.00 -9999.00 -9999.00 344.25 15.73 0.10
0.00 15400.42
108.00 -72.96 -9999.00 -9999.00 -9999.00 359.08 12.04 0.00
0.00 16113.06
94.00 -74.56 -9999.00 -9999.00 -9999.00 21.10 11.87 0.00
0.00 16923.37
81.00 -75.16 -9999.00 -9999.00 -9999.00 23.63 10.18 0.00
0.00 17787.30
70.60 -74.36 -9999.00 -9999.00 -9999.00 45.00 7.15 0.00
0.00 18585.31
62.20 -70.96 -9999.00 -9999.00 -9999.00 142.70 5.13 0.00
0.00 19328.72
54.30 -67.96 -9999.00 -9999.00 -9999.00 184.57 4.88 0.00
0.00 20138.59
46.90 -63.66 -9999.00 -9999.00 -9999.00 14.04 0.80 0.00
0.00 21027.75
40.10 -60.16 -9999.00 -9999.00 -9999.00 120.96 1.13 0.00
0.00 21996.31
33.80 -58.36 -9999.00 -9999.00 -9999.00 344.05 2.84 0.00
0.00 23066.39
27.80 -54.06 -9999.00 -9999.00 -9999.00 47.29 3.44 0.00
0.00 24307.37
22.30 -50.06 -9999.00 -9999.00 -9999.00 132.27 8.66 0.00
0.00 25734.03
17.10 -46.26 -9999.00 -9999.00 -9999.00 129.96 9.38 0.00
0.00 27482.60
12.30 -41.16 -9999.00 -9999.00 -9999.00 138.53 11.15 0.00
0.00 29695.40

STID = PHNL STNM = 911820 TIME = 221026/1500 
SLAT = 21.35 SLON = -157.93 SELV = 77.0
STIM = 3

SHOW = 2.85 LIFT = -0.29 SWET = 218.93 KINX = 21.05
LCLP = 986.37 PWAT = 39.69 TOTL = 39.41 CAPE = 835.21
LCLT = 294.87 CINS = -0.01 EQLV = 177.14 LFCT = 947.02
BRCH = 1532.97

PRES TMPC TMWC DWPC THTE DRCT SKNT OMEG
CFRL HGHT
1007.90 23.54 22.53 22.07 344.83 104.68 8.43 0.20
0.00 84.83
1004.90 23.44 22.51 22.07 345.17 105.95 11.31 0.50
0.00 110.98
999.30 23.14 22.38 22.02 345.50 107.90 13.27 0.60
0.00 159.96
989.70 22.54 22.14 21.92 345.94 109.98 15.91 0.80
0.00 244.44
975.50 21.74 21.62 21.50 345.88 111.57 17.97 0.90
17.00 370.62
957.30 20.84 20.72 20.61 344.94 113.50 19.48 1.00
98.00 534.55
935.50 19.94 19.81 19.69 344.57 113.85 20.18 1.10
100.00 734.37
911.70 18.64 18.51 18.39 343.09 113.69 20.78 1.20
100.00 956.98
885.90 16.74 16.68 16.59 340.08 116.57 20.42 1.10
98.00 1203.46
857.10 15.24 14.72 14.39 337.44 122.74 19.41 0.80
13.00 1485.33
825.30 13.84 12.79 12.15 335.78 129.42 18.36 0.40
4.00 1805.92
790.60 12.04 10.02 8.67 332.24 131.69 16.65 0.10
0.00 2167.79
752.80 9.84 7.37 5.54 330.26 130.28 15.02 0.00
0.00 2577.23
712.20 9.54 3.47 -2.65 325.71 113.10 14.36 0.20
0.00 3037.90
668.60 8.34 1.23 -7.07 326.98 102.30 15.50 0.40
0.00 3560.77
622.00 6.64 -4.33 -56.35 320.57 103.30 10.98 0.30
0.00 4154.86
573.10 2.04 -7.27 -45.09 323.12 107.42 10.39 0.30
0.00 4819.96
525.70 -2.56 -10.40 -43.23 325.81 127.67 13.99 0.20
0.00 5509.61
483.10 -7.16 -13.70 -45.24 328.02 122.35 13.79 0.20
0.00 6173.32
445.00 -11.66 -17.05 -47.37 330.05 98.67 11.60 0.10
0.00 6807.57
410.70 -16.26 -20.39 -42.99 332.12 94.14 13.44 0.00
0.00 7416.18
379.70 -21.06 -23.84 -38.06 333.95 98.13 13.73 -0.20
0.00 8000.92
351.90 -25.46 -27.42 -38.80 335.33 77.56 13.52 -0.30
0.00 8557.21
326.80 -29.76 -31.34 -43.87 336.01 69.78 15.73 -0.40
0.00 9089.16
304.20 -33.66 -34.96 -49.37 337.07 77.41 18.71 -0.40
0.00 9595.68
284.00 -37.66 -38.45 -47.75 338.17 82.87 18.78 -0.20
0.00 10073.39
265.80 -40.56 -41.09 -47.86 340.43 57.36 29.53 0.00
0.00 10527.16
248.90 -44.76 -45.21 -53.96 340.25 50.69 31.88 0.20
22.00 10970.41
233.60 -48.46 -48.76 -56.32 340.78 35.45 28.13 0.30
33.00 11391.12
219.60 -52.16 -52.36 -59.12 341.05 24.38 29.64 0.30
34.00 11794.27
205.70 -55.66 -55.83 -64.93 341.85 24.50 33.72 0.20
22.00 12213.91
191.70 -58.86 -58.99 -68.39 343.63 33.22 39.70 0.10
0.00 12659.35
177.80 -62.46 -62.53 -68.92 345.20 36.11 40.87 0.10
0.00 13127.54
163.80 -65.36 -65.43 -74.24 348.47 29.96 32.28 0.20
0.00 13629.86
149.80 -67.56 -67.61 -74.84 353.70 358.09 17.48 0.20
0.00 14170.41
135.90 -69.16 -9999.00 -9999.00 -9999.00 331.19 17.74 0.10
0.00 14754.17
121.90 -70.66 -9999.00 -9999.00 -9999.00 344.55 15.31 0.00
0.00 15400.94
108.00 -73.26 -9999.00 -9999.00 -9999.00 15.33 12.49 -0.10
0.00 16113.94
94.00 -75.36 -9999.00 -9999.00 -9999.00 22.29 12.80 -0.10
0.00 16922.01
81.00 -75.76 -9999.00 -9999.00 -9999.00 19.89 9.71 0.00
0.00 17782.89
70.60 -74.96 -9999.00 -9999.00 -9999.00 46.47 5.36 0.00
0.00 18578.49
62.20 -71.46 -9999.00 -9999.00 -9999.00 176.05 5.65 0.00
0.00 19319.86
54.30 -68.36 -9999.00 -9999.00 -9999.00 183.37 3.30 0.00
0.00 20127.93
46.90 -63.06 -9999.00 -9999.00 -9999.00 32.28 4.37 0.00
0.00 21017.53
40.10 -59.26 -9999.00 -9999.00 -9999.00 14.04 1.59 0.00
0.00 21989.53
33.80 -57.36 -9999.00 -9999.00 -9999.00 339.78 3.92 0.00
0.00 23064.36
27.80 -53.36 -9999.00 -9999.00 -9999.00 72.65 3.26 0.00
0.00 24310.20
22.30 -50.16 -9999.00 -9999.00 -9999.00 148.13 8.47 0.00
0.00 25738.79
17.10 -47.76 -9999.00 -9999.00 -9999.00 142.43 9.56 0.00
0.00 27481.15
12.30 -42.46 -9999.00 -9999.00 -9999.00 156.57 12.70 0.00
0.00 29680.44

STID = PHNL STNM = 911820 TIME = 221026/1600 
SLAT = 21.35 SLON = -157.93 SELV = 77.0
STIM = 4

SHOW = 4.37 LIFT = -0.40 SWET = 203.32 KINX = 25.24
LCLP = 989.82 PWAT = 39.77 TOTL = 37.80 CAPE = 1074.99
LCLT = 295.42 CINS = 0.00 EQLV = 173.90 LFCT = 952.27
BRCH = 3269.71

PRES TMPC TMWC DWPC THTE DRCT SKNT OMEG
CFRL HGHT
1008.30 23.84 22.98 22.58 346.72 113.20 7.40 0.20
0.00 84.84
1005.30 23.84 22.96 22.55 347.09 111.37 9.60 0.40
0.00 111.01
999.70 23.54 22.82 22.48 347.37 111.97 11.95 0.50
0.00 160.05
990.10 22.84 22.51 22.31 347.47 111.67 15.25 0.60
0.00 244.63
975.90 22.24 21.88 21.67 346.96 113.04 18.36 0.60
15.00 370.95
957.60 21.24 20.87 20.65 345.50 115.37 20.86 0.70
48.00 535.98
935.90 19.84 19.63 19.48 343.78 116.79 21.97 0.70
56.00 734.90
912.10 18.34 18.27 18.17 342.05 118.53 22.77 0.70
58.00 957.23
886.30 16.74 16.46 16.26 339.18 121.38 22.75 0.80
48.00 1203.43
857.50 15.14 14.10 13.48 335.19 125.95 21.83 0.80
9.00 1485.05
825.70 14.24 10.85 8.57 329.35 132.12 19.11 0.60
0.00 1805.36
791.00 12.04 9.03 6.89 329.13 137.53 15.54 0.30
0.00 2166.93
753.30 10.24 7.29 5.06 329.91 125.06 13.52 0.20
0.00 2575.19
712.50 9.74 6.94 4.92 335.74 116.85 17.19 0.20
0.00 3038.78
668.70 8.04 1.54 -5.64 327.84 114.97 15.64 0.10
0.00 3564.37
622.20 6.94 -4.03 -43.59 321.28 96.12 10.94 0.00
0.00 4157.14
573.30 2.34 -7.21 -54.65 323.13 98.43 10.61 0.00
0.00 4822.74
525.90 -2.46 -10.36 -44.46 325.82 122.09 13.52 0.10
0.00 5512.62
483.20 -7.16 -13.67 -44.01 328.08 115.77 12.51 0.20
0.00 6177.82
445.10 -11.56 -16.98 -47.37 330.16 84.99 11.11 0.10
0.00 6812.06
410.80 -16.46 -20.51 -42.55 331.88 82.23 12.94 0.00
0.00 7420.41
379.70 -21.26 -23.95 -37.56 333.76 86.42 12.45 -0.10
0.00 8006.50
351.90 -25.76 -27.57 -37.82 335.07 75.75 12.63 -0.20
0.00 8562.25
326.80 -29.76 -31.31 -43.49 336.05 73.16 15.42 -0.30
0.00 9093.88
304.30 -33.56 -34.87 -49.36 337.18 84.29 17.56 -0.20
0.00 9598.19
284.00 -37.46 -38.16 -45.55 338.66 82.32 17.44 -0.10
0.00 10078.48
265.80 -40.66 -41.37 -52.61 339.96 51.71 28.21 0.00
0.00 10532.35
248.90 -44.66 -45.06 -52.42 340.48 38.18 25.45 0.10
0.00 10975.60
233.60 -48.56 -48.80 -54.49 340.71 27.78 28.77 0.10
0.00 11396.31
219.60 -52.26 -52.46 -59.12 340.90 28.39 32.67 0.20
0.00 11799.28
205.70 -55.76 -55.93 -64.93 341.69 31.86 40.48 0.10
0.00 12218.73
191.70 -59.16 -59.26 -65.45 343.19 33.27 43.90 0.10
0.00 12663.76
177.80 -62.26 -62.34 -68.92 345.53 31.57 37.84 0.10
0.00 13131.84
163.80 -64.86 -64.93 -74.24 349.31 27.57 29.80 0.10
0.00 13635.00
149.80 -67.36 -67.41 -74.84 354.04 7.87 18.43 0.10
0.00 14176.46
135.90 -69.16 -9999.00 -9999.00 -9999.00 331.97 16.94 0.00
0.00 14760.50
121.90 -70.86 -9999.00 -9999.00 -9999.00 354.75 16.98 0.00
0.00 15406.96
108.00 -73.86 -9999.00 -9999.00 -9999.00 22.83 16.03 0.00
0.00 16118.54
94.00 -75.36 -9999.00 -9999.00 -9999.00 21.80 12.55 0.00
0.00 16925.39
81.00 -75.26 -9999.00 -9999.00 -9999.00 25.41 8.61 0.00
0.00 17787.37
70.60 -74.96 -9999.00 -9999.00 -9999.00 43.45 5.09 0.00
0.00 18583.97
62.20 -71.46 -9999.00 -9999.00 -9999.00 182.49 4.47 0.00
0.00 19325.34
54.30 -67.56 -9999.00 -9999.00 -9999.00 86.42 3.11 0.00
0.00 20135.00
46.90 -61.66 -9999.00 -9999.00 -9999.00 42.09 8.12 0.00
0.00 21029.32
40.10 -58.86 -9999.00 -9999.00 -9999.00 7.77 4.31 0.00
0.00 22005.45
33.80 -57.36 -9999.00 -9999.00 -9999.00 341.57 5.54 0.00
0.00 23081.28
27.80 -53.36 -9999.00 -9999.00 -9999.00 90.00 3.30 0.00
0.00 24327.11
22.30 -50.46 -9999.00 -9999.00 -9999.00 151.26 6.88 0.00
0.00 25754.74
17.10 -49.16 -9999.00 -9999.00 -9999.00 144.46 8.35 0.00
0.00 27490.50
12.30 -43.66 -9999.00 -9999.00 -9999.00 179.19 13.79 0.00
0.00 29677.25

STID = PHNL STNM = 911820 TIME = 221026/1700 
SLAT = 21.35 SLON = -157.93 SELV = 77.0
STIM = 5

SHOW = 6.22 LIFT = 0.25 SWET = 177.93 KINX = 26.47
LCLP = 988.11 PWAT = 40.33 TOTL = 35.65 CAPE = 1032.36
LCLT = 295.50 CINS = -0.05 EQLV = 176.25 LFCT = 948.65
BRCH = 2430.20

PRES TMPC TMWC DWPC THTE DRCT SKNT OMEG
CFRL HGHT
1009.20 24.14 23.15 22.70 347.33 122.66 8.99 0.20
0.00 84.84
1006.10 24.04 23.07 22.63 347.47 121.80 11.42 0.30
0.00 111.89
1000.50 23.64 22.88 22.52 347.50 122.09 13.52 0.40
0.00 160.92
990.90 23.04 22.54 22.28 347.50 122.37 16.34 0.50
0.00 245.47
976.70 22.14 21.83 21.64 346.61 122.56 19.13 0.60
15.00 371.70
958.50 21.24 20.70 20.41 344.65 123.69 21.02 0.70
10.00 535.64
936.70 20.04 19.37 19.01 342.57 123.98 21.54 0.90
7.00 735.33
912.90 18.54 17.64 17.16 339.50 125.54 21.72 1.10
8.00 957.53
887.00 17.04 15.56 14.75 335.81 126.25 21.68 1.10
3.00 1204.53
858.30 15.74 12.85 11.08 330.87 126.34 20.98 0.90
0.00 1485.11
826.50 14.14 10.72 8.41 328.84 129.73 17.93 0.50
0.00 1805.23
791.70 11.84 9.37 7.66 330.07 137.29 13.75 0.20
0.00 2167.35
753.90 9.94 8.39 7.31 333.15 120.96 14.72 0.00
0.00 2576.19
713.00 8.94 8.09 7.50 339.25 120.53 17.60 -0.10
10.00 3040.05
669.20 7.44 1.99 -3.58 329.03 113.96 15.31 0.00
0.00 3564.29
622.60 6.64 -4.04 -37.73 321.29 90.92 12.04 0.00
0.00 4157.10
573.60 2.54 -7.12 -60.22 323.23 99.95 11.25 0.10
0.00 4823.58
526.10 -2.26 -10.15 -41.12 326.26 120.14 13.93 0.20
0.00 5515.11
483.40 -6.76 -13.22 -38.69 328.99 105.57 12.30 0.30
0.00 6180.83
445.20 -11.46 -16.83 -44.20 330.46 73.47 12.98 0.30
0.00 6817.16
410.90 -16.56 -20.42 -39.28 332.07 77.01 12.96 0.30
0.00 7425.40
379.80 -21.26 -23.79 -35.74 334.03 79.26 11.46 0.30
0.00 8011.26
351.90 -25.66 -27.46 -37.37 335.28 76.43 11.60 0.10
0.00 8569.06
326.90 -29.66 -31.21 -43.12 336.20 79.62 14.02 0.00
0.00 9098.71
304.30 -33.46 -34.74 -48.19 337.40 88.43 14.18 -0.10
0.00 9605.39
284.00 -37.16 -37.85 -44.78 339.17 67.72 17.42 -0.10
0.00 10086.10
265.80 -40.76 -41.37 -49.94 339.98 50.03 26.61 -0.10
0.00 10540.17
248.90 -44.76 -45.04 -49.42 340.54 37.61 29.91 0.00
0.00 10983.24
233.60 -48.76 -48.97 -53.69 340.45 32.24 29.86 0.10
7.00 11403.68
219.60 -52.46 -52.62 -57.90 340.63 31.20 32.25 0.10
4.00 11806.29
205.70 -55.96 -56.12 -64.93 341.38 34.64 38.97 0.10
0.00 12225.36
191.70 -59.26 -59.38 -68.39 342.99 32.49 41.22 0.00
0.00 12670.08
177.80 -62.06 -62.17 -73.70 345.81 30.04 37.26 0.00
0.00 13138.27
163.80 -64.56 -64.64 -74.24 349.81 32.74 29.10 0.00
0.00 13642.02
149.80 -67.26 -67.31 -74.84 354.21 19.18 18.92 0.00
0.00 14184.01
135.90 -69.56 -9999.00 -9999.00 -9999.00 335.71 17.48 0.00
0.00 14767.62
121.90 -71.26 -9999.00 -9999.00 -9999.00 355.14 18.32 0.00
0.00 15412.81
108.00 -73.86 -9999.00 -9999.00 -9999.00 20.82 14.76 0.00
0.00 16123.68
94.00 -74.86 -9999.00 -9999.00 -9999.00 18.12 11.25 0.00
0.00 16931.55
81.00 -75.56 -9999.00 -9999.00 -9999.00 20.96 9.77 0.00
0.00 17793.95
70.60 -75.16 -9999.00 -9999.00 -9999.00 19.03 5.96 0.00
0.00 18589.55
62.20 -71.26 -9999.00 -9999.00 -9999.00 201.80 2.10 0.00
0.00 19330.92
54.30 -67.26 -9999.00 -9999.00 -9999.00 55.01 4.74 0.00
0.00 20141.58
46.90 -62.26 -9999.00 -9999.00 -9999.00 50.48 10.08 0.00
0.00 21035.25
40.10 -60.06 -9999.00 -9999.00 -9999.00 37.30 5.13 0.00
0.00 22007.25
33.80 -57.86 -9999.00 -9999.00 -9999.00 5.19 4.29 0.00
0.00 23078.83
27.80 -53.86 -9999.00 -9999.00 -9999.00 82.57 4.51 0.00
0.00 24321.80
22.30 -50.86 -9999.00 -9999.00 -9999.00 110.22 3.92 0.00
0.00 25746.53
17.10 -49.46 -9999.00 -9999.00 -9999.00 137.39 6.60 0.00
0.00 27479.56
12.30 -44.26 -9999.00 -9999.00 -9999.00 190.10 14.39 0.00
0.00 29661.98

STID = PHNL STNM = 911820 TIME = 221026/1800 
SLAT = 21.35 SLON = -157.93 SELV = 77.0
STIM = 6

SHOW = 6.28 LIFT = 0.72 SWET = 174.06 KINX = 27.68
LCLP = 967.52 PWAT = 40.78 TOTL = 35.65 CAPE = 876.23
LCLT = 294.72 CINS = -0.10 EQLV = 179.61 LFCT = 946.96
BRCH = 5255.44

PRES TMPC TMWC DWPC THTE DRCT SKNT OMEG
CFRL HGHT
1009.20 25.14 23.11 22.26 347.17 117.05 10.26 0.20
0.00 85.74
1006.20 24.64 22.92 22.18 346.77 119.05 12.00 0.40
0.00 111.97
1000.60 24.14 22.68 22.05 346.62 120.26 13.50 0.50
0.00 161.07
991.00 23.34 22.29 21.81 346.38 120.20 15.05 0.50
0.00 245.70
976.70 22.24 21.59 21.27 345.60 121.30 16.82 0.60
4.00 372.88
958.50 21.04 20.44 20.13 343.58 123.69 18.90 0.60
27.00 536.75
936.80 19.84 19.04 18.62 341.24 125.27 19.50 0.80
30.00 735.34
913.00 18.44 17.34 16.76 338.35 128.66 19.89 0.90
32.00 957.36
887.20 17.04 15.22 14.20 334.55 129.60 20.42 0.90
22.00 1203.26
858.40 16.24 12.56 10.24 329.88 126.43 20.28 0.80
6.00 1484.94
826.70 13.84 11.53 10.05 331.37 127.49 17.87 0.50
6.00 1804.14
791.80 11.54 9.65 8.36 330.90 133.81 13.19 0.20
5.00 2167.02
754.00 9.04 8.32 7.80 332.93 118.07 13.21 0.00
8.00 2575.02
713.10 9.04 7.64 6.68 337.83 113.20 16.28 -0.10
0.00 3038.13
669.30 6.54 3.95 1.82 334.54 108.23 16.76 0.00
1.00 3561.81
622.60 6.84 -3.91 -36.93 321.60 88.39 13.79 0.10
0.00 4155.50
573.60 2.74 -9999.00 -9999.00 -9999.00 103.60 12.39 0.00
0.00 4822.45
526.10 -2.16 -10.27 -49.48 325.91 122.78 13.64 -0.10
0.00 5514.34
483.40 -6.76 -13.40 -43.44 328.58 106.07 11.93 0.10
0.00 6180.13
445.20 -11.36 -16.83 -46.65 330.43 71.27 12.10 0.30
0.00 6816.55
410.90 -16.26 -20.23 -39.59 332.42 74.05 11.31 0.50
0.00 7425.25
379.80 -20.96 -23.59 -35.95 334.39 71.57 10.45 0.50
0.00 8011.79
351.90 -25.56 -27.44 -38.06 335.31 65.16 11.56 0.30
0.00 8570.03
326.90 -29.66 -31.27 -44.26 336.08 66.70 13.75 0.10
0.00 9099.79
304.30 -33.56 -34.79 -47.14 337.34 75.96 11.21 0.00
0.00 9606.36
284.00 -37.16 -37.81 -44.08 339.25 58.24 19.19 -0.10
0.00 10086.98
265.80 -41.06 -41.43 -45.76 339.90 49.23 27.95 0.00
2.00 10540.77
248.90 -44.96 -45.30 -51.11 340.12 41.84 27.37 0.00
1.00 10983.36
233.60 -48.86 -49.14 -56.32 340.17 38.78 29.16 0.10
0.00 11403.52
219.60 -52.46 -52.65 -59.12 340.59 37.68 35.59 0.10
0.00 11806.03
205.70 -56.16 -56.32 -64.93 341.06 37.90 38.89 0.10
0.00 12224.91
191.70 -59.46 -59.58 -68.39 342.67 36.87 38.85 0.10
0.00 12669.22
177.80 -62.16 -62.26 -73.70 345.64 31.23 36.34 0.10
0.00 13137.08
163.80 -64.56 -64.64 -74.24 349.81 28.23 29.99 0.10
0.00 13640.71
149.80 -66.96 -67.02 -74.84 354.73 20.56 18.26 0.00
0.00 14183.09
135.90 -69.76 -9999.00 -9999.00 -9999.00 338.78 17.72 0.00
0.00 14766.84
121.90 -71.46 -9999.00 -9999.00 -9999.00 356.96 18.28 -0.10
0.00 15411.40
108.00 -74.06 -9999.00 -9999.00 -9999.00 20.56 13.29 -0.10
0.00 16121.55
94.00 -75.26 -9999.00 -9999.00 -9999.00 10.92 11.29 0.00
0.00 16928.20
81.00 -75.46 -9999.00 -9999.00 -9999.00 15.78 9.29 0.00
0.00 17789.96
70.60 -73.96 -9999.00 -9999.00 -9999.00 21.37 4.80 0.00
0.00 18588.17
62.20 -70.36 -9999.00 -9999.00 -9999.00 144.46 1.67 0.00
0.00 19333.44
54.30 -66.96 -9999.00 -9999.00 -9999.00 67.83 5.67 0.00
0.00 20146.48
46.90 -62.96 -9999.00 -9999.00 -9999.00 74.25 7.87 0.00
0.00 21039.29
40.10 -60.46 -9999.00 -9999.00 -9999.00 41.63 2.33 0.00
0.00 22008.77
33.80 -57.06 -9999.00 -9999.00 -9999.00 5.19 2.14 0.00
0.00 23081.35
27.80 -52.76 -9999.00 -9999.00 -9999.00 101.89 3.77 0.00
0.00 24329.76
22.30 -49.76 -9999.00 -9999.00 -9999.00 129.29 2.76 0.00
0.00 25761.59
17.10 -48.76 -9999.00 -9999.00 -9999.00 161.15 8.41 0.00
0.00 27501.62
12.30 -44.56 -9999.00 -9999.00 -9999.00 182.94 15.17 0.00
0.00 29685.96

STID = PHNL STNM = 911820 TIME = 221026/1900 
SLAT = 21.35 SLON = -157.93 SELV = 77.0
STIM = 7

SHOW = 5.80 LIFT = 1.31 SWET = 175.55 KINX = 29.05
LCLP = 951.31 PWAT = 40.98 TOTL = 36.26 CAPE = 580.66
LCLT = 293.70 CINS = -2.29 EQLV = 186.13 LFCT = 925.73
BRCH = 5564.38

PRES TMPC TMWC DWPC THTE DRCT SKNT OMEG
CFRL HGHT
1010.30 25.64 22.75 21.53 345.39 110.32 11.19 0.30
0.00 84.86
1007.30 25.14 22.56 21.46 345.03 113.20 13.31 0.50
0.00 111.10
1001.70 24.54 22.30 21.33 344.75 114.57 14.96 0.60
0.00 160.20
992.00 23.64 21.88 21.11 344.48 115.02 16.08 0.70
0.00 245.69
977.80 22.44 21.27 20.72 344.03 116.57 16.94 0.80
0.00 371.89
959.60 21.14 20.14 19.65 342.17 118.26 17.64 0.90
12.00 535.62
937.80 19.94 18.58 17.89 339.28 121.69 18.49 0.90
21.00 734.90
913.90 18.44 17.01 16.25 336.97 126.03 18.49 0.90
22.00 957.58
888.10 17.44 14.77 13.25 332.85 129.88 18.47 0.80
11.00 1203.33
859.40 16.24 12.85 10.75 330.67 130.34 18.61 0.50
2.00 1483.88
827.50 14.14 11.85 10.42 332.31 127.76 17.44 0.30
0.00 1804.98
792.60 11.64 10.50 9.75 333.46 126.25 14.45 0.00
0.00 2167.86
754.70 8.64 8.58 8.49 333.60 117.98 14.08 -0.20
100.00 2576.49
713.70 8.64 7.37 6.48 336.87 109.98 15.91 -0.20
5.00 3039.71
669.80 5.94 4.61 3.57 336.38 97.77 17.25 0.00
8.00 3563.35
623.00 6.84 -4.20 -53.96 320.70 86.78 17.31 0.10
0.00 4157.36
573.90 2.74 -9999.00 -9999.00 -9999.00 104.04 13.62 -0.10
0.00 4825.24
526.40 -2.26 -10.28 -46.65 325.86 126.30 11.81 -0.20
0.00 5516.63
483.60 -6.76 -13.46 -45.90 328.38 109.72 10.94 -0.10
0.00 6183.53
445.40 -11.06 -16.56 -44.20 330.92 80.54 10.63 0.10
0.00 6820.04
411.00 -15.96 -19.83 -36.77 333.16 79.70 10.86 0.20
0.00 7431.03
379.90 -20.66 -23.31 -35.33 334.88 63.43 10.86 0.30
0.00 8018.14
352.00 -25.36 -27.32 -38.55 335.47 52.28 13.01 0.20
0.00 8576.79
326.90 -29.76 -31.27 -42.77 336.10 49.21 13.09 0.10
0.00 9108.70
304.30 -33.76 -34.89 -45.75 337.18 59.26 8.35 0.00
0.00 9614.97
284.00 -37.36 -37.84 -42.20 339.19 44.19 19.50 0.00
0.00 10095.19
265.80 -40.96 -41.62 -51.87 339.56 46.97 23.91 0.00
0.00 10548.88
248.90 -45.06 -45.53 -55.80 339.72 48.37 28.07 0.00
0.00 10991.45
233.60 -48.86 -49.16 -57.40 340.13 44.22 30.36 0.10
0.00 11411.50
219.60 -52.56 -52.79 -62.27 340.35 45.95 33.24 0.10
0.00 11813.92
205.70 -56.06 -56.22 -64.93 341.22 42.46 37.12 0.10
0.00 12232.80
191.70 -59.66 -59.77 -68.39 342.34 40.04 36.54 0.10
0.00 12677.00
177.80 -62.26 -62.36 -73.70 345.48 36.34 33.76 0.10
0.00 13144.53
163.80 -64.26 -64.34 -74.24 350.32 28.61 26.77 0.10
0.00 13648.40
149.80 -67.16 -67.21 -74.84 354.39 25.46 18.07 0.00
0.00 14190.92
135.90 -69.76 -69.79 -75.48 359.79 342.00 16.34 0.00
0.00 14774.39
121.90 -71.36 -9999.00 -9999.00 -9999.00 357.59 18.47 0.00
0.00 15419.10
108.00 -73.76 -9999.00 -9999.00 -9999.00 12.80 13.15 0.00
0.00 16129.97
94.00 -74.96 -9999.00 -9999.00 -9999.00 3.58 12.45 0.00
0.00 16937.84
81.00 -74.46 -9999.00 -9999.00 -9999.00 21.12 9.17 0.00
0.00 17802.42
70.60 -73.36 -9999.00 -9999.00 -9999.00 40.60 5.38 0.00
0.00 18603.86
62.20 -70.76 -9999.00 -9999.00 -9999.00 96.34 1.77 0.00
0.00 19349.49
54.30 -67.26 -9999.00 -9999.00 -9999.00 68.55 5.85 0.00
0.00 20161.14
46.90 -63.76 -9999.00 -9999.00 -9999.00 84.64 6.24 0.00
0.00 21051.60
40.10 -60.96 -9999.00 -9999.00 -9999.00 17.10 2.64 0.00
0.00 22018.09
33.80 -56.36 -9999.00 -9999.00 -9999.00 39.29 2.76 0.00
0.00 23091.17
27.80 -51.46 -9999.00 -9999.00 -9999.00 118.07 3.30 0.00
0.00 24345.30
22.30 -48.96 -9999.00 -9999.00 -9999.00 155.56 4.70 0.00
0.00 25783.90
17.10 -47.86 -9999.00 -9999.00 -9999.00 155.66 8.95 0.00
0.00 27530.54
12.30 -43.56 -9999.00 -9999.00 -9999.00 171.87 13.73 0.00
0.00 29724.04

STID = PHNL STNM = 911820 TIME = 221026/2000 
SLAT = 21.35 SLON = -157.93 SELV = 77.0
STIM = 8

SHOW = 5.77 LIFT = 1.38 SWET = 180.29 KINX = 28.87
LCLP = 948.95 PWAT = 41.03 TOTL = 36.10 CAPE = 586.40
LCLT = 293.59 CINS = -2.95 EQLV = 188.53 LFCT = 925.85
BRCH = 4624.24

PRES TMPC TMWC DWPC THTE DRCT SKNT OMEG
CFRL HGHT
1010.30 25.74 22.73 21.46 345.30 108.76 10.88 0.30
0.00 85.74
1007.30 25.24 22.54 21.39 344.94 112.75 13.05 0.50
0.00 111.99
1001.70 24.64 22.28 21.27 344.70 113.50 14.61 0.60
0.00 161.10
992.10 23.74 21.87 21.05 344.41 115.02 16.08 0.70
0.00 245.73
977.90 22.54 21.26 20.67 343.99 116.27 17.11 0.80
0.00 371.96
959.60 21.34 20.19 19.63 342.35 118.18 18.51 0.90
7.00 536.65
937.80 20.04 18.57 17.84 339.27 123.39 20.47 0.90
19.00 736.03
914.00 18.34 17.12 16.47 337.37 125.35 20.47 0.90
26.00 957.78
888.20 17.24 14.84 13.47 333.06 127.87 19.93 0.90
18.00 1203.40
859.40 15.94 12.97 11.15 331.08 130.03 19.02 0.80
10.00 1484.70
827.50 13.94 11.83 10.50 332.22 127.87 17.72 0.60
9.00 1805.55
792.60 11.44 10.67 10.16 334.02 124.26 16.22 0.50
21.00 2168.22
754.70 9.04 9.00 8.92 334.90 118.91 14.86 0.30
100.00 2577.06
713.70 7.94 7.36 6.93 336.83 102.20 14.70 0.30
27.00 3040.10
669.80 6.54 3.64 1.19 333.56 88.68 16.90 0.20
1.00 3563.51
623.00 6.44 -4.23 -40.51 320.78 81.95 19.42 0.10
0.00 4157.56
573.90 2.74 -9999.00 -9999.00 -9999.00 110.66 12.67 0.00
0.00 4824.99
526.40 -2.16 -10.13 -42.65 326.21 130.82 11.29 -0.10
0.00 5516.51
483.60 -6.66 -13.38 -45.23 328.54 113.20 11.83 -0.10
0.00 6183.67
445.40 -10.96 -16.43 -42.23 331.21 85.07 11.31 -0.10
0.00 6820.43
411.00 -15.86 -19.68 -35.60 333.47 76.70 10.98 0.00
0.00 7431.68
379.90 -20.56 -23.25 -35.53 334.97 55.81 12.45 0.10
0.00 8019.03
352.00 -25.16 -27.20 -39.06 335.67 46.01 15.66 0.10
0.00 8578.00
326.90 -29.66 -31.06 -40.87 336.47 38.66 13.68 0.10
0.00 9110.24
304.30 -33.86 -34.82 -43.10 337.31 38.66 8.70 0.00
0.00 9616.53
284.00 -37.96 -38.24 -40.62 338.56 30.47 15.33 0.00
100.00 10096.07
265.80 -41.06 -41.71 -51.87 339.42 55.34 22.20 0.00
0.00 10549.08
248.90 -45.16 -45.65 -56.89 339.53 55.19 24.84 0.00
0.00 10991.46
233.60 -48.86 -49.21 -60.07 340.04 49.23 27.95 0.10
0.00 11411.42
219.60 -52.46 -52.65 -59.12 340.59 38.94 31.22 0.10
0.00 11813.93
205.70 -56.06 -56.20 -62.77 341.27 30.21 32.81 0.10
0.00 12232.90
191.70 -59.36 -59.48 -68.39 342.83 30.38 32.65 0.00
0.00 12677.42
177.80 -61.86 -61.97 -73.70 346.14 41.67 28.34 0.00
0.00 13145.72
163.80 -64.76 -64.83 -74.24 349.48 39.43 22.63 0.00
0.00 13649.47
149.80 -67.56 -67.61 -74.84 353.70 25.49 18.51 0.00
0.00 14190.80
135.90 -69.76 -69.79 -75.48 359.79 354.41 17.95 0.00
0.00 14773.71
121.90 -71.46 -9999.00 -9999.00 -9999.00 354.17 19.13 0.00
0.00 15418.26
108.00 -73.46 -9999.00 -9999.00 -9999.00 1.59 13.99 0.00
0.00 16129.48
94.00 -74.36 -9999.00 -9999.00 -9999.00 358.15 12.04 0.00
0.00 16939.18
81.00 -73.96 -9999.00 -9999.00 -9999.00 28.61 9.73 0.00
0.00 17806.17
70.60 -73.96 -9999.00 -9999.00 -9999.00 43.83 6.74 0.00
0.00 18607.40
62.20 -71.06 -9999.00 -9999.00 -9999.00 35.54 1.67 0.00
0.00 19351.36
54.30 -66.96 -9999.00 -9999.00 -9999.00 68.96 5.42 0.00
0.00 20163.01
46.90 -63.66 -9999.00 -9999.00 -9999.00 76.50 4.99 0.00
0.00 21054.33
40.10 -60.36 -9999.00 -9999.00 -9999.00 21.80 6.27 0.00
0.00 22022.43
33.80 -55.96 -9999.00 -9999.00 -9999.00 56.82 6.04 0.00
0.00 23098.01
27.80 -51.96 -9999.00 -9999.00 -9999.00 143.97 2.64 0.00
0.00 24351.85
22.30 -49.16 -9999.00 -9999.00 -9999.00 191.31 7.93 0.00
0.00 25788.20
17.10 -47.26 -9999.00 -9999.00 -9999.00 162.22 10.82 0.00
0.00 27536.38
12.30 -42.96 -9999.00 -9999.00 -9999.00 152.85 8.51 0.00
0.00 29735.67

STID = PHNL STNM = 911820 TIME = 221026/2100 
SLAT = 21.35 SLON = -157.93 SELV = 77.0
STIM = 9

SHOW = 5.23 LIFT = 1.21 SWET = 186.82 KINX = 27.76
LCLP = 934.62 PWAT = 40.75 TOTL = 36.85 CAPE = 519.55
LCLT = 292.97 CINS = -5.62 EQLV = 190.16 LFCT = 911.27
BRCH = 336.66

PRES TMPC TMWC DWPC THTE DRCT SKNT OMEG
CFRL HGHT
1009.50 26.34 22.63 21.07 345.00 116.98 11.99 0.30
0.00 85.76
1006.50 25.74 22.42 21.01 344.55 120.43 14.20 0.40
0.00 112.07
1000.90 25.14 22.15 20.87 344.25 120.96 15.85 0.50
0.00 161.30
991.30 24.24 21.73 20.63 343.91 121.18 17.25 0.50
0.00 246.11
977.10 23.04 21.12 20.26 343.54 121.17 18.40 0.40
0.00 372.63
958.90 21.64 20.00 19.23 341.71 121.64 19.62 0.40
2.00 536.74
937.10 20.34 18.53 17.63 339.19 123.99 20.84 0.40
21.00 736.44
913.30 18.64 17.03 16.19 337.15 125.12 21.62 0.30
24.00 958.56
887.60 16.74 15.48 14.77 335.41 127.28 21.48 0.20
33.00 1203.37
858.70 15.64 13.00 11.39 331.29 130.72 20.24 0.20
24.00 1485.57
826.90 13.44 12.23 11.48 333.65 130.88 17.21 0.10
35.00 1805.29
792.00 11.44 11.27 11.12 336.07 121.50 14.12 0.00
46.00 2168.06
754.10 9.44 9.37 9.27 336.18 112.99 13.93 0.00
100.00 2577.61
713.20 7.14 6.55 6.09 334.44 99.71 14.98 0.10
39.00 3039.51
669.40 7.44 2.11 -3.27 329.32 81.06 17.50 0.20
0.00 3561.81
622.70 6.74 -4.16 -45.12 320.90 80.44 18.71 0.30
0.00 4155.85
573.70 2.94 -6.78 -46.73 324.01 103.60 12.39 0.10
0.00 4822.80
526.20 -2.36 -10.17 -39.78 326.23 117.95 10.78 0.00
0.00 5514.62
483.50 -7.06 -13.64 -45.23 328.07 105.00 11.27 0.00
0.00 6179.68
445.30 -11.46 -16.81 -43.67 330.48 77.57 11.73 0.00
0.00 6815.49
410.90 -16.16 -19.94 -36.29 333.00 71.92 10.00 0.10
0.00 7425.92
379.90 -20.66 -23.29 -35.13 334.92 57.45 10.84 0.20
0.00 8011.00
352.00 -25.06 -26.90 -36.50 336.22 43.33 14.16 0.30
0.00 8569.99
326.90 -29.46 -30.52 -36.63 337.42 34.42 12.72 0.30
0.00 9102.61
304.30 -33.86 -34.47 -38.79 337.92 30.78 10.63 0.20
0.00 9609.16
284.00 -37.76 -38.11 -41.12 338.77 27.72 12.94 0.20
98.00 10088.92
265.80 -40.96 -41.64 -52.61 339.52 60.55 18.96 0.10
0.00 10542.22
248.90 -45.06 -45.48 -53.96 339.80 46.92 20.47 0.10
0.00 10984.79
233.60 -48.86 -49.09 -54.49 340.25 36.50 24.16 0.10
0.00 11404.85
219.60 -52.36 -52.53 -57.90 340.79 27.65 27.62 0.20
5.00 11807.46
205.70 -56.16 -56.27 -61.06 341.15 22.08 29.97 0.30
8.00 12226.44
191.70 -59.46 -59.55 -65.45 342.71 24.60 30.34 0.20
0.00 12670.75
177.70 -61.76 -61.87 -73.70 346.36 31.84 28.36 0.10
0.00 13142.55
163.80 -64.66 -64.74 -74.24 349.65 44.05 24.86 -0.10
0.00 13643.08
149.80 -68.36 -68.40 -74.84 352.32 33.86 18.47 -0.10
0.00 14183.50
135.90 -69.76 -69.79 -75.48 359.79 355.55 17.54 0.00
0.00 14765.27
121.90 -70.86 -9999.00 -9999.00 -9999.00 351.53 18.45 0.00
0.00 15410.77
108.00 -73.16 -9999.00 -9999.00 -9999.00 360.00 14.37 0.00
0.00 16123.59
94.00 -74.66 -9999.00 -9999.00 -9999.00 356.58 13.03 0.00
0.00 16933.29
81.00 -74.76 -9999.00 -9999.00 -9999.00 14.50 11.64 0.00
0.00 17797.88
70.60 -74.06 -9999.00 -9999.00 -9999.00 10.62 6.33 0.00
0.00 18597.30
62.20 -69.86 -9999.00 -9999.00 -9999.00 333.43 1.73 0.00
0.00 19343.30
54.30 -65.86 -9999.00 -9999.00 -9999.00 90.00 4.86 0.00
0.00 20159.53
46.90 -62.46 -9999.00 -9999.00 -9999.00 52.13 4.43 0.00
0.00 21055.77
40.10 -59.26 -9999.00 -9999.00 -9999.00 34.51 11.31 0.00
0.00 22029.14
33.80 -56.76 -9999.00 -9999.00 -9999.00 73.20 10.76 0.00
0.00 23105.48
27.80 -53.46 -9999.00 -9999.00 -9999.00 157.38 5.05 0.00
0.00 24352.74
22.30 -50.06 -9999.00 -9999.00 -9999.00 196.78 12.78 0.00
0.00 25781.34
17.10 -47.16 -9999.00 -9999.00 -9999.00 168.69 10.90 0.00
0.00 27526.42
12.30 -42.36 -9999.00 -9999.00 -9999.00 109.44 3.50 0.00
0.00 29729.09

STID = PHNL STNM = 911820 TIME = 221026/2200 
SLAT = 21.35 SLON = -157.93 SELV = 77.0
STIM = 10

SHOW = 5.72 LIFT = 1.17 SWET = 177.93 KINX = 20.60
LCLP = 923.96 PWAT = 37.81 TOTL = 36.30 CAPE = 529.13
LCLT = 292.43 CINS = -5.30 EQLV = 186.20 LFCT = 903.30
BRCH = 304.98

PRES TMPC TMWC DWPC THTE DRCT SKNT OMEG
CFRL HGHT
1009.10 26.74 22.51 20.71 344.50 113.32 12.28 0.30
0.00 84.90
1006.00 26.24 22.31 20.64 344.16 115.20 14.61 0.50
0.00 112.13
1000.50 25.64 22.05 20.51 343.88 115.64 16.16 0.60
0.00 160.57
990.80 24.74 21.64 20.29 343.62 115.44 17.64 0.50
0.00 246.44
976.70 23.44 21.03 19.96 343.23 115.23 18.69 0.50
0.00 372.29
958.40 21.94 20.23 19.44 342.73 115.29 19.54 0.40
0.00 537.57
936.70 20.44 18.56 17.63 339.37 116.08 20.34 0.30
2.00 736.59
912.90 18.84 17.02 16.07 337.16 118.48 20.77 0.30
22.00 958.91
887.10 17.04 15.32 14.36 334.92 122.06 20.86 0.40
25.00 1204.98
858.20 15.54 12.81 11.12 330.72 124.31 19.99 0.40
21.00 1487.40
826.50 13.54 11.52 10.23 331.39 123.87 17.07 0.30
23.00 1806.20
791.70 11.24 10.92 10.68 334.97 116.20 13.64 0.30
42.00 2167.89
753.80 9.54 8.96 8.54 334.93 104.47 12.43 0.50
66.00 2577.44
712.90 6.04 4.33 2.89 328.13 97.91 14.12 0.60
15.00 3038.41
669.20 8.54 -1.37 -20.13 320.03 79.46 17.00 0.30
0.00 3558.91
622.70 6.94 -4.09 -47.99 321.01 83.44 17.02 0.00
0.00 4151.27
573.70 2.84 -6.70 -40.29 324.27 95.04 13.27 -0.20
0.00 4818.35
526.20 -2.36 -10.14 -38.97 326.31 112.04 8.80 -0.10
0.00 5510.07
483.40 -7.06 -13.64 -45.23 328.09 96.34 8.80 0.00
0.00 6176.76
445.30 -11.46 -16.75 -41.79 330.63 67.83 11.32 0.20
0.00 6810.98
410.90 -16.06 -19.82 -35.60 333.24 62.90 9.38 0.20
0.00 7421.54
379.90 -20.56 -23.16 -34.55 335.16 50.33 10.35 0.20
0.00 8006.86
352.00 -24.86 -26.47 -33.92 337.01 36.55 14.02 0.10
0.00 8566.22
326.90 -29.46 -30.31 -34.84 337.79 35.71 15.31 0.00
0.00 9099.09
304.30 -33.46 -34.00 -37.54 338.71 33.69 17.50 -0.20
6.00 9606.08
284.00 -37.66 -38.06 -41.65 338.84 22.31 16.38 -0.30
48.00 10086.35
265.80 -41.46 -41.81 -46.15 339.27 37.00 16.78 -0.10
6.00 10539.28
248.90 -45.26 -45.50 -49.42 339.79 25.06 16.51 0.00
15.00 10981.20
233.60 -48.86 -49.04 -52.96 340.34 18.07 19.41 0.10
65.00 11401.09
219.60 -52.36 -52.50 -56.82 340.83 19.47 23.89 0.30
31.00 11803.70
205.70 -56.06 -56.17 -61.06 341.31 23.15 29.16 0.30
3.00 12222.77
191.70 -59.76 -59.85 -65.45 342.23 26.57 35.63 0.20
0.00 12666.88
177.70 -62.86 -62.93 -68.92 344.60 28.43 34.67 0.10
0.00 13137.13
163.80 -64.36 -64.44 -74.24 350.15 32.47 25.33 0.00
0.00 13636.71
149.80 -68.16 -68.20 -74.84 352.67 28.91 14.86 0.00
0.00 14177.78
135.90 -69.66 -69.70 -75.48 359.96 358.23 18.84 0.00
0.00 14759.97
121.90 -71.26 -9999.00 -9999.00 -9999.00 2.75 20.22 0.00
0.00 15405.00
108.00 -73.56 -9999.00 -9999.00 -9999.00 3.58 15.58 0.00
0.00 16116.40
94.00 -75.26 -9999.00 -9999.00 -9999.00 352.69 15.27 0.00
0.00 16924.07
81.00 -74.86 -9999.00 -9999.00 -9999.00 8.49 13.15 0.00
0.00 17787.13
70.60 -74.26 -9999.00 -9999.00 -9999.00 27.98 7.03 0.00
0.00 18585.95
62.20 -70.76 -9999.00 -9999.00 -9999.00 345.96 0.80 0.00
0.00 19329.92
54.30 -66.16 -9999.00 -9999.00 -9999.00 170.54 1.18 0.00
0.00 20143.75
46.90 -61.26 -9999.00 -9999.00 -9999.00 12.53 3.57 0.00
0.00 21041.93
40.10 -58.86 -9999.00 -9999.00 -9999.00 44.34 11.95 0.00
0.00 22018.97
33.80 -56.86 -9999.00 -9999.00 -9999.00 95.60 9.95 0.00
0.00 23096.05
27.80 -53.66 -9999.00 -9999.00 -9999.00 175.03 8.97 0.00
0.00 24342.46
22.30 -49.96 -9999.00 -9999.00 -9999.00 201.67 15.25 0.00
0.00 25770.73
17.10 -45.86 -9999.00 -9999.00 -9999.00 170.34 9.27 0.00
0.00 27521.25
12.30 -41.36 -9999.00 -9999.00 -9999.00 72.55 7.13 0.00
0.00 29735.01

STID = PHNL STNM = 911820 TIME = 221026/2300 
SLAT = 21.35 SLON = -157.93 SELV = 77.0
STIM = 11

SHOW = 7.50 LIFT = 1.90 SWET = 144.74 KINX = 6.05
LCLP = 901.83 PWAT = 32.40 TOTL = 34.48 CAPE = 189.48
LCLT = 291.16 CINS = -16.62 EQLV = 208.03 LFCT = 852.58
BRCH = 59.82

PRES TMPC TMWC DWPC THTE DRCT SKNT OMEG
CFRL HGHT
1008.30 27.44 22.12 19.80 342.92 108.97 13.15 0.30
0.00 86.68
1005.40 26.74 21.86 19.72 342.29 110.22 15.73 0.60
0.00 112.21
999.80 26.04 21.57 19.59 341.92 110.26 17.39 0.70
0.00 161.61
990.20 25.14 21.16 19.38 341.67 110.70 18.69 0.80
0.00 246.72
976.00 23.84 20.56 19.07 341.37 110.42 19.48 0.90
0.00 373.65
957.80 22.24 19.78 18.63 340.98 110.56 19.91 1.00
0.00 538.26
936.00 20.74 17.87 16.42 336.85 111.60 20.05 1.10
0.00 738.44
912.40 19.14 16.32 14.81 334.68 114.81 19.91 1.10
13.00 959.13
886.50 17.74 13.92 11.61 330.17 118.61 19.46 1.00
8.00 1206.51
857.90 15.84 11.79 9.10 327.49 120.76 19.00 1.00
2.00 1486.36
826.10 14.14 9.53 6.09 325.25 119.05 18.01 1.00
0.00 1806.45
791.30 11.64 9.38 7.82 330.16 110.11 14.69 0.60
0.00 2168.50
753.50 9.44 8.29 7.47 332.90 92.20 10.10 0.20
18.00 2577.07
712.70 7.94 1.49 -6.28 320.53 77.91 13.91 0.00
0.00 3038.00
669.20 7.84 -2.96 -37.43 316.05 74.69 19.13 -0.10
0.00 3556.65
622.60 6.54 -4.16 -40.00 320.99 75.96 17.62 -0.10
0.00 4149.02
573.60 2.54 -6.92 -42.41 323.79 90.00 12.82 -0.20
0.00 4815.39
526.10 -2.46 -10.24 -40.20 326.09 105.95 7.07 -0.30
0.00 5506.70
483.40 -7.26 -13.77 -45.23 327.84 93.27 6.82 -0.20
0.00 6171.53
445.20 -11.36 -16.61 -40.20 330.93 70.77 8.84 -0.10
0.00 6807.36
410.90 -15.56 -19.31 -33.75 334.22 56.31 7.71 0.00
0.00 7416.95
379.90 -20.06 -22.36 -30.89 336.66 35.64 12.67 0.10
0.00 8003.47
352.00 -24.96 -26.31 -32.10 337.31 41.09 22.16 0.00
0.00 8563.34
326.90 -29.66 -30.62 -36.06 337.26 50.83 27.06 -0.10
0.00 9095.89
304.30 -33.66 -34.17 -37.54 338.43 41.75 24.22 -0.20
82.00 9602.46
284.00 -37.46 -37.77 -40.38 339.31 31.25 20.22 -0.20
100.00 10082.73
265.80 -41.36 -41.61 -44.35 339.61 20.71 17.04 -0.20
100.00 10535.97
248.90 -45.36 -45.55 -48.44 339.72 11.82 17.07 -0.10
100.00 10977.90
233.60 -49.06 -49.20 -52.28 340.07 12.91 19.13 0.10
99.00 11397.51
219.60 -52.46 -52.57 -55.86 340.72 19.52 22.67 0.10
85.00 11799.85
205.70 -56.06 -56.12 -58.42 341.39 27.69 30.92 0.20
100.00 12218.83
191.70 -59.96 -59.99 -61.60 342.00 32.35 34.50 0.10
0.00 12662.74
177.70 -63.16 -63.22 -68.92 344.11 23.32 35.33 0.00
0.00 13132.43
163.80 -64.46 -64.54 -74.24 349.98 21.01 31.43 0.00
0.00 13631.54
149.80 -67.86 -67.91 -74.84 353.18 16.86 13.40 0.00
0.00 14172.88
135.90 -70.36 -70.39 -75.48 358.72 8.70 19.25 0.00
0.00 14754.50
121.90 -71.86 -9999.00 -9999.00 -9999.00 5.34 20.88 0.00
0.00 15397.46
108.00 -73.66 -9999.00 -9999.00 -9999.00 2.73 16.34 0.00
0.00 16107.62
94.00 -75.26 -9999.00 -9999.00 -9999.00 351.25 15.33 0.00
0.00 16915.08
81.00 -74.56 -9999.00 -9999.00 -9999.00 14.26 11.83 0.00
0.00 17778.79
70.60 -74.76 -9999.00 -9999.00 -9999.00 43.83 6.74 0.00
0.00 18577.21
62.20 -71.16 -9999.00 -9999.00 -9999.00 333.43 2.60 0.00
0.00 19319.51
54.30 -66.76 -9999.00 -9999.00 -9999.00 344.05 1.42 0.00
0.00 20131.36
46.90 -62.46 -9999.00 -9999.00 -9999.00 27.76 4.18 0.00
0.00 21025.67
40.10 -59.46 -9999.00 -9999.00 -9999.00 53.97 7.93 0.00
0.00 21998.59
33.80 -56.36 -9999.00 -9999.00 -9999.00 117.10 9.38 0.00
0.00 23075.42
27.80 -53.36 -9999.00 -9999.00 -9999.00 198.89 7.81 0.00
0.00 24324.12
22.30 -49.76 -9999.00 -9999.00 -9999.00 224.34 11.95 0.00
0.00 25754.00
17.10 -45.56 -9999.00 -9999.00 -9999.00 156.80 7.40 0.00
0.00 27506.47
12.30 -41.56 -9999.00 -9999.00 -9999.00 118.30 8.61 0.00
0.00 29720.71

STID = PHNL STNM = 911820 TIME = 221027/0000 
SLAT = 21.35 SLON = -157.93 SELV = 77.0
STIM = 12

SHOW = 8.12 LIFT = 1.85 SWET = 126.81 KINX = -9999.00
LCLP = 889.06 PWAT = 28.45 TOTL = 33.94 CAPE = 99.73
LCLT = 290.53 CINS = -20.31 EQLV = 226.44 LFCT = 829.69
BRCH = 28.02

PRES TMPC TMWC DWPC THTE DRCT SKNT OMEG
CFRL HGHT
1007.40 27.94 22.00 19.38 342.52 108.70 13.33 0.40
0.00 85.82
1004.30 27.04 21.67 19.29 341.66 109.56 15.68 0.60
0.00 113.17
998.80 26.34 21.39 19.17 341.30 109.26 17.07 0.70
0.00 161.78
989.20 25.34 20.95 18.96 340.94 109.20 18.30 0.80
0.00 247.02
975.00 24.04 20.34 18.64 340.62 109.34 19.35 0.80
0.00 374.15
956.80 22.44 19.55 18.19 340.21 109.50 19.77 0.70
0.00 539.00
935.30 20.74 17.82 16.34 336.76 109.84 20.03 0.80
0.00 736.64
911.40 19.04 16.34 14.90 334.91 112.83 20.03 0.90
0.00 960.30
885.70 17.64 14.24 12.24 331.38 116.82 19.37 0.80
23.00 1205.97
857.00 16.24 11.24 7.74 325.88 118.71 18.61 0.60
7.00 1487.20
825.30 14.04 8.83 4.71 323.31 116.85 17.19 0.50
0.00 1806.63
790.60 11.74 7.63 4.36 325.05 106.70 14.20 0.40
0.00 2167.71
752.90 9.54 5.64 2.30 325.27 80.36 10.45 0.00
2.00 2575.14
712.30 8.54 -1.28 -22.20 313.54 72.10 13.27 -0.20
0.00 3033.99
668.80 7.94 -9999.00 -9999.00 -9999.00 74.14 17.77 -0.10
0.00 3553.16
622.30 6.04 -4.41 -39.04 320.54 78.23 19.06 0.00
0.00 4144.12
573.40 2.34 -7.07 -43.66 323.51 88.21 12.43 0.10
0.00 4808.57
525.90 -2.56 -10.40 -43.22 325.78 99.46 5.91 0.00
0.00 5499.74
483.30 -7.56 -13.96 -45.23 327.49 83.16 4.90 0.00
0.00 6162.70
445.10 -11.56 -16.76 -40.58 330.66 63.43 6.51 0.10
0.00 6798.07
410.80 -15.36 -19.06 -32.67 334.72 37.23 6.10 0.20
0.00 7407.81
379.80 -19.96 -22.46 -32.19 336.49 24.57 14.96 0.20
0.00 7994.81
351.90 -25.06 -26.89 -36.30 336.28 37.72 26.03 0.10
0.00 8554.78
326.80 -29.46 -30.60 -37.44 337.30 45.30 26.24 0.10
0.00 9087.54
304.30 -33.66 -34.67 -43.44 337.55 36.70 26.65 0.00
32.00 9592.11
284.00 -37.56 -38.23 -45.16 338.55 36.50 24.16 0.00
64.00 10072.23
265.80 -41.46 -41.88 -47.40 339.15 36.13 24.05 -0.10
81.00 10525.23
248.90 -45.26 -45.45 -48.44 339.87 32.70 21.93 -0.10
100.00 10967.15
233.60 -48.96 -49.01 -49.98 340.39 24.54 19.64 -0.10
100.00 11386.96
219.60 -52.46 -52.50 -53.48 340.84 23.39 23.48 -0.10
100.00 11789.40
205.70 -56.16 -56.19 -57.35 341.28 34.43 29.20 0.00
100.00 12208.29
191.70 -59.86 -59.89 -61.60 342.16 31.93 33.41 0.10
0.00 12652.20
177.70 -63.36 -63.39 -66.00 343.83 20.91 37.00 0.20
0.00 13121.78
163.80 -64.86 -64.93 -74.24 349.31 19.22 35.99 0.10
0.00 13620.17
149.80 -67.06 -67.11 -74.84 354.56 32.60 19.83 0.00
0.00 14162.03
135.90 -71.16 -71.18 -75.48 357.31 19.82 17.75 -0.10
0.00 14743.65
121.90 -72.86 -9999.00 -9999.00 -9999.00 358.92 20.59 0.00
0.00 15383.75
108.00 -73.56 -9999.00 -9999.00 -9999.00 353.33 15.05 0.00
0.00 16092.31
94.00 -75.06 -9999.00 -9999.00 -9999.00 347.74 13.71 0.00
0.00 16900.39
81.00 -74.56 -9999.00 -9999.00 -9999.00 13.57 11.60 0.00
0.00 17764.54
70.60 -74.66 -9999.00 -9999.00 -9999.00 32.62 5.77 0.00
0.00 18563.16
62.20 -70.66 -9999.00 -9999.00 -9999.00 317.49 3.17 0.00
0.00 19306.56
54.30 -67.06 -9999.00 -9999.00 -9999.00 153.43 0.43 0.00
0.00 20118.81
46.90 -62.96 -9999.00 -9999.00 -9999.00 40.60 1.79 0.00
0.00 21011.41
40.10 -58.56 -9999.00 -9999.00 -9999.00 74.05 4.23 0.00
0.00 21985.24
33.80 -55.36 -9999.00 -9999.00 -9999.00 135.88 8.94 0.00
0.00 23066.83
27.80 -52.96 -9999.00 -9999.00 -9999.00 240.52 5.13 0.00
0.00 24319.53
22.30 -50.76 -9999.00 -9999.00 -9999.00 255.17 6.84 0.00
0.00 25747.48
17.10 -46.46 -9999.00 -9999.00 -9999.00 140.19 6.06 0.00
0.00 27492.56
12.30 -41.46 -9999.00 -9999.00 -9999.00 152.18 7.91 0.00
0.00 29702.94

STID = PHNL STNM = 911820 TIME = 221027/0100 
SLAT = 21.35 SLON = -157.93 SELV = 77.0
STIM = 13

SHOW = 8.17 LIFT = 2.09 SWET = 125.64 KINX = -15.05
LCLP = 884.38 PWAT = 26.33 TOTL = 33.88 CAPE = 39.94
LCLT = 290.12 CINS = -26.33 EQLV = 269.47 LFCT = 814.62
BRCH = 12.14

PRES TMPC TMWC DWPC THTE DRCT SKNT OMEG
CFRL HGHT
1007.10 27.94 21.78 19.04 341.67 106.53 12.98 0.40
0.00 85.82
1004.10 27.14 21.50 18.97 340.97 107.74 15.29 0.60
0.00 112.30
998.60 26.44 21.22 18.86 340.64 107.80 16.53 0.70
0.00 160.92
989.00 25.44 20.79 18.66 340.31 107.65 17.93 0.70
0.00 246.20
974.80 24.14 20.19 18.36 340.04 108.06 18.80 0.70
0.00 373.37
956.60 22.54 19.43 17.96 339.77 108.25 19.23 0.70
0.00 538.29
935.00 20.84 17.77 16.22 336.63 108.62 19.46 0.80
0.00 736.95
911.20 19.24 15.96 14.16 333.55 111.16 19.37 0.80
0.00 959.81
885.50 17.74 13.89 11.57 330.23 113.66 18.88 0.70
16.00 1205.59
856.80 16.14 11.29 7.92 326.07 114.94 18.41 0.70
0.00 1486.85
825.10 14.24 8.41 3.59 322.11 112.93 16.45 0.60
0.00 1806.38
790.50 11.74 6.28 1.33 321.25 102.09 13.91 0.40
0.00 2166.42
752.80 9.94 2.83 -5.64 317.73 83.09 12.92 0.00
0.00 2573.70
712.30 8.94 -1.87 -34.15 311.92 77.64 14.51 -0.20
0.00 3031.65
668.80 7.84 -2.92 -36.22 316.21 72.72 18.32 -0.20
0.00 3551.04
622.30 6.04 -4.39 -38.15 320.61 80.84 18.30 0.00
0.00 4141.94
573.40 2.44 -7.01 -43.66 323.62 86.25 11.87 0.00
0.00 4806.51
525.90 -2.46 -10.36 -44.46 325.82 75.96 5.61 0.00
0.00 5497.94
483.30 -7.66 -14.04 -45.91 327.33 50.44 5.79 0.00
0.00 6160.88
445.10 -11.66 -16.87 -41.37 330.46 45.00 6.59 -0.10
0.00 6796.01
410.80 -15.46 -19.13 -32.67 334.59 16.86 6.70 -0.10
0.00 7405.51
379.80 -20.06 -22.68 -33.48 336.07 14.81 17.48 -0.10
0.00 7992.27
351.90 -25.16 -26.94 -36.10 336.18 37.76 25.06 0.00
0.00 8552.00
326.80 -29.46 -30.58 -37.24 337.34 45.00 26.38 0.10
0.00 9084.66
304.30 -33.66 -34.59 -42.14 337.71 42.11 27.23 0.00
0.00 9589.23
284.00 -37.46 -38.30 -48.26 338.42 38.99 26.24 -0.10
14.00 10069.45
265.80 -41.26 -41.91 -52.61 339.08 35.39 25.49 -0.10
31.00 10522.72
248.90 -45.16 -45.55 -53.16 339.70 30.15 23.58 -0.20
57.00 10964.91
233.60 -48.76 -48.97 -53.69 340.45 30.64 23.25 -0.20
88.00 11384.98
219.60 -52.16 -52.26 -55.00 341.22 37.15 24.13 -0.10
100.00 11787.86
205.70 -55.86 -55.95 -59.64 341.67 37.20 27.31 -0.10
97.00 12207.32
191.70 -59.16 -59.23 -63.30 343.24 27.20 31.45 0.00
87.00 12652.25
177.70 -63.06 -63.12 -68.92 344.27 18.43 35.63 0.00
0.00 13122.95
163.80 -65.86 -65.92 -74.24 347.63 21.43 38.81 0.00
0.00 13620.50
149.80 -68.56 -68.60 -74.84 351.98 30.23 31.25 0.00
0.00 14159.09
135.90 -70.86 -70.89 -75.48 357.84 7.55 16.26 0.10
0.00 14739.00
121.90 -72.66 -9999.00 -9999.00 -9999.00 347.76 21.08 0.10
0.00 15379.89
108.00 -72.86 -9999.00 -9999.00 -9999.00 342.41 16.71 0.10
0.00 16090.05
94.00 -74.36 -9999.00 -9999.00 -9999.00 357.44 13.03 0.00
0.00 16900.97
81.00 -74.66 -9999.00 -9999.00 -9999.00 28.55 15.03 0.00
0.00 17766.43
70.60 -74.66 -9999.00 -9999.00 -9999.00 31.70 7.77 0.00
0.00 18564.84
62.20 -70.36 -9999.00 -9999.00 -9999.00 317.12 3.71 0.00
0.00 19308.81
54.30 -66.96 -9999.00 -9999.00 -9999.00 214.99 2.37 0.00
0.00 20121.85
46.90 -62.26 -9999.00 -9999.00 -9999.00 63.43 0.87 0.00
0.00 21016.17
40.10 -58.16 -9999.00 -9999.00 -9999.00 83.29 6.64 0.00
0.00 21992.52
33.80 -55.66 -9999.00 -9999.00 -9999.00 128.00 7.89 0.00
0.00 23074.36
27.80 -53.56 -9999.00 -9999.00 -9999.00 282.99 5.19 0.00
0.00 24324.48
22.30 -52.46 -9999.00 -9999.00 -9999.00 277.91 7.05 0.00
0.00 25745.02
17.10 -47.76 -9999.00 -9999.00 -9999.00 154.44 4.95 0.00
0.00 27478.44
12.30 -40.96 -9999.00 -9999.00 -9999.00 187.13 9.40 0.00
0.00 29684.96

STID = PHNL STNM = 911820 TIME = 221027/0200 
SLAT = 21.35 SLON = -157.93 SELV = 77.0
STIM = 14

SHOW = 8.69 LIFT = 2.42 SWET = 124.54 KINX = -14.55
LCLP = 885.71 PWAT = 25.34 TOTL = 32.96 CAPE = 40.17
LCLT = 290.02 CINS = -25.08 EQLV = 293.54 LFCT = 818.61
BRCH = 16.05

PRES TMPC TMWC DWPC THTE DRCT SKNT OMEG
CFRL HGHT
1007.50 27.74 21.65 18.92 341.07 103.60 12.39 0.40
0.00 85.81
1004.50 27.04 21.41 18.87 340.54 104.40 14.84 0.60
0.00 112.26
999.00 26.34 21.13 18.76 340.21 104.53 16.26 0.70
0.00 160.85
989.40 25.44 20.73 18.56 340.00 104.19 17.42 0.80
0.00 246.07
975.20 24.14 20.13 18.26 339.73 104.77 18.28 0.80
0.00 373.19
957.00 22.54 19.34 17.82 339.36 105.05 18.71 0.80
0.00 538.03
935.30 20.84 17.92 16.45 337.14 106.03 19.00 0.70
0.00 737.54
911.60 19.34 15.84 13.91 333.08 108.43 19.04 0.70
0.00 959.42
885.80 17.74 13.63 11.10 329.31 111.25 18.76 0.70
8.00 1206.06
857.10 15.84 11.20 7.97 325.76 112.48 18.30 0.60
0.00 1487.05
825.40 14.04 8.06 2.97 321.07 111.54 15.87 0.50
0.00 1806.17
790.70 11.64 5.01 -1.87 317.80 105.19 14.08 0.30
0.00 2166.80
753.10 9.84 1.37 -11.16 313.99 89.22 14.18 0.10
0.00 2572.45
712.60 9.04 -1.80 -33.81 312.03 79.14 14.43 -0.10
0.00 3030.04
669.10 8.14 -2.59 -32.36 316.93 74.05 18.38 -0.10
0.00 3549.60
622.50 5.94 -4.44 -38.14 320.47 81.60 17.29 0.00
0.00 4141.78
573.50 2.44 -7.00 -43.02 323.65 84.81 10.72 0.10
0.00 4807.42
526.10 -2.26 -10.24 -44.46 326.03 54.69 5.71 0.10
0.00 5497.45
483.40 -7.36 -13.85 -45.90 327.68 37.48 7.34 0.20
0.00 6162.38
445.20 -11.36 -16.61 -40.20 330.93 33.69 7.71 0.10
0.00 6798.10
410.90 -15.36 -19.12 -33.20 334.59 11.31 8.92 0.00
0.00 7407.93
379.80 -20.36 -22.75 -32.19 335.96 11.79 18.07 -0.10
0.00 7996.29
351.90 -25.36 -27.12 -36.30 335.88 36.17 22.38 -0.10
0.00 8555.47
326.80 -30.06 -31.10 -37.44 336.47 43.17 25.84 -0.10
0.00 9087.26
304.30 -33.66 -34.52 -41.27 337.82 39.04 27.76 -0.20
0.00 9591.21
284.00 -37.26 -38.03 -46.37 338.87 34.04 26.73 -0.20
0.00 10071.64
265.80 -41.16 -41.59 -46.97 339.63 36.25 25.29 -0.20
0.00 10525.22
248.90 -45.06 -45.36 -50.51 340.01 41.36 23.82 -0.10
7.00 10967.62
233.60 -48.56 -48.85 -56.32 340.63 44.65 22.67 0.00
38.00 11387.96
219.60 -51.96 -52.17 -59.12 341.36 40.43 27.56 0.00
54.00 11791.20
205.70 -55.96 -56.05 -59.64 341.51 37.57 35.04 0.00
90.00 12210.75
191.70 -59.46 -59.53 -63.30 342.75 30.61 32.05 0.00
96.00 12655.27
177.70 -63.26 -63.32 -68.92 343.94 16.96 33.31 0.00
0.00 13125.41
163.80 -66.26 -66.29 -69.50 347.01 20.27 36.44 0.00
0.00 13622.25
149.80 -69.06 -69.09 -74.84 351.12 24.86 29.12 0.00
0.00 14159.67
135.90 -70.56 -70.59 -75.48 358.37 5.30 18.92 0.10
0.00 14739.29
121.90 -71.36 -9999.00 -9999.00 -9999.00 348.80 19.02 0.10
0.00 15382.73
108.00 -72.06 -9999.00 -9999.00 -9999.00 358.78 18.26 0.00
0.00 16096.61
94.00 -74.06 -9999.00 -9999.00 -9999.00 12.77 14.94 0.00
0.00 16909.76
81.00 -74.66 -9999.00 -9999.00 -9999.00 19.12 15.42 0.00
0.00 17775.87
70.60 -73.06 -9999.00 -9999.00 -9999.00 5.44 8.20 0.00
0.00 18577.51
62.20 -69.86 -9999.00 -9999.00 -9999.00 1.74 6.41 0.00
0.00 19325.36
54.30 -66.86 -9999.00 -9999.00 -9999.00 58.39 2.97 0.00
0.00 20139.60
46.90 -63.06 -9999.00 -9999.00 -9999.00 64.65 4.08 0.00
0.00 21032.41
40.10 -59.76 -9999.00 -9999.00 -9999.00 96.34 3.52 0.00
0.00 22003.27
33.80 -55.56 -9999.00 -9999.00 -9999.00 175.91 5.46 0.00
0.00 23081.35
27.80 -52.86 -9999.00 -9999.00 -9999.00 294.62 5.13 0.00
0.00 24333.76
22.30 -52.66 -9999.00 -9999.00 -9999.00 289.03 5.96 0.00
0.00 25755.91
17.10 -47.76 -9999.00 -9999.00 -9999.00 168.23 4.76 0.00
0.00 27488.55
12.30 -40.16 -9999.00 -9999.00 -9999.00 196.70 6.08 0.00
0.00 29698.94

STID = PHNL STNM = 911820 TIME = 221027/0300 
SLAT = 21.35 SLON = -157.93 SELV = 77.0
STIM = 15

SHOW = 9.02 LIFT = 2.23 SWET = 123.13 KINX = -13.88
LCLP = 899.07 PWAT = 24.55 TOTL = 32.49 CAPE = 83.03
LCLT = 290.59 CINS = -14.78 EQLV = 268.46 LFCT = 857.91
BRCH = 26.10

PRES TMPC TMWC DWPC THTE DRCT SKNT OMEG
CFRL HGHT
1007.40 27.04 21.66 19.26 341.14 101.13 12.08 0.40
0.00 84.91
1004.30 26.54 21.48 19.21 340.86 102.94 14.74 0.60
0.00 112.20
998.80 26.04 21.26 19.11 340.79 103.05 16.36 0.80
0.00 160.74
989.20 25.14 20.87 18.93 340.63 103.28 17.75 0.80
0.00 245.91
975.00 23.84 20.28 18.64 340.38 103.45 18.38 0.90
0.00 372.95
956.80 22.24 19.50 18.20 340.00 104.18 19.04 0.90
0.00 537.69
935.10 20.74 17.71 16.17 336.38 105.15 19.33 0.90
0.00 737.11
911.40 18.94 16.14 14.62 334.17 106.98 19.29 1.00
0.00 958.87
885.60 17.34 13.59 11.28 329.21 109.73 18.98 1.10
0.00 1205.28
856.90 15.44 11.24 8.35 325.93 111.91 18.22 1.00
1.00 1485.98
825.20 14.24 7.06 0.21 318.26 111.14 15.62 0.80
0.00 1804.98
790.60 11.84 3.96 -5.48 315.03 107.40 13.64 0.50
0.00 2164.67
753.00 10.34 0.56 -17.23 311.89 92.23 14.98 0.10
0.00 2570.64
712.50 9.54 -1.44 -31.71 312.84 78.41 15.46 -0.10
0.00 3029.00
669.00 8.34 -2.47 -32.09 317.21 73.41 19.06 -0.10
0.00 3549.29
622.50 6.24 -4.29 -38.58 320.77 75.49 17.06 0.00
0.00 4140.77
573.50 2.44 -7.00 -43.02 323.65 69.33 10.99 0.10
0.00 4806.77
526.00 -2.36 -10.30 -44.46 325.92 32.47 7.60 0.10
0.00 5498.20
483.30 -7.36 -13.83 -45.23 327.74 27.65 9.21 0.00
0.00 6163.14
445.10 -11.46 -16.71 -40.97 330.75 23.96 9.56 -0.10
0.00 6798.87
410.80 -15.56 -19.34 -34.14 334.17 8.13 10.99 -0.10
0.00 7408.47
379.80 -20.46 -23.14 -35.13 335.21 14.04 17.62 -0.20
0.00 7994.63
351.90 -25.56 -27.68 -41.40 334.85 33.13 22.03 -0.30
0.00 8553.41
326.80 -30.16 -31.52 -41.47 335.73 37.65 25.76 -0.30
0.00 9084.82
304.30 -33.96 -34.78 -41.27 337.40 37.11 28.01 -0.30
0.00 9588.33
284.00 -37.76 -38.31 -43.74 338.42 37.52 27.43 -0.20
0.00 10067.96
265.80 -41.06 -41.57 -48.34 339.66 42.92 26.53 -0.10
0.00 10521.16
248.90 -44.76 -45.21 -53.96 340.25 41.82 24.77 -0.10
0.00 10963.93
233.60 -48.66 -48.95 -56.32 340.47 42.67 30.38 -0.10
0.00 11384.46
219.60 -52.46 -52.57 -55.86 340.72 41.09 32.21 -0.10
100.00 11787.15
205.70 -55.56 -55.58 -56.40 342.27 34.22 35.24 -0.10
100.00 12206.61
191.70 -59.76 -59.79 -61.60 342.32 28.56 34.95 -0.10
100.00 12651.25
177.70 -63.46 -63.49 -66.00 343.66 15.06 34.40 0.00
0.00 13120.83
163.80 -66.36 -66.39 -69.50 346.84 16.94 35.33 0.10
0.00 13617.32
149.80 -68.76 -68.80 -74.84 351.63 22.81 26.55 0.10
0.00 14155.00
135.90 -69.76 -69.79 -75.48 359.79 5.77 19.33 0.00
0.00 14736.19
121.90 -70.86 -9999.00 -9999.00 -9999.00 359.45 20.40 0.00
0.00 15381.69
108.00 -72.56 -9999.00 -9999.00 -9999.00 8.05 19.42 0.00
0.00 16095.57
94.00 -73.96 -9999.00 -9999.00 -9999.00 14.53 16.26 0.00
0.00 16907.91
81.00 -74.16 -9999.00 -9999.00 -9999.00 18.70 13.33 0.00
0.00 17775.33
70.60 -72.36 -9999.00 -9999.00 -9999.00 18.03 8.78 0.00
0.00 18579.38
62.20 -70.16 -9999.00 -9999.00 -9999.00 23.84 9.13 0.00
0.00 19327.98
54.30 -66.46 -9999.00 -9999.00 -9999.00 49.76 3.30 0.00
0.00 20142.42
46.90 -63.06 -9999.00 -9999.00 -9999.00 63.43 2.18 0.00
0.00 21036.09
40.10 -59.86 -9999.00 -9999.00 -9999.00 270.00 0.19 0.00
0.00 22006.71
33.80 -55.86 -9999.00 -9999.00 -9999.00 195.95 4.23 0.00
0.00 23083.79
27.80 -54.16 -9999.00 -9999.00 -9999.00 321.84 3.46 0.00
0.00 24331.63
22.30 -52.56 -9999.00 -9999.00 -9999.00 282.88 6.97 0.00
0.00 25749.90
17.10 -47.06 -9999.00 -9999.00 -9999.00 177.34 8.35 0.00
0.00 27485.65
12.30 -40.26 -9999.00 -9999.00 -9999.00 104.93 3.01 0.00
0.00 29698.93

STID = PHNL STNM = 911820 TIME = 221027/0400 
SLAT = 21.35 SLON = -157.93 SELV = 77.0
STIM = 16

SHOW = 8.65 LIFT = 1.55 SWET = 135.04 KINX = -13.55
LCLP = 922.72 PWAT = 25.19 TOTL = 32.96 CAPE = 243.13
LCLT = 291.76 CINS = -6.84 EQLV = 211.78 LFCT = 897.30
BRCH = 58.03

PRES TMPC TMWC DWPC THTE DRCT SKNT OMEG
CFRL HGHT
1007.60 26.04 21.86 20.03 341.99 99.29 10.82 0.30
0.00 84.89
1004.50 25.84 21.78 20.00 342.11 100.82 13.44 0.60
0.00 112.11
999.00 25.34 21.57 19.91 342.07 102.30 15.50 0.80
0.00 160.54
989.30 24.54 21.21 19.73 342.04 102.67 17.72 0.90
0.00 246.44
975.20 23.34 20.62 19.38 341.73 103.34 19.37 0.90
0.00 372.38
957.00 21.84 19.74 18.75 340.94 104.83 20.49 1.00
0.00 536.89
935.20 20.24 18.25 17.26 338.42 106.45 21.27 1.00
0.00 736.98
911.50 18.54 16.23 14.98 334.48 108.43 21.50 1.10
0.00 958.45
885.70 16.64 14.35 13.01 331.76 109.94 21.08 1.10
0.00 1204.48
856.90 14.74 11.87 10.00 327.91 111.91 19.27 1.00
1.00 1485.63
825.30 14.34 6.13 -2.63 315.72 111.40 15.44 0.60
0.00 1803.28
790.70 11.94 3.41 -7.72 313.59 110.27 13.46 0.20
0.00 2162.90
753.10 10.14 0.04 -20.48 310.63 96.25 14.26 -0.10
0.00 2568.65
712.60 9.54 -1.44 -31.71 312.83 77.70 15.50 -0.20
0.00 3026.73
669.00 8.54 -2.35 -31.83 317.47 71.75 18.61 -0.10
0.00 3548.37
622.50 6.34 -4.22 -38.14 320.93 70.68 15.85 0.00
0.00 4140.17
573.50 2.44 -7.01 -43.66 323.61 52.94 11.93 0.00
0.00 4806.29
526.00 -2.46 -10.36 -44.46 325.80 19.80 10.31 0.00
0.00 5497.59
483.30 -7.56 -13.96 -45.23 327.49 18.43 11.05 0.00
0.00 6162.16
445.20 -11.66 -16.90 -42.23 330.36 16.80 10.76 0.00
0.00 6795.66
410.80 -15.86 -19.66 -35.38 333.56 3.88 11.48 -0.10
0.00 7406.37
379.80 -20.76 -23.52 -36.84 334.51 15.67 16.55 -0.20
0.00 7991.82
351.90 -25.76 -27.88 -42.08 334.50 27.73 21.29 -0.30
0.00 8550.02
326.80 -30.16 -31.58 -42.43 335.61 33.08 25.27 -0.30
0.00 9081.21
304.30 -34.06 -34.86 -41.27 337.26 33.45 25.37 -0.20
0.00 9584.61
284.00 -37.86 -38.20 -41.12 338.62 40.03 25.37 -0.10
100.00 10064.04
265.80 -41.06 -41.57 -48.34 339.66 40.45 24.24 0.00
0.00 10517.16
248.90 -45.16 -45.58 -53.96 339.65 42.51 31.62 0.00
0.00 10959.55
233.60 -49.06 -49.30 -55.36 339.91 38.55 33.04 0.00
0.00 11379.33
219.60 -52.36 -52.58 -60.55 340.70 40.02 33.24 0.00
67.00 11781.75
205.70 -55.76 -55.91 -62.77 341.74 33.32 33.24 0.00
74.00 12201.11
191.70 -59.56 -59.65 -65.45 342.55 22.48 30.48 0.00
86.00 12645.73
177.70 -63.36 -63.39 -66.00 343.83 18.23 33.55 0.00
0.00 13115.65
163.80 -66.46 -66.49 -69.50 346.67 17.91 33.49 0.10
0.00 13612.13
149.80 -68.86 -68.90 -74.84 351.46 19.23 26.53 0.10
0.00 14149.55
135.90 -69.36 -9999.00 -9999.00 -9999.00 5.36 18.73 0.00
0.00 14731.17
121.90 -70.66 -9999.00 -9999.00 -9999.00 2.25 19.83 0.00
0.00 15377.63
108.00 -72.86 -9999.00 -9999.00 -9999.00 4.36 20.45 0.00
0.00 16091.33
94.00 -74.46 -9999.00 -9999.00 -9999.00 12.14 18.47 0.00
0.00 16902.04
81.00 -74.46 -9999.00 -9999.00 -9999.00 14.93 12.06 0.00
0.00 17767.72
70.60 -72.36 -9999.00 -9999.00 -9999.00 23.43 6.35 0.00
0.00 18571.16
62.20 -69.36 -9999.00 -9999.00 -9999.00 30.58 4.97 0.00
0.00 19321.25
54.30 -65.56 -9999.00 -9999.00 -9999.00 39.29 2.76 0.00
0.00 20139.06
46.90 -63.36 -9999.00 -9999.00 -9999.00 7.85 5.69 0.00
0.00 21034.02
40.10 -60.76 -9999.00 -9999.00 -9999.00 342.35 4.49 0.00
0.00 22001.89
33.80 -57.16 -9999.00 -9999.00 -9999.00 218.05 5.67 0.00
0.00 23073.47
27.80 -54.86 -9999.00 -9999.00 -9999.00 259.99 6.70 0.00
0.00 24315.59
22.30 -51.66 -9999.00 -9999.00 -9999.00 273.50 9.54 0.00
0.00 25734.51
17.10 -46.86 -9999.00 -9999.00 -9999.00 158.75 7.50 0.00
0.00 27474.53
12.30 -40.56 -9999.00 -9999.00 -9999.00 97.85 5.69 0.00
0.00 29687.33

STID = PHNL STNM = 911820 TIME = 221027/0500 
SLAT = 21.35 SLON = -157.93 SELV = 77.0
STIM = 17

SHOW = 9.73 LIFT = 1.50 SWET = 121.25 KINX = -14.95
LCLP = 934.95 PWAT = 25.41 TOTL = 31.50 CAPE = 294.83
LCLT = 292.23 CINS = -4.05 EQLV = 201.36 LFCT = 907.64
BRCH = 47.07

PRES TMPC TMWC DWPC THTE DRCT SKNT OMEG
CFRL HGHT
1008.10 25.44 21.87 20.30 341.94 101.77 9.52 0.30
0.00 85.74
1005.10 25.34 21.78 20.22 342.04 103.13 11.97 0.50
0.00 112.02
999.60 25.04 21.61 20.10 342.15 104.04 14.41 0.70
0.00 160.37
989.90 24.34 21.23 19.84 342.01 105.09 17.91 0.80
0.00 246.15
975.70 23.24 20.61 19.42 341.64 106.39 20.65 1.00
0.00 372.86
957.50 21.74 19.80 18.88 341.09 107.47 21.99 1.10
0.00 537.23
935.80 19.94 18.60 17.93 339.68 108.43 22.73 1.20
0.00 736.19
911.90 18.24 16.22 15.13 334.40 109.52 22.67 1.30
0.00 959.23
886.20 16.34 14.39 13.25 331.83 110.03 22.13 1.20
0.00 1203.94
857.40 14.84 10.96 8.25 325.01 107.72 19.77 1.10
0.00 1484.77
825.70 14.04 6.31 -1.67 316.18 103.36 15.97 0.80
0.00 1803.07
791.10 11.54 3.60 -6.26 314.07 106.78 12.78 0.50
0.00 2162.14
753.50 9.84 -0.06 -20.02 310.38 98.75 12.78 0.10
0.00 2567.22
712.90 9.24 -1.52 -30.16 312.66 80.41 13.99 -0.10
0.00 3025.75
669.30 8.74 -2.43 -36.22 317.15 72.94 17.87 -0.20
0.00 3547.05
622.80 6.14 -4.30 -37.32 320.72 70.68 15.85 -0.10
0.00 4138.55
573.70 2.24 -7.14 -44.34 323.30 47.66 11.83 0.00
0.00 4805.28
526.20 -2.36 -10.32 -45.13 325.85 7.72 11.56 0.00
0.00 5496.20
483.50 -7.46 -13.91 -45.90 327.54 3.69 12.06 0.10
0.00 6160.74
445.30 -11.36 -16.73 -43.17 330.64 2.77 12.06 0.00
0.00 6796.19
410.90 -15.86 -19.75 -36.53 333.35 2.32 14.39 0.00
0.00 7407.09
379.90 -21.06 -23.27 -32.19 335.00 8.97 18.69 -0.10
0.00 7992.08
352.00 -25.96 -27.98 -41.08 334.32 22.27 22.05 -0.20
0.00 8549.63
326.90 -30.26 -31.73 -43.49 335.33 28.57 24.77 -0.30
0.00 9080.33
304.30 -34.36 -35.12 -41.27 336.83 33.31 24.40 -0.30
0.00 9585.46
284.00 -38.16 -38.44 -40.87 338.23 40.21 21.37 -0.30
100.00 10064.30
265.80 -41.46 -41.86 -46.97 339.19 41.54 20.51 -0.20
5.00 10516.74
248.90 -45.16 -45.58 -53.96 339.65 33.79 31.08 -0.10
0.00 10958.75
233.60 -48.76 -49.09 -58.63 340.24 33.69 33.62 0.00
0.00 11378.80
219.60 -52.36 -52.55 -59.12 340.74 35.10 32.77 0.00
17.00 11781.50
205.70 -56.16 -56.27 -61.06 341.15 33.98 31.62 0.00
39.00 12200.47
191.70 -59.86 -59.92 -63.30 342.11 33.18 30.17 0.00
98.00 12644.37
177.70 -63.76 -63.79 -66.00 343.17 17.56 32.19 0.00
0.00 13113.51
163.80 -66.66 -66.69 -69.50 346.34 14.12 33.45 0.10
0.00 13609.28
149.80 -68.16 -68.20 -74.84 352.67 20.06 26.05 0.10
0.00 14147.35
135.90 -69.16 -69.20 -75.48 360.85 4.48 19.87 0.00
0.00 14730.25
121.90 -70.66 -9999.00 -9999.00 -9999.00 358.32 19.81 0.00
0.00 15377.04
108.00 -73.16 -9999.00 -9999.00 -9999.00 2.08 21.39 0.00
0.00 16090.21
94.00 -73.96 -9999.00 -9999.00 -9999.00 12.46 18.90 0.00
0.00 16901.33
81.00 -74.16 -9999.00 -9999.00 -9999.00 20.22 11.79 0.00
0.00 17768.75
70.60 -72.56 -9999.00 -9999.00 -9999.00 43.73 6.18 0.00
0.00 18572.39
62.20 -69.56 -9999.00 -9999.00 -9999.00 50.19 4.55 0.00
0.00 19321.73
54.30 -65.96 -9999.00 -9999.00 -9999.00 16.93 4.66 0.00
0.00 20138.35
46.90 -63.36 -9999.00 -9999.00 -9999.00 351.67 8.04 0.00
0.00 21032.45
40.10 -60.26 -9999.00 -9999.00 -9999.00 317.49 6.33 0.00
0.00 22001.47
33.80 -56.86 -9999.00 -9999.00 -9999.00 237.72 8.72 0.00
0.00 23075.05
27.80 -54.26 -9999.00 -9999.00 -9999.00 266.10 8.57 0.00
0.00 24319.74
22.30 -50.46 -9999.00 -9999.00 -9999.00 282.26 4.56 0.00
0.00 25744.47
17.10 -46.16 -9999.00 -9999.00 -9999.00 160.02 6.82 0.00
0.00 27491.88
12.30 -39.56 -9999.00 -9999.00 -9999.00 86.57 9.73 0.00
0.00 29712.87

STID = PHNL STNM = 911820 TIME = 221027/0600 
SLAT = 21.35 SLON = -157.93 SELV = 77.0
STIM = 18

SHOW = 10.73 LIFT = 2.00 SWET = 103.52 KINX = -14.28
LCLP = 936.41 PWAT = 24.25 TOTL = 30.18 CAPE = 189.00
LCLT = 291.90 CINS = -7.99 EQLV = 226.32 LFCT = 893.30
BRCH = 30.89

PRES TMPC TMWC DWPC THTE DRCT SKNT OMEG
CFRL HGHT
1009.00 25.04 21.52 19.95 340.38 102.53 8.95 0.20
0.00 85.72
1005.90 25.14 21.51 19.89 340.78 102.09 11.13 0.50
0.00 112.82
1000.40 24.84 21.33 19.76 340.86 103.84 13.81 0.70
0.00 161.09
990.70 24.34 21.00 19.49 340.94 104.97 17.29 0.80
0.00 246.76
976.60 23.24 20.42 19.12 340.70 105.95 19.79 0.90
0.00 372.43
958.30 21.74 19.60 18.58 340.17 107.10 21.13 1.00
0.00 537.54
936.50 20.04 18.03 17.02 337.39 108.27 21.68 1.10
0.00 737.23
912.70 18.34 15.90 14.56 333.14 109.08 21.99 1.20
0.00 959.15
886.90 16.64 13.50 11.57 328.75 109.24 21.81 1.10
0.00 1204.66
858.20 15.14 10.26 6.62 322.78 104.44 20.26 1.00
0.00 1484.39
826.40 13.94 6.04 -2.37 315.36 98.60 16.90 0.80
0.00 1803.42
791.80 11.44 2.90 -8.84 312.21 104.66 13.05 0.30
0.00 2161.97
754.10 9.54 -0.15 -19.47 310.14 105.00 11.27 -0.10
0.00 2567.44
713.40 8.84 -1.48 -26.29 312.80 81.03 11.21 -0.30
0.00 3026.22
669.80 9.04 -2.34 -38.80 317.20 71.35 16.39 -0.20
0.00 3547.07
623.20 6.04 -4.36 -37.72 320.51 70.30 16.71 -0.10
0.00 4139.63
574.10 2.14 -7.19 -44.34 323.12 47.02 11.67 0.00
0.00 4805.67
526.50 -2.46 -10.39 -45.86 325.64 360.00 12.24 0.10
0.00 5497.35
483.70 -7.46 -13.92 -46.62 327.46 354.88 13.07 0.10
0.00 6163.00
445.40 -11.26 -16.63 -42.23 330.83 355.03 13.46 0.10
0.00 6800.02
411.10 -15.76 -19.18 -31.21 334.46 1.38 16.12 0.10
0.00 7409.23
379.90 -21.16 -23.47 -33.31 334.62 6.58 20.34 0.00
0.00 7997.88
352.00 -25.86 -28.14 -45.83 333.99 21.35 22.94 -0.10
0.00 8555.39
326.90 -30.26 -31.67 -42.43 335.45 22.56 27.35 -0.10
0.00 9086.19
304.30 -34.56 -35.20 -40.21 336.70 26.57 26.92 -0.10
0.00 9591.12
284.00 -38.06 -38.19 -39.24 338.64 32.70 21.93 -0.10
100.00 10069.87
265.80 -41.76 -41.83 -42.55 339.26 35.94 19.19 -0.10
100.00 10522.15
248.90 -45.56 -45.85 -51.11 339.22 34.58 24.30 0.00
9.00 10963.51
233.60 -49.06 -49.30 -55.36 339.91 37.37 31.04 0.10
0.00 11382.92
219.60 -52.56 -52.72 -57.90 340.48 37.77 37.10 0.10
0.00 11785.16
205.70 -56.06 -56.17 -61.06 341.31 32.98 38.91 0.10
11.00 12204.04
191.70 -59.66 -59.72 -63.30 342.43 31.14 32.67 0.10
100.00 12648.26
177.70 -63.76 -63.79 -66.00 343.17 16.74 29.00 0.10
0.00 13117.62
163.80 -66.16 -66.19 -69.50 347.18 11.98 32.77 0.10
0.00 13613.99
149.80 -67.56 -67.61 -74.84 353.70 20.91 25.58 0.10
0.00 14153.49
135.90 -69.26 -69.30 -75.48 360.67 2.10 21.19 0.00
0.00 14737.11
121.90 -70.76 -9999.00 -9999.00 -9999.00 358.36 20.40 0.00
0.00 15383.57
108.00 -73.06 -9999.00 -9999.00 -9999.00 6.40 20.92 0.00
0.00 16096.74
94.00 -73.86 -9999.00 -9999.00 -9999.00 18.80 19.29 0.00
0.00 16908.27
81.00 -74.36 -9999.00 -9999.00 -9999.00 29.25 11.13 0.00
0.00 17775.47
70.60 -73.26 -9999.00 -9999.00 -9999.00 40.10 4.82 0.00
0.00 18577.30
62.20 -69.76 -9999.00 -9999.00 -9999.00 26.57 1.73 0.00
0.00 19324.98
54.30 -65.86 -9999.00 -9999.00 -9999.00 330.64 3.57 0.00
0.00 20141.40
46.90 -62.66 -9999.00 -9999.00 -9999.00 346.61 8.39 0.00
0.00 21037.22
40.10 -59.76 -9999.00 -9999.00 -9999.00 329.93 8.53 0.00
0.00 22008.98
33.80 -57.06 -9999.00 -9999.00 -9999.00 238.39 8.90 0.00
0.00 23083.31
27.80 -54.26 -9999.00 -9999.00 -9999.00 247.93 7.75 0.00
0.00 24327.44
22.30 -49.46 -9999.00 -9999.00 -9999.00 291.80 3.15 0.00
0.00 25755.39
17.10 -45.66 -9999.00 -9999.00 -9999.00 156.80 4.43 0.00
0.00 27508.63
12.30 -40.26 -9999.00 -9999.00 -9999.00 93.22 13.81 0.00
0.00 29728.65

STID = PHNL STNM = 911820 TIME = 221027/0700 
SLAT = 21.35 SLON = -157.93 SELV = 77.0
STIM = 19

SHOW = 10.96 LIFT = 2.14 SWET = 108.27 KINX = -10.23
LCLP = 946.62 PWAT = 24.96 TOTL = 29.69 CAPE = 253.08
LCLT = 292.20 CINS = -6.42 EQLV = 224.96 LFCT = 902.37
BRCH = 46.41

PRES TMPC TMWC DWPC THTE DRCT SKNT OMEG
CFRL HGHT
1009.20 24.44 21.43 20.08 339.99 101.89 7.54 0.20
0.00 85.70
1006.20 24.74 21.50 20.05 340.69 101.53 9.71 0.40
0.00 111.88
1000.60 24.64 21.39 19.94 341.08 104.47 12.43 0.60
0.00 160.97
990.90 24.24 21.12 19.72 341.42 106.04 16.16 0.70
0.00 246.58
976.80 23.14 20.56 19.38 341.25 107.32 18.92 0.80
0.00 372.21
958.50 21.64 19.77 18.88 340.82 107.91 20.20 0.80
0.00 537.25
936.70 19.94 17.99 17.00 337.20 108.77 21.13 0.90
0.00 736.85
912.90 18.24 16.02 14.80 333.52 109.58 21.45 0.90
0.00 958.65
887.10 16.54 13.52 11.67 328.80 109.09 21.39 1.00
0.00 1204.04
858.30 15.04 10.28 6.75 322.84 103.39 20.96 1.00
0.00 1484.62
826.60 13.74 6.07 -1.99 315.44 96.98 19.17 0.80
0.00 1802.44
791.90 11.14 3.35 -6.47 313.38 106.70 14.20 0.40
0.00 2161.71
754.20 9.14 0.11 -16.09 310.83 109.13 10.08 -0.10
0.00 2566.73
713.50 7.94 -1.62 -22.44 312.65 77.99 9.34 -0.30
0.00 3024.47
669.90 8.34 -2.64 -36.21 316.62 72.55 14.26 -0.30
0.00 3543.83
623.20 6.04 -4.42 -39.49 320.37 74.62 16.12 0.00
0.00 4136.88
574.10 2.14 -7.19 -44.34 323.12 42.77 10.59 0.20
0.00 4802.91
526.50 -2.26 -10.24 -44.45 325.96 353.19 13.11 0.30
0.00 5494.84
483.70 -7.16 -13.72 -45.90 327.87 350.13 13.60 0.30
0.00 6161.12
445.40 -11.06 -16.28 -37.59 331.57 352.07 15.50 0.20
0.00 6798.77
411.00 -15.76 -19.15 -30.92 334.55 359.40 18.45 0.10
0.00 7410.09
379.90 -21.26 -23.81 -35.95 333.97 1.04 21.37 0.00
0.00 7996.79
352.00 -26.06 -28.28 -45.33 333.76 13.92 22.61 -0.10
0.00 8553.95
326.90 -30.46 -31.68 -40.31 335.44 17.20 25.62 -0.10
0.00 9084.32
304.30 -34.36 -34.92 -39.01 337.18 18.86 24.63 -0.10
0.00 9589.28
284.00 -37.76 -38.18 -41.92 338.65 26.04 19.02 0.00
89.00 10068.52
265.80 -41.56 -42.09 -49.94 338.81 29.96 19.06 0.00
77.00 10521.25
248.90 -45.36 -45.74 -53.16 339.40 34.36 27.53 0.10
0.00 10962.96
233.60 -49.06 -49.28 -54.49 339.95 32.11 33.26 0.10
0.00 11382.56
219.60 -52.16 -52.36 -59.12 341.05 24.93 39.63 0.00
0.00 11785.16
205.70 -55.96 -56.07 -61.06 341.47 22.78 38.13 0.00
0.00 12204.52
191.70 -59.76 -59.85 -65.45 342.23 25.67 33.20 0.00
53.00 12648.73
177.70 -63.56 -63.59 -66.00 343.50 9.24 32.67 0.00
0.00 13118.20
163.80 -66.06 -66.09 -69.50 347.35 8.85 32.83 0.10
0.00 13614.93
149.80 -67.46 -67.51 -74.84 353.87 10.22 24.09 0.10
0.00 14154.69
135.90 -68.96 -9999.00 -9999.00 -9999.00 358.42 21.17 0.00
0.00 14738.88
121.90 -70.66 -9999.00 -9999.00 -9999.00 0.49 22.73 0.00
0.00 15385.97
108.00 -73.16 -9999.00 -9999.00 -9999.00 15.47 22.57 0.00
0.00 16099.14
94.00 -74.66 -9999.00 -9999.00 -9999.00 21.12 18.32 0.00
0.00 16908.84
81.00 -74.46 -9999.00 -9999.00 -9999.00 27.76 8.33 0.00
0.00 17774.08
70.60 -73.06 -9999.00 -9999.00 -9999.00 25.02 3.22 0.00
0.00 18576.12
62.20 -68.86 -9999.00 -9999.00 -9999.00 324.46 1.67 0.00
0.00 19325.83
54.30 -65.36 -9999.00 -9999.00 -9999.00 316.47 5.36 0.00
0.00 20145.04
46.90 -62.56 -9999.00 -9999.00 -9999.00 347.35 9.75 0.00
0.00 21042.14
40.10 -59.76 -9999.00 -9999.00 -9999.00 338.63 9.60 0.00
0.00 22014.14
33.80 -56.56 -9999.00 -9999.00 -9999.00 237.62 9.42 0.00
0.00 23089.72
27.80 -53.96 -9999.00 -9999.00 -9999.00 241.93 6.60 0.00
0.00 24336.13
22.30 -49.26 -9999.00 -9999.00 -9999.00 333.43 3.90 0.00
0.00 25765.69
17.10 -46.26 -9999.00 -9999.00 -9999.00 101.77 4.76 0.00
0.00 27517.38
12.30 -41.96 -9999.00 -9999.00 -9999.00 116.16 12.33 0.00
0.00 29726.31

STID = PHNL STNM = 911820 TIME = 221027/0800 
SLAT = 21.35 SLON = -157.93 SELV = 77.0
STIM = 20

SHOW = 8.43 LIFT = 1.84 SWET = 155.81 KINX = -4.19
LCLP = 954.02 PWAT = 28.44 TOTL = 32.80 CAPE = 359.19
LCLT = 292.49 CINS = -4.89 EQLV = 208.03 LFCT = 915.91
BRCH = 93.08

PRES TMPC TMWC DWPC THTE DRCT SKNT OMEG
CFRL HGHT
1008.80 24.04 21.42 20.24 340.01 96.52 6.84 0.20
0.00 85.70
1005.70 24.44 21.50 20.19 340.79 97.77 8.62 0.40
0.00 112.73
1000.10 24.44 21.43 20.09 341.33 100.74 11.46 0.60
0.00 161.81
990.60 24.04 21.17 19.88 341.66 103.32 15.17 0.70
0.00 245.64
976.40 23.04 20.64 19.54 341.63 105.09 17.91 0.80
0.00 372.15
958.10 21.54 19.96 19.22 341.69 105.55 19.56 0.80
0.00 537.23
936.30 19.84 18.18 17.34 337.98 106.33 20.05 0.90
0.00 736.87
912.60 17.94 16.57 15.83 335.56 107.58 20.57 1.00
0.00 957.75
886.70 16.14 14.22 13.09 331.19 108.09 20.65 1.00
0.00 1204.02
858.00 14.24 11.61 9.87 326.94 107.22 20.34 1.00
0.00 1483.38
826.20 12.94 8.17 4.26 321.33 100.30 19.54 0.90
0.00 1801.83
791.50 10.44 6.15 2.36 320.84 105.45 15.31 0.60
0.00 2160.88
753.70 8.34 1.42 -7.82 314.23 111.80 10.47 0.20
0.00 2566.65
713.10 7.14 -1.83 -20.44 312.37 82.57 9.01 0.00
0.00 3022.46
669.50 7.44 -3.06 -34.44 315.84 74.05 12.72 0.00
0.00 3540.58
622.90 5.84 -4.60 -42.24 319.99 80.04 14.59 0.00
0.00 4131.52
573.80 2.04 -7.25 -44.34 323.05 39.47 8.55 0.00
0.00 4797.52
526.30 -2.36 -10.28 -43.81 325.91 344.74 13.29 -0.20
0.00 5488.06
483.50 -7.06 -13.64 -45.23 328.07 343.30 14.20 -0.20
0.00 6154.60
445.30 -11.06 -16.38 -39.48 331.37 350.65 16.72 -0.20
0.00 6790.91
410.90 -15.76 -19.77 -37.82 333.29 358.95 21.17 -0.10
0.00 7402.29
379.90 -21.16 -24.06 -40.35 333.47 1.59 20.98 -0.10
0.00 7987.20
352.00 -25.96 -28.20 -45.33 333.90 9.54 23.45 -0.20
0.00 8544.55
326.90 -30.36 -31.35 -37.44 336.03 11.22 24.96 -0.20
0.00 9075.16
304.30 -34.26 -34.84 -39.01 337.32 13.10 23.14 -0.20
2.00 9580.34
284.00 -37.96 -38.60 -45.55 337.94 21.37 19.19 -0.10
39.00 10059.47
265.80 -41.46 -42.05 -51.18 338.87 25.93 23.54 -0.10
27.00 10512.08
248.90 -45.36 -45.55 -48.44 339.72 18.30 25.99 0.00
100.00 10953.89
233.60 -49.16 -49.30 -52.28 339.92 21.40 30.89 0.00
100.00 11373.41
219.60 -52.46 -52.60 -56.82 340.67 21.91 37.47 0.00
66.00 11775.66
205.70 -56.06 -56.20 -62.77 341.27 21.31 37.96 0.10
0.00 12194.64
191.70 -59.66 -59.75 -65.45 342.39 13.28 35.53 0.10
3.00 12638.85
177.70 -63.16 -63.22 -68.92 344.11 8.18 31.39 0.10
0.00 13108.87
163.80 -65.46 -65.53 -74.24 348.31 8.13 34.34 0.10
0.00 13606.79
149.80 -67.06 -67.11 -74.84 354.56 5.23 29.84 0.10
0.00 14147.86
135.90 -69.06 -9999.00 -9999.00 -9999.00 5.16 25.93 0.00
0.00 14732.47
121.90 -71.46 -9999.00 -9999.00 -9999.00 3.63 24.53 0.00
0.00 15378.14
108.00 -73.56 -9999.00 -9999.00 -9999.00 19.62 20.82 0.00
0.00 16089.18
94.00 -74.76 -9999.00 -9999.00 -9999.00 24.83 14.34 0.00
0.00 16897.86
81.00 -74.16 -9999.00 -9999.00 -9999.00 2.05 5.44 0.00
0.00 17763.54
70.60 -72.56 -9999.00 -9999.00 -9999.00 323.13 2.91 0.00
0.00 18567.18
62.20 -68.66 -9999.00 -9999.00 -9999.00 291.37 4.80 0.00
0.00 19318.19
54.30 -65.46 -9999.00 -9999.00 -9999.00 321.12 7.73 0.00
0.00 20137.60
46.90 -61.96 -9999.00 -9999.00 -9999.00 357.61 9.32 0.00
0.00 21035.77
40.10 -58.26 -9999.00 -9999.00 -9999.00 338.75 7.50 0.00
0.00 22012.59
33.80 -55.76 -9999.00 -9999.00 -9999.00 255.07 9.05 0.00
0.00 23093.92
27.80 -53.26 -9999.00 -9999.00 -9999.00 319.76 3.30 0.00
0.00 24344.62
22.30 -49.76 -9999.00 -9999.00 -9999.00 10.44 7.50 0.00
0.00 25774.83
17.10 -48.16 -9999.00 -9999.00 -9999.00 80.54 3.54 0.00
0.00 27517.19
12.30 -42.96 -9999.00 -9999.00 -9999.00 138.99 11.85 0.00
0.00 29712.14

STID = PHNL STNM = 911820 TIME = 221027/0900 
SLAT = 21.35 SLON = -157.93 SELV = 77.0
STIM = 21

SHOW = 8.46 LIFT = 1.95 SWET = 155.36 KINX = -1.03
LCLP = 956.21 PWAT = 29.52 TOTL = 32.93 CAPE = 353.00
LCLT = 292.60 CINS = -5.86 EQLV = 222.89 LFCT = 911.16
BRCH = 108.10

PRES TMPC TMWC DWPC THTE DRCT SKNT OMEG
CFRL HGHT
1008.60 23.94 21.44 20.31 340.11 91.74 6.41 0.20
0.00 85.70
1005.60 24.44 21.54 20.24 340.94 94.29 7.79 0.40
0.00 111.86
1000.00 24.34 21.41 20.11 341.28 97.52 10.39 0.50
0.00 160.93
990.40 24.04 21.15 19.86 341.63 101.15 14.06 0.60
0.00 245.65
976.20 22.94 20.55 19.45 341.29 103.39 16.76 0.70
0.00 372.16
958.00 21.44 19.81 19.03 341.06 104.34 18.05 0.70
0.00 536.29
936.20 19.84 17.85 16.83 336.73 106.19 18.80 0.80
0.00 735.89
912.40 18.04 16.11 15.06 333.94 108.80 19.29 0.70
0.00 957.70
886.70 16.14 13.91 12.57 330.13 110.75 19.74 0.70
0.00 1202.07
857.90 14.24 11.35 9.41 326.16 109.47 20.40 0.70
0.00 1482.36
826.10 12.84 8.22 4.46 321.49 101.94 20.65 0.60
0.00 1800.78
791.40 9.94 7.07 4.75 323.39 104.53 16.26 0.20
0.00 2159.62
753.60 7.44 3.41 -0.66 319.28 116.57 10.86 -0.20
0.00 2564.81
712.90 6.34 -1.73 -16.68 312.78 88.57 7.77 -0.30
0.00 3020.80
669.30 7.34 -3.13 -34.78 315.72 70.91 10.68 -0.10
0.00 3538.29
622.80 6.24 -4.31 -39.50 320.65 72.90 13.21 0.20
0.00 4128.42
573.70 2.04 -7.22 -43.01 323.14 27.65 9.21 0.20
0.00 4795.03
526.20 -2.46 -10.33 -43.22 325.84 346.31 15.60 0.10
0.00 5485.57
483.50 -7.36 -13.81 -44.60 327.74 340.07 16.53 0.00
0.00 6150.13
445.30 -11.56 -16.81 -41.79 330.51 345.32 16.86 0.00
0.00 6785.46
410.90 -16.16 -20.01 -37.28 332.85 352.21 18.63 0.00
0.00 7395.78
379.90 -21.06 -23.78 -37.31 334.01 1.59 20.98 -0.10
0.00 7980.37
352.00 -25.86 -27.61 -37.36 334.98 7.35 24.28 -0.10
0.00 8538.00
326.90 -30.36 -31.22 -36.25 336.25 4.84 25.35 -0.10
0.00 9068.77
304.30 -34.06 -34.49 -37.34 337.90 3.78 23.56 -0.10
80.00 9574.18
284.00 -38.06 -38.65 -44.78 337.88 16.36 18.63 -0.10
0.00 10053.43
265.80 -41.46 -41.70 -44.35 339.47 11.79 22.82 0.00
100.00 10505.96
248.90 -45.46 -45.69 -49.42 339.49 14.14 26.24 0.00
92.00 10947.70
233.60 -49.06 -49.25 -53.69 339.99 14.71 32.13 0.00
58.00 11367.21
219.60 -52.16 -52.41 -62.27 340.97 17.32 37.84 0.10
16.00 11769.82
205.70 -55.86 -56.03 -64.93 341.54 16.60 42.15 0.10
0.00 12189.27
191.70 -59.46 -59.55 -65.45 342.71 13.71 41.78 0.10
0.00 12633.89
177.70 -62.86 -62.93 -68.92 344.60 10.80 38.36 0.10
0.00 13104.47
163.80 -65.36 -65.43 -74.24 348.47 7.99 34.91 0.10
0.00 13602.86
149.80 -66.96 -67.02 -74.84 354.73 6.92 33.86 0.10
0.00 14144.19
135.90 -69.26 -9999.00 -9999.00 -9999.00 13.51 30.77 0.10
0.00 14728.66
121.90 -71.36 -9999.00 -9999.00 -9999.00 8.06 23.54 0.00
0.00 15374.17
108.00 -72.96 -9999.00 -9999.00 -9999.00 16.11 18.20 0.00
0.00 16086.45
94.00 -74.26 -9999.00 -9999.00 -9999.00 19.15 14.80 0.00
0.00 16897.37
81.00 -74.56 -9999.00 -9999.00 -9999.00 358.49 7.38 0.00
0.00 17763.26
70.60 -73.56 -9999.00 -9999.00 -9999.00 308.16 3.46 0.00
0.00 18564.09
62.20 -69.66 -9999.00 -9999.00 -9999.00 272.44 9.13 0.00
0.00 19311.40
54.30 -65.26 -9999.00 -9999.00 -9999.00 299.58 8.26 0.00
0.00 20129.21
46.90 -60.36 -9999.00 -9999.00 -9999.00 14.04 7.21 0.00
0.00 21031.25
40.10 -57.76 -9999.00 -9999.00 -9999.00 354.14 7.61 0.00
0.00 22012.87
33.80 -56.26 -9999.00 -9999.00 -9999.00 283.24 10.18 0.00
0.00 23094.21
27.80 -53.16 -9999.00 -9999.00 -9999.00 330.75 5.57 0.00
0.00 24343.76
22.30 -49.56 -9999.00 -9999.00 -9999.00 28.89 6.43 0.00
0.00 25774.94
17.10 -47.96 -9999.00 -9999.00 -9999.00 81.87 4.12 0.00
0.00 27518.85
12.30 -42.76 -9999.00 -9999.00 -9999.00 148.47 10.02 0.00
0.00 29715.73
STN YYMMDD/HHMM PMSL PRES SKTC STC1 SNFL WTNS
P01M C01M STC2 LCLD MCLD HCLD
SNRA UWND VWND R01M BFGR T2MS
Q2MS WXTS WXTP WXTZ WXTR USTM
VSTM HLCY SLLH WSYM CDBP VSBK
TD2M
911820 221026/1200 1017.90 1008.90 22.64 295.80 -9999.00 6.00
-9999.00 -9999.00 296.20 12.00 100.00 0.00
-9999.00 -2.30 0.40 -9999.00 -9999.00 22.84
11.96 0.00 0.00 0.00 0.00 0.20
1.20 -17.50 -9999.00 999.00 -9999.00 20.00
16.66
911820 221026/1300 1018.60 1009.60 22.84 296.00 0.00 6.00
0.00 0.00 296.30 36.00 100.00 0.00
-9999.00 -2.30 -0.10 -9999.00 -9999.00 23.14
13.82 0.00 0.00 0.00 0.00 -0.80
-0.50 -16.40 0.00 999.00 -9999.00 20.00
18.92
911820 221026/1400 1017.90 1008.90 22.44 295.60 0.00 6.00
0.00 0.00 295.80 9.00 84.00 0.00
-9999.00 -2.40 0.00 -9999.00 -9999.00 22.74
15.56 0.00 0.00 0.00 0.00 -4.40
-3.50 -2.10 0.00 999.00 -9999.00 20.00
20.77
911820 221026/1500 1017.80 1008.80 23.04 296.20 0.00 7.00
0.03 0.00 296.20 100.00 34.00 0.00
-9999.00 -2.70 0.50 -9999.00 -9999.00 22.94
16.89 0.00 0.00 0.00 1.00 -12.50
-1.60 17.20 0.00 60.00 957.30 0.00
22.08
911820 221026/1600 1018.30 1009.20 23.04 296.20 0.00 7.00
0.00 0.00 296.30 58.00 0.00 0.00
-9999.00 -2.40 0.50 -9999.00 -9999.00 23.04
17.36 0.00 0.00 0.00 0.00 -13.70
0.20 27.20 0.00 999.00 -9999.00 0.02
22.52
911820 221026/1700 1019.10 1010.10 23.54 296.70 0.00 8.00
0.05 0.05 296.60 15.00 7.00 0.00
-9999.00 -2.70 1.30 -9999.00 -9999.00 23.44
17.56 0.00 0.00 0.00 1.00 -14.50
2.80 3.30 0.00 60.00 -9999.00 0.00
22.72
911820 221026/1800 1019.20 1010.20 26.84 300.00 0.00 8.00
0.00 0.00 299.30 32.00 2.00 0.00
-9999.00 -3.60 2.00 -9999.00 -9999.00 25.04
17.10 0.00 0.00 0.00 0.00 -14.40
2.30 0.00 0.00 999.00 -9999.00 7.24
22.30
911820 221026/1900 1020.20 1011.20 28.44 301.60 0.00 8.00
0.00 0.00 301.10 100.00 0.00 0.00
-9999.00 -4.30 2.00 -9999.00 -9999.00 25.74
16.31 0.00 0.00 0.00 0.00 -14.10
0.30 -1.90 0.00 999.00 754.70 0.05
21.56
911820 221026/2000 1020.30 1011.30 28.34 301.50 0.00 8.00
0.00 0.00 301.10 100.00 100.00 0.00
-9999.00 -4.10 1.90 -9999.00 -9999.00 25.84
16.22 0.00 0.00 0.00 0.00 -14.30
0.20 -7.20 0.00 999.00 754.70 0.11
21.47
911820 221026/2100 1019.50 1010.50 29.74 302.90 0.00 8.00
0.00 0.00 302.30 100.00 98.00 0.00
-9999.00 -4.30 2.30 -9999.00 -9999.00 26.54
15.87 0.00 0.00 0.00 0.00 -14.70
0.80 -18.00 0.00 999.00 754.10 0.14
21.11
911820 221026/2200 1019.00 1010.00 29.94 303.10 0.00 7.00
0.00 0.00 303.10 66.00 65.00 0.00
-9999.00 -4.70 2.00 -9999.00 -9999.00 27.04
15.51 0.00 0.00 0.00 0.00 -14.30
-0.90 -13.60 0.00 999.00 -9999.00 0.02
20.74
911820 221026/2300 1018.40 1009.40 33.34 306.50 0.00 7.00
0.00 0.00 305.60 18.00 100.00 0.00
-9999.00 -5.30 2.10 -9999.00 -9999.00 28.04
14.67 0.00 0.00 0.00 0.00 -13.00
-3.80 -16.30 0.00 999.00 -9999.00 20.00
19.85
911820 221027/0000 1017.30 1008.40 36.24 309.40 0.00 7.00
0.00 0.00 308.40 23.00 100.00 0.00
-9999.00 -5.40 2.00 -9999.00 -9999.00 28.94
14.28 0.00 0.00 0.00 0.00 -12.20
-4.90 -19.20 0.00 999.00 -9999.00 20.00
19.41
911820 221027/0100 1017.10 1008.10 35.24 308.40 0.00 7.00
0.00 0.00 307.80 16.00 100.00 0.00
-9999.00 -5.30 1.70 -9999.00 -9999.00 28.84
13.98 0.00 0.00 0.00 0.00 -12.40
-5.00 -23.90 0.00 999.00 -9999.00 20.00
19.08
911820 221027/0200 1017.50 1008.50 32.84 306.00 0.00 7.00
0.00 0.00 306.00 8.00 96.00 0.00
-9999.00 -5.20 1.20 -9999.00 -9999.00 28.34
13.86 0.00 0.00 0.00 0.00 -12.40
-5.10 -20.80 0.00 999.00 -9999.00 20.00
18.95
911820 221027/0300 1017.30 1008.30 28.94 302.10 0.00 7.00
0.00 0.00 302.80 1.00 100.00 0.00
-9999.00 -4.90 1.10 -9999.00 -9999.00 27.24
14.15 0.00 0.00 0.00 0.00 -12.80
-5.20 -20.60 0.00 999.00 -9999.00 20.00
19.27
911820 221027/0400 1017.50 1008.50 25.74 298.90 0.00 7.00
0.00 0.00 299.70 1.00 100.00 0.00
-9999.00 -4.00 0.80 -9999.00 -9999.00 25.64
14.85 0.00 0.00 0.00 0.00 -12.90
-5.40 -15.00 0.00 999.00 -9999.00 20.00
20.03
911820 221027/0500 1018.10 1009.10 24.54 297.70 0.00 7.00
0.00 0.00 298.20 0.00 100.00 0.00
-9999.00 -3.20 0.50 -9999.00 -9999.00 24.64
15.12 0.00 0.00 0.00 0.00 -12.70
-5.40 -19.00 0.00 999.00 -9999.00 20.00
20.32
911820 221027/0600 1019.00 1010.00 23.84 297.00 0.00 7.00
0.00 0.00 297.50 0.00 100.00 0.00
-9999.00 -2.80 0.30 -9999.00 -9999.00 24.04
14.77 0.00 0.00 0.00 0.00 -12.40
-5.60 -19.30 0.00 999.00 -9999.00 20.00
19.97
911820 221027/0700 1019.20 1010.20 22.94 296.10 0.00 7.00
0.00 0.00 296.60 0.00 89.00 0.00
-9999.00 -2.30 0.00 -9999.00 -9999.00 23.34
14.88 0.00 0.00 0.00 0.00 -12.30
-5.20 -15.60 0.00 999.00 -9999.00 20.00
20.09
911820 221027/0800 1018.80 1009.80 22.24 295.40 0.00 7.00
0.00 0.00 295.80 0.00 100.00 0.00
-9999.00 -2.10 -0.40 -9999.00 -9999.00 22.64
15.04 0.00 0.00 0.00 0.00 -12.00
-5.00 -4.90 0.00 999.00 -9999.00 20.00
20.25
911820 221027/0900 1018.60 1009.60 21.74 294.90 0.00 7.00
0.00 0.00 295.30 0.00 100.00 0.00
-9999.00 -1.90 -0.80 -9999.00 -9999.00 22.34
15.11 0.00 0.00 0.00 0.00 -11.40
-5.30 2.50 0.00 999.00 -9999.00 20.00
20.32


