
SNPARM = PRES;TMPC;TMWC;DWPC;THTE;DRCT;SKNT;OMEG;CFRL;HGHT 
STNPRM = SHOW;LIFT;SWET;KINX;LCLP;PWAT;TOTL;CAPE;LCLT;CINS;EQLV;LFCT;BRCH 

STID = KOXR STNM = 723927 TIME = 221026/1200 
SLAT = 34.21 SLON = -119.20 SELV = 40.0
STIM = 0

SHOW = 6.72 LIFT = 8.75 SWET = 45.41 KINX = 8.20
LCLP = 844.07 PWAT = 14.89 TOTL = 40.19 CAPE = 0.00
LCLT = 271.49 CINS = 0.00 EQLV = -9999.00 LFCT = -9999.00
BRCH = 0.00

PRES TMPC TMWC DWPC THTE DRCT SKNT OMEG
CFRL HGHT
1009.00 12.54 7.08 0.80 296.61 87.71 4.86 0.20
0.00 49.96
1006.00 14.34 7.92 0.76 298.76 90.00 5.05 0.10
0.00 75.00
1000.40 15.64 9.05 2.31 302.00 108.43 4.29 0.00
0.00 122.21
990.90 16.24 10.71 5.92 307.29 132.88 3.71 -0.10
0.00 203.21
976.80 16.24 11.17 7.02 310.13 155.22 5.56 -0.20
0.00 325.06
958.70 16.14 10.27 5.17 309.82 154.98 6.43 -0.20
0.00 484.06
937.10 15.94 8.89 2.07 308.72 152.35 4.60 -0.20
0.00 677.58
913.50 15.34 7.84 0.10 308.84 104.04 0.80 -0.20
0.00 893.78
887.80 14.54 6.92 -1.30 309.65 345.96 4.00 -0.20
0.00 1135.02
859.10 13.24 5.81 -2.52 310.53 341.57 7.98 -0.20
0.00 1411.76
827.40 11.54 4.65 -3.25 311.85 332.70 13.56 -0.20
0.00 1726.70
792.60 9.64 3.47 -3.67 313.73 318.06 18.03 -0.30
0.00 2084.38
754.90 7.44 1.85 -4.91 315.18 311.68 21.33 -0.30
0.00 2487.09
714.00 5.04 -1.09 -10.20 314.32 307.92 23.39 -0.30
0.00 2943.46
670.30 2.24 -4.53 -18.34 313.31 305.92 23.50 -0.30
0.00 3455.76
623.50 -1.46 -8.42 -31.10 312.62 313.45 20.34 -0.30
0.00 4035.59
574.30 -6.56 -12.63 -46.72 312.76 323.47 19.58 -0.20
0.00 4683.26
526.60 -11.96 -16.71 -49.47 314.04 319.18 22.59 -0.10
0.00 5353.08
483.80 -17.06 -20.29 -38.01 316.26 305.18 29.00 0.00
0.00 5994.93
445.50 -21.56 -22.87 -28.14 320.02 293.82 39.92 0.10
0.00 6607.95
411.00 -25.36 -26.83 -35.38 321.18 287.00 49.16 0.10
0.00 7197.30
379.90 -29.36 -30.61 -40.35 322.61 283.69 54.18 0.10
0.00 7763.54
352.00 -33.76 -34.51 -41.40 323.73 281.58 56.12 0.10
0.00 8303.04
326.80 -38.16 -38.50 -42.10 324.59 279.43 61.64 0.10
33.00 8818.87
304.20 -42.16 -42.44 -46.66 325.30 280.28 67.52 0.10
14.00 9307.68
283.90 -45.16 -45.40 -49.97 327.28 279.80 75.31 0.00
14.00 9771.66
265.70 -47.06 -47.35 -54.29 330.55 279.95 82.05 0.00
3.00 10212.00
248.80 -47.66 -48.07 -61.32 335.72 281.13 86.52 0.00
0.00 10646.36
233.50 -48.36 -48.81 -66.97 340.71 279.20 89.94 -0.10
0.00 11064.63
219.60 -49.56 -50.00 -72.27 344.84 275.67 90.38 -0.10
0.00 11467.39
205.60 -51.96 -52.32 -72.72 347.62 274.31 90.38 -0.10
0.00 11896.22
191.70 -54.96 -55.22 -73.19 349.83 275.33 89.94 -0.10
0.00 12346.37
177.70 -58.06 -58.25 -73.70 352.42 276.16 86.95 0.00
0.00 12827.27
163.70 -60.96 -9999.00 -9999.00 -9999.00 275.74 83.57 0.00
0.00 13340.45
149.80 -63.36 -9999.00 -9999.00 -9999.00 274.56 80.67 0.00
0.00 13888.47
135.80 -65.66 -9999.00 -9999.00 -9999.00 272.66 75.25 0.00
0.00 14487.69
121.90 -67.96 -9999.00 -9999.00 -9999.00 272.05 70.75 0.00
0.00 15139.89
107.90 -68.96 -9999.00 -9999.00 -9999.00 277.19 68.34 0.10
0.00 15870.84
94.00 -67.66 -9999.00 -9999.00 -9999.00 282.36 58.06 0.10
0.00 16697.74
81.00 -64.96 -9999.00 -9999.00 -9999.00 284.62 46.17 0.00
0.00 17598.92
70.60 -62.06 -9999.00 -9999.00 -9999.00 288.32 30.28 0.00
0.00 18442.19
62.20 -62.16 -9999.00 -9999.00 -9999.00 295.23 18.69 0.00
0.00 19224.72
54.30 -63.36 -9999.00 -9999.00 -9999.00 293.10 14.36 0.00
0.00 20061.22
46.90 -61.86 -9999.00 -9999.00 -9999.00 266.42 18.69 0.00
0.00 20964.11
40.10 -58.26 -9999.00 -9999.00 -9999.00 261.62 25.33 0.00
0.00 21941.15
33.80 -55.06 -9999.00 -9999.00 -9999.00 270.85 26.22 0.00
0.00 23024.24
27.80 -53.16 -9999.00 -9999.00 -9999.00 276.93 20.94 0.00
0.00 24277.22
22.30 -52.96 -9999.00 -9999.00 -9999.00 280.59 21.15 0.00
0.00 25697.44
17.10 -51.66 -9999.00 -9999.00 -9999.00 284.42 28.09 0.00
0.00 27413.76
12.30 -48.26 -9999.00 -9999.00 -9999.00 284.34 36.09 0.00
0.00 29566.27

STID = KOXR STNM = 723927 TIME = 221026/1300 
SLAT = 34.21 SLON = -119.20 SELV = 40.0
STIM = 1

SHOW = 7.31 LIFT = 8.32 SWET = 44.36 KINX = 3.39
LCLP = 852.29 PWAT = 14.17 TOTL = 39.25 CAPE = 0.00
LCLT = 272.09 CINS = 0.00 EQLV = -9999.00 LFCT = -9999.00
BRCH = 0.00

PRES TMPC TMWC DWPC THTE DRCT SKNT OMEG
CFRL HGHT
1009.70 12.44 7.20 1.29 296.83 81.57 5.30 0.30
0.00 49.95
1006.70 14.64 8.19 1.14 299.31 77.91 5.56 0.20
0.00 74.99
1001.20 15.74 9.20 2.60 302.29 97.77 4.31 0.10
0.00 121.35
991.60 16.04 10.73 6.14 307.25 132.51 3.17 0.00
0.00 203.13
977.50 15.94 11.45 7.89 310.83 163.74 4.86 -0.10
0.00 324.81
959.40 15.74 10.58 6.26 310.59 160.20 5.17 -0.10
0.00 483.54
937.70 15.44 9.01 2.96 308.99 153.43 3.48 -0.10
0.00 677.56
914.00 14.84 7.76 0.50 308.60 33.69 0.70 -0.10
0.00 894.20
888.40 13.94 6.53 -1.64 308.65 344.36 5.05 -0.20
0.00 1133.90
859.60 12.54 5.26 -3.22 309.15 340.02 9.09 -0.20
0.00 1410.78
827.90 10.94 4.13 -3.99 310.54 330.55 13.83 -0.30
0.00 1724.78
793.10 9.14 3.05 -4.22 312.66 315.86 18.41 -0.30
0.00 2081.51
755.20 7.04 1.37 -5.79 314.01 308.42 21.56 -0.30
0.00 2485.45
714.40 5.04 -1.66 -12.65 312.91 306.17 22.38 -0.30
0.00 2940.07
670.60 2.34 -5.24 -24.19 311.64 304.40 21.66 -0.20
0.00 3453.22
623.80 -1.46 -8.81 -39.49 311.67 307.78 19.66 -0.20
0.00 4032.75
574.50 -6.56 -12.70 -51.21 312.58 315.00 19.23 -0.10
0.00 4681.40
526.80 -12.06 -16.78 -49.47 313.88 315.76 20.61 0.00
0.00 5350.85
483.90 -17.36 -20.61 -39.78 315.69 303.45 25.37 0.10
0.00 5993.50
445.60 -21.86 -23.38 -30.06 319.14 294.80 36.60 0.10
0.00 6605.63
411.10 -25.56 -27.22 -38.09 320.51 286.95 47.32 0.10
0.00 7194.21
380.00 -29.46 -30.80 -42.08 322.27 283.04 51.65 0.10
0.00 7759.93
352.00 -33.96 -34.69 -41.40 323.46 280.75 54.18 0.10
0.00 8300.95
326.90 -38.36 -38.70 -42.43 324.25 279.06 59.21 0.00
7.00 8814.22
304.30 -42.36 -42.68 -47.65 324.91 278.81 64.67 0.00
4.00 9302.45
284.00 -45.26 -45.50 -49.97 327.10 277.26 73.82 -0.10
18.00 9765.96
265.70 -47.66 -47.94 -55.27 329.64 279.67 79.80 -0.20
2.00 10207.96
248.80 -48.16 -48.57 -63.51 334.93 281.82 85.33 -0.10
0.00 10641.27
233.50 -48.66 -49.10 -66.97 340.26 280.70 88.97 -0.10
0.00 11058.79
219.60 -49.66 -50.10 -72.27 344.69 277.17 90.25 -0.10
0.00 11461.19
205.60 -51.86 -52.22 -72.72 347.78 276.00 91.03 -0.10
0.00 11890.02
191.60 -54.86 -55.13 -73.19 350.05 276.75 90.95 -0.10
0.00 12343.74
177.70 -57.96 -58.15 -73.70 352.58 277.84 88.25 0.00
0.00 12821.55
163.70 -60.56 -9999.00 -9999.00 -9999.00 277.76 84.89 0.00
0.00 13335.32
149.80 -62.86 -9999.00 -9999.00 -9999.00 275.38 80.77 0.00
0.00 13884.51
135.80 -65.26 -9999.00 -9999.00 -9999.00 273.22 76.07 0.00
0.00 14485.03
121.90 -67.76 -9999.00 -9999.00 -9999.00 273.12 71.39 0.00
0.00 15138.18
107.90 -68.86 -9999.00 -9999.00 -9999.00 279.11 67.48 0.00
0.00 15869.66
94.00 -67.46 -9999.00 -9999.00 -9999.00 285.86 56.14 0.10
0.00 16697.17
81.00 -65.06 -9999.00 -9999.00 -9999.00 286.53 44.37 0.00
0.00 17598.57
70.60 -62.56 -9999.00 -9999.00 -9999.00 288.08 29.43 0.00
0.00 18440.63
62.20 -63.16 -9999.00 -9999.00 -9999.00 285.36 18.34 0.00
0.00 19220.37
54.30 -63.96 -9999.00 -9999.00 -9999.00 277.77 17.25 0.00
0.00 20053.69
46.90 -61.06 -9999.00 -9999.00 -9999.00 262.88 23.48 0.00
0.00 20957.01
40.10 -56.96 -9999.00 -9999.00 -9999.00 266.00 27.84 0.00
0.00 21938.87
33.80 -54.76 -9999.00 -9999.00 -9999.00 279.32 25.19 0.00
0.00 23025.96
27.80 -53.86 -9999.00 -9999.00 -9999.00 281.53 19.42 0.00
0.00 24277.80
22.30 -53.76 -9999.00 -9999.00 -9999.00 275.39 20.69 0.00
0.00 25693.17
17.10 -51.86 -9999.00 -9999.00 -9999.00 282.23 28.42 0.00
0.00 27405.61
12.30 -48.16 -9999.00 -9999.00 -9999.00 287.74 35.68 0.00
0.00 29557.64

STID = KOXR STNM = 723927 TIME = 221026/1400 
SLAT = 34.21 SLON = -119.20 SELV = 40.0
STIM = 2

SHOW = 7.34 LIFT = 8.10 SWET = 44.27 KINX = 0.51
LCLP = 869.40 PWAT = 13.60 TOTL = 39.22 CAPE = 0.00
LCLT = 273.32 CINS = 0.00 EQLV = -9999.00 LFCT = -9999.00
BRCH = 0.00

PRES TMPC TMWC DWPC THTE DRCT SKNT OMEG
CFRL HGHT
1008.90 12.04 7.36 2.25 297.30 94.24 5.26 0.30
0.00 49.95
1005.90 14.34 8.35 1.98 299.79 90.00 6.22 0.20
0.00 74.98
1000.40 15.64 9.51 3.54 303.15 110.77 6.02 0.00
0.00 121.35
990.80 15.94 10.89 6.61 307.78 143.13 4.86 -0.10
0.00 203.18
976.70 15.64 11.65 8.57 311.50 163.81 6.27 -0.20
0.00 324.90
958.60 15.44 10.55 6.48 310.62 156.04 5.73 -0.30
0.00 483.61
936.90 15.24 8.94 3.01 308.92 147.09 3.92 -0.20
0.00 677.64
913.30 14.74 7.68 0.42 308.50 71.57 0.62 -0.20
0.00 893.43
887.60 13.84 6.36 -2.01 308.33 345.47 5.42 -0.10
0.00 1134.17
858.90 12.44 5.16 -3.39 308.99 342.90 10.57 -0.10
0.00 1410.22
827.20 10.84 4.08 -4.00 310.51 332.10 14.94 0.00
0.00 1724.37
792.50 8.94 2.80 -4.69 312.15 321.15 17.97 -0.10
0.00 2080.15
754.70 6.94 0.78 -7.58 312.69 315.81 19.50 -0.20
0.00 2483.03
713.90 4.94 -2.23 -15.19 311.68 314.60 19.64 -0.20
0.00 2937.69
670.20 2.14 -5.72 -28.25 310.63 310.79 18.73 -0.30
0.00 3449.63
623.50 -1.86 -9.24 -46.93 310.85 305.25 17.83 -0.30
0.00 4027.53
574.30 -6.76 -12.88 -56.99 312.26 305.98 17.52 -0.30
0.00 4674.39
526.60 -12.16 -16.83 -48.43 313.83 306.12 17.79 -0.10
0.00 5343.70
483.70 -17.46 -20.74 -41.01 315.50 296.78 22.84 0.00
0.00 5986.35
445.40 -21.96 -23.79 -32.93 318.47 293.46 33.66 0.00
0.00 6598.46
411.00 -25.56 -27.51 -42.98 320.02 286.35 45.55 0.00
0.00 7185.36
379.90 -29.66 -30.88 -40.67 322.17 281.73 51.57 0.00
0.00 7750.98
351.90 -34.26 -34.84 -39.88 323.26 278.95 53.69 -0.10
0.00 8291.60
326.80 -38.56 -38.88 -42.43 324.00 278.51 57.75 -0.10
25.00 8804.49
304.20 -42.76 -43.05 -47.65 324.38 277.96 63.15 -0.10
10.00 9292.24
283.90 -45.76 -45.99 -50.61 326.38 276.84 73.37 -0.10
12.00 9755.01
265.70 -47.96 -48.25 -56.36 329.16 277.91 80.40 -0.10
0.00 10193.89
248.80 -48.66 -49.04 -63.51 334.19 280.17 85.84 -0.10
0.00 10626.42
233.50 -49.06 -49.48 -66.97 339.65 280.02 89.36 0.00
0.00 11043.11
219.60 -49.86 -50.29 -72.27 344.38 277.23 92.62 0.00
0.00 11444.97
205.60 -51.76 -52.13 -72.72 347.94 275.87 94.91 0.00
0.00 11873.70
191.60 -54.66 -54.94 -73.19 350.37 276.53 95.61 0.00
0.00 12327.73
177.70 -57.76 -57.96 -73.70 352.91 277.96 92.58 0.00
0.00 12805.98
163.70 -60.46 -9999.00 -9999.00 -9999.00 278.29 87.55 0.00
0.00 13320.12
149.80 -62.76 -9999.00 -9999.00 -9999.00 276.10 82.25 0.00
0.00 13869.57
135.80 -65.26 -9999.00 -9999.00 -9999.00 273.46 77.25 0.00
0.00 14470.23
121.90 -67.76 -9999.00 -9999.00 -9999.00 273.06 72.75 0.10
0.00 15123.37
107.90 -68.26 -9999.00 -9999.00 -9999.00 279.57 67.77 0.10
0.00 15855.93
94.00 -66.46 -9999.00 -9999.00 -9999.00 288.69 54.55 0.10
0.00 16686.66
81.00 -64.46 -9999.00 -9999.00 -9999.00 289.03 41.10 0.00
0.00 17591.55
70.60 -62.66 -9999.00 -9999.00 -9999.00 288.06 28.21 0.00
0.00 18434.62
62.20 -63.26 -9999.00 -9999.00 -9999.00 281.31 18.82 0.00
0.00 19213.99
54.30 -63.76 -9999.00 -9999.00 -9999.00 280.97 19.39 0.00
0.00 20047.51
46.90 -60.86 -9999.00 -9999.00 -9999.00 273.60 24.73 0.00
0.00 20951.69
40.10 -57.06 -9999.00 -9999.00 -9999.00 275.01 26.71 0.00
0.00 21933.78
33.80 -55.06 -9999.00 -9999.00 -9999.00 283.91 21.81 0.00
0.00 23019.86
27.80 -54.16 -9999.00 -9999.00 -9999.00 277.13 17.23 0.00
0.00 24269.99
22.30 -54.26 -9999.00 -9999.00 -9999.00 274.68 21.45 0.00
0.00 25682.78
17.10 -53.26 -9999.00 -9999.00 -9999.00 285.52 29.04 0.00
0.00 27387.83
12.30 -49.16 -9999.00 -9999.00 -9999.00 284.79 35.76 0.00
0.00 29528.29

STID = KOXR STNM = 723927 TIME = 221026/1500 
SLAT = 34.21 SLON = -119.20 SELV = 40.0
STIM = 3

SHOW = 6.89 LIFT = 7.61 SWET = 43.50 KINX = -0.12
LCLP = 885.51 PWAT = 13.72 TOTL = 40.17 CAPE = 0.00
LCLT = 275.24 CINS = 0.00 EQLV = -9999.00 LFCT = -9999.00
BRCH = 0.00

PRES TMPC TMWC DWPC THTE DRCT SKNT OMEG
CFRL HGHT
1008.90 12.54 8.26 3.94 299.39 82.57 4.51 0.30
0.00 49.97
1005.90 14.54 9.09 3.70 301.58 72.90 5.28 0.20
0.00 75.04
1000.40 15.44 10.04 5.09 304.51 100.89 5.15 0.10
0.00 121.43
990.80 15.74 11.14 7.34 308.45 150.26 4.70 -0.10
0.00 203.22
976.70 15.24 11.90 9.39 312.20 172.65 6.08 -0.30
0.00 324.84
958.60 15.04 10.69 7.15 311.02 164.05 5.65 -0.30
0.00 483.37
936.90 15.04 9.06 3.53 309.24 153.43 3.90 -0.30
0.00 677.22
913.30 14.44 7.69 0.83 308.55 180.00 0.78 -0.30
0.00 892.85
887.60 13.64 6.47 -1.40 308.61 338.63 4.80 -0.20
0.00 1133.40
858.90 12.34 5.39 -2.49 309.59 341.57 10.45 -0.10
0.00 1409.34
827.20 10.74 4.16 -3.59 310.72 334.11 14.69 -0.10
0.00 1723.41
792.40 8.84 2.56 -5.32 311.58 327.23 16.86 -0.20
0.00 2080.11
754.70 6.94 0.36 -9.15 311.69 323.88 17.79 -0.20
0.00 2481.82
713.90 4.94 -2.53 -16.91 310.99 321.63 17.83 -0.30
0.00 2936.40
670.20 1.94 -5.91 -29.25 310.24 315.91 17.31 -0.30
0.00 3448.11
623.50 -2.06 -9.38 -47.98 310.58 303.88 16.38 -0.40
0.00 4025.58
574.30 -6.96 -13.02 -56.99 312.02 293.20 16.28 -0.40
0.00 4671.96
526.60 -12.36 -16.96 -47.50 313.63 290.32 16.78 -0.20
0.00 5340.76
483.70 -17.56 -20.80 -40.58 315.41 287.03 22.55 -0.10
0.00 5983.04
445.40 -22.06 -24.21 -36.75 317.75 291.14 31.24 -0.10
0.00 6594.88
411.00 -25.86 -27.88 -46.08 319.41 286.52 42.35 -0.10
0.00 7181.27
379.90 -30.06 -31.16 -39.73 321.75 282.29 51.09 -0.10
0.00 7746.08
351.90 -34.66 -35.10 -38.80 322.86 278.95 53.69 -0.10
0.00 8285.82
326.80 -38.96 -39.13 -40.87 323.64 278.05 56.90 -0.10
100.00 8797.85
304.20 -43.26 -43.49 -47.14 323.71 278.29 60.66 0.00
55.00 9284.67
283.90 -45.96 -46.23 -52.05 326.01 277.11 72.24 0.00
3.00 9746.72
265.70 -47.66 -47.99 -57.61 329.56 277.13 83.00 0.00
0.00 10185.70
248.80 -48.76 -49.14 -63.51 334.04 279.09 88.52 0.00
0.00 10618.42
233.50 -49.16 -49.57 -66.97 339.50 278.87 92.02 0.10
0.00 11034.92
219.60 -49.86 -50.29 -72.27 344.38 276.49 96.19 0.10
0.00 11436.70
205.60 -51.56 -51.93 -72.72 348.25 275.61 99.34 0.10
0.00 11865.62
191.60 -54.46 -54.74 -73.19 350.69 277.04 99.83 0.00
0.00 12320.06
177.70 -57.86 -58.06 -73.70 352.75 278.63 97.07 0.00
0.00 12798.42
163.70 -60.76 -9999.00 -9999.00 -9999.00 278.64 91.76 0.00
0.00 13312.08
149.80 -63.06 -9999.00 -9999.00 -9999.00 276.06 84.58 0.00
0.00 13860.75
135.80 -64.96 -9999.00 -9999.00 -9999.00 272.56 78.36 0.00
0.00 14461.41
121.90 -67.16 -9999.00 -9999.00 -9999.00 272.88 73.52 0.10
0.00 15115.98
107.90 -67.26 -9999.00 -9999.00 -9999.00 282.21 67.97 0.00
0.00 15851.39
94.00 -65.86 -9999.00 -9999.00 -9999.00 291.64 52.66 0.00
0.00 16685.35
81.00 -64.16 -9999.00 -9999.00 -9999.00 289.17 38.46 0.00
0.00 17592.20
70.60 -62.76 -9999.00 -9999.00 -9999.00 290.56 26.55 0.00
0.00 18435.67
62.20 -63.76 -9999.00 -9999.00 -9999.00 283.42 17.58 0.00
0.00 19213.93
54.30 -64.16 -9999.00 -9999.00 -9999.00 280.73 18.78 0.00
0.00 20045.67
46.90 -60.96 -9999.00 -9999.00 -9999.00 275.81 23.04 0.00
0.00 20948.77
40.10 -57.16 -9999.00 -9999.00 -9999.00 276.34 22.86 0.00
0.00 21930.40
33.80 -55.36 -9999.00 -9999.00 -9999.00 282.38 16.32 0.00
0.00 23015.48
27.80 -54.66 -9999.00 -9999.00 -9999.00 270.00 15.15 0.00
0.00 24263.32
22.30 -54.76 -9999.00 -9999.00 -9999.00 271.01 22.14 0.00
0.00 25672.88
17.10 -53.56 -9999.00 -9999.00 -9999.00 282.74 29.08 0.00
0.00 27374.83
12.30 -49.26 -9999.00 -9999.00 -9999.00 289.24 34.77 0.00
0.00 29513.36

STID = KOXR STNM = 723927 TIME = 221026/1600 
SLAT = 34.21 SLON = -119.20 SELV = 40.0
STIM = 4

SHOW = 6.96 LIFT = 6.98 SWET = 41.43 KINX = -0.58
LCLP = 871.25 PWAT = 13.89 TOTL = 40.09 CAPE = 0.00
LCLT = 276.42 CINS = 0.00 EQLV = -9999.00 LFCT = -9999.00
BRCH = 0.00

PRES TMPC TMWC DWPC THTE DRCT SKNT OMEG
CFRL HGHT
1009.40 15.14 10.05 5.38 303.58 78.69 2.97 0.20
0.00 49.22
1006.30 15.14 10.00 5.28 303.79 69.44 3.32 0.10
0.00 75.27
1000.80 15.44 10.62 6.45 305.98 103.24 3.40 0.00
0.00 121.70
991.20 15.54 11.74 8.77 310.04 165.96 4.00 -0.10
0.00 203.46
977.10 14.84 12.52 10.86 313.91 185.36 6.24 -0.20
0.00 324.96
959.00 14.64 11.08 8.30 312.05 178.09 5.83 -0.20
1.00 483.27
937.30 14.84 9.20 4.09 309.58 172.23 4.31 -0.20
0.00 676.88
913.60 14.34 7.78 1.20 308.75 208.61 2.43 -0.20
0.00 893.24
887.90 13.44 6.56 -0.85 308.82 321.34 3.73 -0.20
0.00 1133.62
859.20 12.14 5.39 -2.20 309.57 342.35 8.97 -0.10
0.00 1409.28
827.50 10.74 4.01 -4.08 310.30 342.65 13.03 0.00
0.00 1723.13
792.70 9.04 2.23 -6.81 310.72 338.48 14.82 0.00
0.00 2079.77
754.90 7.14 -0.01 -11.13 310.76 332.18 15.81 -0.10
0.00 2482.62
714.10 4.84 -2.75 -17.95 310.47 325.01 16.59 -0.20
0.00 2937.09
670.40 1.74 -5.97 -28.44 310.12 316.40 16.90 -0.30
0.00 3448.36
623.60 -2.26 -9.46 -45.11 310.45 300.72 15.60 -0.30
0.00 4026.52
574.40 -7.06 -13.07 -54.63 311.93 279.01 16.12 -0.20
0.00 4672.44
526.70 -12.36 -16.99 -49.47 313.54 270.63 17.68 -0.10
0.00 5340.99
483.80 -17.56 -20.72 -39.03 315.54 279.54 23.45 -0.10
0.00 5983.14
445.50 -22.16 -24.58 -41.79 317.07 287.73 29.97 0.00
0.00 6594.71
411.10 -26.16 -28.13 -46.07 319.00 284.72 39.76 0.00
0.00 7180.47
379.90 -30.46 -31.48 -39.43 321.26 281.58 49.38 0.00
0.00 7746.22
352.00 -34.76 -35.12 -38.06 322.81 278.28 53.98 0.00
86.00 8283.40
326.80 -39.16 -39.33 -41.17 323.32 277.54 56.24 0.00
100.00 8797.07
304.20 -43.26 -43.56 -48.76 323.59 278.97 59.79 0.10
8.00 9283.68
283.90 -45.56 -45.90 -53.74 326.51 275.71 72.22 0.10
0.00 9746.13
265.70 -47.36 -47.73 -59.06 329.95 274.62 84.38 0.00
0.00 10185.78
248.80 -48.56 -48.95 -63.51 334.34 276.93 91.78 0.10
0.00 10618.98
233.50 -49.26 -49.67 -66.97 339.35 278.13 96.15 0.10
0.00 11035.58
219.60 -49.96 -50.38 -72.27 344.22 276.80 98.41 0.10
0.00 11437.17
205.60 -51.86 -52.22 -72.72 347.78 275.80 99.96 0.10
0.00 11865.71
191.70 -54.56 -54.84 -73.19 350.48 276.38 99.69 0.10
0.00 12316.38
177.70 -57.96 -58.15 -73.70 352.58 277.29 97.92 0.10
0.00 12797.83
163.70 -60.86 -9999.00 -9999.00 -9999.00 276.93 93.34 0.10
0.00 13311.25
149.80 -63.06 -9999.00 -9999.00 -9999.00 274.76 86.54 0.10
0.00 13859.79
135.80 -64.46 -9999.00 -9999.00 -9999.00 272.37 79.72 0.00
0.00 14461.17
121.90 -66.36 -9999.00 -9999.00 -9999.00 274.80 74.26 0.00
0.00 15117.79
107.90 -66.96 -9999.00 -9999.00 -9999.00 284.63 67.66 0.00
0.00 15855.16
94.00 -65.66 -9999.00 -9999.00 -9999.00 293.11 50.49 0.00
0.00 16690.14
81.00 -64.26 -9999.00 -9999.00 -9999.00 289.51 36.07 0.00
0.00 17597.21
70.60 -63.26 -9999.00 -9999.00 -9999.00 292.52 25.87 0.00
0.00 18439.47
62.20 -64.36 -9999.00 -9999.00 -9999.00 280.81 17.60 0.00
0.00 19215.69
54.30 -64.26 -9999.00 -9999.00 -9999.00 273.37 19.85 0.00
0.00 20046.03
46.90 -60.86 -9999.00 -9999.00 -9999.00 273.88 22.98 0.00
0.00 20949.13
40.10 -57.46 -9999.00 -9999.00 -9999.00 277.06 20.55 0.00
0.00 21930.30
33.80 -56.26 -9999.00 -9999.00 -9999.00 270.00 13.40 0.00
0.00 23012.39
27.80 -55.46 -9999.00 -9999.00 -9999.00 248.46 15.87 0.00
0.00 24255.37
22.30 -54.86 -9999.00 -9999.00 -9999.00 258.50 23.39 0.00
0.00 25662.02
17.10 -53.26 -9999.00 -9999.00 -9999.00 277.02 27.00 0.00
0.00 27364.75
12.30 -49.16 -9999.00 -9999.00 -9999.00 291.36 32.54 0.00
0.00 29505.21

STID = KOXR STNM = 723927 TIME = 221026/1700 
SLAT = 34.21 SLON = -119.20 SELV = 40.0
STIM = 5

SHOW = 7.08 LIFT = 6.05 SWET = 38.93 KINX = -2.93
LCLP = 885.60 PWAT = 13.87 TOTL = 39.82 CAPE = 0.00
LCLT = 280.17 CINS = 0.00 EQLV = -9999.00 LFCT = -9999.00
BRCH = 0.00

PRES TMPC TMWC DWPC THTE DRCT SKNT OMEG
CFRL HGHT
1010.00 17.74 12.76 8.96 310.63 140.19 1.52 0.00
0.00 50.15
1007.00 17.34 12.58 8.94 310.49 144.46 1.67 0.00
0.00 75.57
1001.50 16.74 12.34 8.96 310.47 147.99 1.83 0.00
0.00 122.30
991.80 15.84 12.05 9.16 310.83 175.91 2.72 0.00
0.00 205.12
977.70 14.74 12.98 11.74 315.13 189.09 4.91 -0.20
0.00 326.61
959.50 14.24 11.62 9.67 313.50 185.91 5.67 -0.20
9.00 485.62
937.80 14.74 9.43 4.73 310.13 184.76 4.68 -0.20
2.00 679.02
914.10 14.34 7.82 1.30 308.79 216.87 3.88 -0.20
0.00 895.24
888.40 13.34 6.62 -0.54 308.92 299.74 3.13 -0.20
0.00 1135.45
859.70 12.14 5.34 -2.37 309.37 341.08 7.19 -0.10
0.00 1410.91
827.90 10.94 3.82 -5.03 309.78 347.69 10.94 -0.10
0.00 1725.66
793.10 9.44 1.97 -8.56 310.01 342.96 12.59 -0.10
0.00 2082.44
755.30 7.44 -0.34 -13.52 309.88 331.65 13.91 -0.30
0.00 2485.49
714.50 4.84 -3.05 -20.09 309.72 322.85 16.08 -0.40
0.00 2939.87
670.70 1.64 -6.14 -30.11 309.70 314.13 18.12 -0.40
0.00 3451.92
623.90 -2.56 -9.60 -42.88 310.18 299.32 16.26 -0.30
0.00 4029.38
574.60 -7.26 -13.16 -51.21 311.74 274.55 17.15 -0.20
0.00 4675.74
526.90 -12.46 -16.99 -45.85 313.54 264.45 20.10 -0.10
0.00 5343.68
484.00 -17.56 -20.82 -41.00 315.32 277.93 23.93 0.00
0.00 5985.46
445.60 -22.26 -24.80 -45.34 316.66 286.00 28.90 0.00
0.00 6598.28
411.10 -26.46 -28.39 -46.70 318.58 283.09 36.89 0.00
0.00 7185.19
380.00 -30.76 -31.90 -42.08 320.55 280.59 45.45 0.00
0.00 7748.35
352.00 -34.96 -35.32 -38.30 322.50 276.32 52.97 0.00
100.00 8286.81
326.90 -39.36 -39.47 -40.59 323.09 275.77 56.04 0.00
100.00 8797.94
304.30 -43.56 -43.79 -47.65 323.22 277.94 57.65 0.00
46.00 9283.87
284.00 -45.36 -45.78 -57.07 326.64 272.87 73.72 0.00
0.00 9746.06
265.70 -47.06 -47.50 -63.01 330.31 272.60 85.76 0.00
0.00 10188.53
248.80 -48.16 -48.59 -66.51 334.89 275.00 93.59 0.10
0.00 10622.40
233.50 -48.96 -49.38 -66.97 339.80 275.96 97.26 0.10
0.00 11039.64
219.60 -50.06 -50.48 -72.27 344.07 275.57 97.98 0.10
0.00 11441.42
205.60 -52.16 -52.51 -72.72 347.31 275.52 98.95 0.00
0.00 11869.57
191.70 -54.66 -54.94 -73.19 350.32 276.44 98.72 0.00
0.00 12319.83
177.70 -57.66 -57.86 -73.70 353.07 276.52 97.55 0.00
0.00 12801.50
163.80 -60.56 -9999.00 -9999.00 -9999.00 275.91 94.33 0.00
0.00 13311.81
149.80 -62.76 -9999.00 -9999.00 -9999.00 274.67 88.29 0.00
0.00 13864.91
135.80 -64.36 -9999.00 -9999.00 -9999.00 273.41 81.53 0.00
0.00 14466.86
121.90 -66.26 -9999.00 -9999.00 -9999.00 276.37 75.25 0.00
0.00 15123.80
107.90 -67.26 -9999.00 -9999.00 -9999.00 283.03 67.19 0.00
0.00 15860.82
94.00 -65.66 -9999.00 -9999.00 -9999.00 290.77 48.19 0.00
0.00 16695.19
81.00 -64.56 -9999.00 -9999.00 -9999.00 286.67 33.86 0.00
0.00 17601.61
70.60 -63.76 -9999.00 -9999.00 -9999.00 287.73 24.88 0.00
0.00 18442.26
62.20 -64.06 -9999.00 -9999.00 -9999.00 271.18 18.84 0.00
0.00 19218.11
54.30 -63.06 -9999.00 -9999.00 -9999.00 267.40 21.39 0.00
0.00 20051.43
46.90 -59.36 -9999.00 -9999.00 -9999.00 272.53 21.97 0.00
0.00 20960.33
40.10 -56.46 -9999.00 -9999.00 -9999.00 276.63 16.82 0.00
0.00 21947.22
33.80 -55.76 -9999.00 -9999.00 -9999.00 257.97 12.12 0.00
0.00 23033.06
27.80 -54.76 -9999.00 -9999.00 -9999.00 249.66 18.43 0.00
0.00 24279.47
22.30 -53.66 -9999.00 -9999.00 -9999.00 272.22 25.08 0.00
0.00 25692.26
17.10 -52.96 -9999.00 -9999.00 -9999.00 291.04 29.76 0.00
0.00 27400.81
12.30 -49.66 -9999.00 -9999.00 -9999.00 292.16 35.02 0.00
0.00 29540.31

STID = KOXR STNM = 723927 TIME = 221026/1800 
SLAT = 34.21 SLON = -119.20 SELV = 40.0
STIM = 6

SHOW = 7.20 LIFT = 5.18 SWET = 40.29 KINX = -3.10
LCLP = 904.64 PWAT = 14.12 TOTL = 39.59 CAPE = 0.00
LCLT = 283.16 CINS = 0.00 EQLV = -9999.00 LFCT = -9999.00
BRCH = 0.00

PRES TMPC TMWC DWPC THTE DRCT SKNT OMEG
CFRL HGHT
1009.70 19.04 14.63 11.67 316.06 229.40 3.57 -0.30
0.00 50.21
1006.70 18.44 14.38 11.63 315.68 223.03 3.98 -0.30
0.00 75.77
1001.10 17.84 14.09 11.54 315.51 219.47 4.27 -0.20
0.00 123.58
991.50 16.84 13.62 11.40 315.30 213.02 4.64 -0.20
0.00 205.93
977.40 15.64 13.03 11.20 315.30 209.74 4.70 -0.20
0.00 327.89
959.20 14.34 11.99 10.29 314.59 208.61 4.88 -0.10
8.00 487.23
937.50 14.84 9.45 4.68 310.21 212.47 5.07 -0.20
2.00 680.78
913.90 14.34 7.79 1.21 308.73 236.82 6.04 -0.20
0.00 896.19
888.20 13.24 6.64 -0.35 309.01 282.99 5.19 -0.10
0.00 1136.40
859.40 12.14 5.29 -2.52 309.29 325.01 7.11 -0.10
0.00 1412.86
827.70 10.94 3.61 -5.76 309.29 339.57 10.57 0.00
0.00 1726.69
792.90 9.34 1.64 -9.73 309.25 339.86 12.41 -0.10
0.00 2083.46
755.10 7.14 -0.67 -14.44 309.17 330.87 13.56 -0.30
0.00 2486.28
714.30 4.34 -3.40 -20.64 309.02 322.00 15.77 -0.30
0.00 2940.11
670.60 1.34 -6.33 -30.11 309.37 312.47 18.71 -0.30
0.00 3450.35
623.80 -2.86 -9.68 -39.01 310.10 300.65 18.30 -0.20
0.00 4027.28
574.50 -7.66 -13.30 -43.64 311.59 278.56 18.26 -0.10
0.00 4672.93
526.80 -12.56 -16.74 -37.17 314.08 270.49 22.53 0.00
0.00 5340.41
483.90 -17.56 -20.84 -41.45 315.30 277.51 25.27 0.10
0.00 5982.23
445.50 -22.26 -24.82 -45.97 316.64 283.85 29.22 0.20
0.00 6595.18
411.10 -26.56 -28.52 -48.07 318.37 281.43 36.27 0.20
0.00 7180.33
380.00 -30.96 -32.14 -43.28 320.17 279.50 44.72 0.20
0.00 7743.13
352.00 -34.96 -35.25 -37.59 322.61 273.69 54.31 0.10
100.00 8281.37
326.90 -39.66 -39.83 -41.78 322.53 274.18 55.91 0.10
99.00 8792.17
304.20 -43.26 -43.63 -50.71 323.48 274.12 62.12 0.10
0.00 9280.32
283.90 -45.06 -45.53 -58.54 327.06 271.59 77.16 0.00
0.00 9743.26
265.70 -46.66 -47.14 -66.03 330.85 272.16 87.67 0.00
0.00 10184.07
248.80 -47.86 -48.31 -66.51 335.33 274.46 94.89 0.00
0.00 10618.61
233.50 -48.96 -49.38 -66.97 339.80 275.30 96.76 0.00
0.00 11036.13
219.60 -50.26 -50.67 -72.27 343.76 275.38 97.36 0.00
0.00 11437.73
205.60 -52.36 -52.70 -72.72 346.99 275.89 98.43 0.00
0.00 11865.50
191.60 -55.06 -55.32 -73.19 349.73 276.62 99.34 0.00
0.00 12318.49
177.70 -57.76 -57.96 -73.70 352.91 276.55 98.74 0.00
0.00 12796.30
163.70 -60.16 -9999.00 -9999.00 -9999.00 274.45 95.09 0.00
0.00 13310.80
149.80 -62.46 -9999.00 -9999.00 -9999.00 273.45 90.29 0.00
0.00 13861.03
135.80 -64.46 -9999.00 -9999.00 -9999.00 274.61 82.25 0.00
0.00 14463.27
121.90 -66.56 -9999.00 -9999.00 -9999.00 274.96 74.09 0.00
0.00 15119.57
107.90 -67.06 -9999.00 -9999.00 -9999.00 279.21 64.36 0.00
0.00 15856.41
94.00 -65.36 -9999.00 -9999.00 -9999.00 287.44 46.02 0.00
0.00 16691.79
81.00 -64.86 -9999.00 -9999.00 -9999.00 280.92 33.84 0.00
0.00 17598.21
70.60 -64.66 -9999.00 -9999.00 -9999.00 279.80 27.41 0.00
0.00 18436.44
62.20 -64.26 -9999.00 -9999.00 -9999.00 264.19 23.04 0.00
0.00 19210.26
54.30 -62.46 -9999.00 -9999.00 -9999.00 264.60 24.79 0.00
0.00 20044.37
46.90 -58.56 -9999.00 -9999.00 -9999.00 272.33 23.91 0.00
0.00 20956.27
40.10 -56.06 -9999.00 -9999.00 -9999.00 275.71 17.56 0.00
0.00 21945.92
33.80 -55.86 -9999.00 -9999.00 -9999.00 260.67 14.37 0.00
0.00 23032.51
27.80 -55.06 -9999.00 -9999.00 -9999.00 258.58 20.61 0.00
0.00 24277.77
22.30 -54.06 -9999.00 -9999.00 -9999.00 278.78 24.18 0.00
0.00 25688.30
17.10 -52.66 -9999.00 -9999.00 -9999.00 287.23 26.24 0.00
0.00 27396.47
12.30 -49.26 -9999.00 -9999.00 -9999.00 292.12 32.50 0.00
0.00 29539.34

STID = KOXR STNM = 723927 TIME = 221026/1900 
SLAT = 34.21 SLON = -119.20 SELV = 40.0
STIM = 7

SHOW = 7.11 LIFT = 4.86 SWET = 43.09 KINX = -2.96
LCLP = 906.26 PWAT = 14.05 TOTL = 39.74 CAPE = 0.00
LCLT = 283.89 CINS = 0.00 EQLV = -9999.00 LFCT = -9999.00
BRCH = 0.00

PRES TMPC TMWC DWPC THTE DRCT SKNT OMEG
CFRL HGHT
1008.50 19.54 15.18 12.36 317.88 239.74 5.40 -0.40
0.00 50.24
1005.40 18.94 14.92 12.30 317.47 234.25 5.98 -0.40
0.00 76.73
999.90 18.34 14.64 12.20 317.28 231.34 6.22 -0.30
0.00 123.84
990.30 17.34 14.14 12.00 316.97 223.73 6.18 -0.30
0.00 206.46
976.20 16.14 13.48 11.68 316.78 219.81 6.06 -0.30
0.00 328.80
958.10 14.84 12.01 9.95 314.76 221.01 5.92 -0.20
6.00 487.73
936.40 14.94 9.25 4.12 309.82 227.60 6.04 -0.20
1.00 681.68
912.80 14.34 7.74 1.10 308.75 245.70 6.60 -0.20
0.00 897.37
887.10 13.24 6.72 -0.11 309.35 283.13 5.98 -0.20
0.00 1137.88
858.40 12.14 5.32 -2.43 309.48 321.12 7.73 -0.10
0.00 1413.72
826.70 10.94 3.54 -6.00 309.25 338.01 10.90 0.00
0.00 1727.93
792.00 9.24 1.40 -10.59 308.79 344.67 12.49 0.00
0.00 2083.99
754.30 6.94 -1.00 -15.68 308.54 334.98 12.86 -0.10
0.00 2485.94
713.60 4.14 -3.65 -21.69 308.60 320.76 15.05 -0.20
0.00 2938.76
669.90 1.04 -6.42 -28.84 309.33 308.09 18.26 -0.20
0.00 3449.05
623.30 -3.06 -9.53 -32.82 310.57 301.15 20.65 -0.20
0.00 4023.56
574.10 -7.86 -13.51 -46.72 311.27 284.44 20.26 -0.10
0.00 4667.94
526.50 -12.66 -16.94 -39.77 313.77 276.29 24.83 0.00
0.00 5334.04
483.60 -17.56 -20.69 -38.34 315.65 276.61 26.98 0.10
0.00 5976.11
445.30 -22.06 -24.67 -45.98 316.94 279.46 30.73 0.20
0.00 6588.05
410.90 -26.56 -28.54 -48.85 318.38 279.70 38.03 0.10
0.00 7173.71
379.80 -31.06 -32.45 -48.77 319.71 279.30 44.48 0.00
0.00 7736.66
351.90 -34.96 -35.34 -38.55 322.49 272.08 53.65 -0.10
90.00 8273.06
326.80 -39.56 -39.79 -42.43 322.62 272.48 58.33 -0.20
92.00 8784.11
304.20 -43.46 -43.82 -50.71 323.20 273.97 64.45 -0.10
0.00 9270.07
283.90 -45.06 -45.55 -60.29 327.02 272.01 77.35 -0.10
0.00 9732.81
265.70 -46.36 -46.86 -66.03 331.29 272.79 87.70 0.00
0.00 10173.91
248.80 -47.66 -48.12 -66.51 335.63 274.85 94.15 0.00
0.00 10608.93
233.50 -48.96 -49.38 -66.97 339.80 275.47 95.80 0.00
0.00 11026.64
219.60 -50.66 -51.05 -72.27 343.15 275.25 95.59 0.00
0.00 11427.88
205.60 -52.76 -53.08 -72.72 346.36 274.83 96.89 0.00
0.00 11854.87
191.60 -55.16 -55.42 -73.19 349.57 274.53 100.74 0.00
0.00 12307.35
177.70 -57.76 -57.96 -73.70 352.91 275.03 101.98 0.00
0.00 12785.05
163.70 -59.76 -9999.00 -9999.00 -9999.00 274.03 96.78 0.00
0.00 13300.03
149.80 -62.06 -9999.00 -9999.00 -9999.00 272.07 91.36 0.00
0.00 13851.29
135.80 -64.46 -9999.00 -9999.00 -9999.00 273.64 82.54 0.00
0.00 14454.11
121.90 -66.16 -9999.00 -9999.00 -9999.00 273.81 73.00 0.00
0.00 15111.05
107.90 -66.76 -9999.00 -9999.00 -9999.00 277.78 63.13 0.00
0.00 15849.14
94.00 -65.36 -9999.00 -9999.00 -9999.00 283.01 44.85 0.00
0.00 16685.12
81.00 -64.66 -9999.00 -9999.00 -9999.00 275.22 34.13 0.00
0.00 17591.97
70.60 -64.86 -9999.00 -9999.00 -9999.00 278.91 30.09 0.00
0.00 18430.21
62.20 -64.06 -9999.00 -9999.00 -9999.00 269.13 25.45 0.00
0.00 19204.02
54.30 -62.06 -9999.00 -9999.00 -9999.00 275.38 26.92 0.00
0.00 20039.33
46.90 -58.66 -9999.00 -9999.00 -9999.00 280.51 24.49 0.00
0.00 20951.87
40.10 -56.56 -9999.00 -9999.00 -9999.00 273.37 16.53 0.00
0.00 21940.15
33.80 -56.66 -9999.00 -9999.00 -9999.00 243.43 16.51 0.00
0.00 23023.48
27.80 -55.56 -9999.00 -9999.00 -9999.00 247.85 23.70 0.00
0.00 24265.03
22.30 -52.86 -9999.00 -9999.00 -9999.00 275.37 22.82 0.00
0.00 25677.82
17.10 -50.36 -9999.00 -9999.00 -9999.00 297.97 24.84 0.00
0.00 27399.58
12.30 -48.56 -9999.00 -9999.00 -9999.00 296.21 27.72 0.00
0.00 29556.92

STID = KOXR STNM = 723927 TIME = 221026/2000 
SLAT = 34.21 SLON = -119.20 SELV = 40.0
STIM = 8

SHOW = 6.48 LIFT = 4.96 SWET = 46.54 KINX = -3.42
LCLP = 891.05 PWAT = 13.33 TOTL = 40.74 CAPE = 0.00
LCLT = 283.16 CINS = 0.00 EQLV = -9999.00 LFCT = -9999.00
BRCH = 0.00

PRES TMPC TMWC DWPC THTE DRCT SKNT OMEG
CFRL HGHT
1007.70 20.14 15.14 11.87 317.83 237.38 5.77 -0.40
0.00 50.27
1004.70 19.44 14.84 11.79 317.27 232.43 6.37 -0.40
0.00 75.97
999.10 18.74 14.49 11.65 316.92 228.65 6.47 -0.40
0.00 124.04
989.60 17.84 13.98 11.37 316.59 221.35 6.47 -0.40
0.00 205.96
975.50 16.54 13.23 10.94 316.12 216.16 6.25 -0.30
0.00 328.55
957.40 15.44 11.56 8.62 313.57 216.87 5.83 -0.30
3.00 487.82
935.70 15.44 8.97 2.88 309.13 227.73 5.77 -0.20
0.00 682.22
912.10 14.74 7.86 0.94 309.11 252.18 5.71 -0.10
0.00 898.37
886.50 13.84 7.04 0.04 310.21 296.57 5.65 0.00
0.00 1138.54
857.90 12.84 5.67 -2.36 310.36 332.85 8.51 0.10
0.00 1414.23
826.20 11.54 3.62 -6.82 309.43 345.47 10.84 0.10
0.00 1729.32
791.50 9.64 1.18 -12.67 308.28 345.74 11.83 0.00
0.00 2086.18
753.90 7.14 -1.27 -18.15 307.93 328.61 13.42 0.00
0.00 2487.65
713.20 4.24 -3.82 -23.79 308.24 315.47 16.90 0.00
0.00 2940.90
669.60 0.94 -6.42 -28.07 309.39 305.67 20.32 0.00
0.00 3450.26
623.00 -3.26 -9.37 -28.84 310.99 301.70 23.29 0.10
0.00 4024.76
573.80 -8.06 -13.53 -41.84 311.34 291.72 24.67 0.10
0.00 4669.02
526.30 -13.06 -17.30 -41.60 313.17 284.04 27.23 0.10
0.00 5333.27
483.50 -17.66 -20.61 -35.93 315.83 279.15 29.31 0.10
0.00 5973.42
445.20 -21.96 -24.61 -46.65 317.05 278.04 33.35 0.10
0.00 6585.51
410.90 -26.66 -28.69 -51.61 318.13 279.23 38.77 0.10
0.00 7169.52
379.80 -31.06 -32.49 -50.37 319.64 277.16 45.22 0.10
0.00 7732.35
351.90 -35.36 -35.97 -42.08 321.52 273.02 55.24 0.00
27.00 8268.28
326.80 -39.96 -40.41 -47.01 321.66 274.46 60.00 0.00
24.00 8778.43
304.20 -43.36 -43.89 -57.99 323.06 273.73 62.68 0.00
0.00 9264.06
283.90 -45.16 -45.69 -65.54 326.79 273.05 72.94 0.00
0.00 9726.78
265.70 -46.46 -46.95 -66.03 331.14 275.04 84.05 0.00
0.00 10167.68
248.80 -47.96 -48.40 -66.51 335.18 277.13 87.70 0.00
0.00 10602.32
233.50 -49.76 -50.17 -71.85 338.54 275.84 87.86 0.00
0.00 11019.01
219.60 -51.26 -51.62 -72.27 342.22 272.45 90.79 0.00
0.00 11418.99
205.60 -52.56 -52.89 -72.72 346.68 271.13 98.12 0.00
0.00 11845.60
191.60 -54.66 -54.94 -73.19 350.37 273.10 104.08 0.00
0.00 12298.79
177.70 -57.56 -57.76 -73.70 353.24 274.73 103.69 0.00
0.00 12777.27
163.70 -59.86 -9999.00 -9999.00 -9999.00 274.24 97.20 0.00
0.00 13292.36
149.80 -61.96 -9999.00 -9999.00 -9999.00 271.49 89.78 0.00
0.00 13843.63
135.80 -64.36 -9999.00 -9999.00 -9999.00 270.94 83.16 0.00
0.00 14446.73
121.90 -65.56 -9999.00 -9999.00 -9999.00 273.33 73.54 0.00
0.00 15104.78
107.90 -64.96 -9999.00 -9999.00 -9999.00 279.31 61.23 0.00
0.00 15847.15
94.00 -64.06 -9999.00 -9999.00 -9999.00 286.63 44.79 0.00
0.00 16689.39
81.00 -64.66 -9999.00 -9999.00 -9999.00 283.11 35.10 0.00
0.00 17599.08
70.60 -65.86 -9999.00 -9999.00 -9999.00 286.73 33.06 0.00
0.00 18435.30
62.20 -64.66 -9999.00 -9999.00 -9999.00 276.69 28.36 0.00
0.00 19206.15
54.30 -62.76 -9999.00 -9999.00 -9999.00 276.38 27.95 0.00
0.00 20038.87
46.90 -59.16 -9999.00 -9999.00 -9999.00 282.19 24.84 0.00
0.00 20948.84
40.10 -57.06 -9999.00 -9999.00 -9999.00 271.45 15.35 0.00
0.00 21934.82
33.80 -57.36 -9999.00 -9999.00 -9999.00 249.37 17.64 0.00
0.00 23015.16
27.80 -56.36 -9999.00 -9999.00 -9999.00 259.13 24.73 0.00
0.00 24252.41
22.30 -53.56 -9999.00 -9999.00 -9999.00 282.58 22.30 0.00
0.00 25660.36
17.10 -50.56 -9999.00 -9999.00 -9999.00 292.23 19.52 0.00
0.00 27378.63
12.30 -48.06 -9999.00 -9999.00 -9999.00 281.82 25.60 0.00
0.00 29537.41

STID = KOXR STNM = 723927 TIME = 221026/2100 
SLAT = 34.21 SLON = -119.20 SELV = 40.0
STIM = 9

SHOW = 5.55 LIFT = 4.97 SWET = 54.03 KINX = 0.05
LCLP = 884.36 PWAT = 13.64 TOTL = 42.61 CAPE = 0.00
LCLT = 282.54 CINS = 0.00 EQLV = -9999.00 LFCT = -9999.00
BRCH = 0.00

PRES TMPC TMWC DWPC THTE DRCT SKNT OMEG
CFRL HGHT
1007.80 20.14 14.88 11.36 317.00 259.56 7.50 -0.40
0.00 49.41
1004.70 19.44 14.57 11.28 316.46 257.62 8.16 -0.40
0.00 75.96
999.20 18.84 14.26 11.14 316.21 254.98 8.24 -0.40
0.00 123.17
989.60 17.84 13.73 10.89 315.83 250.25 8.04 -0.30
0.00 205.95
975.60 16.64 13.01 10.44 315.44 247.38 7.58 -0.20
0.00 327.67
957.40 15.64 11.23 7.76 312.61 249.62 7.25 -0.20
1.00 487.86
935.80 15.44 9.01 2.96 309.20 257.01 7.77 -0.20
0.00 681.39
912.20 14.84 7.85 0.78 309.06 271.30 8.55 -0.20
0.00 897.56
886.60 13.94 7.26 0.51 310.74 292.71 9.05 -0.20
0.00 1137.79
857.90 12.84 6.14 -0.95 311.56 324.12 11.27 -0.20
0.00 1414.52
826.20 11.54 3.98 -5.48 310.32 338.66 13.34 -0.40
0.00 1729.68
791.60 9.44 1.29 -11.56 308.57 337.38 12.63 -0.60
0.00 2085.42
753.90 6.64 -1.41 -17.22 307.70 326.53 13.73 -0.70
0.00 2487.46
713.30 3.54 -4.15 -23.09 307.61 318.26 16.92 -0.60
0.00 2938.61
669.60 0.14 -6.73 -25.99 308.88 307.78 19.66 -0.50
0.00 3447.74
623.00 -3.86 -9.47 -25.86 310.90 301.14 21.79 -0.40
0.00 4020.81
573.80 -8.36 -13.22 -31.74 312.04 296.37 25.37 -0.20
0.00 4664.09
526.20 -13.36 -17.50 -41.11 312.86 286.96 28.63 -0.10
0.00 5329.10
483.50 -17.86 -21.03 -40.59 315.08 283.36 31.95 0.00
0.00 5967.17
445.20 -22.46 -25.02 -47.37 316.38 279.15 35.41 0.00
0.00 6578.39
410.80 -26.86 -28.90 -54.05 317.82 277.33 39.57 0.00
0.00 7163.35
379.80 -31.36 -32.84 -54.70 319.08 275.46 44.87 0.00
0.00 7723.85
351.90 -35.86 -36.84 -52.93 320.13 273.98 50.43 0.00
0.00 8258.85
326.80 -39.86 -40.63 -59.19 321.30 274.92 52.06 0.00
0.00 8768.51
304.20 -43.26 -43.90 -70.02 323.04 274.68 52.43 0.00
0.00 9254.32
283.90 -45.46 -46.00 -70.50 326.32 273.30 67.52 0.00
0.00 9716.84
265.70 -47.16 -47.64 -70.96 330.07 278.40 75.80 0.00
0.00 10156.77
248.80 -48.06 -48.50 -66.51 335.04 273.29 77.84 0.00
0.00 10590.64
233.50 -49.06 -49.50 -71.85 339.61 269.75 89.16 0.00
0.00 11007.88
219.60 -50.46 -50.86 -72.27 343.45 270.23 95.96 0.00
0.00 11409.20
205.60 -52.36 -52.70 -72.72 346.99 271.79 99.69 0.00
0.00 11836.78
191.60 -54.56 -54.84 -73.19 350.53 272.36 103.83 0.00
0.00 12290.29
177.70 -57.16 -57.38 -73.70 353.89 273.42 104.12 0.00
0.00 12769.31
163.70 -59.46 -9999.00 -9999.00 -9999.00 274.09 97.96 0.00
0.00 13285.37
149.80 -61.56 -9999.00 -9999.00 -9999.00 273.45 90.48 0.00
0.00 13837.67
135.80 -63.76 -9999.00 -9999.00 -9999.00 272.91 84.23 0.00
0.00 14442.21
121.90 -65.26 -9999.00 -9999.00 -9999.00 276.92 75.72 0.00
0.00 15101.68
107.90 -65.16 -9999.00 -9999.00 -9999.00 283.18 63.03 0.00
0.00 15844.23
94.00 -64.66 -9999.00 -9999.00 -9999.00 286.05 44.27 0.00
0.00 16684.86
81.00 -65.16 -9999.00 -9999.00 -9999.00 276.92 33.86 0.10
0.00 17592.15
70.60 -65.86 -9999.00 -9999.00 -9999.00 279.52 32.89 0.00
0.00 18427.37
62.20 -63.96 -9999.00 -9999.00 -9999.00 277.87 29.80 0.00
0.00 19199.51
54.30 -62.46 -9999.00 -9999.00 -9999.00 282.99 28.52 0.00
0.00 20034.22
46.90 -59.76 -9999.00 -9999.00 -9999.00 298.30 25.82 -0.10
0.00 20943.55
40.10 -58.36 -9999.00 -9999.00 -9999.00 296.57 16.06 -0.10
0.00 21925.18
33.80 -59.26 -9999.00 -9999.00 -9999.00 266.42 15.58 0.00
0.00 22997.51
27.80 -58.26 -9999.00 -9999.00 -9999.00 261.05 24.98 0.00
0.00 24223.89
22.30 -54.36 -9999.00 -9999.00 -9999.00 264.72 23.21 0.00
0.00 25623.13
17.10 -49.76 -9999.00 -9999.00 -9999.00 271.68 19.81 0.00
0.00 27341.40
12.30 -47.46 -9999.00 -9999.00 -9999.00 284.44 26.48 0.00
0.00 29506.93

STID = KOXR STNM = 723927 TIME = 221026/2200 
SLAT = 34.21 SLON = -119.20 SELV = 40.0
STIM = 10

SHOW = 4.76 LIFT = 5.15 SWET = 62.23 KINX = 3.79
LCLP = 885.72 PWAT = 13.81 TOTL = 44.14 CAPE = 0.00
LCLT = 282.17 CINS = 0.00 EQLV = -9999.00 LFCT = -9999.00
BRCH = 0.00

PRES TMPC TMWC DWPC THTE DRCT SKNT OMEG
CFRL HGHT
1008.00 19.64 14.49 10.96 315.81 276.01 7.42 -0.30
0.00 50.25
1004.90 18.94 14.16 10.86 315.23 274.18 7.98 -0.30
0.00 76.74
999.40 18.34 13.85 10.72 314.99 272.73 8.16 -0.20
0.00 123.85
989.90 17.44 13.35 10.45 314.68 271.36 8.16 -0.10
0.00 205.62
975.80 16.24 12.48 9.73 313.91 271.36 8.16 0.00
0.00 327.98
957.60 16.04 10.40 5.57 310.29 273.65 9.15 0.00
1.00 488.07
936.10 16.04 8.85 1.84 308.71 281.31 10.90 0.00
0.00 680.91
912.40 15.44 8.21 1.03 309.92 289.03 11.93 -0.10
0.00 898.37
886.80 14.24 7.53 0.88 311.40 302.68 12.24 -0.20
0.00 1138.94
858.10 12.94 6.40 -0.34 312.20 327.36 14.76 -0.20
0.00 1415.82
826.40 11.34 4.20 -4.37 310.88 341.76 18.01 -0.30
0.00 1730.89
791.80 9.24 1.48 -10.19 309.02 344.98 16.49 -0.50
0.00 2086.35
754.10 6.44 -1.22 -15.37 308.14 334.80 14.61 -0.70
0.00 2488.05
713.40 3.04 -4.20 -20.99 307.59 324.46 16.71 -0.80
0.00 2939.71
669.70 -0.56 -6.96 -24.07 308.50 316.64 19.23 -0.70
0.00 3447.70
623.10 -4.76 -9.85 -24.21 310.24 308.66 19.89 -0.50
0.00 4019.04
573.90 -9.16 -13.44 -28.15 311.71 299.38 22.96 -0.30
0.00 4660.22
526.30 -13.76 -17.81 -41.60 312.33 286.70 28.40 -0.10
0.00 5323.63
483.50 -18.26 -21.70 -56.05 313.87 280.78 33.22 0.10
0.00 5962.10
445.20 -22.76 -25.32 -49.90 315.89 277.02 38.17 0.10
0.00 6572.43
410.90 -26.86 -28.83 -50.60 317.91 272.86 42.79 0.10
0.00 7155.26
379.80 -31.46 -32.93 -54.70 318.95 274.43 47.73 0.10
0.00 7717.39
351.90 -35.66 -36.76 -58.60 320.24 274.95 49.53 0.10
0.00 8252.49
326.80 -39.26 -40.03 -55.93 322.20 275.02 51.09 0.20
0.00 8763.02
304.20 -43.06 -43.59 -56.52 323.52 274.78 58.28 0.20
0.00 9249.68
283.90 -46.36 -46.78 -60.29 325.16 278.36 69.50 0.20
0.00 9711.51
265.70 -47.56 -47.99 -66.03 329.53 276.85 76.50 0.20
0.00 10150.18
248.80 -47.06 -47.58 -71.42 336.48 269.32 82.17 0.20
0.00 10584.62
233.50 -48.56 -49.03 -71.85 340.36 270.00 93.05 0.20
0.00 11003.26
219.60 -50.26 -50.67 -72.27 343.76 271.51 96.00 0.20
0.00 11405.21
205.60 -51.76 -52.13 -72.72 347.94 271.45 99.69 0.10
0.00 11833.56
191.60 -54.06 -54.36 -73.19 351.33 272.60 102.86 0.10
0.00 12288.20
177.70 -56.56 -56.79 -73.70 354.88 273.58 102.56 0.10
0.00 12768.44
163.70 -58.86 -9999.00 -9999.00 -9999.00 275.03 97.49 0.10
0.00 13285.94
149.80 -60.86 -9999.00 -9999.00 -9999.00 276.77 90.58 0.00
0.00 13839.93
135.80 -62.86 -9999.00 -9999.00 -9999.00 278.09 84.17 0.00
0.00 14446.77
121.90 -64.46 -9999.00 -9999.00 -9999.00 282.17 76.50 0.00
0.00 15108.92
107.90 -64.76 -9999.00 -9999.00 -9999.00 287.09 62.80 -0.10
0.00 15853.62
94.00 -64.76 -9999.00 -9999.00 -9999.00 286.63 44.79 0.00
0.00 16694.85
81.00 -65.96 -9999.00 -9999.00 -9999.00 275.43 34.93 0.00
0.00 17600.17
70.60 -66.86 -9999.00 -9999.00 -9999.00 279.24 32.67 0.00
0.00 18431.77
62.20 -65.26 -9999.00 -9999.00 -9999.00 281.83 29.37 0.00
0.00 19199.66
54.30 -63.36 -9999.00 -9999.00 -9999.00 281.31 26.75 0.00
0.00 20029.99
46.90 -59.76 -9999.00 -9999.00 -9999.00 287.96 22.05 0.00
0.00 20937.39
40.10 -57.26 -9999.00 -9999.00 -9999.00 276.09 14.65 0.00
0.00 21921.54
33.80 -57.46 -9999.00 -9999.00 -9999.00 259.24 19.77 0.00
0.00 23001.12
27.80 -56.16 -9999.00 -9999.00 -9999.00 269.63 29.72 0.00
0.00 24238.66
22.30 -53.46 -9999.00 -9999.00 -9999.00 275.95 28.13 0.00
0.00 25647.58
17.10 -50.56 -9999.00 -9999.00 -9999.00 276.84 24.46 0.00
0.00 27366.23
12.30 -47.86 -9999.00 -9999.00 -9999.00 271.15 28.94 0.00
0.00 29525.98

STID = KOXR STNM = 723927 TIME = 221026/2300 
SLAT = 34.21 SLON = -119.20 SELV = 40.0
STIM = 11

SHOW = 5.50 LIFT = 4.75 SWET = 68.33 KINX = 3.96
LCLP = 885.96 PWAT = 13.44 TOTL = 42.55 CAPE = 0.00
LCLT = 282.03 CINS = 0.00 EQLV = -9999.00 LFCT = -9999.00
BRCH = 0.00

PRES TMPC TMWC DWPC THTE DRCT SKNT OMEG
CFRL HGHT
1006.40 19.34 14.28 10.79 315.40 265.24 4.68 -0.30
0.00 51.96
1003.50 18.84 14.05 10.71 315.06 263.42 5.09 -0.20
0.00 76.77
998.00 18.24 13.74 10.59 314.84 263.88 5.48 -0.20
0.00 123.92
988.40 17.34 13.22 10.28 314.48 268.21 6.22 -0.10
0.00 206.64
974.40 16.54 11.73 7.97 311.94 268.41 6.99 0.00
0.00 328.32
956.30 16.84 10.31 4.55 310.15 276.20 8.99 0.10
0.00 487.99
934.80 17.04 9.56 2.58 310.67 291.61 11.07 0.10
0.00 681.69
911.20 16.44 8.88 1.68 311.77 308.66 11.19 0.20
0.00 899.31
885.60 15.04 7.79 0.62 312.16 330.49 11.83 0.40
0.00 1140.96
856.90 13.34 5.89 -2.38 311.01 348.55 15.66 0.50
0.00 1418.75
825.40 11.44 3.28 -7.95 308.71 355.29 18.90 0.70
0.00 1732.39
790.80 9.14 0.80 -13.30 307.53 356.14 17.33 0.60
0.00 2088.14
753.20 6.34 -1.43 -16.27 307.79 344.05 14.14 0.30
0.00 2489.06
712.60 3.04 -3.99 -19.40 308.16 325.30 15.37 -0.10
0.00 2940.05
669.10 -0.66 -6.71 -21.50 309.14 315.84 18.69 -0.20
0.00 3446.19
622.50 -4.86 -9.77 -23.12 310.50 307.97 20.20 -0.20
0.00 4017.90
573.40 -9.36 -13.46 -27.06 311.79 295.93 23.54 -0.10
0.00 4658.04
525.90 -13.86 -17.70 -37.52 312.63 285.75 31.49 0.00
0.00 5320.25
483.20 -18.46 -21.66 -45.23 314.07 281.93 38.52 0.20
0.00 5957.33
445.00 -22.86 -25.24 -44.21 316.10 280.76 43.71 0.20
0.00 6566.07
410.70 -27.36 -29.16 -47.37 317.46 278.00 47.47 0.10
0.00 7148.49
379.70 -31.96 -33.09 -45.14 318.77 275.49 50.74 0.00
0.00 7707.91
351.80 -35.76 -36.41 -43.58 320.85 271.30 51.50 0.00
0.00 8242.53
326.70 -39.46 -39.98 -47.56 322.34 272.54 56.97 0.10
0.00 8752.94
304.20 -43.56 -43.94 -51.46 323.02 274.72 63.73 0.20
0.00 9236.81
283.90 -46.96 -47.30 -57.07 324.38 274.39 71.11 0.20
0.00 9697.53
265.70 -47.06 -47.52 -66.03 330.26 274.11 75.95 0.20
0.00 10136.10
248.80 -47.06 -47.55 -66.51 336.52 271.25 80.24 0.20
0.00 10571.03
233.50 -48.46 -48.93 -71.85 340.51 269.75 89.74 0.20
0.00 10989.76
219.60 -49.76 -50.19 -72.27 344.53 271.97 96.21 0.20
0.00 11392.25
205.60 -51.46 -51.84 -72.72 348.41 274.39 96.45 0.20
0.00 11821.37
191.70 -53.56 -53.88 -73.19 352.08 274.32 97.98 0.10
0.00 12273.47
177.70 -56.06 -56.31 -73.70 355.69 274.87 100.60 0.10
0.00 12758.14
163.70 -58.56 -9999.00 -9999.00 -9999.00 277.48 96.97 0.00
0.00 13276.60
149.80 -60.86 -9999.00 -9999.00 -9999.00 279.97 89.74 0.00
0.00 13830.99
135.80 -62.96 -9999.00 -9999.00 -9999.00 281.23 81.80 0.00
0.00 14437.68
121.90 -64.16 -9999.00 -9999.00 -9999.00 282.87 71.52 0.00
0.00 15100.15
107.90 -64.16 -9999.00 -9999.00 -9999.00 285.57 56.47 -0.10
0.00 15846.45
94.00 -64.46 -9999.00 -9999.00 -9999.00 282.59 41.01 -0.10
0.00 16689.50
81.00 -65.76 -9999.00 -9999.00 -9999.00 274.64 36.05 -0.10
0.00 17595.92
70.60 -66.36 -9999.00 -9999.00 -9999.00 285.77 34.30 0.00
0.00 18428.92
62.20 -64.96 -9999.00 -9999.00 -9999.00 288.76 32.01 0.00
0.00 19198.29
54.30 -62.66 -9999.00 -9999.00 -9999.00 283.67 29.58 0.00
0.00 20030.61
46.90 -59.26 -9999.00 -9999.00 -9999.00 284.04 21.62 0.00
0.00 20940.58
40.10 -57.66 -9999.00 -9999.00 -9999.00 271.59 13.99 0.00
0.00 21924.96
33.80 -58.16 -9999.00 -9999.00 -9999.00 261.79 19.04 0.00
0.00 23001.79
27.80 -56.66 -9999.00 -9999.00 -9999.00 276.30 28.34 0.00
0.00 24235.90
22.30 -53.06 -9999.00 -9999.00 -9999.00 276.07 27.54 0.00
0.00 25644.49
17.10 -50.46 -9999.00 -9999.00 -9999.00 262.49 25.27 0.00
0.00 27365.09
12.30 -47.76 -9999.00 -9999.00 -9999.00 265.52 29.82 0.00
0.00 29525.80

STID = KOXR STNM = 723927 TIME = 221027/0000 
SLAT = 34.21 SLON = -119.20 SELV = 40.0
STIM = 12

SHOW = 7.42 LIFT = 4.72 SWET = 59.83 KINX = -1.23
LCLP = 881.59 PWAT = 12.25 TOTL = 36.93 CAPE = 0.00
LCLT = 281.68 CINS = 0.00 EQLV = -9999.00 LFCT = -9999.00
BRCH = 0.00

PRES TMPC TMWC DWPC THTE DRCT SKNT OMEG
CFRL HGHT
1005.80 19.34 14.14 10.50 315.03 221.99 2.62 -0.20
0.00 50.26
1002.80 19.04 13.98 10.42 314.92 219.81 3.03 -0.20
0.00 75.94
997.30 18.44 13.68 10.32 314.74 222.51 3.17 -0.20
0.00 123.16
987.70 17.64 13.23 10.08 314.60 229.76 3.30 -0.10
0.00 206.00
973.70 17.24 11.58 7.02 311.56 225.00 3.57 -0.10
0.00 327.95
955.60 17.94 10.52 3.91 310.72 263.66 5.28 0.00
0.00 488.21
934.10 18.24 9.79 1.81 311.28 294.15 6.18 0.10
0.00 682.79
910.50 17.44 8.57 -0.51 310.91 331.82 6.18 0.30
0.00 901.34
885.00 16.04 6.77 -4.07 309.44 356.19 8.76 0.40
0.00 1142.91
856.50 14.34 4.58 -9.25 307.59 0.91 12.24 0.40
0.00 1419.64
824.90 12.14 2.38 -14.28 306.46 356.82 14.01 0.40
0.00 1735.13
790.40 9.64 0.66 -15.69 307.17 345.17 13.66 0.20
0.00 2090.66
752.90 6.74 -1.21 -16.28 308.27 326.31 14.70 0.00
0.00 2491.30
712.30 3.44 -3.66 -18.72 308.87 316.68 18.69 -0.10
0.00 2943.14
668.80 -0.46 -6.41 -20.24 309.79 313.89 21.29 -0.20
0.00 3450.08
622.30 -4.56 -9.65 -23.60 310.75 307.48 22.03 -0.10
0.00 4021.32
573.30 -9.26 -13.41 -27.22 311.89 299.48 25.66 0.10
0.00 4660.79
525.80 -13.86 -17.57 -35.37 312.90 294.21 31.74 0.40
0.00 5323.26
483.10 -18.56 -21.48 -39.05 314.43 293.44 36.64 0.60
0.00 5960.39
445.00 -23.56 -25.17 -34.14 316.32 290.53 42.11 0.60
0.00 6566.71
410.70 -28.06 -28.69 -32.17 318.33 285.82 47.05 0.60
0.00 7147.63
379.60 -32.26 -32.75 -36.39 319.37 278.01 51.59 0.50
10.00 7707.90
351.80 -36.26 -36.74 -41.74 320.36 272.62 55.23 0.30
3.00 8239.84
326.70 -40.46 -40.94 -48.74 320.89 271.54 57.71 0.10
0.00 8748.63
304.10 -44.36 -44.81 -56.52 321.73 270.73 60.80 0.10
0.00 9232.83
283.90 -46.36 -46.80 -62.51 325.12 272.48 62.80 0.10
0.00 9691.14
265.70 -46.56 -47.05 -66.03 330.99 272.50 66.69 0.10
0.00 10130.78
248.80 -46.36 -46.89 -66.51 337.57 268.36 81.24 0.10
0.00 10566.86
233.50 -47.86 -48.36 -71.85 341.42 273.01 88.89 0.00
0.00 10986.80
219.60 -49.76 -50.19 -72.27 344.53 275.64 89.01 0.00
0.00 11389.83
205.60 -51.16 -51.55 -72.72 348.88 277.59 89.74 -0.10
0.00 11819.24
191.70 -53.16 -53.49 -73.19 352.72 277.76 89.20 -0.20
0.00 12272.05
177.70 -55.66 -55.92 -73.70 356.35 277.08 91.41 -0.20
0.00 12757.62
163.70 -58.56 -9999.00 -9999.00 -9999.00 279.30 92.52 -0.20
0.00 13276.55
149.80 -60.86 -9999.00 -9999.00 -9999.00 282.09 86.23 -0.20
0.00 13830.94
135.80 -62.86 -9999.00 -9999.00 -9999.00 283.79 78.21 -0.20
0.00 14437.77
121.90 -64.16 -9999.00 -9999.00 -9999.00 285.61 68.57 -0.20
0.00 15100.40
107.90 -64.46 -9999.00 -9999.00 -9999.00 285.92 54.55 -0.20
0.00 15846.17
94.00 -65.06 -9999.00 -9999.00 -9999.00 280.38 42.06 -0.10
0.00 16687.40
81.00 -66.36 -9999.00 -9999.00 -9999.00 275.14 39.01 0.00
0.00 17591.20
70.60 -66.06 -9999.00 -9999.00 -9999.00 288.92 36.56 0.10
0.00 18423.61
62.20 -63.86 -9999.00 -9999.00 -9999.00 292.54 30.92 0.10
0.00 19195.57
54.30 -61.76 -9999.00 -9999.00 -9999.00 288.07 28.81 0.00
0.00 20031.87
46.90 -59.46 -9999.00 -9999.00 -9999.00 291.70 19.44 0.00
0.00 20943.34
40.10 -58.86 -9999.00 -9999.00 -9999.00 279.46 11.81 0.00
0.00 21924.51
33.80 -58.56 -9999.00 -9999.00 -9999.00 262.95 18.98 0.00
0.00 22997.34
27.80 -56.06 -9999.00 -9999.00 -9999.00 275.79 26.94 0.00
0.00 24232.02
22.30 -52.56 -9999.00 -9999.00 -9999.00 277.34 25.85 0.00
0.00 25644.16
17.10 -50.96 -9999.00 -9999.00 -9999.00 266.34 24.34 0.00
0.00 27364.76
12.30 -48.06 -9999.00 -9999.00 -9999.00 264.84 32.38 0.00
0.00 29521.62

STID = KOXR STNM = 723927 TIME = 221027/0100 
SLAT = 34.21 SLON = -119.20 SELV = 40.0
STIM = 13

SHOW = 7.47 LIFT = 4.63 SWET = 50.32 KINX = 0.41
LCLP = 914.88 PWAT = 12.56 TOTL = 37.22 CAPE = 0.00
LCLT = 283.73 CINS = 0.00 EQLV = -9999.00 LFCT = -9999.00
BRCH = 0.00

PRES TMPC TMWC DWPC THTE DRCT SKNT OMEG
CFRL HGHT
1006.70 18.44 14.59 12.03 316.32 273.58 3.11 -0.10
0.00 49.37
1003.60 18.34 14.49 11.93 316.41 274.97 4.49 -0.10
0.00 75.83
998.10 17.94 14.23 11.74 316.30 276.58 5.09 -0.10
0.00 122.93
988.50 17.34 13.55 10.92 315.45 282.88 6.97 -0.10
0.00 205.62
974.40 17.04 12.00 8.12 312.69 280.30 4.35 -0.10
0.00 328.29
956.40 17.64 10.75 4.81 311.30 274.76 4.68 0.00
0.00 487.44
934.80 18.14 9.69 1.64 310.93 291.80 6.27 0.00
0.00 682.65
911.20 17.44 8.30 -1.37 310.11 312.27 5.77 -0.10
0.00 900.97
885.70 15.94 6.57 -4.65 308.85 338.20 6.27 -0.20
0.00 1142.28
857.10 14.04 4.59 -8.52 307.60 347.20 8.76 -0.40
0.00 1419.58
825.50 11.74 2.37 -13.13 306.42 345.50 11.64 -0.50
0.00 1734.50
791.00 9.04 0.38 -15.44 306.54 339.23 12.04 -0.40
0.00 2089.16
753.40 6.04 -1.53 -15.86 307.59 327.26 12.94 -0.30
0.00 2489.66
712.80 2.84 -3.82 -17.53 308.54 320.81 16.30 -0.10
0.00 2940.16
669.20 -0.66 -6.55 -20.43 309.45 316.79 17.60 0.00
0.00 3447.21
622.60 -4.56 -9.73 -24.22 310.54 305.25 17.83 0.10
0.00 4019.15
573.60 -8.96 -13.41 -29.17 311.80 297.01 22.24 0.10
0.00 4658.62
526.00 -13.56 -17.12 -32.21 313.67 296.91 28.75 0.10
0.00 5322.95
483.30 -18.66 -20.47 -27.39 316.23 299.25 33.39 0.10
0.00 5960.21
445.10 -23.56 -25.17 -34.14 316.30 302.01 38.48 0.10
0.00 6567.91
410.70 -28.06 -29.56 -42.55 316.89 296.09 41.96 0.20
0.00 7150.39
379.70 -32.46 -33.59 -46.79 318.00 287.00 46.52 0.20
0.00 7708.43
351.80 -36.76 -37.58 -50.20 319.05 278.68 51.48 0.20
0.00 8241.36
326.70 -40.56 -41.23 -55.93 320.44 274.21 55.52 0.10
0.00 8749.45
304.20 -43.46 -44.01 -59.75 322.88 276.21 55.69 -0.10
0.00 9232.26
283.90 -45.36 -45.86 -62.51 326.55 278.91 52.70 -0.20
0.00 9694.68
265.70 -46.26 -46.76 -66.03 331.43 278.10 55.13 -0.20
0.00 10135.58
248.80 -47.36 -47.84 -66.51 336.08 277.44 61.52 -0.20
0.00 10570.99
233.50 -48.86 -49.29 -66.97 339.95 279.38 69.11 -0.10
0.00 10989.07
219.60 -50.36 -50.76 -72.27 343.61 280.73 75.14 -0.10
0.00 11390.67
205.60 -51.76 -52.13 -72.72 347.94 281.94 79.82 -0.20
0.00 11818.92
191.70 -53.56 -53.88 -73.19 352.08 282.51 81.58 -0.20
0.00 12270.71
177.70 -55.46 -55.73 -73.70 356.68 280.85 81.49 -0.20
0.00 12756.05
163.80 -58.26 -58.46 -74.24 360.38 278.56 83.49 -0.20
0.00 13271.72
149.80 -61.26 -9999.00 -9999.00 -9999.00 281.10 83.74 -0.10
0.00 13829.79
135.80 -63.16 -9999.00 -9999.00 -9999.00 284.66 77.51 0.00
0.00 14435.62
121.90 -64.36 -9999.00 -9999.00 -9999.00 286.28 68.61 0.00
0.00 15097.46
107.90 -65.06 -9999.00 -9999.00 -9999.00 286.16 57.23 0.00
0.00 15841.80
94.00 -65.36 -9999.00 -9999.00 -9999.00 280.08 44.39 0.00
0.00 16681.22
81.00 -66.36 -9999.00 -9999.00 -9999.00 279.51 41.16 0.10
0.00 17584.36
70.60 -64.86 -9999.00 -9999.00 -9999.00 292.60 36.40 0.10
0.00 18419.18
62.20 -62.56 -9999.00 -9999.00 -9999.00 297.11 27.27 0.10
0.00 19195.78
54.30 -60.96 -9999.00 -9999.00 -9999.00 292.05 25.35 0.00
0.00 20036.25
46.90 -59.46 -9999.00 -9999.00 -9999.00 299.12 17.56 0.00
0.00 20949.44
40.10 -59.16 -9999.00 -9999.00 -9999.00 281.00 14.24 0.00
0.00 21929.92
33.80 -57.56 -9999.00 -9999.00 -9999.00 267.01 22.38 0.00
0.00 23004.50
27.80 -54.06 -9999.00 -9999.00 -9999.00 278.62 25.93 0.00
0.00 24247.76
22.30 -51.96 -9999.00 -9999.00 -9999.00 285.21 20.73 0.00
0.00 25668.29
17.10 -52.26 -9999.00 -9999.00 -9999.00 275.15 21.64 0.00
0.00 27386.17
12.30 -48.56 -9999.00 -9999.00 -9999.00 267.44 39.08 0.00
0.00 29534.35

STID = KOXR STNM = 723927 TIME = 221027/0200 
SLAT = 34.21 SLON = -119.20 SELV = 40.0
STIM = 14

SHOW = 7.20 LIFT = 4.25 SWET = 45.56 KINX = -1.10
LCLP = 939.17 PWAT = 11.98 TOTL = 37.58 CAPE = 0.00
LCLT = 285.10 CINS = 0.00 EQLV = -9999.00 LFCT = -9999.00
BRCH = 0.00

PRES TMPC TMWC DWPC THTE DRCT SKNT OMEG
CFRL HGHT
1006.40 17.64 14.83 13.01 317.11 277.13 1.57 0.00
0.00 49.35
1003.30 17.74 14.73 12.77 317.17 274.76 2.33 -0.10
0.00 75.76
997.80 17.44 14.51 12.59 317.18 281.89 3.77 -0.10
0.00 122.81
988.30 17.74 13.42 10.37 315.07 294.30 6.60 -0.10
0.00 204.65
974.20 17.84 12.10 7.63 312.94 293.63 3.40 -0.10
0.00 327.57
956.10 18.24 10.81 4.34 311.46 287.35 3.26 0.00
0.00 488.01
934.60 18.44 9.41 0.42 310.15 307.69 5.40 0.00
0.00 682.64
911.00 17.44 7.81 -3.07 308.82 321.63 5.94 0.00
0.00 901.06
885.50 15.84 6.15 -6.16 307.78 329.62 6.53 -0.10
0.00 1142.33
856.90 13.84 4.27 -9.60 306.83 332.85 8.51 -0.20
0.00 1419.51
825.40 11.54 2.32 -12.84 306.34 333.43 9.98 -0.10
0.00 1733.25
790.80 8.84 0.47 -14.25 306.81 328.84 9.75 0.00
0.00 2088.77
753.20 6.14 -1.45 -15.70 307.79 320.08 12.41 0.10
0.00 2489.32
712.70 3.24 -3.69 -18.15 308.79 317.37 16.63 0.10
0.00 2939.20
669.10 -0.26 -6.50 -21.73 309.53 315.43 18.26 0.20
0.00 3447.04
622.50 -4.36 -9.74 -25.44 310.49 310.54 19.42 0.30
0.00 4019.67
573.50 -8.96 -13.38 -28.82 311.88 309.05 22.51 0.20
0.00 4659.47
526.00 -14.16 -16.88 -26.21 314.19 311.99 26.13 0.20
0.00 5321.78
483.20 -19.36 -21.55 -31.89 314.40 319.85 29.22 0.10
0.00 5958.99
445.00 -24.16 -26.25 -43.17 314.53 319.90 28.94 0.00
0.00 6565.15
410.70 -28.56 -30.24 -49.69 315.80 313.04 28.17 0.00
0.00 7144.64
379.70 -32.56 -33.84 -52.28 317.60 310.07 31.99 0.00
0.00 7701.97
351.80 -36.46 -37.43 -55.33 319.26 314.78 35.86 0.00
0.00 8235.10
326.70 -39.96 -40.70 -57.41 321.23 315.87 35.99 0.10
0.00 8744.16
304.20 -42.66 -43.27 -59.75 324.01 307.79 36.13 0.10
0.00 9228.42
283.90 -44.56 -45.11 -62.51 327.70 296.04 38.05 0.10
0.00 9692.46
265.70 -45.86 -46.39 -66.03 332.02 286.30 42.91 0.00
0.00 10134.53
248.80 -47.66 -48.12 -66.51 335.63 283.08 48.06 0.00
0.00 10570.03
233.50 -49.56 -49.98 -71.85 338.85 288.03 52.10 0.00
0.00 10987.18
219.60 -51.06 -51.43 -72.27 342.53 290.53 58.70 0.00
0.00 11387.52
205.60 -52.36 -52.70 -72.72 346.99 290.46 69.46 0.10
0.00 11814.51
191.70 -53.86 -54.16 -73.19 351.60 289.81 79.08 0.10
0.00 12265.38
177.70 -54.56 -9999.00 -9999.00 -9999.00 288.20 76.48 0.00
0.00 12751.39
163.80 -56.66 -9999.00 -9999.00 -9999.00 280.14 72.82 0.00
0.00 13270.04
149.80 -60.46 -9999.00 -9999.00 -9999.00 280.37 78.79 0.00
0.00 13831.25
135.80 -63.16 -9999.00 -9999.00 -9999.00 286.23 76.48 0.10
0.00 14438.23
121.90 -64.26 -9999.00 -9999.00 -9999.00 289.59 67.21 0.10
0.00 15100.22
107.90 -64.66 -9999.00 -9999.00 -9999.00 287.88 56.95 0.10
0.00 15845.45
94.00 -64.86 -9999.00 -9999.00 -9999.00 283.85 44.62 0.00
0.00 16686.69
81.00 -65.96 -9999.00 -9999.00 -9999.00 286.06 41.43 0.00
0.00 17591.79
70.60 -64.26 -9999.00 -9999.00 -9999.00 301.81 36.11 0.00
0.00 18428.62
62.20 -62.86 -9999.00 -9999.00 -9999.00 304.46 24.03 0.00
0.00 19205.77
54.30 -61.86 -9999.00 -9999.00 -9999.00 294.36 22.61 0.00
0.00 20043.87
46.90 -60.16 -9999.00 -9999.00 -9999.00 292.93 16.45 0.00
0.00 20953.62
40.10 -58.76 -9999.00 -9999.00 -9999.00 260.54 16.55 0.00
0.00 21933.41
33.80 -56.86 -9999.00 -9999.00 -9999.00 255.61 22.67 0.00
0.00 23010.74
27.80 -53.36 -9999.00 -9999.00 -9999.00 276.65 20.14 0.00
0.00 24258.01
22.30 -52.06 -9999.00 -9999.00 -9999.00 287.31 15.68 0.00
0.00 25680.48
17.10 -53.06 -9999.00 -9999.00 -9999.00 276.01 22.26 0.00
0.00 27394.86
12.30 -49.16 -9999.00 -9999.00 -9999.00 275.32 39.80 0.00
0.00 29536.28

STID = KOXR STNM = 723927 TIME = 221027/0300 
SLAT = 34.21 SLON = -119.20 SELV = 40.0
STIM = 15

SHOW = 7.89 LIFT = 5.23 SWET = 41.19 KINX = -2.19
LCLP = 937.26 PWAT = 11.40 TOTL = 36.15 CAPE = 0.00
LCLT = 284.73 CINS = 0.00 EQLV = -9999.00 LFCT = -9999.00
BRCH = 0.00

PRES TMPC TMWC DWPC THTE DRCT SKNT OMEG
CFRL HGHT
1006.50 17.44 14.57 12.67 316.29 326.31 0.70 0.10
0.00 50.19
1003.60 17.64 14.61 12.62 316.77 296.57 1.30 0.00
0.00 74.88
998.00 17.44 14.48 12.54 317.07 296.57 2.60 0.00
0.00 122.76
988.50 18.04 13.30 9.90 314.68 315.00 4.39 0.00
0.00 204.61
974.40 18.34 12.07 7.12 312.81 345.96 1.59 0.00
0.00 327.66
956.30 18.54 10.64 3.57 310.93 330.26 1.57 0.10
0.00 488.27
934.80 18.44 8.99 -0.91 309.00 329.42 4.97 0.10
0.00 682.92
911.20 17.34 7.41 -4.41 307.74 323.84 6.25 0.00
0.00 901.21
885.70 15.74 5.87 -7.14 307.06 319.24 7.44 -0.10
0.00 1142.30
857.10 13.74 4.12 -10.07 306.46 319.69 8.41 -0.20
0.00 1419.29
825.60 11.34 2.31 -12.35 306.32 319.84 8.14 -0.20
0.00 1732.79
791.00 8.74 0.51 -13.73 306.89 312.27 8.66 -0.30
0.00 2088.05
753.40 6.14 -1.42 -15.54 307.83 315.00 12.65 -0.40
0.00 2488.44
712.80 3.14 -3.76 -18.24 308.63 318.95 15.97 -0.40
0.00 2939.26
669.20 -0.36 -6.64 -22.42 309.21 318.26 16.92 -0.40
0.00 3446.83
622.70 -4.36 -9.85 -26.47 310.23 315.88 17.85 -0.40
0.00 4017.97
573.60 -9.16 -13.09 -25.13 312.46 318.81 20.65 -0.40
0.00 4658.71
526.10 -14.06 -17.26 -29.92 313.46 337.12 22.98 -0.30
0.00 5320.77
483.30 -18.56 -21.66 -42.91 314.07 350.89 25.78 0.00
0.00 5958.86
445.10 -22.96 -25.47 -48.98 315.69 2.17 30.71 0.30
0.00 6567.21
410.80 -27.06 -29.04 -52.75 317.60 15.07 41.84 0.50
0.00 7149.71
379.80 -31.46 -32.86 -51.28 319.07 18.50 52.02 0.50
0.00 7709.88
351.90 -36.16 -37.11 -52.93 319.72 18.24 55.23 0.50
0.00 8244.44
326.80 -40.46 -41.11 -54.66 320.59 18.05 54.55 0.60
0.00 8753.13
304.20 -43.36 -43.89 -57.99 323.06 9.77 48.10 0.70
0.00 9238.22
283.90 -44.66 -45.18 -60.29 327.60 347.17 35.86 0.60
0.00 9701.45
265.70 -46.16 -46.65 -63.01 331.62 321.01 31.49 0.50
0.00 10143.13
248.80 -47.96 -48.40 -66.51 335.18 308.61 35.80 0.40
0.00 10578.06
233.50 -49.76 -50.14 -66.97 338.59 305.81 42.15 0.40
0.00 10994.75
219.60 -51.46 -51.81 -72.27 341.91 301.89 49.65 0.30
0.00 11394.55
205.60 -52.76 -53.08 -72.72 346.36 297.24 58.99 0.20
0.00 11820.77
191.70 -53.96 -54.26 -73.19 351.44 293.89 63.31 0.10
0.00 12271.13
177.70 -55.36 -9999.00 -9999.00 -9999.00 291.50 67.85 0.10
0.00 12756.13
163.80 -57.06 -9999.00 -9999.00 -9999.00 291.36 70.92 0.10
0.00 13273.35
149.80 -58.96 -9999.00 -9999.00 -9999.00 286.67 65.70 0.00
0.00 13836.00
135.80 -62.66 -9999.00 -9999.00 -9999.00 285.01 68.98 0.00
0.00 14445.85
121.90 -64.56 -9999.00 -9999.00 -9999.00 290.49 63.25 0.00
0.00 15108.16
107.90 -64.76 -9999.00 -9999.00 -9999.00 290.43 52.86 0.00
0.00 15852.68
94.00 -65.46 -9999.00 -9999.00 -9999.00 288.84 43.92 -0.10
0.00 16692.50
81.00 -66.06 -9999.00 -9999.00 -9999.00 289.98 38.66 -0.10
0.00 17596.08
70.60 -65.86 -9999.00 -9999.00 -9999.00 307.20 33.41 -0.10
0.00 18429.49
62.20 -64.06 -9999.00 -9999.00 -9999.00 304.66 22.20 0.00
0.00 19201.45
54.30 -62.96 -9999.00 -9999.00 -9999.00 289.06 22.61 0.00
0.00 20034.97
46.90 -60.26 -9999.00 -9999.00 -9999.00 287.82 17.13 0.00
0.00 20942.15
40.10 -58.26 -9999.00 -9999.00 -9999.00 267.95 16.34 0.00
0.00 21922.86
33.80 -56.76 -9999.00 -9999.00 -9999.00 260.73 19.29 0.00
0.00 23001.70
27.80 -54.46 -9999.00 -9999.00 -9999.00 270.00 16.90 0.00
0.00 24246.10
22.30 -53.26 -9999.00 -9999.00 -9999.00 271.91 17.48 0.00
0.00 25661.15
17.10 -52.16 -9999.00 -9999.00 -9999.00 276.61 26.98 0.00
0.00 27374.37
12.30 -48.26 -9999.00 -9999.00 -9999.00 284.56 40.95 0.00
0.00 29524.47

STID = KOXR STNM = 723927 TIME = 221027/0400 
SLAT = 34.21 SLON = -119.20 SELV = 40.0
STIM = 16

SHOW = 9.07 LIFT = 6.95 SWET = 42.26 KINX = -4.92
LCLP = 933.24 PWAT = 10.78 TOTL = 33.77 CAPE = 0.00
LCLT = 283.87 CINS = 0.00 EQLV = -9999.00 LFCT = -9999.00
BRCH = 0.00

PRES TMPC TMWC DWPC THTE DRCT SKNT OMEG
CFRL HGHT
1006.80 16.94 13.93 11.87 314.38 180.00 0.19 0.10
0.00 49.32
1003.70 17.54 14.18 11.91 315.47 225.00 0.54 -0.10
0.00 75.67
998.20 17.64 14.13 11.76 315.98 278.13 1.38 -0.10
0.00 122.68
988.70 18.54 12.99 8.87 313.74 8.13 1.38 -0.10
0.00 204.60
974.60 18.94 11.78 5.87 311.92 63.43 1.30 -0.10
0.00 327.82
956.60 19.04 10.25 1.90 309.78 360.00 2.14 -0.10
0.00 487.74
935.00 18.64 8.63 -2.48 307.97 334.36 5.38 -0.10
0.00 683.42
911.50 17.34 7.09 -5.73 306.86 318.12 7.56 -0.20
0.00 900.75
885.90 15.64 5.63 -8.04 306.43 308.85 8.97 -0.20
0.00 1142.65
857.40 13.64 4.03 -10.31 306.20 305.84 8.62 -0.30
0.00 1418.48
825.80 11.34 2.36 -12.07 306.42 303.31 8.14 -0.30
0.00 1732.82
791.20 8.84 0.54 -13.87 306.91 306.87 9.71 -0.30
0.00 2088.06
753.60 6.14 -1.51 -16.10 307.59 319.21 13.09 -0.30
0.00 2488.41
713.00 3.34 -3.83 -19.50 308.42 321.34 16.16 -0.20
0.00 2939.24
669.40 -0.16 -6.66 -23.54 309.12 319.47 17.64 -0.20
0.00 3447.00
622.80 -4.36 -9.63 -24.48 310.68 319.59 18.88 -0.10
0.00 4019.45
573.70 -9.06 -13.04 -25.26 312.53 329.42 19.85 0.00
0.00 4660.23
526.20 -13.46 -17.30 -35.64 313.28 351.14 21.43 0.20
0.00 5323.00
483.40 -17.16 -20.80 -51.37 315.37 18.07 28.81 0.50
0.00 5963.38
445.20 -21.06 -23.92 -47.37 318.15 25.32 39.98 0.70
0.00 6575.56
410.90 -26.06 -27.77 -40.26 319.65 4.38 50.85 0.60
0.00 7161.36
379.80 -30.76 -31.84 -41.01 320.70 1.80 55.57 0.40
0.00 7725.29
351.90 -35.66 -36.51 -47.47 320.67 15.22 50.33 0.40
0.00 8261.23
326.80 -39.96 -40.67 -55.93 321.24 25.76 49.61 0.40
0.00 8771.02
304.20 -43.36 -43.92 -59.75 323.02 22.70 52.86 0.50
0.00 9256.63
284.00 -46.16 -46.56 -58.53 325.45 19.68 59.42 0.60
0.00 9715.99
265.70 -47.56 -47.94 -60.81 329.62 19.47 57.69 0.60
0.00 10157.19
248.80 -48.46 -48.85 -63.51 334.48 14.04 38.44 0.40
0.00 10590.30
233.50 -50.46 -50.81 -66.97 337.53 331.17 24.16 0.20
0.00 11005.87
219.60 -52.86 -53.13 -67.41 339.80 312.55 35.33 0.10
0.00 11403.79
205.60 -54.16 -54.43 -72.72 344.16 307.76 50.12 0.10
0.00 11827.31
191.70 -54.46 -54.74 -73.19 350.64 303.17 59.63 0.10
0.00 12275.72
177.70 -54.96 -55.25 -73.70 357.50 298.23 62.84 0.10
0.00 12760.62
163.80 -56.76 -9999.00 -9999.00 -9999.00 296.40 58.99 0.00
0.00 13278.67
149.80 -59.06 -9999.00 -9999.00 -9999.00 289.45 58.92 -0.10
0.00 13841.58
135.80 -62.36 -9999.00 -9999.00 -9999.00 285.08 61.97 -0.10
0.00 14451.72
121.90 -65.06 -9999.00 -9999.00 -9999.00 290.71 60.43 0.00
0.00 15113.72
107.90 -65.96 -9999.00 -9999.00 -9999.00 293.28 53.07 0.00
0.00 15855.20
94.00 -66.16 -9999.00 -9999.00 -9999.00 287.21 45.96 0.10
0.00 16691.18
81.00 -65.66 -9999.00 -9999.00 -9999.00 292.13 38.17 0.10
0.00 17594.11
70.60 -64.96 -9999.00 -9999.00 -9999.00 304.08 31.90 0.00
0.00 18430.14
62.20 -62.76 -9999.00 -9999.00 -9999.00 306.54 20.55 0.00
0.00 19206.17
54.30 -62.36 -9999.00 -9999.00 -9999.00 288.43 20.28 0.00
0.00 20043.47
46.90 -59.96 -9999.00 -9999.00 -9999.00 282.62 13.34 -0.10
0.00 20952.58
40.10 -59.16 -9999.00 -9999.00 -9999.00 268.34 13.40 0.00
0.00 21931.92
33.80 -57.06 -9999.00 -9999.00 -9999.00 264.86 17.37 0.00
0.00 23007.75
27.80 -54.46 -9999.00 -9999.00 -9999.00 263.25 18.18 0.00
0.00 24251.30
22.30 -53.76 -9999.00 -9999.00 -9999.00 269.42 19.23 0.00
0.00 25664.73
17.10 -52.56 -9999.00 -9999.00 -9999.00 283.92 24.22 0.00
0.00 27374.45
12.30 -48.96 -9999.00 -9999.00 -9999.00 283.82 36.62 0.00
0.00 29519.25

STID = KOXR STNM = 723927 TIME = 221027/0500 
SLAT = 34.21 SLON = -119.20 SELV = 40.0
STIM = 17

SHOW = 10.69 LIFT = 8.57 SWET = 43.72 KINX = -5.96
LCLP = 923.44 PWAT = 10.72 TOTL = 30.74 CAPE = 0.00
LCLT = 282.80 CINS = 0.00 EQLV = -9999.00 LFCT = -9999.00
BRCH = 0.00

PRES TMPC TMWC DWPC THTE DRCT SKNT OMEG
CFRL HGHT
1007.10 16.74 13.36 10.95 312.69 116.57 0.43 0.10
0.00 49.31
1004.10 17.34 13.56 10.89 313.61 161.57 0.62 -0.10
0.00 74.77
998.60 17.54 13.52 10.69 314.15 225.00 0.82 -0.20
0.00 121.73
989.00 18.24 12.77 8.65 313.08 90.00 1.55 -0.20
0.00 204.40
975.00 18.74 11.73 5.95 311.75 93.58 3.11 -0.30
0.00 326.59
956.90 18.64 10.15 2.09 309.50 65.22 2.78 -0.40
0.00 487.18
935.30 18.14 8.50 -2.13 307.66 11.89 3.77 -0.40
0.00 682.51
911.80 16.84 6.95 -5.35 306.53 335.22 5.56 -0.50
0.00 899.41
886.20 15.14 5.41 -7.93 305.92 315.00 7.96 -0.40
0.00 1140.81
857.60 13.24 3.86 -10.19 305.81 305.54 8.35 -0.40
0.00 1417.10
826.00 10.94 2.19 -11.87 306.05 298.50 7.73 -0.40
0.00 1730.94
791.40 8.34 0.27 -13.87 306.34 306.33 8.20 -0.30
0.00 2085.53
753.80 5.74 -1.76 -16.26 307.06 317.17 10.86 -0.20
0.00 2485.13
713.20 3.04 -4.01 -19.59 308.03 316.12 14.01 -0.10
0.00 2935.26
669.60 -0.26 -6.54 -22.06 309.37 310.24 16.53 -0.10
0.00 3442.52
622.90 -4.16 -9.22 -22.32 311.48 310.46 17.37 0.00
0.00 4016.23
573.80 -7.96 -12.89 -30.89 312.64 342.35 17.93 0.10
0.00 4658.43
526.30 -11.66 -16.43 -45.86 314.60 8.85 23.99 0.10
0.00 5324.63
483.50 -16.06 -19.85 -45.23 316.97 18.32 29.66 0.30
0.00 5968.45
445.30 -20.86 -23.31 -37.30 319.22 0.50 44.68 0.50
0.00 6582.12
410.90 -25.16 -26.90 -38.09 321.07 357.36 54.84 0.60
0.00 7170.92
379.90 -29.96 -31.53 -49.54 321.10 6.47 48.29 0.60
0.00 7734.90
351.90 -34.66 -35.78 -52.93 321.75 17.35 45.59 0.40
0.00 8274.66
326.90 -38.16 -39.01 -54.66 323.73 28.71 55.81 0.30
0.00 8785.36
304.30 -40.96 -41.62 -55.25 326.49 34.79 72.84 0.20
0.00 9275.22
284.00 -44.46 -44.92 -55.82 327.97 36.22 81.86 0.20
0.00 9740.93
265.80 -48.46 -48.73 -56.36 328.39 38.81 80.26 0.20
0.00 10180.42
248.80 -52.06 -52.22 -58.13 329.25 34.91 68.22 0.30
0.00 10611.66
233.60 -53.16 -53.35 -61.80 333.48 22.68 53.90 0.50
0.00 11018.62
219.60 -54.36 -54.56 -64.44 337.53 13.97 43.43 0.50
0.00 11415.52
205.60 -55.36 -55.57 -67.89 342.32 339.86 37.24 0.40
0.00 11836.45
191.70 -55.46 -55.71 -73.19 349.03 309.98 50.19 0.20
0.00 12282.60
177.70 -56.26 -56.50 -73.70 355.37 304.33 57.87 0.10
0.00 12764.95
163.80 -58.26 -9999.00 -9999.00 -9999.00 302.47 53.19 0.10
0.00 13279.66
149.80 -59.56 -9999.00 -9999.00 -9999.00 295.03 58.31 0.20
0.00 13839.96
135.90 -61.46 -9999.00 -9999.00 -9999.00 286.93 60.70 0.10
0.00 14446.09
121.90 -64.66 -9999.00 -9999.00 -9999.00 289.68 59.42 0.10
0.00 15114.67
107.90 -65.76 -9999.00 -9999.00 -9999.00 292.92 51.88 0.10
0.00 15857.22
94.00 -64.96 -9999.00 -9999.00 -9999.00 289.47 44.29 0.00
0.00 16696.03
81.00 -64.96 -9999.00 -9999.00 -9999.00 295.33 36.32 0.00
0.00 17603.10
70.60 -64.16 -9999.00 -9999.00 -9999.00 307.57 28.67 0.00
0.00 18442.14
62.20 -63.16 -9999.00 -9999.00 -9999.00 317.64 17.87 0.00
0.00 19218.92
54.30 -63.56 -9999.00 -9999.00 -9999.00 293.28 18.18 0.00
0.00 20053.04
46.90 -62.36 -9999.00 -9999.00 -9999.00 289.52 16.28 0.00
0.00 20954.43
40.10 -60.66 -9999.00 -9999.00 -9999.00 260.97 21.04 0.00
0.00 21924.82
33.80 -56.46 -9999.00 -9999.00 -9999.00 255.86 25.45 0.00
0.00 22998.40
27.80 -53.26 -9999.00 -9999.00 -9999.00 254.42 20.98 0.00
0.00 24247.10
22.30 -54.16 -9999.00 -9999.00 -9999.00 262.88 17.23 0.00
0.00 25663.11
17.10 -53.66 -9999.00 -9999.00 -9999.00 284.96 23.33 0.00
0.00 27367.00
12.30 -49.36 -9999.00 -9999.00 -9999.00 288.69 40.60 0.00
0.00 29504.57

STID = KOXR STNM = 723927 TIME = 221027/0600 
SLAT = 34.21 SLON = -119.20 SELV = 40.0
STIM = 18

SHOW = 11.60 LIFT = 8.93 SWET = 38.86 KINX = -6.45
LCLP = 912.30 PWAT = 11.04 TOTL = 29.24 CAPE = 0.00
LCLT = 281.40 CINS = 0.00 EQLV = -9999.00 LFCT = -9999.00
BRCH = 0.00

PRES TMPC TMWC DWPC THTE DRCT SKNT OMEG
CFRL HGHT
1007.40 16.34 12.57 9.73 310.44 90.00 0.78 0.10
0.00 49.29
1004.40 17.04 12.76 9.55 311.29 135.00 1.11 0.00
0.00 74.71
998.90 17.44 12.63 8.99 311.56 153.43 1.73 -0.20
0.00 121.59
989.30 18.04 12.21 7.61 311.45 110.22 3.92 -0.30
0.00 204.16
975.30 18.24 11.54 5.98 311.21 106.19 6.27 -0.60
0.00 326.15
957.20 17.94 10.36 3.48 310.09 97.13 6.25 -0.80
0.00 486.39
935.60 17.34 8.90 0.33 308.78 66.04 5.73 -0.90
0.00 681.22
912.00 16.14 7.12 -3.42 307.06 39.56 5.79 -0.90
0.00 898.49
886.40 14.44 5.32 -6.83 305.78 6.58 5.09 -0.80
0.00 1139.31
857.90 12.54 3.57 -9.88 305.18 321.63 5.94 -0.60
0.00 1413.90
826.20 10.54 1.90 -12.34 305.39 298.07 6.60 -0.50
0.00 1728.03
791.60 8.14 0.12 -14.16 305.98 296.57 6.51 -0.40
0.00 2082.15
754.00 5.74 -1.82 -16.69 306.88 306.12 8.90 -0.20
0.00 2481.49
713.40 3.24 -3.85 -19.29 308.32 305.06 13.52 -0.10
0.00 2931.66
669.70 0.04 -6.10 -20.22 310.25 302.37 16.34 0.20
0.00 3440.47
623.00 -3.36 -8.94 -23.96 311.94 315.00 15.11 0.40
0.00 4015.25
573.90 -6.36 -12.24 -37.74 313.64 357.56 18.28 0.50
0.00 4660.16
526.40 -10.56 -15.71 -48.44 315.79 5.96 22.46 0.50
0.00 5329.60
483.60 -15.96 -19.50 -38.34 317.62 352.92 29.95 0.40
0.00 5974.80
445.30 -20.56 -22.89 -34.79 319.96 345.04 43.63 0.30
0.00 6590.54
411.00 -24.66 -26.31 -35.82 322.02 353.48 47.90 0.30
0.00 7178.53
379.90 -29.06 -30.44 -41.71 322.86 359.55 49.53 0.20
0.00 7745.91
352.00 -34.06 -35.14 -48.74 322.72 9.74 45.92 0.20
0.00 8285.38
326.90 -37.76 -38.58 -51.66 324.40 22.75 52.23 0.10
0.00 8799.14
304.30 -40.76 -41.35 -51.45 326.93 21.77 64.43 0.10
0.00 9289.64
284.00 -43.96 -44.43 -54.72 328.73 28.60 71.02 0.10
0.00 9756.07
265.80 -47.26 -47.61 -57.60 330.10 38.44 78.13 0.10
0.00 10197.21
248.80 -50.86 -51.07 -58.13 331.04 39.95 78.05 0.10
0.00 10630.77
233.60 -54.16 -54.30 -60.07 332.01 37.43 70.94 0.20
0.00 11037.92
219.60 -56.96 -57.06 -62.27 333.56 32.01 62.32 0.30
0.00 11431.56
205.60 -58.36 -58.46 -64.93 337.65 13.10 46.27 0.40
0.00 11847.09
191.70 -57.06 -57.26 -73.19 346.47 325.10 50.93 0.40
0.00 12288.54
177.70 -56.96 -57.18 -73.70 354.22 313.80 52.49 0.30
0.00 12768.33
163.80 -57.76 -9999.00 -9999.00 -9999.00 298.49 59.46 0.20
0.00 13282.81
149.80 -59.96 -9999.00 -9999.00 -9999.00 297.70 61.42 0.00
0.00 13843.23
135.90 -61.66 -9999.00 -9999.00 -9999.00 294.26 56.25 -0.10
0.00 14448.50
121.90 -64.96 -9999.00 -9999.00 -9999.00 291.47 55.73 -0.10
0.00 15116.29
107.90 -66.56 -9999.00 -9999.00 -9999.00 296.09 52.12 0.00
0.00 15856.88
94.00 -64.76 -9999.00 -9999.00 -9999.00 291.61 43.24 0.00
0.00 16694.48
81.00 -64.86 -9999.00 -9999.00 -9999.00 294.75 35.72 0.00
0.00 17602.20
70.60 -64.36 -9999.00 -9999.00 -9999.00 308.58 22.13 0.00
0.00 18441.04
62.20 -63.56 -9999.00 -9999.00 -9999.00 303.29 15.58 0.00
0.00 19216.71
54.30 -63.16 -9999.00 -9999.00 -9999.00 286.53 18.43 0.00
0.00 20050.82
46.90 -61.86 -9999.00 -9999.00 -9999.00 281.77 19.06 0.00
0.00 20954.14
40.10 -58.46 -9999.00 -9999.00 -9999.00 259.05 24.53 0.00
0.00 21930.72
33.80 -55.26 -9999.00 -9999.00 -9999.00 262.38 24.88 0.00
0.00 23012.81
27.80 -54.26 -9999.00 -9999.00 -9999.00 270.00 19.42 0.00
0.00 24262.08
22.30 -56.26 -9999.00 -9999.00 -9999.00 272.60 17.11 0.00
0.00 25668.09
17.10 -54.76 -9999.00 -9999.00 -9999.00 283.16 24.73 0.00
0.00 27359.55
12.30 -49.46 -9999.00 -9999.00 -9999.00 292.13 38.17 0.00
0.00 29491.33

STID = KOXR STNM = 723927 TIME = 221027/0700 
SLAT = 34.21 SLON = -119.20 SELV = 40.0
STIM = 19

SHOW = 11.82 LIFT = 8.98 SWET = 34.51 KINX = -6.05
LCLP = 908.29 PWAT = 11.48 TOTL = 29.16 CAPE = 0.00
LCLT = 280.21 CINS = 0.00 EQLV = -9999.00 LFCT = -9999.00
BRCH = 0.00

PRES TMPC TMWC DWPC THTE DRCT SKNT OMEG
CFRL HGHT
1007.00 15.44 11.63 8.58 307.95 113.50 4.88 0.00
0.00 49.26
1003.90 16.24 11.84 8.33 308.82 131.01 5.92 -0.10
0.00 75.45
998.40 17.14 12.04 7.99 309.96 140.91 8.00 -0.20
0.00 122.25
988.90 17.74 11.65 6.63 309.96 135.73 10.86 -0.40
0.00 203.90
974.90 17.74 10.94 5.03 309.62 130.91 11.56 -0.60
0.00 325.74
956.80 17.24 10.21 3.88 309.80 129.81 10.63 -0.80
0.00 485.70
935.20 16.24 9.17 2.47 309.64 123.69 8.41 -0.90
0.00 680.06
911.60 15.14 7.95 0.68 309.36 84.09 5.67 -0.70
0.00 896.76
886.00 13.74 5.83 -3.60 307.19 51.95 5.67 -0.30
0.00 1137.11
857.40 12.04 3.49 -9.07 305.11 342.65 3.26 0.00
0.00 1412.31
825.90 10.34 1.71 -12.77 305.02 284.47 6.22 0.00
0.00 1724.22
791.30 8.24 0.09 -14.63 305.94 282.20 7.36 -0.10
0.00 2078.39
753.70 6.04 -1.69 -16.87 307.18 296.57 10.86 -0.20
0.00 2478.16
713.10 3.54 -3.54 -18.33 309.01 301.20 16.12 -0.20
0.00 2929.02
669.40 0.64 -5.71 -19.93 311.06 301.40 17.52 0.00
0.00 3438.90
622.80 -2.06 -8.56 -28.12 312.54 324.55 14.06 0.20
0.00 4014.64
573.80 -5.46 -11.80 -41.84 314.39 346.29 16.39 0.40
0.00 4660.96
526.20 -10.46 -15.52 -43.22 316.21 340.20 20.65 0.40
0.00 5333.26
483.50 -15.86 -19.48 -39.41 317.66 328.80 32.25 0.40
0.00 5977.40
445.30 -20.26 -22.62 -34.35 320.41 337.25 39.18 0.50
0.00 6592.08
410.90 -23.96 -25.69 -35.16 323.06 350.41 44.33 0.50
0.00 7183.04
379.80 -28.36 -29.78 -40.35 323.96 356.15 46.33 0.40
0.00 7752.19
351.90 -33.06 -34.24 -48.08 324.14 6.25 42.79 0.30
0.00 8293.71
326.80 -36.76 -37.54 -47.55 326.04 13.55 49.75 0.10
0.00 8809.80
304.30 -40.36 -40.81 -47.14 327.76 14.18 57.91 0.10
0.00 9299.68
284.00 -43.86 -44.31 -53.74 328.91 25.98 59.85 0.10
0.00 9766.63
265.80 -46.96 -47.35 -59.06 330.50 37.87 68.67 0.10
0.00 10208.16
248.80 -50.66 -50.90 -59.58 331.29 39.46 73.97 0.20
0.00 10642.20
233.60 -54.36 -54.49 -60.07 331.70 41.48 71.56 0.20
0.00 11049.34
219.60 -56.66 -56.77 -62.27 334.02 35.12 56.04 0.20
0.00 11443.08
205.60 -58.16 -58.29 -67.89 337.92 10.81 43.51 0.20
0.00 11859.09
191.70 -59.46 -59.58 -68.39 342.67 340.82 42.58 0.20
0.00 12298.28
177.70 -59.36 -59.52 -73.70 350.29 316.34 46.99 0.20
0.00 12772.74
163.80 -59.26 -59.44 -74.24 358.70 302.08 63.27 0.10
0.00 13282.58
149.80 -61.66 -9999.00 -9999.00 -9999.00 304.06 67.29 0.10
0.00 13838.82
135.90 -62.16 -9999.00 -9999.00 -9999.00 302.74 58.20 0.00
0.00 14440.96
121.90 -64.36 -9999.00 -9999.00 -9999.00 289.03 53.01 0.00
0.00 15108.90
107.90 -66.86 -9999.00 -9999.00 -9999.00 292.45 50.85 0.00
0.00 15850.02
94.00 -65.96 -9999.00 -9999.00 -9999.00 295.44 44.31 0.00
0.00 16684.59
81.00 -64.66 -9999.00 -9999.00 -9999.00 294.26 34.52 0.00
0.00 17590.14
70.60 -64.36 -9999.00 -9999.00 -9999.00 297.76 20.86 0.00
0.00 18429.38
62.20 -62.66 -9999.00 -9999.00 -9999.00 279.58 15.17 0.00
0.00 19206.72
54.30 -62.16 -9999.00 -9999.00 -9999.00 276.42 15.64 0.00
0.00 20044.61
46.90 -61.26 -9999.00 -9999.00 -9999.00 281.17 16.05 0.00
0.00 20951.36
40.10 -58.16 -9999.00 -9999.00 -9999.00 264.29 21.46 0.00
0.00 21930.01
33.80 -55.86 -9999.00 -9999.00 -9999.00 270.97 22.92 0.00
0.00 23011.34
27.80 -55.16 -9999.00 -9999.00 -9999.00 269.42 19.23 0.00
0.00 24256.32
22.30 -56.76 -9999.00 -9999.00 -9999.00 267.46 17.50 0.00
0.00 25657.82
17.10 -54.96 -9999.00 -9999.00 -9999.00 280.39 23.70 0.00
0.00 27346.55
12.30 -49.06 -9999.00 -9999.00 -9999.00 291.53 37.59 0.00
0.00 29479.29

STID = KOXR STNM = 723927 TIME = 221027/0800 
SLAT = 34.21 SLON = -119.20 SELV = 40.0
STIM = 20

SHOW = 12.39 LIFT = 9.54 SWET = 39.42 KINX = -5.92
LCLP = 919.41 PWAT = 11.66 TOTL = 27.36 CAPE = 0.00
LCLT = 280.70 CINS = 0.00 EQLV = -9999.00 LFCT = -9999.00
BRCH = 0.00

PRES TMPC TMWC DWPC THTE DRCT SKNT OMEG
CFRL HGHT
1006.90 14.94 11.58 8.90 307.83 116.57 5.21 0.00
0.00 49.25
1003.90 15.54 11.73 8.71 308.56 137.05 7.69 -0.10
0.00 74.54
998.40 16.44 12.25 9.04 310.59 147.14 11.09 -0.30
0.00 121.24
988.80 17.14 11.78 7.47 310.35 145.84 13.15 -0.50
0.00 203.59
974.80 17.44 10.80 5.01 309.29 140.86 10.76 -0.50
0.00 325.27
956.70 17.04 10.01 3.58 309.28 145.30 9.21 -0.50
0.00 485.10
935.10 15.84 9.04 2.61 309.36 151.50 7.73 -0.40
0.00 679.27
911.50 14.74 7.85 0.90 309.14 109.44 3.50 -0.10
0.00 895.71
885.90 13.74 5.77 -3.81 307.05 45.00 4.12 0.20
0.00 1135.92
857.40 12.44 3.35 -10.69 304.73 306.87 3.88 0.30
0.00 1410.33
825.80 10.74 1.83 -13.27 305.25 293.20 7.40 0.30
0.00 1723.67
791.20 8.74 0.29 -15.02 306.34 300.96 9.05 0.10
0.00 2078.43
753.60 6.34 -1.48 -16.61 307.62 312.80 14.30 -0.10
0.00 2478.82
713.00 3.44 -3.39 -17.01 309.38 313.75 18.82 -0.20
0.00 2929.93
669.40 0.14 -5.81 -18.71 310.91 309.33 18.08 -0.20
0.00 3438.17
622.80 -2.26 -8.66 -27.77 312.38 324.25 11.97 -0.10
0.00 4013.19
573.70 -5.46 -11.80 -41.84 314.41 328.17 13.27 0.00
0.00 4660.65
526.20 -10.16 -15.35 -44.45 316.50 316.80 21.85 0.10
0.00 5331.97
483.50 -15.36 -19.02 -37.69 318.46 310.13 35.57 0.30
0.00 5977.11
445.20 -19.26 -21.56 -31.33 322.26 332.89 36.23 0.50
0.00 6595.32
410.90 -22.86 -24.87 -35.60 324.41 346.99 42.27 0.50
0.00 7187.11
379.80 -27.46 -29.18 -42.87 324.89 348.40 44.42 0.40
0.00 7758.55
351.90 -31.96 -33.20 -45.83 325.78 356.36 45.94 0.30
0.00 8302.31
326.80 -35.86 -36.56 -43.87 327.59 3.23 51.75 0.10
0.00 8820.58
304.30 -40.06 -40.45 -45.32 328.34 7.80 52.93 0.00
1.00 9311.73
284.00 -43.66 -44.12 -53.74 329.20 24.56 49.55 0.00
0.00 9779.19
265.80 -46.66 -47.09 -60.80 330.90 41.33 57.94 0.00
0.00 10221.20
248.80 -50.36 -50.64 -61.32 331.70 41.35 62.63 0.10
0.00 10655.82
233.60 -54.16 -54.32 -61.80 331.97 40.05 58.88 0.10
0.00 11063.43
219.60 -56.76 -56.86 -62.27 333.87 32.31 46.89 0.10
0.00 11457.25
205.60 -58.76 -58.88 -67.89 336.98 4.81 39.37 0.20
0.00 11872.58
191.70 -60.56 -60.66 -68.39 340.90 342.52 40.73 0.20
0.00 12310.03
177.70 -60.86 -60.99 -73.70 347.83 316.49 47.40 0.10
0.00 12781.61
163.80 -61.16 -61.29 -74.24 355.52 308.87 57.89 0.10
0.00 13287.39
149.80 -63.86 -63.96 -74.84 360.06 305.85 63.03 0.00
0.00 13838.27
135.90 -63.76 -9999.00 -9999.00 -9999.00 306.33 57.38 0.00
0.00 14435.00
121.90 -63.86 -9999.00 -9999.00 -9999.00 293.59 51.92 0.00
0.00 15101.19
107.90 -66.86 -9999.00 -9999.00 -9999.00 296.19 52.39 0.00
0.00 15843.21
94.00 -66.86 -9999.00 -9999.00 -9999.00 298.33 45.03 0.00
0.00 16675.96
81.00 -65.06 -9999.00 -9999.00 -9999.00 294.67 36.77 0.00
0.00 17578.67
70.60 -64.76 -9999.00 -9999.00 -9999.00 290.56 23.23 0.00
0.00 18416.31
62.20 -62.36 -9999.00 -9999.00 -9999.00 271.93 17.31 0.00
0.00 19193.46
54.30 -62.06 -9999.00 -9999.00 -9999.00 274.29 15.58 0.00
0.00 20032.15
46.90 -62.06 -9999.00 -9999.00 -9999.00 284.53 16.26 0.00
0.00 20937.40
40.10 -59.26 -9999.00 -9999.00 -9999.00 267.99 22.16 0.00
0.00 21911.69
33.80 -56.36 -9999.00 -9999.00 -9999.00 268.53 22.73 0.00
0.00 22989.02
27.80 -55.36 -9999.00 -9999.00 -9999.00 260.63 19.09 0.00
0.00 24232.00
22.30 -56.56 -9999.00 -9999.00 -9999.00 257.78 19.27 0.00
0.00 25633.49
17.10 -53.56 -9999.00 -9999.00 -9999.00 276.38 27.95 0.00
0.00 27328.45
12.30 -48.16 -9999.00 -9999.00 -9999.00 298.18 37.02 0.00
0.00 29472.28

STID = KOXR STNM = 723927 TIME = 221027/0900 
SLAT = 34.21 SLON = -119.20 SELV = 40.0
STIM = 21

SHOW = 12.63 LIFT = 9.95 SWET = 36.97 KINX = -5.38
LCLP = 934.15 PWAT = 12.37 TOTL = 26.86 CAPE = 0.00
LCLT = 281.68 CINS = 0.00 EQLV = -9999.00 LFCT = -9999.00
BRCH = 0.00

PRES TMPC TMWC DWPC THTE DRCT SKNT OMEG
CFRL HGHT
1008.20 14.74 11.88 9.67 308.52 96.71 3.32 0.10
0.00 48.39
1005.20 15.14 11.92 9.42 308.94 126.38 4.58 0.00
0.00 73.64
999.60 15.64 12.19 9.56 310.30 144.46 8.35 -0.20
0.00 121.03
990.00 16.34 11.50 7.58 309.49 142.93 10.96 -0.50
0.00 203.06
976.00 16.74 10.66 5.38 308.81 142.85 8.04 -0.60
0.00 324.28
957.90 16.44 9.97 4.13 309.08 153.43 5.21 -0.60
0.00 483.58
936.30 15.74 9.10 2.86 309.37 166.87 5.98 -0.50
0.00 677.28
912.70 14.64 7.90 1.16 309.14 138.81 2.06 -0.40
0.00 893.38
887.00 13.74 5.82 -3.67 307.03 45.00 3.30 -0.20
0.00 1134.18
858.40 12.54 3.43 -10.61 304.77 317.12 3.71 -0.20
0.00 1409.28
826.80 10.84 1.91 -13.18 305.29 313.73 6.18 -0.20
0.00 1722.35
792.10 8.84 0.41 -14.62 306.50 323.88 8.90 -0.30
0.00 2077.86
754.40 6.54 -1.20 -15.60 308.12 327.83 14.22 -0.30
0.00 2479.11
713.80 3.64 -3.02 -15.57 310.07 322.13 17.72 -0.30
0.00 2930.09
670.00 0.44 -5.64 -18.79 311.14 317.77 17.06 -0.10
0.00 3440.63
623.30 -2.16 -8.64 -28.28 312.32 319.21 13.09 0.00
0.00 4016.82
574.20 -5.36 -11.79 -44.33 314.30 307.82 16.47 0.10
0.00 4663.96
526.60 -10.16 -14.95 -35.08 317.26 304.29 25.85 0.30
0.00 5336.31
483.70 -14.86 -17.75 -27.65 320.81 311.05 29.88 0.30
0.00 5984.85
445.40 -18.46 -20.77 -29.77 323.58 329.92 32.56 0.30
0.00 6604.48
411.10 -21.96 -24.27 -36.77 325.36 338.36 38.46 0.20
0.00 7198.01
379.90 -26.56 -28.36 -41.35 326.20 341.24 42.87 0.10
0.00 7773.15
352.00 -31.26 -32.06 -37.59 327.63 339.42 50.84 -0.10
0.00 8318.58
326.90 -35.66 -36.14 -40.31 328.24 344.92 49.28 -0.10
6.00 8837.73
304.30 -39.56 -40.13 -48.19 328.81 7.74 40.38 0.00
0.00 9331.74
284.00 -42.86 -43.50 -60.29 330.14 39.57 42.07 0.20
0.00 9800.49
265.80 -46.16 -46.65 -63.01 331.59 46.57 50.02 0.30
0.00 10243.76
248.80 -49.86 -50.16 -61.32 332.44 38.93 51.94 0.30
0.00 10679.34
233.60 -53.36 -53.57 -63.98 333.14 33.07 49.84 0.30
0.00 11088.15
219.60 -56.36 -56.50 -64.44 334.44 17.42 41.53 0.20
0.00 11483.05
205.60 -58.76 -58.88 -67.89 336.98 359.14 38.66 0.10
0.00 11898.77
191.70 -60.86 -60.95 -68.39 340.42 351.83 39.65 0.10
0.00 12335.91
177.70 -62.36 -62.46 -73.70 345.37 328.32 42.91 0.10
0.00 12805.49
163.80 -63.66 -63.75 -74.24 351.32 312.29 55.15 0.10
0.00 13306.50
149.80 -64.86 -64.94 -74.84 358.34 308.15 54.10 0.10
0.00 13852.81
135.90 -64.66 -9999.00 -9999.00 -9999.00 307.54 52.91 0.10
0.00 14446.83
121.90 -64.46 -9999.00 -9999.00 -9999.00 297.73 47.18 0.00
0.00 15110.63
107.90 -66.96 -9999.00 -9999.00 -9999.00 294.93 48.83 0.00
0.00 15851.40
94.00 -67.26 -9999.00 -9999.00 -9999.00 297.88 41.53 0.00
0.00 16683.15
81.00 -65.46 -9999.00 -9999.00 -9999.00 292.88 36.48 0.00
0.00 17584.11
70.60 -64.86 -9999.00 -9999.00 -9999.00 281.50 23.39 0.00
0.00 18420.74
62.20 -62.66 -9999.00 -9999.00 -9999.00 262.94 20.55 0.00
0.00 19197.15
54.30 -62.06 -9999.00 -9999.00 -9999.00 269.38 17.87 0.00
0.00 20035.24
46.90 -61.46 -9999.00 -9999.00 -9999.00 284.04 18.41 0.00
0.00 20941.78
40.10 -58.76 -9999.00 -9999.00 -9999.00 272.39 23.33 0.00
0.00 21918.59
33.80 -56.36 -9999.00 -9999.00 -9999.00 272.94 22.77 0.00
0.00 22997.17
27.80 -55.36 -9999.00 -9999.00 -9999.00 262.52 19.39 0.00
0.00 24240.15
22.30 -55.86 -9999.00 -9999.00 -9999.00 248.85 22.09 0.00
0.00 25643.91
17.10 -52.66 -9999.00 -9999.00 -9999.00 271.56 28.57 0.00
0.00 27345.07
12.30 -47.96 -9999.00 -9999.00 -9999.00 302.95 33.57 0.00
0.00 29494.21
STN YYMMDD/HHMM PMSL PRES SKTC STC1 SNFL WTNS
P01M C01M STC2 LCLD MCLD HCLD
SNRA UWND VWND R01M BFGR T2MS
Q2MS WXTS WXTP WXTZ WXTR USTM
VSTM HLCY SLLH WSYM CDBP VSBK
TD2M
723927 221026/1200 1015.10 1010.20 8.14 281.30 -9999.00 5.00
-9999.00 -9999.00 281.90 0.00 33.00 0.00
-9999.00 -2.70 -0.40 -9999.00 -9999.00 9.84
4.04 0.00 0.00 0.00 0.00 0.80
-11.20 -40.10 -9999.00 999.00 -9999.00 20.00
0.83
723927 221026/1300 1015.80 1010.90 8.34 281.50 0.00 5.00
0.00 0.00 281.90 0.00 18.00 0.00
-9999.00 -2.90 -1.10 -9999.00 -9999.00 10.14
4.18 0.00 0.00 0.00 0.00 1.00
-10.90 -39.80 0.00 999.00 -9999.00 20.00
1.31
723927 221026/1400 1015.00 1010.10 8.74 281.90 0.00 5.00
0.00 0.00 282.30 0.00 25.00 0.00
-9999.00 -2.80 -1.00 -9999.00 -9999.00 10.04
4.48 0.00 0.00 0.00 0.00 0.90
-10.70 -29.60 0.00 999.00 -9999.00 20.00
2.26
723927 221026/1500 1015.00 1010.10 10.64 283.80 0.00 5.00
0.00 0.00 283.50 0.00 100.00 0.00
-9999.00 -2.20 -1.50 -9999.00 -9999.00 11.24
5.05 0.00 0.00 0.00 0.00 1.60
-10.60 -14.80 0.00 999.00 -9999.00 20.00
3.94
723927 221026/1600 1015.30 1010.50 15.94 289.10 0.00 5.00
0.00 0.00 287.90 1.00 100.00 0.00
-9999.00 -1.20 -0.90 -9999.00 -9999.00 15.14
5.59 0.00 0.00 0.00 0.00 2.10
-10.10 -11.80 0.00 999.00 -9999.00 20.00
5.39
723927 221026/1700 1015.90 1011.20 21.74 294.90 0.00 5.00
0.00 0.00 293.10 9.00 100.00 0.00
-9999.00 -0.10 0.40 -9999.00 -9999.00 18.14
7.14 0.00 0.00 0.00 0.00 2.60
-9.70 -13.00 0.00 999.00 -9999.00 20.00
8.94
723927 221026/1800 1015.70 1010.90 25.24 298.40 0.00 5.00
0.00 0.00 296.80 8.00 100.00 0.00
-9999.00 1.70 1.50 -9999.00 -9999.00 19.84
8.60 0.00 0.00 0.00 0.00 3.20
-9.80 -1.10 0.00 999.00 -9999.00 20.00
11.68
723927 221026/1900 1014.50 1009.70 26.54 299.70 0.00 5.00
0.00 0.00 298.40 6.00 92.00 0.00
-9999.00 2.60 1.80 -9999.00 -9999.00 20.54
9.04 0.00 0.00 0.00 0.00 3.60
-10.00 -0.90 0.00 999.00 -9999.00 20.00
12.41
723927 221026/2000 1013.70 1008.90 28.24 301.40 0.00 5.00
0.00 0.00 300.00 3.00 27.00 0.00
-9999.00 2.60 2.10 -9999.00 -9999.00 21.24
8.77 0.00 0.00 0.00 0.00 3.90
-10.50 -11.60 0.00 999.00 -9999.00 20.00
11.95
723927 221026/2100 1013.70 1008.90 27.74 300.90 0.00 5.00
0.00 0.00 300.10 1.00 0.00 0.00
-9999.00 3.80 1.30 -9999.00 -9999.00 21.24
8.45 0.00 0.00 0.00 0.00 4.30
-11.00 9.40 0.00 999.00 -9999.00 20.00
11.39
723927 221026/2200 1014.00 1009.20 26.24 299.40 0.00 5.00
0.00 0.00 298.90 1.00 0.00 0.00
-9999.00 3.80 0.50 -9999.00 -9999.00 20.54
8.23 0.00 0.00 0.00 0.00 5.30
-12.40 30.90 0.00 999.00 -9999.00 20.00
11.00
723927 221026/2300 1012.50 1007.80 24.24 297.40 0.00 5.00
0.00 0.00 297.30 0.00 0.00 0.00
-9999.00 2.60 1.00 -9999.00 -9999.00 20.04
8.15 0.00 0.00 0.00 0.00 4.80
-12.70 20.60 0.00 999.00 -9999.00 20.00
10.84
723927 221027/0000 1011.80 1007.00 21.74 294.90 0.00 5.00
0.00 0.00 295.20 0.00 10.00 0.00
-9999.00 1.00 1.30 -9999.00 -9999.00 19.64
7.99 0.00 0.00 0.00 0.00 2.80
-12.10 -23.70 0.00 999.00 -9999.00 20.00
10.53
723927 221027/0100 1012.60 1007.80 17.64 290.80 0.00 5.00
0.00 0.00 291.90 0.00 0.00 0.00
-9999.00 1.60 -0.10 -9999.00 -9999.00 17.84
8.82 0.00 0.00 0.00 0.00 1.80
-11.20 -9.00 0.00 999.00 -9999.00 20.00
12.02
723927 221027/0200 1012.30 1007.50 14.64 287.80 0.00 5.00
0.00 0.00 288.90 0.00 0.00 0.00
-9999.00 0.40 -0.20 -9999.00 -9999.00 15.84
9.44 0.00 0.00 0.00 0.00 -0.90
-9.80 -3.30 0.00 999.00 -9999.00 20.00
13.03
723927 221027/0300 1012.40 1007.70 13.14 286.30 0.00 5.00
0.00 0.00 287.30 0.00 0.00 0.00
-9999.00 -0.50 -0.30 -9999.00 -9999.00 14.94
9.23 0.00 0.00 0.00 0.00 -3.60
-6.40 2.00 0.00 999.00 -9999.00 20.00
12.70
723927 221027/0400 1012.60 1007.90 12.14 285.30 0.00 5.00
0.00 0.00 286.20 0.00 0.00 0.00
-9999.00 -1.00 0.10 -9999.00 -9999.00 14.34
8.73 0.00 0.00 0.00 0.00 -4.10
-3.40 0.70 0.00 999.00 -9999.00 20.00
11.86
723927 221027/0500 1013.00 1008.20 11.24 284.40 0.00 5.00
0.00 0.00 285.20 0.00 0.00 0.00
-9999.00 -1.40 0.10 -9999.00 -9999.00 13.84
8.22 0.00 0.00 0.00 0.00 -5.00
-3.40 -12.70 0.00 999.00 -9999.00 20.00
10.97
723927 221027/0600 1013.20 1008.50 10.44 283.60 0.00 5.00
0.00 0.00 284.50 0.00 0.00 0.00
-9999.00 -1.60 0.00 -9999.00 -9999.00 13.44
7.58 0.00 0.00 0.00 0.00 -5.40
-6.70 -25.40 0.00 999.00 -9999.00 20.00
9.78
723927 221027/0700 1012.90 1008.10 10.14 283.30 0.00 5.00
0.00 0.00 284.00 0.00 0.00 0.00
-9999.00 -2.40 0.90 -9999.00 -9999.00 12.64
7.00 0.00 0.00 0.00 0.00 -3.50
-8.20 -16.60 0.00 999.00 -9999.00 20.00
8.60
723927 221027/0800 1012.80 1008.00 9.34 282.50 0.00 5.00
0.00 0.00 283.30 0.00 1.00 0.00
-9999.00 -2.10 0.90 -9999.00 -9999.00 12.04
7.15 0.00 0.00 0.00 0.00 -1.30
-9.10 1.00 0.00 999.00 -9999.00 20.00
8.91
723927 221027/0900 1014.00 1009.20 8.84 282.00 0.00 5.00
0.00 0.00 282.70 0.00 6.00 0.00
-9999.00 -1.50 -0.30 -9999.00 -9999.00 11.74
7.20 0.00 0.00 0.00 0.00 -1.10
-9.30 -4.10 0.00 999.00 -9999.00 20.00
9.03


