
SNPARM = PRES;TMPC;TMWC;DWPC;THTE;DRCT;SKNT;OMEG;CFRL;HGHT 
STNPRM = SHOW;LIFT;SWET;KINX;LCLP;PWAT;TOTL;CAPE;LCLT;CINS;EQLV;LFCT;BRCH 

STID = KPDT STNM = 726880 TIME = 221026/1200 
SLAT = 45.68 SLON = -118.85 SELV = 411.0
STIM = 0

SHOW = 0.17 LIFT = 0.04 SWET = 307.47 KINX = 24.53
LCLP = 872.38 PWAT = 10.45 TOTL = 59.54 CAPE = 2.03
LCLT = 273.15 CINS = -79.05 EQLV = 469.51 LFCT = 494.42
BRCH = 0.15

PRES TMPC TMWC DWPC THTE DRCT SKNT OMEG
CFRL HGHT
963.20 7.84 4.85 1.38 296.63 256.68 15.17 0.00
0.00 420.41
960.30 8.14 4.69 0.59 296.57 259.29 21.95 -0.10
0.00 445.29
955.10 7.84 4.39 0.22 296.48 260.84 24.40 -0.10
0.00 490.09
946.00 7.14 3.82 -0.29 296.24 263.91 29.31 -0.10
0.00 568.92
932.70 5.94 3.15 -0.35 296.27 266.53 32.11 -0.10
0.00 685.12
915.50 4.34 2.31 -0.26 296.42 269.02 34.19 0.00
0.00 837.12
895.10 2.34 1.18 -0.34 296.37 272.18 35.76 -0.10
0.00 1019.96
872.90 0.74 -0.08 -1.22 296.33 277.31 36.62 -0.10
2.00 1222.39
848.90 -0.46 -1.58 -3.24 296.13 282.85 34.07 -0.20
0.00 1445.93
822.10 -2.16 -3.32 -5.17 295.94 287.97 30.23 -0.30
0.00 1701.71
792.70 -4.26 -5.13 -6.63 296.08 291.12 27.49 -0.20
0.00 1990.00
760.40 -6.66 -7.29 -8.51 296.13 291.39 25.04 -0.20
33.00 2316.52
725.50 -9.46 -10.20 -11.86 295.50 288.43 22.73 -0.20
33.00 2681.62
687.80 -12.56 -13.61 -16.55 294.77 282.13 21.25 -0.20
3.00 3091.54
647.40 -15.46 -17.04 -23.04 294.78 278.62 19.44 -0.20
0.00 3551.05
604.10 -19.26 -20.86 -29.17 295.12 282.14 18.47 -0.20
0.00 4069.60
558.50 -24.36 -25.68 -35.64 294.98 289.94 21.08 -0.10
0.00 4647.18
514.10 -29.76 -30.61 -39.19 295.23 298.07 26.42 0.10
0.00 5243.99
474.10 -34.96 -35.41 -41.20 295.58 299.53 31.92 0.10
0.00 5814.98
438.00 -39.26 -39.57 -44.91 296.69 297.79 32.50 0.10
0.00 6362.25
405.50 -42.26 -42.55 -48.96 299.23 293.77 23.14 0.00
0.00 6886.74
375.80 -44.16 -44.48 -53.50 303.14 259.05 12.28 0.00
0.00 7398.73
349.00 -45.16 -45.57 -60.93 308.11 274.54 12.28 0.10
0.00 7893.57
324.80 -45.96 -9999.00 -9999.00 -9999.00 295.94 15.99 0.10
0.00 8372.31
302.90 -46.76 -9999.00 -9999.00 -9999.00 309.23 24.57 0.10
0.00 8835.73
283.10 -47.16 -47.61 -70.52 324.15 322.13 33.22 0.10
0.00 9283.31
265.30 -47.36 -47.83 -70.97 329.92 326.75 35.08 0.00
0.00 9712.70
248.60 -47.46 -47.96 -71.42 335.96 324.16 34.50 0.00
0.00 10142.31
233.50 -47.46 -9999.00 -9999.00 -9999.00 318.76 35.64 0.00
0.00 10556.28
219.60 -47.76 -9999.00 -9999.00 -9999.00 316.25 37.65 0.00
0.00 10961.47
205.60 -48.26 -9999.00 -9999.00 -9999.00 314.59 38.46 0.00
0.00 11395.60
191.70 -48.96 -9999.00 -9999.00 -9999.00 311.73 38.52 0.00
0.00 11855.68
177.70 -49.76 -9999.00 -9999.00 -9999.00 310.22 37.90 0.00
0.00 12352.45
163.80 -50.56 -9999.00 -9999.00 -9999.00 310.57 37.33 0.00
0.00 12884.10
149.80 -51.16 -9999.00 -9999.00 -9999.00 311.74 36.19 -0.10
0.00 13465.44
135.90 -52.06 -9999.00 -9999.00 -9999.00 309.52 34.50 0.00
0.00 14096.94
121.90 -52.86 -9999.00 -9999.00 -9999.00 305.75 35.90 0.00
0.00 14799.25
107.90 -53.26 -9999.00 -9999.00 -9999.00 305.73 33.26 0.00
0.00 15585.19
94.00 -54.66 -9999.00 -9999.00 -9999.00 304.92 25.12 0.00
0.00 16470.02
81.00 -55.96 -9999.00 -9999.00 -9999.00 298.65 23.91 0.00
0.00 17419.14
70.60 -56.36 -9999.00 -9999.00 -9999.00 293.20 25.16 0.00
0.00 18291.97
62.20 -56.96 -9999.00 -9999.00 -9999.00 298.16 21.81 0.00
0.00 19094.70
54.30 -57.06 -9999.00 -9999.00 -9999.00 295.56 19.81 0.00
0.00 19954.07
46.90 -56.76 -9999.00 -9999.00 -9999.00 300.43 14.20 0.00
0.00 20881.40
40.10 -56.76 -9999.00 -9999.00 -9999.00 321.07 6.49 0.00
0.00 21873.57
33.80 -55.66 -9999.00 -9999.00 -9999.00 333.43 0.87 0.00
0.00 22958.91
27.80 -55.36 -9999.00 -9999.00 -9999.00 37.87 2.21 0.00
0.00 24203.89
22.30 -54.66 -9999.00 -9999.00 -9999.00 5.19 6.43 0.00
0.00 25611.51
17.10 -53.86 -9999.00 -9999.00 -9999.00 340.91 5.34 0.00
0.00 27312.68
12.30 -52.66 -9999.00 -9999.00 -9999.00 336.50 9.75 0.00
0.00 29433.37

STID = KPDT STNM = 726880 TIME = 221026/1300 
SLAT = 45.68 SLON = -118.85 SELV = 411.0
STIM = 1

SHOW = -0.00 LIFT = 0.17 SWET = 313.84 KINX = 27.12
LCLP = 904.72 PWAT = 11.34 TOTL = 59.99 CAPE = 2.82
LCLT = 274.54 CINS = -24.80 EQLV = 673.78 LFCT = 762.23
BRCH = 0.10

PRES TMPC TMWC DWPC THTE DRCT SKNT OMEG
CFRL HGHT
963.10 6.34 4.45 2.27 295.82 256.93 11.17 -0.10
0.00 419.51
960.20 6.84 4.41 1.56 296.02 258.92 19.19 -0.20
0.00 444.28
955.00 6.74 4.15 1.07 296.02 260.46 23.45 -0.30
0.00 488.89
945.90 6.44 3.71 0.38 296.05 262.46 29.58 -0.50
0.00 567.49
932.50 5.64 3.05 -0.18 296.11 265.07 33.92 -0.80
0.00 684.39
915.40 4.24 2.19 -0.43 296.19 268.46 36.15 -0.90
0.00 835.41
895.10 2.54 1.23 -0.47 296.48 274.19 37.20 -1.00
0.00 1017.39
872.90 0.84 0.17 -0.75 296.83 281.55 35.88 -1.00
0.00 1219.95
848.80 -0.86 -1.40 -2.19 296.50 289.95 32.44 -0.90
3.00 1444.34
822.10 -2.66 -3.23 -4.13 296.11 297.80 28.32 -0.70
2.00 1698.80
792.60 -4.86 -5.28 -6.03 295.81 300.89 25.35 -0.60
4.00 1987.53
760.40 -7.36 -7.49 -7.76 295.79 297.65 23.02 -0.50
62.00 2312.30
725.40 -9.96 -10.06 -10.31 295.74 292.09 21.17 -0.60
100.00 2677.69
687.70 -12.96 -13.50 -14.93 294.97 286.65 19.66 -0.60
15.00 3087.03
647.30 -15.96 -16.92 -20.22 295.00 284.93 18.08 -0.70
0.00 3545.88
604.10 -19.46 -20.62 -25.91 295.51 291.47 18.57 -0.70
0.00 4062.63
558.50 -24.26 -25.17 -30.77 295.74 301.21 23.62 -0.70
0.00 4640.16
514.10 -29.66 -30.23 -35.05 295.77 309.40 28.15 -0.70
0.00 5237.28
474.00 -34.86 -35.18 -38.88 295.93 316.30 30.36 -0.60
6.00 5810.03
438.00 -39.46 -39.74 -44.35 296.47 321.17 30.67 -0.40
0.00 6355.73
405.40 -42.36 -42.72 -51.73 299.01 323.97 26.42 -0.10
0.00 6881.56
375.80 -43.16 -43.61 -58.08 304.35 325.20 19.41 0.10
0.00 7392.88
349.00 -43.26 -43.82 -69.06 310.60 328.95 21.10 0.20
0.00 7890.85
324.80 -44.56 -45.08 -69.56 315.25 332.93 29.45 0.20
0.00 8373.07
302.90 -46.46 -46.89 -65.07 318.97 339.48 37.12 0.10
0.00 8838.22
283.10 -47.46 -47.90 -70.52 323.72 346.84 40.09 0.10
0.00 9285.81
265.30 -47.36 -47.83 -70.97 329.92 342.79 37.41 0.00
0.00 9714.91
248.60 -47.36 -47.86 -71.42 336.11 333.98 36.75 0.00
0.00 10144.62
233.50 -47.56 -48.08 -71.85 341.88 326.80 37.61 -0.10
0.00 10558.59
219.60 -48.06 -9999.00 -9999.00 -9999.00 321.39 38.29 -0.10
0.00 10963.42
205.60 -48.86 -9999.00 -9999.00 -9999.00 317.18 39.72 -0.10
0.00 11396.68
191.70 -49.76 -9999.00 -9999.00 -9999.00 315.38 41.49 -0.10
0.00 11855.33
177.70 -50.76 -9999.00 -9999.00 -9999.00 315.76 41.49 -0.10
0.00 12350.10
163.80 -51.66 -9999.00 -9999.00 -9999.00 316.19 39.57 -0.10
0.00 12879.25
149.80 -52.46 -9999.00 -9999.00 -9999.00 316.26 37.37 -0.10
0.00 13457.45
135.90 -52.96 -9999.00 -9999.00 -9999.00 314.55 34.62 0.00
0.00 14085.82
121.90 -53.86 -9999.00 -9999.00 -9999.00 310.64 34.30 0.00
0.00 14785.10
108.00 -54.16 -9999.00 -9999.00 -9999.00 309.77 36.13 0.10
0.00 15561.71
94.00 -54.26 -9999.00 -9999.00 -9999.00 308.20 30.15 0.10
0.00 16451.47
81.00 -55.36 -9999.00 -9999.00 -9999.00 298.39 24.51 0.10
0.00 17402.76
70.60 -55.36 -9999.00 -9999.00 -9999.00 294.10 24.26 0.10
0.00 18278.81
62.20 -56.16 -9999.00 -9999.00 -9999.00 305.39 18.10 0.00
0.00 19084.88
54.30 -56.26 -9999.00 -9999.00 -9999.00 310.24 13.23 0.00
0.00 19947.42
46.90 -56.16 -9999.00 -9999.00 -9999.00 302.01 7.32 0.00
0.00 20877.76
40.10 -55.96 -9999.00 -9999.00 -9999.00 308.16 3.46 0.00
0.00 21873.14
33.80 -54.76 -9999.00 -9999.00 -9999.00 306.87 0.97 0.00
0.00 22962.73
27.80 -53.96 -9999.00 -9999.00 -9999.00 349.99 3.36 0.00
0.00 24214.29
22.30 -54.26 -9999.00 -9999.00 -9999.00 14.04 5.61 0.00
0.00 25627.72
17.10 -54.56 -9999.00 -9999.00 -9999.00 2.73 4.08 0.00
0.00 27327.72
12.30 -53.16 -9999.00 -9999.00 -9999.00 18.43 3.69 0.00
0.00 29442.63

STID = KPDT STNM = 726880 TIME = 221026/1400 
SLAT = 45.68 SLON = -118.85 SELV = 411.0
STIM = 2

SHOW = 1.39 LIFT = 1.17 SWET = 252.28 KINX = 25.08
LCLP = 910.18 PWAT = 12.04 TOTL = 57.58 CAPE = 0.00
LCLT = 274.92 CINS = 0.00 EQLV = -9999.00 LFCT = -9999.00
BRCH = 0.00

PRES TMPC TMWC DWPC THTE DRCT SKNT OMEG
CFRL HGHT
964.30 6.34 4.59 2.58 295.98 267.55 13.62 -0.10
0.00 420.35
961.50 6.54 4.49 2.13 296.07 268.90 20.20 -0.10
0.00 444.22
956.20 6.24 4.19 1.78 295.98 269.53 23.70 -0.30
0.00 489.58
947.10 5.84 3.74 1.24 296.01 272.65 29.37 -0.40
0.00 567.94
933.80 5.04 3.11 0.76 296.11 276.67 33.45 -0.50
0.00 683.57
916.60 3.64 2.21 0.41 296.11 282.97 35.49 -0.40
0.00 834.97
896.20 1.84 1.05 0.00 295.99 291.44 34.01 -0.20
0.00 1017.21
874.00 0.14 -0.29 -0.90 295.82 298.70 30.34 0.00
2.00 1219.00
849.90 -1.36 -1.78 -2.42 295.65 303.34 26.52 0.20
7.00 1442.60
823.10 -3.06 -3.44 -4.07 295.60 306.40 23.89 0.30
6.00 1697.27
793.50 -5.06 -5.28 -5.68 295.72 308.19 21.99 0.20
24.00 1986.32
761.20 -7.26 -7.46 -7.88 295.73 306.98 20.67 0.10
50.00 2311.69
726.20 -9.76 -10.12 -10.94 295.53 300.22 20.45 0.00
79.00 2676.88
688.50 -12.66 -13.24 -14.78 295.27 292.78 21.08 -0.10
8.00 3086.13
648.00 -15.76 -16.36 -18.23 295.79 291.61 22.14 -0.20
7.00 3546.08
604.60 -19.36 -19.81 -21.50 296.69 296.36 24.07 -0.50
65.00 4065.13
558.90 -23.96 -24.31 -26.07 296.95 304.44 24.73 -0.80
100.00 4644.06
514.40 -28.96 -29.27 -31.43 297.09 318.98 25.74 -1.10
100.00 5243.42
474.30 -33.86 -34.09 -36.40 297.38 325.91 31.20 -1.10
100.00 5817.88
438.20 -38.36 -38.55 -41.12 298.06 329.58 38.75 -0.90
98.00 6367.27
405.60 -42.36 -42.57 -46.82 299.19 332.93 39.70 -0.50
0.00 6894.11
375.90 -43.36 -43.75 -54.78 304.14 334.86 31.55 -0.10
0.00 7406.75
349.10 -43.26 -43.77 -60.92 310.66 341.46 33.61 0.10
0.00 7904.38
324.90 -45.46 -45.91 -64.55 314.02 349.96 41.22 0.20
0.00 8385.51
303.00 -46.96 -47.36 -65.06 318.24 355.66 43.63 0.30
0.00 8849.08
283.20 -47.36 -47.80 -70.52 323.83 353.35 43.61 0.30
0.00 9296.12
265.30 -47.46 -47.92 -70.97 329.78 348.69 44.58 0.20
0.00 9727.56
248.60 -47.56 -48.05 -71.42 335.81 341.57 43.01 0.20
0.00 10156.98
233.50 -47.76 -48.27 -71.85 341.58 332.13 41.98 0.20
0.00 10570.58
219.60 -48.56 -9999.00 -9999.00 -9999.00 325.09 43.10 0.20
0.00 10974.78
205.60 -49.46 -9999.00 -9999.00 -9999.00 322.30 45.42 0.20
0.00 11406.98
191.70 -50.26 -9999.00 -9999.00 -9999.00 323.51 46.39 0.10
0.00 11864.51
177.70 -50.76 -9999.00 -9999.00 -9999.00 326.31 44.11 0.10
0.00 12358.73
163.80 -51.26 -9999.00 -9999.00 -9999.00 326.31 39.22 0.00
0.00 12888.34
149.80 -51.96 -9999.00 -9999.00 -9999.00 322.68 34.93 0.00
0.00 13467.73
135.90 -52.66 -9999.00 -9999.00 -9999.00 317.14 33.12 -0.10
0.00 14097.23
121.90 -53.46 -9999.00 -9999.00 -9999.00 312.59 32.71 0.00
0.00 14797.63
108.00 -54.26 -9999.00 -9999.00 -9999.00 310.46 34.73 0.00
0.00 15574.77
94.00 -53.96 -9999.00 -9999.00 -9999.00 307.76 32.67 0.00
0.00 16464.94
81.00 -54.46 -9999.00 -9999.00 -9999.00 296.15 23.80 0.00
0.00 17418.84
70.60 -55.76 -9999.00 -9999.00 -9999.00 295.02 22.51 0.00
0.00 18295.90
62.20 -56.56 -9999.00 -9999.00 -9999.00 310.10 14.47 0.00
0.00 19100.49
54.30 -57.46 -9999.00 -9999.00 -9999.00 321.91 9.13 0.00
0.00 19959.85
46.90 -57.06 -9999.00 -9999.00 -9999.00 272.94 7.60 0.00
0.00 20885.68
40.10 -56.86 -9999.00 -9999.00 -9999.00 274.76 4.68 0.00
0.00 21876.94
33.80 -56.16 -9999.00 -9999.00 -9999.00 239.04 1.13 0.00
0.00 22960.78
27.80 -55.46 -9999.00 -9999.00 -9999.00 349.99 3.36 0.00
0.00 24204.04
22.30 -56.36 -9999.00 -9999.00 -9999.00 31.70 7.77 0.00
0.00 25605.86
17.10 -56.46 -9999.00 -9999.00 -9999.00 19.09 5.34 0.00
0.00 27290.32
12.30 -53.66 -9999.00 -9999.00 -9999.00 139.40 1.79 0.00
0.00 29393.65

STID = KPDT STNM = 726880 TIME = 221026/1500 
SLAT = 45.68 SLON = -118.85 SELV = 411.0
STIM = 3

SHOW = 1.43 LIFT = 1.93 SWET = 243.78 KINX = 26.90
LCLP = 932.23 PWAT = 12.42 TOTL = 57.49 CAPE = 0.57
LCLT = 276.13 CINS = 0.00 EQLV = 887.66 LFCT = 913.24
BRCH = 0.02

PRES TMPC TMWC DWPC THTE DRCT SKNT OMEG
CFRL HGHT
964.00 5.64 4.62 3.46 296.09 285.82 12.12 -0.10
0.00 419.49
961.10 5.54 4.42 3.14 295.97 285.69 17.95 0.00
0.00 444.14
955.80 5.14 4.09 2.87 295.83 286.09 21.02 0.00
0.00 489.36
946.80 4.44 3.49 2.36 295.53 287.88 25.31 0.10
0.00 566.56
933.40 3.34 2.71 1.92 295.34 289.09 26.73 0.30
0.00 682.48
916.30 1.84 1.69 1.46 295.11 289.60 27.21 0.50
16.00 832.14
895.90 0.54 0.45 0.28 294.85 292.11 26.85 0.70
44.00 1013.44
873.60 -0.26 -0.53 -0.94 295.39 298.36 24.94 0.50
18.00 1215.60
849.60 -1.46 -1.64 -1.93 295.95 310.55 23.00 0.10
23.00 1438.17
822.80 -3.06 -3.10 -3.21 296.27 327.14 22.20 -0.60
99.00 1692.91
793.20 -4.96 -4.98 -5.07 296.28 342.61 20.14 -1.10
100.00 1982.15
760.90 -7.06 -7.08 -7.16 296.44 349.70 17.37 -1.30
100.00 2307.86
725.90 -9.96 -9.98 -10.05 295.82 342.47 15.48 -1.20
100.00 2673.23
688.20 -12.66 -12.71 -12.87 296.17 324.07 16.55 -0.80
100.00 3082.56
647.70 -15.86 -16.15 -17.03 296.16 311.19 20.65 -0.40
100.00 3542.69
604.40 -19.36 -19.93 -22.12 296.53 315.34 23.21 -0.30
34.00 4060.66
558.70 -23.86 -24.67 -29.28 296.44 335.75 23.64 -0.40
65.00 4639.86
514.30 -28.86 -29.71 -37.41 296.45 338.12 25.54 -0.60
59.00 5238.20
474.20 -33.36 -33.97 -41.20 297.55 341.02 32.25 -0.50
59.00 5813.43
438.10 -37.56 -37.93 -43.32 298.93 343.25 39.76 -0.30
50.00 6364.40
405.50 -41.06 -41.37 -47.48 300.86 339.41 40.87 0.10
0.00 6893.74
375.90 -41.66 -42.18 -56.28 306.35 340.99 42.95 0.40
0.00 7408.04
349.10 -43.16 -43.70 -64.01 310.75 351.84 47.88 0.50
0.00 7907.62
324.90 -44.86 -45.36 -69.56 314.81 356.51 50.99 0.50
0.00 8389.48
302.90 -45.96 -46.42 -65.07 319.68 355.94 52.19 0.40
0.00 8856.88
283.20 -46.86 -47.33 -70.52 324.54 353.00 57.34 0.30
0.00 9303.22
265.30 -47.66 -48.11 -70.97 329.49 351.31 59.15 0.10
0.00 9734.94
248.60 -48.46 -48.90 -71.42 334.47 349.68 57.46 0.10
0.00 10163.32
233.50 -48.56 -49.03 -71.85 340.36 346.56 54.33 0.00
0.00 10575.36
219.60 -49.26 -49.72 -72.27 345.30 343.15 50.95 0.00
0.00 10978.22
205.70 -50.16 -9999.00 -9999.00 -9999.00 338.58 48.41 0.00
0.00 11405.89
191.70 -51.26 -9999.00 -9999.00 -9999.00 336.83 48.39 0.00
0.00 11864.84
177.70 -51.86 -9999.00 -9999.00 -9999.00 337.05 46.83 0.00
0.00 12356.72
163.80 -52.06 -9999.00 -9999.00 -9999.00 334.86 42.06 -0.10
0.00 12884.08
149.80 -52.46 -9999.00 -9999.00 -9999.00 329.25 35.70 -0.10
0.00 13461.76
135.90 -53.76 -9999.00 -9999.00 -9999.00 320.37 32.28 -0.10
0.00 14088.98
121.90 -54.76 -9999.00 -9999.00 -9999.00 315.25 32.01 0.00
0.00 14785.57
108.00 -55.06 -9999.00 -9999.00 -9999.00 314.76 33.10 0.10
0.00 15558.98
94.00 -54.46 -9999.00 -9999.00 -9999.00 311.93 30.81 0.10
0.00 16446.50
81.00 -54.16 -9999.00 -9999.00 -9999.00 296.34 21.89 0.00
0.00 17399.97
70.60 -56.06 -9999.00 -9999.00 -9999.00 290.83 19.11 0.00
0.00 18277.03
62.20 -56.86 -9999.00 -9999.00 -9999.00 318.62 10.88 0.00
0.00 19080.51
54.30 -58.06 -9999.00 -9999.00 -9999.00 346.61 4.20 0.00
0.00 19938.08
46.90 -57.16 -9999.00 -9999.00 -9999.00 253.61 6.88 0.00
0.00 20862.42
40.10 -56.86 -9999.00 -9999.00 -9999.00 279.46 2.37 0.00
0.00 21853.44
33.80 -55.56 -9999.00 -9999.00 -9999.00 225.00 0.27 0.00
0.00 22938.78
27.80 -53.96 -9999.00 -9999.00 -9999.00 7.85 5.69 0.00
0.00 24188.05
22.30 -54.06 -9999.00 -9999.00 -9999.00 38.23 8.16 0.00
0.00 25602.13
17.10 -53.16 -9999.00 -9999.00 -9999.00 353.88 5.48 0.00
0.00 27308.35
12.30 -52.36 -9999.00 -9999.00 -9999.00 303.69 7.01 0.00
0.00 29433.86

STID = KPDT STNM = 726880 TIME = 221026/1600 
SLAT = 45.68 SLON = -118.85 SELV = 411.0
STIM = 4

SHOW = 1.65 LIFT = 1.82 SWET = 244.09 KINX = 26.71
LCLP = 928.21 PWAT = 12.44 TOTL = 57.08 CAPE = 1.06
LCLT = 276.35 CINS = -0.13 EQLV = 859.61 LFCT = 899.12
BRCH = 0.03

PRES TMPC TMWC DWPC THTE DRCT SKNT OMEG
CFRL HGHT
965.70 6.34 5.11 3.76 296.96 278.67 11.60 -0.10
0.00 418.65
962.80 6.14 4.83 3.36 296.65 279.67 17.35 0.00
0.00 443.32
957.50 5.84 4.55 3.09 296.62 280.55 20.16 0.00
0.00 488.56
948.40 5.24 3.97 2.50 296.36 282.53 25.08 0.00
0.00 566.69
935.00 4.44 3.08 1.43 295.92 284.93 27.14 0.00
0.00 682.81
917.90 2.94 2.04 0.90 295.64 288.69 27.27 0.10
0.00 832.79
897.40 1.04 0.74 0.31 295.26 295.99 26.15 0.20
3.00 1015.19
875.10 -0.26 -0.46 -0.78 295.36 305.10 26.36 0.30
20.00 1217.19
851.00 -1.46 -1.57 -1.77 295.92 316.99 27.62 0.30
43.00 1440.32
824.10 -2.86 -2.93 -3.08 296.43 326.20 26.88 0.10
65.00 1695.69
794.50 -4.76 -4.78 -4.85 296.50 331.84 21.81 -0.20
98.00 1984.70
762.10 -7.06 -7.09 -7.19 296.28 333.73 17.11 -0.60
100.00 2311.01
727.00 -9.66 -9.70 -9.82 296.15 333.72 17.54 -0.80
100.00 2677.08
689.20 -12.56 -12.60 -12.73 296.22 334.32 22.42 -0.60
100.00 3087.20
648.60 -15.76 -15.90 -16.35 296.42 331.73 26.24 -0.30
100.00 3548.01
605.10 -19.36 -19.92 -22.11 296.43 329.58 24.55 -0.30
27.00 4067.82
559.30 -23.76 -24.90 -32.23 295.99 340.62 22.24 -0.50
15.00 4647.73
514.80 -28.66 -29.67 -39.58 296.41 347.97 24.22 -0.70
9.00 5247.14
474.60 -32.96 -33.54 -39.96 298.08 352.25 33.14 -0.60
9.00 5823.98
438.40 -37.16 -37.47 -41.52 299.51 350.77 38.77 -0.30
0.00 6377.00
405.80 -39.96 -40.35 -47.48 302.22 344.52 42.93 0.00
0.00 6907.66
376.00 -40.36 -40.99 -58.08 308.01 351.87 54.93 0.20
0.00 7427.86
349.20 -42.56 -43.14 -64.01 311.54 1.85 60.26 0.30
0.00 7929.35
324.90 -44.26 -44.80 -69.56 315.64 2.97 63.79 0.30
0.00 8414.40
303.00 -45.96 -46.42 -65.06 319.65 2.28 73.10 0.20
0.00 8880.22
283.20 -47.76 -48.16 -65.56 323.30 2.00 77.93 0.20
0.00 9327.86
265.30 -48.96 -49.33 -66.04 327.63 1.33 75.39 0.10
0.00 9757.48
248.60 -49.66 -50.05 -71.42 332.69 359.05 70.51 0.10
0.00 10183.48
233.50 -49.76 -50.17 -71.85 338.54 355.76 65.64 0.00
0.00 10593.32
219.60 -50.46 -50.86 -72.27 343.45 353.96 60.94 0.00
0.00 10994.02
205.70 -50.96 -51.36 -72.71 349.15 351.35 54.23 0.00
0.00 11419.78
191.70 -51.66 -9999.00 -9999.00 -9999.00 347.70 48.31 0.00
0.00 11877.49
177.70 -52.46 -9999.00 -9999.00 -9999.00 344.05 45.26 0.00
0.00 12368.26
163.80 -52.96 -9999.00 -9999.00 -9999.00 339.97 41.98 0.00
0.00 12893.83
149.80 -53.06 -9999.00 -9999.00 -9999.00 335.88 36.60 0.10
0.00 13469.55
135.90 -53.76 -9999.00 -9999.00 -9999.00 327.11 30.77 0.10
0.00 14095.92
121.90 -54.36 -9999.00 -9999.00 -9999.00 318.46 29.58 0.10
0.00 14793.14
108.00 -53.66 -9999.00 -9999.00 -9999.00 317.12 29.68 0.10
0.00 15569.75
94.00 -53.56 -9999.00 -9999.00 -9999.00 314.70 26.24 0.00
0.00 16461.94
81.00 -54.06 -9999.00 -9999.00 -9999.00 291.58 19.02 -0.10
0.00 17417.59
70.60 -56.76 -9999.00 -9999.00 -9999.00 283.15 21.35 -0.10
0.00 18293.44
62.20 -58.16 -9999.00 -9999.00 -9999.00 301.93 15.79 -0.10
0.00 19093.21
54.30 -58.46 -9999.00 -9999.00 -9999.00 318.18 4.95 0.00
0.00 19947.40
46.90 -57.06 -9999.00 -9999.00 -9999.00 262.06 8.43 0.00
0.00 20871.09
40.10 -56.86 -9999.00 -9999.00 -9999.00 266.63 3.30 0.00
0.00 21862.35
33.80 -55.16 -9999.00 -9999.00 -9999.00 18.43 1.22 0.00
0.00 22948.69
27.80 -53.66 -9999.00 -9999.00 -9999.00 41.73 9.63 0.00
0.00 24199.96
22.30 -53.86 -9999.00 -9999.00 -9999.00 68.20 9.42 0.00
0.00 25615.65
17.10 -52.56 -9999.00 -9999.00 -9999.00 355.60 5.07 0.00
0.00 27324.98
12.30 -52.46 -9999.00 -9999.00 -9999.00 310.71 11.01 0.00
0.00 29452.90

STID = KPDT STNM = 726880 TIME = 221026/1700 
SLAT = 45.68 SLON = -118.85 SELV = 411.0
STIM = 5

SHOW = 2.10 LIFT = 2.06 SWET = 219.65 KINX = 26.10
LCLP = 932.26 PWAT = 12.79 TOTL = 56.30 CAPE = 5.48
LCLT = 276.77 CINS = -0.00 EQLV = 834.37 LFCT = 907.63
BRCH = 0.18

PRES TMPC TMWC DWPC THTE DRCT SKNT OMEG
CFRL HGHT
968.40 6.64 5.45 4.16 297.41 287.24 11.79 -0.10
0.00 419.48
965.40 6.44 5.18 3.79 297.13 287.39 16.90 0.00
0.00 444.96
960.20 6.04 4.82 3.46 296.91 288.62 19.46 0.00
0.00 489.27
951.10 5.34 4.16 2.80 296.47 290.34 24.03 0.00
0.00 567.23
937.60 4.44 3.25 1.81 295.99 292.36 26.05 0.10
0.00 683.92
920.40 2.84 2.17 1.31 295.62 294.86 26.34 0.10
0.00 834.35
899.90 1.04 0.92 0.72 295.34 301.87 25.39 0.20
32.00 1016.22
877.50 -0.26 -0.35 -0.52 295.31 306.69 24.71 0.30
61.00 1218.58
853.30 -1.56 -1.57 -1.63 295.67 312.43 24.48 0.20
70.00 1441.99
826.30 -2.86 -2.90 -3.01 296.23 322.59 24.94 -0.20
87.00 1697.58
796.50 -4.66 -4.70 -4.82 296.40 333.63 24.94 -0.50
100.00 1987.84
764.00 -6.76 -6.79 -6.89 296.57 340.35 23.10 -0.80
100.00 2314.60
728.80 -9.06 -9.12 -9.29 296.91 338.69 20.84 -0.80
100.00 2681.43
690.70 -11.76 -11.84 -12.07 297.27 337.99 19.70 -0.80
100.00 3094.98
649.90 -15.16 -15.29 -15.68 297.22 332.49 21.02 -0.60
100.00 3558.37
606.30 -19.76 -20.03 -21.07 296.10 329.74 21.58 -0.20
100.00 4078.57
560.20 -23.36 -24.57 -32.22 296.33 339.51 20.53 -0.10
0.00 4661.25
515.50 -28.26 -29.30 -39.17 296.82 354.04 22.46 -0.20
0.00 5263.43
475.10 -32.66 -33.29 -40.35 298.33 355.69 28.44 -0.20
0.00 5843.28
438.90 -36.46 -36.85 -41.93 300.27 350.28 35.66 -0.10
1.00 6396.85
406.10 -38.36 -38.96 -50.70 304.08 348.51 48.76 0.10
0.00 6932.88
376.30 -39.96 -40.64 -60.34 308.43 3.67 60.72 0.30
0.00 7454.89
349.40 -41.86 -42.48 -64.01 312.43 11.87 69.87 0.40
0.00 7959.10
325.10 -43.56 -44.09 -61.47 316.63 12.82 82.28 0.50
0.00 8445.34
303.10 -46.16 -46.58 -62.01 319.38 11.31 91.12 0.50
0.00 8913.58
283.20 -48.16 -48.54 -65.56 322.72 9.61 88.46 0.40
0.00 9362.82
265.30 -49.16 -49.52 -66.04 327.34 4.11 83.94 0.30
0.00 9791.86
248.60 -50.66 -50.98 -66.52 331.24 0.80 83.53 0.30
0.00 10216.72
233.50 -51.56 -51.89 -71.85 335.82 0.14 79.84 0.20
0.00 10624.00
219.60 -51.86 -52.20 -72.27 341.29 359.54 72.84 0.20
0.00 11021.82
205.70 -51.86 -52.22 -72.71 347.73 358.43 63.73 0.10
0.00 11445.38
191.70 -52.06 -9999.00 -9999.00 -9999.00 355.57 52.80 0.00
0.00 11901.75
177.70 -52.56 -9999.00 -9999.00 -9999.00 349.65 45.42 0.00
0.00 12391.97
163.80 -53.16 -9999.00 -9999.00 -9999.00 344.65 41.08 0.00
0.00 12917.18
149.80 -53.46 -9999.00 -9999.00 -9999.00 338.53 37.16 0.00
0.00 13492.12
135.90 -53.56 -9999.00 -9999.00 -9999.00 330.52 30.79 0.00
0.00 14118.20
121.90 -54.26 -9999.00 -9999.00 -9999.00 315.25 31.18 0.00
0.00 14815.90
108.00 -53.66 -9999.00 -9999.00 -9999.00 316.75 31.47 0.00
0.00 15592.68
94.00 -54.16 -9999.00 -9999.00 -9999.00 317.44 25.85 0.00
0.00 16483.66
81.00 -55.36 -9999.00 -9999.00 -9999.00 297.84 19.54 0.00
0.00 17435.17
70.60 -57.66 -9999.00 -9999.00 -9999.00 280.83 22.75 0.00
0.00 18306.59
62.20 -57.86 -9999.00 -9999.00 -9999.00 302.20 18.59 0.00
0.00 19105.25
54.30 -56.96 -9999.00 -9999.00 -9999.00 256.61 4.20 0.00
0.00 19963.02
46.90 -56.86 -9999.00 -9999.00 -9999.00 255.96 9.62 0.00
0.00 20890.36
40.10 -56.66 -9999.00 -9999.00 -9999.00 267.27 4.08 0.00
0.00 21882.53
33.80 -54.76 -9999.00 -9999.00 -9999.00 8.13 2.74 0.00
0.00 22970.37
27.80 -54.26 -9999.00 -9999.00 -9999.00 58.32 10.72 0.00
0.00 24221.07
22.30 -55.06 -9999.00 -9999.00 -9999.00 73.14 6.70 0.00
0.00 25630.95
17.10 -54.16 -9999.00 -9999.00 -9999.00 25.35 4.08 0.00
0.00 27329.40
12.30 -53.06 -9999.00 -9999.00 -9999.00 324.87 6.41 0.00
0.00 29446.71

STID = KPDT STNM = 726880 TIME = 221026/1800 
SLAT = 45.68 SLON = -118.85 SELV = 411.0
STIM = 6

SHOW = 2.15 LIFT = 2.55 SWET = 206.74 KINX = 26.08
LCLP = 921.64 PWAT = 12.34 TOTL = 55.88 CAPE = 0.00
LCLT = 276.12 CINS = 0.00 EQLV = -9999.00 LFCT = -9999.00
BRCH = 0.00

PRES TMPC TMWC DWPC THTE DRCT SKNT OMEG
CFRL HGHT
967.70 6.84 5.32 3.66 297.20 281.31 11.89 -0.10
0.00 419.49
964.80 6.64 5.02 3.22 296.85 282.68 15.93 0.00
0.00 444.16
959.50 6.24 4.64 2.83 296.60 284.77 18.28 0.00
0.00 489.37
950.40 5.54 4.04 2.29 296.28 287.74 20.40 0.10
0.00 567.44
937.00 4.64 3.03 1.06 295.61 290.62 20.96 0.20
0.00 683.41
919.80 3.24 1.99 0.39 295.32 296.33 21.02 0.30
0.00 834.07
899.30 1.54 0.86 -0.05 295.29 303.11 21.33 0.40
0.00 1016.34
876.90 0.24 -0.18 -0.79 295.70 315.36 22.11 0.40
19.00 1219.18
852.70 -0.96 -1.30 -1.81 296.25 327.24 23.33 0.40
45.00 1443.19
825.80 -2.66 -3.01 -3.57 296.09 335.79 23.21 0.30
64.00 1698.37
796.10 -4.66 -4.98 -5.55 295.94 340.91 21.39 0.20
71.00 1987.89
763.60 -6.86 -7.03 -7.38 296.20 341.20 19.29 0.00
78.00 2314.72
728.40 -9.16 -9.23 -9.40 296.78 339.37 17.64 -0.20
100.00 2681.60
690.40 -11.86 -11.95 -12.19 297.13 335.14 17.56 -0.20
100.00 3094.11
649.60 -15.76 -15.90 -16.33 296.29 321.69 20.05 -0.10
100.00 3557.06
606.00 -19.46 -19.90 -21.57 296.34 320.46 21.66 -0.10
88.00 4077.19
560.00 -22.96 -24.32 -33.16 296.71 345.40 19.27 -0.20
0.00 4659.64
515.40 -27.86 -28.94 -38.79 297.35 355.01 20.09 -0.20
0.00 5261.61
475.00 -32.26 -32.94 -40.35 298.84 352.93 26.83 -0.20
0.00 5842.53
438.80 -36.06 -36.51 -42.37 300.76 352.49 35.66 0.10
1.00 6397.16
406.00 -35.66 -36.59 -55.65 307.45 7.01 58.92 0.60
0.00 6936.82
376.20 -37.46 -38.32 -58.07 311.80 16.74 74.84 0.90
0.00 7464.77
349.40 -39.96 -40.62 -55.38 315.16 17.84 89.37 1.00
0.00 7971.94
325.00 -43.36 -43.83 -55.98 317.05 15.78 102.14 1.00
0.00 8462.49
303.10 -46.36 -46.72 -58.01 319.17 14.04 106.53 0.80
0.00 8928.68
283.20 -48.56 -48.84 -58.55 322.27 11.11 108.88 0.60
0.00 9377.32
265.30 -50.46 -50.69 -59.07 325.56 8.35 112.30 0.50
0.00 9804.76
248.60 -51.36 -51.60 -61.32 330.28 5.64 108.72 0.30
0.00 10227.71
233.50 -51.06 -51.38 -66.97 336.62 3.24 96.31 0.10
0.00 10634.81
219.60 -51.96 -52.29 -72.27 341.14 5.24 80.75 -0.10
0.00 11033.00
205.70 -54.16 -54.43 -72.71 344.12 4.18 71.87 -0.10
0.00 11454.26
191.70 -53.66 -9999.00 -9999.00 -9999.00 358.06 63.17 0.00
0.00 11906.61
177.70 -53.26 -9999.00 -9999.00 -9999.00 354.47 48.41 -0.10
0.00 12394.27
163.80 -54.06 -9999.00 -9999.00 -9999.00 349.43 41.30 -0.10
0.00 12917.58
149.80 -54.56 -9999.00 -9999.00 -9999.00 342.72 36.62 0.00
0.00 13489.90
135.90 -54.26 -9999.00 -9999.00 -9999.00 331.11 32.17 0.00
0.00 14113.42
121.90 -55.16 -9999.00 -9999.00 -9999.00 316.01 31.04 0.00
0.00 14808.57
108.00 -54.96 -9999.00 -9999.00 -9999.00 316.96 32.17 0.00
0.00 15581.45
94.00 -54.56 -9999.00 -9999.00 -9999.00 318.95 23.95 0.00
0.00 16468.97
81.00 -56.06 -9999.00 -9999.00 -9999.00 297.16 16.59 0.00
0.00 17418.08
70.60 -57.66 -9999.00 -9999.00 -9999.00 279.05 22.22 0.00
0.00 18288.10
62.20 -56.66 -9999.00 -9999.00 -9999.00 292.31 16.38 0.00
0.00 19088.98
54.30 -56.26 -9999.00 -9999.00 -9999.00 216.12 8.90 0.00
0.00 19950.53
46.90 -56.86 -9999.00 -9999.00 -9999.00 257.99 9.34 0.00
0.00 20879.37
40.10 -56.06 -9999.00 -9999.00 -9999.00 239.04 2.27 0.00
0.00 21872.92
33.80 -55.26 -9999.00 -9999.00 -9999.00 42.88 3.71 0.00
0.00 22961.01
27.80 -54.66 -9999.00 -9999.00 -9999.00 84.69 8.39 0.00
0.00 24209.13
22.30 -54.86 -9999.00 -9999.00 -9999.00 104.04 4.00 0.00
0.00 25618.37
17.10 -54.96 -9999.00 -9999.00 -9999.00 68.20 5.23 0.00
0.00 27314.49
12.30 -53.76 -9999.00 -9999.00 -9999.00 29.48 5.13 0.00
0.00 29424.57

STID = KPDT STNM = 726880 TIME = 221026/1900 
SLAT = 45.68 SLON = -118.85 SELV = 411.0
STIM = 7

SHOW = 3.61 LIFT = 3.55 SWET = 139.31 KINX = 23.45
LCLP = 896.55 PWAT = 11.66 TOTL = 52.84 CAPE = 0.00
LCLT = 275.02 CINS = 0.00 EQLV = -9999.00 LFCT = -9999.00
BRCH = 0.00

PRES TMPC TMWC DWPC THTE DRCT SKNT OMEG
CFRL HGHT
968.90 8.04 5.62 2.97 297.70 265.76 10.51 -0.10
0.00 420.37
966.10 7.74 5.19 2.31 297.05 266.78 13.81 -0.10
0.00 444.24
960.80 7.24 4.73 1.84 296.63 269.28 15.54 -0.10
0.00 489.56
951.70 6.54 4.17 1.37 296.40 271.32 16.90 -0.10
0.00 567.78
938.30 5.44 3.28 0.63 295.96 274.45 17.54 0.00
0.00 683.95
921.00 4.04 2.10 -0.39 295.42 276.97 17.62 0.00
0.00 835.71
900.50 2.44 0.91 -1.14 295.25 288.43 17.19 0.10
0.00 1018.26
878.10 0.94 -0.29 -2.01 295.36 305.69 16.98 0.20
0.00 1221.38
853.90 -0.46 -1.59 -3.27 295.55 322.39 18.14 0.20
0.00 1445.52
826.90 -2.16 -3.03 -4.40 295.92 332.10 18.69 0.10
14.00 1701.72
797.10 -4.36 -4.85 -5.70 296.06 338.09 18.22 0.00
21.00 1992.25
764.50 -6.56 -6.85 -7.41 296.41 338.78 17.72 -0.10
28.00 2320.05
729.20 -8.96 -9.17 -9.63 296.77 335.50 16.86 -0.10
66.00 2687.89
691.20 -11.96 -12.24 -12.94 296.54 324.31 16.98 -0.10
83.00 3099.99
650.30 -15.56 -16.01 -17.37 296.02 313.78 19.37 -0.10
82.00 3563.61
606.60 -18.36 -19.36 -23.29 297.06 330.12 21.06 -0.10
38.00 4085.67
560.50 -22.46 -23.87 -32.67 297.29 349.99 20.12 0.00
0.00 4670.66
515.70 -27.16 -28.20 -36.74 298.35 351.25 23.00 0.20
0.00 5276.36
475.30 -30.66 -31.59 -41.62 300.67 355.74 31.35 0.50
0.00 5859.69
439.00 -31.16 -32.42 -51.05 306.47 2.74 52.89 0.80
0.00 6423.07
406.20 -32.66 -33.89 -54.14 311.33 17.05 73.54 1.10
0.00 6971.44
376.40 -35.26 -36.26 -53.49 314.78 17.60 92.52 1.10
0.00 7504.92
349.40 -38.96 -39.70 -55.38 316.51 11.44 103.85 0.80
0.00 8019.23
325.10 -42.66 -43.18 -55.97 317.99 8.56 107.05 0.50
0.00 8509.49
303.10 -45.96 -46.32 -56.54 319.78 8.19 111.87 0.20
0.00 8978.87
283.30 -49.06 -49.32 -58.55 321.52 9.17 117.07 0.10
0.00 9425.08
265.30 -51.66 -51.84 -59.07 323.81 11.27 123.19 0.10
0.00 9853.19
248.60 -53.56 -53.70 -59.58 327.05 11.36 129.18 0.20
0.00 10272.91
233.50 -55.06 -55.20 -61.80 330.64 7.00 124.28 0.40
0.00 10674.33
219.60 -54.56 -54.75 -64.44 337.22 359.80 110.14 0.40
0.00 11066.59
205.60 -52.36 -52.70 -72.72 346.99 356.76 85.80 0.20
0.00 11490.21
191.70 -53.66 -9999.00 -9999.00 -9999.00 10.60 58.10 -0.10
0.00 11941.29
177.70 -55.96 -9999.00 -9999.00 -9999.00 5.93 54.49 -0.10
0.00 12425.96
163.80 -55.26 -9999.00 -9999.00 -9999.00 351.90 45.51 -0.10
0.00 12944.61
149.80 -55.16 -9999.00 -9999.00 -9999.00 346.83 37.51 -0.10
0.00 13514.58
135.90 -55.56 -9999.00 -9999.00 -9999.00 335.73 32.60 -0.10
0.00 14135.39
121.90 -55.86 -9999.00 -9999.00 -9999.00 321.71 32.93 -0.10
0.00 14827.36
108.00 -55.66 -9999.00 -9999.00 -9999.00 319.47 33.49 -0.10
0.00 15597.76
94.00 -54.96 -9999.00 -9999.00 -9999.00 318.58 26.42 0.00
0.00 16483.05
81.00 -56.46 -9999.00 -9999.00 -9999.00 295.31 15.91 0.00
0.00 17430.42
70.60 -57.46 -9999.00 -9999.00 -9999.00 281.89 22.63 0.00
0.00 18300.03
62.20 -55.96 -9999.00 -9999.00 -9999.00 284.51 17.06 0.00
0.00 19102.58
54.30 -56.46 -9999.00 -9999.00 -9999.00 231.04 11.73 0.00
0.00 19965.13
46.90 -57.06 -9999.00 -9999.00 -9999.00 265.24 9.36 0.00
0.00 20893.10
40.10 -56.76 -9999.00 -9999.00 -9999.00 221.99 2.62 0.00
0.00 21884.59
33.80 -55.86 -9999.00 -9999.00 -9999.00 45.00 2.20 0.00
0.00 22969.43
27.80 -54.66 -9999.00 -9999.00 -9999.00 127.87 6.64 0.00
0.00 24215.83
22.30 -55.36 -9999.00 -9999.00 -9999.00 105.95 2.84 0.00
0.00 25623.46
17.10 -54.66 -9999.00 -9999.00 -9999.00 69.44 4.97 0.00
0.00 27318.80
12.30 -53.06 -9999.00 -9999.00 -9999.00 22.62 5.05 0.00
0.00 29433.70

STID = KPDT STNM = 726880 TIME = 221026/2000 
SLAT = 45.68 SLON = -118.85 SELV = 411.0
STIM = 8

SHOW = 7.35 LIFT = 6.43 SWET = 61.47 KINX = 16.73
LCLP = 868.57 PWAT = 10.59 TOTL = 45.06 CAPE = 0.00
LCLT = 273.73 CINS = 0.00 EQLV = -9999.00 LFCT = -9999.00
BRCH = 0.00

PRES TMPC TMWC DWPC THTE DRCT SKNT OMEG
CFRL HGHT
967.40 9.14 5.80 2.09 298.21 256.83 9.38 -0.10
0.00 420.42
964.60 8.74 5.31 1.37 297.44 257.15 11.36 -0.10
0.00 444.42
959.30 8.24 4.89 0.97 297.10 258.16 12.30 -0.10
0.00 489.96
950.20 7.44 4.34 0.64 296.89 259.54 12.84 -0.20
0.00 568.55
936.80 6.24 3.54 0.25 296.66 261.51 13.15 -0.20
0.00 685.25
919.60 4.84 2.60 -0.20 296.58 263.39 13.50 -0.30
0.00 836.80
899.10 3.04 1.11 -1.48 295.79 271.66 13.40 -0.20
0.00 1020.10
876.70 1.44 -0.54 -3.43 295.01 287.04 12.59 -0.10
0.00 1223.92
852.60 -0.06 -2.02 -5.11 294.87 304.19 12.45 0.00
0.00 1447.79
825.60 -1.96 -3.61 -6.37 294.99 315.00 12.35 0.00
0.00 1704.59
795.90 -4.06 -5.14 -7.03 295.68 324.46 11.69 0.00
0.00 1994.80
763.50 -6.36 -7.02 -8.26 296.23 323.31 12.35 0.10
4.00 2321.31
728.30 -8.76 -9.41 -10.80 296.47 312.88 14.84 0.20
16.00 2688.81
690.30 -11.46 -12.42 -14.89 296.35 308.95 18.24 0.30
33.00 3101.91
649.50 -14.26 -15.65 -20.18 296.67 323.93 19.46 0.30
32.00 3566.50
606.00 -17.26 -18.96 -26.31 297.72 347.66 19.09 0.30
0.00 4089.10
560.00 -21.66 -23.16 -32.00 298.41 348.06 20.65 0.50
0.00 4675.54
515.30 -24.86 -26.43 -39.57 300.94 347.39 30.26 0.60
0.00 5284.16
475.00 -25.96 -27.80 -48.41 306.16 357.44 47.82 0.70
0.00 5874.75
438.80 -27.66 -29.43 -52.19 310.91 12.94 66.76 0.80
0.00 6446.39
406.00 -31.36 -32.68 -50.70 313.17 14.79 78.36 0.80
0.00 7000.48
376.20 -35.46 -36.37 -50.45 314.68 5.98 85.74 0.60
0.00 7535.47
349.40 -39.36 -39.95 -50.26 316.16 3.65 88.36 0.30
0.00 8045.47
325.10 -42.66 -43.08 -51.70 318.15 1.78 94.06 0.10
0.00 8535.32
303.10 -45.46 -45.80 -54.18 320.56 2.54 100.91 0.00
0.00 9005.22
283.20 -48.36 -48.60 -55.84 322.64 9.26 106.27 -0.10
0.00 9454.96
265.30 -49.76 -49.99 -57.62 326.63 16.19 122.57 -0.10
0.00 9883.26
248.60 -50.76 -51.00 -59.58 331.22 16.04 148.35 -0.10
0.00 10307.46
233.50 -53.96 -54.10 -60.07 332.35 12.35 153.52 0.00
0.00 10712.45
219.60 -56.86 -56.96 -62.27 333.71 13.59 156.27 0.00
0.00 11103.63
205.70 -60.56 -60.62 -64.93 334.15 14.33 130.32 0.10
0.00 11514.09
191.70 -58.76 -58.92 -73.19 343.74 359.62 87.80 0.10
0.00 11954.58
177.70 -54.66 -9999.00 -9999.00 -9999.00 358.24 56.93 -0.10
0.00 12435.03
163.80 -57.46 -9999.00 -9999.00 -9999.00 8.84 46.79 -0.20
0.00 12952.61
149.80 -57.16 -9999.00 -9999.00 -9999.00 346.84 40.09 -0.10
0.00 13517.09
135.90 -56.36 -9999.00 -9999.00 -9999.00 336.13 35.04 0.00
0.00 14133.91
121.90 -56.96 -9999.00 -9999.00 -9999.00 323.07 34.27 0.00
0.00 14822.85
108.00 -56.46 -9999.00 -9999.00 -9999.00 321.44 35.53 0.00
0.00 15589.89
94.00 -55.26 -9999.00 -9999.00 -9999.00 320.41 26.22 0.00
0.00 16472.94
81.00 -56.06 -9999.00 -9999.00 -9999.00 287.99 15.73 0.00
0.00 17420.53
70.60 -57.36 -9999.00 -9999.00 -9999.00 281.41 22.59 0.00
0.00 18291.15
62.20 -56.16 -9999.00 -9999.00 -9999.00 278.40 17.29 0.00
0.00 19093.51
54.30 -57.66 -9999.00 -9999.00 -9999.00 246.37 13.58 0.00
0.00 19953.27
46.90 -58.06 -9999.00 -9999.00 -9999.00 281.94 10.33 0.00
0.00 20876.53
40.10 -57.06 -9999.00 -9999.00 -9999.00 275.71 3.90 0.00
0.00 21865.04
33.80 -55.56 -9999.00 -9999.00 -9999.00 307.88 2.21 0.00
0.00 22949.87
27.80 -55.06 -9999.00 -9999.00 -9999.00 165.96 4.80 0.00
0.00 24196.00
22.30 -56.26 -9999.00 -9999.00 -9999.00 345.96 1.59 0.00
0.00 25599.43
17.10 -55.26 -9999.00 -9999.00 -9999.00 156.80 1.48 0.00
0.00 27288.94
12.30 -53.16 -9999.00 -9999.00 -9999.00 90.00 5.05 0.00
0.00 29400.47

STID = KPDT STNM = 726880 TIME = 221026/2100 
SLAT = 45.68 SLON = -118.85 SELV = 411.0
STIM = 9

SHOW = 10.59 LIFT = 8.97 SWET = 69.73 KINX = 11.75
LCLP = 854.99 PWAT = 9.96 TOTL = 38.56 CAPE = 0.00
LCLT = 273.18 CINS = 0.00 EQLV = -9999.00 LFCT = -9999.00
BRCH = 0.00

PRES TMPC TMWC DWPC THTE DRCT SKNT OMEG
CFRL HGHT
967.40 9.84 6.01 1.75 298.66 261.35 9.03 -0.10
0.00 419.58
964.50 9.44 5.51 0.98 297.86 262.01 11.19 -0.10
0.00 444.50
959.20 8.94 5.09 0.58 297.53 261.61 11.99 -0.10
0.00 490.15
950.10 8.14 4.53 0.21 297.30 262.00 12.55 -0.10
0.00 568.95
936.70 7.04 3.79 -0.19 297.17 262.35 13.13 -0.20
0.00 685.96
919.50 5.54 2.82 -0.61 297.01 263.29 13.31 -0.20
0.00 837.92
899.00 3.74 1.63 -1.13 296.83 264.21 13.48 -0.30
0.00 1021.70
876.70 1.74 0.25 -1.78 296.56 265.03 13.46 -0.30
0.00 1225.03
852.50 -0.06 -2.08 -5.29 294.76 280.95 12.28 -0.30
1.00 1449.99
825.60 -1.76 -4.00 -8.00 294.25 292.48 12.20 -0.30
0.00 1705.93
795.90 -3.96 -5.76 -9.19 294.55 299.98 11.65 -0.20
0.00 1996.22
763.40 -6.46 -7.58 -9.83 295.25 298.61 12.16 -0.10
0.00 2323.68
728.20 -8.96 -9.76 -11.53 295.88 295.91 15.11 0.00
5.00 2690.98
690.30 -10.96 -12.43 -16.35 296.33 306.49 17.64 0.00
2.00 3103.21
649.50 -12.96 -15.49 -25.26 296.84 333.43 16.94 -0.10
0.00 3569.33
606.00 -16.56 -18.58 -27.56 298.28 348.41 15.46 -0.10
0.00 4093.87
560.00 -20.16 -22.14 -34.18 299.90 342.43 24.46 0.00
0.00 4682.82
515.40 -21.56 -23.94 -44.64 304.57 349.17 41.34 0.10
0.00 5295.82
475.00 -23.16 -25.51 -49.34 309.60 6.50 53.19 0.20
0.00 5895.09
438.80 -27.16 -28.92 -48.27 311.70 15.85 61.19 0.40
0.00 6470.56
406.00 -31.36 -32.48 -44.52 313.51 3.91 68.34 0.40
0.00 7025.24
376.20 -35.06 -35.72 -42.96 315.69 354.39 73.58 0.20
0.00 7560.71
349.40 -38.46 -38.99 -46.41 317.60 354.69 79.80 0.00
0.00 8072.15
325.10 -41.06 -41.55 -50.13 320.43 359.25 89.36 -0.10
0.00 8564.65
303.10 -42.86 -43.36 -54.18 324.22 5.83 105.24 -0.10
0.00 9038.86
283.20 -45.76 -46.11 -54.74 326.41 8.36 116.24 -0.10
0.00 9493.77
265.30 -49.06 -49.30 -56.37 327.69 9.04 122.34 -0.10
0.00 9925.22
248.60 -51.96 -52.10 -56.90 329.51 11.26 128.34 -0.10
0.00 10348.95
233.50 -54.66 -54.78 -60.07 331.29 10.55 134.75 -0.10
26.00 10752.20
219.60 -57.36 -57.45 -62.27 332.94 10.26 137.39 -0.10
18.00 11142.31
205.70 -60.26 -60.33 -64.93 334.62 12.08 133.68 -0.10
0.00 11552.57
191.70 -63.36 -63.39 -65.45 336.46 14.83 109.30 0.00
0.00 11988.62
177.70 -60.66 -60.79 -73.70 348.16 0.43 76.92 0.00
0.00 12457.32
163.80 -56.46 -9999.00 -9999.00 -9999.00 355.57 55.34 0.00
0.00 12968.94
149.80 -58.36 -9999.00 -9999.00 -9999.00 353.75 39.28 0.00
0.00 13533.15
135.90 -57.86 -9999.00 -9999.00 -9999.00 333.31 40.23 0.00
0.00 14146.13
121.90 -57.36 -9999.00 -9999.00 -9999.00 326.55 38.42 0.00
0.00 14832.05
108.00 -57.26 -9999.00 -9999.00 -9999.00 324.50 34.13 0.00
0.00 15596.96
94.00 -55.76 -9999.00 -9999.00 -9999.00 317.60 24.20 0.00
0.00 16477.37
81.00 -56.26 -9999.00 -9999.00 -9999.00 283.39 16.76 0.00
0.00 17423.43
70.60 -57.76 -9999.00 -9999.00 -9999.00 281.69 23.02 0.00
0.00 18292.84
62.20 -56.46 -9999.00 -9999.00 -9999.00 267.24 16.14 0.00
0.00 19093.91
54.30 -58.46 -9999.00 -9999.00 -9999.00 248.75 15.02 0.00
0.00 19951.49
46.90 -57.86 -9999.00 -9999.00 -9999.00 294.70 10.68 0.00
0.00 20873.46
40.10 -56.36 -9999.00 -9999.00 -9999.00 263.16 4.90 0.00
0.00 21864.03
33.80 -55.36 -9999.00 -9999.00 -9999.00 243.43 3.05 0.00
0.00 22951.12
27.80 -55.46 -9999.00 -9999.00 -9999.00 173.88 5.48 0.00
0.00 24196.67
22.30 -56.76 -9999.00 -9999.00 -9999.00 78.69 2.97 0.00
0.00 25597.20
17.10 -54.86 -9999.00 -9999.00 -9999.00 90.00 0.39 0.00
0.00 27286.32
12.30 -52.66 -9999.00 -9999.00 -9999.00 248.20 1.05 0.00
0.00 29402.19

STID = KPDT STNM = 726880 TIME = 221026/2200 
SLAT = 45.68 SLON = -118.85 SELV = 411.0
STIM = 10

SHOW = 11.01 LIFT = 9.95 SWET = 76.84 KINX = 9.30
LCLP = 851.72 PWAT = 9.47 TOTL = 37.59 CAPE = 8.72
LCLT = 273.31 CINS = -5.59 EQLV = 709.15 LFCT = 800.54
BRCH = 0.30

PRES TMPC TMWC DWPC THTE DRCT SKNT OMEG
CFRL HGHT
968.00 10.34 6.33 1.95 299.31 261.16 8.84 -0.10
0.00 419.59
965.10 10.04 5.85 1.09 298.53 262.01 11.19 -0.10
0.00 444.54
959.80 9.64 5.45 0.58 298.21 262.00 12.55 -0.10
0.00 490.28
950.70 8.84 4.87 0.15 297.93 261.75 13.54 -0.10
0.00 569.22
937.30 7.64 4.05 -0.32 297.65 262.30 14.51 -0.10
0.00 686.42
920.10 6.14 3.04 -0.85 297.40 262.88 15.66 -0.10
0.00 838.61
899.60 4.34 1.86 -1.36 297.23 263.29 16.63 -0.10
0.00 1022.65
877.20 2.44 0.58 -1.92 297.16 264.23 17.39 -0.10
0.00 1227.24
853.00 0.34 -1.31 -3.75 296.18 265.08 18.12 -0.10
0.00 1452.54
826.00 -1.76 -3.71 -7.06 294.75 266.39 18.49 -0.10
0.00 1709.53
796.30 -4.06 -6.04 -9.95 293.99 274.60 16.96 -0.10
0.00 1999.63
763.80 -6.46 -8.28 -12.32 293.98 283.16 15.37 0.00
0.00 2326.81
728.60 -9.06 -10.54 -14.16 294.52 289.07 16.65 0.10
0.00 2693.74
690.60 -11.16 -13.20 -19.47 295.00 302.62 17.29 0.20
0.00 3106.53
649.90 -12.86 -15.97 -30.67 295.96 330.72 14.70 0.30
0.00 3571.07
606.30 -16.36 -18.71 -30.31 297.99 349.99 10.06 0.30
0.00 4096.76
560.30 -19.36 -21.72 -37.60 300.44 346.34 21.39 0.10
0.00 4686.52
515.50 -19.86 -22.54 -43.41 306.69 357.14 38.89 -0.10
0.00 5305.07
475.20 -22.36 -24.78 -46.06 310.70 12.20 44.11 -0.10
0.00 5905.66
438.90 -27.16 -28.79 -44.33 311.90 12.38 48.93 -0.10
0.00 6483.48
406.10 -30.76 -31.72 -40.03 314.66 352.09 56.49 -0.10
0.00 7038.74
376.30 -33.76 -34.43 -40.76 317.61 350.51 65.97 -0.10
0.00 7576.22
349.40 -36.36 -36.98 -44.06 320.63 355.69 75.00 0.10
0.00 8093.21
325.10 -38.96 -39.51 -47.06 323.52 0.78 85.66 0.20
0.00 8590.15
303.10 -41.86 -42.29 -49.40 325.86 1.15 96.56 0.20
0.00 9067.56
283.20 -45.06 -45.36 -51.32 327.57 359.26 104.70 0.20
0.00 9524.18
265.30 -48.46 -48.70 -55.28 328.61 3.84 110.20 0.20
0.00 9956.88
248.60 -51.46 -51.65 -58.14 330.22 6.21 118.61 0.20
0.00 10381.65
233.50 -54.06 -54.20 -60.07 332.20 5.12 128.52 0.10
0.00 10785.91
219.60 -57.76 -57.84 -62.27 332.33 3.96 132.21 0.00
50.00 11176.20
205.70 -60.96 -61.01 -64.93 333.52 7.71 130.36 0.00
0.00 11585.40
191.70 -63.06 -63.12 -68.39 336.89 12.98 99.48 0.00
0.00 12021.05
177.70 -63.46 -63.54 -73.70 343.57 3.15 74.13 0.00
0.00 12486.96
163.80 -60.56 -9999.00 -9999.00 -9999.00 351.06 66.26 0.00
0.00 12990.36
149.80 -57.96 -9999.00 -9999.00 -9999.00 348.87 47.32 0.00
0.00 13549.74
135.90 -59.36 -9999.00 -9999.00 -9999.00 337.60 38.23 0.00
0.00 14161.14
121.90 -59.26 -9999.00 -9999.00 -9999.00 330.02 40.81 0.00
0.00 14841.65
108.00 -57.36 -9999.00 -9999.00 -9999.00 328.28 32.89 0.00
0.00 15603.02
94.00 -56.46 -9999.00 -9999.00 -9999.00 310.96 23.41 0.00
0.00 16481.80
81.00 -57.16 -9999.00 -9999.00 -9999.00 289.01 18.49 0.00
0.00 17424.38
70.60 -58.16 -9999.00 -9999.00 -9999.00 286.65 19.66 0.00
0.00 18291.18
62.20 -56.26 -9999.00 -9999.00 -9999.00 253.94 13.34 0.00
0.00 19091.87
54.30 -58.56 -9999.00 -9999.00 -9999.00 256.31 15.60 0.00
0.00 19949.65
46.90 -56.96 -9999.00 -9999.00 -9999.00 296.15 11.91 0.00
0.00 20873.34
40.10 -55.46 -9999.00 -9999.00 -9999.00 248.20 6.27 0.00
0.00 21868.03
33.80 -55.46 -9999.00 -9999.00 -9999.00 244.98 3.22 0.00
0.00 22957.12
27.80 -54.96 -9999.00 -9999.00 -9999.00 236.31 2.10 0.00
0.00 24203.82
22.30 -56.06 -9999.00 -9999.00 -9999.00 347.01 2.58 0.00
0.00 25608.22
17.10 -55.66 -9999.00 -9999.00 -9999.00 326.31 4.20 0.00
0.00 27296.95
12.30 -53.46 -9999.00 -9999.00 -9999.00 360.00 1.17 0.00
0.00 29405.10

STID = KPDT STNM = 726880 TIME = 221026/2300 
SLAT = 45.68 SLON = -118.85 SELV = 411.0
STIM = 11

SHOW = 11.11 LIFT = 10.53 SWET = 73.87 KINX = 4.93
LCLP = 856.00 PWAT = 9.54 TOTL = 37.13 CAPE = 6.67
LCLT = 273.94 CINS = -5.02 EQLV = 726.34 LFCT = 808.21
BRCH = 0.40

PRES TMPC TMWC DWPC THTE DRCT SKNT OMEG
CFRL HGHT
968.60 10.64 6.71 2.53 300.10 263.48 6.84 0.00
0.00 419.60
965.70 10.44 6.22 1.54 299.29 264.05 9.38 0.00
0.00 444.57
960.40 10.04 5.72 0.79 298.76 265.07 11.31 -0.10
0.00 490.34
951.30 9.34 5.10 0.09 298.36 265.73 13.05 -0.10
0.00 569.36
937.90 8.24 4.27 -0.58 298.02 266.99 14.78 -0.30
0.00 686.71
920.60 6.74 3.21 -1.26 297.68 267.93 16.14 -0.40
0.00 840.01
900.10 5.04 2.03 -1.93 297.50 268.73 17.48 -0.50
0.00 1024.37
877.70 3.04 0.67 -2.57 297.26 268.82 18.84 -0.60
0.00 1229.30
853.50 0.84 -0.82 -3.20 297.07 269.44 20.01 -0.60
0.00 1454.92
826.50 -1.56 -2.75 -4.61 296.48 270.00 20.98 -0.60
0.00 1712.14
796.80 -3.96 -5.23 -7.48 295.41 270.00 22.14 -0.40
0.00 2002.31
764.30 -6.26 -7.93 -11.51 294.52 271.67 20.01 -0.30
0.00 2329.52
729.00 -8.46 -10.66 -16.50 294.23 281.82 17.07 -0.20
0.00 2697.81
691.00 -10.46 -13.40 -24.00 294.56 296.23 14.94 -0.10
0.00 3111.30
650.20 -12.56 -16.06 -35.41 295.71 324.12 11.27 0.00
0.00 3577.55
606.50 -15.76 -18.64 -35.44 298.01 338.88 9.17 0.00
0.00 4105.10
560.50 -17.86 -20.63 -39.17 302.05 343.80 23.66 0.00
0.00 4697.03
515.70 -18.66 -21.50 -40.84 308.29 352.10 33.94 0.00
0.00 5318.65
475.30 -22.16 -24.54 -43.60 311.07 3.66 33.49 -0.10
0.00 5922.24
439.00 -27.06 -28.54 -40.71 312.29 355.89 37.98 -0.10
0.00 6500.30
406.20 -30.26 -30.94 -35.72 315.85 343.45 50.47 0.00
0.00 7056.15
376.40 -33.06 -33.55 -37.40 318.94 345.47 59.60 0.00
5.00 7594.88
349.40 -35.66 -36.17 -41.15 321.87 352.65 66.78 0.00
1.00 8115.27
325.10 -38.26 -38.62 -42.48 324.90 356.20 79.04 0.00
7.00 8613.73
303.10 -41.16 -41.43 -44.95 327.20 354.51 91.34 0.00
68.00 9092.60
283.30 -44.56 -44.89 -51.32 328.26 1.38 96.95 0.00
1.00 9548.04
265.30 -47.46 -47.75 -55.28 330.07 4.84 108.20 0.10
0.00 9984.52
248.60 -50.46 -50.64 -55.81 331.79 1.89 117.77 0.10
0.00 10411.20
233.50 -54.06 -54.20 -60.07 332.20 2.58 120.94 0.10
7.00 10816.38
219.60 -57.66 -57.77 -64.44 332.44 3.39 124.92 0.10
2.00 11206.76
205.70 -60.66 -60.72 -64.93 333.99 5.78 123.39 0.00
0.00 11616.35
191.70 -62.66 -62.72 -68.39 337.53 11.31 107.96 -0.10
0.00 12052.71
177.70 -64.76 -64.80 -68.92 341.49 7.56 82.69 -0.10
0.00 12517.63
163.80 -64.66 -64.74 -74.24 349.65 353.54 70.77 -0.10
0.00 13014.59
149.80 -62.06 -9999.00 -9999.00 -9999.00 350.48 59.87 0.00
0.00 13563.25
135.90 -59.36 -9999.00 -9999.00 -9999.00 347.38 40.02 0.00
0.00 14168.81
121.90 -58.96 -9999.00 -9999.00 -9999.00 336.89 34.63 0.00
0.00 14849.80
108.00 -57.56 -9999.00 -9999.00 -9999.00 331.44 32.52 0.00
0.00 15611.34
94.00 -56.86 -9999.00 -9999.00 -9999.00 314.36 24.73 0.00
0.00 16488.91
81.00 -57.86 -9999.00 -9999.00 -9999.00 301.25 20.22 0.00
0.00 17429.09
70.60 -58.26 -9999.00 -9999.00 -9999.00 291.37 19.19 0.00
0.00 18294.27
62.20 -56.56 -9999.00 -9999.00 -9999.00 265.87 16.16 -0.10
0.00 19094.23
54.30 -59.46 -9999.00 -9999.00 -9999.00 273.33 20.05 -0.10
0.00 19949.62
46.90 -59.56 -9999.00 -9999.00 -9999.00 305.87 15.58 0.00
0.00 20865.80
40.10 -57.46 -9999.00 -9999.00 -9999.00 252.65 3.26 0.00
0.00 21849.95
33.80 -56.96 -9999.00 -9999.00 -9999.00 170.54 2.37 0.00
0.00 22930.28
27.80 -55.06 -9999.00 -9999.00 -9999.00 135.00 4.39 0.00
0.00 24172.40
22.30 -55.16 -9999.00 -9999.00 -9999.00 103.63 6.60 0.00
0.00 25579.39
17.10 -53.46 -9999.00 -9999.00 -9999.00 360.00 3.69 0.00
0.00 27280.17
12.30 -51.86 -9999.00 -9999.00 -9999.00 335.38 10.26 0.00
0.00 29406.64

STID = KPDT STNM = 726880 TIME = 221027/0000 
SLAT = 45.68 SLON = -118.85 SELV = 411.0
STIM = 12

SHOW = 11.00 LIFT = 10.48 SWET = 71.24 KINX = 2.11
LCLP = 888.26 PWAT = 9.27 TOTL = 37.20 CAPE = 0.31
LCLT = 276.26 CINS = -11.61 EQLV = 758.73 LFCT = 782.14
BRCH = 0.03

PRES TMPC TMWC DWPC THTE DRCT SKNT OMEG
CFRL HGHT
968.70 10.04 7.19 4.35 301.24 239.53 3.83 0.00
0.00 420.44
965.90 10.24 6.59 2.72 300.13 251.03 6.57 -0.10
0.00 444.52
960.60 10.04 5.92 1.31 299.18 259.16 9.30 -0.10
0.00 490.27
951.40 9.44 5.06 -0.15 298.26 267.44 13.03 -0.20
0.00 570.16
938.00 8.44 4.09 -1.37 297.61 272.05 16.34 -0.40
0.00 687.56
920.80 7.14 3.04 -2.34 297.27 273.58 18.69 -0.60
0.00 840.08
900.30 5.34 1.80 -3.03 296.99 273.85 20.24 -0.80
0.00 1024.60
877.90 3.34 0.45 -3.65 296.79 273.67 21.21 -1.00
0.00 1229.67
853.70 1.14 -0.92 -3.94 296.84 273.54 21.99 -1.00
0.00 1455.46
826.70 -1.26 -2.84 -5.35 296.29 272.94 22.77 -1.00
0.00 1712.86
796.90 -3.76 -5.10 -7.48 295.62 272.37 23.52 -0.80
0.00 2004.22
764.40 -6.06 -7.88 -11.81 294.58 272.08 21.39 -0.60
0.00 2331.62
729.10 -8.06 -10.83 -18.84 293.90 277.77 17.25 -0.30
0.00 2700.24
691.10 -10.36 -13.62 -26.47 294.16 292.91 14.98 -0.10
0.00 3114.01
650.30 -12.76 -16.21 -35.41 295.47 318.50 13.48 0.00
0.00 3580.08
606.60 -15.36 -18.55 -39.75 298.09 335.85 12.35 0.00
0.00 4107.73
560.60 -17.46 -20.34 -39.59 302.47 338.82 23.12 0.20
0.00 4700.47
515.80 -18.96 -21.62 -38.41 308.11 340.05 27.89 0.30
0.00 5322.10
475.40 -22.36 -24.53 -39.95 311.09 346.49 25.78 0.20
0.00 5925.00
439.00 -26.86 -27.97 -35.16 313.21 338.91 31.86 0.10
0.00 6504.63
406.20 -29.96 -30.27 -32.12 316.89 340.71 45.28 0.00
100.00 7061.12
376.40 -32.36 -32.70 -35.03 320.26 346.26 54.80 -0.10
100.00 7601.01
349.50 -34.56 -34.98 -38.37 323.70 353.43 64.53 -0.10
26.00 8121.39
325.10 -37.16 -37.42 -39.83 326.76 352.29 79.58 0.00
100.00 8624.18
303.10 -40.46 -40.84 -45.78 328.11 358.66 82.77 0.00
7.00 9104.91
283.30 -43.56 -43.96 -51.32 329.70 4.51 93.92 0.00
0.00 9562.03
265.30 -46.66 -46.92 -52.62 331.36 3.50 104.89 0.00
0.00 10000.24
248.60 -50.16 -50.35 -55.81 332.24 3.59 111.71 0.10
3.00 10427.97
233.50 -53.86 -54.01 -60.07 332.50 2.47 117.06 0.10
1.00 10833.61
219.60 -57.16 -57.28 -64.44 333.21 1.79 118.16 0.10
0.00 11224.62
205.70 -60.26 -60.35 -67.88 334.58 3.05 116.92 0.10
0.00 11635.07
191.70 -62.96 -63.02 -68.39 337.05 5.95 104.88 0.00
0.00 12071.53
177.70 -65.16 -65.20 -68.92 340.83 5.49 81.18 -0.10
0.00 12535.68
163.80 -66.86 -66.91 -74.24 345.96 358.22 75.02 -0.10
0.00 13029.54
149.80 -63.76 -9999.00 -9999.00 -9999.00 356.20 61.52 0.00
0.00 13573.09
135.90 -59.86 -9999.00 -9999.00 -9999.00 349.82 40.66 0.00
0.00 14175.52
121.90 -57.46 -9999.00 -9999.00 -9999.00 330.04 32.28 0.00
0.00 14858.10
108.00 -57.26 -9999.00 -9999.00 -9999.00 325.77 34.54 0.00
0.00 15622.83
94.00 -57.26 -9999.00 -9999.00 -9999.00 326.90 25.97 0.00
0.00 16500.20
81.00 -57.76 -9999.00 -9999.00 -9999.00 303.69 18.20 0.00
0.00 17439.72
70.60 -57.96 -9999.00 -9999.00 -9999.00 289.73 18.98 0.00
0.00 18305.71
62.20 -57.76 -9999.00 -9999.00 -9999.00 285.77 17.15 0.00
0.00 19104.00
54.30 -59.46 -9999.00 -9999.00 -9999.00 285.42 17.52 0.00
0.00 19957.00
46.90 -57.76 -9999.00 -9999.00 -9999.00 312.40 12.10 0.00
0.00 20877.05
40.10 -55.76 -9999.00 -9999.00 -9999.00 241.39 4.88 0.00
0.00 21869.22
33.80 -55.86 -9999.00 -9999.00 -9999.00 306.87 0.97 0.00
0.00 22956.56
27.80 -54.76 -9999.00 -9999.00 -9999.00 94.76 2.33 0.00
0.00 24202.68
22.30 -55.06 -9999.00 -9999.00 -9999.00 97.13 3.13 0.00
0.00 25610.95
17.10 -53.66 -9999.00 -9999.00 -9999.00 327.99 1.83 0.00
0.00 27311.34
12.30 -52.26 -9999.00 -9999.00 -9999.00 357.88 5.24 0.00
0.00 29434.93

STID = KPDT STNM = 726880 TIME = 221027/0100 
SLAT = 45.68 SLON = -118.85 SELV = 411.0
STIM = 13

SHOW = 11.30 LIFT = 10.79 SWET = 74.22 KINX = -0.27
LCLP = 895.54 PWAT = 9.37 TOTL = 36.59 CAPE = 0.00
LCLT = 275.92 CINS = 0.00 EQLV = -9999.00 LFCT = -9999.00
BRCH = 0.00

PRES TMPC TMWC DWPC THTE DRCT SKNT OMEG
CFRL HGHT
968.80 9.04 6.51 3.89 299.68 221.99 5.23 0.00
0.00 419.55
965.90 9.74 6.20 2.37 299.27 236.31 8.41 -0.10
0.00 444.42
960.60 9.74 5.69 1.09 298.67 248.96 10.82 -0.20
0.00 490.10
951.50 9.24 4.89 -0.35 297.88 264.07 15.03 -0.40
0.00 569.05
938.10 8.34 3.95 -1.63 297.30 272.31 19.25 -0.60
0.00 686.37
920.90 7.04 2.89 -2.65 296.94 275.56 22.05 -0.80
0.00 838.82
900.30 5.34 1.71 -3.31 296.80 276.23 23.25 -1.00
0.00 1024.18
878.00 3.34 0.37 -3.89 296.61 275.19 23.60 -1.00
0.00 1228.31
853.70 1.14 -1.09 -4.42 296.51 272.82 23.72 -1.00
0.00 1455.01
826.70 -1.26 -2.93 -5.60 296.12 270.00 23.89 -1.00
0.00 1712.40
797.00 -3.66 -5.18 -7.91 295.46 269.05 23.50 -1.00
0.00 2002.80
764.50 -5.96 -8.10 -12.89 294.20 271.62 20.59 -0.80
0.00 2330.26
729.20 -8.06 -11.18 -20.97 293.29 276.19 16.22 -0.50
0.00 2698.86
691.20 -10.26 -13.70 -28.11 293.98 294.78 13.91 -0.30
0.00 3112.61
650.40 -12.16 -15.93 -39.08 295.84 328.78 15.00 -0.20
0.00 3579.21
606.70 -14.26 -17.71 -39.75 299.35 337.23 17.06 -0.10
0.00 4108.49
560.60 -16.46 -19.40 -36.23 303.96 334.93 23.37 0.20
0.00 4704.91
515.90 -18.76 -21.11 -33.29 308.96 324.41 26.03 0.40
0.00 5326.60
475.40 -22.46 -24.01 -32.06 312.00 319.23 27.95 0.40
0.00 5931.15
439.10 -26.36 -26.84 -29.22 314.97 330.34 33.76 0.20
21.00 6509.70
406.20 -28.86 -29.20 -31.04 318.57 340.40 42.27 0.10
100.00 7069.72
376.40 -31.36 -31.76 -34.28 321.73 344.63 50.56 0.00
100.00 7611.97
349.50 -33.86 -34.10 -35.77 325.08 346.46 65.54 0.00
100.00 8134.22
325.10 -37.16 -37.31 -38.60 326.94 350.03 71.79 -0.10
100.00 8637.78
303.10 -40.46 -40.67 -43.13 328.37 358.79 73.64 -0.10
100.00 9118.52
283.30 -43.46 -43.79 -49.39 329.96 6.47 82.69 -0.20
3.00 9575.76
265.30 -46.56 -46.80 -51.88 331.55 8.33 95.22 -0.10
5.00 10014.17
248.60 -49.96 -50.16 -55.81 332.54 6.47 103.42 -0.10
2.00 10442.19
233.50 -52.96 -53.14 -60.07 333.87 2.53 109.87 0.00
0.00 10848.83
219.60 -56.16 -56.30 -64.44 334.75 359.32 115.00 0.00
0.00 11241.54
205.70 -59.76 -59.83 -64.93 335.41 358.48 116.78 0.00
0.00 11653.43
191.70 -63.46 -63.51 -68.39 336.25 1.18 113.46 -0.10
0.00 12089.90
177.70 -66.36 -66.38 -68.92 338.86 5.39 103.42 -0.10
0.00 12552.16
163.80 -67.66 -67.68 -69.50 344.66 5.28 80.19 -0.10
0.00 13043.63
149.80 -64.36 -64.45 -74.84 359.20 355.62 58.45 -0.10
0.00 13585.36
135.90 -59.56 -9999.00 -9999.00 -9999.00 338.20 39.74 0.00
0.00 14187.36
121.90 -59.46 -9999.00 -9999.00 -9999.00 332.10 37.37 0.00
0.00 14867.24
108.00 -58.66 -9999.00 -9999.00 -9999.00 330.05 33.86 0.00
0.00 15625.95
94.00 -57.76 -9999.00 -9999.00 -9999.00 331.39 24.34 0.00
0.00 16499.45
81.00 -58.26 -9999.00 -9999.00 -9999.00 294.02 19.56 0.00
0.00 17436.80
70.60 -59.26 -9999.00 -9999.00 -9999.00 293.63 20.36 0.00
0.00 18299.17
62.20 -58.26 -9999.00 -9999.00 -9999.00 295.24 15.03 0.00
0.00 19094.12
54.30 -58.36 -9999.00 -9999.00 -9999.00 284.98 14.28 0.00
0.00 19948.31
46.90 -57.36 -9999.00 -9999.00 -9999.00 305.54 6.68 0.00
0.00 20871.58
40.10 -57.36 -9999.00 -9999.00 -9999.00 238.39 2.97 0.00
0.00 21861.00
33.80 -56.06 -9999.00 -9999.00 -9999.00 30.96 2.27 0.00
0.00 22943.83
27.80 -53.76 -9999.00 -9999.00 -9999.00 131.99 2.62 0.00
0.00 24192.24
22.30 -53.56 -9999.00 -9999.00 -9999.00 288.43 3.07 0.00
0.00 25608.58
17.10 -52.46 -9999.00 -9999.00 -9999.00 307.88 4.43 0.00
0.00 27319.46
12.30 -52.26 -9999.00 -9999.00 -9999.00 315.00 0.27 0.00
0.00 29448.83

STID = KPDT STNM = 726880 TIME = 221027/0200 
SLAT = 45.68 SLON = -118.85 SELV = 411.0
STIM = 14

SHOW = 11.15 LIFT = 10.61 SWET = 74.89 KINX = -1.74
LCLP = 898.97 PWAT = 10.27 TOTL = 36.83 CAPE = 0.00
LCLT = 275.03 CINS = 0.00 EQLV = -9999.00 LFCT = -9999.00
BRCH = 0.00

PRES TMPC TMWC DWPC THTE DRCT SKNT OMEG
CFRL HGHT
970.20 7.94 5.57 2.96 297.45 229.18 5.65 0.00
0.00 420.35
967.30 8.94 5.44 1.44 297.44 246.67 10.78 -0.10
0.00 445.09
962.00 9.14 5.09 0.28 297.21 258.07 14.10 -0.20
0.00 490.59
952.90 8.84 4.54 -0.76 296.99 270.00 20.01 -0.40
0.00 569.28
939.50 7.94 3.82 -1.42 296.89 275.57 24.01 -0.50
0.00 686.25
922.20 6.54 2.88 -1.90 296.81 276.43 25.99 -0.50
0.00 839.13
901.70 4.94 1.69 -2.74 296.62 274.69 26.13 -0.50
0.00 1023.04
879.20 3.14 0.24 -3.95 296.23 271.30 25.64 -0.40
0.00 1228.49
855.00 1.24 -1.28 -5.16 295.98 267.76 24.88 -0.50
0.00 1453.87
827.90 -0.96 -3.10 -6.66 295.65 266.74 23.93 -0.60
0.00 1711.99
798.10 -3.26 -5.26 -9.00 295.17 271.01 21.95 -0.60
0.00 2003.29
765.50 -5.66 -7.98 -13.21 294.27 278.30 18.84 -0.40
0.00 2331.72
730.20 -7.86 -11.03 -20.96 293.39 280.62 15.81 -0.20
0.00 2700.16
692.00 -9.96 -13.57 -29.12 294.06 295.20 14.61 0.00
0.00 3115.96
651.10 -11.76 -15.49 -35.75 296.47 324.38 16.01 0.00
0.00 3583.81
607.40 -13.66 -16.40 -27.53 301.46 331.11 19.31 -0.10
0.00 4113.60
561.20 -16.46 -18.10 -23.94 306.08 329.04 21.52 0.10
0.00 4711.55
516.30 -19.46 -20.48 -24.21 310.00 319.60 23.97 0.20
0.00 5334.84
475.70 -22.66 -23.36 -26.22 313.02 318.40 27.80 0.30
4.00 5939.55
439.30 -25.26 -25.75 -27.92 316.67 329.98 34.56 0.20
74.00 6520.52
406.40 -27.36 -27.80 -29.91 320.75 338.62 44.23 0.00
100.00 7083.26
376.50 -29.86 -30.25 -32.43 324.09 339.73 53.85 -0.20
100.00 7630.52
349.60 -32.66 -32.98 -35.02 326.83 345.35 61.44 -0.30
100.00 8155.58
325.20 -36.06 -36.36 -38.83 328.40 354.24 63.85 -0.20
100.00 8661.43
303.20 -39.86 -40.20 -44.18 329.07 1.98 67.44 -0.10
67.00 9143.76
283.30 -43.16 -43.49 -48.82 330.43 9.25 77.35 0.00
3.00 9604.12
265.40 -46.56 -46.80 -51.88 331.51 9.48 87.24 0.00
5.00 10040.30
248.60 -49.76 -49.92 -53.97 332.92 4.96 94.37 0.00
24.00 10470.99
233.50 -52.66 -52.80 -57.41 334.41 0.22 102.18 -0.10
6.00 10878.10
219.60 -56.16 -56.25 -60.55 334.84 358.03 107.48 -0.10
18.00 11271.09
205.70 -59.86 -59.93 -64.93 335.25 356.55 112.88 -0.10
26.00 11682.88
191.70 -63.66 -63.71 -68.39 335.93 356.80 114.78 -0.10
0.00 12119.04
177.70 -66.96 -66.98 -68.92 337.88 1.47 106.29 -0.10
0.00 12580.41
163.80 -68.86 -68.89 -74.24 342.60 7.64 86.23 -0.10
0.00 13069.74
149.80 -65.76 -65.83 -74.84 356.79 357.65 56.95 0.00
0.00 13608.06
135.90 -60.26 -9999.00 -9999.00 -9999.00 339.95 43.63 0.00
0.00 14207.07
121.90 -59.86 -9999.00 -9999.00 -9999.00 334.33 39.01 0.00
0.00 14885.19
108.00 -58.86 -9999.00 -9999.00 -9999.00 332.96 31.20 0.00
0.00 15642.84
94.00 -58.16 -9999.00 -9999.00 -9999.00 328.87 22.92 0.00
0.00 16515.12
81.00 -58.66 -9999.00 -9999.00 -9999.00 296.34 21.89 0.00
0.00 17450.73
70.60 -58.96 -9999.00 -9999.00 -9999.00 298.01 20.69 0.00
0.00 18312.90
62.20 -58.26 -9999.00 -9999.00 -9999.00 301.79 16.22 0.00
0.00 19108.41
54.30 -57.96 -9999.00 -9999.00 -9999.00 293.20 11.83 0.00
0.00 19963.40
46.90 -57.66 -9999.00 -9999.00 -9999.00 329.04 2.27 0.00
0.00 20886.87
40.10 -58.36 -9999.00 -9999.00 -9999.00 282.53 1.79 0.00
0.00 21873.31
33.80 -56.36 -9999.00 -9999.00 -9999.00 329.74 2.70 0.00
0.00 22952.90
27.80 -55.16 -9999.00 -9999.00 -9999.00 239.04 3.40 0.00
0.00 24196.45
22.30 -54.96 -9999.00 -9999.00 -9999.00 311.19 4.14 0.00
0.00 25603.75
17.10 -53.16 -9999.00 -9999.00 -9999.00 56.31 2.80 0.00
0.00 27306.47
12.30 -52.86 -9999.00 -9999.00 -9999.00 225.00 4.95 0.00
0.00 29429.57

STID = KPDT STNM = 726880 TIME = 221027/0300 
SLAT = 45.68 SLON = -118.85 SELV = 411.0
STIM = 15

SHOW = 11.78 LIFT = 11.29 SWET = 72.03 KINX = -3.23
LCLP = 906.27 PWAT = 10.97 TOTL = 35.54 CAPE = 0.00
LCLT = 274.80 CINS = 0.00 EQLV = -9999.00 LFCT = -9999.00
BRCH = 0.00

PRES TMPC TMWC DWPC THTE DRCT SKNT OMEG
CFRL HGHT
970.00 7.04 4.96 2.61 296.18 229.18 5.65 0.00
0.00 420.32
967.20 8.04 4.89 1.21 296.29 248.03 11.95 -0.10
0.00 444.14
961.90 8.34 4.68 0.28 296.37 258.29 16.26 -0.20
0.00 489.51
952.70 8.14 4.28 -0.48 296.48 268.52 22.53 -0.30
0.00 568.86
939.30 7.34 3.67 -0.95 296.62 272.12 26.24 -0.40
0.00 685.59
922.10 6.04 2.71 -1.64 296.48 272.40 27.80 -0.40
0.00 837.32
901.50 4.54 1.34 -3.13 295.94 270.82 27.19 -0.40
0.00 1021.86
879.10 3.04 -0.02 -4.58 295.71 268.26 25.66 -0.50
0.00 1226.23
854.80 1.14 -1.57 -5.87 295.45 267.21 23.91 -0.60
0.00 1452.48
827.80 -0.86 -3.25 -7.32 295.38 270.00 21.37 -0.60
0.00 1709.67
798.00 -3.16 -5.26 -9.21 295.17 276.20 17.97 -0.50
0.00 2001.10
765.40 -5.46 -7.83 -13.15 294.53 277.83 15.70 -0.30
0.00 2329.75
730.10 -7.46 -10.81 -21.31 293.76 278.97 14.94 -0.10
0.00 2698.65
692.00 -9.36 -13.13 -28.91 294.77 297.94 14.51 -0.10
0.00 3114.17
651.10 -11.46 -14.61 -27.12 297.97 320.28 16.41 -0.10
0.00 3582.88
607.30 -13.66 -15.22 -19.84 303.51 323.01 18.73 -0.10
0.00 4114.39
561.10 -16.36 -17.25 -19.91 307.54 322.47 20.09 -0.10
0.00 4712.76
516.20 -19.46 -20.08 -22.16 310.69 318.77 22.98 0.00
16.00 5336.40
475.70 -21.96 -22.54 -24.71 314.35 323.60 28.48 0.10
43.00 5940.59
439.30 -23.86 -24.48 -26.98 318.73 334.35 38.15 0.10
35.00 6524.04
406.40 -26.16 -26.70 -29.13 322.53 335.54 47.38 0.00
62.00 7089.77
376.50 -28.56 -29.09 -31.83 325.96 345.57 54.56 0.00
62.00 7639.85
349.50 -31.16 -31.79 -35.77 328.76 350.92 61.58 0.00
57.00 8169.98
325.20 -35.36 -35.95 -41.21 329.04 354.15 62.88 0.00
40.00 8676.13
303.20 -39.06 -39.57 -45.78 330.05 5.24 70.22 -0.10
0.00 9159.98
283.30 -43.06 -43.37 -48.28 330.61 8.85 78.24 -0.20
0.00 9621.23
265.40 -46.76 -46.94 -50.55 331.30 6.09 84.19 -0.20
92.00 10057.32
248.60 -50.06 -50.20 -53.97 332.47 3.00 89.08 -0.30
90.00 10487.54
233.50 -53.26 -53.38 -57.41 333.50 359.52 92.85 -0.30
87.00 10893.82
219.60 -56.46 -56.55 -60.55 334.37 357.80 96.04 -0.20
87.00 11286.00
205.70 -59.96 -60.03 -64.93 335.09 356.65 99.83 -0.20
83.00 11697.41
191.70 -63.86 -63.90 -68.39 335.61 357.08 103.09 -0.20
0.00 12133.26
177.70 -66.96 -66.98 -68.92 337.88 359.78 101.59 -0.10
0.00 12594.40
163.80 -68.36 -68.37 -69.50 343.49 5.68 82.38 -0.10
0.00 13084.33
149.80 -66.26 -66.32 -74.84 355.93 357.13 58.16 0.00
0.00 13622.66
135.90 -61.76 -9999.00 -9999.00 -9999.00 340.31 47.86 0.00
0.00 14218.82
121.90 -59.86 -9999.00 -9999.00 -9999.00 332.58 40.93 0.00
0.00 14894.55
108.00 -59.26 -9999.00 -9999.00 -9999.00 333.90 32.23 0.00
0.00 15651.49
94.00 -59.16 -9999.00 -9999.00 -9999.00 332.33 22.59 0.00
0.00 16520.93
81.00 -60.16 -9999.00 -9999.00 -9999.00 310.36 20.40 0.00
0.00 17451.09
70.60 -59.36 -9999.00 -9999.00 -9999.00 303.22 19.50 0.00
0.00 18309.44
62.20 -58.66 -9999.00 -9999.00 -9999.00 296.57 13.03 0.00
0.00 19103.46
54.30 -57.66 -9999.00 -9999.00 -9999.00 285.64 10.08 0.00
0.00 19958.25
46.90 -57.86 -9999.00 -9999.00 -9999.00 189.87 4.53 0.00
0.00 20881.94
40.10 -58.56 -9999.00 -9999.00 -9999.00 231.71 4.70 0.00
0.00 21867.46
33.80 -56.96 -9999.00 -9999.00 -9999.00 206.57 0.43 0.00
0.00 22945.05
27.80 -55.86 -9999.00 -9999.00 -9999.00 161.57 3.07 0.00
0.00 24184.88
22.30 -54.46 -9999.00 -9999.00 -9999.00 97.13 1.57 0.00
0.00 25591.54
17.10 -52.96 -9999.00 -9999.00 -9999.00 4.09 2.72 0.00
0.00 27296.98
12.30 -52.86 -9999.00 -9999.00 -9999.00 292.31 8.20 0.00
0.00 29421.04

STID = KPDT STNM = 726880 TIME = 221027/0400 
SLAT = 45.68 SLON = -118.85 SELV = 411.0
STIM = 16

SHOW = 11.59 LIFT = 11.14 SWET = 67.69 KINX = -0.92
LCLP = 909.53 PWAT = 11.84 TOTL = 36.13 CAPE = 0.00
LCLT = 274.73 CINS = 0.00 EQLV = -9999.00 LFCT = -9999.00
BRCH = 0.00

PRES TMPC TMWC DWPC THTE DRCT SKNT OMEG
CFRL HGHT
970.70 6.74 4.76 2.50 295.68 219.29 5.52 0.00
0.00 419.46
967.70 7.64 4.73 1.32 295.91 240.75 11.13 -0.10
0.00 444.93
962.40 7.94 4.56 0.49 296.07 252.26 15.29 -0.30
0.00 490.21
953.30 7.74 4.21 -0.12 296.28 263.66 21.11 -0.40
0.00 568.54
939.80 7.04 3.70 -0.45 296.64 269.10 24.86 -0.50
0.00 685.95
922.60 5.74 2.88 -0.74 296.80 272.06 27.02 -0.60
0.00 837.45
902.00 4.24 1.74 -1.54 296.73 274.93 27.10 -0.60
0.00 1021.73
879.60 2.64 0.30 -2.99 296.32 276.79 24.65 -0.70
0.00 1225.78
855.30 0.94 -1.32 -4.77 295.88 277.91 21.17 -0.70
0.00 1451.69
828.20 -0.96 -3.16 -6.84 295.51 278.22 17.66 -0.50
0.00 1709.58
798.40 -3.06 -5.26 -9.42 295.13 278.03 15.31 -0.30
0.00 2000.87
765.80 -4.96 -7.80 -14.42 294.52 275.26 14.82 -0.10
0.00 2329.70
730.40 -6.66 -10.41 -22.43 294.34 281.31 14.86 0.00
0.00 2700.35
692.30 -8.86 -12.47 -25.78 295.83 304.74 14.67 0.00
0.00 3116.72
651.40 -11.36 -13.57 -20.24 299.72 320.11 16.96 0.00
0.00 3585.85
607.50 -13.66 -14.68 -17.42 304.40 324.40 19.35 0.00
0.00 4118.61
561.30 -16.46 -17.23 -19.50 307.54 327.49 20.96 0.00
1.00 4716.72
516.30 -19.46 -19.95 -21.54 310.89 324.30 24.63 0.00
79.00 5341.48
475.80 -21.76 -22.17 -23.63 314.94 324.25 29.91 0.00
100.00 5945.81
439.30 -23.76 -24.14 -25.59 319.29 323.79 36.83 0.10
100.00 6531.21
406.40 -25.76 -26.18 -27.93 323.39 339.71 43.71 0.20
100.00 7097.54
376.50 -26.96 -27.77 -31.68 328.14 350.64 53.75 0.20
4.00 7649.87
349.60 -30.26 -31.23 -37.66 329.62 351.47 54.99 0.30
0.00 8180.67
325.20 -34.96 -35.64 -41.83 329.52 359.42 57.11 0.30
0.00 8690.19
303.20 -39.06 -39.52 -44.95 330.13 5.13 65.13 0.30
0.00 9174.45
283.30 -42.76 -43.10 -48.28 331.04 4.59 75.21 0.20
0.00 9636.00
265.40 -46.26 -46.50 -51.19 331.99 2.27 83.20 0.10
11.00 10072.85
248.60 -49.96 -50.11 -53.97 332.62 360.00 86.25 0.00
39.00 10503.64
233.50 -53.06 -53.18 -57.41 333.80 354.81 87.98 0.00
26.00 10910.20
219.60 -56.16 -56.25 -60.55 334.84 352.71 91.84 -0.10
48.00 11302.83
205.70 -59.76 -59.83 -64.93 335.41 353.63 94.60 -0.10
55.00 11714.71
191.70 -63.66 -63.71 -68.39 335.93 355.11 98.06 -0.10
0.00 12150.98
177.70 -67.16 -67.20 -73.70 337.51 357.08 99.01 -0.10
0.00 12612.12
163.80 -68.06 -68.10 -74.24 343.94 2.41 83.22 -0.10
0.00 13102.17
149.80 -67.16 -67.21 -74.84 354.39 357.99 55.40 0.00
0.00 13639.71
135.90 -63.86 -9999.00 -9999.00 -9999.00 337.46 50.68 0.00
0.00 14231.59
121.90 -61.76 -9999.00 -9999.00 -9999.00 334.63 45.78 0.00
0.00 14900.96
108.00 -60.16 -9999.00 -9999.00 -9999.00 335.92 28.09 0.00
0.00 15652.94
94.00 -59.86 -9999.00 -9999.00 -9999.00 328.94 19.95 0.00
0.00 16519.12
81.00 -60.06 -9999.00 -9999.00 -9999.00 313.24 17.87 0.00
0.00 17447.98
70.60 -58.86 -9999.00 -9999.00 -9999.00 304.48 19.56 0.00
0.00 18307.53
62.20 -57.46 -9999.00 -9999.00 -9999.00 295.64 10.78 0.00
0.00 19104.71
54.30 -57.16 -9999.00 -9999.00 -9999.00 288.08 10.00 0.00
0.00 19962.88
46.90 -57.76 -9999.00 -9999.00 -9999.00 240.80 7.56 0.00
0.00 20887.85
40.10 -58.06 -9999.00 -9999.00 -9999.00 285.78 9.29 0.00
0.00 21874.75
33.80 -56.36 -9999.00 -9999.00 -9999.00 98.13 1.38 0.00
0.00 22955.09
27.80 -55.66 -9999.00 -9999.00 -9999.00 104.93 3.01 0.00
0.00 24197.20
22.30 -55.26 -9999.00 -9999.00 -9999.00 30.26 2.70 0.00
0.00 25601.93
17.10 -54.56 -9999.00 -9999.00 -9999.00 330.52 5.13 0.00
0.00 27298.04
12.30 -53.46 -9999.00 -9999.00 -9999.00 297.47 5.48 0.00
0.00 29411.50

STID = KPDT STNM = 726880 TIME = 221027/0500 
SLAT = 45.68 SLON = -118.85 SELV = 411.0
STIM = 17

SHOW = 11.01 LIFT = 11.13 SWET = 69.89 KINX = 6.76
LCLP = 912.37 PWAT = 13.24 TOTL = 37.44 CAPE = 0.00
LCLT = 274.86 CINS = 0.00 EQLV = -9999.00 LFCT = -9999.00
BRCH = 0.00

PRES TMPC TMWC DWPC THTE DRCT SKNT OMEG
CFRL HGHT
970.90 6.64 4.75 2.59 295.64 213.69 5.59 0.00
0.00 420.30
968.00 7.54 4.76 1.51 295.93 229.64 10.20 -0.10
0.00 444.91
962.70 7.74 4.56 0.76 296.05 242.35 13.81 -0.30
0.00 490.15
953.60 7.64 4.29 0.23 296.42 256.96 18.94 -0.40
0.00 568.42
940.10 6.94 3.83 0.03 296.89 265.03 22.42 -0.60
0.00 685.75
922.90 5.64 3.14 0.08 297.33 270.86 25.84 -0.70
0.00 837.17
902.30 4.04 2.17 -0.17 297.58 273.65 27.45 -0.90
0.00 1021.33
879.80 2.34 0.94 -0.88 297.60 276.29 26.57 -1.00
0.00 1226.10
855.50 0.64 -0.54 -2.18 297.40 280.92 22.55 -0.90
0.00 1451.81
828.50 -1.26 -2.59 -4.66 296.55 283.72 17.19 -0.80
0.00 1708.47
798.60 -3.16 -5.00 -8.32 295.59 276.17 14.45 -0.50
0.00 2000.50
766.00 -4.66 -7.55 -14.19 294.91 273.67 15.19 -0.30
0.00 2329.39
730.60 -6.16 -9.75 -20.16 295.45 286.56 15.00 -0.20
0.00 2700.52
692.50 -8.56 -11.21 -18.49 298.01 312.80 14.30 -0.10
0.00 3117.50
651.50 -11.06 -12.30 -15.31 301.90 326.66 17.68 -0.10
0.00 3588.38
607.60 -13.66 -14.61 -17.13 304.50 333.20 21.11 0.00
0.00 4121.47
561.30 -16.76 -17.49 -19.66 307.12 327.14 22.20 0.00
4.00 4720.48
516.40 -19.26 -19.82 -21.62 311.09 319.97 25.37 0.10
36.00 5343.66
475.80 -20.96 -21.43 -22.99 316.18 320.10 29.37 0.10
100.00 5950.64
439.40 -22.36 -22.84 -24.52 321.43 336.25 37.14 0.10
100.00 6536.96
406.50 -24.26 -24.76 -26.64 325.74 348.16 49.22 0.10
100.00 7106.51
376.60 -26.36 -27.25 -31.40 328.98 349.70 52.12 0.10
3.00 7661.07
349.60 -30.16 -31.25 -38.87 329.58 352.56 48.00 0.10
0.00 8194.53
325.20 -34.86 -35.60 -42.48 329.58 1.62 54.80 0.20
0.00 8704.25
303.20 -38.76 -39.27 -45.36 330.51 3.43 68.10 0.20
0.00 9188.91
283.30 -42.66 -42.98 -47.78 331.22 1.83 78.90 0.10
0.00 9650.86
265.40 -46.26 -46.50 -51.19 331.99 356.37 82.93 0.00
8.00 10087.81
248.60 -49.76 -49.92 -53.97 332.92 353.39 86.03 0.00
61.00 10518.79
233.50 -53.16 -53.25 -56.32 333.69 352.55 88.34 -0.10
100.00 10925.45
219.60 -56.46 -56.52 -59.12 334.42 351.91 89.67 -0.10
100.00 11317.71
205.70 -59.86 -59.91 -62.77 335.29 351.40 89.59 -0.10
100.00 11729.22
191.70 -63.56 -63.58 -65.45 336.13 351.73 90.48 -0.10
100.00 12165.49
177.70 -67.46 -67.47 -68.92 337.06 352.67 92.83 -0.10
0.00 12626.41
163.80 -69.06 -69.09 -74.24 342.27 355.89 83.94 -0.10
0.00 13114.91
149.80 -67.46 -67.51 -74.84 353.87 356.73 54.49 -0.10
0.00 13650.75
135.90 -65.76 -9999.00 -9999.00 -9999.00 339.63 49.11 0.00
0.00 14239.50
121.90 -62.96 -9999.00 -9999.00 -9999.00 336.63 43.59 0.00
0.00 14903.94
108.00 -60.66 -9999.00 -9999.00 -9999.00 335.68 28.77 0.00
0.00 15652.90
94.00 -60.46 -9999.00 -9999.00 -9999.00 324.92 19.93 0.00
0.00 16516.85
81.00 -60.06 -9999.00 -9999.00 -9999.00 311.19 18.59 0.00
0.00 17444.40
70.60 -59.36 -9999.00 -9999.00 -9999.00 303.83 21.99 0.00
0.00 18302.95
62.20 -57.46 -9999.00 -9999.00 -9999.00 303.69 10.51 0.00
0.00 19099.20
54.30 -57.76 -9999.00 -9999.00 -9999.00 280.44 7.50 0.00
0.00 19956.18
46.90 -57.76 -9999.00 -9999.00 -9999.00 250.25 8.04 0.00
0.00 20879.87
40.10 -57.06 -9999.00 -9999.00 -9999.00 304.88 7.81 0.00
0.00 21869.06
33.80 -54.96 -9999.00 -9999.00 -9999.00 139.40 3.57 0.00
0.00 22955.40
27.80 -55.06 -9999.00 -9999.00 -9999.00 14.04 2.41 0.00
0.00 24203.23
22.30 -55.06 -9999.00 -9999.00 -9999.00 10.89 5.15 0.00
0.00 25610.54
17.10 -54.26 -9999.00 -9999.00 -9999.00 6.01 3.71 0.00
0.00 27308.60
12.30 -53.06 -9999.00 -9999.00 -9999.00 277.13 3.13 0.00
0.00 29425.43

STID = KPDT STNM = 726880 TIME = 221027/0600 
SLAT = 45.68 SLON = -118.85 SELV = 411.0
STIM = 18

SHOW = 11.68 LIFT = 12.21 SWET = 69.03 KINX = 11.33
LCLP = 917.03 PWAT = 14.22 TOTL = 36.09 CAPE = 0.00
LCLT = 274.90 CINS = 0.00 EQLV = -9999.00 LFCT = -9999.00
BRCH = 0.00

PRES TMPC TMWC DWPC THTE DRCT SKNT OMEG
CFRL HGHT
971.70 6.34 4.59 2.57 295.22 205.64 5.38 0.00
0.00 419.44
968.80 7.44 4.71 1.52 295.75 220.10 9.65 -0.10
0.00 444.01
963.50 7.74 4.55 0.74 295.95 232.43 12.74 -0.20
0.00 489.21
954.30 7.64 4.26 0.14 296.28 248.68 17.09 -0.40
0.00 568.27
940.80 6.94 3.74 -0.20 296.63 258.48 20.42 -0.60
0.00 685.52
923.60 5.74 3.04 -0.31 297.04 265.28 23.58 -0.70
0.00 836.84
903.00 4.04 2.03 -0.52 297.22 270.42 26.42 -0.90
0.00 1020.87
880.50 2.34 0.77 -1.31 297.17 274.93 27.10 -0.90
0.00 1225.47
856.20 0.64 -0.47 -2.00 297.46 279.22 23.02 -0.90
0.00 1450.99
829.10 -1.26 -1.99 -3.07 297.63 283.88 17.02 -0.60
2.00 1708.45
799.20 -3.06 -4.52 -7.02 296.40 272.29 14.59 -0.30
1.00 2000.37
766.50 -4.16 -7.06 -13.47 295.70 275.64 15.81 -0.10
0.00 2330.44
731.10 -5.76 -8.62 -15.43 297.39 303.06 14.61 0.00
0.00 2702.02
692.90 -8.26 -9.76 -13.03 300.50 321.80 15.07 0.00
0.00 3120.54
651.80 -10.96 -11.79 -13.66 302.74 326.47 19.35 0.10
0.00 3592.83
607.90 -13.96 -14.70 -16.62 304.32 321.01 21.00 0.00
2.00 4125.51
561.60 -16.96 -17.56 -19.33 306.96 314.65 22.40 0.00
12.00 4723.65
516.60 -18.86 -19.42 -21.19 311.71 317.00 23.64 0.00
43.00 5348.19
475.90 -19.36 -20.04 -22.13 318.49 332.08 29.45 0.00
57.00 5958.92
439.50 -20.96 -21.41 -22.79 323.88 347.63 45.34 0.10
100.00 6548.66
406.50 -23.26 -23.87 -26.04 327.26 347.91 55.63 0.10
80.00 7122.66
376.60 -26.06 -27.14 -32.28 329.17 347.13 48.82 0.20
0.00 7678.68
349.60 -30.16 -31.32 -39.66 329.47 351.91 44.15 0.20
0.00 8212.45
325.20 -34.76 -35.51 -42.48 329.72 3.37 52.93 0.20
0.00 8722.27
303.20 -38.86 -39.27 -43.82 330.52 2.38 65.52 0.20
0.00 9206.94
283.30 -42.86 -43.12 -46.83 331.01 353.94 75.41 0.10
24.00 9668.59
265.40 -46.36 -46.54 -49.96 331.92 350.20 81.02 0.00
95.00 10105.27
248.60 -49.76 -49.89 -53.17 332.96 349.10 84.27 -0.10
100.00 10536.15
233.50 -53.06 -53.16 -56.32 333.84 349.31 84.81 -0.10
100.00 10942.90
219.60 -56.36 -56.42 -59.12 334.57 349.95 83.45 -0.10
100.00 11335.35
205.70 -59.76 -59.81 -62.77 335.45 350.05 82.05 -0.10
100.00 11747.05
191.70 -63.36 -63.41 -68.39 336.41 349.98 84.83 0.00
95.00 12183.62
177.70 -67.36 -67.37 -68.92 337.23 350.90 89.70 0.00
0.00 12644.88
163.80 -69.86 -69.88 -74.24 340.93 352.00 82.38 0.00
0.00 13132.54
149.80 -67.86 -67.91 -74.84 353.18 348.54 56.68 0.00
0.00 13666.81
135.90 -66.76 -66.83 -75.48 365.09 336.80 48.82 0.00
0.00 14253.57
121.90 -64.26 -9999.00 -9999.00 -9999.00 335.62 40.95 0.00
0.00 14914.35
108.00 -61.96 -9999.00 -9999.00 -9999.00 333.61 28.40 0.00
0.00 15658.70
94.00 -60.56 -9999.00 -9999.00 -9999.00 316.25 18.82 0.00
0.00 16519.81
81.00 -60.36 -9999.00 -9999.00 -9999.00 307.35 18.57 0.00
0.00 17446.49
70.60 -59.56 -9999.00 -9999.00 -9999.00 304.99 21.35 0.00
0.00 18304.03
62.20 -58.36 -9999.00 -9999.00 -9999.00 304.25 11.05 0.00
0.00 19098.24
54.30 -58.96 -9999.00 -9999.00 -9999.00 250.82 4.74 0.00
0.00 19951.04
46.90 -58.36 -9999.00 -9999.00 -9999.00 217.87 6.64 0.00
0.00 20870.87
40.10 -56.46 -9999.00 -9999.00 -9999.00 360.00 0.58 0.00
0.00 21860.06
33.80 -54.76 -9999.00 -9999.00 -9999.00 152.59 5.91 0.00
0.00 22948.40
27.80 -54.56 -9999.00 -9999.00 -9999.00 3.18 3.50 0.00
0.00 24198.24
22.30 -54.66 -9999.00 -9999.00 -9999.00 20.56 4.97 0.00
0.00 25608.45
17.10 -53.96 -9999.00 -9999.00 -9999.00 325.49 3.77 0.00
0.00 27309.23
12.30 -52.46 -9999.00 -9999.00 -9999.00 278.65 9.03 0.00
0.00 29430.40

STID = KPDT STNM = 726880 TIME = 221027/0700 
SLAT = 45.68 SLON = -118.85 SELV = 411.0
STIM = 19

SHOW = 12.58 LIFT = 13.28 SWET = 66.05 KINX = 12.93
LCLP = 917.55 PWAT = 14.60 TOTL = 34.14 CAPE = 0.00
LCLT = 274.68 CINS = 0.00 EQLV = -9999.00 LFCT = -9999.00
BRCH = 0.00

PRES TMPC TMWC DWPC THTE DRCT SKNT OMEG
CFRL HGHT
971.40 6.04 4.33 2.33 294.71 198.43 5.54 0.00
0.00 419.43
968.50 7.14 4.47 1.30 295.28 211.76 9.60 -0.10
0.00 443.98
963.20 7.64 4.40 0.47 295.65 222.46 12.37 -0.20
0.00 489.16
954.00 7.64 4.13 -0.21 296.03 240.34 16.10 -0.40
0.00 568.23
940.60 7.04 3.65 -0.58 296.46 252.68 18.92 -0.60
0.00 684.65
923.30 5.84 2.95 -0.69 296.87 260.80 20.67 -0.70
0.00 836.94
902.70 4.04 1.94 -0.76 297.05 268.53 22.73 -0.80
0.00 1021.06
880.30 2.54 0.80 -1.52 297.24 276.84 24.46 -0.80
0.00 1224.87
855.90 0.94 -0.45 -2.39 297.52 284.29 21.25 -0.70
0.00 1451.57
828.90 -1.06 -1.92 -3.19 297.79 283.86 15.40 -0.50
0.00 1708.38
799.00 -2.66 -4.26 -6.98 296.89 270.00 14.76 -0.20
0.00 2000.70
766.30 -3.66 -6.50 -12.41 296.74 283.85 14.61 -0.10
0.00 2331.42
730.90 -5.66 -7.56 -11.37 299.34 313.81 13.19 0.00
0.00 2703.60
692.70 -8.26 -9.09 -10.74 301.72 320.66 15.33 0.00
0.00 3122.45
651.60 -10.96 -11.70 -13.36 302.92 318.70 19.13 0.10
2.00 3594.95
607.80 -13.96 -14.75 -16.84 304.24 313.10 20.75 0.10
2.00 4126.55
561.50 -16.56 -17.32 -19.57 307.36 314.27 21.43 0.10
5.00 4725.24
516.50 -17.86 -18.59 -20.78 313.11 321.57 22.80 0.10
7.00 5351.62
475.90 -18.46 -19.09 -20.87 320.15 340.46 31.95 0.10
21.00 5963.22
439.40 -20.26 -20.71 -22.00 325.14 346.12 51.83 0.00
100.00 6556.56
406.50 -22.06 -23.18 -27.16 328.46 344.63 52.78 0.00
19.00 7131.05
376.60 -25.66 -27.06 -34.27 329.28 344.95 42.64 0.10
0.00 7688.82
349.60 -30.06 -31.30 -40.53 329.49 359.26 45.07 0.20
0.00 8223.11
325.20 -34.86 -35.46 -40.64 329.80 1.71 58.68 0.20
0.00 8732.94
303.20 -38.96 -39.34 -43.47 330.42 349.98 65.89 0.00
2.00 9217.41
283.30 -42.96 -43.16 -45.97 330.95 345.32 75.10 -0.10
100.00 9678.87
265.40 -46.66 -46.82 -49.96 331.48 345.38 78.50 -0.10
100.00 10115.17
248.60 -49.96 -50.11 -53.97 332.62 346.93 78.17 -0.10
82.00 10545.57
233.50 -52.96 -53.09 -57.41 333.95 346.06 80.65 -0.10
79.00 10952.23
219.60 -55.96 -56.06 -60.55 335.15 343.80 84.96 -0.20
83.00 11345.12
205.70 -59.46 -59.51 -62.77 335.92 343.19 84.62 -0.10
100.00 11757.49
191.70 -63.26 -63.29 -65.45 336.62 346.21 78.21 -0.10
100.00 12194.48
177.70 -67.46 -67.47 -68.92 337.06 349.63 78.79 0.00
0.00 12655.73
163.80 -70.46 -70.48 -74.24 339.92 350.33 77.45 0.00
0.00 13142.56
149.80 -69.06 -69.09 -74.84 351.12 347.06 58.99 0.10
0.00 13674.48
135.90 -66.66 -66.73 -75.48 365.27 331.91 45.80 0.00
0.00 14259.67
121.90 -64.26 -9999.00 -9999.00 -9999.00 334.72 38.68 0.00
0.00 14920.61
108.00 -62.66 -9999.00 -9999.00 -9999.00 331.28 25.47 0.00
0.00 15663.72
94.00 -60.86 -9999.00 -9999.00 -9999.00 310.54 21.21 0.00
0.00 16522.80
81.00 -60.86 -9999.00 -9999.00 -9999.00 301.76 19.19 0.00
0.00 17447.73
70.60 -60.36 -9999.00 -9999.00 -9999.00 302.56 19.13 0.00
0.00 18302.66
62.20 -59.16 -9999.00 -9999.00 -9999.00 294.62 10.26 0.00
0.00 19093.90
54.30 -59.36 -9999.00 -9999.00 -9999.00 231.77 8.16 0.00
0.00 19944.32
46.90 -58.26 -9999.00 -9999.00 -9999.00 234.12 11.27 0.00
0.00 20863.51
40.10 -56.96 -9999.00 -9999.00 -9999.00 197.74 5.09 0.00
0.00 21851.78
33.80 -56.36 -9999.00 -9999.00 -9999.00 182.54 8.74 0.00
0.00 22934.87
27.80 -55.46 -9999.00 -9999.00 -9999.00 101.31 2.97 0.00
0.00 24177.56
22.30 -55.46 -9999.00 -9999.00 -9999.00 59.74 5.40 0.00
0.00 25582.28
17.10 -54.76 -9999.00 -9999.00 -9999.00 335.38 5.13 0.00
0.00 27276.85
12.30 -52.66 -9999.00 -9999.00 -9999.00 291.57 8.97 0.00
0.00 29393.20

STID = KPDT STNM = 726880 TIME = 221027/0800 
SLAT = 45.68 SLON = -118.85 SELV = 411.0
STIM = 20

SHOW = 13.09 LIFT = 13.95 SWET = 74.49 KINX = 13.58
LCLP = 918.26 PWAT = 15.01 TOTL = 33.00 CAPE = 0.00
LCLT = 274.48 CINS = 0.00 EQLV = -9999.00 LFCT = -9999.00
BRCH = 0.00

PRES TMPC TMWC DWPC THTE DRCT SKNT OMEG
CFRL HGHT
971.00 5.74 4.08 2.11 294.23 202.62 5.05 0.00
0.00 420.27
968.10 6.94 4.31 1.16 294.99 215.94 9.60 -0.10
0.00 444.81
962.80 7.44 4.28 0.43 295.44 224.38 12.78 -0.20
0.00 489.97
953.70 7.54 4.11 -0.11 296.03 240.42 16.53 -0.40
0.00 568.17
940.20 6.94 3.66 -0.41 296.53 253.58 19.23 -0.60
0.00 685.46
923.00 5.84 2.99 -0.59 296.98 262.18 20.01 -0.70
0.00 836.90
902.40 4.14 2.01 -0.70 297.24 269.49 21.76 -0.80
0.00 1021.12
879.90 2.54 0.93 -1.18 297.56 277.81 24.32 -0.90
0.00 1225.97
855.70 1.14 -0.28 -2.22 297.89 287.21 22.98 -0.80
0.00 1450.98
828.60 -0.86 -1.82 -3.23 298.01 289.05 17.27 -0.60
0.00 1709.01
798.70 -2.66 -3.92 -5.97 297.57 275.64 15.81 -0.30
0.00 2001.56
766.10 -3.86 -6.01 -10.11 297.67 281.59 15.46 -0.10
0.00 2331.32
730.70 -5.86 -7.31 -10.07 299.84 300.96 12.45 -0.10
0.00 2703.39
692.50 -8.66 -9.17 -10.19 301.61 307.52 13.71 0.00
2.00 3121.93
651.40 -11.16 -11.79 -13.19 302.80 304.99 16.59 0.10
7.00 3594.05
607.60 -13.66 -14.61 -17.13 304.50 304.51 18.86 0.20
1.00 4125.92
561.30 -15.66 -16.67 -19.58 308.47 313.13 21.02 0.10
0.00 4726.20
516.40 -16.76 -17.54 -19.70 314.93 329.51 24.13 0.00
2.00 5353.83
475.80 -18.26 -18.58 -19.44 321.07 345.58 42.11 -0.10
100.00 5967.17
439.30 -18.86 -19.84 -22.63 326.69 341.02 51.96 -0.10
57.00 6562.54
406.40 -21.26 -23.07 -30.32 328.62 341.80 44.17 0.00
0.00 7139.62
376.50 -25.46 -27.21 -37.40 329.02 352.27 39.01 0.10
0.00 7698.58
349.60 -30.76 -31.58 -36.99 329.06 354.22 48.23 0.00
0.00 8230.42
325.20 -35.16 -35.61 -39.32 329.57 345.03 54.90 -0.10
3.00 8739.22
303.20 -39.36 -39.61 -42.18 330.01 341.84 64.20 -0.20
100.00 9222.99
283.30 -43.06 -43.30 -46.83 330.73 339.77 72.46 -0.20
93.00 9683.95
265.40 -46.36 -46.64 -52.62 331.77 339.27 75.19 -0.10
64.00 10120.43
248.60 -49.76 -49.97 -55.81 332.83 344.01 74.77 -0.10
0.00 10551.31
233.50 -52.96 -53.09 -57.41 333.95 346.24 78.40 0.00
12.00 10958.14
219.60 -56.26 -56.35 -60.55 334.68 344.47 81.25 0.00
38.00 11350.76
205.70 -59.66 -59.74 -64.93 335.56 341.91 81.95 0.00
36.00 11762.65
191.70 -63.16 -63.21 -68.39 336.73 342.86 79.08 0.00
73.00 12199.53
177.70 -66.86 -66.88 -68.92 338.04 347.62 73.39 0.00
0.00 12661.57
163.80 -70.06 -70.08 -74.24 340.59 349.81 68.08 0.00
0.00 13149.59
149.80 -70.26 -70.29 -74.84 349.05 344.37 57.69 0.00
0.00 13680.46
135.90 -67.66 -67.72 -75.48 363.50 331.09 44.60 0.00
0.00 14262.51
121.90 -65.36 -9999.00 -9999.00 -9999.00 333.07 41.18 0.00
0.00 14920.11
108.00 -63.06 -9999.00 -9999.00 -9999.00 327.26 22.63 0.00
0.00 15660.57
94.00 -62.36 -9999.00 -9999.00 -9999.00 310.60 21.48 0.00
0.00 16515.78
81.00 -60.76 -9999.00 -9999.00 -9999.00 294.74 21.81 0.00
0.00 17437.66
70.60 -60.56 -9999.00 -9999.00 -9999.00 297.35 19.02 0.00
0.00 18292.39
62.20 -59.36 -9999.00 -9999.00 -9999.00 284.28 11.03 0.00
0.00 19082.89
54.30 -59.26 -9999.00 -9999.00 -9999.00 231.20 12.70 0.00
0.00 19933.11
46.90 -57.76 -9999.00 -9999.00 -9999.00 245.28 13.48 0.00
0.00 20853.58
40.10 -56.46 -9999.00 -9999.00 -9999.00 218.85 8.97 0.00
0.00 21844.15
33.80 -56.66 -9999.00 -9999.00 -9999.00 231.34 8.70 0.00
0.00 22927.74
27.80 -55.96 -9999.00 -9999.00 -9999.00 129.81 1.52 0.00
0.00 24168.14
22.30 -56.46 -9999.00 -9999.00 -9999.00 81.12 6.29 0.00
0.00 25568.02
17.10 -55.46 -9999.00 -9999.00 -9999.00 22.25 4.62 0.00
0.00 27255.98
12.30 -52.86 -9999.00 -9999.00 -9999.00 313.03 7.96 0.00
0.00 29367.99

STID = KPDT STNM = 726880 TIME = 221027/0900 
SLAT = 45.68 SLON = -118.85 SELV = 411.0
STIM = 21

SHOW = 13.70 LIFT = 14.81 SWET = 79.17 KINX = 14.11
LCLP = 916.69 PWAT = 15.92 TOTL = 31.68 CAPE = 0.00
LCLT = 274.48 CINS = 0.00 EQLV = -9999.00 LFCT = -9999.00
BRCH = 0.00

PRES TMPC TMWC DWPC THTE DRCT SKNT OMEG
CFRL HGHT
971.70 5.94 4.20 2.15 294.41 193.39 4.20 0.00
0.00 420.27
968.80 7.14 4.46 1.27 295.22 214.78 8.51 -0.10
0.00 444.81
963.50 7.54 4.42 0.67 295.68 225.00 11.81 -0.20
0.00 489.96
954.40 7.54 4.25 0.27 296.27 239.04 15.85 -0.40
0.00 568.13
940.90 6.84 3.81 0.11 296.77 252.30 19.17 -0.60
0.00 685.32
923.60 5.84 3.16 -0.14 297.29 261.47 19.64 -0.80
0.00 837.52
903.00 4.34 2.19 -0.52 297.54 267.80 20.22 -0.90
0.00 1021.69
880.60 2.64 1.10 -0.90 297.82 274.40 22.79 -1.00
0.00 1225.60
856.20 1.14 0.06 -1.38 298.51 284.96 23.33 -1.10
0.00 1452.38
829.10 -0.66 -1.44 -2.54 298.71 293.43 19.06 -0.80
0.00 1710.38
799.20 -2.66 -3.38 -4.50 298.53 282.14 15.70 -0.50
2.00 2002.91
766.60 -4.26 -5.30 -7.07 298.94 276.87 16.24 -0.20
0.00 2332.31
731.10 -6.16 -7.05 -8.68 300.26 285.04 13.48 -0.20
0.00 2704.82
692.80 -8.86 -9.19 -9.84 301.55 288.43 12.28 -0.10
17.00 3123.90
651.80 -11.26 -11.77 -12.90 302.78 291.52 14.82 0.00
16.00 3594.38
607.90 -13.16 -14.24 -17.05 305.08 298.66 19.04 0.10
0.00 4127.58
561.60 -14.46 -15.44 -17.99 310.52 317.20 21.45 0.10
0.00 4729.57
516.50 -15.86 -16.42 -17.82 316.88 337.23 27.60 0.00
22.00 5362.43
475.90 -16.96 -17.52 -18.91 322.95 343.51 45.18 0.00
84.00 5978.36
439.40 -17.96 -19.52 -24.15 327.23 336.90 46.04 0.10
1.00 6576.15
406.50 -21.26 -23.26 -31.79 328.25 337.82 38.60 0.10
0.00 7154.07
376.60 -26.06 -27.48 -35.22 328.56 345.96 36.03 0.00
0.00 7712.21
349.60 -31.26 -31.90 -35.96 328.56 339.44 43.14 -0.10
0.00 8244.78
325.20 -35.56 -35.92 -38.83 329.09 335.85 49.38 -0.20
79.00 8752.64
303.20 -39.06 -39.47 -44.18 330.20 337.98 56.99 -0.20
38.00 9236.30
283.30 -42.46 -42.77 -47.29 331.55 331.58 69.79 -0.20
14.00 9698.15
265.40 -46.26 -46.50 -51.19 331.99 332.67 71.93 -0.20
7.00 10135.29
248.60 -49.96 -50.16 -55.81 332.54 338.60 71.35 -0.10
4.00 10566.08
233.50 -53.46 -53.59 -58.64 333.15 342.37 74.40 -0.10
4.00 10972.27
219.60 -56.66 -56.77 -62.27 334.02 341.43 78.07 -0.10
28.00 11364.08
205.60 -60.06 -60.13 -64.93 334.98 338.97 80.13 -0.10
24.00 11778.26
191.70 -63.46 -63.51 -68.39 336.25 339.20 78.75 -0.10
8.00 12211.41
177.70 -66.26 -66.31 -73.70 338.98 344.88 70.03 -0.10
0.00 12673.78
163.80 -68.86 -68.89 -74.24 342.60 347.07 60.78 -0.10
0.00 13163.94
149.80 -70.36 -70.38 -74.84 348.88 338.99 54.72 -0.10
0.00 13696.25
135.90 -68.26 -68.31 -75.48 362.44 331.96 47.11 0.00
0.00 14277.30
121.90 -66.76 -9999.00 -9999.00 -9999.00 330.03 42.39 0.00
0.00 14931.72
108.00 -63.66 -9999.00 -9999.00 -9999.00 330.20 26.18 0.00
0.00 15668.64
94.00 -63.16 -9999.00 -9999.00 -9999.00 303.69 18.20 0.00
0.00 16521.01
81.00 -60.56 -9999.00 -9999.00 -9999.00 292.38 25.00 0.00
0.00 17441.58
70.60 -59.86 -9999.00 -9999.00 -9999.00 301.49 18.22 0.00
0.00 18298.12
62.20 -58.96 -9999.00 -9999.00 -9999.00 280.56 11.65 0.00
0.00 19090.66
54.30 -59.06 -9999.00 -9999.00 -9999.00 240.95 16.01 0.00
0.00 19942.07
46.90 -58.16 -9999.00 -9999.00 -9999.00 252.07 13.89 0.00
0.00 20862.12
40.10 -57.36 -9999.00 -9999.00 -9999.00 227.29 10.31 0.00
0.00 21849.71
33.80 -56.96 -9999.00 -9999.00 -9999.00 251.57 7.98 0.00
0.00 22930.29
27.80 -56.06 -9999.00 -9999.00 -9999.00 140.44 5.79 0.00
0.00 24169.55
22.30 -56.66 -9999.00 -9999.00 -9999.00 106.46 8.92 0.00
0.00 25568.46
17.10 -54.66 -9999.00 -9999.00 -9999.00 48.37 4.68 0.00
0.00 27258.75
12.30 -52.56 -9999.00 -9999.00 -9999.00 324.93 11.15 0.00
0.00 29376.06
STN YYMMDD/HHMM PMSL PRES SKTC STC1 SNFL WTNS
P01M C01M STC2 LCLD MCLD HCLD
SNRA UWND VWND R01M BFGR T2MS
Q2MS WXTS WXTP WXTZ WXTR USTM
VSTM HLCY SLLH WSYM CDBP VSBK
TD2M
726880 221026/1200 1013.10 964.30 5.94 279.10 -9999.00 23.00
-9999.00 -9999.00 279.60 33.00 0.00 0.00
-9999.00 4.10 1.20 -9999.00 -9999.00 6.84
4.53 0.00 0.00 0.00 0.00 5.50
-3.10 135.80 -9999.00 999.00 -9999.00 20.00
1.77
726880 221026/1300 1013.20 964.10 4.84 278.00 0.00 22.00
0.00 0.00 278.60 100.00 6.00 0.00
-9999.00 4.50 1.10 -9999.00 -9999.00 5.34
4.83 0.00 0.00 0.00 0.00 4.90
-2.20 178.50 0.01 999.00 -9999.00 0.03
2.66
726880 221026/1400 1014.50 965.40 5.14 278.30 0.00 22.00
0.02 0.00 278.80 79.00 100.00 0.00
-9999.00 6.20 0.00 -9999.00 -9999.00 5.54
4.92 0.00 0.00 0.00 1.00 3.80
-4.60 145.30 0.00 60.00 -9999.00 0.00
2.94
726880 221026/1500 1014.30 965.00 5.24 278.40 0.00 25.00
0.60 0.00 278.70 100.00 65.00 0.00
-9999.00 6.20 -1.20 -9999.00 -9999.00 5.34
5.20 0.00 0.00 0.00 1.00 -0.30
-6.50 113.30 0.00 60.00 793.20 0.00
3.71
726880 221026/1600 1015.80 966.60 6.24 279.40 0.00 25.00
0.35 0.00 279.50 100.00 27.00 0.00
-9999.00 6.00 -0.70 -9999.00 -9999.00 6.24
5.34 0.00 0.00 0.00 1.00 -0.40
-6.80 168.10 0.00 60.00 762.10 0.00
4.11
726880 221026/1700 1018.60 969.40 6.54 279.70 0.00 27.00
1.17 0.00 279.80 100.00 100.00 0.00
-9999.00 6.00 -1.60 -9999.00 -9999.00 6.44
5.49 0.00 0.00 0.00 1.00 -0.80
-6.20 139.50 0.00 60.00 -9999.00 0.00
4.54
726880 221026/1800 1017.90 968.70 6.94 280.10 0.90 26.00
0.47 0.00 280.10 100.00 88.00 0.00
-9999.00 5.90 -1.00 -9999.00 -9999.00 6.74
5.35 0.00 0.00 0.00 1.00 -1.90
-6.10 110.10 0.01 60.00 -9999.00 0.00
4.16
726880 221026/1900 1019.00 970.00 8.54 281.70 0.00 25.00
0.04 0.00 281.50 83.00 38.00 0.00
-9999.00 5.40 0.60 -9999.00 -9999.00 8.04
5.16 0.00 0.00 0.00 1.00 -1.80
-4.30 75.10 0.01 60.00 -9999.00 0.00
3.67
726880 221026/2000 1017.20 968.50 10.54 283.70 0.00 24.00
0.00 0.00 283.30 33.00 0.00 0.00
-9999.00 4.70 1.10 -9999.00 -9999.00 9.24
4.86 0.00 0.00 0.00 0.00 -2.40
-4.50 45.90 0.02 999.00 -9999.00 0.18
2.81
726880 221026/2100 1017.10 968.40 11.04 284.20 0.00 23.00
0.00 0.00 283.90 5.00 26.00 0.00
-9999.00 4.60 0.80 -9999.00 -9999.00 9.94
4.74 0.00 0.00 0.00 0.00 -2.70
-5.50 53.30 0.00 999.00 -9999.00 20.00
2.46
726880 221026/2200 1017.60 969.00 10.74 283.90 0.00 22.00
0.00 0.00 283.80 0.00 50.00 0.00
-9999.00 4.70 0.70 -9999.00 -9999.00 10.34
4.80 0.00 0.00 0.00 0.00 -1.60
-2.30 67.70 -0.01 999.00 -9999.00 20.00
2.64
726880 221026/2300 1018.20 969.60 10.24 283.40 0.00 22.00
0.00 0.00 283.40 0.00 68.00 0.00
-9999.00 3.50 0.40 -9999.00 -9999.00 10.24
4.99 0.00 0.00 0.00 0.00 -0.70
-1.70 52.30 -0.02 999.00 -9999.00 20.00
3.20
726880 221027/0000 1018.50 969.80 9.04 282.20 0.00 22.00
0.00 0.00 282.50 0.00 100.00 0.00
-9999.00 1.40 0.90 -9999.00 -9999.00 9.34
5.69 0.00 0.00 0.00 0.00 0.20
-2.10 49.30 -0.02 999.00 -9999.00 20.00
5.05
726880 221027/0100 1018.70 969.80 6.74 279.90 0.00 23.00
0.00 0.00 280.50 0.00 100.00 0.00
-9999.00 1.30 1.90 -9999.00 -9999.00 7.64
5.52 0.00 0.00 0.00 0.00 0.80
-4.90 64.80 0.00 999.00 -9999.00 20.00
4.62
726880 221027/0200 1020.40 971.30 5.74 278.90 0.00 23.00
0.00 0.00 279.50 0.00 100.00 0.00
-9999.00 1.60 1.90 -9999.00 -9999.00 6.54
5.16 0.00 0.00 0.00 0.00 1.40
-3.30 70.40 0.00 999.00 -9999.00 20.00
3.69
726880 221027/0300 1020.40 971.10 5.34 278.50 0.00 23.00
0.00 0.00 278.90 0.00 92.00 0.00
-9999.00 1.50 1.80 -9999.00 -9999.00 5.94
5.01 0.00 0.00 0.00 0.00 1.50
-2.10 76.10 0.00 999.00 -9999.00 20.00
3.27
726880 221027/0400 1021.00 971.70 5.24 278.40 0.00 23.00
0.00 0.00 278.80 0.00 100.00 0.00
-9999.00 1.10 2.00 -9999.00 -9999.00 5.74
4.97 0.00 0.00 0.00 0.00 0.90
-3.30 106.30 0.00 999.00 -9999.00 20.00
3.17
726880 221027/0500 1021.40 972.00 4.94 278.10 0.00 23.00
0.00 0.00 278.50 0.00 100.00 0.00
-9999.00 0.90 2.20 -9999.00 -9999.00 5.44
4.97 0.00 0.00 0.00 0.00 0.70
-4.50 131.70 0.00 999.00 -9999.00 20.00
3.17
726880 221027/0600 1022.20 972.70 4.64 277.80 0.00 23.00
0.00 0.00 278.20 2.00 100.00 0.00
-9999.00 0.60 2.40 -9999.00 -9999.00 5.14
4.93 0.00 0.00 0.00 0.00 0.70
-3.80 148.20 0.00 999.00 -9999.00 20.00
3.07
726880 221027/0700 1022.00 972.40 4.24 277.40 0.00 23.00
0.00 0.00 277.70 2.00 100.00 0.00
-9999.00 0.40 2.50 -9999.00 -9999.00 4.74
4.82 0.00 0.00 0.00 0.00 0.10
-3.80 141.90 0.00 999.00 -9999.00 20.00
2.75
726880 221027/0800 1021.60 972.10 4.04 277.20 0.00 23.00
0.00 0.00 277.60 7.00 100.00 0.00
-9999.00 0.50 2.30 -9999.00 -9999.00 4.64
4.77 0.00 0.00 0.00 0.00 0.30
-4.00 131.20 0.00 999.00 -9999.00 20.00
2.60
726880 221027/0900 1022.40 972.80 4.14 277.30 0.00 23.00
0.00 0.00 277.60 17.00 84.00 0.00
-9999.00 0.10 2.10 -9999.00 -9999.00 4.74
4.79 0.00 0.00 0.00 0.00 0.40
-4.30 113.70 0.00 999.00 -9999.00 20.00
2.67


