
SNPARM = PRES;TMPC;TMWC;DWPC;THTE;DRCT;SKNT;OMEG;CFRL;HGHT 
STNPRM = SHOW;LIFT;SWET;KINX;LCLP;PWAT;TOTL;CAPE;LCLT;CINS;EQLV;LFCT;BRCH 

STID = KEPZ STNM = 723640 TIME = 221026/1200 
SLAT = 31.87 SLON = -106.70 SELV = 1195.0
STIM = 0

SHOW = 12.41 LIFT = 12.62 SWET = 57.20 KINX = 2.44
LCLP = 762.01 PWAT = 8.37 TOTL = 28.85 CAPE = 0.00
LCLT = 268.31 CINS = 0.00 EQLV = -9999.00 LFCT = -9999.00
BRCH = 0.00

PRES TMPC TMWC DWPC THTE DRCT SKNT OMEG
CFRL HGHT
880.20 6.44 2.38 -2.91 300.43 158.20 1.05 0.20
0.00 1205.24
877.60 7.84 3.17 -2.72 302.38 251.57 1.85 0.00
0.00 1229.57
872.80 9.64 4.14 -2.49 305.05 270.00 4.27 -0.20
0.00 1274.92
864.60 11.44 4.88 -2.81 307.69 261.38 6.49 -0.40
0.00 1353.48
852.50 12.34 4.79 -4.40 308.88 252.47 7.73 -0.50
0.00 1471.31
837.20 12.24 3.99 -6.93 308.84 251.57 8.61 -0.50
0.00 1622.90
819.10 11.54 3.05 -9.04 308.93 257.83 10.14 -0.60
0.00 1805.55
799.50 10.34 2.35 -9.03 309.95 266.53 12.84 -0.60
0.00 2007.24
778.40 8.94 2.11 -6.82 312.39 272.73 16.34 -0.70
0.00 2229.00
755.10 7.34 1.40 -6.16 314.08 272.41 18.47 -0.70
0.00 2479.69
729.60 5.94 0.08 -7.88 314.70 266.63 19.85 -0.70
0.00 2761.57
702.00 4.74 -1.47 -10.88 315.23 261.21 21.62 -0.70
0.00 3076.43
672.10 3.24 -3.22 -14.34 315.90 259.53 23.50 -0.60
0.00 3429.98
640.00 1.54 -5.24 -19.15 316.58 261.56 25.14 -0.60
0.00 3825.08
605.70 0.54 -6.76 -24.53 318.95 265.34 26.30 -0.50
0.00 4267.47
568.80 -2.16 -8.50 -23.67 321.97 268.55 30.71 -0.50
0.00 4768.83
529.70 -6.76 -11.78 -25.28 322.78 268.02 39.26 -0.40
0.00 5329.28
491.30 -11.86 -15.78 -28.88 322.76 264.71 42.13 -0.30
0.00 5910.77
456.30 -16.26 -19.63 -34.77 323.11 260.68 39.57 -0.20
0.00 6471.46
424.40 -20.16 -23.17 -42.68 324.02 259.00 35.63 -0.20
0.00 7012.40
395.10 -24.16 -26.65 -48.43 325.14 259.19 35.20 -0.10
0.00 7538.02
368.20 -28.06 -30.01 -50.64 326.48 257.75 39.36 -0.10
0.00 8047.95
343.60 -31.46 -33.03 -53.13 328.30 256.66 42.93 -0.10
0.00 8540.61
321.00 -34.26 -35.61 -57.55 330.74 258.51 48.76 -0.10
0.00 9019.18
300.30 -37.26 -38.33 -58.09 332.86 261.04 54.86 -0.10
0.00 9482.39
281.50 -40.26 -41.10 -58.60 334.76 261.95 61.01 -0.10
0.00 9925.96
264.30 -43.16 -43.83 -60.85 336.56 261.47 66.78 -0.10
0.00 10353.09
248.10 -46.16 -46.68 -63.53 338.18 261.69 69.89 0.00
0.00 10776.15
233.20 -48.56 -48.98 -63.99 340.58 261.87 71.43 0.00
0.00 11185.50
219.50 -50.86 -51.22 -67.42 342.93 261.36 73.68 0.00
0.00 11581.49
205.60 -53.56 -53.83 -67.89 345.15 262.41 76.44 0.00
0.00 12004.58
191.70 -56.26 -56.48 -73.19 347.75 263.48 75.27 0.00
0.00 12451.76
177.70 -58.66 -58.84 -73.70 351.43 263.97 70.32 -0.10
0.00 12930.55
163.80 -61.56 -61.69 -74.24 354.85 264.27 66.18 -0.10
0.00 13438.48
149.80 -64.96 -9999.00 -9999.00 -9999.00 267.16 62.82 -0.10
0.00 13987.40
135.90 -68.16 -9999.00 -9999.00 -9999.00 267.69 57.93 -0.10
0.00 14576.28
121.90 -70.26 -9999.00 -9999.00 -9999.00 264.39 53.67 0.00
0.00 15225.29
107.90 -71.06 -9999.00 -9999.00 -9999.00 261.68 49.67 0.00
0.00 15948.38
94.00 -70.26 -9999.00 -9999.00 -9999.00 261.94 45.71 0.00
0.00 16765.79
81.00 -68.76 -9999.00 -9999.00 -9999.00 261.04 36.19 0.00
0.00 17653.04
70.60 -66.56 -9999.00 -9999.00 -9999.00 255.96 29.64 0.00
0.00 18479.61
62.20 -63.76 -9999.00 -9999.00 -9999.00 268.42 21.17 0.00
0.00 19250.83
54.30 -61.96 -9999.00 -9999.00 -9999.00 267.55 13.62 0.00
0.00 20086.93
46.90 -59.66 -9999.00 -9999.00 -9999.00 242.74 7.21 0.00
0.00 20997.54
40.10 -58.76 -9999.00 -9999.00 -9999.00 222.51 12.65 0.00
0.00 21978.48
33.80 -56.26 -9999.00 -9999.00 -9999.00 248.88 9.17 0.00
0.00 23057.32
27.80 -55.16 -9999.00 -9999.00 -9999.00 302.01 1.83 0.00
0.00 24301.15
22.30 -54.96 -9999.00 -9999.00 -9999.00 302.01 7.32 0.00
0.00 25708.45
17.10 -53.26 -9999.00 -9999.00 -9999.00 288.07 19.41 0.00
0.00 27410.79
12.30 -47.96 -9999.00 -9999.00 -9999.00 295.80 32.58 0.00
0.00 29557.04

STID = KEPZ STNM = 723640 TIME = 221026/1300 
SLAT = 31.87 SLON = -106.70 SELV = 1195.0
STIM = 1

SHOW = 12.23 LIFT = 12.21 SWET = 58.36 KINX = 3.90
LCLP = 762.42 PWAT = 8.85 TOTL = 29.36 CAPE = 0.00
LCLT = 268.21 CINS = 0.00 EQLV = -9999.00 LFCT = -9999.00
BRCH = 0.00

PRES TMPC TMWC DWPC THTE DRCT SKNT OMEG
CFRL HGHT
880.70 6.34 2.30 -3.01 300.19 195.95 2.84 0.20
0.00 1205.23
878.10 7.94 3.16 -2.90 302.30 207.90 3.73 0.00
0.00 1229.54
873.30 9.44 3.97 -2.71 304.60 231.71 4.70 -0.20
0.00 1274.86
865.10 11.04 4.70 -2.80 307.21 244.23 6.25 -0.40
0.00 1353.29
853.00 12.04 4.78 -3.95 308.82 242.82 8.08 -0.50
0.00 1470.92
837.70 12.14 4.11 -6.27 309.09 244.49 9.48 -0.60
0.00 1622.32
819.50 11.54 3.21 -8.35 309.28 252.82 11.19 -0.60
0.00 1805.86
799.90 10.24 2.79 -7.06 311.00 262.67 13.71 -0.70
0.00 2007.45
778.80 8.74 2.56 -4.96 313.47 267.95 16.34 -0.70
0.00 2229.03
755.50 7.24 1.82 -4.71 315.04 267.56 18.28 -0.70
0.00 2479.53
730.00 5.74 0.32 -6.72 315.24 264.40 19.91 -0.70
0.00 2761.15
702.30 4.44 -1.41 -10.01 315.37 262.30 21.76 -0.70
0.00 3076.76
672.40 2.94 -3.25 -13.70 315.83 262.82 23.29 -0.70
0.00 3429.80
640.30 1.34 -5.23 -18.45 316.57 263.81 25.21 -0.70
0.00 3824.39
605.90 0.24 -6.80 -23.42 318.87 264.25 27.14 -0.60
0.00 4267.51
569.00 -2.56 -8.80 -24.13 321.33 266.93 32.67 -0.50
0.00 4768.06
529.80 -7.16 -12.12 -26.01 322.07 267.21 39.86 -0.50
0.00 5328.94
491.40 -11.96 -15.94 -29.64 322.44 263.66 42.21 -0.30
0.00 5909.74
456.40 -16.26 -19.68 -35.48 322.98 259.85 39.67 -0.20
0.00 6470.19
424.40 -20.16 -23.23 -44.12 323.91 257.30 36.25 -0.10
0.00 7012.76
395.20 -24.16 -26.65 -48.42 325.11 257.44 36.62 -0.10
0.00 7536.52
368.20 -28.06 -29.99 -49.81 326.52 258.10 40.50 -0.10
0.00 8048.27
343.60 -31.16 -32.77 -53.13 328.70 257.97 45.69 -0.10
0.00 8541.24
321.00 -34.26 -35.58 -56.08 330.78 260.19 52.43 -0.10
0.00 9020.11
300.30 -37.46 -38.51 -58.09 332.58 262.14 58.24 0.00
0.00 9483.13
281.50 -40.26 -41.10 -58.60 334.76 262.19 64.32 0.00
0.00 9926.51
264.30 -43.16 -43.83 -60.85 336.56 262.37 68.78 0.00
0.00 10353.64
248.10 -45.96 -46.50 -63.53 338.48 262.95 71.25 0.00
0.00 10776.88
233.20 -48.36 -48.79 -63.99 340.88 262.28 72.34 0.00
0.00 11186.60
219.50 -50.76 -51.12 -67.42 343.08 261.72 74.20 0.00
0.00 11582.85
205.60 -53.56 -53.83 -67.89 345.15 263.09 75.91 0.00
0.00 12006.04
191.70 -56.26 -56.48 -73.19 347.75 264.32 74.57 0.00
0.00 12453.22
177.70 -58.76 -58.93 -73.70 351.27 265.08 70.18 0.00
0.00 12931.90
163.80 -61.56 -61.69 -74.24 354.85 266.08 65.42 0.00
0.00 13439.71
149.80 -64.76 -9999.00 -9999.00 -9999.00 268.35 60.63 0.00
0.00 13988.88
135.90 -67.96 -9999.00 -9999.00 -9999.00 268.59 55.38 0.00
0.00 14578.34
121.90 -70.16 -9999.00 -9999.00 -9999.00 264.88 52.27 0.00
0.00 15227.82
107.90 -70.86 -9999.00 -9999.00 -9999.00 264.13 49.40 0.00
0.00 15951.45
94.00 -69.86 -9999.00 -9999.00 -9999.00 263.22 44.41 0.00
0.00 16770.08
81.00 -68.46 -9999.00 -9999.00 -9999.00 262.04 36.48 0.00
0.00 17658.84
70.60 -66.46 -9999.00 -9999.00 -9999.00 258.47 29.14 0.00
0.00 18486.22
62.20 -63.56 -9999.00 -9999.00 -9999.00 272.22 20.03 0.00
0.00 19258.00
54.30 -62.06 -9999.00 -9999.00 -9999.00 268.94 10.49 0.00
0.00 20094.30
46.90 -60.06 -9999.00 -9999.00 -9999.00 230.91 8.00 0.00
0.00 21003.84
40.10 -58.86 -9999.00 -9999.00 -9999.00 222.32 14.70 0.00
0.00 21983.63
33.80 -56.56 -9999.00 -9999.00 -9999.00 256.24 9.79 0.00
0.00 23061.46
27.80 -55.46 -9999.00 -9999.00 -9999.00 288.43 3.07 0.00
0.00 24303.58
22.30 -54.76 -9999.00 -9999.00 -9999.00 287.28 9.15 0.00
0.00 25710.56
17.10 -53.66 -9999.00 -9999.00 -9999.00 290.74 21.39 0.00
0.00 27412.12
12.30 -49.06 -9999.00 -9999.00 -9999.00 290.37 27.35 0.00
0.00 29551.13

STID = KEPZ STNM = 723640 TIME = 221026/1400 
SLAT = 31.87 SLON = -106.70 SELV = 1195.0
STIM = 2

SHOW = 12.12 LIFT = 11.79 SWET = 60.65 KINX = 4.62
LCLP = 766.20 PWAT = 9.25 TOTL = 29.70 CAPE = 0.00
LCLT = 268.34 CINS = 0.00 EQLV = -9999.00 LFCT = -9999.00
BRCH = 0.00

PRES TMPC TMWC DWPC THTE DRCT SKNT OMEG
CFRL HGHT
881.30 6.14 2.22 -2.93 299.97 212.01 3.67 0.20
0.00 1205.22
878.80 7.64 3.06 -2.74 302.01 208.44 5.30 0.00
0.00 1228.56
874.00 9.04 3.83 -2.51 304.24 220.03 6.33 -0.20
0.00 1273.78
865.70 10.54 4.54 -2.53 306.80 237.17 7.17 -0.40
0.00 1352.98
853.70 11.74 4.79 -3.43 308.80 241.70 8.61 -0.60
0.00 1469.39
838.30 12.04 4.22 -5.68 309.30 245.82 10.43 -0.70
0.00 1621.58
820.20 11.44 3.61 -6.55 310.20 254.43 12.30 -0.70
0.00 1803.93
800.50 10.14 3.44 -4.63 312.53 263.07 14.47 -0.80
0.00 2006.37
779.40 8.74 3.04 -3.51 314.56 266.67 16.72 -0.80
0.00 2227.81
756.00 7.14 1.95 -4.16 315.31 266.42 18.69 -0.70
0.00 2479.19
730.50 5.74 0.40 -6.47 315.36 266.15 20.24 -0.70
0.00 2760.60
702.70 4.24 -1.43 -9.71 315.28 265.91 21.81 -0.70
0.00 3077.04
672.80 2.64 -3.40 -13.63 315.46 265.71 23.37 -0.70
0.00 3429.57
640.70 1.24 -5.30 -18.53 316.37 263.99 25.97 -0.70
0.00 3823.63
606.20 -0.06 -6.91 -22.85 318.64 262.68 28.98 -0.60
0.00 4267.47
569.30 -3.06 -9.14 -24.48 320.58 264.78 34.13 -0.60
0.00 4767.03
530.10 -7.36 -12.31 -26.52 321.64 265.05 40.56 -0.50
0.00 5326.86
491.60 -11.96 -15.95 -29.80 322.37 261.72 43.18 -0.30
0.00 5908.67
456.50 -16.06 -19.57 -35.98 323.14 258.26 41.06 -0.20
0.00 6470.75
424.50 -20.06 -23.13 -43.61 324.05 256.59 38.54 -0.20
0.00 7013.51
395.30 -24.26 -26.71 -47.71 325.00 258.30 39.28 -0.20
0.00 7537.15
368.30 -28.06 -29.96 -49.04 326.53 259.86 43.03 -0.20
0.00 8048.67
343.60 -31.36 -32.94 -53.13 328.43 260.73 48.21 -0.20
0.00 8543.37
321.00 -34.66 -35.93 -56.08 330.23 262.34 53.90 -0.20
0.00 9021.64
300.40 -37.76 -38.78 -58.09 332.13 262.69 59.54 -0.10
0.00 9481.67
281.50 -40.46 -41.30 -60.36 334.43 262.54 65.83 -0.10
0.00 9926.85
264.30 -43.16 -43.83 -60.85 336.56 263.15 70.05 -0.10
0.00 10353.80
248.10 -45.86 -46.38 -61.34 338.67 263.44 71.37 0.00
0.00 10777.14
233.20 -48.26 -48.69 -63.99 341.03 262.40 71.93 0.00
0.00 11187.03
219.50 -50.86 -51.22 -67.42 342.93 262.50 72.88 0.00
0.00 11583.29
205.60 -53.46 -53.76 -72.72 345.26 264.21 73.21 0.00
0.00 12006.47
191.70 -55.86 -56.10 -73.19 348.39 265.49 71.70 0.00
0.00 12454.16
177.70 -58.56 -58.74 -73.70 351.60 266.11 68.73 0.00
0.00 12933.51
163.80 -61.46 -61.59 -74.24 355.01 266.40 65.02 0.00
0.00 13441.68
149.80 -64.56 -9999.00 -9999.00 -9999.00 267.19 59.52 0.00
0.00 13991.25
135.90 -67.56 -9999.00 -9999.00 -9999.00 266.27 53.73 0.00
0.00 14581.56
121.90 -70.06 -9999.00 -9999.00 -9999.00 264.09 50.97 0.00
0.00 15231.84
107.90 -70.66 -9999.00 -9999.00 -9999.00 264.64 47.80 0.00
0.00 15956.00
94.00 -69.56 -9999.00 -9999.00 -9999.00 264.29 42.95 0.00
0.00 16775.64
81.00 -68.26 -9999.00 -9999.00 -9999.00 261.65 36.13 0.00
0.00 17665.49
70.60 -66.56 -9999.00 -9999.00 -9999.00 253.84 27.91 0.00
0.00 18493.07
62.20 -63.76 -9999.00 -9999.00 -9999.00 262.23 17.25 0.00
0.00 19264.29
54.30 -62.46 -9999.00 -9999.00 -9999.00 244.06 7.98 0.00
0.00 20099.40
46.90 -61.06 -9999.00 -9999.00 -9999.00 212.62 11.54 0.00
0.00 21005.94
40.10 -59.56 -9999.00 -9999.00 -9999.00 220.67 16.39 0.00
0.00 21981.83
33.80 -56.76 -9999.00 -9999.00 -9999.00 256.50 9.98 0.00
0.00 23057.41
27.80 -54.86 -9999.00 -9999.00 -9999.00 274.40 5.07 0.00
0.00 24300.67
22.30 -53.66 -9999.00 -9999.00 -9999.00 287.57 12.22 0.00
0.00 25713.14
17.10 -52.96 -9999.00 -9999.00 -9999.00 298.27 23.39 0.00
0.00 27421.69
12.30 -48.86 -9999.00 -9999.00 -9999.00 282.62 26.67 0.00
0.00 29565.04

STID = KEPZ STNM = 723640 TIME = 221026/1500 
SLAT = 31.87 SLON = -106.70 SELV = 1195.0
STIM = 3

SHOW = 12.27 LIFT = 11.50 SWET = 58.15 KINX = 4.96
LCLP = 754.17 PWAT = 9.57 TOTL = 29.59 CAPE = 0.00
LCLT = 268.54 CINS = 0.00 EQLV = -9999.00 LFCT = -9999.00
BRCH = 0.00

PRES TMPC TMWC DWPC THTE DRCT SKNT OMEG
CFRL HGHT
881.60 7.64 3.15 -2.51 301.88 228.81 2.06 0.10
0.00 1204.34
878.90 7.64 3.15 -2.47 302.21 208.81 4.43 0.00
0.00 1229.60
874.10 8.54 3.72 -2.11 304.00 216.53 6.53 -0.20
0.00 1274.79
865.90 9.94 4.36 -2.20 306.39 238.74 6.37 -0.40
0.00 1352.88
853.80 11.24 4.66 -3.09 308.50 250.14 7.44 -0.60
0.00 1470.01
838.40 11.74 4.27 -4.99 309.44 253.74 9.71 -0.70
0.00 1621.98
820.30 11.24 4.15 -4.31 311.55 261.47 11.79 -0.80
0.00 1804.18
800.60 10.04 3.96 -2.87 313.83 268.41 13.99 -0.80
0.00 2006.56
779.50 8.64 3.25 -2.75 315.09 270.00 16.12 -0.80
0.00 2227.94
756.10 7.14 2.01 -3.98 315.45 271.23 18.07 -0.70
0.00 2479.27
730.50 5.54 0.35 -6.31 315.25 271.72 19.42 -0.70
0.00 2761.66
702.80 3.94 -1.55 -9.56 315.01 272.14 20.80 -0.60
0.00 3076.67
672.90 2.44 -3.51 -13.63 315.22 269.51 22.73 -0.60
0.00 3428.83
640.70 1.14 -5.34 -18.44 316.28 264.81 25.74 -0.70
0.00 3823.87
606.20 -0.46 -7.08 -22.41 318.31 261.54 29.06 -0.70
0.00 4267.31
569.30 -3.56 -9.47 -24.72 319.92 262.67 33.49 -0.60
0.00 4766.05
530.10 -7.56 -12.54 -27.34 321.19 262.39 39.59 -0.50
0.00 5325.14
491.60 -11.86 -15.97 -30.63 322.32 259.05 42.93 -0.30
0.00 5906.81
456.50 -15.96 -19.55 -36.78 323.16 257.13 41.84 -0.20
0.00 6469.10
424.60 -20.06 -23.15 -44.11 323.99 257.23 40.42 -0.20
0.00 7010.20
395.30 -24.36 -26.77 -47.05 324.91 259.84 41.84 -0.10
0.00 7535.46
368.30 -28.36 -30.21 -49.04 326.13 261.76 44.76 -0.10
0.00 8046.57
343.60 -31.86 -33.35 -52.13 327.79 261.93 48.47 -0.10
0.00 8540.46
321.10 -35.16 -36.37 -56.08 329.50 261.33 52.86 -0.10
0.00 9015.55
300.40 -38.06 -39.05 -58.09 331.70 260.57 59.27 -0.10
0.00 9476.96
281.50 -40.66 -41.46 -58.60 334.18 261.66 66.94 -0.10
0.00 9921.67
264.30 -43.26 -43.92 -60.85 336.41 262.43 70.75 -0.10
0.00 10348.34
248.10 -45.86 -46.40 -63.53 338.63 261.78 70.65 0.00
0.00 10771.58
233.20 -48.36 -48.79 -63.99 340.88 261.62 70.69 0.00
0.00 11181.39
219.50 -50.66 -51.02 -67.42 343.24 263.26 71.19 0.00
0.00 11577.73
205.60 -53.26 -53.56 -72.72 345.58 265.60 70.92 0.00
0.00 12001.30
191.70 -55.86 -56.10 -73.19 348.39 266.14 69.31 0.00
0.00 12449.20
177.70 -58.66 -58.84 -73.70 351.43 265.21 67.44 0.00
0.00 12928.43
163.80 -61.56 -61.69 -74.24 354.85 264.68 64.96 0.00
0.00 13436.36
149.80 -64.46 -9999.00 -9999.00 -9999.00 264.27 60.33 0.00
0.00 13985.93
135.90 -67.16 -9999.00 -9999.00 -9999.00 263.08 54.80 0.00
0.00 14576.95
121.90 -69.66 -9999.00 -9999.00 -9999.00 262.23 51.75 0.00
0.00 15228.50
107.90 -70.46 -9999.00 -9999.00 -9999.00 264.15 47.65 0.00
0.00 15953.74
94.00 -69.36 -9999.00 -9999.00 -9999.00 264.06 43.16 0.00
0.00 16774.18
81.00 -67.96 -9999.00 -9999.00 -9999.00 260.29 36.85 0.00
0.00 17665.13
70.60 -66.46 -9999.00 -9999.00 -9999.00 250.84 29.00 0.00
0.00 18493.51
62.20 -64.06 -9999.00 -9999.00 -9999.00 253.54 17.83 0.00
0.00 19264.36
54.30 -62.76 -9999.00 -9999.00 -9999.00 230.63 9.79 0.00
0.00 20098.28
46.90 -61.76 -9999.00 -9999.00 -9999.00 219.02 14.51 0.00
0.00 21002.67
40.10 -59.66 -9999.00 -9999.00 -9999.00 235.35 16.06 0.00
0.00 21976.73
33.80 -56.46 -9999.00 -9999.00 -9999.00 278.65 9.03 0.00
0.00 23052.81
27.80 -54.66 -9999.00 -9999.00 -9999.00 304.29 5.17 0.00
0.00 24297.51
22.30 -54.06 -9999.00 -9999.00 -9999.00 312.06 10.72 0.00
0.00 25709.33
17.10 -53.96 -9999.00 -9999.00 -9999.00 313.85 20.47 0.00
0.00 27412.44
12.30 -49.26 -9999.00 -9999.00 -9999.00 288.86 24.63 0.00
0.00 29549.04

STID = KEPZ STNM = 723640 TIME = 221026/1600 
SLAT = 31.87 SLON = -106.70 SELV = 1195.0
STIM = 4

SHOW = 12.31 LIFT = 11.08 SWET = 57.73 KINX = 4.59
LCLP = 726.29 PWAT = 9.61 TOTL = 29.60 CAPE = 0.00
LCLT = 268.86 CINS = 0.00 EQLV = -9999.00 LFCT = -9999.00
BRCH = 0.00

PRES TMPC TMWC DWPC THTE DRCT SKNT OMEG
CFRL HGHT
881.90 11.04 5.12 -1.67 306.20 225.00 3.85 0.00
0.00 1205.39
879.30 10.74 4.95 -1.74 306.11 225.00 4.12 -0.10
0.00 1230.00
874.50 10.14 4.61 -1.82 305.93 225.00 4.39 -0.10
0.00 1275.54
866.20 9.94 4.43 -1.98 306.53 232.31 5.40 -0.30
0.00 1354.78
854.10 11.04 4.58 -3.04 308.29 247.62 7.15 -0.50
0.00 1471.84
838.80 11.54 4.44 -4.09 309.83 255.68 9.42 -0.60
0.00 1622.66
820.60 11.04 4.58 -2.64 312.63 263.35 11.73 -0.70
0.00 1805.70
800.90 10.04 4.21 -2.15 314.42 268.39 13.79 -0.70
0.00 2007.97
779.80 8.74 3.25 -2.91 315.02 270.71 15.73 -0.70
0.00 2229.32
756.40 7.24 1.95 -4.33 315.23 271.91 17.48 -0.60
0.00 2480.62
730.80 5.64 0.29 -6.67 315.06 274.13 18.90 -0.60
0.00 2762.99
703.00 3.94 -1.65 -9.95 314.74 274.95 20.28 -0.60
0.00 3079.06
673.10 2.44 -3.57 -13.94 315.03 271.49 22.34 -0.60
0.00 3431.11
640.90 1.04 -5.40 -18.44 316.14 264.81 25.74 -0.70
0.00 3825.95
606.40 -0.96 -7.35 -22.19 317.76 261.17 29.10 -0.70
0.00 4268.77
569.50 -4.06 -9.81 -24.96 319.23 260.48 32.89 -0.60
0.00 4766.41
530.20 -7.76 -12.75 -28.06 320.76 259.08 38.97 -0.60
0.00 5326.03
491.70 -11.76 -16.00 -31.71 322.21 256.21 43.20 -0.50
0.00 5907.46
456.60 -15.86 -19.54 -37.64 323.16 255.34 42.97 -0.40
0.00 6469.83
424.60 -19.96 -23.10 -44.64 324.08 257.30 42.40 -0.30
0.00 7012.77
395.30 -24.36 -26.77 -47.05 324.91 260.29 43.75 -0.20
0.00 7538.14
368.40 -28.36 -30.23 -49.80 326.07 260.90 45.44 -0.20
0.00 8047.29
343.70 -31.86 -33.37 -53.13 327.72 258.96 48.68 -0.10
0.00 8541.04
321.10 -35.06 -36.29 -56.08 329.64 257.80 54.25 -0.10
0.00 9018.27
300.40 -37.86 -38.87 -58.09 331.99 258.87 62.35 -0.10
0.00 9479.96
281.50 -40.66 -41.46 -58.60 334.18 261.62 69.31 -0.10
0.00 9924.87
264.30 -43.46 -44.08 -59.10 336.16 261.65 72.24 -0.10
0.00 10351.35
248.10 -45.86 -46.38 -61.34 338.67 260.64 72.84 0.00
0.00 10774.42
233.20 -48.16 -48.60 -63.99 341.19 261.67 72.44 0.00
0.00 11184.40
219.50 -50.46 -50.83 -67.42 343.54 263.92 71.50 0.00
0.00 11581.10
205.60 -53.06 -53.37 -72.72 345.89 265.05 69.79 0.00
0.00 12005.05
191.70 -55.86 -56.10 -73.19 348.39 264.29 68.32 0.00
0.00 12453.15
177.70 -58.76 -58.93 -73.70 351.27 262.90 67.54 0.10
0.00 12932.28
163.80 -61.56 -61.69 -74.24 354.85 262.30 65.27 0.10
0.00 13440.08
149.80 -64.16 -9999.00 -9999.00 -9999.00 261.05 61.15 0.10
0.00 13990.05
135.90 -66.66 -9999.00 -9999.00 -9999.00 259.83 57.23 0.00
0.00 14582.21
121.90 -69.26 -9999.00 -9999.00 -9999.00 261.84 53.38 0.00
0.00 15235.19
107.90 -70.56 -9999.00 -9999.00 -9999.00 265.75 47.14 0.00
0.00 15960.96
94.00 -69.56 -9999.00 -9999.00 -9999.00 265.50 42.09 0.00
0.00 16780.80
81.00 -68.16 -9999.00 -9999.00 -9999.00 260.79 36.40 0.00
0.00 17670.88
70.60 -66.66 -9999.00 -9999.00 -9999.00 252.17 29.18 0.00
0.00 18498.45
62.20 -64.26 -9999.00 -9999.00 -9999.00 247.34 19.15 0.00
0.00 19268.56
54.30 -62.76 -9999.00 -9999.00 -9999.00 226.81 13.05 0.00
0.00 20102.08
46.90 -61.66 -9999.00 -9999.00 -9999.00 221.58 16.10 0.00
0.00 21006.69
40.10 -58.66 -9999.00 -9999.00 -9999.00 243.09 14.59 0.00
0.00 21983.27
33.80 -55.76 -9999.00 -9999.00 -9999.00 289.98 4.55 0.00
0.00 23063.60
27.80 -54.56 -9999.00 -9999.00 -9999.00 303.69 2.10 0.00
0.00 24310.58
22.30 -53.96 -9999.00 -9999.00 -9999.00 319.54 8.68 0.00
0.00 25723.05
17.10 -54.06 -9999.00 -9999.00 -9999.00 318.87 20.38 0.00
0.00 27426.16
12.30 -49.26 -9999.00 -9999.00 -9999.00 293.09 27.23 0.00
0.00 29562.28

STID = KEPZ STNM = 723640 TIME = 221026/1700 
SLAT = 31.87 SLON = -106.70 SELV = 1195.0
STIM = 5

SHOW = 11.82 LIFT = 10.34 SWET = 59.00 KINX = 3.75
LCLP = 696.83 PWAT = 9.26 TOTL = 30.55 CAPE = 0.00
LCLT = 268.64 CINS = 0.00 EQLV = -9999.00 LFCT = -9999.00
BRCH = 0.00

PRES TMPC TMWC DWPC THTE DRCT SKNT OMEG
CFRL HGHT
881.30 14.14 6.70 -1.33 309.93 235.01 4.74 -0.10
0.00 1205.51
878.70 13.64 6.43 -1.40 309.62 235.71 5.17 -0.10
0.00 1230.40
873.90 13.04 6.10 -1.51 309.42 236.31 5.59 -0.10
0.00 1276.44
865.70 12.14 5.59 -1.67 309.25 238.39 5.92 -0.20
0.00 1355.48
853.60 11.24 4.78 -2.72 308.82 242.74 7.21 -0.40
0.00 1473.11
838.30 11.44 4.84 -2.64 310.91 254.65 10.28 -0.50
0.00 1624.07
820.10 10.94 4.88 -1.63 313.46 263.85 12.70 -0.60
0.00 1807.19
800.40 10.04 4.10 -2.46 314.21 269.22 14.18 -0.60
0.00 2009.57
779.30 8.84 2.93 -3.97 314.30 272.83 15.75 -0.60
0.00 2231.07
755.90 7.44 1.56 -5.82 314.34 275.91 17.00 -0.60
0.00 2482.62
730.40 5.74 -0.17 -8.41 314.01 278.56 18.26 -0.60
0.00 2764.13
702.70 4.14 -1.95 -11.52 314.09 278.53 19.64 -0.60
0.00 3079.33
672.80 2.54 -3.72 -14.92 314.72 273.51 22.18 -0.60
0.00 3431.67
640.60 0.84 -5.59 -18.87 315.79 267.42 25.85 -0.60
0.00 3826.60
606.20 -1.46 -7.66 -22.30 317.17 263.20 29.55 -0.70
0.00 4267.73
569.20 -4.46 -10.09 -25.22 318.73 260.21 33.12 -0.70
0.00 4766.11
530.00 -7.96 -12.93 -28.52 320.45 257.53 39.59 -0.60
0.00 5323.92
491.60 -11.86 -16.14 -32.50 321.97 254.74 44.29 -0.50
0.00 5903.67
456.50 -15.86 -19.57 -38.25 323.10 254.33 44.58 -0.40
0.00 6466.03
424.50 -20.06 -23.17 -44.64 323.98 256.87 44.48 -0.30
0.00 7008.99
395.30 -24.46 -26.87 -47.71 324.74 259.31 46.06 -0.20
0.00 7532.42
368.30 -28.26 -30.17 -50.63 326.19 258.46 47.59 -0.20
0.00 8043.52
343.60 -31.76 -33.31 -54.25 327.85 256.55 50.93 -0.10
0.00 8537.61
321.00 -34.96 -36.20 -56.08 329.81 256.58 56.92 -0.10
0.00 9015.18
300.40 -37.86 -38.87 -58.09 331.99 258.86 64.34 -0.10
0.00 9474.82
281.50 -40.86 -41.62 -57.14 333.94 260.75 70.07 0.00
0.00 9919.53
264.30 -43.46 -44.08 -59.10 336.16 260.73 74.79 0.00
0.00 10345.83
248.10 -45.76 -46.31 -63.53 338.78 260.59 77.19 0.00
0.00 10768.99
233.20 -47.86 -48.32 -63.99 341.64 261.19 76.07 0.00
0.00 11179.33
219.50 -50.06 -50.45 -67.42 344.16 262.26 73.52 0.10
0.00 11576.65
205.60 -52.76 -53.08 -72.72 346.36 262.97 71.45 0.10
0.00 12001.27
191.70 -55.76 -56.00 -73.19 348.55 262.52 70.14 0.10
0.00 12449.79
177.70 -58.66 -58.84 -73.70 351.43 262.26 69.19 0.10
0.00 12929.13
163.80 -61.36 -61.49 -74.24 355.18 262.11 66.47 0.10
0.00 13437.30
149.80 -64.06 -9999.00 -9999.00 -9999.00 261.06 62.53 0.00
0.00 13987.65
135.90 -66.66 -9999.00 -9999.00 -9999.00 260.72 59.05 0.00
0.00 14579.96
121.90 -69.26 -9999.00 -9999.00 -9999.00 262.34 53.90 0.00
0.00 15232.94
107.90 -70.86 -9999.00 -9999.00 -9999.00 264.46 46.25 0.00
0.00 15958.18
94.00 -69.66 -9999.00 -9999.00 -9999.00 262.50 40.17 0.00
0.00 16777.21
81.00 -67.56 -9999.00 -9999.00 -9999.00 257.20 35.06 0.00
0.00 17668.37
70.60 -66.16 -9999.00 -9999.00 -9999.00 251.81 28.63 0.00
0.00 18498.16
62.20 -63.76 -9999.00 -9999.00 -9999.00 243.67 21.46 0.00
0.00 19270.12
54.30 -62.66 -9999.00 -9999.00 -9999.00 223.65 17.44 0.00
0.00 20104.84
46.90 -61.66 -9999.00 -9999.00 -9999.00 222.08 18.84 0.00
0.00 21009.66
40.10 -58.26 -9999.00 -9999.00 -9999.00 243.43 15.21 0.00
0.00 21987.16
33.80 -55.96 -9999.00 -9999.00 -9999.00 236.31 1.40 0.00
0.00 23067.99
27.80 -55.56 -9999.00 -9999.00 -9999.00 248.20 2.10 0.00
0.00 24311.54
22.30 -55.06 -9999.00 -9999.00 -9999.00 319.40 5.38 0.00
0.00 25717.23
17.10 -54.86 -9999.00 -9999.00 -9999.00 325.54 12.02 0.00
0.00 27412.96
12.30 -49.26 -9999.00 -9999.00 -9999.00 289.55 22.05 0.00
0.00 29545.22

STID = KEPZ STNM = 723640 TIME = 221026/1800 
SLAT = 31.87 SLON = -106.70 SELV = 1195.0
STIM = 6

SHOW = 9.77 LIFT = 9.45 SWET = 60.91 KINX = 4.65
LCLP = 679.64 PWAT = 8.69 TOTL = 33.97 CAPE = 0.00
LCLT = 269.00 CINS = 0.00 EQLV = -9999.00 LFCT = -9999.00
BRCH = 0.00

PRES TMPC TMWC DWPC THTE DRCT SKNT OMEG
CFRL HGHT
880.90 16.54 8.01 -0.63 313.20 236.31 6.29 -0.10
0.00 1204.65
878.20 16.04 7.75 -0.70 312.91 237.65 6.90 -0.10
0.00 1230.72
873.40 15.34 7.39 -0.78 312.63 236.73 7.44 -0.20
0.00 1277.17
865.20 14.44 6.90 -0.94 312.47 239.04 7.93 -0.20
0.00 1356.91
853.10 13.14 6.20 -1.13 312.31 241.07 8.43 -0.20
0.00 1475.50
837.80 11.84 5.52 -1.18 312.68 245.66 8.95 -0.30
0.00 1627.19
819.60 11.04 4.91 -1.67 313.60 259.44 11.65 -0.50
0.00 1810.61
799.90 10.24 3.78 -3.70 313.45 268.34 13.40 -0.50
0.00 2013.20
778.80 9.14 2.47 -5.92 313.20 274.46 15.00 -0.60
0.00 2234.97
755.50 7.74 1.00 -8.30 313.01 278.33 16.10 -0.50
0.00 2485.78
730.00 6.24 -0.57 -10.99 313.06 280.30 17.37 -0.50
0.00 2767.76
702.30 4.54 -2.20 -13.61 313.51 280.51 19.17 -0.50
0.00 3083.56
672.50 2.64 -3.93 -16.28 314.27 276.01 22.26 -0.50
0.00 3435.17
640.40 0.64 -5.82 -19.59 315.33 271.28 26.03 -0.60
0.00 3828.91
605.90 -1.86 -7.96 -22.74 316.62 266.26 29.78 -0.60
0.00 4271.00
569.00 -4.86 -10.39 -25.61 318.19 260.75 33.86 -0.60
0.00 4767.50
529.90 -8.26 -13.19 -29.16 319.97 256.84 40.09 -0.60
0.00 5323.29
491.50 -11.96 -16.31 -33.79 321.65 254.46 44.97 -0.50
0.00 5902.70
456.40 -15.86 -19.67 -39.96 322.94 253.99 46.48 -0.40
0.00 6465.05
424.40 -20.26 -23.35 -45.20 323.70 256.08 47.63 -0.30
0.00 7007.91
395.20 -24.56 -26.95 -47.71 324.63 257.84 48.87 -0.20
0.00 7531.15
368.30 -28.36 -30.26 -50.63 326.06 256.99 50.04 -0.20
0.00 8040.22
343.60 -31.86 -33.39 -54.25 327.71 256.07 53.24 -0.10
0.00 8534.11
321.00 -34.96 -36.20 -56.08 329.81 256.37 59.36 -0.10
0.00 9011.58
300.30 -37.96 -38.94 -56.62 331.92 258.46 66.03 -0.10
0.00 9473.42
281.50 -40.96 -41.71 -57.14 333.79 259.70 71.68 -0.10
0.00 9915.67
264.30 -43.46 -44.08 -59.10 336.16 260.99 76.90 0.00
0.00 10341.88
248.10 -45.16 -45.75 -63.53 339.67 262.09 79.04 0.00
0.00 10765.59
233.20 -47.16 -47.68 -66.98 342.66 261.34 77.41 0.00
0.00 11177.12
219.50 -49.46 -49.91 -72.27 345.04 260.95 75.33 0.10
0.00 11575.58
205.60 -52.36 -52.70 -72.72 346.99 261.47 74.65 0.00
0.00 12001.16
191.70 -55.46 -55.71 -73.19 349.03 262.00 73.95 0.00
0.00 12450.39
177.70 -58.56 -58.74 -73.70 351.60 263.05 72.20 0.00
0.00 12930.18
163.80 -61.36 -61.49 -74.24 355.18 263.89 69.35 0.00
0.00 13438.46
149.80 -64.16 -9999.00 -9999.00 -9999.00 263.17 65.35 0.00
0.00 13988.69
135.90 -66.86 -9999.00 -9999.00 -9999.00 262.05 61.79 -0.10
0.00 14580.57
121.90 -69.26 -9999.00 -9999.00 -9999.00 261.06 56.24 0.00
0.00 15233.23
107.90 -70.76 -9999.00 -9999.00 -9999.00 261.57 47.73 0.00
0.00 15958.65
94.00 -69.26 -9999.00 -9999.00 -9999.00 262.06 40.79 0.00
0.00 16778.69
81.00 -66.96 -9999.00 -9999.00 -9999.00 258.81 35.04 0.00
0.00 17672.03
70.60 -65.86 -9999.00 -9999.00 -9999.00 250.73 29.43 0.00
0.00 18503.63
62.20 -63.96 -9999.00 -9999.00 -9999.00 236.94 24.57 0.00
0.00 19275.78
54.30 -62.56 -9999.00 -9999.00 -9999.00 213.13 22.03 0.00
0.00 20110.29
46.90 -61.56 -9999.00 -9999.00 -9999.00 227.69 20.49 0.00
0.00 21015.54
40.10 -57.66 -9999.00 -9999.00 -9999.00 246.11 14.88 0.00
0.00 21994.65
33.80 -55.76 -9999.00 -9999.00 -9999.00 123.69 1.40 0.00
0.00 23077.48
27.80 -56.26 -9999.00 -9999.00 -9999.00 274.40 2.53 0.00
0.00 24319.60
22.30 -55.36 -9999.00 -9999.00 -9999.00 295.35 4.08 0.00
0.00 25722.07
17.10 -54.26 -9999.00 -9999.00 -9999.00 291.25 7.50 0.00
0.00 27418.96
12.30 -48.36 -9999.00 -9999.00 -9999.00 276.08 23.83 0.00
0.00 29558.46

STID = KEPZ STNM = 723640 TIME = 221026/1900 
SLAT = 31.87 SLON = -106.70 SELV = 1195.0
STIM = 7

SHOW = 7.92 LIFT = 8.41 SWET = 62.83 KINX = 5.53
LCLP = 674.87 PWAT = 8.28 TOTL = 37.01 CAPE = 0.00
LCLT = 270.07 CINS = 0.00 EQLV = -9999.00 LFCT = -9999.00
BRCH = 0.00

PRES TMPC TMWC DWPC THTE DRCT SKNT OMEG
CFRL HGHT
879.40 18.14 9.08 0.55 316.23 241.39 7.30 -0.10
0.00 1205.69
876.80 17.54 8.78 0.45 315.78 242.18 7.91 -0.20
0.00 1230.98
872.00 16.94 8.47 0.35 315.60 242.24 8.33 -0.20
0.00 1277.77
863.80 15.94 7.95 0.19 315.33 242.88 8.95 -0.20
0.00 1358.08
851.70 14.74 7.28 -0.07 315.22 245.56 9.38 -0.30
0.00 1477.53
836.40 13.14 6.41 -0.35 315.07 247.11 9.48 -0.30
0.00 1630.27
818.30 11.74 5.10 -2.06 314.19 251.57 9.83 -0.40
0.00 1813.64
798.70 10.34 3.80 -3.76 313.66 262.75 10.76 -0.50
0.00 2015.78
777.60 9.34 2.17 -7.33 312.60 273.37 13.23 -0.50
0.00 2237.99
754.40 8.04 0.61 -10.47 312.19 276.58 15.25 -0.50
0.00 2488.26
728.90 6.54 -0.87 -13.03 312.48 278.70 16.71 -0.50
0.00 2770.90
701.30 4.84 -2.38 -15.34 313.19 279.46 18.90 -0.50
0.00 3086.30
671.50 2.94 -4.04 -17.81 314.14 278.06 22.16 -0.40
0.00 3438.75
639.50 0.64 -5.97 -20.56 315.13 273.90 25.70 -0.40
0.00 3832.02
605.20 -1.96 -8.12 -23.44 316.40 266.97 29.37 -0.40
0.00 4272.01
568.40 -4.96 -10.52 -26.16 318.03 260.81 34.05 -0.30
0.00 4767.51
529.40 -8.46 -13.39 -29.85 319.67 257.17 40.25 -0.30
0.00 5322.11
491.10 -12.16 -16.58 -35.51 321.23 255.07 45.24 -0.30
0.00 5900.06
456.10 -16.06 -19.90 -42.00 322.56 254.50 47.98 -0.30
0.00 6460.77
424.20 -20.46 -23.50 -45.20 323.49 255.69 49.51 -0.20
0.00 7001.81
395.00 -24.66 -27.03 -47.72 324.55 256.77 50.08 -0.20
0.00 7524.99
368.10 -28.46 -30.34 -50.64 325.97 256.44 50.54 -0.20
0.00 8034.12
343.50 -31.86 -33.39 -54.25 327.74 256.31 54.18 -0.10
0.00 8526.11
320.90 -34.86 -36.11 -56.08 329.98 257.39 60.51 -0.10
0.00 9003.82
300.30 -38.16 -39.09 -55.36 331.68 258.33 66.26 -0.10
0.00 9463.41
281.50 -41.06 -41.80 -57.14 333.65 260.18 71.76 0.00
0.00 9905.38
264.30 -42.46 -43.21 -63.05 337.54 264.00 76.17 0.00
0.00 10332.42
248.00 -44.16 -44.84 -66.53 341.15 264.25 77.51 0.00
0.00 10760.69
233.20 -46.46 -47.05 -71.86 343.67 262.22 77.45 0.00
0.00 11171.06
219.50 -49.16 -49.62 -72.27 345.50 261.53 77.78 0.00
0.00 11570.41
205.60 -52.06 -52.41 -72.72 347.46 262.54 77.78 0.00
0.00 11996.57
191.70 -55.26 -55.51 -73.19 349.35 264.09 77.33 0.00
0.00 12446.31
177.70 -58.66 -58.84 -73.70 351.43 264.98 75.47 0.00
0.00 12926.21
163.80 -61.76 -9999.00 -9999.00 -9999.00 265.21 72.13 0.00
0.00 13433.89
149.80 -64.66 -9999.00 -9999.00 -9999.00 264.08 67.77 0.00
0.00 13982.94
135.90 -67.36 -9999.00 -9999.00 -9999.00 262.68 64.04 0.00
0.00 14573.39
121.90 -69.66 -9999.00 -9999.00 -9999.00 261.04 58.61 0.00
0.00 15224.63
107.90 -70.66 -9999.00 -9999.00 -9999.00 261.39 49.32 0.00
0.00 15949.50
94.00 -69.56 -9999.00 -9999.00 -9999.00 263.21 41.08 0.00
0.00 16769.14
81.00 -67.36 -9999.00 -9999.00 -9999.00 258.81 35.04 0.00
0.00 17660.96
70.60 -66.26 -9999.00 -9999.00 -9999.00 244.78 29.62 0.00
0.00 18490.95
62.20 -65.06 -9999.00 -9999.00 -9999.00 232.88 27.04 0.00
0.00 19260.32
54.30 -62.76 -9999.00 -9999.00 -9999.00 227.63 23.93 0.00
0.00 20092.25
46.90 -61.76 -9999.00 -9999.00 -9999.00 235.84 19.72 0.00
0.00 20996.64
40.10 -57.56 -9999.00 -9999.00 -9999.00 261.19 13.95 0.00
0.00 21975.52
33.80 -55.76 -9999.00 -9999.00 -9999.00 90.00 2.91 0.00
0.00 23058.60
27.80 -56.66 -9999.00 -9999.00 -9999.00 282.09 2.78 0.00
0.00 24299.58
22.30 -55.36 -9999.00 -9999.00 -9999.00 299.05 6.00 0.00
0.00 25700.75
17.10 -53.66 -9999.00 -9999.00 -9999.00 280.56 11.65 0.00
0.00 27399.97
12.30 -47.66 -9999.00 -9999.00 -9999.00 279.87 27.21 0.00
0.00 29545.74

STID = KEPZ STNM = 723640 TIME = 221026/2000 
SLAT = 31.87 SLON = -106.70 SELV = 1195.0
STIM = 8

SHOW = 7.43 LIFT = 7.77 SWET = 65.04 KINX = 4.92
LCLP = 654.33 PWAT = 8.09 TOTL = 37.69 CAPE = 0.00
LCLT = 269.00 CINS = 0.00 EQLV = -9999.00 LFCT = -9999.00
BRCH = 0.00

PRES TMPC TMWC DWPC THTE DRCT SKNT OMEG
CFRL HGHT
878.20 19.44 9.40 -0.15 317.13 251.11 7.81 -0.20
0.00 1206.73
875.60 18.74 9.06 -0.25 316.58 250.35 8.66 -0.20
0.00 1232.16
870.90 18.14 8.74 -0.36 316.38 251.18 9.03 -0.20
0.00 1278.21
862.70 17.24 8.27 -0.52 316.22 252.30 9.58 -0.20
0.00 1358.96
850.60 15.94 7.55 -0.81 315.99 253.30 10.14 -0.20
0.00 1479.07
835.30 14.34 6.66 -1.16 315.78 254.93 10.47 -0.30
0.00 1632.63
817.20 12.54 5.62 -1.61 315.63 257.47 10.74 -0.30
0.00 1816.87
797.60 11.04 4.03 -4.07 314.34 259.88 11.05 -0.30
0.00 2019.83
776.60 9.34 2.75 -5.27 314.19 266.12 11.48 -0.40
0.00 2241.58
753.40 8.04 0.73 -9.94 312.62 273.92 14.22 -0.40
0.00 2492.23
728.00 6.74 -0.98 -14.10 312.32 275.19 17.17 -0.40
0.00 2774.21
700.50 5.04 -2.47 -16.41 313.08 276.28 19.54 -0.50
0.00 3089.04
670.80 3.04 -4.16 -18.87 313.96 275.56 22.05 -0.40
0.00 3440.86
638.90 0.74 -6.03 -21.38 315.07 271.76 25.27 -0.40
0.00 3833.40
604.60 -1.86 -8.10 -23.80 316.51 265.86 29.60 -0.40
0.00 4273.97
567.90 -4.86 -10.47 -26.31 318.20 261.74 35.14 -0.40
0.00 4768.76
529.00 -8.46 -13.44 -30.39 319.64 259.33 40.91 -0.30
0.00 5322.49
490.80 -12.26 -16.72 -36.63 321.02 257.31 46.00 -0.30
0.00 5899.20
455.80 -16.26 -20.09 -42.95 322.30 256.35 49.38 -0.30
0.00 6459.93
424.00 -20.56 -23.58 -45.21 323.41 256.71 50.70 -0.20
0.00 6999.25
394.90 -24.76 -27.09 -47.06 324.48 257.04 50.23 -0.20
0.00 7520.63
368.00 -28.56 -30.42 -50.64 325.86 256.92 50.66 -0.10
0.00 8029.69
343.40 -31.96 -33.48 -54.25 327.63 257.05 54.60 -0.10
0.00 8521.61
320.90 -35.06 -36.26 -54.81 329.74 258.12 61.34 -0.10
0.00 8996.99
300.30 -38.26 -39.16 -54.26 331.58 260.11 67.83 -0.10
0.00 9456.29
281.40 -40.56 -41.37 -58.61 334.36 264.38 73.39 -0.10
0.00 9901.07
264.20 -41.86 -42.68 -66.07 338.41 266.80 76.65 -0.10
0.00 10329.28
248.00 -44.16 -44.84 -66.53 341.15 265.74 78.50 -0.10
0.00 10755.55
233.20 -46.66 -47.24 -71.86 343.37 263.17 80.01 -0.10
0.00 11165.75
219.50 -49.36 -49.81 -72.27 345.20 261.58 80.91 -0.10
0.00 11564.75
205.60 -52.36 -52.70 -72.72 346.99 261.95 80.44 -0.10
0.00 11990.42
191.70 -55.56 -55.81 -73.19 348.87 263.80 79.14 -0.10
0.00 12439.55
177.70 -58.76 -58.93 -73.70 351.27 265.22 77.00 -0.10
0.00 12919.00
163.80 -62.06 -9999.00 -9999.00 -9999.00 265.04 74.09 -0.10
0.00 13426.21
149.80 -65.06 -9999.00 -9999.00 -9999.00 263.82 70.34 0.00
0.00 13974.34
135.90 -67.66 -9999.00 -9999.00 -9999.00 261.73 66.14 0.00
0.00 14563.80
121.90 -69.66 -9999.00 -9999.00 -9999.00 259.68 59.63 0.00
0.00 15214.56
107.90 -70.56 -9999.00 -9999.00 -9999.00 258.65 50.33 0.00
0.00 15939.61
94.00 -69.56 -9999.00 -9999.00 -9999.00 259.55 40.70 0.00
0.00 16759.45
81.00 -67.86 -9999.00 -9999.00 -9999.00 253.79 34.79 0.00
0.00 17650.18
70.60 -66.86 -9999.00 -9999.00 -9999.00 237.96 31.86 0.00
0.00 18477.96
62.20 -65.16 -9999.00 -9999.00 -9999.00 233.62 32.09 0.00
0.00 19246.02
54.30 -62.06 -9999.00 -9999.00 -9999.00 239.71 25.43 0.00
0.00 20079.15
46.90 -60.96 -9999.00 -9999.00 -9999.00 247.68 19.95 0.00
0.00 20986.75
40.10 -58.16 -9999.00 -9999.00 -9999.00 277.94 16.86 0.00
0.00 21966.09
33.80 -56.76 -9999.00 -9999.00 -9999.00 109.65 2.89 0.00
0.00 23045.17
27.80 -57.76 -9999.00 -9999.00 -9999.00 218.29 4.70 0.00
0.00 24280.14
22.30 -55.26 -9999.00 -9999.00 -9999.00 259.99 6.70 0.00
0.00 25678.09
17.10 -52.36 -9999.00 -9999.00 -9999.00 272.39 14.01 0.00
0.00 27382.75
12.30 -46.96 -9999.00 -9999.00 -9999.00 280.27 27.23 0.00
0.00 29538.16

STID = KEPZ STNM = 723640 TIME = 221026/2100 
SLAT = 31.87 SLON = -106.70 SELV = 1195.0
STIM = 9

SHOW = 7.30 LIFT = 7.62 SWET = 67.54 KINX = 3.92
LCLP = 635.45 PWAT = 7.85 TOTL = 37.66 CAPE = 0.00
LCLT = 267.58 CINS = 0.00 EQLV = -9999.00 LFCT = -9999.00
BRCH = 0.00

PRES TMPC TMWC DWPC THTE DRCT SKNT OMEG
CFRL HGHT
878.10 20.34 9.45 -1.21 317.17 251.57 8.61 -0.20
0.00 1205.78
875.40 19.74 9.15 -1.32 316.73 251.20 9.63 -0.30
0.00 1232.27
870.70 19.14 8.84 -1.42 316.55 251.92 10.00 -0.30
0.00 1278.49
862.50 18.24 8.36 -1.59 316.39 252.90 10.57 -0.30
0.00 1359.52
850.50 17.04 7.69 -1.88 316.26 253.50 10.94 -0.20
0.00 1479.06
835.10 15.44 6.81 -2.20 316.09 255.26 11.44 -0.20
0.00 1634.22
817.00 13.64 5.79 -2.59 316.01 257.37 11.54 -0.30
0.00 1819.18
797.50 11.84 4.20 -4.76 314.70 259.61 11.85 -0.30
0.00 2021.78
776.50 10.04 2.97 -5.67 314.69 261.74 12.16 -0.30
0.00 2244.13
753.30 8.14 1.24 -8.11 313.87 270.00 13.21 -0.40
0.00 2495.19
727.90 6.94 -0.88 -14.17 312.53 275.08 17.56 -0.40
0.00 2777.39
700.40 5.24 -2.50 -17.22 313.00 275.49 20.30 -0.50
0.00 3092.48
670.70 3.14 -4.17 -19.33 313.93 275.06 22.03 -0.50
0.00 3444.52
638.80 0.84 -5.96 -21.28 315.23 271.34 24.86 -0.50
0.00 3837.26
604.50 -1.76 -8.00 -23.45 316.74 267.03 29.95 -0.50
0.00 4278.06
567.90 -4.86 -10.46 -26.17 318.23 264.04 35.55 -0.50
0.00 4771.64
528.90 -8.36 -13.39 -30.58 319.74 261.07 41.30 -0.40
0.00 5326.96
490.70 -12.26 -16.74 -36.93 321.00 259.06 47.09 -0.30
0.00 5903.88
455.80 -16.26 -20.11 -43.45 322.26 257.78 50.49 -0.30
0.00 6463.07
424.00 -20.56 -23.60 -45.79 323.37 257.23 50.99 -0.20
0.00 7002.39
394.90 -24.66 -27.01 -47.06 324.61 257.69 50.10 -0.20
0.00 7523.87
368.00 -28.46 -30.34 -50.64 326.00 257.75 51.28 -0.10
0.00 8033.13
343.40 -31.86 -33.37 -53.13 327.81 258.14 55.77 -0.10
0.00 8525.26
320.90 -35.26 -36.42 -53.70 329.51 260.54 62.63 -0.10
0.00 9000.54
300.30 -38.16 -39.09 -55.36 331.68 264.05 69.33 -0.10
0.00 9459.75
281.40 -39.76 -40.69 -62.58 335.43 267.29 73.89 -0.10
0.00 9905.38
264.20 -41.76 -42.59 -66.07 338.55 267.44 78.36 -0.10
0.00 10334.41
248.00 -44.36 -45.03 -66.53 340.86 265.34 81.27 -0.10
0.00 10760.60
233.20 -46.86 -47.42 -71.86 343.07 263.73 85.39 -0.10
0.00 11170.43
219.50 -49.56 -50.00 -72.27 344.89 262.25 87.82 -0.10
0.00 11569.08
205.60 -52.76 -53.08 -72.72 346.36 262.41 88.19 -0.10
0.00 11994.17
191.70 -56.06 -56.29 -73.19 348.07 264.38 85.30 0.00
0.00 12442.38
177.70 -59.06 -59.23 -73.70 350.78 266.25 80.21 0.00
0.00 12920.95
163.80 -62.06 -62.18 -74.24 354.01 265.11 75.25 0.00
0.00 13427.80
149.80 -65.16 -9999.00 -9999.00 -9999.00 262.09 71.97 0.00
0.00 13975.80
135.90 -67.96 -9999.00 -9999.00 -9999.00 261.60 69.11 0.00
0.00 14564.69
121.90 -69.66 -9999.00 -9999.00 -9999.00 261.19 62.12 0.00
0.00 15214.97
107.90 -70.26 -9999.00 -9999.00 -9999.00 257.86 52.66 0.00
0.00 15940.56
94.00 -69.96 -9999.00 -9999.00 -9999.00 255.90 43.86 0.00
0.00 16760.19
81.00 -68.86 -9999.00 -9999.00 -9999.00 252.13 37.35 0.00
0.00 17647.87
70.60 -67.36 -9999.00 -9999.00 -9999.00 239.09 36.67 0.00
0.00 18472.64
62.20 -65.36 -9999.00 -9999.00 -9999.00 234.81 37.08 0.00
0.00 19239.41
54.30 -61.96 -9999.00 -9999.00 -9999.00 244.69 27.72 0.00
0.00 20072.33
46.90 -60.56 -9999.00 -9999.00 -9999.00 253.54 17.83 0.00
0.00 20981.01
40.10 -58.46 -9999.00 -9999.00 -9999.00 275.81 11.52 0.00
0.00 21960.57
33.80 -56.86 -9999.00 -9999.00 -9999.00 115.91 7.56 0.00
0.00 23038.65
27.80 -57.06 -9999.00 -9999.00 -9999.00 215.54 5.01 0.00
0.00 24275.34
22.30 -53.46 -9999.00 -9999.00 -9999.00 281.07 9.11 0.00
0.00 25681.35
17.10 -50.76 -9999.00 -9999.00 -9999.00 281.17 16.05 0.00
0.00 27399.23
12.30 -46.56 -9999.00 -9999.00 -9999.00 279.46 27.18 0.00
0.00 29564.28

STID = KEPZ STNM = 723640 TIME = 221026/2200 
SLAT = 31.87 SLON = -106.70 SELV = 1195.0
STIM = 10

SHOW = 7.07 LIFT = 7.23 SWET = 70.25 KINX = 3.59
LCLP = 627.24 PWAT = 8.05 TOTL = 37.96 CAPE = 0.00
LCLT = 267.05 CINS = 0.00 EQLV = -9999.00 LFCT = -9999.00
BRCH = 0.00

PRES TMPC TMWC DWPC THTE DRCT SKNT OMEG
CFRL HGHT
878.10 20.84 9.54 -1.59 317.38 248.20 9.42 -0.20
0.00 1205.80
875.50 20.24 9.24 -1.70 316.94 248.59 10.64 -0.30
0.00 1231.35
870.70 19.74 8.98 -1.81 316.86 248.39 11.07 -0.30
0.00 1278.63
862.50 18.84 8.50 -1.97 316.72 249.44 11.62 -0.30
0.00 1359.82
850.50 17.64 7.84 -2.23 316.62 250.10 11.99 -0.30
0.00 1479.60
835.20 16.04 6.97 -2.54 316.45 251.57 12.28 -0.30
0.00 1634.05
817.10 14.24 5.96 -2.91 316.39 253.56 12.35 -0.30
0.00 1819.37
797.50 12.24 4.79 -3.45 316.20 255.75 12.63 -0.40
0.00 2023.37
776.50 10.54 3.25 -5.55 315.34 257.85 12.92 -0.40
0.00 2246.10
753.30 8.44 1.59 -7.38 314.70 265.79 13.25 -0.50
0.00 2497.52
727.90 7.14 -0.76 -14.10 312.79 277.77 17.25 -0.50
0.00 2779.99
700.40 5.34 -2.52 -17.74 312.92 280.30 19.54 -0.60
0.00 3095.25
670.70 3.14 -4.06 -18.60 314.19 277.91 21.17 -0.60
0.00 3447.35
638.80 0.64 -5.82 -19.53 315.58 273.21 24.32 -0.60
0.00 3839.98
604.50 -2.06 -8.00 -22.12 316.79 268.87 29.53 -0.60
0.00 4280.42
567.80 -5.06 -10.52 -25.63 318.14 265.29 35.47 -0.50
0.00 4774.96
528.90 -8.46 -13.43 -30.21 319.69 262.51 41.72 -0.40
0.00 5328.60
490.70 -12.26 -16.72 -36.63 321.04 261.11 47.79 -0.30
0.00 5905.42
455.80 -16.26 -20.11 -43.45 322.26 259.50 51.17 -0.20
0.00 6464.61
424.00 -20.46 -23.52 -45.79 323.50 258.60 51.13 -0.10
0.00 7004.03
394.90 -24.46 -26.87 -47.72 324.83 258.78 49.90 0.00
0.00 7525.82
368.00 -28.16 -30.07 -49.81 326.44 259.41 51.77 0.00
0.00 8035.60
343.40 -31.96 -33.39 -50.41 327.79 260.60 57.09 0.00
0.00 8527.94
320.90 -35.56 -36.64 -51.82 329.17 263.33 63.56 0.00
0.00 9002.83
300.20 -37.66 -38.69 -58.09 332.33 266.78 69.08 0.00
0.00 9464.54
281.40 -39.46 -40.42 -62.58 335.86 267.35 75.64 0.00
0.00 9908.64
264.20 -41.86 -42.68 -66.07 338.41 266.52 83.10 -0.10
0.00 10337.86
248.00 -44.46 -45.12 -66.53 340.71 265.91 87.04 -0.10
0.00 10763.86
233.20 -47.06 -47.59 -66.98 342.81 264.57 90.35 -0.10
0.00 11173.42
219.50 -49.86 -50.26 -67.42 344.47 261.99 93.38 -0.10
0.00 11571.63
205.60 -53.26 -53.54 -67.89 345.63 262.18 95.69 -0.10
0.00 11995.96
191.70 -56.36 -56.58 -73.19 347.59 264.44 90.17 0.00
0.00 12443.35
177.70 -59.16 -59.32 -73.70 350.62 265.03 80.73 0.00
0.00 12921.47
163.80 -61.96 -62.08 -74.24 354.17 263.20 75.50 0.00
0.00 13428.33
149.80 -65.46 -9999.00 -9999.00 -9999.00 260.17 75.12 0.00
0.00 13976.07
135.90 -68.46 -9999.00 -9999.00 -9999.00 261.29 73.10 0.00
0.00 14563.81
121.90 -69.96 -9999.00 -9999.00 -9999.00 260.84 65.91 0.00
0.00 15212.82
107.90 -70.86 -9999.00 -9999.00 -9999.00 258.77 56.84 0.00
0.00 15936.80
94.00 -70.46 -9999.00 -9999.00 -9999.00 258.45 45.61 0.00
0.00 16754.22
81.00 -68.86 -9999.00 -9999.00 -9999.00 253.89 37.80 0.00
0.00 17640.81
70.60 -67.16 -9999.00 -9999.00 -9999.00 240.40 39.32 0.00
0.00 18465.97
62.20 -66.16 -9999.00 -9999.00 -9999.00 236.47 39.37 0.00
0.00 19231.63
54.30 -62.86 -9999.00 -9999.00 -9999.00 254.68 29.41 0.00
0.00 20061.17
46.90 -60.36 -9999.00 -9999.00 -9999.00 267.31 16.53 0.00
0.00 20968.35
40.10 -58.76 -9999.00 -9999.00 -9999.00 282.53 7.17 0.00
0.00 21947.69
33.80 -57.36 -9999.00 -9999.00 -9999.00 110.85 8.72 0.00
0.00 23023.77
27.80 -57.06 -9999.00 -9999.00 -9999.00 246.25 5.30 0.00
0.00 24259.02
22.30 -53.96 -9999.00 -9999.00 -9999.00 294.84 11.56 0.00
0.00 25663.42
17.10 -51.06 -9999.00 -9999.00 -9999.00 279.34 15.56 0.00
0.00 27378.19
12.30 -46.56 -9999.00 -9999.00 -9999.00 279.39 26.18 0.00
0.00 29541.80

STID = KEPZ STNM = 723640 TIME = 221026/2300 
SLAT = 31.87 SLON = -106.70 SELV = 1195.0
STIM = 11

SHOW = 5.80 LIFT = 5.97 SWET = 67.33 KINX = 7.60
LCLP = 643.79 PWAT = 9.21 TOTL = 40.42 CAPE = 0.00
LCLT = 268.97 CINS = 0.00 EQLV = -9999.00 LFCT = -9999.00
BRCH = 0.00

PRES TMPC TMWC DWPC THTE DRCT SKNT OMEG
CFRL HGHT
877.90 20.74 10.00 0.04 318.77 247.69 8.20 -0.20
0.00 1205.80
875.20 20.34 9.78 -0.07 318.55 247.56 9.67 -0.20
0.00 1232.35
870.50 19.84 9.52 -0.18 318.46 247.80 10.28 -0.30
0.00 1278.69
862.30 18.94 9.05 -0.34 318.32 247.62 10.72 -0.20
0.00 1359.95
850.30 17.84 8.46 -0.53 318.39 248.75 11.25 -0.20
0.00 1479.86
835.00 16.24 7.60 -0.84 318.22 250.67 11.73 -0.20
0.00 1634.50
816.90 14.44 6.62 -1.17 318.20 252.15 12.04 -0.10
0.00 1820.04
797.30 12.44 5.49 -1.63 318.06 254.90 12.68 -0.10
0.00 2024.30
776.30 10.64 3.87 -3.70 316.95 258.37 13.48 -0.20
0.00 2247.28
753.10 8.74 2.09 -6.15 315.94 266.95 14.59 -0.20
0.00 2499.01
727.70 7.34 -0.25 -12.06 314.03 279.56 18.71 -0.30
0.00 2781.85
700.20 5.54 -2.08 -15.72 313.97 284.55 20.86 -0.40
0.00 3097.48
670.50 3.14 -3.58 -15.80 315.34 282.88 20.92 -0.40
0.00 3449.88
638.60 0.34 -5.58 -17.13 316.20 275.33 23.02 -0.50
0.00 3842.49
604.40 -2.46 -8.02 -20.63 316.83 268.43 28.38 -0.50
0.00 4281.24
567.70 -5.26 -10.62 -25.38 317.99 264.19 34.56 -0.40
0.00 4775.34
528.80 -8.66 -13.53 -29.86 319.53 262.88 40.71 -0.30
0.00 5328.67
490.60 -12.56 -16.82 -35.00 320.90 262.76 46.21 -0.20
0.00 5905.07
455.70 -16.56 -20.25 -41.57 322.05 261.05 49.94 -0.10
0.00 6463.75
423.90 -20.46 -23.52 -45.80 323.52 259.99 50.29 0.00
0.00 7002.99
394.80 -24.26 -26.67 -46.44 325.19 260.50 49.44 0.00
0.00 7525.11
368.00 -28.16 -29.96 -46.49 326.63 262.35 52.53 0.10
0.00 8033.28
343.40 -32.16 -33.54 -49.66 327.56 264.40 57.77 0.10
0.00 8525.43
320.90 -34.96 -36.15 -53.70 329.92 267.67 62.22 0.10
0.00 9000.71
300.20 -36.76 -37.91 -59.86 333.56 268.56 69.56 0.10
0.00 9463.88
281.40 -38.96 -39.97 -62.58 336.58 267.26 81.29 0.00
0.00 9909.30
264.20 -41.46 -42.31 -66.07 338.99 267.02 89.67 0.00
0.00 10339.35
248.00 -44.26 -44.91 -63.53 341.05 267.35 92.56 0.00
0.00 10765.91
233.20 -47.06 -47.54 -61.81 342.90 264.82 94.60 0.00
0.00 11175.66
219.50 -50.06 -50.43 -64.45 344.21 260.26 99.92 0.00
0.00 11573.69
205.60 -52.96 -53.28 -72.72 346.05 262.12 100.60 0.00
0.00 11998.12
191.70 -55.86 -56.10 -73.19 348.39 262.72 90.48 0.00
0.00 12446.32
177.70 -58.96 -59.13 -73.70 350.94 261.53 83.08 -0.10
0.00 12925.22
163.80 -62.16 -62.27 -74.24 353.84 259.62 77.60 -0.10
0.00 13432.08
149.80 -65.86 -9999.00 -9999.00 -9999.00 259.92 76.55 0.00
0.00 13979.03
135.90 -68.96 -9999.00 -9999.00 -9999.00 263.19 75.31 0.00
0.00 14565.50
121.90 -70.36 -9999.00 -9999.00 -9999.00 265.07 67.85 0.10
0.00 15213.07
107.90 -70.06 -9999.00 -9999.00 -9999.00 261.65 56.16 0.10
0.00 15937.77
94.00 -69.86 -9999.00 -9999.00 -9999.00 255.50 46.54 0.00
0.00 16758.01
81.00 -68.56 -9999.00 -9999.00 -9999.00 253.63 39.28 0.00
0.00 17646.56
70.60 -67.26 -9999.00 -9999.00 -9999.00 242.92 38.83 0.00
0.00 18472.13
62.20 -65.36 -9999.00 -9999.00 -9999.00 239.69 41.18 0.00
0.00 19239.08
54.30 -61.96 -9999.00 -9999.00 -9999.00 260.48 30.54 0.00
0.00 20072.00
46.90 -58.66 -9999.00 -9999.00 -9999.00 278.13 17.85 0.00
0.00 20984.76
40.10 -58.16 -9999.00 -9999.00 -9999.00 284.47 6.22 0.00
0.00 21969.37
33.80 -57.16 -9999.00 -9999.00 -9999.00 143.97 5.28 0.00
0.00 23047.45
27.80 -56.66 -9999.00 -9999.00 -9999.00 270.00 8.55 0.00
0.00 24284.42
22.30 -54.86 -9999.00 -9999.00 -9999.00 303.02 13.91 0.00
0.00 25687.21
17.10 -52.76 -9999.00 -9999.00 -9999.00 274.64 14.41 0.00
0.00 27391.87
12.30 -47.16 -9999.00 -9999.00 -9999.00 276.48 25.80 0.00
0.00 29544.39

STID = KEPZ STNM = 723640 TIME = 221027/0000 
SLAT = 31.87 SLON = -106.70 SELV = 1195.0
STIM = 12

SHOW = 5.24 LIFT = 5.45 SWET = 62.39 KINX = 11.35
LCLP = 659.02 PWAT = 9.75 TOTL = 41.48 CAPE = 0.00
LCLT = 269.99 CINS = 0.00 EQLV = -9999.00 LFCT = -9999.00
BRCH = 0.00

PRES TMPC TMWC DWPC THTE DRCT SKNT OMEG
CFRL HGHT
877.40 19.84 9.86 0.76 318.55 221.19 4.14 0.00
0.00 1205.78
874.90 20.04 9.87 0.57 318.88 225.00 6.31 -0.10
0.00 1230.32
870.00 19.74 9.67 0.41 318.98 230.91 8.00 -0.10
0.00 1278.63
861.90 19.04 9.26 0.19 318.98 235.62 8.94 -0.10
0.00 1358.95
849.80 17.84 8.60 -0.10 318.86 239.42 9.93 0.00
0.00 1479.95
834.50 16.44 7.80 -0.50 318.83 244.36 10.78 0.00
0.00 1634.75
816.50 14.64 6.75 -1.05 318.59 250.97 11.93 0.00
0.00 1819.51
796.90 12.84 5.52 -2.05 318.17 258.69 13.87 0.00
0.00 2024.08
775.90 11.04 4.04 -3.74 317.42 265.24 16.38 -0.10
0.00 2247.47
752.70 9.14 2.37 -5.88 316.65 269.38 18.07 -0.20
0.00 2499.69
727.40 7.34 0.33 -9.57 315.49 276.04 20.32 -0.30
0.00 2781.80
699.90 5.44 -1.57 -12.84 315.24 281.81 21.83 -0.40
0.00 3097.59
670.20 3.04 -3.27 -13.99 316.11 282.96 22.53 -0.50
0.00 3450.09
638.30 0.24 -5.44 -16.11 316.57 276.49 24.05 -0.60
0.00 3842.79
604.20 -2.56 -8.02 -20.26 316.87 268.42 28.19 -0.60
0.00 4280.30
567.50 -5.46 -10.71 -25.13 317.85 264.03 33.59 -0.50
0.00 4774.30
528.60 -8.96 -13.68 -29.36 319.31 263.12 38.93 -0.40
0.00 5327.32
490.50 -12.86 -16.94 -33.81 320.73 263.13 43.82 -0.20
0.00 5901.73
455.60 -16.66 -20.25 -39.98 322.10 262.96 47.55 -0.10
0.00 6460.11
423.90 -20.36 -23.39 -44.13 323.76 262.03 49.03 0.00
0.00 6997.73
394.80 -24.26 -26.57 -43.81 325.38 261.93 49.83 0.10
0.00 7519.97
367.90 -28.56 -30.27 -45.94 326.16 263.03 52.84 0.10
0.00 8029.70
343.30 -32.26 -33.65 -50.42 327.41 265.02 55.96 0.20
0.00 8521.48
320.80 -34.66 -35.89 -53.70 330.37 267.61 60.66 0.10
0.00 8997.10
300.20 -36.86 -37.98 -58.09 333.46 267.31 70.40 0.10
0.00 9458.30
281.40 -39.06 -40.06 -62.58 336.43 264.97 84.25 0.00
0.00 9903.53
264.20 -41.66 -42.45 -60.85 338.79 266.29 93.05 0.00
0.00 10333.31
248.00 -44.46 -45.10 -63.53 340.75 267.28 94.11 0.10
0.00 10759.50
233.20 -47.26 -47.73 -61.81 342.59 263.85 97.88 0.10
0.00 11168.89
219.50 -50.16 -50.52 -64.45 344.05 259.04 101.11 0.10
0.00 11566.65
205.60 -52.66 -52.99 -72.72 346.52 260.07 102.54 0.00
0.00 11991.27
191.70 -55.66 -9999.00 -9999.00 -9999.00 261.43 96.45 0.00
0.00 12439.99
177.70 -59.16 -59.32 -73.70 350.62 260.52 89.61 0.00
0.00 12918.89
163.80 -62.56 -62.67 -74.24 353.17 258.82 82.17 0.00
0.00 13425.03
149.80 -65.86 -65.93 -74.84 356.62 259.71 77.19 0.00
0.00 13971.46
135.80 -68.36 -9999.00 -9999.00 -9999.00 262.26 73.52 0.00
0.00 14563.22
121.90 -69.16 -9999.00 -9999.00 -9999.00 261.20 66.04 0.00
0.00 15209.25
107.90 -69.56 -9999.00 -9999.00 -9999.00 256.82 57.05 0.00
0.00 15936.99
94.00 -69.56 -9999.00 -9999.00 -9999.00 258.22 46.64 0.00
0.00 16758.84
81.00 -67.26 -9999.00 -9999.00 -9999.00 255.96 36.03 0.00
0.00 17650.88
70.60 -66.56 -9999.00 -9999.00 -9999.00 239.77 36.65 0.00
0.00 18480.47
62.20 -65.96 -9999.00 -9999.00 -9999.00 244.71 39.10 0.00
0.00 19247.61
54.30 -61.96 -9999.00 -9999.00 -9999.00 263.86 30.87 0.00
0.00 20079.34
46.90 -58.36 -9999.00 -9999.00 -9999.00 288.63 17.64 0.00
0.00 20992.74
40.10 -58.26 -9999.00 -9999.00 -9999.00 321.12 7.73 0.00
0.00 21977.80
33.80 -57.86 -9999.00 -9999.00 -9999.00 175.24 2.33 0.00
0.00 23053.88
27.80 -57.06 -9999.00 -9999.00 -9999.00 257.91 5.56 0.00
0.00 24287.71
22.30 -55.06 -9999.00 -9999.00 -9999.00 299.20 7.56 0.00
0.00 25688.56
17.10 -52.86 -9999.00 -9999.00 -9999.00 256.72 14.37 0.00
0.00 27392.06
12.30 -47.36 -9999.00 -9999.00 -9999.00 267.56 27.41 0.00
0.00 29543.13

STID = KEPZ STNM = 723640 TIME = 221027/0100 
SLAT = 31.87 SLON = -106.70 SELV = 1195.0
STIM = 13

SHOW = 5.20 LIFT = 5.44 SWET = 59.02 KINX = 13.21
LCLP = 680.19 PWAT = 9.80 TOTL = 41.55 CAPE = 0.00
LCLT = 270.57 CINS = 0.00 EQLV = -9999.00 LFCT = -9999.00
BRCH = 0.00

PRES TMPC TMWC DWPC THTE DRCT SKNT OMEG
CFRL HGHT
877.50 17.84 9.08 0.92 316.49 185.91 5.67 0.10
0.00 1205.70
874.90 19.44 9.67 0.73 318.38 188.37 6.68 0.00
0.00 1231.12
870.10 19.64 9.62 0.41 318.86 201.25 7.50 0.00
0.00 1278.38
861.90 19.04 9.21 0.03 318.83 212.57 8.29 0.00
0.00 1359.67
849.90 18.04 8.57 -0.47 318.72 224.14 9.21 0.00
0.00 1479.70
834.60 16.74 7.71 -1.17 318.52 236.89 10.66 0.00
0.00 1634.60
816.50 15.24 6.68 -2.06 318.32 249.55 12.24 -0.10
0.00 1820.63
797.00 13.54 5.49 -3.10 318.01 259.14 14.43 -0.10
0.00 2024.57
776.00 11.74 4.19 -4.32 317.71 263.52 17.21 -0.10
0.00 2248.44
752.80 9.64 2.62 -5.84 317.23 265.01 20.09 -0.10
0.00 2501.16
727.40 7.54 0.82 -8.10 316.67 266.88 21.41 -0.20
0.00 2784.74
699.90 5.44 -1.12 -10.92 316.30 270.52 21.56 -0.40
0.00 3100.71
670.30 2.94 -3.23 -13.56 316.20 274.89 22.80 -0.50
0.00 3451.98
638.40 0.24 -5.50 -16.39 316.43 273.11 25.10 -0.70
0.00 3844.55
604.20 -2.46 -8.01 -20.54 316.89 268.07 28.77 -0.70
0.00 4283.37
567.50 -5.56 -10.75 -24.88 317.80 264.99 33.35 -0.60
0.00 4777.37
528.60 -9.16 -13.74 -28.71 319.20 263.50 37.72 -0.40
0.00 5330.09
490.50 -12.96 -16.94 -32.94 320.75 263.57 41.63 -0.30
0.00 5904.19
455.60 -16.56 -20.07 -37.96 322.44 264.24 44.52 -0.10
0.00 6462.59
423.90 -20.26 -23.18 -41.04 324.15 263.55 46.72 0.00
0.00 7000.43
394.80 -24.26 -26.53 -42.92 325.46 262.26 49.01 0.10
0.00 7522.79
367.90 -28.46 -30.23 -47.07 326.22 262.88 51.69 0.20
0.00 8032.63
343.30 -31.76 -33.22 -50.42 328.09 265.79 55.52 0.20
0.00 8525.01
320.80 -34.36 -35.63 -53.70 330.78 267.32 62.43 0.20
0.00 9001.43
300.20 -36.86 -37.98 -58.09 333.46 264.79 72.75 0.10
0.00 9462.92
281.40 -39.46 -40.39 -60.36 335.90 264.29 85.90 0.10
0.00 9907.77
264.20 -42.36 -43.11 -63.06 337.72 266.85 91.82 0.10
0.00 10336.54
248.00 -45.06 -45.68 -66.53 339.81 269.54 96.74 0.10
0.00 10761.52
233.20 -47.66 -48.15 -66.98 341.90 268.98 98.12 0.10
0.00 11170.00
219.50 -50.16 -50.57 -72.27 343.96 264.21 96.25 0.10
0.00 11567.41
205.60 -52.86 -9999.00 -9999.00 -9999.00 258.36 100.16 0.10
0.00 11991.83
191.70 -56.06 -56.29 -73.19 348.07 260.24 103.09 0.10
0.00 12439.94
177.70 -59.26 -59.42 -73.70 350.45 262.71 99.48 0.10
0.00 12918.28
163.80 -62.26 -62.37 -74.24 353.67 262.02 86.69 0.10
0.00 13424.66
149.80 -65.66 -65.73 -74.84 356.97 259.48 79.82 0.10
0.00 13971.75
135.80 -68.16 -9999.00 -9999.00 -9999.00 260.80 76.55 0.10
0.00 14564.08
121.90 -69.26 -9999.00 -9999.00 -9999.00 258.72 69.52 0.10
0.00 15210.27
107.90 -69.76 -9999.00 -9999.00 -9999.00 255.79 60.92 0.10
0.00 15937.47
94.00 -68.46 -9999.00 -9999.00 -9999.00 258.15 48.23 0.00
0.00 16761.15
81.00 -66.56 -9999.00 -9999.00 -9999.00 255.89 35.04 -0.10
0.00 17657.10
70.60 -66.96 -9999.00 -9999.00 -9999.00 249.33 33.00 -0.10
0.00 18487.30
62.20 -66.56 -9999.00 -9999.00 -9999.00 252.65 35.82 0.00
0.00 19252.58
54.30 -63.46 -9999.00 -9999.00 -9999.00 265.89 32.52 0.00
0.00 20080.14
46.90 -59.26 -9999.00 -9999.00 -9999.00 287.82 17.13 0.00
0.00 20988.39
40.10 -58.76 -9999.00 -9999.00 -9999.00 322.82 7.07 0.00
0.00 21970.24
33.80 -57.26 -9999.00 -9999.00 -9999.00 188.75 5.11 0.00
0.00 23046.58
27.80 -56.06 -9999.00 -9999.00 -9999.00 226.55 5.09 0.00
0.00 24284.98
22.30 -55.16 -9999.00 -9999.00 -9999.00 286.86 6.70 0.00
0.00 25688.73
17.10 -52.66 -9999.00 -9999.00 -9999.00 271.18 18.84 0.00
0.00 27392.62
12.30 -47.76 -9999.00 -9999.00 -9999.00 273.62 33.86 0.00
0.00 29542.72

STID = KEPZ STNM = 723640 TIME = 221027/0200 
SLAT = 31.87 SLON = -106.70 SELV = 1195.0
STIM = 14

SHOW = 5.14 LIFT = 5.31 SWET = 57.24 KINX = 16.19
LCLP = 704.69 PWAT = 10.17 TOTL = 41.64 CAPE = 0.00
LCLT = 271.24 CINS = 0.00 EQLV = -9999.00 LFCT = -9999.00
BRCH = 0.00

PRES TMPC TMWC DWPC THTE DRCT SKNT OMEG
CFRL HGHT
877.60 15.64 8.20 1.12 314.25 177.71 4.86 0.20
0.00 1205.62
875.00 18.34 9.30 0.99 317.41 169.00 7.13 0.10
0.00 1230.89
870.20 19.34 9.54 0.53 318.64 178.75 8.94 0.10
0.00 1278.04
862.00 19.04 9.20 0.00 318.79 193.74 8.99 0.00
0.00 1359.28
850.00 18.24 8.60 -0.63 318.77 213.69 9.11 -0.10
0.00 1479.33
834.70 17.14 7.84 -1.29 318.84 235.10 10.18 -0.20
0.00 1634.36
816.60 15.74 6.86 -2.19 318.75 247.67 11.75 -0.30
0.00 1820.66
797.00 14.04 5.69 -3.21 318.48 254.39 13.71 -0.30
0.00 2025.98
776.10 12.04 4.37 -4.17 318.16 257.62 16.32 -0.40
0.00 2249.09
752.90 9.84 2.91 -5.21 317.94 259.70 19.54 -0.40
0.00 2502.01
727.50 7.34 1.23 -6.36 317.69 261.18 22.80 -0.40
0.00 2785.61
700.00 4.84 -0.82 -8.59 317.08 262.53 23.89 -0.40
0.00 3101.16
670.30 2.84 -3.09 -12.73 316.53 266.25 23.76 -0.60
0.00 3453.21
638.40 0.34 -5.50 -16.68 316.42 270.90 24.86 -0.80
0.00 3845.79
604.20 -2.66 -8.10 -20.35 316.72 268.78 27.39 -0.90
0.00 4284.54
567.60 -5.76 -10.82 -24.51 317.64 265.38 31.37 -0.80
0.00 4776.79
528.70 -9.26 -13.76 -28.24 319.17 264.10 35.94 -0.70
0.00 5329.10
490.50 -12.96 -16.87 -32.12 320.89 263.60 40.07 -0.50
0.00 5904.56
455.60 -16.46 -19.92 -36.80 322.71 263.10 43.63 -0.40
0.00 6463.08
423.90 -20.06 -23.00 -40.67 324.44 261.16 46.79 -0.30
0.00 7001.25
394.80 -24.16 -26.49 -43.81 325.52 259.66 49.77 -0.20
0.00 7523.92
367.90 -28.06 -29.92 -47.69 326.71 260.71 52.95 -0.20
0.00 8034.26
343.30 -31.26 -32.81 -51.24 328.73 262.68 57.96 -0.20
0.00 8527.55
320.80 -34.16 -35.48 -54.82 331.02 262.73 64.43 -0.20
0.00 9004.66
300.20 -37.06 -38.18 -59.86 333.14 263.54 74.28 -0.20
0.00 9466.15
281.40 -39.46 -40.42 -62.58 335.86 266.76 85.80 -0.10
0.00 9910.81
264.20 -42.06 -42.79 -59.10 338.25 272.55 100.52 -0.10
0.00 10339.86
248.00 -45.16 -45.65 -56.92 339.88 273.80 111.36 0.00
0.00 10765.03
233.20 -48.36 -48.76 -61.81 340.93 269.57 104.31 0.00
0.00 11172.80
219.50 -50.76 -51.12 -67.42 343.08 264.06 97.65 -0.10
0.00 11569.06
205.60 -53.36 -53.66 -72.72 345.42 257.27 105.75 -0.10
0.00 11992.44
191.60 -56.66 -56.87 -73.19 347.16 258.73 110.33 -0.10
0.00 12442.74
177.70 -59.76 -59.91 -73.70 349.63 263.47 104.22 -0.10
0.00 12916.59
163.80 -62.46 -62.57 -74.24 353.34 265.31 90.25 0.00
0.00 13422.13
149.80 -65.06 -65.14 -74.84 358.00 260.61 78.55 0.00
0.00 13969.74
135.80 -67.76 -9999.00 -9999.00 -9999.00 259.09 75.97 0.10
0.00 14563.51
121.90 -68.96 -9999.00 -9999.00 -9999.00 261.00 70.80 0.10
0.00 15210.81
107.90 -69.16 -9999.00 -9999.00 -9999.00 258.97 61.95 0.10
0.00 15939.61
94.00 -67.66 -9999.00 -9999.00 -9999.00 260.14 51.07 0.00
0.00 16766.11
81.00 -66.16 -9999.00 -9999.00 -9999.00 260.69 37.20 -0.10
0.00 17664.68
70.60 -66.76 -9999.00 -9999.00 -9999.00 258.76 30.91 -0.10
0.00 18496.08
62.20 -67.46 -9999.00 -9999.00 -9999.00 259.57 32.19 -0.10
0.00 19260.07
54.30 -64.66 -9999.00 -9999.00 -9999.00 266.84 31.70 0.00
0.00 20083.45
46.90 -59.86 -9999.00 -9999.00 -9999.00 275.64 15.81 0.00
0.00 20987.84
40.10 -60.16 -9999.00 -9999.00 -9999.00 161.57 0.62 0.00
0.00 21965.11
33.80 -57.36 -9999.00 -9999.00 -9999.00 178.92 10.30 0.00
0.00 23037.69
27.80 -55.46 -9999.00 -9999.00 -9999.00 189.46 5.91 0.00
0.00 24277.52
22.30 -55.36 -9999.00 -9999.00 -9999.00 287.24 5.91 0.00
0.00 25682.57
17.10 -52.76 -9999.00 -9999.00 -9999.00 287.39 20.14 0.00
0.00 27385.29
12.30 -47.56 -9999.00 -9999.00 -9999.00 286.70 36.50 0.00
0.00 29535.88

STID = KEPZ STNM = 723640 TIME = 221027/0300 
SLAT = 31.87 SLON = -106.70 SELV = 1195.0
STIM = 15

SHOW = 4.68 LIFT = 4.80 SWET = 56.86 KINX = 19.28
LCLP = 714.56 PWAT = 10.84 TOTL = 42.58 CAPE = 0.00
LCLT = 271.69 CINS = 0.00 EQLV = -9999.00 LFCT = -9999.00
BRCH = 0.00

PRES TMPC TMWC DWPC THTE DRCT SKNT OMEG
CFRL HGHT
878.30 15.04 8.05 1.40 313.79 196.93 4.66 0.20
0.00 1205.59
875.70 17.14 9.04 1.67 316.70 182.66 8.35 0.10
0.00 1230.76
870.90 18.64 9.70 1.82 319.10 180.94 11.85 0.00
0.00 1277.73
862.70 18.64 9.42 1.12 319.38 185.62 11.91 -0.10
0.00 1358.77
850.70 18.04 8.71 -0.06 319.01 203.05 9.93 -0.30
0.00 1478.63
835.30 17.14 8.02 -0.74 319.28 227.29 10.31 -0.50
0.00 1634.51
817.20 15.74 7.05 -1.61 319.20 241.82 12.33 -0.60
0.00 1820.69
797.70 14.04 5.85 -2.71 318.82 250.56 14.01 -0.80
0.00 2024.82
776.70 12.14 4.52 -3.87 318.44 255.79 15.83 -0.90
0.00 2248.87
753.40 9.84 2.99 -4.97 318.06 257.99 18.67 -0.80
0.00 2502.75
728.00 7.34 1.38 -5.88 317.99 259.09 21.56 -0.70
0.00 2786.17
700.50 4.34 -0.46 -6.58 317.91 259.17 22.75 -0.40
0.00 3101.28
670.70 2.24 -2.98 -10.99 316.78 260.10 24.84 -0.30
0.00 3453.67
638.80 0.24 -5.46 -16.24 316.44 265.07 27.10 -0.40
0.00 3845.56
604.50 -2.66 -8.05 -20.08 316.77 265.20 27.87 -0.70
0.00 4285.27
567.90 -5.96 -10.87 -23.92 317.52 263.33 30.11 -0.80
0.00 4777.10
528.90 -9.56 -13.91 -27.79 318.87 263.08 33.86 -0.90
0.00 5330.07
490.70 -13.26 -17.01 -31.36 320.62 263.56 38.11 -0.80
0.00 5904.66
455.80 -16.76 -20.09 -36.00 322.40 261.83 42.39 -0.70
0.00 6462.30
424.00 -20.36 -23.23 -40.67 324.04 259.35 46.25 -0.60
0.00 7001.35
394.80 -24.26 -26.55 -43.36 325.42 257.64 49.92 -0.50
0.00 7525.34
368.00 -27.96 -29.82 -47.07 326.86 257.13 53.21 -0.40
0.00 8033.73
343.40 -31.16 -32.73 -51.24 328.84 257.35 58.53 -0.40
0.00 8527.08
320.90 -34.16 -35.50 -56.08 330.95 259.37 67.40 -0.30
0.00 9004.15
300.20 -36.66 -37.84 -62.08 333.66 261.85 78.11 -0.20
0.00 9468.19
281.40 -39.06 -39.96 -55.89 336.60 265.13 89.30 -0.10
0.00 9913.61
264.20 -41.86 -42.37 -49.99 338.95 268.04 102.04 -0.10
0.00 10343.23
248.00 -45.26 -45.46 -48.48 340.22 266.55 109.75 -0.10
100.00 10768.52
233.20 -49.16 -49.28 -51.67 340.13 266.41 108.61 -0.10
100.00 11175.51
219.50 -51.96 -52.14 -57.90 341.45 264.48 100.89 -0.10
7.00 11570.02
205.60 -53.66 -53.95 -72.72 344.95 257.08 108.62 0.00
0.00 11991.96
191.60 -56.66 -56.87 -73.19 347.16 258.67 109.75 0.00
0.00 12441.96
177.70 -59.56 -59.71 -73.70 349.96 261.53 105.46 0.00
0.00 12916.02
163.80 -62.36 -62.47 -74.24 353.50 264.36 94.87 0.00
0.00 13421.92
149.80 -65.16 -65.24 -74.84 357.83 262.89 81.62 0.10
0.00 13969.54
135.80 -67.66 -9999.00 -9999.00 -9999.00 259.42 75.10 0.10
0.00 14563.30
121.90 -68.86 -9999.00 -9999.00 -9999.00 261.62 70.69 0.10
0.00 15210.92
107.90 -69.06 -9999.00 -9999.00 -9999.00 262.28 60.76 0.10
0.00 15940.08
94.00 -68.26 -9999.00 -9999.00 -9999.00 260.47 50.43 0.10
0.00 16765.57
81.00 -66.16 -9999.00 -9999.00 -9999.00 259.45 37.14 0.00
0.00 17662.83
70.60 -66.26 -9999.00 -9999.00 -9999.00 261.75 27.08 -0.10
0.00 18495.24
62.20 -66.66 -9999.00 -9999.00 -9999.00 264.66 27.12 0.00
0.00 19261.64
54.30 -62.86 -9999.00 -9999.00 -9999.00 271.17 28.55 0.00
0.00 20090.19
46.90 -58.76 -9999.00 -9999.00 -9999.00 274.40 12.67 0.00
0.00 21000.80
40.10 -60.26 -9999.00 -9999.00 -9999.00 167.01 5.19 0.00
0.00 21980.36
33.80 -56.76 -9999.00 -9999.00 -9999.00 217.41 12.47 0.00
0.00 23054.19
27.80 -55.06 -9999.00 -9999.00 -9999.00 223.26 4.53 0.00
0.00 24296.88
22.30 -55.76 -9999.00 -9999.00 -9999.00 297.51 10.51 0.00
0.00 25701.92
17.10 -53.46 -9999.00 -9999.00 -9999.00 286.48 19.85 0.00
0.00 27400.37
12.30 -47.76 -9999.00 -9999.00 -9999.00 286.35 33.80 0.00
0.00 29546.62

STID = KEPZ STNM = 723640 TIME = 221027/0400 
SLAT = 31.87 SLON = -106.70 SELV = 1195.0
STIM = 16

SHOW = 3.78 LIFT = 4.26 SWET = 79.98 KINX = 20.30
LCLP = 728.77 PWAT = 11.48 TOTL = 44.28 CAPE = 0.00
LCLT = 272.48 CINS = 0.00 EQLV = -9999.00 LFCT = -9999.00
BRCH = 0.00

PRES TMPC TMWC DWPC THTE DRCT SKNT OMEG
CFRL HGHT
878.10 14.24 7.89 1.93 313.48 218.66 3.73 0.10
0.00 1205.56
875.50 15.94 8.87 2.57 316.36 201.80 9.42 0.00
0.00 1230.66
870.70 17.74 9.89 3.30 319.78 195.64 15.13 -0.10
0.00 1277.48
862.50 18.04 9.85 2.96 320.75 195.56 15.93 -0.20
0.00 1358.36
850.50 17.64 9.02 1.32 320.00 203.50 14.61 -0.40
0.00 1478.08
835.10 16.84 8.11 -0.10 319.60 220.45 15.58 -0.60
0.00 1633.85
817.00 15.54 7.06 -1.30 319.29 240.60 15.83 -0.70
0.00 1819.93
797.50 13.84 5.81 -2.54 318.77 255.29 16.06 -0.80
0.00 2023.98
776.50 11.94 4.49 -3.66 318.42 260.13 18.14 -0.90
0.00 2247.93
753.30 9.64 3.09 -4.35 318.36 259.11 20.57 -0.80
0.00 2500.61
727.90 7.14 1.54 -5.09 318.41 257.13 20.92 -0.70
0.00 2783.91
700.30 4.34 -0.57 -6.94 317.66 255.48 22.47 -0.50
0.00 3100.12
670.60 1.94 -2.97 -10.35 316.84 257.10 26.11 -0.50
0.00 3451.22
638.70 -0.26 -5.41 -14.64 316.63 257.69 28.22 -0.60
0.00 3842.64
604.40 -2.96 -8.09 -19.29 316.73 258.01 29.00 -0.70
0.00 4281.82
567.80 -6.16 -10.92 -23.36 317.47 259.63 30.21 -0.80
0.00 4773.30
528.80 -9.86 -14.02 -27.08 318.70 261.38 32.42 -0.80
0.00 5325.87
490.60 -13.66 -17.20 -30.48 320.32 262.04 36.48 -0.60
0.00 5899.81
455.70 -17.36 -20.47 -35.25 321.78 260.32 41.57 -0.50
0.00 6456.51
423.90 -20.86 -23.62 -40.67 323.42 257.86 47.09 -0.30
0.00 6994.53
394.80 -24.56 -26.81 -43.81 324.99 255.96 51.26 -0.30
0.00 7515.95
368.00 -28.26 -30.03 -45.94 326.54 254.80 55.56 -0.20
0.00 8023.71
343.40 -31.66 -33.13 -50.41 328.20 256.62 62.10 -0.20
0.00 8516.26
320.90 -34.26 -35.61 -57.56 330.77 258.69 70.32 -0.10
0.00 8992.73
300.20 -36.26 -37.13 -46.77 334.87 263.22 83.92 -0.10
0.00 9457.09
281.40 -38.76 -39.23 -44.16 337.83 266.39 98.68 0.00
0.00 9903.23
264.20 -41.96 -42.23 -45.45 339.20 266.19 108.24 0.00
100.00 10333.06
248.00 -45.76 -45.97 -49.45 339.40 264.31 105.81 0.00
99.00 10757.82
233.20 -49.16 -49.35 -53.71 340.01 262.01 103.38 0.00
81.00 11164.35
219.50 -51.66 -51.91 -60.56 341.83 257.74 105.17 -0.10
0.00 11559.11
205.60 -54.16 -54.41 -67.89 344.21 257.12 109.79 -0.10
0.00 11980.86
191.60 -56.76 -56.97 -73.19 347.00 258.97 110.63 -0.10
0.00 12430.24
177.70 -59.46 -59.62 -73.70 350.12 261.22 106.92 -0.10
0.00 12904.31
163.80 -62.26 -62.37 -74.24 353.67 263.57 97.14 -0.10
0.00 13410.45
149.80 -64.76 -64.84 -74.84 358.52 263.31 85.08 0.00
0.00 13958.71
135.80 -66.96 -9999.00 -9999.00 -9999.00 261.25 76.65 0.00
0.00 14554.06
121.90 -68.96 -9999.00 -9999.00 -9999.00 262.97 71.45 0.00
0.00 15202.62
107.90 -70.16 -9999.00 -9999.00 -9999.00 264.95 61.81 0.00
0.00 15929.64
94.00 -69.46 -9999.00 -9999.00 -9999.00 258.95 49.67 0.10
0.00 16750.49
81.00 -66.66 -9999.00 -9999.00 -9999.00 254.62 38.07 0.00
0.00 17644.05
70.60 -65.66 -9999.00 -9999.00 -9999.00 257.85 28.61 0.00
0.00 18476.66
62.20 -65.86 -9999.00 -9999.00 -9999.00 264.20 25.00 0.00
0.00 19245.65
54.30 -62.96 -9999.00 -9999.00 -9999.00 265.53 24.94 0.00
0.00 20075.59
46.90 -58.16 -9999.00 -9999.00 -9999.00 240.38 11.40 0.00
0.00 20987.28
40.10 -59.86 -9999.00 -9999.00 -9999.00 180.00 10.49 0.00
0.00 21969.13
33.80 -56.06 -9999.00 -9999.00 -9999.00 242.42 14.69 0.00
0.00 23045.71
27.80 -54.66 -9999.00 -9999.00 -9999.00 279.46 5.91 0.00
0.00 24291.55
22.30 -56.36 -9999.00 -9999.00 -9999.00 302.35 13.79 0.00
0.00 25695.95
17.10 -54.26 -9999.00 -9999.00 -9999.00 293.90 18.71 0.00
0.00 27388.96
12.30 -49.26 -9999.00 -9999.00 -9999.00 279.34 29.91 0.00
0.00 29524.11

STID = KEPZ STNM = 723640 TIME = 221027/0500 
SLAT = 31.87 SLON = -106.70 SELV = 1195.0
STIM = 17

SHOW = 3.34 LIFT = 3.75 SWET = 175.83 KINX = 20.34
LCLP = 734.60 PWAT = 11.71 TOTL = 45.16 CAPE = 0.00
LCLT = 273.03 CINS = 0.00 EQLV = -9999.00 LFCT = -9999.00
BRCH = 0.00

PRES TMPC TMWC DWPC THTE DRCT SKNT OMEG
CFRL HGHT
877.90 14.14 8.02 2.37 313.85 234.46 1.67 0.10
0.00 1205.56
875.20 15.24 8.79 3.12 316.23 208.52 10.18 -0.10
0.00 1231.60
870.50 17.24 9.77 3.50 319.48 204.15 18.51 -0.20
0.00 1277.37
862.20 18.14 9.79 2.70 320.60 209.74 20.36 -0.40
0.00 1359.20
850.20 17.64 9.00 1.26 319.97 231.51 20.59 -0.60
0.00 1478.98
834.90 16.64 8.01 -0.13 319.37 249.21 22.44 -0.90
0.00 1633.73
816.80 15.34 7.04 -1.11 319.28 255.50 23.27 -1.10
0.00 1819.73
797.30 13.64 5.99 -1.72 319.33 257.01 23.33 -1.10
0.00 2023.70
776.30 11.74 4.75 -2.60 319.16 256.56 22.57 -1.10
0.00 2247.60
753.10 9.54 3.15 -4.03 318.54 256.97 21.54 -1.00
0.00 2500.24
727.70 7.14 1.35 -5.66 317.98 258.38 21.21 -0.90
0.00 2783.55
700.20 4.34 -0.70 -7.34 317.37 260.54 23.64 -0.70
0.00 3098.67
670.50 1.64 -2.92 -9.59 317.01 258.35 25.99 -0.60
0.00 3449.63
638.50 -0.66 -5.41 -13.67 316.70 250.80 27.76 -0.60
0.00 3841.91
604.30 -3.16 -8.10 -18.64 316.76 250.74 30.05 -0.60
0.00 4279.46
567.70 -6.36 -10.97 -22.83 317.41 255.79 30.87 -0.60
0.00 4770.67
528.70 -10.16 -14.13 -26.29 318.55 259.51 32.01 -0.60
0.00 5322.84
490.60 -14.16 -17.49 -29.82 319.84 260.85 35.41 -0.50
0.00 5894.48
455.70 -17.76 -20.75 -35.02 321.31 259.43 41.30 -0.30
0.00 6450.21
423.90 -21.26 -23.94 -41.04 322.87 258.00 47.67 -0.20
0.00 6987.38
394.80 -24.76 -26.99 -44.28 324.69 256.17 52.82 -0.10
0.00 7508.18
367.90 -28.46 -30.19 -45.94 326.30 255.64 58.74 -0.10
0.00 8017.49
343.40 -31.66 -33.11 -49.66 328.24 255.92 66.28 0.00
0.00 8507.91
320.80 -34.06 -35.43 -57.56 331.07 255.11 75.58 0.00
0.00 8986.77
300.20 -36.26 -37.26 -50.13 334.64 259.32 86.99 0.00
0.00 9449.14
281.40 -39.06 -39.57 -45.24 337.28 265.53 102.29 0.00
0.00 9894.98
264.20 -42.46 -42.83 -47.92 338.23 266.09 108.26 0.00
2.00 10324.07
248.00 -45.66 -46.09 -55.83 339.18 263.66 107.30 0.00
0.00 10748.43
233.20 -48.46 -48.86 -61.81 340.77 261.45 108.43 0.00
0.00 11155.66
219.50 -51.06 -51.38 -64.45 342.66 259.39 109.69 0.00
0.00 11551.57
205.60 -54.16 -54.38 -64.93 344.26 258.35 109.67 0.00
0.00 11973.89
191.70 -57.36 -57.53 -68.39 346.03 258.33 109.48 0.00
0.00 12419.34
177.70 -60.06 -60.20 -73.70 349.14 260.24 108.80 0.00
0.00 12895.35
163.80 -62.16 -62.27 -74.24 353.84 263.00 100.41 0.00
0.00 13400.90
149.80 -64.46 -64.55 -74.84 359.03 262.99 87.49 -0.10
0.00 13949.68
135.90 -66.76 -9999.00 -9999.00 -9999.00 262.51 78.96 -0.10
0.00 14541.28
121.90 -68.86 -9999.00 -9999.00 -9999.00 263.80 71.91 -0.10
0.00 15194.74
107.90 -70.16 -9999.00 -9999.00 -9999.00 264.00 61.32 0.00
0.00 15921.94
94.00 -69.06 -9999.00 -9999.00 -9999.00 256.59 47.73 0.00
0.00 16743.59
81.00 -66.56 -9999.00 -9999.00 -9999.00 254.82 37.84 0.00
0.00 17638.25
70.60 -65.56 -9999.00 -9999.00 -9999.00 260.30 31.14 0.00
0.00 18471.25
62.20 -65.26 -9999.00 -9999.00 -9999.00 267.83 25.66 0.00
0.00 19241.54
54.30 -63.26 -9999.00 -9999.00 -9999.00 263.14 21.13 0.00
0.00 20072.08
46.90 -58.56 -9999.00 -9999.00 -9999.00 220.14 12.96 0.00
0.00 20982.26
40.10 -59.76 -9999.00 -9999.00 -9999.00 175.86 13.44 0.00
0.00 21963.43
33.80 -56.46 -9999.00 -9999.00 -9999.00 249.08 14.14 0.00
0.00 23039.26
27.80 -54.76 -9999.00 -9999.00 -9999.00 282.99 2.58 0.00
0.00 24283.67
22.30 -56.36 -9999.00 -9999.00 -9999.00 298.39 8.18 0.00
0.00 25687.75
17.10 -53.36 -9999.00 -9999.00 -9999.00 302.97 17.13 0.00
0.00 27384.25
12.30 -49.46 -9999.00 -9999.00 -9999.00 282.12 32.38 0.00
0.00 29522.79

STID = KEPZ STNM = 723640 TIME = 221027/0600 
SLAT = 31.87 SLON = -106.70 SELV = 1195.0
STIM = 18

SHOW = 4.33 LIFT = 4.38 SWET = 94.33 KINX = 20.30
LCLP = 763.15 PWAT = 11.50 TOTL = 43.47 CAPE = 0.00
LCLT = 274.53 CINS = 0.00 EQLV = -9999.00 LFCT = -9999.00
BRCH = 0.00

PRES TMPC TMWC DWPC THTE DRCT SKNT OMEG
CFRL HGHT
878.40 12.64 7.78 3.37 313.23 212.74 6.47 0.10
0.00 1206.46
875.70 14.64 8.69 3.48 315.91 217.03 13.87 -0.20
0.00 1232.39
871.00 17.04 9.25 2.39 317.93 225.48 16.34 -0.40
0.00 1278.06
862.70 17.54 8.85 0.83 317.86 247.00 22.38 -0.70
0.00 1359.71
850.70 17.34 8.24 -0.55 317.77 252.67 28.69 -1.00
0.00 1479.19
835.40 16.74 7.51 -1.81 317.84 254.49 31.25 -1.20
0.00 1633.74
817.30 15.44 6.57 -2.69 317.89 258.48 31.12 -1.30
0.00 1819.63
797.80 13.84 5.59 -3.23 318.13 261.31 30.85 -1.40
0.00 2023.53
776.70 11.84 4.49 -3.52 318.40 262.03 29.43 -1.50
0.00 2248.43
753.50 9.54 3.19 -3.89 318.61 260.74 26.57 -1.50
0.00 2500.96
728.10 7.04 1.68 -4.52 318.75 258.78 23.97 -1.40
0.00 2784.11
700.50 4.14 -0.24 -5.64 318.43 259.29 21.95 -1.10
0.00 3100.11
670.80 1.44 -2.73 -8.61 317.41 254.32 23.00 -0.80
0.00 3450.74
638.80 -0.46 -5.38 -14.02 316.70 244.47 28.85 -0.60
0.00 3842.85
604.60 -3.06 -8.08 -18.87 316.74 249.16 32.21 -0.60
0.00 4280.42
567.90 -6.56 -11.01 -22.31 317.30 253.82 32.77 -0.60
0.00 4772.68
528.90 -10.46 -14.26 -25.78 318.29 255.81 34.07 -0.50
0.00 5324.14
490.70 -14.36 -17.66 -30.14 319.50 257.47 37.61 -0.40
0.00 5896.57
455.80 -17.96 -20.95 -35.74 320.93 258.64 43.40 -0.20
0.00 6451.74
424.00 -21.36 -24.02 -41.04 322.72 258.51 49.75 -0.10
0.00 6988.47
394.80 -24.86 -27.09 -44.78 324.52 257.32 55.75 -0.10
0.00 7510.78
368.00 -28.56 -30.30 -46.49 326.10 256.84 61.44 -0.10
0.00 8017.93
343.40 -31.76 -33.22 -50.41 328.06 255.57 69.41 -0.10
0.00 8510.07
320.90 -34.26 -35.43 -49.55 331.09 255.76 79.76 -0.10
0.00 8986.45
300.20 -36.76 -37.55 -46.31 334.21 259.47 89.30 0.00
0.00 9450.33
281.40 -39.56 -40.11 -46.89 336.41 263.50 101.26 0.10
0.00 9895.23
264.20 -42.46 -42.80 -47.46 338.27 264.16 112.67 0.20
36.00 10323.85
248.00 -45.46 -45.81 -52.45 339.64 262.33 113.48 0.20
1.00 10748.41
233.20 -48.16 -48.60 -63.99 341.19 260.04 111.23 0.20
0.00 11156.09
219.50 -51.06 -51.41 -67.42 342.62 258.19 110.14 0.10
0.00 11552.26
205.60 -54.26 -54.48 -64.93 344.10 257.23 110.74 0.10
0.00 11974.49
191.60 -57.26 -57.43 -68.39 346.24 258.51 112.20 0.10
0.00 12423.25
177.70 -59.96 -60.11 -73.70 349.30 261.74 110.90 0.00
0.00 12896.21
163.70 -62.26 -62.37 -74.25 353.73 263.90 102.37 0.00
0.00 13405.55
149.80 -64.76 -64.84 -74.84 358.52 262.88 92.40 0.00
0.00 13950.07
135.80 -67.06 -9999.00 -9999.00 -9999.00 262.33 82.91 -0.10
0.00 14545.27
121.90 -69.26 -9999.00 -9999.00 -9999.00 262.45 73.87 -0.10
0.00 15193.20
107.90 -69.86 -9999.00 -9999.00 -9999.00 261.27 62.68 0.00
0.00 15920.22
94.00 -68.36 -9999.00 -9999.00 -9999.00 256.08 48.43 0.00
0.00 16743.89
81.00 -66.76 -9999.00 -9999.00 -9999.00 254.64 38.87 0.00
0.00 17639.63
70.60 -66.36 -9999.00 -9999.00 -9999.00 260.01 31.35 0.00
0.00 18470.63
62.20 -65.26 -9999.00 -9999.00 -9999.00 261.19 25.35 0.00
0.00 19239.44
54.30 -61.76 -9999.00 -9999.00 -9999.00 249.23 18.07 0.00
0.00 20072.96
46.90 -58.86 -9999.00 -9999.00 -9999.00 220.79 13.09 0.00
0.00 20985.71
40.10 -59.56 -9999.00 -9999.00 -9999.00 205.74 12.08 0.00
0.00 21966.65
33.80 -57.66 -9999.00 -9999.00 -9999.00 270.72 15.54 0.00
0.00 23039.98
27.80 -55.46 -9999.00 -9999.00 -9999.00 296.57 1.30 0.00
0.00 24278.95
22.30 -56.76 -9999.00 -9999.00 -9999.00 249.44 6.64 0.00
0.00 25679.48
17.10 -52.56 -9999.00 -9999.00 -9999.00 293.11 15.83 0.00
0.00 27377.54
12.30 -48.86 -9999.00 -9999.00 -9999.00 287.47 32.98 0.00
0.00 29522.82

STID = KEPZ STNM = 723640 TIME = 221027/0700 
SLAT = 31.87 SLON = -106.70 SELV = 1195.0
STIM = 19

SHOW = 4.79 LIFT = 4.89 SWET = 102.30 KINX = 17.48
LCLP = 767.48 PWAT = 10.66 TOTL = 42.76 CAPE = 0.00
LCLT = 274.13 CINS = 0.00 EQLV = -9999.00 LFCT = -9999.00
BRCH = 0.00

PRES TMPC TMWC DWPC THTE DRCT SKNT OMEG
CFRL HGHT
877.10 11.64 7.11 2.86 311.71 222.61 6.60 0.10
0.00 1206.43
874.50 13.94 7.83 2.12 313.78 234.27 13.64 -0.30
0.00 1231.36
869.70 15.64 8.12 0.97 315.05 244.25 18.34 -0.60
0.00 1277.89
861.50 16.34 7.97 -0.22 315.66 254.23 26.44 -1.00
0.00 1358.29
849.50 16.74 7.70 -1.42 316.45 258.15 32.15 -1.40
0.00 1477.54
834.20 16.24 7.12 -2.31 317.00 262.60 34.67 -1.60
0.00 1632.00
816.20 14.94 6.12 -3.43 316.85 267.95 32.65 -1.70
0.00 1816.78
796.60 13.34 4.98 -4.47 316.71 271.14 29.33 -1.60
0.00 2021.63
775.70 11.54 3.80 -5.28 316.77 269.59 27.00 -1.40
0.00 2244.34
752.50 9.54 2.47 -6.20 316.89 264.92 26.32 -1.20
0.00 2496.99
727.20 7.14 1.06 -6.57 317.34 256.97 24.13 -1.00
0.00 2779.33
699.70 4.44 -0.58 -7.11 317.73 247.46 22.30 -0.90
0.00 3094.71
670.00 2.14 -2.88 -10.41 317.13 242.88 26.85 -0.90
0.00 3446.30
638.20 -0.46 -5.52 -14.59 316.50 246.15 31.22 -1.00
0.00 3836.82
604.00 -3.66 -8.25 -17.86 316.54 251.02 32.25 -1.00
0.00 4274.33
567.40 -7.26 -11.24 -20.99 317.00 251.14 33.04 -0.80
0.00 4764.56
528.50 -10.96 -14.48 -24.95 317.98 251.17 35.51 -0.60
0.00 5313.85
490.40 -14.66 -17.84 -29.82 319.26 254.33 39.55 -0.40
0.00 5884.31
455.50 -18.06 -20.97 -35.02 320.97 258.02 45.86 -0.20
0.00 6439.41
423.80 -21.26 -23.92 -40.67 322.93 259.19 52.80 -0.10
0.00 6974.76
394.70 -24.66 -26.95 -45.31 324.77 258.62 59.05 -0.10
0.00 7495.78
367.90 -28.26 -30.11 -48.35 326.41 257.80 66.18 -0.10
0.00 8003.57
343.30 -31.56 -33.07 -51.24 328.32 256.73 74.44 0.00
0.00 8496.35
320.80 -34.46 -35.60 -49.55 330.84 257.30 83.04 0.00
0.00 8972.87
300.20 -37.16 -38.08 -50.82 333.32 260.01 90.73 0.10
0.00 9433.99
281.40 -39.36 -40.10 -50.69 336.42 262.52 104.43 0.20
0.00 9878.68
264.20 -42.16 -42.50 -47.02 338.75 262.84 115.31 0.30
0.00 10307.75
248.00 -45.56 -45.83 -50.54 339.61 262.10 115.91 0.30
12.00 10732.50
233.20 -48.16 -48.60 -63.99 341.19 259.89 112.86 0.20
0.00 11140.10
219.50 -50.76 -51.15 -72.27 343.04 258.24 112.49 0.20
0.00 11536.53
205.60 -53.76 -54.02 -67.89 344.84 257.57 112.78 0.10
0.00 11959.52
191.60 -56.96 -57.14 -68.39 346.73 258.29 113.87 0.10
0.00 12409.11
177.70 -60.16 -60.30 -73.70 348.98 260.70 115.35 0.10
0.00 12882.18
163.70 -62.86 -62.96 -74.25 352.73 263.67 109.25 0.00
0.00 13390.55
149.80 -64.86 -64.94 -74.84 358.34 264.55 94.06 0.00
0.00 13934.16
135.80 -67.16 -9999.00 -9999.00 -9999.00 262.58 84.23 0.00
0.00 14529.08
121.90 -69.16 -9999.00 -9999.00 -9999.00 261.89 75.74 0.00
0.00 15177.01
107.90 -69.56 -9999.00 -9999.00 -9999.00 258.25 63.89 0.00
0.00 15904.75
94.00 -67.96 -9999.00 -9999.00 -9999.00 253.45 50.47 0.00
0.00 16729.83
81.00 -66.46 -9999.00 -9999.00 -9999.00 252.26 40.79 0.00
0.00 17627.09
70.60 -65.66 -9999.00 -9999.00 -9999.00 261.72 32.38 0.00
0.00 18460.10
62.20 -64.56 -9999.00 -9999.00 -9999.00 267.56 27.41 0.00
0.00 19231.51
54.30 -62.16 -9999.00 -9999.00 -9999.00 254.05 18.38 0.00
0.00 20065.62
46.90 -60.46 -9999.00 -9999.00 -9999.00 229.16 15.15 0.00
0.00 20974.09
40.10 -60.66 -9999.00 -9999.00 -9999.00 226.85 12.78 0.00
0.00 21948.84
33.80 -57.56 -9999.00 -9999.00 -9999.00 276.55 11.93 0.00
0.00 23019.66
27.80 -53.86 -9999.00 -9999.00 -9999.00 336.37 3.40 0.00
0.00 24263.50
22.30 -55.86 -9999.00 -9999.00 -9999.00 283.78 10.61 0.00
0.00 25672.09
17.10 -52.56 -9999.00 -9999.00 -9999.00 288.67 15.17 0.00
0.00 27373.65
12.30 -48.16 -9999.00 -9999.00 -9999.00 289.18 28.38 0.00
0.00 29522.31

STID = KEPZ STNM = 723640 TIME = 221027/0800 
SLAT = 31.87 SLON = -106.70 SELV = 1195.0
STIM = 20

SHOW = 4.86 LIFT = 5.48 SWET = 96.41 KINX = 15.39
LCLP = 757.47 PWAT = 10.23 TOTL = 42.59 CAPE = 0.00
LCLT = 272.61 CINS = 0.00 EQLV = -9999.00 LFCT = -9999.00
BRCH = 0.00

PRES TMPC TMWC DWPC THTE DRCT SKNT OMEG
CFRL HGHT
877.30 11.14 6.32 1.50 309.71 217.23 6.10 0.10
0.00 1206.41
874.70 12.84 6.92 1.05 311.44 235.84 13.15 -0.30
0.00 1231.25
870.00 14.54 7.43 0.41 313.25 246.23 17.83 -0.70
0.00 1276.62
861.70 16.34 7.79 -0.76 315.13 257.81 24.84 -1.10
0.00 1357.81
849.70 16.84 7.47 -2.28 315.79 266.40 27.84 -1.40
0.00 1477.04
834.50 16.24 6.49 -4.48 315.21 273.39 26.26 -1.40
0.00 1630.43
816.40 14.94 5.39 -6.03 314.86 275.07 24.18 -1.40
0.00 1816.12
796.90 13.24 4.37 -6.52 315.05 271.83 24.30 -1.30
0.00 2019.75
775.90 11.34 3.36 -6.52 315.60 269.14 25.84 -1.30
0.00 2243.28
752.80 9.24 2.29 -6.32 316.42 264.08 26.36 -1.20
0.00 2494.52
727.40 7.14 0.97 -6.89 317.07 254.36 25.21 -1.10
0.00 2777.72
699.90 4.74 -0.83 -8.46 317.07 245.38 25.64 -1.10
0.00 3093.13
670.20 2.14 -3.08 -11.15 316.64 245.72 28.34 -1.10
0.00 3444.76
638.30 -0.76 -5.56 -14.03 316.42 250.40 30.11 -1.10
0.00 3836.20
604.10 -4.06 -8.27 -16.77 316.53 251.90 31.27 -0.90
0.00 4273.11
567.50 -7.56 -11.25 -20.03 316.99 250.41 33.61 -0.70
0.00 4762.65
528.60 -11.26 -14.56 -24.16 317.83 250.91 37.41 -0.50
0.00 5311.25
490.40 -14.96 -17.93 -28.75 319.12 254.49 42.13 -0.30
0.00 5882.51
455.60 -18.26 -21.03 -33.90 320.87 258.15 48.23 -0.20
0.00 6435.44
423.80 -21.56 -24.10 -39.62 322.65 259.41 54.93 -0.10
0.00 6971.90
394.70 -25.06 -27.25 -44.78 324.29 259.19 61.11 -0.10
0.00 7492.21
367.90 -28.56 -30.34 -47.69 326.05 258.47 68.01 0.00
0.00 7999.27
343.30 -31.96 -33.37 -49.66 327.86 257.34 76.24 0.00
0.00 8491.35
320.80 -34.96 -36.11 -51.82 330.03 257.20 83.27 0.10
0.00 8966.98
300.20 -37.06 -38.06 -53.27 333.34 259.66 94.19 0.20
0.00 9427.70
281.40 -39.06 -39.83 -50.69 336.85 261.50 107.83 0.30
0.00 9872.77
264.20 -42.16 -42.46 -46.20 338.83 261.76 116.59 0.40
0.00 10302.12
248.00 -45.66 -45.80 -48.02 339.67 261.55 117.64 0.40
100.00 10726.78
233.20 -48.36 -48.67 -56.34 341.10 259.49 114.98 0.30
2.00 11134.12
219.50 -50.66 -51.02 -67.42 343.24 256.90 114.88 0.30
0.00 11530.47
205.60 -53.66 -53.92 -67.89 345.00 256.80 116.53 0.20
0.00 11953.66
191.60 -56.76 -56.94 -68.39 347.05 258.28 117.64 0.20
0.00 12403.56
177.70 -60.06 -60.20 -73.70 349.14 260.52 115.60 0.10
0.00 12876.96
163.70 -63.06 -63.16 -74.25 352.39 262.47 108.16 0.10
0.00 13385.21
149.80 -65.06 -65.14 -74.84 358.00 264.08 96.08 0.10
0.00 13928.30
135.80 -66.66 -9999.00 -9999.00 -9999.00 263.17 83.33 0.10
0.00 14523.65
121.90 -68.66 -9999.00 -9999.00 -9999.00 260.39 74.48 0.00
0.00 15173.16
107.90 -68.86 -9999.00 -9999.00 -9999.00 257.59 63.25 0.00
0.00 15903.04
94.00 -67.76 -9999.00 -9999.00 -9999.00 250.80 50.80 0.00
0.00 16729.94
81.00 -66.46 -9999.00 -9999.00 -9999.00 251.15 42.07 0.00
0.00 17627.64
70.60 -65.46 -9999.00 -9999.00 -9999.00 264.96 33.16 0.00
0.00 18461.05
62.20 -65.06 -9999.00 -9999.00 -9999.00 274.09 27.27 0.00
0.00 19231.90
54.30 -62.66 -9999.00 -9999.00 -9999.00 252.42 20.57 0.00
0.00 20064.03
46.90 -60.86 -9999.00 -9999.00 -9999.00 217.76 17.44 0.00
0.00 20970.56
40.10 -59.96 -9999.00 -9999.00 -9999.00 249.15 8.72 0.00
0.00 21946.00
33.80 -56.86 -9999.00 -9999.00 -9999.00 308.66 12.43 0.00
0.00 23020.33
27.80 -54.36 -9999.00 -9999.00 -9999.00 14.04 5.61 0.00
0.00 24264.73
22.30 -55.26 -9999.00 -9999.00 -9999.00 275.31 8.39 0.00
0.00 25673.65
17.10 -51.06 -9999.00 -9999.00 -9999.00 270.00 13.60 0.00
0.00 27383.37
12.30 -47.46 -9999.00 -9999.00 -9999.00 294.05 25.74 0.00
0.00 29542.63

STID = KEPZ STNM = 723640 TIME = 221027/0900 
SLAT = 31.87 SLON = -106.70 SELV = 1195.0
STIM = 21

SHOW = 5.51 LIFT = 6.07 SWET = 92.19 KINX = 12.75
LCLP = 757.76 PWAT = 9.98 TOTL = 41.33 CAPE = 0.00
LCLT = 271.77 CINS = 0.00 EQLV = -9999.00 LFCT = -9999.00
BRCH = 0.00

PRES TMPC TMWC DWPC THTE DRCT SKNT OMEG
CFRL HGHT
877.40 10.24 5.56 0.64 307.87 200.56 4.97 0.20
0.00 1205.42
874.80 11.84 6.23 0.45 309.75 227.60 12.10 -0.30
0.00 1230.18
870.00 13.74 6.90 -0.06 311.93 241.70 17.21 -0.60
0.00 1276.35
861.80 15.94 7.48 -1.16 314.32 258.31 23.02 -1.00
0.00 1356.39
849.80 16.54 6.95 -3.61 314.37 269.55 24.67 -1.30
0.00 1475.44
834.50 15.94 5.92 -6.14 313.70 273.81 23.37 -1.40
0.00 1629.64
816.50 14.54 4.81 -7.64 313.35 272.43 22.94 -1.40
0.00 1814.02
796.90 12.84 3.91 -7.57 313.91 269.55 24.67 -1.40
0.00 2018.37
776.00 10.94 3.12 -6.69 315.02 265.44 26.88 -1.40
0.00 2240.49
752.80 9.04 2.17 -6.40 316.13 259.16 27.89 -1.40
0.00 2492.53
727.50 7.04 0.72 -7.57 316.45 253.84 27.91 -1.30
0.00 2774.43
700.00 4.84 -1.09 -9.56 316.44 250.56 28.01 -1.20
0.00 3089.76
670.30 2.24 -3.14 -11.57 316.49 250.95 28.57 -1.20
0.00 3441.43
638.40 -0.76 -5.49 -13.73 316.56 252.04 29.60 -1.10
0.00 3832.88
604.20 -4.06 -8.16 -16.29 316.74 251.45 31.76 -0.90
0.00 4269.73
567.50 -7.56 -11.14 -19.45 317.21 251.07 35.31 -0.70
0.00 4760.59
528.60 -11.36 -14.49 -23.32 317.98 253.08 39.39 -0.50
0.00 5309.10
490.50 -15.16 -17.94 -27.76 319.09 256.51 44.15 -0.30
0.00 5878.51
455.60 -18.66 -21.25 -33.08 320.51 259.70 49.94 -0.10
0.00 6432.35
423.80 -22.06 -24.43 -38.67 322.12 260.24 56.18 -0.10
0.00 6967.87
394.70 -25.66 -27.67 -43.36 323.61 259.57 62.22 0.00
0.00 7487.03
367.90 -29.16 -30.80 -46.49 325.32 258.63 68.96 0.00
0.00 7992.88
343.30 -32.46 -33.78 -48.96 327.22 256.84 76.81 0.10
0.00 8483.84
320.80 -35.26 -36.39 -52.71 329.58 256.09 84.85 0.20
0.00 8958.68
300.20 -37.16 -38.20 -55.36 333.12 258.67 96.87 0.30
0.00 9419.01
281.40 -39.26 -39.98 -50.05 336.60 260.70 110.63 0.40
0.00 9863.78
264.20 -42.26 -42.55 -46.20 338.68 261.33 119.85 0.50
0.00 10292.86
248.00 -45.76 -45.92 -48.48 339.48 260.97 121.35 0.50
100.00 10717.34
233.20 -48.56 -48.85 -56.34 340.79 258.87 118.78 0.40
2.00 11124.41
219.50 -50.96 -51.29 -64.45 342.82 256.56 117.83 0.40
0.00 11520.32
205.60 -53.76 -54.02 -67.89 344.84 256.49 118.86 0.30
0.00 11943.12
191.60 -56.76 -56.94 -68.39 347.05 258.00 120.55 0.20
0.00 12392.91
177.70 -59.96 -60.11 -73.70 349.30 259.72 118.65 0.20
0.00 12866.43
163.70 -62.76 -62.86 -74.25 352.89 260.86 108.80 0.20
0.00 13375.16
149.80 -64.66 -64.74 -74.84 358.69 261.62 96.02 0.10
0.00 13919.16
135.80 -66.06 -9999.00 -9999.00 -9999.00 262.60 84.42 0.10
0.00 14515.94
121.90 -67.26 -9999.00 -9999.00 -9999.00 261.38 73.87 0.00
0.00 15168.62
107.90 -67.86 -9999.00 -9999.00 -9999.00 259.17 63.09 0.00
0.00 15902.78
94.00 -67.86 -9999.00 -9999.00 -9999.00 252.11 51.22 0.00
0.00 16731.50
81.00 -67.46 -9999.00 -9999.00 -9999.00 251.73 42.75 0.00
0.00 17626.80
70.60 -66.16 -9999.00 -9999.00 -9999.00 265.45 34.30 0.00
0.00 18456.79
62.20 -65.36 -9999.00 -9999.00 -9999.00 273.63 27.64 0.00
0.00 19225.78
54.30 -62.66 -9999.00 -9999.00 -9999.00 247.45 24.83 0.00
0.00 20057.32
46.90 -60.86 -9999.00 -9999.00 -9999.00 227.19 18.01 0.00
0.00 20963.85
40.10 -58.76 -9999.00 -9999.00 -9999.00 271.79 6.22 0.00
0.00 21942.04
33.80 -56.26 -9999.00 -9999.00 -9999.00 332.18 7.91 0.00
0.00 23020.87
27.80 -55.96 -9999.00 -9999.00 -9999.00 42.71 6.88 0.00
0.00 24262.42
22.30 -55.56 -9999.00 -9999.00 -9999.00 261.16 8.84 0.00
0.00 25665.21
17.10 -50.16 -9999.00 -9999.00 -9999.00 257.30 14.14 0.00
0.00 27377.26
12.30 -47.46 -9999.00 -9999.00 -9999.00 286.87 24.77 0.00
0.00 29540.86
STN YYMMDD/HHMM PMSL PRES SKTC STC1 SNFL WTNS
P01M C01M STC2 LCLD MCLD HCLD
SNRA UWND VWND R01M BFGR T2MS
Q2MS WXTS WXTP WXTZ WXTR USTM
VSTM HLCY SLLH WSYM CDBP VSBK
TD2M
723640 221026/1200 1015.50 881.30 1.54 274.70 -9999.00 6.00
-9999.00 -9999.00 275.40 0.00 0.00 0.00
-9999.00 -1.80 1.20 -9999.00 -9999.00 3.84
3.53 0.00 0.00 0.00 0.00 14.20
-6.10 -2.50 -9999.00 999.00 -9999.00 20.00
-2.86
723640 221026/1300 1016.20 881.80 1.54 274.70 0.00 6.00
0.00 0.00 275.20 0.00 0.00 0.00
-9999.00 -1.50 1.90 -9999.00 -9999.00 3.74
3.50 0.00 0.00 0.00 0.00 14.30
-5.80 15.70 0.00 999.00 -9999.00 20.00
-2.97
723640 221026/1400 1017.10 882.40 2.54 275.70 0.00 7.00
0.00 0.00 275.80 0.00 0.00 0.00
-9999.00 -1.10 1.90 -9999.00 -9999.00 4.04
3.52 0.00 0.00 0.00 0.00 14.70
-5.50 15.30 0.00 999.00 -9999.00 20.00
-2.88
723640 221026/1500 1016.40 882.60 8.54 281.70 0.00 7.00
0.00 0.00 280.80 0.00 0.00 0.00
-9999.00 -0.90 0.80 -9999.00 -9999.00 7.64
3.63 0.00 0.00 0.00 0.00 14.70
-5.60 -1.20 0.00 999.00 -9999.00 20.00
-2.47
723640 221026/1600 1015.70 883.00 14.74 287.90 0.00 7.00
0.00 0.00 286.40 0.00 0.00 0.00
-9999.00 0.70 1.30 -9999.00 -9999.00 11.44
3.87 0.00 0.00 0.00 0.00 14.70
-5.40 -7.70 0.00 999.00 -9999.00 20.00
-1.60
723640 221026/1700 1014.30 882.40 19.54 292.70 0.00 6.00
0.00 0.00 291.00 0.00 0.00 0.00
-9999.00 1.90 1.40 -9999.00 -9999.00 14.74
3.99 0.00 0.00 0.00 0.00 14.90
-5.40 -6.30 0.00 999.00 -9999.00 20.00
-1.19
723640 221026/1800 1013.20 881.90 22.94 296.10 0.00 6.00
0.00 0.00 294.40 0.00 0.00 0.00
-9999.00 2.80 1.90 -9999.00 -9999.00 17.44
4.21 0.00 0.00 0.00 0.00 15.10
-5.50 -1.20 0.00 999.00 -9999.00 20.00
-0.47
723640 221026/1900 1011.30 880.50 25.04 298.20 0.00 6.00
0.00 0.00 296.70 0.00 0.00 0.00
-9999.00 3.40 1.90 -9999.00 -9999.00 19.14
4.60 0.00 0.00 0.00 0.00 15.20
-5.40 -1.60 0.00 999.00 -9999.00 20.00
0.72
723640 221026/2000 1009.70 879.40 25.84 299.00 0.00 6.00
0.00 0.00 297.70 0.00 0.00 0.00
-9999.00 4.00 1.50 -9999.00 -9999.00 20.34
4.39 0.00 0.00 0.00 0.00 15.60
-5.40 -3.40 0.00 999.00 -9999.00 20.00
0.06
723640 221026/2100 1009.30 879.20 25.54 298.70 0.00 6.00
0.00 0.00 297.80 0.00 0.00 0.00
-9999.00 4.30 1.70 -9999.00 -9999.00 21.14
4.06 0.00 0.00 0.00 0.00 15.70
-5.60 1.50 0.00 999.00 -9999.00 20.00
-1.01
723640 221026/2200 1009.10 879.20 24.24 297.40 0.00 6.00
0.00 0.00 296.90 0.00 0.00 0.00
-9999.00 4.50 2.00 -9999.00 -9999.00 21.34
3.94 0.00 0.00 0.00 0.00 15.50
-5.90 7.40 0.00 999.00 -9999.00 20.00
-1.41
723640 221026/2300 1009.00 879.00 21.84 295.00 0.00 6.00
0.00 0.00 295.00 0.00 0.00 0.00
-9999.00 4.00 2.00 -9999.00 -9999.00 20.84
4.42 0.00 0.00 0.00 0.00 15.00
-6.30 10.70 0.00 999.00 -9999.00 20.00
0.15
723640 221027/0000 1008.60 878.50 18.24 291.40 0.00 6.00
0.00 0.00 292.00 0.00 0.00 0.00
-9999.00 1.40 1.90 -9999.00 -9999.00 18.74
4.68 0.00 0.00 0.00 0.00 14.30
-6.50 28.00 0.00 999.00 -9999.00 20.00
0.93
723640 221027/0100 1009.10 878.60 14.64 287.80 0.00 6.00
0.00 0.00 288.50 0.00 0.00 0.00
-9999.00 -0.30 2.80 -9999.00 -9999.00 15.84
4.71 0.00 0.00 0.00 0.00 13.50
-6.10 48.80 0.00 999.00 -9999.00 20.00
1.02
723640 221027/0200 1009.70 878.70 12.94 286.10 0.00 6.00
0.00 0.00 286.80 0.00 0.00 0.00
-9999.00 -1.40 2.60 -9999.00 -9999.00 14.04
4.78 0.00 0.00 0.00 0.00 13.40
-5.60 67.90 0.00 999.00 -9999.00 20.00
1.22
723640 221027/0300 1010.60 879.40 11.44 284.60 0.00 6.00
0.00 0.00 285.40 0.00 100.00 0.00
-9999.00 -1.10 2.00 -9999.00 -9999.00 12.94
4.86 0.00 0.00 0.00 0.00 13.00
-5.00 65.20 0.00 999.00 -9999.00 20.00
1.46
723640 221027/0400 1010.60 879.20 10.24 283.40 0.00 6.00
0.00 0.00 284.10 0.00 100.00 0.00
-9999.00 -0.60 0.80 -9999.00 -9999.00 11.94
5.05 0.00 0.00 0.00 0.00 12.80
-4.10 63.10 0.00 999.00 -9999.00 20.00
1.99
723640 221027/0500 1010.30 879.00 9.24 282.40 0.00 6.00
0.00 0.00 283.10 0.00 2.00 0.00
-9999.00 -1.20 0.20 -9999.00 -9999.00 11.44
5.20 0.00 0.00 0.00 0.00 13.70
-3.80 75.80 0.00 999.00 -9999.00 20.00
2.39
723640 221027/0600 1011.40 879.60 8.84 282.00 0.00 6.00
0.00 0.00 282.60 0.00 36.00 0.00
-9999.00 0.20 2.90 -9999.00 -9999.00 10.44
5.59 0.00 0.00 0.00 0.00 15.90
-3.50 62.70 0.00 999.00 -9999.00 20.00
3.42
723640 221027/0700 1010.10 878.30 8.04 281.20 0.00 6.00
0.00 0.00 281.80 0.00 12.00 0.00
-9999.00 0.40 2.50 -9999.00 -9999.00 9.54
5.40 0.00 0.00 0.00 0.00 17.30
-3.20 61.90 0.00 999.00 -9999.00 20.00
2.91
723640 221027/0800 1010.50 878.50 7.24 280.40 0.00 6.00
0.00 0.00 281.10 0.00 100.00 0.00
-9999.00 -0.10 2.10 -9999.00 -9999.00 8.94
4.90 0.00 0.00 0.00 0.00 17.90
-3.30 31.10 0.00 999.00 -9999.00 20.00
1.56
723640 221027/0900 1010.70 878.50 6.44 279.60 0.00 6.00
0.00 0.00 280.20 0.00 100.00 0.00
-9999.00 -0.80 2.20 -9999.00 -9999.00 8.04
4.60 0.00 0.00 0.00 0.00 18.20
-3.50 19.50 0.00 999.00 -9999.00 20.00
0.69


