
SNPARM = PRES;TMPC;TMWC;DWPC;THTE;DRCT;SKNT;OMEG;CFRL;HGHT 
STNPRM = SHOW;LIFT;SWET;KINX;LCLP;PWAT;TOTL;CAPE;LCLT;CINS;EQLV;LFCT;BRCH 

STID = KBIL STNM = 726770 TIME = 221026/1200 
SLAT = 45.80 SLON = -108.53 SELV = 1002.0
STIM = 0

SHOW = 3.20 LIFT = 3.67 SWET = 67.47 KINX = 15.27
LCLP = 789.70 PWAT = 6.30 TOTL = 50.25 CAPE = 0.00
LCLT = 265.25 CINS = 0.00 EQLV = -9999.00 LFCT = -9999.00
BRCH = 0.00

PRES TMPC TMWC DWPC THTE DRCT SKNT OMEG
CFRL HGHT
895.90 1.84 -1.20 -6.25 291.65 244.98 3.22 0.10
0.00 1010.99
893.20 3.04 -0.50 -6.24 293.21 249.78 3.92 -0.10
0.00 1035.38
888.40 4.04 0.03 -6.31 294.74 214.99 2.37 -0.20
0.00 1079.09
880.00 5.14 0.53 -6.63 296.61 130.60 3.57 -0.30
0.00 1156.46
867.70 5.34 0.38 -7.46 297.66 136.40 5.63 -0.30
0.00 1271.34
852.00 4.64 -0.27 -8.27 298.15 146.77 6.74 -0.30
0.00 1420.22
833.50 3.44 -1.24 -9.15 298.41 164.25 7.87 -0.30
0.00 1598.60
813.40 2.14 -2.37 -10.43 298.60 182.29 9.71 -0.30
0.00 1796.03
791.80 0.64 -3.72 -12.13 298.62 204.44 11.73 -0.20
0.00 2012.58
767.80 -1.36 -5.35 -13.66 298.56 219.17 13.54 -0.20
0.00 2258.63
741.60 -3.86 -7.25 -14.88 298.44 230.30 13.38 -0.30
0.00 2533.85
713.10 -6.66 -9.27 -15.50 298.60 240.69 12.70 -0.40
0.00 2841.45
682.30 -9.66 -11.54 -16.34 298.86 253.38 13.58 -0.50
0.00 3184.26
649.20 -12.76 -14.37 -19.16 298.77 262.95 17.42 -0.60
0.00 3565.88
613.60 -15.76 -17.54 -24.39 298.80 267.92 21.39 -0.60
0.00 3993.54
575.60 -18.96 -20.94 -31.71 299.26 268.64 24.48 -0.60
0.00 4472.41
535.20 -23.06 -24.79 -37.69 299.99 268.35 27.02 -0.50
0.00 5009.62
495.70 -27.56 -28.56 -36.53 301.32 268.08 28.96 -0.20
0.00 5565.94
459.70 -31.36 -31.80 -35.41 303.35 267.77 29.93 0.00
69.00 6103.88
427.00 -34.56 -34.88 -38.00 305.48 265.94 32.91 0.10
100.00 6622.79
397.10 -37.86 -38.12 -41.29 307.30 263.46 37.55 0.10
100.00 7126.38
369.70 -41.96 -42.18 -45.90 307.86 264.18 40.23 0.20
100.00 7614.56
344.60 -46.56 -46.71 -50.38 307.64 261.76 44.76 0.20
100.00 8085.66
321.80 -51.16 -51.25 -54.79 307.20 256.27 52.39 0.30
100.00 8535.11
300.90 -55.46 -55.53 -59.84 306.97 252.92 59.54 0.30
100.00 8967.25
281.80 -58.46 -58.51 -62.57 308.42 250.82 66.22 0.30
0.00 9382.26
264.50 -60.26 -60.32 -66.06 311.38 255.65 68.18 0.20
0.00 9778.75
248.20 -59.66 -59.71 -63.53 318.03 259.98 59.17 0.20
0.00 10175.68
233.30 -56.16 -56.32 -66.98 328.97 254.66 55.79 0.10
0.00 10565.74
219.50 -52.66 -52.97 -72.27 340.10 258.37 54.93 0.00
0.00 10956.14
205.60 -51.16 -51.55 -72.72 348.88 267.69 43.36 -0.10
0.00 11379.80
191.70 -51.36 -9999.00 -9999.00 -9999.00 262.01 34.91 -0.10
0.00 11834.46
177.70 -51.46 -9999.00 -9999.00 -9999.00 253.79 41.06 0.00
0.00 12326.68
163.80 -51.06 -9999.00 -9999.00 -9999.00 257.76 46.72 0.10
0.00 12855.70
149.80 -51.06 -9999.00 -9999.00 -9999.00 264.26 44.72 0.10
0.00 13436.53
135.90 -51.36 -9999.00 -9999.00 -9999.00 261.00 39.72 0.10
0.00 14069.17
121.90 -51.36 -9999.00 -9999.00 -9999.00 255.18 37.98 0.10
0.00 14774.98
108.00 -51.96 -9999.00 -9999.00 -9999.00 260.26 33.31 0.00
0.00 15559.91
94.00 -54.66 -9999.00 -9999.00 -9999.00 260.46 24.63 0.00
0.00 16453.33
81.00 -56.26 -9999.00 -9999.00 -9999.00 255.87 30.24 0.00
0.00 17401.78
70.60 -53.06 -9999.00 -9999.00 -9999.00 261.68 25.52 0.00
0.00 18280.65
62.20 -54.56 -9999.00 -9999.00 -9999.00 267.88 5.24 0.00
0.00 19093.95
54.30 -57.66 -9999.00 -9999.00 -9999.00 278.28 10.80 0.00
0.00 19956.89
46.90 -55.96 -9999.00 -9999.00 -9999.00 254.18 12.12 0.00
0.00 20884.66
40.10 -55.76 -9999.00 -9999.00 -9999.00 199.57 9.29 0.00
0.00 21880.96
33.80 -55.26 -9999.00 -9999.00 -9999.00 225.86 9.21 0.00
0.00 22969.80
27.80 -55.26 -9999.00 -9999.00 -9999.00 239.74 2.70 0.00
0.00 24216.20
22.30 -56.36 -9999.00 -9999.00 -9999.00 229.64 5.09 0.00
0.00 25618.67
17.10 -55.46 -9999.00 -9999.00 -9999.00 287.82 5.71 0.00
0.00 27307.01
12.30 -53.36 -9999.00 -9999.00 -9999.00 308.00 7.89 0.00
0.00 29416.61

STID = KBIL STNM = 726770 TIME = 221026/1300 
SLAT = 45.80 SLON = -108.53 SELV = 1002.0
STIM = 1

SHOW = 3.04 LIFT = 3.55 SWET = 74.69 KINX = 14.32
LCLP = 788.08 PWAT = 6.43 TOTL = 50.77 CAPE = 0.00
LCLT = 265.19 CINS = 0.00 EQLV = -9999.00 LFCT = -9999.00
BRCH = 0.00

PRES TMPC TMWC DWPC THTE DRCT SKNT OMEG
CFRL HGHT
896.00 1.94 -1.15 -6.29 291.72 244.44 4.95 0.10
0.00 1011.00
893.40 3.14 -0.47 -6.33 293.25 259.88 5.52 -0.10
0.00 1034.49
888.50 3.84 -0.12 -6.45 294.43 246.80 4.43 -0.20
0.00 1079.09
880.10 4.54 0.16 -6.77 295.88 192.53 3.57 -0.30
0.00 1156.33
867.80 4.84 0.13 -7.36 297.17 175.03 4.49 -0.40
0.00 1270.97
852.20 4.34 -0.40 -8.11 297.89 167.01 5.19 -0.60
0.00 1418.67
833.60 3.24 -1.32 -9.04 298.24 170.54 5.91 -0.70
0.00 1597.82
813.50 1.94 -2.47 -10.37 298.40 198.43 6.14 -0.70
0.00 1795.09
791.90 0.44 -3.85 -12.20 298.36 238.82 8.62 -0.60
0.00 2011.46
768.00 -1.46 -5.47 -13.94 298.31 256.20 11.40 -0.60
0.00 2256.29
741.80 -3.66 -7.20 -15.26 298.49 255.30 12.26 -0.60
0.00 2531.49
713.20 -6.36 -9.21 -16.12 298.68 248.70 12.30 -0.60
0.00 2840.38
682.40 -9.26 -11.49 -17.37 298.92 250.82 14.20 -0.70
0.00 3183.57
649.30 -12.36 -14.37 -20.68 298.73 260.24 18.34 -0.70
0.00 3565.68
613.70 -15.56 -17.48 -25.04 298.87 263.55 22.47 -0.60
0.00 3993.74
575.70 -19.16 -20.78 -28.61 299.52 262.49 25.27 -0.40
0.00 4472.54
535.30 -23.56 -24.55 -30.09 300.39 261.87 27.47 0.00
0.00 5008.99
495.80 -27.86 -28.36 -31.63 301.62 259.97 29.00 0.30
5.00 5564.39
459.80 -31.16 -31.56 -34.69 303.69 256.14 30.01 0.40
77.00 6102.15
427.00 -34.26 -34.59 -37.72 305.90 255.79 30.87 0.20
81.00 6623.14
397.20 -37.46 -37.73 -40.93 307.83 259.38 31.62 -0.10
100.00 7125.72
369.70 -41.56 -41.78 -45.38 308.42 259.26 34.40 -0.40
100.00 7616.47
344.70 -45.96 -46.11 -49.62 308.46 254.82 37.84 -0.50
100.00 8086.65
321.80 -50.36 -50.46 -53.68 308.34 247.71 42.00 -0.50
100.00 8539.41
300.90 -54.66 -54.73 -58.07 308.13 240.43 48.02 -0.30
100.00 8973.13
281.80 -58.56 -58.61 -62.57 308.28 237.13 56.20 -0.10
0.00 9388.81
264.50 -60.76 -60.81 -66.06 310.65 241.97 61.17 0.00
0.00 9784.74
248.20 -59.46 -59.54 -66.53 318.29 256.89 52.25 0.00
0.00 10181.40
233.30 -55.86 -56.02 -66.98 329.42 252.55 49.88 0.00
0.00 10571.91
219.50 -52.56 -52.87 -72.27 340.26 258.78 50.89 0.00
0.00 10962.67
205.60 -51.66 -52.03 -72.72 348.09 268.95 42.54 0.00
0.00 11385.95
191.70 -51.66 -9999.00 -9999.00 -9999.00 265.49 37.02 0.00
0.00 11839.79
177.70 -51.56 -9999.00 -9999.00 -9999.00 258.21 40.87 0.00
0.00 12331.56
163.80 -51.26 -9999.00 -9999.00 -9999.00 260.78 44.87 0.10
0.00 12860.22
149.80 -51.46 -9999.00 -9999.00 -9999.00 265.82 42.66 0.00
0.00 13440.26
135.90 -51.66 -9999.00 -9999.00 -9999.00 260.73 37.39 0.00
0.00 14071.91
121.90 -51.56 -9999.00 -9999.00 -9999.00 252.74 35.99 0.00
0.00 14776.92
108.00 -52.06 -9999.00 -9999.00 -9999.00 259.36 32.61 0.00
0.00 15561.32
94.00 -54.36 -9999.00 -9999.00 -9999.00 265.27 25.93 0.00
0.00 16455.14
81.00 -56.16 -9999.00 -9999.00 -9999.00 258.11 30.17 0.00
0.00 17404.47
70.60 -53.86 -9999.00 -9999.00 -9999.00 260.40 26.79 0.00
0.00 18281.93
62.20 -55.06 -9999.00 -9999.00 -9999.00 283.24 6.78 0.00
0.00 19092.83
54.30 -58.26 -9999.00 -9999.00 -9999.00 264.81 8.59 0.00
0.00 19953.58
46.90 -56.16 -9999.00 -9999.00 -9999.00 243.43 11.29 0.00
0.00 20879.63
40.10 -55.86 -9999.00 -9999.00 -9999.00 210.34 9.23 0.00
0.00 21875.24
33.80 -55.26 -9999.00 -9999.00 -9999.00 231.12 7.73 0.00
0.00 22963.83
27.80 -54.86 -9999.00 -9999.00 -9999.00 196.70 2.02 0.00
0.00 24211.38
22.30 -55.86 -9999.00 -9999.00 -9999.00 299.74 3.13 0.00
0.00 25616.75
17.10 -54.96 -9999.00 -9999.00 -9999.00 282.09 5.56 0.00
0.00 27308.98
12.30 -52.76 -9999.00 -9999.00 -9999.00 291.25 7.50 0.00
0.00 29423.88

STID = KBIL STNM = 726770 TIME = 221026/1400 
SLAT = 45.80 SLON = -108.53 SELV = 1002.0
STIM = 2

SHOW = 3.51 LIFT = 3.82 SWET = 54.61 KINX = 13.53
LCLP = 782.85 PWAT = 6.85 TOTL = 49.76 CAPE = 0.00
LCLT = 264.99 CINS = 0.00 EQLV = -9999.00 LFCT = -9999.00
BRCH = 0.00

PRES TMPC TMWC DWPC THTE DRCT SKNT OMEG
CFRL HGHT
895.70 2.24 -1.01 -6.40 292.01 240.64 3.57 0.10
0.00 1010.11
893.00 3.24 -0.45 -6.43 293.34 264.29 3.90 -0.10
0.00 1034.53
888.10 3.94 -0.08 -6.51 294.55 265.03 4.49 -0.10
0.00 1079.17
879.80 4.44 0.03 -7.03 295.65 219.81 6.06 -0.10
0.00 1155.52
867.50 4.74 -0.14 -8.15 296.66 212.01 9.17 -0.20
0.00 1270.15
851.80 4.14 -0.71 -8.87 297.32 211.50 7.07 -0.30
0.00 1418.77
833.30 3.04 -1.51 -9.32 297.91 190.89 5.15 -0.20
0.00 1596.89
813.20 1.74 -2.60 -10.43 298.19 199.18 4.74 -0.10
0.00 1794.08
791.60 0.14 -3.98 -11.94 298.19 256.43 5.79 -0.10
0.00 2010.33
767.70 -1.76 -5.50 -13.25 298.31 278.91 10.02 -0.10
0.00 2255.00
741.50 -3.96 -7.24 -14.52 298.48 274.84 11.50 -0.10
0.00 2530.02
713.00 -6.46 -9.23 -15.89 298.69 258.31 11.50 -0.20
0.00 2837.72
682.20 -9.26 -11.51 -17.45 298.92 246.57 12.70 -0.20
0.00 3180.94
649.10 -12.36 -14.17 -19.62 299.09 249.53 15.56 -0.20
0.00 3563.18
613.60 -15.96 -17.22 -21.53 299.34 252.85 19.11 -0.20
0.00 3989.87
575.50 -19.96 -20.62 -23.21 299.86 256.58 21.78 -0.20
1.00 4469.02
535.20 -23.86 -24.34 -26.68 300.74 261.15 23.99 -0.10
53.00 5003.22
495.70 -27.76 -28.19 -30.89 301.89 259.62 25.87 0.10
45.00 5558.54
459.70 -30.96 -31.36 -34.47 303.99 254.56 27.00 0.20
37.00 6096.75
427.00 -34.06 -34.41 -37.72 306.16 251.44 27.47 0.30
53.00 6616.65
397.10 -37.66 -37.94 -41.29 307.56 250.94 27.95 0.10
100.00 7120.98
369.70 -41.66 -41.87 -45.38 308.29 248.06 30.15 -0.10
100.00 7609.69
344.60 -45.86 -46.02 -49.63 308.62 242.55 33.70 -0.30
100.00 8081.82
321.80 -50.06 -50.17 -53.68 308.76 238.12 37.51 -0.50
100.00 8533.07
300.90 -54.26 -54.34 -58.07 308.70 235.71 41.38 -0.50
100.00 8967.47
281.80 -58.06 -58.12 -62.57 309.00 236.24 43.69 -0.40
0.00 9384.02
264.50 -61.76 -61.80 -66.06 309.19 240.17 48.82 -0.20
0.00 9779.49
248.20 -58.66 -58.75 -66.53 319.48 248.83 48.95 -0.10
0.00 10175.95
233.30 -55.36 -55.54 -66.98 330.18 251.26 46.56 -0.10
0.00 10567.65
219.50 -52.06 -52.39 -72.27 341.03 259.72 48.95 -0.10
0.00 10959.30
205.60 -51.36 -51.74 -72.72 348.56 271.69 39.45 -0.10
0.00 11383.34
191.70 -51.76 -9999.00 -9999.00 -9999.00 267.21 35.98 0.00
0.00 11837.39
177.70 -51.46 -9999.00 -9999.00 -9999.00 259.87 40.85 0.00
0.00 12329.16
163.80 -51.36 -9999.00 -9999.00 -9999.00 261.43 43.03 0.00
0.00 12857.83
149.80 -51.86 -9999.00 -9999.00 -9999.00 264.70 40.00 0.00
0.00 13437.21
135.90 -52.16 -9999.00 -9999.00 -9999.00 257.27 35.26 0.00
0.00 14067.57
121.90 -51.96 -9999.00 -9999.00 -9999.00 249.88 35.59 0.00
0.00 14771.15
108.00 -51.96 -9999.00 -9999.00 -9999.00 258.95 33.45 0.00
0.00 15555.02
94.00 -53.96 -9999.00 -9999.00 -9999.00 267.20 27.82 0.00
0.00 16449.86
81.00 -55.16 -9999.00 -9999.00 -9999.00 259.20 30.05 0.10
0.00 17402.24
70.60 -53.46 -9999.00 -9999.00 -9999.00 261.36 24.55 0.00
0.00 18282.51
62.20 -55.36 -9999.00 -9999.00 -9999.00 292.93 5.48 0.00
0.00 19093.59
54.30 -58.76 -9999.00 -9999.00 -9999.00 254.74 6.64 0.00
0.00 19952.75
46.90 -56.26 -9999.00 -9999.00 -9999.00 242.49 10.51 0.00
0.00 20877.52
40.10 -55.46 -9999.00 -9999.00 -9999.00 226.04 7.56 0.00
0.00 21873.82
33.80 -55.36 -9999.00 -9999.00 -9999.00 222.27 5.77 0.00
0.00 22963.16
27.80 -55.46 -9999.00 -9999.00 -9999.00 169.70 4.35 0.00
0.00 24208.71
22.30 -55.96 -9999.00 -9999.00 -9999.00 356.19 2.91 0.00
0.00 25611.82
17.10 -54.66 -9999.00 -9999.00 -9999.00 259.22 4.16 0.00
0.00 27304.82
12.30 -52.66 -9999.00 -9999.00 -9999.00 276.34 7.03 0.00
0.00 29421.65

STID = KBIL STNM = 726770 TIME = 221026/1500 
SLAT = 45.80 SLON = -108.53 SELV = 1002.0
STIM = 3

SHOW = 4.02 LIFT = 4.27 SWET = 42.30 KINX = 12.45
LCLP = 778.94 PWAT = 6.82 TOTL = 48.09 CAPE = 0.00
LCLT = 264.89 CINS = 0.00 EQLV = -9999.00 LFCT = -9999.00
BRCH = 0.00

PRES TMPC TMWC DWPC THTE DRCT SKNT OMEG
CFRL HGHT
895.90 2.54 -0.85 -6.44 292.29 219.81 3.03 0.10
0.00 1011.02
893.20 3.24 -0.47 -6.53 293.26 257.47 3.57 -0.10
0.00 1035.44
888.40 3.64 -0.25 -6.50 294.20 262.15 5.69 -0.20
0.00 1079.14
880.00 4.34 -0.08 -7.23 295.41 219.21 9.52 -0.20
0.00 1156.33
867.70 5.04 -0.22 -9.15 296.44 212.54 13.36 -0.30
0.00 1270.97
852.10 4.54 -0.85 -10.39 296.96 220.49 10.47 -0.30
0.00 1418.76
833.50 3.34 -1.62 -10.48 297.64 221.01 5.92 -0.20
0.00 1597.99
813.40 1.94 -2.66 -11.16 298.03 242.24 4.18 -0.10
0.00 1795.30
791.80 0.14 -4.02 -12.13 298.08 282.99 7.77 -0.10
0.00 2011.56
767.90 -1.86 -5.52 -13.04 298.26 283.82 12.20 -0.20
0.00 2256.13
741.70 -4.16 -7.28 -14.15 298.39 277.77 12.94 -0.30
0.00 2530.93
713.20 -6.56 -9.23 -15.58 298.67 262.53 11.95 -0.40
0.00 2838.38
682.40 -9.26 -11.47 -17.28 298.95 245.04 12.43 -0.40
0.00 3181.44
649.20 -12.56 -14.10 -18.54 299.21 242.74 14.41 -0.30
0.00 3564.62
613.70 -16.26 -17.14 -19.99 299.47 250.35 17.33 -0.20
0.00 3990.86
575.60 -19.96 -20.60 -23.10 299.87 256.66 19.37 -0.10
9.00 4469.68
535.30 -23.76 -24.34 -27.23 300.72 258.90 21.17 0.10
12.00 5003.89
495.70 -27.46 -27.96 -31.07 302.23 257.04 22.53 0.10
14.00 5561.00
459.70 -30.96 -31.36 -34.47 303.99 253.72 22.86 0.10
28.00 6099.54
427.00 -34.36 -34.68 -37.72 305.77 252.17 23.47 0.10
72.00 6619.11
397.20 -37.96 -38.23 -41.66 307.11 252.65 26.05 0.00
100.00 7121.06
369.70 -41.96 -42.18 -45.90 307.86 250.76 30.65 0.00
100.00 7610.86
344.70 -45.86 -46.01 -49.62 308.60 243.28 32.83 0.00
100.00 8080.73
321.80 -50.16 -50.26 -53.68 308.62 238.03 35.96 0.00
100.00 8533.79
300.90 -54.36 -54.43 -58.07 308.56 235.05 39.34 0.00
100.00 8968.00
281.80 -58.36 -58.42 -62.57 308.57 232.13 42.07 -0.10
0.00 9384.16
264.50 -61.06 -61.11 -66.06 310.21 235.99 48.97 -0.10
0.00 9780.00
248.20 -58.96 -59.05 -66.53 319.03 245.52 45.45 -0.10
0.00 10176.84
233.30 -55.36 -55.56 -71.86 330.14 248.57 44.66 -0.10
0.00 10568.26
219.50 -52.36 -52.68 -72.27 340.57 259.88 47.55 -0.10
0.00 10959.64
205.60 -51.46 -51.84 -72.72 348.41 270.57 39.24 0.00
0.00 11383.30
191.70 -51.96 -9999.00 -9999.00 -9999.00 265.78 34.29 0.00
0.00 11837.04
177.70 -51.76 -9999.00 -9999.00 -9999.00 258.85 40.19 0.10
0.00 12328.25
163.80 -51.66 -9999.00 -9999.00 -9999.00 260.54 42.54 0.10
0.00 12856.20
149.80 -51.96 -9999.00 -9999.00 -9999.00 262.46 39.98 0.10
0.00 13435.06
135.90 -51.96 -9999.00 -9999.00 -9999.00 255.23 36.56 0.10
0.00 14065.57
121.90 -51.66 -9999.00 -9999.00 -9999.00 251.66 36.42 0.00
0.00 14769.95
108.00 -51.76 -9999.00 -9999.00 -9999.00 264.56 32.79 0.00
0.00 15554.70
94.00 -53.76 -9999.00 -9999.00 -9999.00 273.32 26.85 0.00
0.00 16450.35
81.00 -55.06 -9999.00 -9999.00 -9999.00 261.03 26.15 0.00
0.00 17403.39
70.60 -54.56 -9999.00 -9999.00 -9999.00 262.61 21.15 0.00
0.00 18281.65
62.20 -56.56 -9999.00 -9999.00 -9999.00 276.01 3.71 0.00
0.00 19088.46
54.30 -59.56 -9999.00 -9999.00 -9999.00 240.95 6.00 0.00
0.00 19943.65
46.90 -56.16 -9999.00 -9999.00 -9999.00 241.70 11.48 0.00
0.00 20866.92
40.10 -54.66 -9999.00 -9999.00 -9999.00 226.97 7.96 0.00
0.00 21865.28
33.80 -55.26 -9999.00 -9999.00 -9999.00 191.31 6.93 0.00
0.00 22956.87
27.80 -55.96 -9999.00 -9999.00 -9999.00 190.12 5.52 0.00
0.00 24201.27
22.30 -55.76 -9999.00 -9999.00 -9999.00 315.00 2.20 0.00
0.00 25603.42
17.10 -54.16 -9999.00 -9999.00 -9999.00 295.35 4.08 0.00
0.00 27299.14
12.30 -52.86 -9999.00 -9999.00 -9999.00 276.34 7.03 0.00
0.00 29417.42

STID = KBIL STNM = 726770 TIME = 221026/1600 
SLAT = 45.80 SLON = -108.53 SELV = 1002.0
STIM = 4

SHOW = 3.97 LIFT = 4.24 SWET = 38.52 KINX = 12.74
LCLP = 761.72 PWAT = 6.90 TOTL = 47.86 CAPE = 0.00
LCLT = 264.50 CINS = 0.00 EQLV = -9999.00 LFCT = -9999.00
BRCH = 0.00

PRES TMPC TMWC DWPC THTE DRCT SKNT OMEG
CFRL HGHT
895.20 3.84 -0.13 -6.55 293.68 236.31 2.10 0.00
0.00 1011.07
892.50 3.54 -0.32 -6.59 293.62 235.01 2.37 -0.10
0.00 1035.58
887.70 3.44 -0.42 -6.71 293.94 242.10 3.73 -0.30
0.00 1079.32
879.30 3.84 -0.39 -7.34 294.89 219.21 9.52 -0.40
0.00 1156.47
867.00 4.84 -0.38 -9.33 296.21 215.13 12.82 -0.50
0.00 1271.06
851.40 4.64 -0.95 -11.10 296.82 224.22 10.02 -0.40
0.00 1418.94
832.90 3.44 -1.79 -11.50 297.34 229.64 5.09 -0.30
0.00 1597.39
812.80 1.84 -2.79 -11.48 297.84 263.99 3.71 -0.20
0.00 1794.83
791.20 -0.06 -4.10 -11.95 298.01 282.68 7.96 -0.20
0.00 2011.14
767.30 -2.06 -5.58 -12.78 298.23 279.02 12.39 -0.40
0.00 2255.71
741.20 -4.36 -7.33 -13.81 298.37 277.43 13.52 -0.60
0.00 2529.47
712.70 -6.86 -9.34 -15.21 298.54 267.36 12.65 -0.70
0.00 2836.85
681.90 -9.56 -11.58 -16.81 298.85 245.10 11.99 -0.70
0.00 3179.79
648.80 -13.06 -14.26 -17.64 299.01 237.72 13.09 -0.70
0.00 3561.50
613.30 -16.66 -17.25 -19.12 299.36 244.11 14.69 -0.60
4.00 3987.30
575.30 -20.16 -20.66 -22.57 299.84 249.06 16.84 -0.50
54.00 4464.61
535.00 -23.86 -24.38 -26.96 300.71 251.19 18.67 -0.30
28.00 4998.79
495.60 -27.66 -28.11 -30.90 302.03 251.20 19.29 -0.20
34.00 5552.98
459.60 -31.26 -31.62 -34.47 303.63 248.09 19.27 -0.10
79.00 6091.08
426.90 -34.86 -35.17 -38.30 305.08 247.80 20.55 -0.10
99.00 6609.90
397.10 -38.66 -38.92 -42.45 306.15 250.38 23.72 0.00
100.00 7110.69
369.70 -42.36 -42.55 -45.90 307.32 248.28 26.77 -0.10
100.00 7597.61
344.60 -46.26 -46.42 -50.38 308.04 241.02 28.87 -0.10
100.00 8068.61
321.70 -50.36 -50.48 -54.79 308.33 234.02 32.40 -0.10
100.00 8521.20
300.80 -54.36 -54.43 -58.07 308.59 229.37 36.09 -0.10
100.00 8955.35
281.80 -58.56 -58.61 -62.57 308.28 225.42 37.65 -0.10
0.00 9369.21
264.50 -60.56 -60.59 -63.05 310.98 230.10 44.81 0.00
0.00 9765.33
248.20 -57.66 -57.77 -66.53 320.97 243.32 41.96 0.00
0.00 10163.85
233.30 -53.96 -54.20 -71.86 332.26 247.86 42.77 0.00
0.00 10557.71
219.50 -51.36 -51.72 -72.27 342.11 260.37 42.95 0.00
0.00 10951.23
205.60 -50.66 -51.08 -72.72 349.66 270.33 33.99 0.00
0.00 11376.62
191.70 -51.16 -9999.00 -9999.00 -9999.00 261.72 32.38 0.00
0.00 11831.99
177.70 -51.16 -9999.00 -9999.00 -9999.00 258.41 38.68 0.00
0.00 12324.77
163.80 -51.56 -9999.00 -9999.00 -9999.00 261.44 40.46 0.00
0.00 12853.55
149.80 -52.16 -9999.00 -9999.00 -9999.00 263.12 38.93 0.00
0.00 13432.28
135.90 -52.16 -9999.00 -9999.00 -9999.00 259.34 36.77 0.00
0.00 14062.21
121.90 -51.86 -9999.00 -9999.00 -9999.00 258.23 33.33 0.00
0.00 14765.96
108.00 -52.06 -9999.00 -9999.00 -9999.00 270.00 26.81 0.00
0.00 15549.83
94.00 -53.36 -9999.00 -9999.00 -9999.00 270.55 20.20 0.00
0.00 16445.68
81.00 -54.06 -9999.00 -9999.00 -9999.00 259.45 20.16 0.00
0.00 17401.76
70.60 -54.86 -9999.00 -9999.00 -9999.00 264.69 16.78 0.00
0.00 18281.43
62.20 -57.06 -9999.00 -9999.00 -9999.00 225.00 4.12 0.00
0.00 19086.77
54.30 -58.26 -9999.00 -9999.00 -9999.00 227.73 8.66 0.00
0.00 19943.55
46.90 -54.46 -9999.00 -9999.00 -9999.00 236.31 10.51 0.00
0.00 20873.24
40.10 -54.66 -9999.00 -9999.00 -9999.00 213.18 6.04 0.00
0.00 21875.50
33.80 -55.56 -9999.00 -9999.00 -9999.00 197.88 6.33 0.00
0.00 22966.34
27.80 -55.56 -9999.00 -9999.00 -9999.00 210.58 4.97 0.00
0.00 24211.03
22.30 -55.76 -9999.00 -9999.00 -9999.00 164.74 4.43 0.00
0.00 25614.46
17.10 -54.86 -9999.00 -9999.00 -9999.00 59.04 1.13 0.00
0.00 27307.47
12.30 -53.76 -9999.00 -9999.00 -9999.00 229.40 1.79 0.00
0.00 29418.04

STID = KBIL STNM = 726770 TIME = 221026/1700 
SLAT = 45.80 SLON = -108.53 SELV = 1002.0
STIM = 5

SHOW = 3.82 LIFT = 3.91 SWET = 35.97 KINX = 13.72
LCLP = 733.35 PWAT = 7.01 TOTL = 48.24 CAPE = 0.00
LCLT = 263.72 CINS = 0.00 EQLV = -9999.00 LFCT = -9999.00
BRCH = 0.00

PRES TMPC TMWC DWPC THTE DRCT SKNT OMEG
CFRL HGHT
895.30 6.04 1.02 -6.85 295.85 246.04 1.90 0.00
0.00 1010.22
892.60 5.64 0.76 -6.94 295.65 241.39 2.43 0.00
0.00 1034.93
887.70 5.14 0.45 -7.01 295.59 243.43 2.60 -0.10
0.00 1079.88
879.40 4.34 -0.08 -7.24 295.47 229.18 5.65 -0.20
0.00 1156.41
867.10 4.44 -0.53 -9.04 295.92 222.58 9.75 -0.30
0.00 1271.00
851.50 4.54 -0.98 -10.97 296.76 227.49 9.48 -0.30
0.00 1418.73
832.90 3.54 -1.81 -11.83 297.31 235.78 5.87 -0.10
0.00 1598.14
812.90 1.84 -2.83 -11.67 297.74 246.80 4.43 0.00
0.00 1794.62
791.30 -0.06 -4.11 -12.01 297.97 261.25 7.67 0.00
0.00 2010.90
767.40 -2.16 -5.61 -12.65 298.16 268.09 11.65 -0.10
0.00 2255.40
741.20 -4.46 -7.33 -13.54 298.38 273.37 13.23 -0.30
0.00 2530.08
712.70 -7.06 -9.38 -14.78 298.49 266.48 12.65 -0.30
0.00 2837.31
682.00 -9.96 -11.71 -16.19 298.62 243.02 11.99 -0.30
0.00 3178.73
648.90 -13.36 -14.27 -16.78 298.98 233.47 13.05 -0.20
0.00 3559.90
613.40 -16.76 -17.23 -18.70 299.38 240.44 14.96 -0.20
32.00 3985.33
575.40 -20.26 -20.69 -22.37 299.76 245.22 16.69 -0.20
100.00 4462.37
535.00 -23.96 -24.40 -26.55 300.69 248.78 17.72 -0.20
95.00 4997.63
495.60 -27.86 -28.25 -30.72 301.82 249.96 17.58 -0.20
100.00 5551.49
459.60 -31.56 -31.91 -34.70 303.22 247.95 16.55 -0.10
86.00 6089.03
426.90 -35.06 -35.40 -38.91 304.76 248.53 18.57 0.10
50.00 6607.31
397.10 -38.56 -38.85 -42.87 306.24 251.87 23.10 0.20
54.00 7107.99
369.70 -42.46 -42.67 -46.45 307.15 252.10 26.53 0.10
63.00 7594.91
344.60 -46.66 -46.83 -51.21 307.46 243.08 28.32 0.10
75.00 8065.39
321.70 -50.76 -50.87 -54.79 307.78 233.42 30.96 0.00
92.00 8517.17
300.80 -54.76 -54.82 -58.07 308.02 225.00 33.51 0.00
94.00 8950.53
281.80 -58.56 -58.61 -62.57 308.28 218.41 41.90 0.00
0.00 9364.02
264.50 -58.96 -59.01 -63.05 313.33 230.98 43.51 0.00
0.00 9761.62
248.20 -55.96 -56.14 -71.43 323.46 244.64 41.28 -0.10
0.00 10163.20
233.30 -52.66 -52.95 -71.86 334.23 249.12 44.70 -0.10
0.00 10559.79
219.50 -51.16 -51.53 -72.27 342.42 257.94 40.91 -0.10
0.00 10954.65
205.60 -50.96 -9999.00 -9999.00 -9999.00 267.22 32.09 -0.10
0.00 11379.94
191.70 -51.56 -9999.00 -9999.00 -9999.00 262.13 29.80 -0.10
0.00 11834.59
177.70 -51.96 -9999.00 -9999.00 -9999.00 260.33 34.67 -0.10
0.00 12326.03
163.80 -52.56 -9999.00 -9999.00 -9999.00 266.04 36.60 0.00
0.00 12852.67
149.80 -52.86 -9999.00 -9999.00 -9999.00 268.13 35.76 0.00
0.00 13429.18
135.90 -52.26 -9999.00 -9999.00 -9999.00 264.78 34.13 0.00
0.00 14057.97
121.90 -51.66 -9999.00 -9999.00 -9999.00 261.82 30.03 0.00
0.00 14761.87
108.00 -51.46 -9999.00 -9999.00 -9999.00 263.51 24.05 0.00
0.00 15547.16
94.00 -52.16 -9999.00 -9999.00 -9999.00 259.80 19.74 0.00
0.00 16446.67
81.00 -53.36 -9999.00 -9999.00 -9999.00 263.22 19.76 0.00
0.00 17406.89
70.60 -54.96 -9999.00 -9999.00 -9999.00 267.02 18.67 0.00
0.00 18287.77
62.20 -56.96 -9999.00 -9999.00 -9999.00 232.43 9.56 0.00
0.00 19093.10
54.30 -56.86 -9999.00 -9999.00 -9999.00 233.13 11.65 0.00
0.00 19952.86
46.90 -54.36 -9999.00 -9999.00 -9999.00 242.30 8.78 0.00
0.00 20885.77
40.10 -55.76 -9999.00 -9999.00 -9999.00 233.13 4.86 0.00
0.00 21885.74
33.80 -54.66 -9999.00 -9999.00 -9999.00 235.30 6.14 0.00
0.00 22976.08
27.80 -54.06 -9999.00 -9999.00 -9999.00 169.99 3.36 0.00
0.00 24227.64
22.30 -55.26 -9999.00 -9999.00 -9999.00 149.53 7.65 0.00
0.00 25637.52
17.10 -54.06 -9999.00 -9999.00 -9999.00 213.69 0.70 0.00
0.00 27335.58
12.30 -53.46 -9999.00 -9999.00 -9999.00 220.46 8.68 0.00
0.00 29451.45

STID = KBIL STNM = 726770 TIME = 221026/1800 
SLAT = 45.80 SLON = -108.53 SELV = 1002.0
STIM = 6

SHOW = 3.51 LIFT = 3.26 SWET = 29.66 KINX = 14.63
LCLP = 697.27 PWAT = 6.89 TOTL = 48.88 CAPE = 0.00
LCLT = 262.15 CINS = 0.00 EQLV = -9999.00 LFCT = -9999.00
BRCH = 0.00

PRES TMPC TMWC DWPC THTE DRCT SKNT OMEG
CFRL HGHT
894.50 8.34 2.02 -7.81 297.86 244.98 3.22 0.10
0.00 1010.30
891.70 7.94 1.78 -7.85 297.71 242.10 3.73 0.00
0.00 1036.15
886.90 7.34 1.42 -7.92 297.53 239.93 4.27 0.00
0.00 1080.58
878.50 6.54 0.91 -8.09 297.46 239.42 4.97 0.00
0.00 1158.71
866.30 5.34 0.11 -8.49 297.25 228.81 6.20 -0.10
0.00 1273.12
850.70 4.64 -0.88 -10.79 297.04 227.20 7.15 0.00
0.00 1421.26
832.20 3.54 -1.83 -11.91 297.35 235.84 6.57 0.10
0.00 1599.89
812.10 1.94 -2.85 -12.01 297.79 242.70 6.78 0.20
0.00 1797.56
790.60 0.04 -4.15 -12.41 297.98 257.59 9.95 0.20
0.00 2013.11
766.70 -2.16 -5.68 -12.93 298.12 266.37 12.26 0.10
0.00 2257.87
740.60 -4.46 -7.39 -13.76 298.35 266.31 12.06 0.20
0.00 2531.74
712.10 -7.06 -9.36 -14.72 298.59 247.31 11.58 0.30
0.00 2839.21
681.40 -10.16 -11.64 -15.32 298.83 232.05 12.32 0.40
0.00 3180.81
648.40 -13.36 -14.26 -16.72 299.08 238.34 13.69 0.50
0.00 3561.02
612.90 -16.36 -17.16 -19.74 299.55 245.03 15.64 0.40
1.00 3987.10
575.00 -19.96 -20.62 -23.22 299.93 246.97 16.88 0.30
51.00 4463.87
534.70 -23.96 -24.46 -26.96 300.64 246.97 16.88 0.10
52.00 4998.44
495.30 -28.06 -28.47 -31.08 301.56 243.43 15.21 -0.10
80.00 5552.39
459.40 -31.76 -32.13 -35.17 302.94 236.98 13.91 -0.10
66.00 6088.28
426.80 -35.06 -35.40 -38.91 304.78 242.18 15.81 -0.10
27.00 6604.92
397.00 -38.56 -38.83 -42.45 306.30 251.75 18.61 -0.20
33.00 7105.72
369.60 -42.76 -42.95 -46.45 306.78 248.85 22.09 -0.20
88.00 7592.46
344.60 -47.16 -47.28 -50.38 306.82 241.88 25.54 -0.20
100.00 8060.31
321.70 -51.26 -51.33 -53.68 307.12 232.26 28.24 -0.20
100.00 8511.09
300.80 -55.26 -55.29 -56.61 307.35 218.17 35.82 -0.20
51.00 8943.48
281.80 -57.76 -57.80 -60.35 309.47 224.42 40.52 -0.20
0.00 9357.25
264.50 -58.36 -58.42 -63.05 314.20 238.26 39.51 -0.20
0.00 9756.15
248.20 -55.96 -56.14 -71.43 323.46 250.31 39.20 -0.10
0.00 10158.29
233.30 -52.56 -52.85 -71.86 334.38 257.87 39.74 0.00
0.00 10554.96
219.50 -50.66 -9999.00 -9999.00 -9999.00 267.24 36.36 0.00
0.00 10950.36
205.60 -50.76 -9999.00 -9999.00 -9999.00 268.45 28.77 0.00
0.00 11376.32
191.70 -51.16 -9999.00 -9999.00 -9999.00 258.31 28.77 0.00
0.00 11831.59
177.70 -51.76 -9999.00 -9999.00 -9999.00 257.62 32.61 0.00
0.00 12323.70
163.80 -52.56 -9999.00 -9999.00 -9999.00 261.50 34.17 0.00
0.00 12850.57
149.80 -52.66 -9999.00 -9999.00 -9999.00 263.66 35.18 0.00
0.00 13427.34
135.90 -52.26 -9999.00 -9999.00 -9999.00 265.75 34.09 0.00
0.00 14056.42
121.90 -52.06 -9999.00 -9999.00 -9999.00 268.43 28.38 0.00
0.00 14759.68
108.00 -52.16 -9999.00 -9999.00 -9999.00 266.46 21.99 0.00
0.00 15543.02
94.00 -52.86 -9999.00 -9999.00 -9999.00 261.87 16.49 0.00
0.00 16439.69
81.00 -53.96 -9999.00 -9999.00 -9999.00 259.95 15.58 0.00
0.00 17397.08
70.60 -55.16 -9999.00 -9999.00 -9999.00 252.16 17.75 0.00
0.00 18276.35
62.20 -56.76 -9999.00 -9999.00 -9999.00 225.00 14.28 0.00
0.00 19081.68
54.30 -56.96 -9999.00 -9999.00 -9999.00 225.00 14.84 0.00
0.00 19941.64
46.90 -55.46 -9999.00 -9999.00 -9999.00 229.90 9.65 0.00
0.00 20871.97
40.10 -56.66 -9999.00 -9999.00 -9999.00 223.73 6.18 0.00
0.00 21867.36
33.80 -54.46 -9999.00 -9999.00 -9999.00 234.69 5.71 0.00
0.00 22955.94
27.80 -54.46 -9999.00 -9999.00 -9999.00 119.48 5.13 0.00
0.00 24206.93
22.30 -55.46 -9999.00 -9999.00 -9999.00 172.23 4.31 0.00
0.00 25614.88
17.10 -53.56 -9999.00 -9999.00 -9999.00 311.99 2.62 0.00
0.00 27314.10
12.30 -53.16 -9999.00 -9999.00 -9999.00 250.46 12.78 0.00
0.00 29433.83

STID = KBIL STNM = 726770 TIME = 221026/1900 
SLAT = 45.80 SLON = -108.53 SELV = 1002.0
STIM = 7

SHOW = 2.57 LIFT = 2.63 SWET = 57.13 KINX = 16.37
LCLP = 660.61 PWAT = 6.73 TOTL = 50.40 CAPE = 0.00
LCLT = 259.92 CINS = 0.00 EQLV = -9999.00 LFCT = -9999.00
BRCH = 0.00

PRES TMPC TMWC DWPC THTE DRCT SKNT OMEG
CFRL HGHT
894.00 10.24 2.66 -9.42 299.12 242.35 4.60 0.10
0.00 1012.21
891.40 9.74 2.36 -9.51 298.81 241.56 5.30 0.10
0.00 1036.38
886.60 9.14 2.01 -9.58 298.64 240.75 5.57 0.10
0.00 1081.10
878.20 8.34 1.50 -9.76 298.57 239.35 6.10 0.10
0.00 1159.75
866.00 7.14 0.75 -10.00 298.46 236.77 6.74 0.00
0.00 1274.92
850.40 5.64 -0.21 -10.29 298.38 236.31 7.01 0.00
0.00 1423.85
831.90 3.84 -1.48 -11.13 298.05 237.17 7.17 -0.10
0.00 1602.97
811.80 2.14 -2.68 -11.76 298.15 244.00 8.86 -0.10
0.00 1800.90
790.30 0.14 -4.04 -12.22 298.21 252.58 10.39 -0.20
0.00 2016.66
766.50 -2.06 -5.60 -12.86 298.29 254.74 11.07 -0.20
0.00 2260.56
740.30 -4.36 -7.34 -13.83 298.47 247.83 11.32 -0.20
0.00 2535.68
711.90 -7.16 -9.35 -14.38 298.65 229.97 12.68 -0.10
0.00 2842.18
681.20 -10.06 -11.58 -15.33 298.96 235.86 13.85 -0.10
0.00 3183.88
648.20 -12.96 -14.15 -17.49 299.27 247.38 15.15 -0.20
0.00 3564.55
612.80 -16.16 -17.16 -20.47 299.56 254.15 16.36 -0.20
1.00 3990.00
574.90 -19.76 -20.58 -23.90 300.00 256.61 16.76 -0.20
5.00 4467.21
534.60 -23.96 -24.57 -27.68 300.50 254.15 16.36 -0.30
8.00 5002.07
495.30 -28.06 -28.51 -31.45 301.50 245.43 14.96 -0.30
30.00 5554.66
459.30 -31.86 -32.22 -35.18 302.83 239.80 15.05 -0.30
51.00 6091.98
426.70 -35.36 -35.67 -38.91 304.42 244.98 16.08 -0.10
82.00 6608.31
397.00 -38.96 -39.20 -42.45 305.78 250.35 17.33 0.00
96.00 7106.75
369.60 -43.06 -43.23 -46.45 306.38 250.59 18.12 0.20
100.00 7592.76
344.50 -47.46 -47.59 -51.21 306.40 244.20 19.64 0.20
100.00 8061.92
321.70 -51.66 -51.74 -54.79 306.53 225.28 28.17 0.00
100.00 8510.10
300.80 -55.46 -55.48 -56.61 307.07 223.75 37.65 -0.20
1.00 8941.89
281.80 -58.46 -58.49 -60.35 308.46 235.03 36.27 -0.20
0.00 9354.80
264.50 -58.76 -58.82 -63.05 313.62 248.14 32.87 -0.10
0.00 9752.68
248.20 -55.06 -55.26 -71.43 324.80 252.65 35.82 -0.10
0.00 10155.29
233.30 -51.86 -52.18 -71.86 335.44 257.47 39.39 -0.10
0.00 10553.42
219.50 -51.16 -9999.00 -9999.00 -9999.00 265.48 34.50 -0.10
0.00 10948.99
205.60 -51.36 -9999.00 -9999.00 -9999.00 262.73 29.18 0.00
0.00 11373.90
191.70 -51.16 -9999.00 -9999.00 -9999.00 256.14 30.01 0.00
0.00 11828.55
177.70 -51.66 -9999.00 -9999.00 -9999.00 257.69 32.81 0.10
0.00 12320.77
163.80 -52.36 -9999.00 -9999.00 -9999.00 260.37 33.68 0.10
0.00 12848.00
149.80 -52.36 -9999.00 -9999.00 -9999.00 264.83 34.52 0.10
0.00 13425.43
135.90 -52.06 -9999.00 -9999.00 -9999.00 272.06 32.46 0.00
0.00 14055.22
121.90 -51.96 -9999.00 -9999.00 -9999.00 272.12 26.24 0.00
0.00 14758.96
108.00 -52.26 -9999.00 -9999.00 -9999.00 261.17 20.24 0.00
0.00 15542.30
94.00 -53.46 -9999.00 -9999.00 -9999.00 252.18 17.13 0.00
0.00 16437.54
81.00 -54.16 -9999.00 -9999.00 -9999.00 247.07 16.45 0.00
0.00 17393.19
70.60 -54.66 -9999.00 -9999.00 -9999.00 239.40 20.98 0.10
0.00 18273.06
62.20 -55.86 -9999.00 -9999.00 -9999.00 232.59 20.78 0.00
0.00 19080.99
54.30 -55.96 -9999.00 -9999.00 -9999.00 231.52 19.35 0.00
0.00 19944.72
46.90 -55.06 -9999.00 -9999.00 -9999.00 242.06 14.51 0.00
0.00 20878.06
40.10 -56.36 -9999.00 -9999.00 -9999.00 240.40 9.83 0.00
0.00 21875.05
33.80 -55.16 -9999.00 -9999.00 -9999.00 240.07 7.40 0.00
0.00 22962.64
27.80 -55.46 -9999.00 -9999.00 -9999.00 142.70 5.13 0.00
0.00 24208.76
22.30 -55.26 -9999.00 -9999.00 -9999.00 182.86 3.88 0.00
0.00 25614.13
17.10 -54.76 -9999.00 -9999.00 -9999.00 100.01 3.36 0.00
0.00 27309.47
12.30 -53.76 -9999.00 -9999.00 -9999.00 249.33 10.99 0.00
0.00 29420.51

STID = KBIL STNM = 726770 TIME = 221026/2000 
SLAT = 45.80 SLON = -108.53 SELV = 1002.0
STIM = 8

SHOW = 1.94 LIFT = 1.97 SWET = 71.97 KINX = 17.21
LCLP = 645.40 PWAT = 6.62 TOTL = 51.03 CAPE = 0.00
LCLT = 258.98 CINS = 0.00 EQLV = -9999.00 LFCT = -9999.00
BRCH = 0.00

PRES TMPC TMWC DWPC THTE DRCT SKNT OMEG
CFRL HGHT
893.40 11.04 2.93 -10.11 299.70 254.93 5.23 0.00
0.00 1010.39
890.70 10.54 2.64 -10.21 299.40 252.76 5.91 0.10
0.00 1035.57
885.80 9.94 2.28 -10.28 299.24 251.57 6.14 0.10
0.00 1081.39
877.50 9.14 1.79 -10.40 299.20 251.03 6.57 0.10
0.00 1159.38
865.30 7.94 1.06 -10.57 299.12 249.08 7.07 0.10
0.00 1274.96
849.70 6.44 0.11 -10.86 299.05 247.38 7.58 0.10
0.00 1424.43
831.20 4.64 -1.05 -11.20 298.96 245.90 8.08 0.10
0.00 1604.22
811.20 2.64 -2.35 -11.57 298.85 244.03 8.43 0.00
0.00 1801.79
789.70 0.54 -3.76 -12.03 298.80 241.78 9.03 0.00
0.00 2018.06
765.90 -1.76 -5.44 -12.94 298.65 240.40 9.83 0.00
0.00 2262.47
739.80 -4.36 -7.23 -13.36 298.74 239.22 10.63 0.00
0.00 2536.89
711.40 -7.16 -9.22 -13.84 298.95 239.04 12.45 0.00
0.00 2843.62
680.70 -10.06 -11.55 -15.20 299.08 246.19 14.43 0.00
0.00 3185.58
647.80 -12.86 -14.25 -18.23 299.17 255.64 16.43 0.00
0.00 3565.41
612.40 -16.06 -17.24 -21.25 299.49 263.21 16.43 -0.10
0.00 3991.28
574.50 -19.86 -20.72 -24.26 299.85 267.40 17.11 -0.10
3.00 4468.79
534.40 -24.06 -24.63 -27.53 300.44 266.78 17.31 -0.20
20.00 5001.07
495.00 -28.26 -28.66 -31.27 301.34 258.83 16.05 -0.30
63.00 5555.00
459.20 -32.06 -32.42 -35.42 302.57 255.07 15.07 -0.20
64.00 6089.12
426.60 -35.46 -35.80 -39.56 304.24 258.41 15.46 -0.10
32.00 6605.24
396.90 -38.96 -39.29 -44.23 305.66 253.65 15.19 0.00
46.00 7103.68
369.50 -43.06 -43.35 -49.78 306.22 243.43 16.51 0.10
50.00 7589.80
344.50 -47.66 -47.81 -52.11 306.09 232.79 26.34 0.00
51.00 8056.95
321.70 -51.76 -51.84 -54.79 306.39 225.00 34.07 -0.10
100.00 8504.82
300.80 -55.76 -55.80 -58.07 306.61 231.55 32.50 -0.10
0.00 8936.22
281.80 -58.16 -58.19 -60.35 308.89 242.20 28.32 -0.10
0.00 9349.13
264.50 -57.36 -57.47 -66.06 315.63 248.83 29.58 0.00
0.00 9748.59
248.20 -54.46 -54.67 -71.43 325.69 253.18 34.91 0.00
0.00 10153.06
233.30 -52.26 -52.56 -71.86 334.84 261.91 38.66 0.00
0.00 10551.36
219.50 -51.86 -9999.00 -9999.00 -9999.00 269.31 32.25 0.00
0.00 10945.95
205.60 -51.16 -9999.00 -9999.00 -9999.00 262.08 29.62 0.00
0.00 11370.38
191.70 -50.76 -9999.00 -9999.00 -9999.00 258.69 32.69 0.00
0.00 11825.65
177.70 -51.36 -9999.00 -9999.00 -9999.00 261.96 33.35 0.00
0.00 12318.65
163.80 -51.86 -9999.00 -9999.00 -9999.00 265.04 33.72 0.00
0.00 12846.83
149.80 -52.16 -9999.00 -9999.00 -9999.00 272.94 34.03 0.00
0.00 13425.17
135.90 -52.46 -9999.00 -9999.00 -9999.00 278.60 29.86 0.00
0.00 14054.68
121.90 -51.66 -9999.00 -9999.00 -9999.00 270.47 23.89 0.00
0.00 14758.26
108.00 -51.76 -9999.00 -9999.00 -9999.00 253.61 20.65 0.00
0.00 15543.02
94.00 -53.16 -9999.00 -9999.00 -9999.00 247.93 23.27 0.00
0.00 16439.89
81.00 -54.26 -9999.00 -9999.00 -9999.00 246.74 22.63 0.00
0.00 17395.97
70.60 -54.36 -9999.00 -9999.00 -9999.00 245.41 25.21 0.00
0.00 18276.24
62.20 -55.56 -9999.00 -9999.00 -9999.00 235.11 25.82 0.00
0.00 19085.28
54.30 -56.36 -9999.00 -9999.00 -9999.00 243.95 19.46 0.00
0.00 19948.82
46.90 -56.06 -9999.00 -9999.00 -9999.00 252.78 14.43 0.00
0.00 20879.16
40.10 -56.96 -9999.00 -9999.00 -9999.00 253.18 8.72 0.00
0.00 21872.47
33.80 -55.76 -9999.00 -9999.00 -9999.00 225.00 6.04 0.00
0.00 22957.06
27.80 -55.56 -9999.00 -9999.00 -9999.00 165.96 8.82 0.00
0.00 24201.18
22.30 -55.16 -9999.00 -9999.00 -9999.00 186.91 6.45 0.00
0.00 25606.55
17.10 -54.56 -9999.00 -9999.00 -9999.00 176.99 3.69 0.00
0.00 27303.06
12.30 -52.86 -9999.00 -9999.00 -9999.00 273.22 13.81 0.00
0.00 29419.41

STID = KBIL STNM = 726770 TIME = 221026/2100 
SLAT = 45.80 SLON = -108.53 SELV = 1002.0
STIM = 9

SHOW = 1.49 LIFT = 1.51 SWET = 83.56 KINX = 17.09
LCLP = 640.79 PWAT = 6.56 TOTL = 51.68 CAPE = 0.00
LCLT = 258.70 CINS = 0.00 EQLV = -9999.00 LFCT = -9999.00
BRCH = 0.00

PRES TMPC TMWC DWPC THTE DRCT SKNT OMEG
CFRL HGHT
893.60 11.34 3.05 -10.30 299.91 263.66 3.52 0.00
0.00 1010.39
890.80 10.94 2.81 -10.40 299.73 261.03 3.73 0.00
0.00 1036.54
886.00 10.44 2.51 -10.47 299.66 258.69 3.96 0.00
0.00 1081.48
877.70 9.54 1.97 -10.59 299.51 259.22 4.16 0.10
0.00 1159.58
865.40 8.34 1.24 -10.76 299.45 254.74 4.43 0.10
0.00 1276.25
849.80 6.84 0.30 -10.99 299.40 251.57 4.91 0.10
0.00 1425.92
831.30 5.04 -0.85 -11.33 299.33 248.96 5.42 0.10
0.00 1605.94
811.30 3.14 -2.07 -11.63 299.36 247.83 5.67 0.00
0.00 1803.80
789.80 0.94 -3.51 -11.97 299.26 245.85 6.18 0.00
0.00 2020.40
766.00 -1.46 -5.13 -12.41 299.21 244.13 7.13 -0.10
0.00 2265.10
739.90 -4.06 -6.99 -13.16 299.15 246.97 8.45 -0.20
0.00 2539.80
711.50 -6.76 -8.97 -13.91 299.36 248.88 9.17 -0.40
0.00 2846.89
680.80 -9.66 -11.36 -15.55 299.38 256.61 12.59 -0.50
0.00 3189.31
647.90 -12.26 -14.07 -19.45 299.42 265.24 18.71 -0.60
0.00 3569.79
612.50 -15.66 -17.09 -22.07 299.69 268.93 20.78 -0.50
0.00 3996.38
574.60 -19.76 -20.64 -24.25 299.95 268.42 21.17 -0.40
0.00 4474.27
534.40 -24.16 -24.69 -27.39 300.35 266.88 21.41 -0.40
26.00 5007.83
495.10 -28.46 -28.83 -31.27 301.07 265.52 19.87 -0.30
100.00 5559.97
459.20 -32.46 -32.75 -35.18 302.10 259.92 17.75 -0.30
100.00 6094.86
426.60 -36.06 -36.30 -38.91 303.54 258.00 15.89 -0.20
100.00 6609.91
396.90 -39.46 -39.71 -43.31 305.08 250.40 15.05 -0.10
55.00 7107.20
369.50 -43.46 -43.68 -48.31 305.76 244.08 15.56 0.00
10.00 7592.38
344.50 -47.86 -48.00 -52.11 305.82 236.03 22.24 -0.10
93.00 8058.92
321.70 -52.06 -52.13 -54.79 305.98 232.78 25.37 -0.10
99.00 8506.29
300.80 -55.66 -55.70 -58.07 306.75 236.31 24.51 0.00
0.00 8937.49
281.80 -56.66 -56.75 -62.57 311.01 247.19 26.55 0.00
0.00 9351.93
264.50 -56.26 -56.39 -66.06 317.23 251.57 30.71 0.00
0.00 9753.79
248.20 -54.36 -54.58 -71.43 325.84 256.70 32.93 0.00
0.00 10159.38
233.30 -52.66 -52.95 -71.86 334.23 271.71 32.46 0.00
0.00 10557.41
219.50 -51.56 -9999.00 -9999.00 -9999.00 270.40 27.97 0.00
0.00 10951.92
205.60 -50.36 -9999.00 -9999.00 -9999.00 264.60 28.88 0.00
0.00 11377.40
191.70 -50.56 -9999.00 -9999.00 -9999.00 267.83 30.71 -0.10
0.00 11833.69
177.70 -51.36 -9999.00 -9999.00 -9999.00 267.83 30.71 -0.10
0.00 12326.91
163.80 -51.76 -9999.00 -9999.00 -9999.00 268.96 32.05 0.00
0.00 12855.22
149.80 -51.96 -9999.00 -9999.00 -9999.00 273.81 32.13 0.00
0.00 13433.95
135.90 -51.36 -9999.00 -9999.00 -9999.00 274.76 28.07 0.00
0.00 14065.30
121.90 -51.16 -9999.00 -9999.00 -9999.00 273.18 24.51 0.00
0.00 14771.43
108.00 -52.46 -9999.00 -9999.00 -9999.00 260.23 24.05 -0.10
0.00 15555.83
94.00 -54.06 -9999.00 -9999.00 -9999.00 256.46 27.37 0.00
0.00 16449.45
81.00 -55.16 -9999.00 -9999.00 -9999.00 256.88 26.53 0.00
0.00 17401.62
70.60 -55.36 -9999.00 -9999.00 -9999.00 259.57 24.69 0.00
0.00 18278.07
62.20 -56.76 -9999.00 -9999.00 -9999.00 247.34 24.20 0.00
0.00 19083.03
54.30 -57.56 -9999.00 -9999.00 -9999.00 252.30 19.17 0.00
0.00 19941.80
46.90 -57.16 -9999.00 -9999.00 -9999.00 244.98 12.86 0.00
0.00 20867.20
40.10 -55.76 -9999.00 -9999.00 -9999.00 232.25 7.61 0.00
0.00 21860.75
33.80 -54.76 -9999.00 -9999.00 -9999.00 197.10 7.93 0.00
0.00 22950.84
27.80 -54.96 -9999.00 -9999.00 -9999.00 191.51 10.70 0.00
0.00 24199.53
22.30 -54.86 -9999.00 -9999.00 -9999.00 214.38 8.94 0.00
0.00 25607.81
17.10 -55.36 -9999.00 -9999.00 -9999.00 240.95 4.00 0.00
0.00 27302.37
12.30 -53.46 -9999.00 -9999.00 -9999.00 287.10 10.57 0.00
0.00 29411.97

STID = KBIL STNM = 726770 TIME = 221026/2200 
SLAT = 45.80 SLON = -108.53 SELV = 1002.0
STIM = 10

SHOW = 1.46 LIFT = 1.48 SWET = 82.23 KINX = 18.42
LCLP = 641.58 PWAT = 6.96 TOTL = 51.69 CAPE = 0.00
LCLT = 258.97 CINS = 0.00 EQLV = -9999.00 LFCT = -9999.00
BRCH = 0.00

PRES TMPC TMWC DWPC THTE DRCT SKNT OMEG
CFRL HGHT
893.70 11.54 3.21 -10.04 300.23 252.65 3.26 0.00
0.00 1010.40
891.00 11.14 2.97 -10.14 300.04 250.56 3.50 0.10
0.00 1035.63
886.10 10.64 2.67 -10.21 299.98 251.57 3.69 0.10
0.00 1081.53
877.80 9.84 2.18 -10.33 299.94 249.78 3.92 0.10
0.00 1159.69
865.50 8.64 1.45 -10.51 299.88 248.20 4.18 0.20
0.00 1276.48
849.90 7.14 0.52 -10.73 299.84 246.80 4.43 0.20
0.00 1426.29
831.50 5.34 -0.61 -11.01 299.78 244.44 4.95 0.30
0.00 1605.50
811.40 3.44 -1.83 -11.32 299.82 242.53 5.48 0.30
0.00 1804.54
789.90 1.24 -3.26 -11.65 299.72 242.59 5.91 0.30
0.00 2021.35
766.10 -1.16 -4.86 -12.03 299.71 242.70 6.78 0.30
0.00 2266.30
740.00 -3.86 -6.70 -12.46 299.68 244.72 7.73 0.20
0.00 2541.22
711.60 -6.66 -8.73 -13.19 299.79 246.30 8.70 0.10
0.00 2848.46
680.90 -9.86 -11.10 -13.99 299.82 251.20 9.63 0.00
0.00 3190.81
647.90 -12.96 -13.83 -16.14 299.85 268.53 15.15 -0.10
3.00 3571.84
612.50 -16.06 -16.94 -19.75 299.96 278.45 19.83 -0.10
4.00 3997.61
574.60 -19.76 -20.57 -23.79 300.07 279.38 22.65 0.00
7.00 4475.16
534.50 -24.06 -24.69 -27.97 300.33 273.67 21.21 0.20
12.00 5007.46
495.10 -28.16 -28.68 -32.22 301.28 260.82 19.48 0.20
61.00 5561.37
459.20 -32.26 -32.64 -35.92 302.25 255.38 18.47 0.10
72.00 6096.81
426.70 -35.96 -36.26 -39.56 303.58 256.68 15.17 0.10
79.00 6610.53
396.90 -39.56 -39.82 -43.76 304.91 248.91 14.57 0.10
42.00 7109.43
369.50 -43.76 -43.97 -48.31 305.36 244.65 16.34 0.00
7.00 7594.20
344.50 -48.26 -48.38 -52.11 305.28 245.19 19.91 0.00
98.00 8060.01
321.70 -52.26 -52.32 -54.79 305.70 244.92 20.16 0.00
62.00 8506.78
300.80 -54.96 -55.02 -58.07 307.74 245.05 21.64 0.00
0.00 8938.48
281.80 -55.66 -55.79 -65.60 312.41 255.96 26.44 0.00
0.00 9354.54
264.50 -55.26 -55.44 -70.99 318.65 262.88 28.19 0.00
0.00 9758.25
248.20 -53.66 -53.90 -71.43 326.88 270.38 29.53 0.00
0.00 10165.42
233.30 -51.96 -9999.00 -9999.00 -9999.00 281.15 28.11 0.10
0.00 10564.72
219.50 -50.66 -9999.00 -9999.00 -9999.00 277.96 28.05 0.00
0.00 10960.65
205.60 -50.86 -9999.00 -9999.00 -9999.00 279.14 28.13 0.00
0.00 11386.51
191.70 -51.06 -9999.00 -9999.00 -9999.00 272.78 28.01 0.00
0.00 11841.79
177.70 -50.66 -9999.00 -9999.00 -9999.00 265.00 31.20 0.00
0.00 12335.22
163.80 -50.56 -9999.00 -9999.00 -9999.00 267.66 33.24 0.00
0.00 12865.80
149.80 -50.76 -9999.00 -9999.00 -9999.00 277.09 34.65 -0.10
0.00 13447.66
135.90 -52.06 -9999.00 -9999.00 -9999.00 285.76 32.91 -0.10
0.00 14079.74
121.90 -53.36 -9999.00 -9999.00 -9999.00 284.83 27.33 -0.10
0.00 14781.25
108.00 -54.06 -9999.00 -9999.00 -9999.00 267.11 23.15 0.00
0.00 15558.92
94.00 -54.66 -9999.00 -9999.00 -9999.00 261.15 23.99 0.00
0.00 16448.07
81.00 -55.06 -9999.00 -9999.00 -9999.00 261.79 20.42 0.00
0.00 17399.14
70.60 -55.46 -9999.00 -9999.00 -9999.00 255.32 16.86 0.00
0.00 18275.59
62.20 -56.16 -9999.00 -9999.00 -9999.00 244.46 19.37 0.10
0.00 19081.48
54.30 -55.66 -9999.00 -9999.00 -9999.00 252.94 20.53 0.00
0.00 19945.22
46.90 -55.16 -9999.00 -9999.00 -9999.00 258.41 15.46 0.00
0.00 20878.98
40.10 -54.86 -9999.00 -9999.00 -9999.00 279.46 11.81 0.00
0.00 21879.18
33.80 -56.26 -9999.00 -9999.00 -9999.00 246.19 7.23 0.00
0.00 22967.77
27.80 -56.96 -9999.00 -9999.00 -9999.00 211.53 10.02 0.00
0.00 24206.45
22.30 -56.46 -9999.00 -9999.00 -9999.00 181.19 9.32 0.00
0.00 25603.11
17.10 -54.76 -9999.00 -9999.00 -9999.00 164.05 7.07 0.00
0.00 27293.79
12.30 -51.96 -9999.00 -9999.00 -9999.00 291.99 10.90 0.00
0.00 29413.51

STID = KBIL STNM = 726770 TIME = 221026/2300 
SLAT = 45.80 SLON = -108.53 SELV = 1002.0
STIM = 11

SHOW = 1.64 LIFT = 1.70 SWET = 71.64 KINX = 19.33
LCLP = 647.10 PWAT = 7.21 TOTL = 51.42 CAPE = 0.00
LCLT = 259.50 CINS = 0.00 EQLV = -9999.00 LFCT = -9999.00
BRCH = 0.00

PRES TMPC TMWC DWPC THTE DRCT SKNT OMEG
CFRL HGHT
893.90 11.44 3.25 -9.60 300.31 270.00 1.75 0.00
0.00 1010.39
891.20 11.14 3.07 -9.64 300.26 264.29 1.94 0.00
0.00 1035.61
886.40 10.64 2.77 -9.71 300.19 264.29 1.94 0.00
0.00 1080.57
878.00 9.94 2.34 -9.83 300.27 264.81 2.14 0.00
0.00 1159.67
865.80 8.74 1.61 -10.00 300.19 260.54 2.37 0.00
0.00 1275.52
850.20 7.34 0.74 -10.23 300.26 257.01 2.58 0.10
0.00 1425.36
831.70 5.54 -0.39 -10.51 300.21 254.05 2.84 0.10
0.00 1605.63
811.60 3.54 -1.66 -10.82 300.14 252.65 3.26 0.10
0.00 1804.74
790.10 1.44 -3.01 -11.09 300.19 249.78 3.92 0.10
0.00 2021.63
766.30 -0.96 -4.60 -11.48 300.17 250.82 4.74 0.00
0.00 2266.70
740.10 -3.66 -6.43 -11.91 300.16 252.18 5.71 0.00
0.00 2542.85
711.70 -6.56 -8.45 -12.39 300.27 254.29 6.45 0.00
0.00 2850.24
681.10 -9.76 -10.81 -13.18 300.29 266.27 8.95 0.00
0.00 3191.55
648.00 -12.66 -13.34 -15.05 300.65 278.75 15.33 0.00
4.00 3573.98
612.60 -15.86 -16.55 -18.64 300.57 280.20 19.74 0.10
8.00 4000.13
574.70 -19.76 -20.58 -23.90 300.03 278.95 21.23 0.10
4.00 4477.81
534.50 -23.76 -24.63 -29.40 300.41 270.60 18.65 0.20
0.00 5011.68
495.20 -27.66 -28.41 -33.71 301.65 251.18 18.07 0.20
11.00 5565.00
459.30 -31.96 -32.51 -37.58 302.41 246.57 19.06 0.10
22.00 6101.19
426.70 -35.96 -36.30 -40.25 303.51 251.11 15.60 0.00
29.00 6616.74
396.90 -39.86 -40.08 -43.31 304.55 247.89 13.42 -0.20
92.00 7115.33
369.50 -44.16 -44.30 -47.03 304.90 254.29 12.92 -0.30
100.00 7599.36
344.50 -48.46 -48.55 -51.21 305.04 273.22 13.81 -0.20
100.00 8064.57
321.70 -52.46 -52.52 -54.79 305.42 272.32 14.39 -0.10
12.00 8510.94
300.80 -54.96 -55.02 -58.07 307.74 256.26 17.99 -0.10
0.00 8942.43
281.80 -55.66 -55.77 -62.57 312.45 265.84 21.43 0.00
0.00 9358.49
264.50 -54.86 -55.05 -70.99 319.24 271.43 23.31 0.00
0.00 9762.58
248.20 -52.26 -52.54 -71.43 328.97 282.13 24.05 0.00
0.00 10171.43
233.30 -51.26 -9999.00 -9999.00 -9999.00 290.87 24.53 0.10
0.00 10572.63
219.50 -50.86 -9999.00 -9999.00 -9999.00 285.57 24.59 0.10
0.00 10969.01
205.60 -50.46 -9999.00 -9999.00 -9999.00 275.88 26.55 0.00
0.00 11395.06
191.70 -50.26 -9999.00 -9999.00 -9999.00 273.14 31.90 -0.10
0.00 11851.56
177.70 -50.86 -9999.00 -9999.00 -9999.00 278.79 35.59 -0.10
0.00 12345.66
163.80 -52.26 -9999.00 -9999.00 -9999.00 285.20 34.83 -0.10
0.00 12873.97
149.80 -53.26 -9999.00 -9999.00 -9999.00 287.88 31.64 -0.10
0.00 13450.35
135.90 -53.36 -9999.00 -9999.00 -9999.00 286.06 26.69 0.00
0.00 14077.00
121.90 -53.26 -9999.00 -9999.00 -9999.00 279.63 22.07 0.00
0.00 14776.61
108.00 -52.76 -9999.00 -9999.00 -9999.00 266.36 21.41 0.10
0.00 15556.76
94.00 -52.66 -9999.00 -9999.00 -9999.00 265.16 25.35 0.10
0.00 16452.61
81.00 -53.66 -9999.00 -9999.00 -9999.00 266.63 23.15 0.00
0.00 17411.09
70.60 -55.36 -9999.00 -9999.00 -9999.00 258.58 20.61 -0.10
0.00 18290.56
62.20 -56.76 -9999.00 -9999.00 -9999.00 263.93 18.36 -0.10
0.00 19095.52
54.30 -56.96 -9999.00 -9999.00 -9999.00 279.46 17.72 0.00
0.00 19955.48
46.90 -56.36 -9999.00 -9999.00 -9999.00 264.43 8.00 0.00
0.00 20883.88
40.10 -55.26 -9999.00 -9999.00 -9999.00 243.43 6.08 0.00
0.00 21880.41
33.80 -54.76 -9999.00 -9999.00 -9999.00 218.05 11.34 0.00
0.00 22971.75
27.80 -54.76 -9999.00 -9999.00 -9999.00 246.57 12.70 0.00
0.00 24221.02
22.30 -55.56 -9999.00 -9999.00 -9999.00 246.45 8.26 0.00
0.00 25627.68
17.10 -56.46 -9999.00 -9999.00 -9999.00 226.17 6.74 0.00
0.00 27315.25
12.30 -53.26 -9999.00 -9999.00 -9999.00 117.65 4.60 0.00
0.00 29420.51

STID = KBIL STNM = 726770 TIME = 221027/0000 
SLAT = 45.80 SLON = -108.53 SELV = 1002.0
STIM = 12

SHOW = 1.85 LIFT = 1.90 SWET = 71.94 KINX = 20.29
LCLP = 655.65 PWAT = 7.48 TOTL = 51.20 CAPE = 0.00
LCLT = 260.00 CINS = 0.00 EQLV = -9999.00 LFCT = -9999.00
BRCH = 0.00

PRES TMPC TMWC DWPC THTE DRCT SKNT OMEG
CFRL HGHT
894.00 10.94 3.06 -9.24 299.95 331.70 2.87 -0.10
0.00 1010.38
891.30 10.94 3.04 -9.27 300.21 330.26 3.13 -0.10
0.00 1035.56
886.40 10.54 2.80 -9.34 300.26 324.46 3.34 -0.20
0.00 1081.43
878.10 9.84 2.38 -9.40 300.36 321.84 3.46 -0.20
0.00 1159.56
865.90 8.74 1.70 -9.58 300.39 317.29 3.44 -0.30
0.00 1275.38
850.20 7.24 0.79 -9.75 300.38 310.60 3.57 -0.40
0.00 1426.16
831.80 5.44 -0.33 -10.03 300.32 303.69 3.50 -0.60
0.00 1605.39
811.70 3.54 -1.53 -10.28 300.40 297.90 3.73 -0.70
0.00 1804.44
790.20 1.44 -2.88 -10.56 300.44 290.22 3.92 -0.90
0.00 2021.32
766.30 -0.96 -4.47 -10.95 300.43 285.26 4.43 -1.00
0.00 2267.42
740.20 -3.66 -6.27 -11.32 300.44 280.89 5.15 -1.10
0.00 2542.51
711.80 -6.66 -8.36 -11.81 300.44 279.78 5.71 -1.10
0.00 2849.82
681.10 -9.96 -10.66 -12.19 300.56 284.42 7.01 -1.10
0.00 3192.05
648.10 -12.96 -13.18 -13.73 300.91 286.19 12.55 -0.90
100.00 3572.98
612.70 -16.06 -16.55 -18.00 300.56 283.57 17.39 -0.60
32.00 3998.68
574.70 -19.76 -20.68 -24.49 299.87 282.71 20.32 -0.40
2.00 4477.40
534.50 -23.46 -24.49 -30.28 300.61 268.21 18.65 -0.20
0.00 5011.58
495.20 -27.36 -28.26 -34.91 301.85 252.90 21.13 -0.10
0.00 5565.56
459.30 -31.86 -32.47 -38.19 302.47 253.98 21.83 0.00
0.00 6102.17
426.70 -36.16 -36.51 -40.61 303.22 258.45 18.43 0.00
2.00 6617.61
396.90 -40.26 -40.45 -43.31 304.03 270.00 12.82 -0.10
100.00 7115.56
369.50 -44.36 -44.46 -46.45 304.67 290.81 10.39 -0.20
100.00 7598.97
344.50 -48.56 -48.62 -50.39 304.94 313.03 11.97 0.00
100.00 8063.87
321.70 -52.56 -52.64 -56.06 305.25 309.23 12.30 0.10
0.00 8510.04
300.80 -54.56 -54.65 -59.84 308.26 277.21 15.46 0.10
0.00 8941.83
281.80 -55.16 -55.28 -62.57 313.16 284.77 18.28 0.10
0.00 9358.75
264.50 -53.26 -53.49 -70.99 321.58 284.16 22.24 0.10
0.00 9764.78
248.20 -51.16 -51.48 -71.43 330.60 295.44 22.16 0.10
0.00 10176.14
233.30 -50.26 -50.64 -71.86 337.87 291.13 24.79 0.10
0.00 10579.25
219.50 -50.16 -50.57 -72.27 343.96 291.80 26.15 0.00
0.00 10977.14
205.60 -50.66 -9999.00 -9999.00 -9999.00 292.08 29.97 -0.10
0.00 11403.68
191.70 -52.06 -9999.00 -9999.00 -9999.00 293.71 31.39 -0.10
0.00 11858.13
177.70 -53.16 -9999.00 -9999.00 -9999.00 291.19 30.63 -0.10
0.00 12347.68
163.80 -53.16 -9999.00 -9999.00 -9999.00 290.02 26.67 0.00
0.00 12872.17
149.80 -52.46 -9999.00 -9999.00 -9999.00 291.97 23.87 0.00
0.00 13448.42
135.90 -51.86 -9999.00 -9999.00 -9999.00 291.16 25.84 -0.10
0.00 14078.35
121.90 -52.46 -9999.00 -9999.00 -9999.00 289.29 28.81 -0.10
0.00 14781.62
108.00 -53.56 -9999.00 -9999.00 -9999.00 284.70 28.32 -0.10
0.00 15561.77
94.00 -54.66 -9999.00 -9999.00 -9999.00 276.12 27.35 0.00
0.00 16451.93
81.00 -55.66 -9999.00 -9999.00 -9999.00 265.96 19.27 0.00
0.00 17401.70
70.60 -56.56 -9999.00 -9999.00 -9999.00 245.90 16.18 0.00
0.00 18274.73
62.20 -56.06 -9999.00 -9999.00 -9999.00 261.87 13.73 0.00
0.00 19078.76
54.30 -55.26 -9999.00 -9999.00 -9999.00 293.20 16.28 0.00
0.00 19943.49
46.90 -56.26 -9999.00 -9999.00 -9999.00 283.39 8.39 -0.10
0.00 20875.76
40.10 -57.26 -9999.00 -9999.00 -9999.00 273.09 7.21 -0.10
0.00 21867.93
33.80 -57.36 -9999.00 -9999.00 -9999.00 239.04 7.93 0.00
0.00 22947.77
27.80 -57.06 -9999.00 -9999.00 -9999.00 227.91 8.12 0.00
0.00 24183.02
22.30 -55.36 -9999.00 -9999.00 -9999.00 198.97 6.57 0.00
0.00 25582.90
17.10 -53.46 -9999.00 -9999.00 -9999.00 267.27 8.16 0.00
0.00 27282.90
12.30 -51.76 -9999.00 -9999.00 -9999.00 295.97 8.43 0.00
0.00 29409.86

STID = KBIL STNM = 726770 TIME = 221027/0100 
SLAT = 45.80 SLON = -108.53 SELV = 1002.0
STIM = 13

SHOW = 1.48 LIFT = 1.59 SWET = 100.46 KINX = 21.83
LCLP = 676.19 PWAT = 8.02 TOTL = 52.23 CAPE = 0.88
LCLT = 260.79 CINS = -26.07 EQLV = 568.61 LFCT = 594.99
BRCH = 0.07

PRES TMPC TMWC DWPC THTE DRCT SKNT OMEG
CFRL HGHT
894.50 9.34 2.32 -8.82 298.41 323.97 2.64 -0.10
0.00 1011.25
892.00 10.04 2.68 -8.79 299.42 334.65 4.08 -0.20
0.00 1034.45
887.10 10.24 2.76 -8.81 300.14 340.91 5.34 -0.40
0.00 1080.19
878.70 9.64 2.41 -8.81 300.38 340.97 5.96 -0.50
0.00 1159.14
866.50 8.54 1.76 -8.88 300.46 339.23 6.02 -0.70
0.00 1274.81
850.80 7.14 0.90 -9.05 300.57 335.85 6.18 -0.90
0.00 1425.41
832.30 5.34 -0.21 -9.28 300.54 330.95 6.00 -1.10
0.00 1605.44
812.30 3.44 -1.40 -9.53 300.60 326.31 5.59 -1.30
0.00 1803.32
790.70 1.34 -2.76 -9.87 300.63 319.40 5.38 -1.40
0.00 2020.99
766.90 -0.96 -4.27 -10.20 300.75 313.45 5.09 -1.40
0.00 2265.87
740.70 -3.66 -6.07 -10.59 300.76 305.54 5.01 -1.40
0.00 2541.83
712.20 -6.66 -8.14 -11.08 300.77 296.57 5.21 -1.20
0.00 2850.05
681.50 -10.06 -10.54 -11.58 300.71 288.43 5.54 -1.00
0.00 3192.05
648.40 -13.06 -13.09 -13.19 301.02 285.46 9.48 -0.70
100.00 3573.81
613.00 -16.56 -16.60 -16.73 300.44 281.89 15.09 -0.40
100.00 3998.85
575.00 -20.56 -20.59 -20.74 299.98 284.74 19.08 -0.20
100.00 4476.19
534.70 -23.86 -24.61 -28.58 300.41 276.22 19.74 -0.20
5.00 5010.25
495.40 -27.56 -28.50 -35.69 301.47 266.31 24.15 -0.10
0.00 5563.35
459.40 -31.86 -32.56 -39.54 302.31 267.65 23.72 -0.10
0.00 6101.06
426.80 -36.26 -36.62 -40.98 303.04 274.81 18.51 0.00
0.00 6616.27
397.00 -40.36 -40.54 -43.30 303.88 291.34 13.34 0.10
100.00 7113.88
369.60 -44.46 -44.58 -47.03 304.48 312.83 10.86 0.10
100.00 7596.95
344.60 -48.56 -48.62 -50.38 304.92 327.45 10.84 0.10
100.00 8061.62
321.70 -52.46 -52.54 -56.06 305.39 325.75 11.05 0.10
0.00 8509.78
300.80 -54.06 -54.17 -59.84 308.97 297.32 13.11 0.10
0.00 8942.16
281.80 -53.66 -53.84 -65.60 315.28 298.11 16.08 0.10
0.00 9360.99
264.50 -51.06 -51.37 -70.99 324.80 303.98 21.54 0.10
0.00 9770.46
248.20 -50.86 -51.20 -71.43 331.05 310.40 23.97 0.00
0.00 10184.14
233.30 -50.26 -50.64 -71.86 337.87 313.17 25.84 0.00
0.00 10587.52
219.50 -51.06 -51.43 -72.27 342.57 317.85 24.88 0.00
0.00 10984.61
205.70 -51.86 -9999.00 -9999.00 -9999.00 317.49 22.14 0.00
0.00 11405.98
191.70 -52.06 -9999.00 -9999.00 -9999.00 303.13 22.03 0.00
0.00 11862.35
177.70 -52.16 -9999.00 -9999.00 -9999.00 297.65 27.62 0.00
0.00 12353.01
163.80 -52.76 -9999.00 -9999.00 -9999.00 304.55 28.77 0.00
0.00 12879.18
149.80 -52.86 -9999.00 -9999.00 -9999.00 307.15 24.13 0.00
0.00 13455.42
135.90 -52.56 -9999.00 -9999.00 -9999.00 295.92 23.12 0.10
0.00 14083.79
121.90 -52.36 -9999.00 -9999.00 -9999.00 286.00 27.49 0.10
0.00 14786.10
108.00 -52.66 -9999.00 -9999.00 -9999.00 281.60 29.93 0.00
0.00 15568.02
94.00 -53.86 -9999.00 -9999.00 -9999.00 283.56 28.17 0.00
0.00 16461.64
81.00 -55.36 -9999.00 -9999.00 -9999.00 287.84 17.75 0.00
0.00 17413.80
70.60 -56.66 -9999.00 -9999.00 -9999.00 266.73 13.62 0.10
0.00 18287.23
62.20 -56.26 -9999.00 -9999.00 -9999.00 268.98 10.88 0.00
0.00 19090.71
54.30 -55.66 -9999.00 -9999.00 -9999.00 295.02 9.65 0.00
0.00 19954.25
46.90 -56.46 -9999.00 -9999.00 -9999.00 220.16 8.14 0.00
0.00 20885.23
40.10 -56.56 -9999.00 -9999.00 -9999.00 222.14 10.99 0.00
0.00 21878.55
33.80 -55.56 -9999.00 -9999.00 -9999.00 233.97 7.93 0.00
0.00 22964.64
27.80 -55.96 -9999.00 -9999.00 -9999.00 280.49 5.34 0.00
0.00 24208.19
22.30 -55.26 -9999.00 -9999.00 -9999.00 253.81 6.27 0.00
0.00 25611.94
17.10 -53.46 -9999.00 -9999.00 -9999.00 263.35 11.73 0.00
0.00 27312.33
12.30 -51.96 -9999.00 -9999.00 -9999.00 264.81 6.43 0.00
0.00 29438.33

STID = KBIL STNM = 726770 TIME = 221027/0200 
SLAT = 45.80 SLON = -108.53 SELV = 1002.0
STIM = 14

SHOW = 1.37 LIFT = 1.56 SWET = 121.98 KINX = 22.97
LCLP = 690.72 PWAT = 8.35 TOTL = 52.91 CAPE = 0.00
LCLT = 261.56 CINS = 0.00 EQLV = -9999.00 LFCT = -9999.00
BRCH = 0.00

PRES TMPC TMWC DWPC THTE DRCT SKNT OMEG
CFRL HGHT
896.50 8.64 2.08 -8.27 297.74 305.54 1.67 -0.10
0.00 1010.29
893.80 8.84 2.19 -8.20 298.26 339.44 3.32 -0.30
0.00 1035.21
888.90 9.04 2.32 -8.00 299.09 1.59 6.99 -0.50
0.00 1080.67
880.60 8.94 2.25 -7.95 299.88 10.62 9.48 -0.70
0.00 1158.26
868.30 8.04 1.69 -8.08 300.16 9.64 10.45 -0.90
0.00 1274.39
852.60 6.74 0.89 -8.26 300.36 5.39 10.33 -1.20
0.00 1424.45
834.10 5.04 -0.18 -8.54 300.41 358.83 9.52 -1.40
0.00 1603.89
813.90 3.24 -1.36 -8.96 300.51 350.96 8.66 -1.50
0.00 1803.17
792.30 1.24 -2.66 -9.30 300.63 341.57 7.36 -1.70
0.00 2020.30
768.40 -1.06 -4.20 -9.75 300.70 331.11 6.43 -1.70
0.00 2265.64
742.10 -3.76 -5.97 -10.03 300.78 319.40 5.38 -1.70
0.00 2542.03
713.60 -6.76 -8.02 -10.47 300.80 307.30 5.13 -1.60
0.00 2849.57
682.70 -10.06 -10.42 -11.18 300.77 293.96 5.73 -1.40
4.00 3193.11
649.50 -12.96 -13.08 -13.40 300.88 288.43 9.21 -1.10
100.00 3575.43
613.90 -16.06 -16.21 -16.65 300.93 285.61 13.71 -0.80
100.00 4002.69
575.80 -20.56 -20.59 -20.73 299.86 281.82 17.07 -0.50
100.00 4481.07
535.40 -23.96 -24.61 -27.96 300.30 281.98 19.66 -0.20
9.00 5015.64
495.90 -27.76 -28.41 -32.82 301.54 276.55 23.85 -0.10
1.00 5570.60
459.80 -31.96 -32.53 -37.87 302.28 277.18 23.29 0.10
0.00 6108.99
427.10 -36.16 -36.51 -40.60 303.14 285.49 16.72 0.30
4.00 6625.39
397.20 -40.16 -40.40 -44.23 304.03 302.32 11.27 0.40
71.00 7124.69
369.80 -44.36 -44.53 -48.30 304.49 318.01 10.45 0.40
75.00 7607.81
344.70 -48.56 -48.67 -52.10 304.82 323.81 9.87 0.30
83.00 8074.24
321.80 -51.96 -52.08 -57.53 306.01 323.53 11.11 0.20
0.00 8522.77
300.90 -52.86 -53.02 -62.07 310.59 315.00 15.93 0.10
0.00 8956.67
281.90 -52.06 -52.29 -65.60 317.54 319.67 21.91 0.00
0.00 9378.03
264.50 -51.36 -51.63 -66.06 324.40 331.86 28.42 0.00
0.00 9791.00
248.20 -51.66 -51.96 -71.43 329.86 343.67 31.78 0.00
0.00 10203.67
233.30 -51.26 -51.60 -71.86 336.35 347.25 27.29 0.00
0.00 10605.41
219.50 -50.76 -51.15 -72.27 343.04 334.48 23.89 0.00
0.00 11001.88
205.70 -51.46 -9999.00 -9999.00 -9999.00 328.39 23.72 0.00
0.00 11423.91
191.70 -52.56 -9999.00 -9999.00 -9999.00 324.85 23.29 0.00
0.00 11880.18
177.70 -52.86 -9999.00 -9999.00 -9999.00 314.33 23.62 0.00
0.00 12369.51
163.80 -52.36 -9999.00 -9999.00 -9999.00 306.87 26.22 0.00
0.00 12895.32
149.80 -52.36 -9999.00 -9999.00 -9999.00 304.26 27.25 0.00
0.00 13472.74
135.90 -52.66 -9999.00 -9999.00 -9999.00 299.01 26.44 0.00
0.00 14101.67
121.90 -53.26 -9999.00 -9999.00 -9999.00 293.58 26.71 0.00
0.00 14802.39
108.00 -53.56 -9999.00 -9999.00 -9999.00 286.50 27.35 0.00
0.00 15581.12
94.00 -54.16 -9999.00 -9999.00 -9999.00 287.59 25.06 0.00
0.00 16472.31
81.00 -55.16 -9999.00 -9999.00 -9999.00 297.53 15.56 0.00
0.00 17424.25
70.60 -55.96 -9999.00 -9999.00 -9999.00 272.53 13.23 0.00
0.00 18299.49
62.20 -55.56 -9999.00 -9999.00 -9999.00 267.99 11.07 0.00
0.00 19105.57
54.30 -55.76 -9999.00 -9999.00 -9999.00 295.20 7.30 0.00
0.00 19970.30
46.90 -57.16 -9999.00 -9999.00 -9999.00 226.74 9.07 0.00
0.00 20899.56
40.10 -56.56 -9999.00 -9999.00 -9999.00 236.85 11.36 0.00
0.00 21891.28
33.80 -54.96 -9999.00 -9999.00 -9999.00 240.80 7.56 0.00
0.00 22978.87
27.80 -55.86 -9999.00 -9999.00 -9999.00 267.80 5.05 0.00
0.00 24224.42
22.30 -55.66 -9999.00 -9999.00 -9999.00 239.74 8.10 0.00
0.00 25627.20
17.10 -54.36 -9999.00 -9999.00 -9999.00 262.33 10.20 0.00
0.00 27322.54
12.30 -52.56 -9999.00 -9999.00 -9999.00 226.55 5.09 0.00
0.00 29441.30

STID = KBIL STNM = 726770 TIME = 221027/0300 
SLAT = 45.80 SLON = -108.53 SELV = 1002.0
STIM = 15

SHOW = 1.93 LIFT = 2.10 SWET = 104.26 KINX = 23.28
LCLP = 705.43 PWAT = 8.44 TOTL = 52.28 CAPE = 0.00
LCLT = 262.56 CINS = 0.00 EQLV = -9999.00 LFCT = -9999.00
BRCH = 0.00

PRES TMPC TMWC DWPC THTE DRCT SKNT OMEG
CFRL HGHT
896.70 8.04 1.94 -7.51 297.48 230.19 1.52 0.00
0.00 1011.19
894.10 8.14 2.02 -7.38 297.92 306.87 0.97 -0.20
0.00 1035.13
889.20 8.24 2.12 -7.09 298.70 19.98 4.55 -0.30
0.00 1080.45
880.80 8.14 2.02 -7.16 299.44 29.36 7.13 -0.50
0.00 1158.74
868.50 7.44 1.55 -7.35 299.89 28.50 7.73 -0.70
0.00 1274.56
852.90 6.14 0.76 -7.48 300.11 20.22 7.87 -1.00
0.00 1423.32
834.30 4.54 -0.21 -7.61 300.37 10.18 7.69 -1.40
0.00 1603.34
814.20 2.74 -1.38 -7.98 300.48 1.59 6.99 -1.70
0.00 1801.23
792.50 0.74 -2.74 -8.52 300.50 352.87 6.25 -2.10
0.00 2018.93
768.60 -1.46 -4.27 -9.17 300.55 342.18 5.71 -2.30
0.00 2263.82
742.30 -4.06 -6.07 -9.76 300.57 332.53 5.48 -2.30
0.00 2539.80
713.70 -7.06 -8.12 -10.16 300.62 326.82 6.04 -2.10
0.00 2848.02
682.90 -10.26 -10.48 -10.97 300.63 315.00 6.59 -1.70
71.00 3190.06
649.70 -13.16 -13.26 -13.52 300.56 301.16 9.75 -1.10
100.00 3571.98
614.00 -16.46 -16.65 -17.22 300.21 287.04 12.59 -0.70
100.00 3999.83
575.90 -20.36 -20.59 -21.47 299.84 280.57 14.82 -0.30
100.00 4477.92
535.50 -23.46 -24.37 -29.22 300.64 281.86 19.85 0.00
0.00 5013.11
495.90 -27.36 -28.22 -34.40 301.80 280.01 23.47 0.30
0.00 5570.41
459.90 -31.46 -32.13 -38.50 302.82 289.65 20.22 0.50
0.00 6108.23
427.20 -35.36 -35.90 -42.62 303.97 304.88 15.62 0.50
0.00 6625.90
397.30 -39.66 -40.08 -47.67 304.44 322.25 15.23 0.40
21.00 7126.44
369.80 -44.26 -44.51 -50.60 304.52 322.59 16.63 0.20
25.00 7611.88
344.70 -48.46 -48.63 -54.22 304.88 323.41 15.97 0.10
33.00 8078.51
321.80 -51.46 -51.62 -59.31 306.67 329.04 18.12 0.00
0.00 8527.64
300.90 -52.46 -52.63 -62.07 311.16 336.50 24.36 0.00
0.00 8962.43
281.90 -52.36 -52.58 -65.60 317.11 351.06 31.27 0.00
0.00 9383.88
264.50 -52.46 -52.69 -66.06 322.79 5.22 36.29 0.10
0.00 9795.55
248.20 -51.16 -51.48 -71.43 330.60 359.27 30.50 0.10
0.00 10207.65
233.30 -50.86 -51.22 -71.86 336.96 354.12 32.23 0.10
0.00 10610.21
219.60 -51.46 -51.81 -72.27 341.91 356.33 30.36 0.10
0.00 11003.45
205.70 -51.46 -9999.00 -9999.00 -9999.00 343.13 24.77 0.00
0.00 11427.78
191.70 -52.06 -9999.00 -9999.00 -9999.00 328.59 25.72 0.00
0.00 11884.56
177.70 -52.96 -9999.00 -9999.00 -9999.00 322.89 28.01 0.00
0.00 12374.34
163.80 -53.26 -9999.00 -9999.00 -9999.00 318.37 28.07 0.00
0.00 12898.95
149.80 -53.46 -9999.00 -9999.00 -9999.00 313.32 28.03 0.00
0.00 13473.75
135.90 -53.66 -9999.00 -9999.00 -9999.00 305.44 26.46 0.00
0.00 14099.70
121.90 -53.86 -9999.00 -9999.00 -9999.00 293.53 26.26 0.00
0.00 14797.87
108.00 -54.76 -9999.00 -9999.00 -9999.00 291.80 27.19 0.00
0.00 15573.41
94.00 -55.46 -9999.00 -9999.00 -9999.00 294.10 24.26 0.00
0.00 16459.51
81.00 -55.96 -9999.00 -9999.00 -9999.00 298.74 13.73 0.00
0.00 17406.88
70.60 -56.36 -9999.00 -9999.00 -9999.00 269.06 11.85 0.00
0.00 18279.71
62.20 -55.86 -9999.00 -9999.00 -9999.00 257.24 10.55 0.00
0.00 19084.49
54.30 -56.06 -9999.00 -9999.00 -9999.00 278.97 3.73 0.00
0.00 19948.03
46.90 -56.96 -9999.00 -9999.00 -9999.00 223.21 8.80 0.00
0.00 20877.08
40.10 -55.76 -9999.00 -9999.00 -9999.00 238.57 12.30 0.00
0.00 21871.08
33.80 -54.56 -9999.00 -9999.00 -9999.00 230.53 8.55 0.00
0.00 22961.67
27.80 -55.76 -9999.00 -9999.00 -9999.00 262.57 4.51 0.00
0.00 24208.65
22.30 -55.26 -9999.00 -9999.00 -9999.00 270.00 5.44 0.00
0.00 25613.05
17.10 -53.96 -9999.00 -9999.00 -9999.00 285.38 8.06 0.00
0.00 27311.50
12.30 -52.56 -9999.00 -9999.00 -9999.00 231.52 9.67 0.00
0.00 29432.19

STID = KBIL STNM = 726770 TIME = 221027/0400 
SLAT = 45.80 SLON = -108.53 SELV = 1002.0
STIM = 16

SHOW = 2.33 LIFT = 2.50 SWET = 84.42 KINX = 23.78
LCLP = 721.08 PWAT = 8.68 TOTL = 51.76 CAPE = 0.00
LCLT = 263.50 CINS = 0.00 EQLV = -9999.00 LFCT = -9999.00
BRCH = 0.00

PRES TMPC TMWC DWPC THTE DRCT SKNT OMEG
CFRL HGHT
897.30 7.34 1.74 -6.82 297.05 218.99 5.24 0.10
0.00 1011.16
894.70 7.64 1.91 -6.76 297.67 220.82 5.65 -0.10
0.00 1035.03
889.80 7.74 1.99 -6.58 298.39 223.36 4.82 -0.30
0.00 1080.25
881.40 7.64 1.88 -6.70 299.10 234.46 1.67 -0.50
0.00 1158.35
869.10 7.04 1.44 -6.98 299.61 344.05 1.42 -0.90
0.00 1273.92
853.40 5.84 0.74 -6.97 300.03 345.26 3.81 -1.30
0.00 1423.35
834.80 4.24 -0.17 -6.88 300.42 335.10 6.00 -1.80
0.00 1603.08
814.70 2.44 -1.24 -6.91 300.73 331.50 7.73 -2.20
0.00 1800.67
793.00 0.34 -2.57 -7.21 300.78 330.57 8.70 -2.60
0.00 2017.99
769.00 -1.96 -4.15 -7.80 300.76 330.71 9.13 -2.80
0.00 2263.39
742.70 -4.46 -5.97 -8.62 300.73 329.93 8.53 -2.80
0.00 2538.81
714.10 -7.26 -8.08 -9.65 300.64 329.53 7.65 -2.50
0.00 2846.55
683.20 -10.46 -10.51 -10.66 300.53 320.39 7.30 -2.00
100.00 3189.28
650.00 -13.36 -13.39 -13.51 300.29 304.99 9.48 -1.30
100.00 3570.74
614.30 -17.06 -17.09 -17.21 299.47 292.83 12.00 -0.70
100.00 3997.73
576.10 -20.36 -20.85 -22.77 299.42 294.19 14.69 -0.30
83.00 4476.29
535.70 -23.26 -24.31 -30.08 300.69 286.33 20.05 0.00
0.00 5011.47
496.10 -26.96 -27.94 -35.15 302.15 288.43 20.88 0.10
0.00 5569.21
460.00 -30.76 -31.66 -40.66 303.47 318.69 17.07 0.20
0.00 6109.56
427.30 -35.26 -35.99 -47.02 303.80 336.55 17.58 0.30
0.00 6627.96
397.30 -39.96 -40.34 -47.00 304.09 334.69 15.91 0.30
0.00 7129.89
369.90 -44.36 -44.63 -51.50 304.32 332.53 16.41 0.30
0.00 7613.08
344.80 -48.16 -48.41 -58.77 305.15 335.83 16.61 0.20
0.00 8079.78
321.90 -50.36 -50.58 -61.55 308.12 349.32 20.96 0.20
0.00 8530.18
300.90 -50.46 -50.72 -65.12 313.94 4.71 33.14 0.20
0.00 8970.03
281.90 -50.16 -50.45 -65.60 320.27 7.77 38.81 0.10
0.00 9395.50
264.50 -49.96 -50.31 -70.99 326.41 1.07 41.57 0.00
0.00 9811.54
248.20 -51.16 -51.48 -71.43 330.60 1.66 46.83 -0.10
0.00 10225.97
233.30 -51.66 -51.98 -71.86 335.75 0.79 42.15 -0.10
0.00 10627.81
219.60 -52.26 -52.58 -72.27 340.68 357.92 37.51 -0.10
0.00 11019.64
205.70 -52.96 -53.28 -72.71 346.00 353.43 32.26 0.00
0.00 11441.76
191.70 -53.36 -9999.00 -9999.00 -9999.00 343.07 28.01 0.00
0.00 11895.66
177.70 -53.66 -9999.00 -9999.00 -9999.00 329.88 29.41 0.00
0.00 12383.21
163.80 -53.46 -9999.00 -9999.00 -9999.00 324.38 30.34 0.00
0.00 12906.75
149.80 -53.76 -9999.00 -9999.00 -9999.00 322.80 27.31 0.00
0.00 13480.90
135.90 -54.56 -9999.00 -9999.00 -9999.00 314.67 23.76 0.00
0.00 14105.14
121.90 -54.36 -9999.00 -9999.00 -9999.00 296.78 23.29 0.00
0.00 14801.08
108.00 -54.56 -9999.00 -9999.00 -9999.00 291.37 23.99 0.00
0.00 15576.09
94.00 -54.56 -9999.00 -9999.00 -9999.00 292.46 21.85 0.00
0.00 16464.43
81.00 -55.26 -9999.00 -9999.00 -9999.00 287.93 13.89 0.00
0.00 17415.28
70.60 -55.96 -9999.00 -9999.00 -9999.00 266.42 15.58 0.00
0.00 18290.32
62.20 -55.86 -9999.00 -9999.00 -9999.00 262.78 13.91 0.00
0.00 19095.84
54.30 -56.56 -9999.00 -9999.00 -9999.00 254.36 5.05 0.00
0.00 19958.39
46.90 -57.96 -9999.00 -9999.00 -9999.00 214.78 8.51 0.00
0.00 20884.22
40.10 -57.16 -9999.00 -9999.00 -9999.00 242.05 10.78 0.00
0.00 21872.72
33.80 -55.86 -9999.00 -9999.00 -9999.00 219.61 7.30 0.00
0.00 22956.56
27.80 -55.76 -9999.00 -9999.00 -9999.00 233.13 1.94 0.00
0.00 24199.82
22.30 -54.46 -9999.00 -9999.00 -9999.00 348.69 0.99 0.00
0.00 25606.80
17.10 -53.76 -9999.00 -9999.00 -9999.00 305.54 5.01 0.00
0.00 27309.14
12.30 -52.46 -9999.00 -9999.00 -9999.00 247.75 13.85 0.00
0.00 29431.27

STID = KBIL STNM = 726770 TIME = 221027/0500 
SLAT = 45.80 SLON = -108.53 SELV = 1002.0
STIM = 17

SHOW = 2.44 LIFT = 2.59 SWET = 102.26 KINX = 25.34
LCLP = 760.57 PWAT = 9.26 TOTL = 52.21 CAPE = 2.59
LCLT = 266.57 CINS = -81.33 EQLV = 588.72 LFCT = 629.01
BRCH = 0.20

PRES TMPC TMWC DWPC THTE DRCT SKNT OMEG
CFRL HGHT
898.70 6.44 1.96 -4.37 297.43 219.81 6.06 0.10
0.00 1009.30
896.00 6.64 2.10 -4.24 298.01 225.88 8.94 0.00
0.00 1033.98
891.10 6.84 2.29 -3.94 298.95 229.18 11.29 -0.10
0.00 1078.99
882.70 6.74 2.22 -3.90 299.77 236.31 11.91 -0.40
0.00 1156.75
870.40 6.14 1.72 -4.37 300.14 256.46 10.78 -0.90
0.00 1271.82
854.60 5.04 0.89 -4.99 300.27 278.75 10.22 -1.40
0.00 1421.57
836.00 3.64 -0.08 -5.50 300.50 298.52 10.18 -2.00
0.00 1600.64
815.80 1.94 -1.19 -5.86 300.73 312.06 10.72 -2.50
0.00 1798.57
794.10 -0.06 -2.50 -6.26 300.81 321.34 11.19 -2.70
0.00 2015.26
770.00 -2.26 -3.97 -6.70 301.00 326.58 11.64 -2.80
0.00 2261.08
743.70 -4.76 -5.79 -7.55 300.94 326.31 11.91 -2.70
0.00 2535.87
715.00 -7.66 -8.00 -8.64 300.68 320.71 11.05 -2.40
0.00 2843.91
684.00 -10.46 -10.47 -10.54 300.49 310.24 9.93 -2.00
100.00 3187.10
650.70 -13.26 -13.28 -13.38 300.37 299.17 9.56 -1.50
100.00 3569.36
614.90 -17.16 -17.18 -17.28 299.23 298.07 9.91 -1.00
100.00 3997.11
576.70 -20.46 -20.83 -22.24 299.36 301.66 13.69 -0.40
100.00 4475.00
536.10 -22.96 -24.16 -31.00 300.82 297.87 19.11 0.00
0.00 5012.56
496.40 -26.66 -27.86 -37.43 302.20 305.25 17.83 0.30
0.00 5571.99
460.30 -30.76 -31.83 -44.45 303.14 322.98 14.84 0.40
0.00 6112.31
427.50 -35.26 -36.11 -51.27 303.58 333.43 13.46 0.40
0.00 6631.97
397.50 -39.96 -40.48 -51.90 303.83 331.65 13.91 0.30
0.00 7133.64
370.00 -43.96 -44.30 -53.63 304.76 336.80 14.80 0.20
0.00 7618.82
344.80 -46.36 -46.74 -64.10 307.52 360.00 22.34 0.20
0.00 8089.58
321.90 -47.06 -47.43 -64.62 312.65 10.53 36.15 0.10
0.00 8545.10
301.00 -47.96 -48.30 -62.06 317.47 11.18 50.10 0.10
0.00 8988.49
281.90 -49.76 -50.02 -60.35 320.93 12.64 65.70 0.10
0.00 9418.91
264.50 -51.16 -51.41 -63.05 324.74 12.87 67.15 0.10
0.00 9834.22
248.20 -52.36 -52.61 -66.53 328.86 10.16 62.76 0.10
0.00 10246.42
233.30 -52.86 -53.12 -66.98 333.97 8.56 54.80 0.00
0.00 10646.08
219.60 -53.06 -53.35 -72.27 339.44 3.47 44.95 0.00
0.00 11036.14
205.70 -53.36 -53.66 -72.71 345.37 354.89 37.06 0.00
0.00 11457.11
191.70 -54.06 -9999.00 -9999.00 -9999.00 345.39 33.12 0.00
0.00 11909.87
177.70 -54.46 -9999.00 -9999.00 -9999.00 337.02 33.33 0.00
0.00 12395.76
163.80 -54.76 -9999.00 -9999.00 -9999.00 332.73 35.18 0.10
0.00 12916.80
149.80 -54.16 -9999.00 -9999.00 -9999.00 328.85 30.42 0.00
0.00 13488.73
135.90 -54.26 -9999.00 -9999.00 -9999.00 319.64 20.40 0.00
0.00 14112.82
121.90 -54.56 -9999.00 -9999.00 -9999.00 296.57 23.02 0.00
0.00 14808.92
108.00 -54.16 -9999.00 -9999.00 -9999.00 292.41 23.95 0.00
0.00 15584.29
94.00 -54.06 -9999.00 -9999.00 -9999.00 291.16 19.37 0.00
0.00 16474.45
81.00 -55.26 -9999.00 -9999.00 -9999.00 276.81 13.11 0.00
0.00 17426.40
70.60 -56.26 -9999.00 -9999.00 -9999.00 267.95 16.34 0.00
0.00 18300.84
62.20 -56.16 -9999.00 -9999.00 -9999.00 268.36 13.60 0.00
0.00 19105.24
54.30 -57.16 -9999.00 -9999.00 -9999.00 239.04 6.80 0.00
0.00 19965.99
46.90 -58.86 -9999.00 -9999.00 -9999.00 226.04 7.56 0.00
0.00 20888.61
40.10 -57.56 -9999.00 -9999.00 -9999.00 264.69 8.39 0.00
0.00 21874.13
33.80 -56.06 -9999.00 -9999.00 -9999.00 203.20 5.92 0.00
0.00 22956.47
27.80 -55.66 -9999.00 -9999.00 -9999.00 237.99 1.83 0.00
0.00 24199.45
22.30 -54.26 -9999.00 -9999.00 -9999.00 347.91 2.78 0.00
0.00 25607.40
17.10 -53.86 -9999.00 -9999.00 -9999.00 313.92 7.28 0.00
0.00 27310.12
12.30 -52.46 -9999.00 -9999.00 -9999.00 243.81 13.21 0.00
0.00 29431.77

STID = KBIL STNM = 726770 TIME = 221027/0600 
SLAT = 45.80 SLON = -108.53 SELV = 1002.0
STIM = 18

SHOW = 2.98 LIFT = 3.11 SWET = 99.77 KINX = 24.23
LCLP = 781.51 PWAT = 9.16 TOTL = 51.55 CAPE = 9.39
LCLT = 268.49 CINS = -89.75 EQLV = 597.51 LFCT = 650.02
BRCH = 31.28

PRES TMPC TMWC DWPC THTE DRCT SKNT OMEG
CFRL HGHT
899.40 6.34 2.42 -2.77 298.35 215.31 5.71 0.10
0.00 1010.20
896.70 6.34 2.40 -2.81 298.61 226.04 7.56 -0.10
0.00 1034.85
891.80 6.14 2.26 -2.88 298.87 238.13 8.47 -0.30
0.00 1079.75
883.40 5.84 2.00 -3.13 299.27 278.91 10.02 -0.80
0.00 1157.24
871.10 5.34 1.56 -3.55 299.77 310.76 14.88 -1.30
0.00 1271.88
855.30 4.34 0.80 -4.11 300.04 325.06 17.31 -1.70
0.00 1421.13
836.70 3.04 -0.14 -4.69 300.31 333.43 16.06 -1.90
0.00 1599.65
816.50 1.44 -1.22 -5.13 300.59 337.75 13.85 -1.90
0.00 1797.04
794.70 -0.36 -2.48 -5.70 300.79 336.32 12.08 -1.80
0.00 2014.26
770.70 -2.56 -4.07 -6.48 300.73 332.56 11.38 -1.60
0.00 2258.60
744.20 -4.86 -5.95 -7.85 300.57 324.34 10.99 -1.40
0.00 2535.05
715.50 -7.66 -8.23 -9.33 300.19 307.27 11.23 -1.10
0.00 2842.80
684.50 -10.36 -10.71 -11.47 300.02 292.75 13.05 -0.60
86.00 3185.78
651.10 -13.76 -13.81 -13.97 299.44 284.04 12.82 -0.30
100.00 3568.61
615.30 -17.76 -17.78 -17.87 298.24 275.19 10.72 -0.10
100.00 3995.14
577.00 -19.76 -20.69 -24.57 299.50 289.40 14.63 -0.10
55.00 4474.06
536.40 -22.46 -23.94 -32.89 301.08 298.56 17.46 0.00
0.00 5012.57
496.60 -26.26 -27.67 -39.92 302.42 318.18 14.86 0.20
0.00 5574.12
460.40 -30.56 -31.73 -46.35 303.27 327.26 12.94 0.30
0.00 6116.41
427.60 -35.26 -36.13 -52.41 303.52 328.09 12.12 0.20
0.00 6636.17
397.60 -39.66 -40.27 -55.82 304.09 341.31 13.95 0.10
0.00 7138.04
370.10 -42.66 -43.17 -60.47 306.31 2.63 21.19 0.00
0.00 7624.76
344.90 -43.46 -43.96 -61.02 311.46 18.25 37.84 0.10
0.00 8099.71
322.00 -44.96 -45.37 -57.53 315.64 21.77 61.29 0.20
0.00 8560.13
301.00 -46.86 -47.20 -58.07 319.10 18.11 75.00 0.20
0.00 9008.74
281.90 -49.26 -49.52 -58.59 321.69 13.03 83.55 0.20
0.00 9440.69
264.60 -51.86 -52.04 -59.09 323.76 11.11 85.72 0.10
0.00 9853.35
248.20 -53.56 -53.72 -61.33 327.16 11.15 82.36 0.10
0.00 10266.23
233.30 -54.36 -54.54 -63.99 331.74 10.32 72.65 0.00
0.00 10663.45
219.60 -54.86 -55.09 -72.27 336.67 8.80 58.37 0.00
0.00 11050.58
205.70 -54.76 -55.01 -72.71 343.17 0.95 46.81 0.00
0.00 11468.49
191.70 -54.66 -9999.00 -9999.00 -9999.00 349.43 41.30 0.00
0.00 11919.19
177.70 -54.86 -9999.00 -9999.00 -9999.00 341.66 37.65 0.00
0.00 12403.97
163.80 -55.66 -9999.00 -9999.00 -9999.00 336.56 36.64 0.00
0.00 12923.46
149.80 -55.46 -9999.00 -9999.00 -9999.00 334.48 33.37 0.00
0.00 13492.51
135.90 -54.36 -9999.00 -9999.00 -9999.00 322.40 21.33 0.00
0.00 14114.61
121.90 -54.66 -9999.00 -9999.00 -9999.00 290.56 21.58 0.00
0.00 14810.39
108.00 -54.26 -9999.00 -9999.00 -9999.00 292.06 24.32 0.00
0.00 15585.40
94.00 -53.96 -9999.00 -9999.00 -9999.00 284.31 19.64 0.00
0.00 16475.57
81.00 -55.96 -9999.00 -9999.00 -9999.00 275.71 15.62 0.00
0.00 17426.21
70.60 -57.56 -9999.00 -9999.00 -9999.00 273.95 16.94 0.00
0.00 18296.62
62.20 -56.86 -9999.00 -9999.00 -9999.00 276.77 11.54 0.00
0.00 19097.32
54.30 -57.46 -9999.00 -9999.00 -9999.00 235.12 7.81 0.00
0.00 19956.09
46.90 -57.86 -9999.00 -9999.00 -9999.00 227.49 9.48 0.00
0.00 20880.21
40.10 -55.96 -9999.00 -9999.00 -9999.00 242.10 7.48 0.00
0.00 21871.69
33.80 -56.06 -9999.00 -9999.00 -9999.00 200.85 8.72 0.00
0.00 22958.03
27.80 -55.96 -9999.00 -9999.00 -9999.00 263.88 5.48 0.00
0.00 24200.15
22.30 -54.56 -9999.00 -9999.00 -9999.00 360.00 1.36 0.00
0.00 25606.16
17.10 -54.26 -9999.00 -9999.00 -9999.00 313.26 4.53 0.00
0.00 27306.17
12.30 -52.86 -9999.00 -9999.00 -9999.00 249.25 13.71 0.00
0.00 29423.96

STID = KBIL STNM = 726770 TIME = 221027/0700 
SLAT = 45.80 SLON = -108.53 SELV = 1002.0
STIM = 19

SHOW = 3.83 LIFT = 3.84 SWET = 75.85 KINX = 22.36
LCLP = 789.71 PWAT = 8.75 TOTL = 50.13 CAPE = 0.00
LCLT = 268.67 CINS = 0.00 EQLV = -9999.00 LFCT = -9999.00
BRCH = 0.00

PRES TMPC TMWC DWPC THTE DRCT SKNT OMEG
CFRL HGHT
899.90 5.74 2.12 -2.72 297.69 230.71 5.52 0.10
0.00 1011.09
897.30 5.84 2.13 -2.84 297.98 252.41 8.35 -0.10
0.00 1034.76
892.40 5.74 2.00 -3.03 298.26 267.92 10.68 -0.40
0.00 1079.56
883.90 5.44 1.67 -3.48 298.53 292.34 15.33 -0.90
0.00 1157.81
871.60 4.74 1.04 -4.15 298.64 304.45 20.26 -1.40
0.00 1272.17
855.80 3.74 0.22 -4.89 298.79 312.03 21.17 -1.80
0.00 1421.00
837.20 2.44 -0.72 -5.44 299.09 320.67 18.08 -2.00
0.00 1599.01
817.00 0.94 -1.74 -5.84 299.50 328.64 14.55 -2.20
0.00 1795.86
795.20 -0.86 -2.97 -6.28 299.78 335.64 11.31 -2.10
0.00 2012.53
771.10 -2.96 -4.32 -6.51 300.21 336.80 8.88 -2.00
0.00 2257.32
744.70 -5.26 -6.12 -7.62 300.20 319.09 7.71 -1.70
0.00 2532.16
715.90 -7.76 -8.28 -9.28 300.05 289.23 8.84 -1.10
3.00 2840.52
684.90 -10.36 -11.03 -12.52 299.42 279.29 10.82 -0.50
36.00 3183.22
651.40 -13.96 -14.42 -15.66 298.40 275.64 15.81 -0.10
70.00 3566.78
615.60 -17.36 -17.82 -19.34 298.12 281.86 19.85 0.00
84.00 3993.23
577.20 -19.16 -20.46 -26.13 299.81 297.62 18.86 0.10
5.00 4474.09
536.60 -22.26 -23.82 -33.36 301.23 308.16 17.29 0.30
0.00 5013.24
496.80 -26.26 -27.63 -39.14 302.45 318.14 12.51 0.50
0.00 5574.80
460.60 -30.36 -31.62 -48.68 303.37 320.44 11.60 0.40
0.00 6117.09
427.70 -34.96 -35.88 -53.71 303.84 335.34 13.03 0.30
0.00 6638.79
397.70 -38.36 -39.10 -57.63 305.72 360.00 17.87 0.20
0.00 7142.23
370.10 -39.36 -40.07 -58.20 310.74 24.20 37.92 0.20
0.00 7635.50
345.00 -41.36 -41.93 -55.49 314.40 25.66 60.55 0.20
0.00 8114.06
322.00 -43.96 -44.40 -56.05 317.07 16.88 70.24 0.20
0.00 8579.56
301.00 -47.06 -47.36 -56.60 318.86 13.50 75.72 0.20
0.00 9028.96
281.90 -49.96 -50.16 -57.13 320.72 9.21 81.27 0.20
0.00 9460.05
264.60 -52.16 -52.33 -59.09 323.32 8.37 86.79 0.30
0.00 9871.79
248.20 -53.36 -53.51 -59.60 327.50 10.07 93.32 0.20
0.00 10284.57
233.30 -54.46 -54.61 -61.81 331.63 11.88 92.50 0.10
0.00 10681.89
219.60 -55.76 -55.92 -64.44 335.37 11.55 73.76 0.10
0.00 11068.14
205.70 -55.76 -55.98 -72.71 341.60 4.17 56.10 0.00
0.00 11484.23
191.70 -55.26 -9999.00 -9999.00 -9999.00 351.54 47.53 0.00
0.00 11933.28
177.70 -56.26 -9999.00 -9999.00 -9999.00 349.47 47.80 0.00
0.00 12415.84
163.80 -56.76 -9999.00 -9999.00 -9999.00 344.74 39.86 0.00
0.00 12932.35
149.80 -56.46 -9999.00 -9999.00 -9999.00 340.20 30.96 0.00
0.00 13498.66
135.90 -55.46 -9999.00 -9999.00 -9999.00 326.31 22.42 0.00
0.00 14117.76
121.90 -54.66 -9999.00 -9999.00 -9999.00 283.50 19.97 0.00
0.00 14811.79
108.00 -54.86 -9999.00 -9999.00 -9999.00 290.22 27.53 0.00
0.00 15585.74
94.00 -54.96 -9999.00 -9999.00 -9999.00 292.38 21.43 0.00
0.00 16472.66
81.00 -56.46 -9999.00 -9999.00 -9999.00 280.10 14.39 0.00
0.00 17420.02
70.60 -57.06 -9999.00 -9999.00 -9999.00 273.90 17.13 0.00
0.00 18290.44
62.20 -56.26 -9999.00 -9999.00 -9999.00 276.84 9.79 0.00
0.00 19093.18
54.30 -57.16 -9999.00 -9999.00 -9999.00 230.04 9.38 0.00
0.00 19953.74
46.90 -56.66 -9999.00 -9999.00 -9999.00 233.90 11.54 0.00
0.00 20881.07
40.10 -55.36 -9999.00 -9999.00 -9999.00 235.92 7.96 0.00
0.00 21876.68
33.80 -56.16 -9999.00 -9999.00 -9999.00 209.60 9.83 0.00
0.00 22964.27
27.80 -56.46 -9999.00 -9999.00 -9999.00 270.00 6.99 0.00
0.00 24204.67
22.30 -56.36 -9999.00 -9999.00 -9999.00 90.00 0.78 0.00
0.00 25603.27
17.10 -55.86 -9999.00 -9999.00 -9999.00 323.13 0.97 0.00
0.00 27290.06
12.30 -53.26 -9999.00 -9999.00 -9999.00 248.96 13.52 0.00
0.00 29398.21

STID = KBIL STNM = 726770 TIME = 221027/0800 
SLAT = 45.80 SLON = -108.53 SELV = 1002.0
STIM = 20

SHOW = 5.37 LIFT = 5.32 SWET = 58.11 KINX = 21.32
LCLP = 785.66 PWAT = 8.39 TOTL = 47.07 CAPE = 0.00
LCLT = 267.86 CINS = 0.00 EQLV = -9999.00 LFCT = -9999.00
BRCH = 0.00

PRES TMPC TMWC DWPC THTE DRCT SKNT OMEG
CFRL HGHT
900.30 5.34 1.66 -3.47 296.69 244.44 4.95 0.00
0.00 1010.16
897.60 5.44 1.64 -3.67 296.94 266.01 8.37 -0.20
0.00 1034.70
892.70 5.34 1.48 -3.95 297.16 281.50 11.69 -0.40
0.00 1079.42
884.30 5.04 1.12 -4.50 297.36 296.57 17.37 -0.70
0.00 1156.59
871.90 4.34 0.46 -5.30 297.42 302.83 21.50 -1.00
0.00 1271.65
856.20 3.34 -0.50 -6.50 297.30 305.65 23.66 -1.20
0.00 1419.23
837.50 2.14 -1.48 -7.36 297.54 306.34 20.98 -1.30
0.00 1597.86
817.30 0.64 -2.56 -7.93 297.85 302.97 17.13 -1.40
0.00 1794.37
795.50 -1.06 -3.69 -8.18 298.35 297.61 14.26 -1.30
0.00 2010.70
771.40 -3.26 -5.01 -8.04 298.87 293.68 12.08 -1.30
0.00 2255.12
744.90 -5.76 -6.66 -8.30 299.18 292.38 10.72 -1.30
0.00 2530.46
716.20 -8.46 -8.61 -8.94 299.42 286.89 11.36 -1.20
92.00 2836.94
685.10 -10.66 -10.69 -10.78 299.98 282.72 12.35 -0.90
100.00 3180.02
651.60 -13.46 -13.51 -13.66 299.87 278.13 13.73 -0.40
100.00 3563.69
615.80 -17.46 -17.68 -18.41 298.31 278.80 16.51 0.00
100.00 3990.38
577.40 -18.36 -20.15 -28.58 300.22 307.13 17.06 0.30
0.00 4471.74
536.70 -21.96 -23.66 -34.35 301.44 314.45 14.41 0.40
0.00 5013.21
496.90 -25.76 -27.36 -42.14 302.81 311.19 12.39 0.40
0.00 5575.55
460.70 -30.06 -31.42 -51.78 303.62 328.50 14.12 0.20
0.00 6118.59
427.80 -33.96 -35.01 -55.22 305.06 351.67 16.10 0.20
0.00 6641.58
397.70 -35.56 -36.52 -55.82 309.40 25.62 31.45 0.20
0.00 7150.70
370.10 -37.66 -38.40 -51.50 313.19 27.92 51.44 0.30
0.00 7648.72
345.00 -41.06 -41.53 -50.37 315.00 15.15 57.96 0.20
0.00 8129.35
322.00 -44.26 -44.63 -53.67 316.73 15.51 60.28 0.20
0.00 8594.85
301.00 -46.66 -46.93 -54.24 319.50 9.72 71.35 0.20
0.00 9044.36
281.90 -49.06 -49.27 -55.88 322.06 7.57 81.12 0.20
0.00 9476.70
264.60 -50.96 -51.14 -57.64 325.12 8.55 94.09 0.20
0.00 9890.39
248.20 -53.06 -53.22 -59.60 327.95 12.22 115.68 0.30
0.00 10304.58
233.30 -55.36 -55.49 -61.81 330.27 13.43 119.62 0.30
0.00 10701.35
219.60 -55.76 -55.92 -64.44 335.37 9.90 88.15 0.20
0.00 11086.80
205.70 -56.06 -56.25 -67.88 341.18 3.55 69.09 0.10
0.00 11502.61
191.70 -57.86 -58.04 -73.19 345.18 1.35 57.91 0.00
0.00 11948.67
177.70 -58.46 -9999.00 -9999.00 -9999.00 357.00 51.94 0.10
0.00 12425.91
163.80 -57.66 -9999.00 -9999.00 -9999.00 354.32 41.18 0.10
0.00 12938.72
149.80 -56.76 -9999.00 -9999.00 -9999.00 344.96 26.96 0.00
0.00 13503.46
135.90 -55.86 -9999.00 -9999.00 -9999.00 321.84 20.75 0.00
0.00 14121.56
121.90 -55.56 -9999.00 -9999.00 -9999.00 289.58 21.45 -0.10
0.00 14813.53
108.00 -56.16 -9999.00 -9999.00 -9999.00 291.04 27.06 -0.10
0.00 15583.58
94.00 -55.96 -9999.00 -9999.00 -9999.00 296.11 22.07 0.00
0.00 16465.82
81.00 -56.46 -9999.00 -9999.00 -9999.00 277.46 16.45 0.00
0.00 17411.01
70.60 -57.56 -9999.00 -9999.00 -9999.00 272.95 18.86 0.00
0.00 18280.42
62.20 -56.96 -9999.00 -9999.00 -9999.00 277.31 7.63 0.00
0.00 19080.93
54.30 -57.76 -9999.00 -9999.00 -9999.00 230.53 8.55 0.00
0.00 19938.90
46.90 -56.26 -9999.00 -9999.00 -9999.00 244.86 10.51 0.00
0.00 20865.81
40.10 -55.26 -9999.00 -9999.00 -9999.00 236.31 7.71 0.00
0.00 21862.57
33.80 -55.96 -9999.00 -9999.00 -9999.00 214.82 10.88 0.00
0.00 22950.91
27.80 -56.16 -9999.00 -9999.00 -9999.00 261.87 2.74 0.00
0.00 24192.74
22.30 -55.86 -9999.00 -9999.00 -9999.00 140.19 4.55 0.00
0.00 25593.91
17.10 -55.06 -9999.00 -9999.00 -9999.00 208.61 2.43 0.00
0.00 27285.75
12.30 -53.76 -9999.00 -9999.00 -9999.00 285.71 12.92 0.00
0.00 29395.35

STID = KBIL STNM = 726770 TIME = 221027/0900 
SLAT = 45.80 SLON = -108.53 SELV = 1002.0
STIM = 21

SHOW = 5.99 LIFT = 6.13 SWET = 52.51 KINX = 19.13
LCLP = 781.84 PWAT = 7.54 TOTL = 46.27 CAPE = 0.00
LCLT = 267.27 CINS = 0.00 EQLV = -9999.00 LFCT = -9999.00
BRCH = 0.00

PRES TMPC TMWC DWPC THTE DRCT SKNT OMEG
CFRL HGHT
900.60 5.14 1.38 -4.00 296.08 221.99 5.23 0.10
0.00 1010.15
897.90 5.24 1.40 -4.09 296.41 239.86 6.95 -0.10
0.00 1034.66
893.00 5.14 1.28 -4.24 296.72 261.16 8.84 -0.20
0.00 1079.33
884.60 4.84 1.00 -4.54 297.09 281.48 12.68 -0.50
0.00 1156.42
872.20 4.04 0.38 -5.03 297.23 287.99 15.73 -0.80
0.00 1271.34
856.50 2.84 -0.51 -5.62 297.26 295.17 17.81 -1.00
0.00 1418.67
837.80 1.44 -1.70 -6.73 297.12 301.57 18.92 -1.20
0.00 1596.86
817.60 0.04 -2.94 -8.02 297.11 302.42 17.04 -1.30
0.00 1792.84
795.80 -1.56 -4.36 -9.46 297.06 294.04 13.83 -1.20
0.00 2008.64
771.60 -3.46 -5.88 -10.57 297.22 282.63 11.54 -1.00
0.00 2253.63
745.20 -5.76 -7.39 -10.62 297.83 280.92 11.29 -0.80
0.00 2527.66
716.40 -8.26 -9.14 -10.95 298.48 280.46 12.84 -0.60
42.00 2835.13
685.30 -10.56 -11.09 -12.28 299.26 272.53 13.23 -0.40
78.00 3178.23
651.90 -13.56 -14.20 -15.93 298.68 270.83 13.40 -0.10
82.00 3560.54
616.00 -15.36 -17.08 -23.36 299.18 300.21 17.75 0.00
56.00 3989.81
577.60 -17.46 -19.73 -31.24 300.80 317.41 16.36 0.00
0.00 4473.74
536.90 -21.36 -23.34 -36.66 301.86 313.83 13.46 0.00
0.00 5016.58
497.00 -25.26 -27.09 -46.38 303.16 327.06 16.43 -0.10
0.00 5581.39
460.80 -29.06 -30.57 -53.08 304.81 350.13 18.14 -0.20
0.00 6125.97
427.80 -31.16 -32.50 -53.71 308.67 19.74 27.04 -0.10
0.00 6654.62
397.80 -33.96 -34.95 -49.13 311.69 24.35 40.52 -0.10
0.00 7166.68
370.20 -37.76 -38.32 -46.44 313.29 12.58 48.17 -0.10
0.00 7666.16
345.00 -40.86 -41.30 -48.91 315.35 12.98 51.03 0.00
0.00 8148.76
322.00 -43.16 -43.53 -50.97 318.37 11.90 59.36 0.10
0.00 8615.58
301.00 -45.76 -46.01 -51.55 320.89 8.62 71.31 0.10
0.00 9067.07
282.00 -47.56 -47.77 -52.91 324.30 9.96 88.75 0.20
3.00 9499.38
264.60 -49.36 -49.59 -56.39 327.50 14.33 111.46 0.30
0.00 9918.27
248.20 -52.46 -52.64 -59.60 328.84 12.68 123.04 0.40
0.00 10334.52
233.30 -55.66 -55.78 -61.81 329.81 10.84 111.54 0.40
0.00 10731.57
219.60 -56.96 -57.08 -64.44 333.52 6.72 102.87 0.40
0.00 11115.69
205.70 -57.56 -57.68 -64.93 338.86 2.04 92.91 0.20
0.00 11528.92
191.70 -58.16 -58.31 -68.39 344.75 3.49 79.80 0.10
0.00 11973.12
177.70 -59.46 -59.62 -73.70 350.12 5.28 56.95 0.00
0.00 12448.92
163.80 -59.46 -9999.00 -9999.00 -9999.00 358.08 46.45 0.00
0.00 12958.39
149.80 -57.06 -9999.00 -9999.00 -9999.00 347.82 27.62 0.00
0.00 13520.38
135.90 -56.86 -9999.00 -9999.00 -9999.00 326.85 22.73 0.00
0.00 14136.63
121.90 -56.86 -9999.00 -9999.00 -9999.00 301.52 24.15 0.00
0.00 14824.94
108.00 -57.16 -9999.00 -9999.00 -9999.00 295.46 27.12 0.00
0.00 15590.92
94.00 -56.46 -9999.00 -9999.00 -9999.00 297.00 22.67 0.00
0.00 16470.11
81.00 -57.06 -9999.00 -9999.00 -9999.00 284.04 15.21 0.00
0.00 17412.90
70.60 -56.96 -9999.00 -9999.00 -9999.00 268.23 18.84 0.00
0.00 18282.31
62.20 -56.66 -9999.00 -9999.00 -9999.00 274.09 13.64 0.00
0.00 19084.49
54.30 -57.86 -9999.00 -9999.00 -9999.00 254.27 14.34 0.00
0.00 19942.86
46.90 -56.76 -9999.00 -9999.00 -9999.00 260.98 12.39 0.00
0.00 20868.48
40.10 -55.96 -9999.00 -9999.00 -9999.00 241.93 6.60 0.00
0.00 21862.49
33.80 -55.56 -9999.00 -9999.00 -9999.00 218.99 10.49 0.00
0.00 22950.08
27.80 -55.56 -9999.00 -9999.00 -9999.00 171.03 3.73 0.00
0.00 24194.77
22.30 -56.36 -9999.00 -9999.00 -9999.00 170.54 7.09 0.00
0.00 25596.27
17.10 -55.76 -9999.00 -9999.00 -9999.00 169.99 3.36 0.00
0.00 27283.45
12.30 -54.26 -9999.00 -9999.00 -9999.00 307.88 8.86 0.00
0.00 29387.26
STN YYMMDD/HHMM PMSL PRES SKTC STC1 SNFL WTNS
P01M C01M STC2 LCLD MCLD HCLD
SNRA UWND VWND R01M BFGR T2MS
Q2MS WXTS WXTP WXTZ WXTR USTM
VSTM HLCY SLLH WSYM CDBP VSBK
TD2M
726770 221026/1200 1012.70 896.90 -0.46 272.70 -9999.00 7.00
-9999.00 -9999.00 273.20 0.00 100.00 0.00
-9999.00 1.40 -0.20 -9999.00 -9999.00 0.24
2.69 0.00 0.00 0.00 0.00 8.00
-5.50 79.40 -9999.00 999.00 -9999.00 20.00
-6.22
726770 221026/1300 1012.80 897.00 -0.26 272.90 0.00 7.00
0.00 0.00 273.20 0.00 100.00 0.00
-9999.00 1.30 0.00 -9999.00 -9999.00 0.54
2.68 0.00 0.00 0.00 0.00 9.60
-5.20 28.90 0.00 999.00 -9999.00 20.00
-6.26
726770 221026/1400 1012.20 896.60 -0.36 272.80 0.00 7.00
0.00 0.00 273.10 0.00 100.00 0.00
-9999.00 0.80 0.10 -9999.00 -9999.00 0.64
2.66 0.00 0.00 0.00 0.00 9.00
-5.20 -6.00 0.00 999.00 -9999.00 20.00
-6.37
726770 221026/1500 1012.40 896.90 1.34 274.50 0.00 7.00
0.00 0.00 274.40 0.00 100.00 0.00
-9999.00 0.00 0.10 -9999.00 -9999.00 1.74
2.65 0.00 0.00 0.00 0.00 7.40
-5.40 -13.40 0.00 999.00 -9999.00 20.00
-6.41
726770 221026/1600 1011.00 896.20 5.04 278.20 0.00 7.00
0.00 0.00 277.60 4.00 100.00 0.00
-9999.00 -0.40 -0.10 -9999.00 -9999.00 3.94
2.63 0.00 0.00 0.00 0.00 7.10
-5.20 -16.80 0.00 999.00 -9999.00 20.00
-6.52
726770 221026/1700 1010.20 896.20 8.74 281.90 0.00 7.00
0.00 0.00 280.90 32.00 100.00 0.00
-9999.00 -0.10 0.40 -9999.00 -9999.00 6.24
2.57 0.00 0.00 0.00 0.00 7.30
-5.00 -7.50 0.00 999.00 -9999.00 20.00
-6.82
726770 221026/1800 1008.20 895.40 12.44 285.60 0.00 7.00
0.00 0.00 284.40 1.00 100.00 0.00
-9999.00 0.90 1.10 -9999.00 -9999.00 8.84
2.40 0.00 0.00 0.00 0.00 8.60
-4.20 1.00 0.00 999.00 -9999.00 20.00
-7.72
726770 221026/1900 1007.10 895.10 14.84 288.00 0.00 7.00
0.00 0.00 286.90 1.00 100.00 0.00
-9999.00 1.80 1.50 -9999.00 -9999.00 10.84
2.12 0.00 0.00 0.00 0.00 8.80
-4.40 15.30 0.00 999.00 -9999.00 20.00
-9.31
726770 221026/2000 1006.00 894.30 15.84 289.00 0.00 7.00
0.00 0.00 288.10 0.00 100.00 0.00
-9999.00 2.60 1.10 -9999.00 -9999.00 11.74
2.01 0.00 0.00 0.00 0.00 7.20
-5.70 23.80 0.00 999.00 -9999.00 20.00
-9.99
726770 221026/2100 1006.10 894.50 15.24 288.40 0.00 7.00
0.00 0.00 287.80 0.00 100.00 0.00
-9999.00 1.80 0.50 -9999.00 -9999.00 11.94
1.97 0.00 0.00 0.00 0.00 8.40
-6.30 19.10 0.00 999.00 -9999.00 20.00
-10.24
726770 221026/2200 1006.20 894.60 14.04 287.20 0.00 7.00
0.00 0.00 287.00 4.00 98.00 0.00
-9999.00 1.80 0.70 -9999.00 -9999.00 11.94
2.01 0.00 0.00 0.00 0.00 7.90
-6.60 28.10 0.00 999.00 -9999.00 20.00
-9.99
726770 221026/2300 1006.50 894.80 12.04 285.20 0.00 7.00
0.00 0.00 285.30 8.00 100.00 0.00
-9999.00 1.10 0.00 -9999.00 -9999.00 11.44
2.08 0.00 0.00 0.00 0.00 8.50
-6.50 11.80 0.00 999.00 -9999.00 20.00
-9.55
726770 221027/0000 1006.70 894.90 7.94 281.10 0.00 7.00
0.00 0.00 281.90 100.00 100.00 0.00
-9999.00 0.60 -1.60 -9999.00 -9999.00 9.14
2.14 0.00 0.00 0.00 0.00 8.70
-7.20 -3.20 0.00 999.00 -9999.00 20.00
-9.19
726770 221027/0100 1008.00 895.50 8.14 281.30 0.00 7.00
0.00 0.00 281.50 100.00 100.00 0.00
-9999.00 0.30 -2.00 -9999.00 -9999.00 8.44
2.22 0.00 0.00 0.00 0.00 7.50
-8.70 -7.10 0.00 999.00 648.40 20.00
-8.71
726770 221027/0200 1010.40 897.40 7.14 280.30 0.00 7.00
0.00 0.00 280.70 100.00 100.00 0.00
-9999.00 0.20 -1.50 -9999.00 -9999.00 7.64
2.30 0.00 0.00 0.00 0.00 7.10
-9.70 -14.90 0.00 999.00 575.80 20.00
-8.23
726770 221027/0300 1010.90 897.70 4.94 278.10 0.00 7.00
0.00 0.00 278.80 100.00 100.00 0.00
-9999.00 0.50 -0.70 -9999.00 -9999.00 6.14
2.44 0.00 0.00 0.00 0.00 3.10
-10.10 -20.30 0.00 999.00 -9999.00 20.00
-7.47
726770 221027/0400 1011.90 898.30 5.44 278.60 0.00 7.00
0.00 0.00 278.80 100.00 83.00 0.00
-9999.00 1.60 0.40 -9999.00 -9999.00 6.14
2.57 0.00 0.00 0.00 0.00 -2.70
-6.00 -14.10 0.00 999.00 650.00 20.00
-6.79
726770 221027/0500 1013.60 899.50 5.84 279.00 0.00 7.00
0.00 0.00 279.20 100.00 100.00 0.00
-9999.00 2.10 0.90 -9999.00 -9999.00 5.94
3.08 0.00 0.00 0.00 0.00 -2.40
-1.90 41.60 0.00 999.00 684.00 20.00
-4.40
726770 221027/0600 1014.50 900.30 5.64 278.80 0.00 7.00
0.00 0.00 279.10 100.00 55.00 0.00
-9999.00 1.80 0.90 -9999.00 -9999.00 5.84
3.48 0.00 0.00 0.00 0.00 -0.90
0.80 37.70 0.00 999.00 615.30 20.00
-2.77
726770 221027/0700 1015.40 900.90 4.94 278.10 0.00 7.00
0.00 0.00 278.50 84.00 5.00 0.00
-9999.00 2.10 0.60 -9999.00 -9999.00 5.14
3.50 0.00 0.00 0.00 0.00 2.90
3.00 90.90 0.00 999.00 -9999.00 20.00
-2.68
726770 221027/0800 1016.00 901.20 4.84 278.00 0.00 7.00
0.00 0.00 278.20 100.00 0.00 0.00
-9999.00 2.10 0.00 -9999.00 -9999.00 4.94
3.30 0.00 0.00 0.00 0.00 2.70
2.80 34.70 0.00 999.00 685.10 20.00
-3.46
726770 221027/0900 1016.40 901.50 4.44 277.60 0.00 7.00
0.00 0.00 277.90 82.00 3.00 0.00
-9999.00 1.60 1.00 -9999.00 -9999.00 4.54
3.17 0.00 0.00 0.00 0.00 0.10
1.10 60.10 0.00 999.00 -9999.00 20.00
-3.99


