
SNPARM = PRES;TMPC;TMWC;DWPC;THTE;DRCT;SKNT;OMEG;CFRL;HGHT 
STNPRM = SHOW;LIFT;SWET;KINX;LCLP;PWAT;TOTL;CAPE;LCLT;CINS;EQLV;LFCT;BRCH 

STID = KIAD STNM = 724030 TIME = 221026/1200 
SLAT = 38.95 SLON = -77.44 SELV = 92.0
STIM = 0

SHOW = 2.82 LIFT = 8.26 SWET = 214.23 KINX = 1.68
LCLP = 978.93 PWAT = 19.83 TOTL = 43.70 CAPE = 0.00
LCLT = 285.48 CINS = 0.00 EQLV = 945.18 LFCT = 964.98
BRCH = 0.00

PRES TMPC TMWC DWPC THTE DRCT SKNT OMEG
CFRL HGHT
999.60 14.04 13.24 12.65 313.27 142.13 2.21 0.00
0.00 101.30
996.60 13.84 13.09 12.53 313.19 147.72 4.37 0.00
0.00 126.70
991.10 13.54 12.88 12.37 313.24 150.75 5.57 0.10
0.00 173.42
981.60 12.64 12.58 12.47 313.52 160.02 6.82 0.10
0.00 254.57
967.60 11.34 11.29 11.19 311.63 168.37 6.74 0.20
98.00 375.12
949.70 10.14 10.12 10.04 310.64 194.38 7.83 0.30
100.00 531.08
928.30 11.74 11.70 11.61 317.62 202.54 11.15 0.30
10.00 721.60
904.90 12.84 11.64 10.80 320.53 184.51 14.80 0.30
0.00 936.09
879.50 13.24 7.59 2.26 312.55 170.37 22.07 0.30
0.00 1175.62
851.10 11.54 10.46 9.70 324.48 165.40 28.50 0.40
0.00 1451.14
819.80 10.24 7.91 6.08 321.61 170.34 27.78 0.30
0.00 1764.18
785.60 10.64 1.10 -16.02 308.70 185.12 26.13 0.10
0.00 2118.84
748.50 9.24 -1.15 -28.50 308.51 191.22 23.97 0.00
0.00 2519.94
708.50 6.14 -2.85 -24.59 310.78 180.97 22.92 -0.10
0.00 2971.59
665.40 3.04 -5.18 -27.58 312.43 169.86 24.28 -0.20
0.00 3482.04
619.50 -0.86 -7.38 -23.53 315.48 168.77 27.93 -0.20
0.00 4056.07
571.00 -4.66 -10.51 -28.04 317.53 177.48 35.39 -0.20
0.00 4701.62
524.00 -8.86 -13.60 -28.96 320.33 183.04 40.27 -0.10
0.00 5371.68
481.80 -13.26 -15.96 -23.30 324.53 190.37 44.23 0.00
0.00 6016.19
443.90 -16.66 -19.39 -29.11 326.36 194.92 49.05 0.20
0.00 6635.76
409.90 -19.76 -22.99 -43.46 327.74 190.37 46.41 0.30
0.00 7230.59
379.10 -24.06 -26.42 -42.49 329.60 189.18 45.07 0.20
0.00 7805.12
351.40 -28.16 -29.97 -44.88 331.12 191.02 45.71 0.10
0.00 8353.86
326.50 -31.86 -33.21 -46.02 333.01 186.09 43.96 0.10
0.00 8876.99
304.00 -35.26 -36.30 -48.20 334.96 178.72 43.34 0.10
0.00 9377.80
283.80 -39.06 -39.89 -52.86 335.91 175.75 44.60 0.10
0.00 9852.80
265.70 -43.06 -43.71 -59.06 336.24 177.81 45.69 0.00
2.00 10300.53
248.80 -46.56 -47.11 -71.42 337.22 182.66 46.10 -0.10
0.00 10739.79
233.60 -49.06 -49.48 -66.97 339.61 185.81 44.13 -0.10
0.00 11155.61
219.60 -50.06 -50.43 -64.44 344.16 188.93 45.03 0.00
0.00 11560.10
205.70 -51.56 -51.91 -67.88 348.25 189.95 44.97 0.00
0.00 11985.67
191.70 -53.56 -53.85 -68.39 352.13 188.91 40.11 0.10
0.00 12440.81
177.70 -56.06 -56.31 -73.70 355.69 184.72 40.15 0.10
0.00 12925.48
163.80 -58.66 -9999.00 -9999.00 -9999.00 183.49 41.45 0.10
0.00 13439.96
149.80 -61.66 -9999.00 -9999.00 -9999.00 184.33 38.58 0.10
0.00 13996.99
135.90 -63.76 -9999.00 -9999.00 -9999.00 186.77 34.62 0.10
0.00 14596.85
121.90 -64.56 -9999.00 -9999.00 -9999.00 191.31 26.75 0.10
0.00 15261.92
108.00 -65.26 -9999.00 -9999.00 -9999.00 190.84 18.59 0.00
0.00 15999.90
94.00 -65.46 -9999.00 -9999.00 -9999.00 193.67 14.80 0.00
0.00 16844.34
81.00 -64.96 -9999.00 -9999.00 -9999.00 196.97 11.99 0.00
0.00 17750.32
70.60 -64.86 -9999.00 -9999.00 -9999.00 221.88 7.56 0.00
0.00 18587.96
62.20 -64.86 -9999.00 -9999.00 -9999.00 309.81 1.52 0.00
0.00 19360.29
54.30 -65.76 -9999.00 -9999.00 -9999.00 86.63 3.30 0.00
0.00 20186.65
46.90 -65.06 -9999.00 -9999.00 -9999.00 48.81 2.06 0.00
0.00 21077.53
40.10 -64.26 -9999.00 -9999.00 -9999.00 4.24 5.26 0.00
0.00 22033.48
33.80 -63.06 -9999.00 -9999.00 -9999.00 322.43 6.37 0.00
0.00 23081.55
27.80 -61.56 -9999.00 -9999.00 -9999.00 310.24 6.62 0.00
0.00 24287.63
22.30 -58.56 -9999.00 -9999.00 -9999.00 339.44 4.97 0.00
0.00 25662.67
17.10 -54.96 -9999.00 -9999.00 -9999.00 28.95 10.43 0.00
0.00 27344.41
12.30 -51.96 -9999.00 -9999.00 -9999.00 37.18 7.07 0.00
0.00 29463.17

STID = KIAD STNM = 724030 TIME = 221026/1300 
SLAT = 38.95 SLON = -77.44 SELV = 92.0
STIM = 1

SHOW = 2.91 LIFT = 7.41 SWET = 205.78 KINX = -13.11
LCLP = 974.52 PWAT = 18.69 TOTL = 44.24 CAPE = 0.00
LCLT = 285.21 CINS = 0.00 EQLV = -9999.00 LFCT = -9999.00
BRCH = 0.00

PRES TMPC TMWC DWPC THTE DRCT SKNT OMEG
CFRL HGHT
999.60 14.14 13.16 12.45 313.05 145.62 4.47 0.00
0.00 101.30
996.50 13.84 12.97 12.32 312.86 146.31 5.59 0.00
0.00 127.55
991.10 13.34 12.68 12.18 312.70 147.80 6.20 0.10
0.00 173.41
981.60 12.54 12.26 12.00 312.63 149.62 6.53 0.10
0.00 254.50
967.60 11.54 11.48 11.38 312.16 155.56 7.03 0.20
61.00 375.07
949.70 11.04 11.00 10.91 313.00 182.73 8.16 0.20
100.00 531.35
928.20 11.54 11.47 11.36 316.98 195.26 11.07 0.20
90.00 723.04
904.80 12.94 11.57 10.61 320.33 184.24 15.77 0.10
10.00 937.50
879.50 13.04 10.02 7.75 319.22 174.14 22.84 0.20
0.00 1176.22
851.00 11.74 9.99 8.73 323.09 172.20 28.63 0.10
0.00 1452.87
819.60 10.64 6.49 2.77 317.74 178.79 27.58 -0.10
1.00 1767.12
785.50 10.34 0.63 -18.26 307.63 192.26 27.43 -0.30
0.00 2120.68
748.40 8.74 -2.06 -58.13 306.31 199.77 26.42 -0.30
0.00 2521.18
708.40 5.84 -3.84 -41.03 308.44 194.88 25.72 -0.30
0.00 2972.10
665.40 2.64 -5.90 -36.27 310.81 183.68 27.25 -0.40
0.00 3480.62
619.40 -1.06 -8.26 -32.12 313.54 179.31 32.05 -0.30
0.00 4055.17
571.00 -5.46 -11.62 -36.71 315.27 181.18 37.68 -0.20
0.00 4698.07
524.10 -9.76 -14.35 -30.49 318.91 182.58 43.16 0.00
0.00 5364.42
481.80 -13.76 -15.72 -20.50 325.03 185.07 48.37 0.30
0.00 6008.72
443.90 -16.86 -20.35 -37.91 324.51 193.25 51.69 0.40
0.00 6627.43
409.90 -20.56 -23.32 -38.40 327.22 198.23 50.93 0.50
0.00 7221.03
379.10 -24.86 -26.89 -39.75 328.84 198.98 51.96 0.50
0.00 7793.78
351.40 -28.86 -30.69 -48.75 329.91 193.88 51.03 0.40
0.00 8340.85
326.50 -32.36 -33.79 -50.10 332.04 182.96 48.82 0.30
0.00 8862.67
304.00 -35.76 -36.92 -54.15 333.94 175.24 49.13 0.30
0.00 9362.41
283.80 -39.16 -40.09 -58.54 335.56 175.79 50.25 0.20
0.00 9836.79
265.70 -42.66 -43.31 -57.61 336.86 180.00 50.51 0.20
0.00 10284.80
248.80 -45.66 -46.14 -58.13 338.78 184.09 49.07 0.10
0.00 10725.32
233.60 -47.56 -48.01 -61.80 341.97 189.12 47.80 0.00
0.00 11143.35
219.60 -49.56 -49.90 -60.55 345.02 194.56 46.37 0.00
0.00 11549.66
205.70 -51.66 -51.93 -61.06 348.23 199.33 43.43 0.00
0.00 11975.62
191.70 -53.86 -54.06 -61.60 351.78 194.76 37.35 0.00
0.00 12430.35
177.70 -56.46 -56.67 -68.92 355.09 183.60 37.18 0.10
0.00 12914.26
163.80 -58.56 -58.75 -74.24 359.88 183.54 40.87 0.10
0.00 13428.38
149.80 -60.66 -9999.00 -9999.00 -9999.00 185.33 37.65 0.10
0.00 13986.85
135.90 -63.36 -9999.00 -9999.00 -9999.00 186.12 32.83 0.10
0.00 14588.70
121.90 -64.36 -9999.00 -9999.00 -9999.00 197.13 27.04 0.00
0.00 15254.74
108.00 -65.16 -9999.00 -9999.00 -9999.00 189.55 19.89 0.00
0.00 15993.24
94.00 -65.66 -9999.00 -9999.00 -9999.00 190.24 16.38 0.00
0.00 16837.49
81.00 -65.06 -9999.00 -9999.00 -9999.00 184.21 13.25 0.00
0.00 17742.81
70.60 -65.06 -9999.00 -9999.00 -9999.00 186.91 6.45 0.00
0.00 18579.84
62.20 -65.76 -9999.00 -9999.00 -9999.00 132.71 3.44 0.00
0.00 19350.13
54.30 -66.66 -9999.00 -9999.00 -9999.00 143.62 4.58 0.00
0.00 20172.92
46.90 -65.26 -9999.00 -9999.00 -9999.00 143.13 0.97 0.00
0.00 21061.44
40.10 -64.16 -9999.00 -9999.00 -9999.00 20.32 5.59 0.00
0.00 22017.16
33.80 -63.26 -9999.00 -9999.00 -9999.00 358.60 7.96 0.00
0.00 23064.98
27.80 -61.26 -9999.00 -9999.00 -9999.00 343.07 9.34 0.00
0.00 24271.34
22.30 -56.26 -9999.00 -9999.00 -9999.00 341.57 9.21 0.00
0.00 25654.77
17.10 -51.96 -9999.00 -9999.00 -9999.00 19.98 6.82 0.00
0.00 27357.11
12.30 -50.76 -9999.00 -9999.00 -9999.00 350.54 1.18 0.00
0.00 29496.12

STID = KIAD STNM = 724030 TIME = 221026/1400 
SLAT = 38.95 SLON = -77.44 SELV = 92.0
STIM = 2

SHOW = 6.31 LIFT = 7.09 SWET = 158.34 KINX = 8.39
LCLP = 969.34 PWAT = 21.34 TOTL = 39.86 CAPE = 0.00
LCLT = 285.26 CINS = 0.00 EQLV = -9999.00 LFCT = -9999.00
BRCH = 0.00

PRES TMPC TMWC DWPC THTE DRCT SKNT OMEG
CFRL HGHT
999.80 14.64 13.43 12.58 313.80 150.75 5.57 0.00
0.00 101.31
996.80 14.24 13.18 12.42 313.44 150.64 7.13 0.00
0.00 126.75
991.30 13.74 12.91 12.29 313.31 150.95 8.00 0.10
0.00 173.51
981.80 12.94 12.48 12.11 313.23 151.70 8.61 0.10
0.00 254.71
967.90 11.84 11.78 11.67 312.93 155.06 9.21 0.20
65.00 374.54
949.90 11.34 11.28 11.17 313.73 175.24 11.69 0.20
77.00 531.84
928.50 11.94 11.87 11.76 318.09 187.59 14.70 0.30
68.00 722.83
905.00 11.84 11.80 11.72 320.98 182.92 19.06 0.30
100.00 937.95
879.60 12.74 10.26 8.44 319.91 177.81 25.47 0.30
5.00 1177.07
851.20 11.94 7.95 4.59 317.31 177.74 29.55 0.20
0.00 1452.51
819.90 11.14 3.82 -5.25 310.80 184.43 27.66 0.00
0.00 1765.61
785.80 9.84 -0.09 -22.41 305.94 194.43 27.27 -0.10
0.00 2118.72
748.70 7.84 -0.29 -14.18 310.86 197.07 25.82 -0.10
0.00 2518.24
708.60 5.34 -1.55 -12.75 313.98 191.75 24.81 0.00
0.00 2969.50
665.60 2.64 -4.99 -23.22 312.91 183.20 27.82 0.00
0.00 3477.80
619.60 -1.06 -7.71 -25.35 314.76 183.07 32.67 0.10
0.00 4052.34
571.10 -5.56 -7.71 -11.04 323.62 184.91 38.60 0.30
0.00 4696.87
524.00 -9.86 -10.84 -12.50 326.08 184.60 46.00 0.40
2.00 5366.79
481.70 -13.46 -16.96 -29.09 322.59 191.40 51.13 0.40
0.00 6011.74
443.90 -16.76 -19.93 -33.35 325.32 202.24 51.85 0.40
0.00 6629.24
409.90 -20.36 -23.63 -49.71 326.57 208.48 54.58 0.40
0.00 7223.19
379.10 -24.26 -26.74 -46.22 329.03 205.31 55.44 0.40
0.00 7796.77
351.40 -28.36 -29.98 -42.09 331.12 195.22 54.76 0.30
0.00 8345.07
326.50 -31.76 -33.01 -43.88 333.34 187.18 54.43 0.20
0.00 8868.11
304.00 -34.96 -36.20 -53.17 335.10 186.57 52.60 0.10
0.00 9369.33
283.80 -38.76 -39.66 -54.72 336.26 186.96 51.26 0.00
0.00 9844.92
265.70 -42.26 -42.97 -59.06 337.41 191.14 51.28 -0.10
0.00 10293.71
248.80 -45.26 -45.84 -63.51 339.25 194.88 51.46 -0.10
0.00 10735.00
233.60 -47.56 -48.03 -63.98 341.93 196.91 50.76 -0.10
0.00 11153.39
219.60 -49.66 -50.07 -67.41 344.73 199.59 48.66 -0.20
0.00 11559.60
205.70 -51.66 -52.03 -72.71 348.05 200.73 44.44 -0.20
0.00 11985.46
191.70 -53.66 -53.95 -68.39 351.97 194.80 38.77 -0.20
0.00 12440.39
177.70 -56.16 -56.36 -66.00 355.63 182.46 36.17 -0.20
0.00 12924.85
163.80 -58.36 -58.56 -74.24 360.21 181.10 40.60 -0.10
0.00 13439.57
149.80 -60.36 -9999.00 -9999.00 -9999.00 187.02 39.72 -0.10
0.00 13998.69
135.90 -62.86 -9999.00 -9999.00 -9999.00 186.01 33.39 0.00
0.00 14601.68
121.90 -65.36 -9999.00 -9999.00 -9999.00 193.78 31.80 0.00
0.00 15266.92
108.00 -65.56 -9999.00 -9999.00 -9999.00 189.04 25.97 0.00
0.00 16002.95
94.00 -66.26 -9999.00 -9999.00 -9999.00 187.98 20.98 0.00
0.00 16845.16
81.00 -65.56 -9999.00 -9999.00 -9999.00 178.60 15.93 0.00
0.00 17748.09
70.60 -65.66 -9999.00 -9999.00 -9999.00 175.60 10.14 0.00
0.00 18582.90
62.20 -66.56 -9999.00 -9999.00 -9999.00 160.35 5.77 0.00
0.00 19350.60
54.30 -65.96 -9999.00 -9999.00 -9999.00 194.62 4.62 0.00
0.00 20173.18
46.90 -63.86 -9999.00 -9999.00 -9999.00 277.59 2.93 0.00
0.00 21066.21
40.10 -63.56 -9999.00 -9999.00 -9999.00 358.09 5.83 0.00
0.00 22026.52
33.80 -63.86 -9999.00 -9999.00 -9999.00 358.81 9.32 0.00
0.00 23074.33
27.80 -62.06 -9999.00 -9999.00 -9999.00 9.31 12.00 0.00
0.00 24276.69
22.30 -57.16 -9999.00 -9999.00 -9999.00 35.62 16.01 0.00
0.00 25654.64
17.10 -53.06 -9999.00 -9999.00 -9999.00 65.43 14.96 0.00
0.00 27349.20
12.30 -50.66 -9999.00 -9999.00 -9999.00 173.29 3.32 0.00
0.00 29483.39

STID = KIAD STNM = 724030 TIME = 221026/1500 
SLAT = 38.95 SLON = -77.44 SELV = 92.0
STIM = 3

SHOW = 13.62 LIFT = 7.55 SWET = 103.25 KINX = 3.17
LCLP = 960.79 PWAT = 22.83 TOTL = 24.83 CAPE = 0.00
LCLT = 285.32 CINS = 0.00 EQLV = -9999.00 LFCT = -9999.00
BRCH = 0.00

PRES TMPC TMWC DWPC THTE DRCT SKNT OMEG
CFRL HGHT
998.70 15.34 13.81 12.76 315.01 149.35 6.10 0.00
0.00 101.35
995.70 14.94 13.56 12.60 314.65 150.26 7.83 0.00
0.00 126.88
990.20 14.44 13.29 12.47 314.52 150.57 8.70 0.10
0.00 173.81
980.80 13.64 12.86 12.29 314.44 150.71 9.13 0.10
0.00 254.44
966.80 12.44 12.24 12.04 314.35 152.93 9.81 0.10
23.00 375.55
948.90 11.94 11.72 11.51 315.09 172.09 14.12 0.20
38.00 532.49
927.50 12.04 11.86 11.68 318.19 178.83 19.04 0.30
46.00 723.94
904.10 12.04 11.57 11.21 320.42 180.00 25.64 0.40
72.00 938.45
878.60 13.24 8.94 5.40 316.32 181.17 28.55 0.20
5.00 1178.93
850.40 13.14 3.79 -10.05 306.57 186.78 27.97 0.00
0.00 1453.07
819.40 11.64 0.82 -26.07 303.41 194.74 26.71 -0.10
0.00 1763.69
785.40 9.74 2.02 -8.84 311.12 195.44 27.00 0.00
0.00 2116.12
748.20 7.54 3.39 -0.78 320.04 189.74 26.42 0.10
0.00 2517.25
708.10 5.44 0.44 -5.64 318.83 182.78 28.01 0.00
0.00 2969.29
665.10 2.24 -1.68 -6.64 320.72 182.78 32.09 0.00
0.00 3478.32
619.00 -1.56 -2.75 -4.11 326.13 183.06 36.38 0.20
0.00 4054.78
570.50 -5.46 -8.08 -12.37 322.93 182.33 42.97 0.20
0.00 4700.17
523.60 -9.06 -13.19 -24.60 321.28 187.27 47.59 0.20
0.00 5368.56
481.40 -12.56 -17.21 -41.05 321.99 200.50 47.71 0.10
0.00 6014.07
443.70 -16.46 -20.49 -49.01 324.19 209.55 50.02 0.10
0.00 6631.52
409.70 -20.86 -24.05 -51.64 325.89 218.59 51.69 0.20
0.00 7225.44
379.00 -25.46 -27.93 -56.21 327.03 215.92 51.32 0.30
0.00 7795.42
351.30 -28.76 -30.82 -60.88 329.66 201.58 55.98 0.30
0.00 8342.03
326.40 -32.26 -33.74 -51.67 332.13 190.32 57.46 0.30
0.00 8864.20
304.00 -35.26 -36.46 -53.17 334.68 191.46 58.66 0.30
0.00 9362.41
283.80 -38.46 -39.49 -60.30 336.52 195.97 55.77 0.20
0.00 9838.00
265.70 -41.86 -42.60 -59.06 337.99 199.71 55.30 0.00
0.00 10287.46
248.80 -44.96 -45.54 -61.32 339.74 199.84 54.93 -0.10
0.00 10729.42
233.60 -47.66 -48.13 -63.98 341.78 196.95 51.98 -0.20
0.00 11148.00
219.60 -50.36 -50.71 -64.44 343.70 193.98 47.44 -0.20
0.00 11553.49
205.70 -53.06 -53.35 -67.88 345.89 189.34 43.10 -0.10
0.00 11977.33
191.70 -54.66 -54.94 -73.19 350.32 186.89 40.50 0.00
0.00 12429.79
177.70 -55.86 -56.12 -73.70 356.02 184.42 40.33 0.00
0.00 12913.46
163.80 -57.96 -9999.00 -9999.00 -9999.00 181.37 40.62 0.00
0.00 13429.02
149.80 -60.46 -9999.00 -9999.00 -9999.00 190.04 41.22 -0.10
0.00 13988.53
135.90 -62.76 -62.89 -75.48 372.17 198.02 33.92 0.00
0.00 14591.52
121.90 -65.46 -9999.00 -9999.00 -9999.00 196.57 32.01 0.00
0.00 15256.76
108.00 -65.46 -9999.00 -9999.00 -9999.00 196.11 28.71 0.00
0.00 15992.79
94.00 -65.36 -9999.00 -9999.00 -9999.00 188.50 21.02 0.00
0.00 16837.03
81.00 -64.86 -9999.00 -9999.00 -9999.00 174.43 16.01 0.00
0.00 17743.45
70.60 -64.86 -9999.00 -9999.00 -9999.00 175.07 11.31 0.00
0.00 18581.28
62.20 -65.26 -9999.00 -9999.00 -9999.00 185.91 5.67 0.00
0.00 19352.87
54.30 -64.06 -9999.00 -9999.00 -9999.00 223.45 5.09 0.00
0.00 20181.82
46.90 -63.36 -9999.00 -9999.00 -9999.00 284.93 3.01 0.00
0.00 21079.99
40.10 -64.26 -9999.00 -9999.00 -9999.00 360.00 3.69 0.00
0.00 22039.84
33.80 -64.36 -9999.00 -9999.00 -9999.00 358.49 7.38 0.00
0.00 23084.65
27.80 -61.76 -9999.00 -9999.00 -9999.00 9.09 9.83 0.00
0.00 24286.44
22.30 -57.16 -9999.00 -9999.00 -9999.00 53.45 14.02 0.00
0.00 25665.36
17.10 -54.86 -9999.00 -9999.00 -9999.00 87.71 14.59 0.00
0.00 27352.92
12.30 -51.86 -9999.00 -9999.00 -9999.00 206.57 8.26 0.00
0.00 29472.65

STID = KIAD STNM = 724030 TIME = 221026/1600 
SLAT = 38.95 SLON = -77.44 SELV = 92.0
STIM = 4

SHOW = 15.86 LIFT = 8.08 SWET = 101.62 KINX = 6.35
LCLP = 948.12 PWAT = 28.01 TOTL = 17.27 CAPE = 0.00
LCLT = 285.49 CINS = 0.00 EQLV = -9999.00 LFCT = -9999.00
BRCH = 0.00

PRES TMPC TMWC DWPC THTE DRCT SKNT OMEG
CFRL HGHT
997.90 16.54 14.47 13.12 317.07 169.99 6.70 0.00
0.00 101.40
994.90 16.04 14.17 12.93 316.54 170.75 8.47 0.00
0.00 127.05
989.40 15.54 13.89 12.78 316.38 171.53 9.23 0.00
0.00 174.21
980.00 14.64 13.44 12.61 316.21 171.09 10.02 0.00
0.00 255.21
966.00 13.44 12.82 12.36 316.12 171.57 10.61 -0.10
0.00 376.85
948.10 12.14 12.05 11.93 316.13 176.63 13.23 -0.10
46.00 534.28
926.70 11.34 11.29 11.19 316.65 183.50 19.08 -0.20
85.00 725.72
903.40 11.54 9.79 8.44 315.48 186.29 24.83 -0.20
22.00 938.92
878.10 13.34 6.44 -0.97 309.73 189.06 27.14 -0.30
3.00 1177.22
850.00 12.94 2.57 -16.93 303.64 197.01 27.21 -0.50
0.00 1450.21
819.00 11.54 5.96 0.54 316.37 195.05 29.18 -0.40
0.00 1761.15
784.80 9.44 7.54 6.08 325.72 192.07 31.59 -0.30
0.00 2116.62
747.60 6.74 6.14 5.64 327.54 188.72 32.03 -0.30
2.00 2518.23
707.50 4.44 4.28 4.11 328.89 184.32 33.51 -0.40
20.00 2970.09
664.40 1.74 1.70 1.63 329.28 180.90 37.30 -0.40
65.00 3480.44
618.40 -1.86 -3.07 -4.48 325.49 181.06 41.96 -0.30
3.00 4055.88
570.00 -4.96 -9.58 -19.81 319.76 185.04 44.27 -0.10
0.00 4700.52
523.20 -8.36 -13.95 -38.64 319.63 195.15 46.08 0.00
0.00 5369.15
481.10 -12.56 -17.10 -38.74 322.27 204.41 48.43 0.20
0.00 6014.30
443.40 -17.06 -20.69 -41.41 323.99 206.17 49.79 0.30
0.00 6631.47
409.50 -21.26 -24.31 -48.88 325.54 206.88 46.83 0.40
0.00 7222.85
378.80 -25.66 -28.11 -58.02 326.77 207.47 49.26 0.50
0.00 7792.44
351.20 -28.76 -30.76 -55.34 329.81 205.87 56.99 0.60
0.00 8337.08
326.30 -31.86 -33.51 -57.42 332.50 199.69 55.91 0.50
0.00 8859.83
303.90 -35.36 -36.64 -57.99 334.41 200.51 54.33 0.50
0.00 9358.50
283.80 -38.96 -39.94 -60.30 335.80 203.52 54.02 0.40
0.00 9831.21
265.60 -42.16 -42.90 -60.81 337.55 204.86 55.44 0.30
0.00 10282.46
248.80 -44.96 -45.54 -61.32 339.74 204.57 57.46 0.20
0.00 10721.59
233.60 -47.36 -47.84 -63.98 342.23 204.97 56.14 0.10
0.00 11140.45
219.60 -49.36 -49.79 -67.41 345.20 204.41 50.78 -0.10
0.00 11547.12
205.70 -51.66 -52.03 -72.71 348.05 196.75 43.82 -0.20
0.00 11973.26
191.70 -54.46 -54.74 -73.19 350.64 185.24 40.38 -0.20
0.00 12427.37
177.70 -56.66 -56.89 -73.70 354.71 186.37 42.02 -0.20
0.00 12910.37
163.80 -58.76 -58.95 -74.24 359.54 191.50 44.79 -0.10
0.00 13424.02
149.80 -61.16 -9999.00 -9999.00 -9999.00 194.93 45.24 0.00
0.00 13981.57
135.90 -63.36 -9999.00 -9999.00 -9999.00 196.90 36.75 0.00
0.00 14582.71
121.90 -66.06 -9999.00 -9999.00 -9999.00 186.30 31.86 0.10
0.00 15246.04
108.00 -65.66 -9999.00 -9999.00 -9999.00 189.41 33.28 0.10
0.00 15980.65
94.00 -64.76 -9999.00 -9999.00 -9999.00 187.66 23.33 0.00
0.00 16825.70
81.00 -65.76 -9999.00 -9999.00 -9999.00 179.34 16.90 0.00
0.00 17731.46
70.60 -65.76 -9999.00 -9999.00 -9999.00 185.96 13.09 -0.10
0.00 18565.68
62.20 -65.76 -9999.00 -9999.00 -9999.00 208.30 5.73 0.00
0.00 19334.67
54.30 -64.76 -9999.00 -9999.00 -9999.00 240.26 3.13 0.00
0.00 20161.24
46.90 -64.06 -9999.00 -9999.00 -9999.00 340.02 4.55 0.00
0.00 21056.41
40.10 -64.36 -9999.00 -9999.00 -9999.00 355.10 6.82 0.00
0.00 22014.42
33.80 -63.46 -9999.00 -9999.00 -9999.00 1.27 8.74 0.00
0.00 23061.24
27.80 -60.26 -9999.00 -9999.00 -9999.00 28.95 10.43 0.00
0.00 24269.89
22.30 -56.36 -9999.00 -9999.00 -9999.00 69.19 10.39 0.00
0.00 25656.22
17.10 -53.46 -9999.00 -9999.00 -9999.00 136.27 6.18 0.00
0.00 27352.34
12.30 -51.26 -9999.00 -9999.00 -9999.00 239.04 9.05 0.00
0.00 29481.71

STID = KIAD STNM = 724030 TIME = 221026/1700 
SLAT = 38.95 SLON = -77.44 SELV = 92.0
STIM = 5

SHOW = 6.46 LIFT = 8.31 SWET = 174.99 KINX = 28.05
LCLP = 945.41 PWAT = 29.32 TOTL = 38.74 CAPE = 0.00
LCLT = 285.64 CINS = 0.00 EQLV = -9999.00 LFCT = -9999.00
BRCH = 0.00

PRES TMPC TMWC DWPC THTE DRCT SKNT OMEG
CFRL HGHT
996.80 16.84 14.69 13.30 317.86 171.87 6.88 0.00
0.00 101.42
993.80 16.44 14.44 13.13 317.47 173.80 8.99 0.00
0.00 127.13
988.30 15.94 14.16 12.98 317.31 173.42 10.16 0.10
0.00 174.41
978.90 15.14 13.73 12.77 317.18 175.07 11.31 0.10
0.00 255.63
965.00 13.94 13.09 12.49 317.04 176.37 12.26 0.10
0.00 376.76
947.10 12.64 12.20 11.85 316.68 182.17 15.37 0.00
12.00 534.63
925.70 11.44 10.98 10.61 315.93 188.62 19.44 -0.10
67.00 726.45
902.40 11.54 8.64 6.19 312.50 196.52 23.91 -0.30
5.00 939.84
877.30 12.24 6.60 0.91 310.34 202.81 26.55 -0.30
0.00 1176.00
849.10 11.44 8.58 6.33 319.35 203.42 26.88 -0.10
0.00 1449.52
817.90 10.14 8.96 8.08 324.86 200.80 26.81 -0.10
0.00 1762.12
783.70 8.74 7.91 7.28 326.98 199.73 29.91 -0.30
0.00 2117.21
746.60 6.64 6.60 6.52 329.01 197.69 37.72 -0.40
67.00 2517.86
706.50 4.84 4.82 4.76 330.56 185.43 39.02 -0.30
100.00 2970.69
663.50 0.74 0.54 0.31 326.43 180.77 43.32 -0.10
90.00 3479.97
617.70 -0.36 -6.56 -19.74 317.53 187.91 43.73 -0.10
2.00 4053.51
569.60 -3.76 -10.38 -33.49 317.88 194.48 42.74 -0.20
0.00 4697.14
522.90 -8.26 -13.31 -29.98 321.05 206.13 45.44 -0.20
0.00 5366.26
480.90 -12.56 -16.83 -34.24 322.88 206.06 49.09 0.00
0.00 6010.42
443.20 -16.76 -20.47 -41.41 324.41 204.26 49.65 0.10
0.00 6628.25
409.40 -21.16 -24.19 -47.40 325.77 205.73 47.44 0.20
0.00 7218.56
378.70 -25.46 -27.87 -52.31 327.22 207.93 51.01 0.30
0.00 7788.65
351.10 -28.66 -30.68 -55.34 329.97 206.91 57.94 0.40
0.00 8333.77
326.30 -32.26 -33.85 -57.42 331.95 204.76 55.19 0.40
0.00 8854.18
303.90 -35.86 -37.08 -57.99 333.70 203.86 53.30 0.40
0.00 9351.91
283.80 -39.26 -40.21 -60.30 335.37 201.72 52.49 0.40
0.00 9823.82
265.60 -42.36 -43.09 -60.81 337.25 199.95 53.52 0.40
0.00 10274.58
248.80 -45.16 -45.75 -63.51 339.40 200.91 55.52 0.40
0.00 10713.33
233.60 -47.46 -47.94 -63.98 342.08 205.13 55.36 0.30
0.00 11131.92
219.60 -49.46 -49.88 -67.41 345.04 206.37 52.04 0.10
0.00 11538.40
205.70 -51.46 -51.81 -67.88 348.41 201.80 48.12 -0.10
0.00 11964.64
191.70 -53.66 -53.97 -73.19 351.92 195.78 45.01 -0.20
0.00 12419.78
177.70 -56.46 -56.70 -73.70 355.04 188.46 43.59 -0.20
0.00 12903.89
163.80 -59.26 -59.44 -74.24 358.70 189.17 43.88 -0.20
0.00 13417.18
149.80 -61.76 -9999.00 -9999.00 -9999.00 195.48 42.93 -0.10
0.00 13973.29
135.90 -63.06 -9999.00 -9999.00 -9999.00 200.49 39.39 0.00
0.00 14574.01
121.90 -64.46 -9999.00 -9999.00 -9999.00 193.71 32.79 0.10
0.00 15240.36
108.00 -66.06 -9999.00 -9999.00 -9999.00 196.30 34.62 0.00
0.00 15977.10
94.00 -64.96 -9999.00 -9999.00 -9999.00 201.57 26.94 0.00
0.00 16820.93
81.00 -66.46 -9999.00 -9999.00 -9999.00 188.23 16.30 0.00
0.00 17724.73
70.60 -65.66 -9999.00 -9999.00 -9999.00 189.73 13.79 0.00
0.00 18557.74
62.20 -64.46 -9999.00 -9999.00 -9999.00 216.87 4.86 0.00
0.00 19329.33
54.30 -63.76 -9999.00 -9999.00 -9999.00 265.24 2.33 0.00
0.00 20160.46
46.90 -63.56 -9999.00 -9999.00 -9999.00 331.56 5.30 0.00
0.00 21058.85
40.10 -63.66 -9999.00 -9999.00 -9999.00 344.58 5.85 0.00
0.00 22019.62
33.80 -62.96 -9999.00 -9999.00 -9999.00 18.43 6.76 0.00
0.00 23069.43
27.80 -61.16 -9999.00 -9999.00 -9999.00 45.97 8.10 0.00
0.00 24276.94
22.30 -58.56 -9999.00 -9999.00 -9999.00 88.26 6.41 0.00
0.00 25653.27
17.10 -55.86 -9999.00 -9999.00 -9999.00 117.26 7.21 0.00
0.00 27331.51
12.30 -52.26 -9999.00 -9999.00 -9999.00 229.40 3.57 0.00
0.00 29444.49

STID = KIAD STNM = 724030 TIME = 221026/1800 
SLAT = 38.95 SLON = -77.44 SELV = 92.0
STIM = 6

SHOW = 6.35 LIFT = 8.37 SWET = 200.29 KINX = 23.47
LCLP = 930.17 PWAT = 26.72 TOTL = 37.89 CAPE = 0.00
LCLT = 285.31 CINS = 0.00 EQLV = -9999.00 LFCT = -9999.00
BRCH = 0.00

PRES TMPC TMWC DWPC THTE DRCT SKNT OMEG
CFRL HGHT
995.40 17.74 14.97 13.20 318.86 181.40 7.96 0.00
0.00 102.32
992.50 17.34 14.69 12.98 318.38 182.16 10.30 0.10
0.00 127.29
987.00 16.84 14.40 12.81 318.18 182.91 11.48 0.10
0.00 174.77
977.60 15.94 13.93 12.60 317.95 184.47 12.47 0.10
0.00 256.34
963.70 14.74 13.29 12.30 317.78 186.61 13.50 0.10
0.00 377.95
945.90 13.24 12.40 11.79 317.41 191.45 15.66 0.10
0.00 535.53
924.50 11.74 11.22 10.81 316.75 192.89 16.53 0.10
34.00 727.91
901.30 11.44 9.74 8.42 315.61 207.44 22.77 0.20
4.00 940.79
876.10 11.14 9.72 8.64 318.85 214.92 25.12 0.30
0.00 1178.03
847.90 9.94 9.07 8.39 320.88 220.60 25.08 0.20
1.00 1451.05
816.70 8.34 7.87 7.48 321.96 216.70 25.68 0.00
25.00 1762.35
782.60 7.74 6.28 5.07 322.55 203.73 33.31 -0.30
5.00 2115.00
745.60 6.34 4.77 3.42 324.10 193.39 41.94 -0.40
28.00 2513.86
705.70 3.64 1.91 0.22 322.94 186.97 43.24 -0.40
77.00 2963.28
662.90 1.84 -3.34 -11.39 317.23 189.28 40.95 -0.40
40.00 3469.76
617.30 0.34 -7.21 -28.94 315.98 186.71 43.22 -0.20
0.00 4042.39
569.20 -3.76 -9.95 -27.91 318.92 204.55 42.07 -0.10
0.00 4687.19
522.60 -7.56 -13.15 -33.63 321.32 210.96 48.70 0.00
0.00 5356.20
480.60 -11.66 -16.62 -41.97 323.18 212.88 49.73 0.10
0.00 6002.63
443.10 -16.46 -20.38 -44.80 324.54 215.23 50.17 0.00
0.00 6618.81
409.30 -21.36 -24.35 -47.40 325.53 209.52 48.89 -0.10
0.00 7209.36
378.60 -25.66 -27.99 -50.39 327.06 207.84 54.49 0.00
0.00 7779.14
351.10 -29.56 -31.38 -52.95 328.84 210.00 55.17 0.10
0.00 8321.16
326.20 -33.06 -34.52 -55.95 330.92 209.59 52.72 0.20
0.00 8841.91
303.90 -35.96 -37.19 -59.76 333.52 204.84 51.81 0.20
0.00 9336.57
283.70 -38.96 -39.94 -60.30 335.84 199.24 52.47 0.20
0.00 9811.11
265.60 -42.36 -43.09 -60.81 337.25 196.66 53.54 0.20
0.00 10259.76
248.80 -45.36 -45.93 -63.51 339.10 199.15 53.88 0.20
0.00 10698.33
233.60 -47.56 -48.03 -63.98 341.93 203.25 52.64 0.10
0.00 11116.63
219.60 -49.66 -50.05 -64.44 344.78 204.12 50.87 0.00
0.00 11522.84
205.70 -51.76 -52.10 -67.88 347.93 201.17 48.95 -0.10
0.00 11948.61
191.70 -53.96 -54.26 -73.19 351.44 197.62 47.49 -0.20
0.00 12403.12
177.70 -56.36 -56.60 -73.70 355.20 195.23 45.10 -0.20
0.00 12887.02
163.80 -59.06 -59.24 -74.24 359.04 191.66 44.23 -0.10
0.00 13400.67
149.80 -61.76 -9999.00 -9999.00 -9999.00 196.48 43.14 -0.10
0.00 13957.04
135.90 -63.66 -9999.00 -9999.00 -9999.00 200.49 41.06 0.00
0.00 14556.90
121.90 -64.06 -9999.00 -9999.00 -9999.00 203.24 35.94 0.10
0.00 15222.93
108.00 -65.76 -9999.00 -9999.00 -9999.00 195.90 34.73 0.10
0.00 15960.91
94.00 -65.56 -9999.00 -9999.00 -9999.00 203.00 29.33 0.00
0.00 16804.14
81.00 -65.46 -9999.00 -9999.00 -9999.00 191.18 17.04 0.00
0.00 17708.81
70.60 -64.96 -9999.00 -9999.00 -9999.00 199.98 13.64 0.00
0.00 18545.23
62.20 -64.26 -9999.00 -9999.00 -9999.00 217.87 2.21 0.00
0.00 19318.49
54.30 -64.56 -9999.00 -9999.00 -9999.00 51.34 1.24 0.00
0.00 20148.43
46.90 -64.26 -9999.00 -9999.00 -9999.00 360.00 5.44 0.00
0.00 21043.61
40.10 -63.86 -9999.00 -9999.00 -9999.00 15.02 8.24 0.00
0.00 22002.31
33.80 -63.16 -9999.00 -9999.00 -9999.00 45.73 10.86 0.00
0.00 23051.12
27.80 -61.36 -9999.00 -9999.00 -9999.00 75.38 9.23 0.00
0.00 24257.49
22.30 -58.26 -9999.00 -9999.00 -9999.00 110.96 9.77 0.00
0.00 25634.14
17.10 -55.16 -9999.00 -9999.00 -9999.00 120.34 9.23 0.00
0.00 27316.27
12.30 -51.06 -9999.00 -9999.00 -9999.00 264.99 11.11 0.00
0.00 29438.40

STID = KIAD STNM = 724030 TIME = 221026/1900 
SLAT = 38.95 SLON = -77.44 SELV = 92.0
STIM = 7

SHOW = 7.72 LIFT = 7.23 SWET = 179.33 KINX = 10.80
LCLP = 907.83 PWAT = 22.66 TOTL = 36.20 CAPE = 0.00
LCLT = 284.88 CINS = 0.00 EQLV = -9999.00 LFCT = -9999.00
BRCH = 0.00

PRES TMPC TMWC DWPC THTE DRCT SKNT OMEG
CFRL HGHT
995.60 19.34 15.52 13.14 320.53 182.39 9.32 0.00
0.00 102.37
992.60 18.84 15.20 12.91 319.93 183.63 12.26 0.10
0.00 128.34
987.20 18.24 14.89 12.75 319.63 184.09 13.64 0.10
0.00 175.18
977.70 17.34 14.43 12.55 319.43 184.57 14.61 0.10
0.00 258.00
963.80 16.14 13.83 12.31 319.37 185.86 15.23 0.10
0.00 380.19
946.00 14.64 13.04 11.96 319.29 187.73 15.87 0.20
0.00 538.52
924.60 13.04 11.97 11.20 318.88 190.24 16.38 0.20
2.00 731.81
901.30 11.84 10.93 10.26 318.94 207.87 19.11 0.20
11.00 946.32
876.00 10.94 9.72 8.80 318.88 223.57 21.99 0.20
10.00 1184.68
847.80 9.84 8.11 6.73 318.26 229.76 23.15 0.10
6.00 1457.52
816.70 8.94 6.22 3.84 317.50 224.69 25.68 -0.10
2.00 1767.87
782.70 7.84 3.99 0.12 316.53 214.29 31.04 -0.20
0.00 2119.48
745.70 6.14 1.69 -3.41 316.22 207.25 36.48 -0.30
0.00 2517.66
705.90 4.44 -1.33 -9.80 315.00 204.33 40.07 -0.30
27.00 2965.59
663.20 3.24 -4.51 -21.94 314.28 195.84 42.00 -0.20
0.00 3472.05
617.50 -0.06 -6.97 -23.94 316.60 201.02 39.53 0.00
0.00 4046.56
569.40 -3.76 -9.98 -28.23 318.82 212.94 45.36 0.20
0.00 4690.74
522.70 -7.46 -13.28 -36.92 320.99 210.96 49.84 0.30
0.00 5361.10
480.80 -11.66 -16.57 -40.64 323.25 212.42 51.09 0.40
0.00 6005.90
443.20 -16.46 -20.31 -42.73 324.68 215.84 56.06 0.50
0.00 6623.54
409.30 -21.46 -24.38 -46.11 325.48 212.28 54.91 0.50
0.00 7215.66
378.70 -25.96 -28.23 -50.39 326.64 211.11 53.77 0.50
0.00 7783.06
351.10 -29.76 -31.57 -54.07 328.53 212.54 53.46 0.40
0.00 8326.42
326.30 -33.16 -34.61 -55.94 330.75 213.81 52.37 0.30
0.00 8844.68
303.90 -36.16 -37.34 -57.99 333.28 211.30 51.61 0.10
0.00 9341.17
283.70 -38.96 -39.94 -60.30 335.84 205.30 51.36 0.00
0.00 9815.51
265.60 -42.06 -42.81 -60.81 337.69 200.41 51.81 -0.10
0.00 10264.45
248.80 -45.36 -45.93 -63.51 339.10 198.98 51.96 -0.10
0.00 10703.30
233.60 -47.56 -48.03 -63.98 341.93 200.15 51.32 0.00
0.00 11121.61
219.60 -49.26 -49.69 -67.41 345.35 200.22 51.13 0.00
0.00 11528.18
205.70 -51.66 -52.01 -67.88 348.09 201.56 50.76 -0.10
0.00 11954.42
191.70 -54.06 -54.33 -68.39 351.32 204.12 48.95 -0.10
0.00 12408.94
177.70 -56.56 -56.79 -73.70 354.88 205.82 46.83 -0.20
0.00 12892.50
163.80 -59.06 -59.24 -74.24 359.04 203.40 42.54 -0.10
0.00 13405.91
149.80 -61.66 -9999.00 -9999.00 -9999.00 202.85 41.53 -0.10
0.00 13962.41
135.90 -63.86 -9999.00 -9999.00 -9999.00 205.70 40.31 0.00
0.00 14562.13
121.90 -64.56 -9999.00 -9999.00 -9999.00 210.26 37.78 0.00
0.00 15227.05
108.00 -65.16 -9999.00 -9999.00 -9999.00 209.15 32.69 0.00
0.00 15965.20
94.00 -66.16 -9999.00 -9999.00 -9999.00 205.38 29.45 0.00
0.00 16808.43
81.00 -64.86 -9999.00 -9999.00 -9999.00 194.47 18.65 0.00
0.00 17713.10
70.60 -64.76 -9999.00 -9999.00 -9999.00 187.65 13.13 0.00
0.00 18551.14
62.20 -63.86 -9999.00 -9999.00 -9999.00 151.39 4.88 0.00
0.00 19325.51
54.30 -64.36 -9999.00 -9999.00 -9999.00 135.00 2.47 0.00
0.00 20156.64
46.90 -64.26 -9999.00 -9999.00 -9999.00 358.09 5.83 0.00
0.00 21052.24
40.10 -65.26 -9999.00 -9999.00 -9999.00 13.74 8.99 0.00
0.00 22007.74
33.80 -64.96 -9999.00 -9999.00 -9999.00 51.12 7.73 0.00
0.00 23048.55
27.80 -61.86 -9999.00 -9999.00 -9999.00 90.00 6.41 0.00
0.00 24248.33
22.30 -58.06 -9999.00 -9999.00 -9999.00 120.26 8.10 0.00
0.00 25624.02
17.10 -54.66 -9999.00 -9999.00 -9999.00 152.45 5.03 0.00
0.00 27308.87
12.30 -50.66 -9999.00 -9999.00 -9999.00 283.57 11.60 0.00
0.00 29435.34

STID = KIAD STNM = 724030 TIME = 221026/2000 
SLAT = 38.95 SLON = -77.44 SELV = 92.0
STIM = 8

SHOW = 8.11 LIFT = 6.91 SWET = 182.99 KINX = 12.39
LCLP = 900.31 PWAT = 24.25 TOTL = 35.48 CAPE = 0.31
LCLT = 284.77 CINS = -9.15 EQLV = 812.10 LFCT = 833.39
BRCH = 0.01

PRES TMPC TMWC DWPC THTE DRCT SKNT OMEG
CFRL HGHT
995.80 19.94 15.74 13.16 321.22 194.35 8.62 0.00
0.00 102.39
992.80 19.44 15.45 12.97 320.69 195.68 11.50 0.10
0.00 128.40
987.40 18.94 15.18 12.82 320.52 195.71 12.92 0.10
0.00 175.34
977.90 18.04 14.74 12.64 320.35 196.39 13.77 0.10
0.00 258.35
964.00 16.84 14.13 12.39 320.27 197.45 14.26 0.10
0.00 380.81
946.10 15.34 13.37 12.06 320.24 199.15 14.80 0.10
0.00 540.40
924.80 13.64 12.19 11.19 319.52 201.94 15.07 0.10
0.00 733.19
901.50 11.94 11.04 10.37 319.22 215.69 16.98 0.00
6.00 947.92
876.20 10.54 9.58 8.84 318.46 232.57 19.81 0.00
10.00 1186.10
848.00 8.94 7.92 7.09 317.72 242.29 21.72 0.00
7.00 1458.27
816.90 7.14 6.00 5.00 316.92 246.73 21.15 -0.10
7.00 1767.13
782.80 6.14 4.13 2.23 316.94 229.67 27.02 -0.20
4.00 2117.66
745.80 5.84 2.18 -1.76 317.42 214.04 35.39 -0.30
0.00 2514.53
706.00 5.24 -0.34 -7.74 317.29 208.86 39.04 -0.20
0.00 2962.93
663.20 2.84 -3.37 -13.81 316.99 207.80 36.23 -0.10
0.00 3471.13
617.50 -0.86 -6.78 -19.30 317.14 215.39 34.56 0.00
0.00 4044.64
569.40 -3.66 -10.02 -29.43 318.70 217.75 45.69 0.00
0.00 4688.06
522.80 -7.26 -13.21 -38.28 321.07 212.23 52.82 0.00
0.00 5357.27
480.80 -11.66 -16.57 -40.64 323.25 212.14 53.67 0.20
0.00 6003.78
443.20 -16.56 -20.38 -42.73 324.55 215.67 57.63 0.30
0.00 6621.31
409.30 -21.46 -24.40 -46.74 325.44 218.04 58.95 0.30
0.00 7213.31
378.70 -25.96 -28.23 -50.39 326.64 219.12 56.33 0.30
0.00 7780.71
351.10 -30.06 -31.80 -52.95 328.17 218.53 53.63 0.30
0.00 8323.74
326.30 -33.56 -34.95 -55.94 330.20 218.79 52.10 0.30
0.00 8841.25
303.90 -36.66 -37.79 -57.99 332.58 216.65 51.09 0.20
0.00 9336.80
283.70 -39.56 -40.48 -60.30 334.98 210.10 50.74 0.20
0.00 9810.03
265.60 -42.26 -43.02 -63.02 337.36 206.18 51.52 0.00
0.00 10258.20
248.80 -44.96 -45.56 -63.51 339.69 204.32 50.95 -0.10
0.00 10697.24
233.60 -46.96 -47.47 -63.98 342.84 201.48 50.93 -0.10
0.00 11116.47
219.60 -48.86 -49.31 -67.41 345.97 198.98 51.36 -0.20
0.00 11523.95
205.70 -51.46 -51.81 -67.88 348.41 199.54 51.13 -0.20
0.00 11950.76
191.70 -54.26 -54.55 -73.19 350.96 202.87 48.48 -0.20
0.00 12405.28
177.70 -57.06 -57.28 -73.70 354.06 206.13 45.44 -0.10
0.00 12888.07
163.80 -59.56 -59.73 -74.24 358.20 204.81 42.58 0.00
0.00 13400.28
149.80 -61.56 -9999.00 -9999.00 -9999.00 202.89 41.96 0.00
0.00 13956.26
135.90 -63.36 -9999.00 -9999.00 -9999.00 205.55 39.18 0.00
0.00 14556.83
121.90 -64.56 -9999.00 -9999.00 -9999.00 209.03 38.44 0.10
0.00 15222.55
108.00 -64.76 -9999.00 -9999.00 -9999.00 213.12 32.71 0.10
0.00 15961.41
94.00 -65.56 -9999.00 -9999.00 -9999.00 207.12 26.85 0.00
0.00 16806.67
81.00 -64.66 -9999.00 -9999.00 -9999.00 201.32 17.09 0.00
0.00 17713.08
70.60 -64.46 -9999.00 -9999.00 -9999.00 180.95 11.65 0.00
0.00 18552.13
62.20 -63.76 -9999.00 -9999.00 -9999.00 148.39 5.92 0.00
0.00 19327.24
54.30 -64.66 -9999.00 -9999.00 -9999.00 138.81 2.06 0.00
0.00 20157.97
46.90 -65.16 -9999.00 -9999.00 -9999.00 16.70 6.08 0.00
0.00 21051.00
40.10 -66.16 -9999.00 -9999.00 -9999.00 35.91 6.95 0.00
0.00 22002.37
33.80 -64.46 -9999.00 -9999.00 -9999.00 64.54 4.53 0.00
0.00 23042.18
27.80 -60.16 -9999.00 -9999.00 -9999.00 45.00 2.20 0.00
0.00 24248.26
22.30 -56.66 -9999.00 -9999.00 -9999.00 225.00 3.03 0.00
0.00 25633.95
17.10 -53.26 -9999.00 -9999.00 -9999.00 225.00 6.59 0.00
0.00 27329.67
12.30 -50.26 -9999.00 -9999.00 -9999.00 235.84 6.57 0.00
0.00 29464.83

STID = KIAD STNM = 724030 TIME = 221026/2100 
SLAT = 38.95 SLON = -77.44 SELV = 92.0
STIM = 9

SHOW = 7.63 LIFT = 6.80 SWET = 191.25 KINX = 10.62
LCLP = 899.86 PWAT = 24.22 TOTL = 35.92 CAPE = 19.45
LCLT = 284.77 CINS = -10.02 EQLV = 772.70 LFCT = 863.99
BRCH = 0.39

PRES TMPC TMWC DWPC THTE DRCT SKNT OMEG
CFRL HGHT
995.30 19.94 15.74 13.16 321.28 191.63 6.74 0.00
0.00 102.40
992.30 19.64 15.55 13.01 321.04 193.74 8.99 0.10
0.00 128.43
986.90 19.14 15.28 12.86 320.87 194.30 10.22 0.10
0.00 175.43
977.40 18.34 14.86 12.66 320.78 196.22 11.13 0.10
0.00 258.54
963.50 17.14 14.25 12.40 320.69 199.03 11.93 0.10
0.00 381.20
945.60 15.64 13.46 12.03 320.60 202.14 12.37 0.10
0.00 541.04
924.30 14.04 12.27 11.06 319.82 212.35 13.79 0.10
0.00 734.17
901.10 12.44 11.09 10.12 319.43 227.45 16.08 0.20
0.00 948.40
875.80 10.54 9.79 9.21 319.10 237.99 18.32 0.20
3.00 1186.90
847.60 8.64 8.27 7.95 318.73 248.10 21.35 0.30
20.00 1459.11
816.50 6.44 6.40 6.32 318.01 253.48 23.91 0.30
57.00 1767.67
782.40 4.74 4.23 3.73 317.25 243.43 27.80 0.20
23.00 2117.20
745.50 5.74 1.65 -2.98 316.18 224.26 32.01 0.00
0.00 2512.14
705.60 5.44 -0.81 -9.80 316.19 213.89 30.65 0.00
0.00 2961.86
662.90 2.84 -3.92 -16.53 315.77 216.32 28.21 0.00
0.00 3469.18
617.30 -0.66 -7.15 -22.53 316.33 229.15 34.15 0.00
0.00 4041.73
569.20 -3.76 -10.02 -28.73 318.75 224.30 45.05 0.00
0.00 4685.43
522.60 -7.26 -13.07 -35.43 321.43 215.24 51.85 0.00
0.00 5354.79
480.60 -11.56 -16.47 -39.84 323.49 215.44 52.93 0.10
0.00 6001.71
443.10 -16.46 -20.36 -44.25 324.58 221.11 54.66 0.20
0.00 6618.02
409.30 -21.56 -24.50 -47.40 325.27 223.72 55.36 0.30
0.00 7208.34
378.60 -26.56 -28.70 -49.57 325.91 224.27 54.25 0.30
0.00 7776.86
351.10 -30.66 -32.27 -51.05 327.44 222.80 53.75 0.30
0.00 8316.68
326.20 -33.86 -35.19 -54.68 329.86 222.80 53.75 0.20
0.00 8835.40
303.90 -36.66 -37.81 -59.76 332.53 220.32 52.23 0.10
0.00 9328.50
283.70 -39.76 -40.68 -62.52 334.65 211.35 50.04 0.10
0.00 9801.52
265.60 -43.06 -43.75 -63.02 336.19 205.50 51.44 0.00
0.00 10248.73
248.80 -45.56 -46.12 -63.51 338.80 206.47 51.86 0.00
0.00 10686.43
233.50 -47.36 -47.84 -63.98 342.27 205.59 50.84 0.00
0.00 11107.58
219.60 -48.86 -49.31 -67.41 345.97 201.48 50.93 0.00
0.00 11511.87
205.70 -51.16 -51.55 -72.71 348.83 198.16 50.49 -0.10
0.00 11938.97
191.70 -54.16 -54.45 -73.19 351.12 199.25 47.73 -0.10
0.00 12393.90
177.70 -56.86 -57.08 -73.70 354.38 201.85 44.37 0.00
0.00 12877.02
163.80 -59.46 -59.63 -74.24 358.37 202.74 44.23 0.00
0.00 13389.60
149.80 -61.06 -9999.00 -9999.00 -9999.00 206.79 43.53 0.00
0.00 13946.36
135.90 -62.96 -9999.00 -9999.00 -9999.00 211.31 38.87 0.10
0.00 14548.22
121.90 -64.26 -9999.00 -9999.00 -9999.00 213.77 37.39 0.00
0.00 15215.04
108.00 -64.56 -9999.00 -9999.00 -9999.00 215.95 31.43 0.00
0.00 15954.79
94.00 -65.46 -9999.00 -9999.00 -9999.00 207.42 23.19 0.00
0.00 16800.66
81.00 -65.56 -9999.00 -9999.00 -9999.00 201.94 15.07 0.00
0.00 17705.33
70.60 -64.96 -9999.00 -9999.00 -9999.00 170.84 12.20 0.00
0.00 18541.56
62.20 -63.96 -9999.00 -9999.00 -9999.00 141.52 9.67 0.00
0.00 19315.37
54.30 -64.66 -9999.00 -9999.00 -9999.00 124.70 6.14 0.00
0.00 20145.71
46.90 -65.06 -9999.00 -9999.00 -9999.00 79.05 6.14 0.00
0.00 21038.95
40.10 -64.96 -9999.00 -9999.00 -9999.00 101.77 4.76 0.00
0.00 21993.30
33.80 -62.96 -9999.00 -9999.00 -9999.00 189.46 1.18 0.00
0.00 23039.86
27.80 -60.46 -9999.00 -9999.00 -9999.00 304.51 3.77 0.00
0.00 24249.37
22.30 -57.56 -9999.00 -9999.00 -9999.00 295.35 4.08 0.00
0.00 25631.19
17.10 -51.66 -9999.00 -9999.00 -9999.00 241.93 3.30 0.00
0.00 27329.63
12.30 -48.66 -9999.00 -9999.00 -9999.00 237.53 7.60 0.00
0.00 29480.22

STID = KIAD STNM = 724030 TIME = 221026/2200 
SLAT = 38.95 SLON = -77.44 SELV = 92.0
STIM = 10

SHOW = 7.06 LIFT = 6.96 SWET = 182.84 KINX = 9.94
LCLP = 931.05 PWAT = 25.29 TOTL = 36.77 CAPE = 11.31
LCLT = 285.98 CINS = -0.98 EQLV = 769.81 LFCT = 915.76
BRCH = 0.34

PRES TMPC TMWC DWPC THTE DRCT SKNT OMEG
CFRL HGHT
997.70 18.54 15.66 13.90 320.75 275.95 9.38 0.00
0.00 101.47
994.70 18.34 15.48 13.72 320.56 276.25 14.26 0.00
0.00 127.32
989.20 17.94 15.22 13.53 320.44 275.71 17.56 -0.10
0.00 174.88
979.70 17.14 14.76 13.25 320.20 276.10 20.12 -0.20
0.00 257.49
965.80 15.94 14.11 12.93 319.99 275.61 21.85 -0.40
0.00 379.37
947.90 14.34 13.26 12.52 319.69 274.89 22.80 -0.70
0.00 538.17
926.40 12.74 12.04 11.53 318.87 272.89 23.15 -1.10
0.00 731.80
903.10 10.94 10.89 10.80 318.58 268.99 22.14 -1.60
38.00 945.47
877.70 9.94 9.86 9.75 319.04 262.44 19.21 -1.90
100.00 1183.56
849.40 8.64 8.57 8.47 319.30 253.50 16.41 -1.80
100.00 1455.90
818.20 6.94 6.89 6.80 319.07 244.41 15.29 -1.40
100.00 1765.13
784.00 5.14 5.07 4.97 319.17 242.65 12.68 -0.80
100.00 2115.61
746.80 3.64 1.78 -0.17 316.38 231.65 22.53 -0.20
6.00 2511.97
706.90 5.14 -1.36 -11.39 314.72 224.13 27.06 0.10
0.00 2959.04
664.00 2.64 -4.12 -17.05 315.16 229.86 25.91 0.20
0.00 3467.32
618.20 -0.26 -6.90 -22.51 316.66 238.87 34.95 0.10
0.00 4041.70
570.00 -3.06 -9.74 -30.56 319.10 230.66 43.20 0.00
0.00 4687.09
523.20 -7.26 -13.08 -35.70 321.29 222.67 47.28 0.00
0.00 5359.33
481.10 -11.96 -16.77 -40.63 322.82 224.51 48.48 0.10
0.00 6006.57
443.40 -16.76 -20.62 -45.39 324.06 225.80 49.05 0.20
0.00 6624.80
409.50 -21.76 -24.65 -47.40 324.97 225.00 48.89 0.30
0.00 7215.93
378.80 -26.76 -28.82 -48.09 325.68 224.04 49.18 0.40
0.00 7783.72
351.20 -30.76 -32.33 -50.22 327.31 223.32 51.53 0.40
0.00 8324.95
326.30 -34.16 -35.43 -53.56 329.46 224.10 52.47 0.30
0.00 8843.08
303.90 -37.06 -38.14 -57.99 332.01 221.85 52.41 0.20
0.00 9337.60
283.80 -39.76 -40.68 -62.51 334.61 213.39 51.18 0.00
0.00 9807.79
265.60 -43.06 -43.75 -63.02 336.19 206.18 51.94 -0.10
0.00 10257.39
248.80 -45.66 -46.21 -63.51 338.65 207.79 52.91 -0.10
0.00 10695.00
233.60 -47.56 -48.06 -66.97 341.88 208.68 51.81 0.00
0.00 11113.02
219.60 -49.06 -49.50 -67.41 345.66 207.58 49.09 0.00
0.00 11519.77
205.70 -50.86 -51.27 -72.71 349.30 204.84 46.23 -0.10
0.00 11946.97
191.70 -53.56 -53.88 -73.19 352.08 202.60 43.98 -0.10
0.00 12402.83
177.70 -56.56 -56.79 -73.70 354.88 203.20 42.91 -0.20
0.00 12886.95
163.80 -59.36 -59.53 -74.24 358.54 204.40 43.73 -0.10
0.00 13400.00
149.80 -61.66 -9999.00 -9999.00 -9999.00 208.63 43.38 -0.10
0.00 13956.11
135.90 -63.46 -9999.00 -9999.00 -9999.00 216.41 38.62 0.00
0.00 14556.40
121.90 -65.26 -9999.00 -9999.00 -9999.00 216.87 34.97 0.00
0.00 15220.84
108.00 -64.56 -9999.00 -9999.00 -9999.00 211.56 31.92 0.00
0.00 15958.81
94.00 -65.36 -9999.00 -9999.00 -9999.00 198.60 21.31 0.00
0.00 16804.89
81.00 -65.66 -9999.00 -9999.00 -9999.00 198.92 14.37 0.00
0.00 17709.56
70.60 -64.56 -9999.00 -9999.00 -9999.00 180.91 12.24 0.00
0.00 18546.39
62.20 -64.06 -9999.00 -9999.00 -9999.00 166.50 9.98 0.00
0.00 19320.76
54.30 -65.06 -9999.00 -9999.00 -9999.00 159.68 5.59 0.00
0.00 20150.10
46.90 -64.96 -9999.00 -9999.00 -9999.00 126.87 1.94 0.00
0.00 21042.70
40.10 -64.06 -9999.00 -9999.00 -9999.00 231.34 2.49 0.00
0.00 21999.34
33.80 -63.16 -9999.00 -9999.00 -9999.00 278.43 5.30 0.00
0.00 23047.65
27.80 -62.66 -9999.00 -9999.00 -9999.00 315.00 2.47 0.00
0.00 24250.30
22.30 -58.16 -9999.00 -9999.00 -9999.00 71.57 1.22 0.00
0.00 25623.08
17.10 -51.96 -9999.00 -9999.00 -9999.00 315.00 1.38 0.00
0.00 27318.03
12.30 -49.76 -9999.00 -9999.00 -9999.00 291.80 6.27 0.00
0.00 29461.87

STID = KIAD STNM = 724030 TIME = 221026/2300 
SLAT = 38.95 SLON = -77.44 SELV = 92.0
STIM = 11

SHOW = 8.33 LIFT = 10.07 SWET = 159.91 KINX = 8.27
LCLP = 927.69 PWAT = 21.45 TOTL = 35.32 CAPE = 0.00
LCLT = 284.28 CINS = 0.00 EQLV = -9999.00 LFCT = -9999.00
BRCH = 0.00

PRES TMPC TMWC DWPC THTE DRCT SKNT OMEG
CFRL HGHT
999.40 17.24 14.25 12.26 316.22 292.62 7.58 0.00
0.00 101.40
996.40 17.24 14.06 11.92 316.01 291.80 12.55 0.00
0.00 127.09
990.90 16.84 13.73 11.60 315.69 290.73 15.37 0.00
0.00 174.36
981.50 16.24 13.18 11.05 315.25 288.43 19.66 -0.10
0.00 255.60
967.50 15.14 12.32 10.29 314.49 285.17 23.76 -0.10
0.00 377.68
949.60 13.74 11.28 9.44 313.78 281.31 26.75 -0.20
0.00 535.65
928.20 11.94 10.13 8.72 313.28 277.96 28.05 -0.30
0.00 727.36
904.80 10.54 8.65 7.08 312.26 271.99 27.99 -0.20
0.00 940.85
879.40 9.74 7.74 6.03 313.10 261.73 22.96 -0.10
61.00 1177.94
851.10 8.44 7.76 7.18 316.87 243.75 15.81 0.00
73.00 1449.34
819.80 6.34 6.15 5.94 316.90 228.50 13.48 0.20
84.00 1758.40
785.40 3.64 3.48 3.29 314.99 225.00 18.69 0.20
96.00 2108.81
748.20 5.44 0.73 -5.18 313.60 227.36 26.67 0.20
0.00 2504.38
708.20 4.74 -1.69 -11.93 313.79 229.02 25.47 0.10
0.00 2952.64
665.10 2.44 -4.18 -16.79 314.88 244.82 25.12 0.10
0.00 3461.84
619.10 0.04 -6.88 -23.78 316.51 244.41 30.57 0.10
0.00 4037.91
570.70 -2.86 -9.82 -33.73 318.73 231.39 38.29 0.10
0.00 4685.67
523.80 -7.36 -13.35 -40.25 320.59 229.51 41.88 0.10
0.00 5358.61
481.60 -11.96 -16.89 -44.04 322.47 228.07 43.61 0.10
0.00 6006.52
443.80 -16.66 -20.50 -44.23 324.18 223.39 44.11 0.20
0.00 6625.89
409.80 -21.86 -24.67 -45.52 324.89 222.22 45.38 0.30
0.00 7218.30
379.00 -26.56 -28.65 -48.08 325.89 223.34 47.55 0.40
0.00 7787.69
351.40 -30.76 -32.33 -50.21 327.26 225.64 49.46 0.40
0.00 8328.84
326.40 -34.36 -35.58 -52.57 329.19 226.87 50.58 0.30
0.00 8848.61
304.00 -37.46 -38.47 -56.52 331.46 224.70 51.92 0.20
0.00 9342.35
283.80 -40.26 -41.11 -60.30 333.94 219.78 51.30 0.10
0.00 9813.91
265.70 -43.06 -43.75 -63.01 336.15 212.60 51.18 0.00
0.00 10260.47
248.80 -45.76 -46.31 -63.51 338.50 210.82 51.57 0.00
0.00 10700.50
233.60 -47.76 -48.25 -66.97 341.58 210.44 51.38 0.00
0.00 11118.25
219.60 -49.56 -49.98 -67.41 344.89 209.47 49.75 0.00
0.00 11524.37
205.70 -51.26 -51.65 -72.71 348.67 208.86 45.47 0.00
0.00 11950.70
191.70 -53.46 -53.78 -73.19 352.24 205.96 41.26 0.00
0.00 12406.25
177.70 -56.36 -56.60 -73.70 355.20 203.52 40.89 -0.10
0.00 12890.71
163.80 -59.46 -59.63 -74.24 358.37 203.57 43.24 -0.10
0.00 13403.88
149.80 -62.16 -9999.00 -9999.00 -9999.00 207.88 45.28 0.00
0.00 13959.20
135.90 -63.46 -9999.00 -9999.00 -9999.00 217.62 38.50 0.00
0.00 14558.78
121.90 -65.46 -9999.00 -9999.00 -9999.00 217.41 33.26 0.10
0.00 15222.90
108.00 -64.96 -9999.00 -9999.00 -9999.00 211.46 34.62 0.00
0.00 15959.81
94.00 -64.86 -9999.00 -9999.00 -9999.00 196.01 23.23 0.00
0.00 16806.09
81.00 -65.46 -9999.00 -9999.00 -9999.00 197.53 15.48 0.00
0.00 17712.28
70.60 -64.06 -9999.00 -9999.00 -9999.00 181.57 14.18 0.00
0.00 18550.52
62.20 -64.06 -9999.00 -9999.00 -9999.00 180.94 11.85 0.00
0.00 19325.82
54.30 -64.76 -9999.00 -9999.00 -9999.00 187.91 7.05 0.00
0.00 20155.76
46.90 -64.36 -9999.00 -9999.00 -9999.00 243.43 2.60 0.00
0.00 21050.29
40.10 -63.66 -9999.00 -9999.00 -9999.00 276.91 6.45 0.00
0.00 22009.22
33.80 -62.96 -9999.00 -9999.00 -9999.00 304.62 9.91 0.00
0.00 23059.03
27.80 -61.76 -9999.00 -9999.00 -9999.00 293.81 7.23 0.00
0.00 24264.83
22.30 -57.86 -9999.00 -9999.00 -9999.00 192.53 1.79 0.00
0.00 25641.48
17.10 -54.06 -9999.00 -9999.00 -9999.00 53.97 5.28 0.00
0.00 27329.44
12.30 -50.96 -9999.00 -9999.00 -9999.00 313.26 9.07 0.00
0.00 29457.36

STID = KIAD STNM = 724030 TIME = 221027/0000 
SLAT = 38.95 SLON = -77.44 SELV = 92.0
STIM = 12

SHOW = 10.15 LIFT = 12.81 SWET = 161.04 KINX = 6.41
LCLP = 919.72 PWAT = 19.10 TOTL = 32.97 CAPE = 0.00
LCLT = 282.22 CINS = 0.00 EQLV = -9999.00 LFCT = -9999.00
BRCH = 0.00

PRES TMPC TMWC DWPC THTE DRCT SKNT OMEG
CFRL HGHT
1000.50 15.94 12.71 10.33 311.63 283.39 8.39 0.00
0.00 102.19
997.60 15.94 12.48 9.90 311.33 283.16 15.37 0.00
0.00 126.87
992.10 15.64 12.19 9.59 311.18 282.14 18.47 0.00
0.00 173.85
982.60 14.94 11.60 9.01 310.67 281.22 23.97 0.00
0.00 255.45
968.60 13.84 10.77 8.33 310.11 279.26 27.76 -0.10
0.00 376.76
950.70 12.44 9.78 7.59 309.63 277.40 30.17 -0.20
0.00 533.74
929.30 10.84 8.42 6.30 308.68 275.06 30.81 -0.20
0.00 724.30
905.90 9.74 7.21 4.89 308.48 270.00 27.58 -0.30
0.00 936.69
880.50 9.24 6.73 4.42 310.40 257.83 20.26 -0.30
11.00 1172.83
852.10 8.34 6.63 5.12 313.79 228.67 15.00 -0.20
23.00 1444.43
820.70 6.04 5.54 5.06 315.22 211.65 16.67 -0.10
34.00 1753.76
786.40 4.94 2.64 0.21 312.82 222.21 22.55 0.00
46.00 2103.19
749.10 5.24 0.27 -6.30 312.40 230.47 25.93 0.10
0.00 2499.94
708.90 4.44 -1.80 -11.69 313.48 237.16 25.43 0.20
0.00 2949.50
665.80 2.54 -4.08 -16.55 315.00 247.04 24.90 0.20
0.00 3458.02
619.70 0.24 -6.80 -24.15 316.56 242.53 27.37 0.20
0.00 4035.07
571.20 -2.86 -9.87 -34.53 318.55 233.00 33.57 0.10
0.00 4683.79
524.20 -7.36 -13.38 -41.15 320.44 233.01 38.42 0.10
0.00 5357.60
481.90 -11.76 -16.68 -41.95 322.81 227.34 40.42 0.00
0.00 6006.85
444.00 -16.66 -20.45 -42.72 324.26 221.09 42.27 0.00
0.00 6627.78
410.00 -21.86 -24.67 -45.51 324.84 222.34 44.41 0.20
0.00 7219.91
379.20 -26.56 -28.65 -48.08 325.84 224.65 45.32 0.30
0.00 7789.02
351.40 -30.76 -32.31 -49.46 327.30 228.07 46.21 0.30
0.00 8333.95
326.50 -34.76 -35.93 -52.56 328.61 230.22 48.27 0.30
0.00 8851.14
304.00 -37.96 -38.92 -56.52 330.76 226.27 49.46 0.30
0.00 9346.06
283.80 -40.66 -41.48 -60.30 333.36 220.06 49.49 0.20
0.00 9816.71
265.70 -43.06 -43.75 -63.01 336.15 215.67 49.98 0.10
0.00 10262.89
248.80 -45.46 -46.05 -66.51 338.91 213.26 49.94 0.10
0.00 10703.20
233.60 -47.36 -47.87 -66.97 342.19 212.82 49.46 0.00
0.00 11121.60
219.60 -49.36 -49.81 -72.27 345.15 213.50 48.91 0.00
0.00 11528.26
205.60 -51.36 -51.74 -72.72 348.56 214.09 46.45 0.00
0.00 11957.86
191.70 -53.46 -53.78 -73.19 352.24 212.59 42.19 -0.10
0.00 12410.16
177.70 -56.06 -56.31 -73.70 355.69 207.06 40.13 -0.10
0.00 12894.95
163.80 -59.16 -59.34 -74.24 358.87 204.78 41.72 0.00
0.00 13408.83
149.80 -61.76 -9999.00 -9999.00 -9999.00 210.31 43.88 0.00
0.00 13965.07
135.90 -63.66 -9999.00 -9999.00 -9999.00 218.75 37.86 0.10
0.00 14564.93
121.90 -65.36 -9999.00 -9999.00 -9999.00 217.96 34.73 0.10
0.00 15228.90
108.00 -64.56 -9999.00 -9999.00 -9999.00 208.99 32.87 0.00
0.00 15966.70
94.00 -64.36 -9999.00 -9999.00 -9999.00 206.13 22.94 0.00
0.00 16814.80
81.00 -65.46 -9999.00 -9999.00 -9999.00 192.68 15.93 0.00
0.00 17722.09
70.60 -63.96 -9999.00 -9999.00 -9999.00 180.00 16.32 0.00
0.00 18560.53
62.20 -64.26 -9999.00 -9999.00 -9999.00 188.75 12.78 0.00
0.00 19335.64
54.30 -64.46 -9999.00 -9999.00 -9999.00 212.47 7.60 0.00
0.00 20165.78
46.90 -63.96 -9999.00 -9999.00 -9999.00 285.26 4.43 0.00
0.00 21061.81
40.10 -63.76 -9999.00 -9999.00 -9999.00 298.22 9.03 0.00
0.00 22021.43
33.80 -62.96 -9999.00 -9999.00 -9999.00 321.22 13.95 0.00
0.00 23070.99
27.80 -60.06 -9999.00 -9999.00 -9999.00 311.08 10.04 0.00
0.00 24281.65
22.30 -56.86 -9999.00 -9999.00 -9999.00 336.04 1.90 0.00
0.00 25667.01
17.10 -54.96 -9999.00 -9999.00 -9999.00 49.69 8.41 0.00
0.00 27355.36
12.30 -51.56 -9999.00 -9999.00 -9999.00 345.47 5.42 0.00
0.00 29476.05

STID = KIAD STNM = 724030 TIME = 221027/0100 
SLAT = 38.95 SLON = -77.44 SELV = 92.0
STIM = 13

SHOW = 12.45 LIFT = 14.02 SWET = 89.71 KINX = 2.57
LCLP = 924.66 PWAT = 17.09 TOTL = 29.85 CAPE = 0.00
LCLT = 281.13 CINS = 0.00 EQLV = -9999.00 LFCT = -9999.00
BRCH = 0.00

PRES TMPC TMWC DWPC THTE DRCT SKNT OMEG
CFRL HGHT
1000.00 14.34 11.44 9.14 308.25 281.31 7.93 0.00
0.00 102.14
997.10 14.54 11.34 8.79 308.32 281.46 14.67 0.00
0.00 126.69
991.60 14.34 11.10 8.50 308.32 281.07 18.20 0.00
0.00 173.45
982.10 13.94 10.65 7.96 308.22 280.39 23.70 0.10
0.00 254.75
968.20 13.04 9.91 7.27 307.90 279.53 26.98 0.10
0.00 374.84
950.20 11.64 8.88 6.47 307.38 279.09 29.51 0.20
0.00 532.28
928.80 10.24 7.53 5.01 306.53 278.83 31.64 0.20
0.00 722.41
905.50 9.34 6.41 3.55 306.57 276.50 30.89 0.20
0.00 933.55
880.10 9.04 5.61 2.13 307.70 266.89 25.10 0.00
0.00 1169.44
851.80 8.54 4.93 1.23 309.61 241.00 18.43 -0.10
0.00 1439.99
820.40 6.24 4.23 2.23 312.02 219.96 18.75 -0.20
0.00 1749.40
786.20 5.04 2.03 -1.35 311.42 225.37 21.02 0.00
0.00 2097.93
748.90 4.94 -0.03 -6.76 311.76 234.35 23.66 0.40
0.00 2494.55
708.80 4.54 -1.77 -11.80 313.55 241.17 24.16 0.60
0.00 2942.91
665.70 3.04 -3.99 -17.66 315.14 244.26 24.15 0.50
0.00 3452.03
619.60 0.64 -6.61 -24.54 316.94 239.40 25.95 0.20
0.00 4030.09
571.10 -2.76 -9.81 -34.53 318.68 236.11 31.35 0.10
0.00 4679.51
524.10 -7.56 -13.43 -39.01 320.40 236.90 36.64 -0.10
0.00 5353.33
481.80 -12.06 -16.77 -39.08 322.71 228.08 38.38 -0.10
0.00 6002.12
444.00 -16.86 -20.57 -42.26 324.04 220.22 41.22 -0.10
0.00 6620.89
409.90 -21.86 -24.69 -46.10 324.83 222.06 42.91 0.00
0.00 7214.60
379.10 -26.46 -28.55 -47.42 326.04 225.73 42.85 0.10
0.00 7783.96
351.40 -30.96 -32.46 -48.75 327.07 229.67 43.82 0.10
0.00 8326.90
326.50 -35.06 -36.17 -51.67 328.24 230.47 46.10 0.10
0.00 8843.55
304.00 -38.06 -39.01 -56.52 330.62 225.17 47.67 0.10
0.00 9338.06
283.80 -40.86 -41.66 -60.30 333.08 219.63 49.94 0.10
0.00 9808.41
265.70 -43.26 -43.94 -63.01 335.86 217.80 50.39 0.00
0.00 10254.20
248.80 -45.56 -46.14 -66.51 338.76 215.43 49.59 0.00
0.00 10694.23
233.60 -47.46 -47.96 -66.97 342.03 213.44 48.64 -0.10
0.00 11112.44
219.60 -49.56 -50.00 -72.27 344.84 214.14 48.12 -0.10
0.00 11518.82
205.60 -51.56 -51.93 -72.72 348.25 216.38 45.84 -0.10
0.00 11948.04
191.70 -53.66 -53.97 -73.19 351.92 216.61 42.35 -0.10
0.00 12399.93
177.70 -56.06 -56.31 -73.70 355.69 213.46 40.52 -0.10
0.00 12884.49
163.80 -58.86 -9999.00 -9999.00 -9999.00 209.74 40.71 0.00
0.00 13398.74
149.80 -61.76 -9999.00 -9999.00 -9999.00 212.92 40.03 0.00
0.00 13955.37
135.90 -64.36 -9999.00 -9999.00 -9999.00 219.55 39.04 0.10
0.00 14554.23
121.90 -65.06 -9999.00 -9999.00 -9999.00 220.18 37.63 0.10
0.00 15217.56
108.00 -64.76 -9999.00 -9999.00 -9999.00 206.88 31.80 0.00
0.00 15955.53
94.00 -64.56 -9999.00 -9999.00 -9999.00 200.32 22.38 0.00
0.00 16802.82
81.00 -65.86 -9999.00 -9999.00 -9999.00 182.49 17.89 0.00
0.00 17708.80
70.60 -64.26 -9999.00 -9999.00 -9999.00 181.23 18.07 0.00
0.00 18545.83
62.20 -64.06 -9999.00 -9999.00 -9999.00 192.80 13.15 0.00
0.00 19320.76
54.30 -63.76 -9999.00 -9999.00 -9999.00 215.22 8.08 0.00
0.00 20152.69
46.90 -63.86 -9999.00 -9999.00 -9999.00 282.53 1.79 0.00
0.00 21050.43
40.10 -64.06 -9999.00 -9999.00 -9999.00 323.43 7.50 0.00
0.00 22009.59
33.80 -63.96 -9999.00 -9999.00 -9999.00 343.47 12.98 0.00
0.00 23055.91
27.80 -59.96 -9999.00 -9999.00 -9999.00 348.18 8.53 0.00
0.00 24263.99
22.30 -57.46 -9999.00 -9999.00 -9999.00 15.26 4.43 0.00
0.00 25647.74
17.10 -55.06 -9999.00 -9999.00 -9999.00 38.99 5.24 0.00
0.00 27333.37
12.30 -50.76 -9999.00 -9999.00 -9999.00 310.60 5.38 0.00
0.00 29457.43

STID = KIAD STNM = 724030 TIME = 221027/0200 
SLAT = 38.95 SLON = -77.44 SELV = 92.0
STIM = 14

SHOW = 13.37 LIFT = 14.23 SWET = 85.61 KINX = 0.07
LCLP = 932.36 PWAT = 16.58 TOTL = 28.56 CAPE = 0.00
LCLT = 280.86 CINS = 0.00 EQLV = -9999.00 LFCT = -9999.00
BRCH = 0.00

PRES TMPC TMWC DWPC THTE DRCT SKNT OMEG
CFRL HGHT
1000.60 13.44 10.86 8.76 306.70 279.21 7.28 0.00
0.00 101.26
997.60 13.74 10.82 8.42 306.90 278.69 14.14 0.00
0.00 126.57
992.10 13.64 10.63 8.15 307.04 278.22 17.66 0.10
0.00 173.18
982.60 13.34 10.24 7.64 307.10 279.62 23.25 0.10
0.00 254.24
968.70 12.44 9.58 7.13 307.01 280.67 27.27 0.20
0.00 374.01
950.70 11.14 8.69 6.54 306.86 282.84 31.47 0.30
0.00 531.06
929.30 9.74 7.62 5.68 306.71 285.95 33.94 0.40
0.00 720.78
905.90 8.34 6.41 4.56 306.55 290.71 34.05 0.40
0.00 932.20
880.50 7.44 5.20 2.94 306.73 291.80 30.34 0.30
0.00 1166.95
852.20 7.54 4.27 0.78 308.00 275.29 21.08 0.10
0.00 1436.14
820.80 6.94 3.27 -0.79 309.67 231.03 17.00 -0.10
0.00 1745.12
786.50 5.64 1.74 -2.90 310.66 222.97 19.39 0.10
0.00 2095.16
749.30 5.54 0.19 -7.06 312.17 234.16 21.56 0.40
0.00 2491.33
709.10 5.04 -1.60 -12.26 313.83 241.04 22.86 0.50
0.00 2941.46
665.90 3.54 -3.86 -18.59 315.33 240.08 23.76 0.40
0.00 3452.46
619.90 1.14 -6.52 -26.52 317.00 238.26 26.96 0.10
0.00 4030.05
571.30 -2.66 -9.79 -35.41 318.66 242.49 31.55 -0.10
0.00 4681.22
524.30 -7.66 -13.40 -36.89 320.47 240.64 35.66 -0.30
0.00 5354.80
481.90 -12.16 -16.78 -38.04 322.68 229.40 37.61 -0.30
0.00 6004.70
444.10 -16.86 -20.61 -43.19 323.94 222.49 40.83 -0.30
0.00 6623.22
410.00 -21.76 -24.57 -44.96 325.01 224.62 41.49 -0.10
0.00 7216.91
379.20 -26.56 -28.57 -45.67 326.00 229.43 40.91 0.00
0.00 7786.14
351.50 -31.26 -32.73 -49.45 326.60 235.19 44.23 0.10
0.00 8328.48
326.50 -35.16 -36.26 -51.67 328.10 235.23 45.65 0.20
0.00 8846.70
304.00 -38.36 -39.28 -56.52 330.20 228.33 44.99 0.20
0.00 9340.79
283.80 -41.36 -42.09 -58.54 332.40 221.10 48.47 0.20
0.00 9810.34
265.70 -43.76 -44.40 -63.01 335.13 219.92 51.17 0.20
0.00 10255.16
248.80 -45.66 -46.21 -63.51 338.65 218.38 50.06 0.10
0.00 10694.62
233.60 -47.36 -47.87 -66.97 342.19 215.01 49.09 0.10
0.00 11112.83
219.60 -49.36 -49.79 -67.41 345.20 213.94 48.70 0.00
0.00 11519.49
205.60 -51.26 -51.65 -72.72 348.72 216.34 46.54 0.00
0.00 11949.19
191.70 -53.26 -53.59 -73.19 352.56 218.78 43.10 0.00
0.00 12401.80
177.70 -55.86 -9999.00 -9999.00 -9999.00 219.13 40.33 0.00
0.00 12887.03
163.80 -58.96 -9999.00 -9999.00 -9999.00 218.70 38.83 0.00
0.00 13401.39
149.80 -61.96 -9999.00 -9999.00 -9999.00 219.54 37.53 0.10
0.00 13957.62
135.90 -64.36 -9999.00 -9999.00 -9999.00 218.61 38.29 0.10
0.00 14556.20
121.90 -64.66 -9999.00 -9999.00 -9999.00 217.43 39.63 0.10
0.00 15220.16
108.00 -64.06 -9999.00 -9999.00 -9999.00 204.80 33.80 0.00
0.00 15960.09
94.00 -65.26 -9999.00 -9999.00 -9999.00 202.59 26.30 0.00
0.00 16807.38
81.00 -66.36 -9999.00 -9999.00 -9999.00 183.78 20.63 0.00
0.00 17710.74
70.60 -65.06 -9999.00 -9999.00 -9999.00 191.92 17.87 0.00
0.00 18545.16
62.20 -64.46 -9999.00 -9999.00 -9999.00 202.29 12.80 0.00
0.00 19317.86
54.30 -63.86 -9999.00 -9999.00 -9999.00 227.91 8.12 0.00
0.00 20148.80
46.90 -64.56 -9999.00 -9999.00 -9999.00 270.00 1.17 0.00
0.00 21044.83
40.10 -64.66 -9999.00 -9999.00 -9999.00 342.07 6.93 0.00
0.00 22001.01
33.80 -64.26 -9999.00 -9999.00 -9999.00 5.29 10.53 0.00
0.00 23045.07
27.80 -60.16 -9999.00 -9999.00 -9999.00 33.31 8.14 0.00
0.00 24251.72
22.30 -57.56 -9999.00 -9999.00 -9999.00 21.04 5.42 0.00
0.00 25634.50
17.10 -54.06 -9999.00 -9999.00 -9999.00 15.07 5.23 0.00
0.00 27323.62
12.30 -50.26 -9999.00 -9999.00 -9999.00 270.00 0.78 0.00
0.00 29454.92

STID = KIAD STNM = 724030 TIME = 221027/0300 
SLAT = 38.95 SLON = -77.44 SELV = 92.0
STIM = 15

SHOW = 13.41 LIFT = 14.27 SWET = 91.23 KINX = -0.41
LCLP = 940.94 PWAT = 16.71 TOTL = 28.65 CAPE = 0.00
LCLT = 280.78 CINS = 0.00 EQLV = -9999.00 LFCT = -9999.00
BRCH = 0.00

PRES TMPC TMWC DWPC THTE DRCT SKNT OMEG
CFRL HGHT
1002.30 12.74 10.46 8.56 305.49 278.62 6.49 0.00
0.00 102.06
999.30 13.14 10.46 8.22 305.81 279.87 13.60 0.00
0.00 127.26
993.90 13.04 10.28 7.96 305.95 280.42 17.19 0.00
0.00 172.85
984.40 12.74 9.98 7.63 306.24 282.32 23.66 0.10
0.00 253.59
970.40 11.84 9.40 7.29 306.36 283.47 28.36 0.10
0.00 373.75
952.40 10.64 8.59 6.79 306.43 285.34 33.04 0.10
0.00 530.24
930.90 9.64 7.70 5.94 306.73 288.64 34.65 0.10
0.00 720.31
907.50 8.44 6.64 4.94 306.91 295.38 33.55 0.10
0.00 931.38
882.00 7.04 5.34 3.66 306.89 299.16 30.69 0.20
0.00 1166.55
853.60 6.84 4.14 1.29 307.56 294.87 23.54 0.10
0.00 1435.75
822.20 7.34 3.25 -1.37 309.41 255.44 15.46 0.00
0.00 1744.05
787.80 6.24 1.86 -3.43 310.73 224.13 18.12 0.10
0.00 2095.11
750.40 5.84 0.38 -6.95 312.44 232.22 19.66 0.30
0.00 2493.42
710.10 5.14 -1.54 -12.25 313.81 238.95 21.10 0.40
0.00 2944.34
666.80 3.74 -3.85 -19.30 315.18 239.91 24.03 0.20
0.00 3456.08
620.60 1.54 -6.45 -28.51 316.95 243.08 27.89 -0.10
0.00 4036.06
571.90 -2.96 -9.94 -34.81 318.28 243.60 31.02 -0.30
0.00 4687.96
524.80 -7.86 -13.33 -33.58 320.57 239.67 33.08 -0.50
0.00 5361.70
482.30 -12.26 -16.83 -37.71 322.52 231.96 36.25 -0.50
0.00 6012.20
444.40 -16.86 -20.53 -41.39 324.03 227.08 37.94 -0.40
0.00 6631.78
410.20 -21.66 -24.43 -43.45 325.21 228.98 37.59 -0.20
0.00 7226.99
379.30 -26.56 -28.63 -47.42 325.86 238.43 40.81 0.00
0.00 7797.97
351.60 -31.36 -32.73 -46.90 326.59 241.58 42.85 0.10
0.00 8340.06
326.60 -35.36 -36.39 -50.09 327.87 237.11 42.56 0.10
0.00 8857.81
304.10 -38.66 -39.53 -55.26 329.78 229.60 42.85 0.10
0.00 9351.22
283.90 -41.76 -42.46 -58.54 331.80 223.62 45.61 0.20
0.00 9819.90
265.70 -44.06 -44.66 -60.81 334.73 222.61 49.36 0.20
0.00 10266.43
248.80 -45.46 -46.05 -66.51 338.91 222.90 48.80 0.20
0.00 10705.79
233.60 -46.86 -47.42 -71.85 342.90 219.04 46.27 0.10
0.00 11124.64
219.60 -48.86 -49.34 -72.27 345.92 216.14 45.45 0.10
0.00 11532.21
205.70 -51.06 -51.46 -72.71 348.99 217.37 44.48 0.00
0.00 11959.40
191.70 -53.26 -53.59 -73.19 352.56 220.94 42.70 0.00
0.00 12415.36
177.70 -55.86 -56.12 -73.70 356.02 224.60 39.84 0.00
0.00 12900.59
163.80 -58.96 -9999.00 -9999.00 -9999.00 224.56 35.72 0.00
0.00 13414.95
149.80 -62.16 -9999.00 -9999.00 -9999.00 222.43 33.68 0.00
0.00 13970.93
135.90 -63.96 -9999.00 -9999.00 -9999.00 219.12 37.55 0.00
0.00 14569.79
121.90 -63.96 -9999.00 -9999.00 -9999.00 215.13 38.48 0.00
0.00 15235.50
108.00 -64.46 -9999.00 -9999.00 -9999.00 208.44 31.82 0.00
0.00 15975.96
94.00 -65.76 -9999.00 -9999.00 -9999.00 201.31 29.39 0.00
0.00 16821.42
81.00 -66.76 -9999.00 -9999.00 -9999.00 191.51 21.41 0.00
0.00 17722.83
70.60 -65.86 -9999.00 -9999.00 -9999.00 200.32 16.78 0.00
0.00 18554.83
62.20 -65.06 -9999.00 -9999.00 -9999.00 218.21 11.62 0.00
0.00 19324.93
54.30 -64.36 -9999.00 -9999.00 -9999.00 265.10 6.82 0.00
0.00 20153.68
46.90 -64.76 -9999.00 -9999.00 -9999.00 356.63 3.30 0.00
0.00 21048.21
40.10 -64.26 -9999.00 -9999.00 -9999.00 5.31 8.39 0.00
0.00 22004.85
33.80 -62.96 -9999.00 -9999.00 -9999.00 40.60 8.95 0.00
0.00 23053.16
27.80 -59.86 -9999.00 -9999.00 -9999.00 63.43 11.29 0.00
0.00 24264.39
22.30 -57.66 -9999.00 -9999.00 -9999.00 31.61 8.90 0.00
0.00 25647.82
17.10 -54.46 -9999.00 -9999.00 -9999.00 35.36 7.38 0.00
0.00 27335.00
12.30 -51.16 -9999.00 -9999.00 -9999.00 142.59 4.16 0.00
0.00 29460.03

STID = KIAD STNM = 724030 TIME = 221027/0400 
SLAT = 38.95 SLON = -77.44 SELV = 92.0
STIM = 16

SHOW = 12.97 LIFT = 14.27 SWET = 99.30 KINX = -0.59
LCLP = 950.54 PWAT = 16.67 TOTL = 29.44 CAPE = 0.00
LCLT = 280.84 CINS = 0.00 EQLV = -9999.00 LFCT = -9999.00
BRCH = 0.00

PRES TMPC TMWC DWPC THTE DRCT SKNT OMEG
CFRL HGHT
1001.80 11.94 10.07 8.47 304.55 278.88 6.29 0.00
0.00 101.20
998.80 12.34 10.10 8.19 304.95 281.63 13.48 0.00
0.00 126.35
993.30 12.24 9.94 7.98 305.17 281.96 16.88 0.00
0.00 172.67
983.80 11.94 9.64 7.66 305.47 284.04 24.03 0.00
0.00 253.24
969.80 11.24 9.13 7.30 305.79 285.48 29.84 0.00
0.00 373.18
951.90 10.34 8.41 6.69 306.03 288.13 34.34 -0.10
0.00 528.64
930.40 9.54 7.62 5.86 306.58 292.50 35.53 -0.10
0.00 718.67
907.00 8.54 6.76 5.10 307.27 300.33 33.08 -0.10
0.00 929.86
881.50 7.24 5.58 3.95 307.50 304.72 30.01 0.00
0.00 1165.30
853.10 6.64 4.28 1.83 307.94 302.91 23.60 0.00
0.00 1434.68
821.70 7.14 3.21 -1.22 309.39 274.29 15.58 0.00
0.00 1742.96
787.30 6.44 1.95 -3.44 311.01 229.95 17.50 0.10
0.00 2094.25
750.00 5.74 0.37 -6.83 312.47 232.67 19.54 0.30
0.00 2491.80
709.70 5.24 -1.56 -12.55 313.82 240.90 21.56 0.40
0.00 2942.97
666.50 4.14 -3.88 -21.11 315.09 243.83 25.10 0.30
0.00 3454.21
620.40 1.54 -6.86 -35.21 316.00 244.62 29.45 0.10
0.00 4033.50
571.70 -3.26 -10.06 -33.71 318.10 242.79 31.02 -0.10
0.00 4685.21
524.60 -8.16 -13.46 -32.67 320.38 238.24 33.59 -0.30
0.00 5358.45
482.20 -12.46 -16.92 -36.80 322.40 233.07 37.18 -0.40
0.00 6007.01
444.30 -16.96 -20.53 -39.86 324.07 227.97 37.14 -0.30
0.00 6626.38
410.20 -21.66 -24.45 -43.93 325.17 226.76 35.72 -0.20
0.00 7219.81
379.30 -26.56 -28.59 -46.22 325.94 229.69 36.93 -0.10
0.00 7790.79
351.50 -31.36 -32.69 -45.84 326.69 231.30 40.07 0.00
0.00 8334.92
326.60 -35.26 -36.30 -50.09 328.01 231.78 43.03 0.00
0.00 8850.78
304.10 -38.66 -39.53 -55.26 329.78 228.16 44.85 0.10
0.00 9344.30
283.90 -41.86 -42.53 -57.07 331.69 223.63 45.88 0.10
0.00 9812.88
265.70 -44.26 -44.84 -60.81 334.44 224.17 47.40 0.20
0.00 10259.12
248.80 -45.56 -46.14 -66.51 338.76 226.86 46.58 0.20
0.00 10698.19
233.60 -46.66 -47.24 -71.85 343.20 224.64 43.69 0.10
0.00 11117.14
219.60 -48.76 -49.24 -72.27 346.08 220.49 41.88 0.10
0.00 11524.97
205.70 -50.96 -51.36 -72.71 349.15 219.53 41.80 0.00
0.00 11952.36
191.70 -53.36 -53.68 -73.19 352.40 221.81 41.96 0.00
0.00 12408.32
177.70 -56.06 -56.31 -73.70 355.69 227.11 41.10 0.00
0.00 12893.21
163.80 -58.86 -9999.00 -9999.00 -9999.00 231.43 38.01 0.00
0.00 13407.46
149.80 -61.76 -9999.00 -9999.00 -9999.00 225.71 33.10 0.00
0.00 13964.09
135.90 -63.86 -9999.00 -9999.00 -9999.00 218.80 36.89 0.00
0.00 14563.66
121.90 -64.06 -9999.00 -9999.00 -9999.00 217.69 37.80 0.00
0.00 15229.37
108.00 -64.86 -9999.00 -9999.00 -9999.00 216.80 30.81 0.00
0.00 15968.95
94.00 -66.06 -9999.00 -9999.00 -9999.00 203.81 28.87 0.00
0.00 16812.99
81.00 -66.66 -9999.00 -9999.00 -9999.00 198.12 22.47 0.00
0.00 17713.95
70.60 -65.96 -9999.00 -9999.00 -9999.00 202.48 18.30 0.00
0.00 18545.96
62.20 -64.66 -9999.00 -9999.00 -9999.00 223.07 12.24 0.00
0.00 19316.62
54.30 -63.96 -9999.00 -9999.00 -9999.00 274.97 4.49 0.00
0.00 20146.96
46.90 -64.16 -9999.00 -9999.00 -9999.00 14.04 3.21 0.00
0.00 21043.63
40.10 -63.46 -9999.00 -9999.00 -9999.00 5.83 9.58 0.00
0.00 22003.48
33.80 -62.46 -9999.00 -9999.00 -9999.00 42.40 6.04 0.00
0.00 23055.04
27.80 -60.36 -9999.00 -9999.00 -9999.00 71.57 6.14 0.00
0.00 24266.27
22.30 -57.66 -9999.00 -9999.00 -9999.00 25.46 4.53 0.00
0.00 25648.09
17.10 -56.26 -9999.00 -9999.00 -9999.00 75.07 6.02 0.00
0.00 27328.27
12.30 -53.26 -9999.00 -9999.00 -9999.00 185.44 8.20 0.00
0.00 29434.49

STID = KIAD STNM = 724030 TIME = 221027/0500 
SLAT = 38.95 SLON = -77.44 SELV = 92.0
STIM = 17

SHOW = 13.00 LIFT = 14.49 SWET = 98.08 KINX = -3.64
LCLP = 958.77 PWAT = 16.49 TOTL = 29.41 CAPE = 0.00
LCLT = 280.88 CINS = 0.00 EQLV = -9999.00 LFCT = -9999.00
BRCH = 0.00

PRES TMPC TMWC DWPC THTE DRCT SKNT OMEG
CFRL HGHT
1001.40 11.24 9.70 8.37 303.71 281.31 5.94 0.00
0.00 102.01
998.50 11.84 9.84 8.12 304.35 284.24 13.42 0.00
0.00 126.28
993.00 11.84 9.73 7.91 304.68 284.68 16.86 0.00
0.00 172.55
983.50 11.54 9.46 7.66 305.07 287.14 24.40 0.00
0.00 253.02
969.50 10.94 9.02 7.34 305.54 289.60 30.11 -0.10
0.00 372.85
951.60 10.04 8.40 6.94 306.05 292.52 34.48 -0.10
0.00 528.20
930.10 8.94 7.47 6.11 306.25 295.60 35.98 -0.20
0.00 718.01
906.70 8.04 6.48 5.00 306.63 300.16 33.26 -0.20
0.00 928.86
881.30 7.24 5.42 3.62 307.15 306.47 27.78 -0.10
0.00 1163.22
852.80 6.64 4.24 1.75 307.90 306.06 22.11 -0.10
0.00 1433.61
821.50 6.74 3.20 -0.72 309.43 283.11 14.57 -0.10
0.00 1740.80
787.10 6.24 2.00 -3.03 311.15 231.77 16.32 0.00
0.00 2091.83
749.80 5.54 0.33 -6.62 312.42 233.93 19.46 0.20
0.00 2489.21
709.50 5.54 -1.69 -13.94 313.50 240.95 22.01 0.30
0.00 2940.57
666.40 4.54 -4.39 -28.70 313.79 243.05 26.15 0.30
0.00 3451.26
620.20 1.44 -6.89 -34.58 315.99 243.60 29.27 0.10
0.00 4032.16
571.60 -3.46 -9.99 -30.73 318.34 240.70 30.96 -0.10
0.00 4682.37
524.50 -8.06 -13.48 -33.83 320.34 238.33 35.14 -0.20
0.00 5355.63
482.10 -12.56 -16.99 -36.81 322.29 235.51 38.42 -0.30
0.00 6004.31
444.20 -17.16 -20.61 -38.52 323.99 230.19 37.94 -0.20
0.00 6623.46
410.10 -21.76 -24.47 -42.57 325.18 227.54 37.12 -0.10
0.00 7216.69
379.30 -26.66 -28.65 -45.67 325.84 231.16 38.40 0.00
0.00 7785.67
351.50 -31.26 -32.73 -49.45 326.60 236.60 42.35 0.10
0.00 8329.79
326.50 -35.36 -36.44 -51.67 327.82 235.01 45.05 0.10
0.00 8847.79
304.10 -38.96 -39.75 -53.16 329.44 228.29 45.53 0.10
0.00 9338.77
283.90 -42.16 -42.78 -55.82 331.30 222.67 47.28 0.10
0.00 9806.76
265.70 -44.56 -45.10 -59.06 334.05 224.17 47.67 0.10
0.00 10252.42
248.80 -45.76 -46.33 -66.51 338.46 227.98 44.97 0.10
0.00 10691.01
233.60 -46.86 -47.42 -71.85 342.90 228.15 42.50 0.10
0.00 11109.59
219.60 -48.86 -49.34 -72.27 345.92 224.24 41.49 0.00
0.00 11517.15
205.60 -51.16 -51.55 -72.72 348.88 221.91 40.71 -0.10
0.00 11947.42
191.70 -53.66 -53.97 -73.19 351.92 223.25 40.54 -0.10
0.00 12399.73
177.70 -56.36 -9999.00 -9999.00 -9999.00 227.35 40.13 -0.20
0.00 12883.95
163.80 -59.26 -9999.00 -9999.00 -9999.00 231.57 38.44 -0.10
0.00 13397.36
149.80 -61.86 -9999.00 -9999.00 -9999.00 230.07 34.21 -0.10
0.00 13953.34
135.90 -64.06 -9999.00 -9999.00 -9999.00 218.85 35.92 0.00
0.00 14552.49
121.90 -65.36 -9999.00 -9999.00 -9999.00 221.13 36.62 0.00
0.00 15215.81
108.00 -65.16 -9999.00 -9999.00 -9999.00 222.44 30.79 0.00
0.00 15952.55
94.00 -65.96 -9999.00 -9999.00 -9999.00 203.58 26.71 0.00
0.00 16796.18
81.00 -65.96 -9999.00 -9999.00 -9999.00 200.06 23.78 0.00
0.00 17698.89
70.60 -64.56 -9999.00 -9999.00 -9999.00 200.49 18.86 0.00
0.00 18535.12
62.20 -63.66 -9999.00 -9999.00 -9999.00 207.00 11.56 0.00
0.00 19310.23
54.30 -63.76 -9999.00 -9999.00 -9999.00 135.00 2.74 0.00
0.00 20142.96
46.90 -64.46 -9999.00 -9999.00 -9999.00 100.30 2.18 0.00
0.00 21039.42
40.10 -63.76 -9999.00 -9999.00 -9999.00 4.29 7.79 0.00
0.00 21997.89
33.80 -62.46 -9999.00 -9999.00 -9999.00 12.26 4.56 0.00
0.00 23048.70
27.80 -61.36 -9999.00 -9999.00 -9999.00 16.70 4.06 0.00
0.00 24257.07
22.30 -58.16 -9999.00 -9999.00 -9999.00 29.48 5.13 0.00
0.00 25634.05
17.10 -56.56 -9999.00 -9999.00 -9999.00 91.19 9.32 0.00
0.00 27311.12
12.30 -53.46 -9999.00 -9999.00 -9999.00 203.63 10.18 0.00
0.00 29414.94

STID = KIAD STNM = 724030 TIME = 221027/0600 
SLAT = 38.95 SLON = -77.44 SELV = 92.0
STIM = 18

SHOW = 12.82 LIFT = 14.93 SWET = 97.31 KINX = -7.12
LCLP = 966.70 PWAT = 16.14 TOTL = 29.78 CAPE = 0.00
LCLT = 280.96 CINS = 0.00 EQLV = -9999.00 LFCT = -9999.00
BRCH = 0.00

PRES TMPC TMWC DWPC THTE DRCT SKNT OMEG
CFRL HGHT
1002.40 10.74 9.47 8.35 303.03 284.04 6.41 0.00
0.00 101.98
999.50 11.54 9.72 8.15 303.96 287.95 14.49 0.00
0.00 126.19
993.90 11.54 9.63 7.98 304.34 289.61 17.95 0.00
0.00 173.21
984.40 11.24 9.38 7.76 304.77 291.88 25.54 0.00
0.00 253.53
970.50 10.44 8.84 7.42 304.98 294.62 30.77 0.00
0.00 372.22
952.50 9.34 8.04 6.86 305.08 297.71 34.67 -0.10
0.00 527.95
931.00 8.04 6.81 5.64 304.59 299.90 35.86 -0.10
0.00 717.03
907.50 7.54 5.99 4.48 305.39 301.59 33.74 -0.20
0.00 928.03
882.10 7.34 5.42 3.53 307.07 304.89 28.19 -0.20
0.00 1162.00
853.60 6.54 4.28 1.95 307.90 309.47 21.39 -0.20
0.00 1432.14
822.20 6.44 3.07 -0.68 309.04 289.65 14.43 -0.20
0.00 1739.82
787.80 5.74 1.86 -2.71 310.77 236.50 15.83 -0.10
0.00 2090.06
750.40 5.34 0.20 -6.70 312.06 236.46 20.75 0.00
0.00 2487.68
710.10 5.44 -2.38 -17.57 311.80 241.31 23.47 0.20
0.00 2938.35
666.90 4.44 -4.66 -32.12 313.09 243.25 26.32 0.20
0.00 3449.54
620.70 1.34 -6.78 -31.61 316.19 242.42 29.37 0.10
0.00 4029.77
572.00 -3.46 -9.99 -30.72 318.28 240.00 31.86 -0.10
0.00 4680.73
524.80 -8.16 -13.59 -34.58 320.06 238.50 35.31 -0.20
0.00 5354.86
482.30 -12.76 -17.13 -36.80 322.01 235.40 37.30 -0.20
0.00 6004.37
444.40 -17.26 -20.79 -40.59 323.60 233.54 37.92 -0.10
0.00 6622.88
410.20 -21.86 -24.73 -47.38 324.68 236.54 39.82 0.00
0.00 7217.38
379.30 -26.56 -28.69 -49.55 325.74 240.38 44.02 0.00
0.00 7788.11
351.60 -31.36 -32.84 -50.21 326.40 239.57 46.41 0.00
0.00 8330.18
326.60 -35.56 -36.64 -52.56 327.48 235.78 46.29 0.00
0.00 8847.71
304.10 -39.16 -39.96 -54.15 329.12 229.22 46.70 0.00
0.00 9340.39
283.90 -42.46 -43.06 -55.82 330.87 223.85 47.94 0.00
0.00 9807.87
265.70 -44.96 -45.47 -59.06 333.46 225.00 48.89 0.10
0.00 10252.85
248.80 -46.26 -46.78 -63.51 337.76 228.47 45.42 0.10
0.00 10690.57
233.60 -47.36 -47.89 -71.85 342.14 228.87 40.75 0.10
0.00 11108.23
219.60 -49.36 -49.81 -72.27 345.15 226.00 39.43 0.00
0.00 11514.89
205.60 -51.46 -51.84 -72.72 348.41 223.22 39.72 0.00
0.00 11944.39
191.70 -53.86 -54.16 -73.19 351.60 222.24 39.88 -0.10
0.00 12396.18
177.70 -56.56 -9999.00 -9999.00 -9999.00 223.22 39.72 -0.10
0.00 12879.96
163.80 -59.46 -9999.00 -9999.00 -9999.00 226.23 38.46 -0.10
0.00 13392.89
149.80 -62.06 -9999.00 -9999.00 -9999.00 224.77 34.75 -0.10
0.00 13948.35
135.90 -64.06 -9999.00 -9999.00 -9999.00 216.68 36.09 0.00
0.00 14547.21
121.90 -65.76 -9999.00 -9999.00 -9999.00 223.05 36.42 0.00
0.00 15209.90
108.00 -65.36 -9999.00 -9999.00 -9999.00 222.73 31.20 0.00
0.00 15945.57
94.00 -65.66 -9999.00 -9999.00 -9999.00 201.21 27.91 0.00
0.00 16789.41
81.00 -65.66 -9999.00 -9999.00 -9999.00 201.80 26.15 0.00
0.00 17693.43
70.60 -64.26 -9999.00 -9999.00 -9999.00 201.08 19.99 0.00
0.00 18530.86
62.20 -63.76 -9999.00 -9999.00 -9999.00 201.30 12.30 0.00
0.00 19306.34
54.30 -64.16 -9999.00 -9999.00 -9999.00 150.52 5.13 0.00
0.00 20138.07
46.90 -64.36 -9999.00 -9999.00 -9999.00 201.80 3.15 0.00
0.00 21033.89
40.10 -63.86 -9999.00 -9999.00 -9999.00 347.91 5.56 0.00
0.00 21992.36
33.80 -63.16 -9999.00 -9999.00 -9999.00 6.84 4.90 0.00
0.00 23041.17
27.80 -62.36 -9999.00 -9999.00 -9999.00 10.89 5.15 0.00
0.00 24244.68
22.30 -58.66 -9999.00 -9999.00 -9999.00 45.00 6.88 0.00
0.00 25616.82
17.10 -55.56 -9999.00 -9999.00 -9999.00 94.86 9.17 0.00
0.00 27295.83
12.30 -52.06 -9999.00 -9999.00 -9999.00 206.10 10.61 0.00
0.00 29411.22

STID = KIAD STNM = 724030 TIME = 221027/0700 
SLAT = 38.95 SLON = -77.44 SELV = 92.0
STIM = 19

SHOW = 12.54 LIFT = 15.74 SWET = 102.57 KINX = -11.31
LCLP = 964.91 PWAT = 15.65 TOTL = 30.28 CAPE = 0.00
LCLT = 280.67 CINS = 0.00 EQLV = -9999.00 LFCT = -9999.00
BRCH = 0.00

PRES TMPC TMWC DWPC THTE DRCT SKNT OMEG
CFRL HGHT
1004.20 10.74 9.35 8.11 302.54 293.96 7.65 0.00
0.00 101.14
1001.20 11.14 9.43 7.92 303.05 295.59 15.29 0.00
0.00 126.12
995.70 11.04 9.28 7.73 303.29 296.03 18.59 0.00
0.00 172.13
986.20 10.74 8.94 7.32 303.48 298.12 25.54 0.00
0.00 252.16
972.20 9.94 8.31 6.82 303.52 300.34 30.38 0.10
0.00 371.27
954.20 8.64 7.38 6.18 303.30 303.87 34.85 0.10
0.00 526.36
932.60 7.24 6.26 5.29 303.13 307.17 37.30 0.00
0.00 715.46
909.10 6.64 5.45 4.24 303.94 310.04 36.54 0.00
1.00 925.44
883.60 6.74 5.16 3.58 306.28 310.24 29.78 -0.10
0.00 1159.29
855.10 6.44 4.48 2.48 308.17 308.66 22.40 -0.10
0.00 1428.64
823.60 5.84 2.96 -0.23 308.62 297.30 13.56 -0.20
0.00 1736.41
789.00 5.24 1.47 -3.10 309.73 238.54 15.25 -0.10
0.00 2087.43
751.60 5.04 -0.45 -8.42 310.41 236.02 21.54 0.00
0.00 2483.80
711.10 5.54 -3.02 -22.99 310.15 242.41 24.32 0.20
0.00 2935.74
667.80 4.34 -4.73 -32.66 312.79 244.37 26.50 0.20
0.00 3447.33
621.40 1.14 -6.78 -29.85 316.13 242.74 28.85 0.10
0.00 4029.04
572.60 -3.46 -9.96 -30.51 318.21 239.16 31.45 0.00
0.00 4680.41
525.30 -8.26 -13.70 -35.38 319.75 237.02 34.97 -0.10
0.00 5355.15
482.70 -12.86 -17.25 -37.71 321.70 235.72 36.91 0.00
0.00 6005.35
444.70 -17.26 -20.86 -42.24 323.39 237.18 39.06 0.00
0.00 6624.90
410.50 -21.76 -24.69 -48.86 324.67 241.07 44.17 0.10
0.00 7219.09
379.50 -26.66 -28.77 -49.54 325.56 242.39 47.79 0.10
0.00 7791.30
351.70 -31.46 -32.93 -50.21 326.24 239.40 46.93 0.10
0.00 8334.89
326.70 -35.66 -36.70 -51.66 327.35 235.57 45.69 0.10
0.00 8852.04
304.10 -39.36 -40.12 -53.16 328.88 229.66 45.61 0.10
0.00 9346.52
283.90 -42.66 -43.24 -55.82 330.59 224.50 47.11 0.10
0.00 9813.60
265.70 -45.16 -45.66 -59.06 333.17 224.67 48.35 0.10
0.00 10258.19
248.80 -46.46 -46.96 -63.51 337.46 228.43 45.96 0.10
0.00 10695.53
233.60 -47.66 -48.18 -71.85 341.69 229.04 40.89 0.10
0.00 11112.73
219.60 -49.56 -50.00 -72.27 344.84 226.24 38.19 0.10
0.00 11518.93
205.60 -51.66 -52.03 -72.72 348.09 223.79 39.02 0.00
0.00 11948.05
191.70 -53.86 -54.16 -73.19 351.60 221.80 39.34 -0.10
0.00 12399.64
177.70 -56.56 -9999.00 -9999.00 -9999.00 220.76 38.99 -0.10
0.00 12883.42
163.80 -59.46 -9999.00 -9999.00 -9999.00 221.86 37.55 -0.10
0.00 13396.35
149.80 -62.06 -9999.00 -9999.00 -9999.00 220.33 35.41 0.00
0.00 13951.81
135.90 -64.16 -9999.00 -9999.00 -9999.00 216.81 36.64 0.00
0.00 14550.53
121.90 -65.66 -9999.00 -9999.00 -9999.00 221.89 35.49 0.00
0.00 15213.22
108.00 -65.96 -9999.00 -9999.00 -9999.00 217.68 30.19 0.00
0.00 15948.00
94.00 -66.26 -9999.00 -9999.00 -9999.00 200.21 29.80 0.00
0.00 16789.40
81.00 -65.96 -9999.00 -9999.00 -9999.00 199.42 28.63 0.00
0.00 17691.46
70.60 -64.96 -9999.00 -9999.00 -9999.00 203.81 21.66 0.00
0.00 18526.88
62.20 -64.26 -9999.00 -9999.00 -9999.00 201.64 13.17 0.00
0.00 19300.14
54.30 -64.76 -9999.00 -9999.00 -9999.00 175.49 7.40 0.00
0.00 20129.68
46.90 -63.96 -9999.00 -9999.00 -9999.00 222.14 5.50 0.00
0.00 21025.07
40.10 -63.86 -9999.00 -9999.00 -9999.00 353.29 3.32 0.00
0.00 21984.46
33.80 -64.06 -9999.00 -9999.00 -9999.00 43.26 4.53 0.00
0.00 23031.02
27.80 -62.86 -9999.00 -9999.00 -9999.00 30.58 4.97 0.00
0.00 24230.52
22.30 -58.36 -9999.00 -9999.00 -9999.00 56.31 8.41 0.00
0.00 25602.01
17.10 -53.06 -9999.00 -9999.00 -9999.00 117.35 6.33 0.00
0.00 27291.91
12.30 -49.76 -9999.00 -9999.00 -9999.00 224.41 13.33 0.00
0.00 29430.44

STID = KIAD STNM = 724030 TIME = 221027/0800 
SLAT = 38.95 SLON = -77.44 SELV = 92.0
STIM = 20

SHOW = 12.84 LIFT = 16.40 SWET = 102.57 KINX = -15.35
LCLP = 960.68 PWAT = 15.02 TOTL = 29.91 CAPE = 0.00
LCLT = 280.06 CINS = 0.00 EQLV = -9999.00 LFCT = -9999.00
BRCH = 0.00

PRES TMPC TMWC DWPC THTE DRCT SKNT OMEG
CFRL HGHT
1005.00 10.54 8.99 7.57 301.58 300.74 8.35 0.00
0.00 101.95
1002.00 10.74 8.99 7.40 301.90 301.46 15.25 0.00
0.00 126.88
996.50 10.54 8.80 7.22 302.05 301.69 18.49 0.00
0.00 172.78
987.00 10.14 8.44 6.88 302.22 303.32 25.10 0.00
0.00 252.58
973.00 9.34 7.86 6.46 302.35 305.24 29.97 0.10
0.00 371.32
955.00 8.14 7.01 5.91 302.35 308.66 34.83 0.10
0.00 525.97
933.40 6.64 5.90 5.13 302.20 311.05 37.86 0.10
1.00 714.53
909.90 5.94 4.93 3.87 302.67 313.99 38.87 0.10
3.00 923.83
884.30 6.34 4.69 2.98 305.11 318.59 32.89 0.00
0.00 1157.90
855.80 6.14 4.22 2.23 307.48 317.37 23.23 0.00
0.00 1426.68
824.20 5.54 2.90 -0.01 308.42 304.55 14.39 -0.10
0.00 1734.85
789.60 4.64 0.97 -3.62 308.55 245.12 14.78 -0.10
0.00 2085.03
752.10 4.74 -1.38 -11.47 308.26 239.74 21.58 0.00
0.00 2481.45
711.70 5.44 -3.47 -27.60 309.01 246.32 24.18 0.20
0.00 2931.49
668.20 4.34 -4.76 -33.22 312.66 246.74 25.58 0.20
0.00 3444.93
621.80 1.14 -6.76 -29.64 316.11 242.37 28.07 0.10
0.00 4026.29
572.90 -3.46 -10.02 -31.33 318.03 237.85 32.13 0.00
0.00 4678.60
525.50 -8.26 -13.65 -34.57 319.82 237.51 36.15 0.00
0.00 5354.46
482.90 -12.96 -17.26 -36.79 321.65 236.95 38.46 0.00
0.00 6004.29
444.80 -17.26 -20.92 -43.68 323.25 238.39 41.51 0.10
0.00 6625.15
410.60 -21.96 -24.82 -48.09 324.42 241.33 44.95 0.10
0.00 7218.96
379.60 -26.86 -28.90 -48.07 325.35 240.44 44.89 0.10
0.00 7790.57
351.80 -31.56 -33.01 -50.20 326.07 236.31 43.41 0.20
0.00 8333.68
326.70 -35.76 -36.79 -51.66 327.21 233.08 43.98 0.20
0.00 8852.61
304.20 -39.36 -40.12 -53.16 328.85 228.35 44.72 0.20
0.00 9344.72
283.90 -42.56 -43.15 -55.82 330.73 223.64 46.17 0.20
0.00 9814.13
265.70 -45.06 -45.57 -59.06 333.31 223.68 47.53 0.20
0.00 10258.92
248.80 -46.56 -47.06 -63.51 337.31 227.46 44.81 0.20
0.00 10696.26
233.60 -47.66 -48.18 -71.85 341.69 228.84 41.03 0.20
0.00 11113.36
219.60 -49.36 -49.81 -72.27 345.15 225.60 39.14 0.10
0.00 11519.75
205.70 -51.46 -51.84 -72.71 348.36 222.37 38.91 0.00
0.00 11946.08
191.70 -53.66 -53.97 -73.19 351.92 220.17 39.14 -0.10
0.00 12401.22
177.70 -56.46 -9999.00 -9999.00 -9999.00 218.93 38.95 -0.10
0.00 12885.34
163.80 -59.46 -9999.00 -9999.00 -9999.00 220.79 37.47 -0.10
0.00 13398.39
149.80 -62.06 -9999.00 -9999.00 -9999.00 222.80 35.74 0.00
0.00 13953.84
135.90 -63.96 -9999.00 -9999.00 -9999.00 222.15 35.90 0.00
0.00 14552.84
121.90 -65.46 -9999.00 -9999.00 -9999.00 221.82 34.67 0.00
0.00 15216.17
108.00 -66.56 -9999.00 -9999.00 -9999.00 214.11 29.10 0.00
0.00 15950.25
94.00 -66.56 -9999.00 -9999.00 -9999.00 202.50 29.43 0.00
0.00 16789.82
81.00 -66.06 -9999.00 -9999.00 -9999.00 196.77 29.62 0.00
0.00 17691.00
70.60 -64.76 -9999.00 -9999.00 -9999.00 207.02 21.81 0.00
0.00 18526.63
62.20 -63.96 -9999.00 -9999.00 -9999.00 204.72 13.48 0.00
0.00 19300.81
54.30 -64.66 -9999.00 -9999.00 -9999.00 200.28 9.52 0.00
0.00 20131.15
46.90 -63.56 -9999.00 -9999.00 -9999.00 241.93 6.60 0.00
0.00 21027.61
40.10 -63.76 -9999.00 -9999.00 -9999.00 352.87 3.13 0.00
0.00 21988.15
33.80 -63.96 -9999.00 -9999.00 -9999.00 22.62 2.53 0.00
0.00 23035.21
27.80 -62.26 -9999.00 -9999.00 -9999.00 29.48 5.13 0.00
0.00 24236.71
22.30 -57.66 -9999.00 -9999.00 -9999.00 70.91 10.68 0.00
0.00 25612.40
17.10 -51.96 -9999.00 -9999.00 -9999.00 130.60 3.57 0.00
0.00 27309.29
12.30 -49.16 -9999.00 -9999.00 -9999.00 249.08 14.14 0.00
0.00 29456.02

STID = KIAD STNM = 724030 TIME = 221027/0900 
SLAT = 38.95 SLON = -77.44 SELV = 92.0
STIM = 21

SHOW = 13.47 LIFT = 16.94 SWET = 96.77 KINX = -19.33
LCLP = 965.54 PWAT = 14.35 TOTL = 28.97 CAPE = 0.00
LCLT = 279.89 CINS = 0.00 EQLV = -9999.00 LFCT = -9999.00
BRCH = 0.00

PRES TMPC TMWC DWPC THTE DRCT SKNT OMEG
CFRL HGHT
1006.00 10.04 8.64 7.34 300.66 303.27 7.44 0.00
0.00 101.92
1003.00 10.24 8.64 7.16 300.97 303.69 14.01 0.00
0.00 126.78
997.50 10.14 8.51 6.99 301.24 303.51 17.25 0.00
0.00 172.56
988.00 9.84 8.20 6.66 301.53 305.86 24.20 0.10
0.00 252.17
973.90 9.14 7.65 6.22 301.76 308.35 28.48 0.10
0.00 371.54
955.90 7.94 6.77 5.62 301.70 312.88 33.39 0.10
0.00 525.93
934.30 6.34 5.61 4.85 301.46 316.08 36.40 0.10
0.00 714.12
910.70 5.34 4.52 3.63 301.67 319.14 38.01 0.10
5.00 923.76
885.20 5.74 4.24 2.65 303.99 324.62 32.89 0.00
0.00 1156.19
856.60 5.74 3.81 1.75 306.44 326.45 22.84 0.00
0.00 1425.14
824.90 5.24 2.65 -0.26 307.76 311.19 14.45 -0.10
0.00 1733.60
790.30 4.44 0.42 -4.92 307.23 251.10 15.00 -0.10
0.00 2083.11
752.80 4.54 -2.18 -14.85 306.40 245.01 22.07 0.00
0.00 2478.78
712.30 5.24 -3.82 -31.44 308.14 251.86 23.72 0.20
0.00 2929.12
668.80 4.14 -4.94 -34.79 312.18 249.55 24.46 0.30
0.00 3441.71
622.30 0.94 -6.90 -30.04 315.73 242.19 27.89 0.20
0.00 4023.39
573.30 -3.56 -10.11 -31.75 317.78 236.98 32.44 0.10
0.00 4676.17
525.80 -8.26 -13.65 -34.56 319.77 236.73 36.48 0.10
0.00 5352.90
483.20 -12.86 -17.21 -37.08 321.68 235.85 40.13 0.10
0.00 6002.47
445.00 -17.26 -20.95 -44.76 323.14 237.16 43.71 0.20
0.00 6624.73
410.70 -22.26 -24.98 -45.50 324.17 238.05 44.41 0.20
0.00 7219.72
379.70 -27.16 -29.10 -46.79 325.01 235.88 42.95 0.20
0.00 7790.51
351.80 -31.56 -33.01 -50.20 326.07 232.10 41.10 0.10
0.00 8335.17
326.80 -35.66 -36.73 -52.56 327.28 228.39 41.82 0.10
0.00 8852.06
304.20 -39.36 -40.14 -54.15 328.81 223.91 43.41 0.10
0.00 9346.38
284.00 -42.46 -43.06 -55.82 330.84 220.68 45.59 0.10
0.00 9813.50
265.70 -44.86 -45.38 -59.06 333.61 222.79 46.33 0.10
0.00 10260.95
248.80 -46.16 -46.71 -66.51 337.86 226.82 43.14 0.20
0.00 10698.86
233.60 -47.36 -47.89 -71.85 342.14 226.16 40.66 0.10
0.00 11116.61
219.60 -49.06 -49.53 -72.27 345.61 222.69 40.97 0.00
0.00 11523.54
205.60 -51.16 -51.55 -72.72 348.88 220.96 40.89 -0.10
0.00 11953.62
191.70 -53.76 -54.07 -73.19 351.76 219.77 39.18 -0.20
0.00 12405.82
177.70 -56.76 -56.99 -73.70 354.55 219.99 37.78 -0.20
0.00 12889.50
163.80 -59.86 -9999.00 -9999.00 -9999.00 223.52 37.24 -0.10
0.00 13401.71
149.80 -62.16 -9999.00 -9999.00 -9999.00 226.51 36.40 0.00
0.00 13956.51
135.90 -63.66 -9999.00 -9999.00 -9999.00 225.43 36.27 0.00
0.00 14555.80
121.90 -65.56 -9999.00 -9999.00 -9999.00 221.01 35.53 0.00
0.00 15219.45
108.00 -67.06 -9999.00 -9999.00 -9999.00 215.75 29.91 0.00
0.00 15952.46
94.00 -66.46 -9999.00 -9999.00 -9999.00 203.81 28.87 0.00
0.00 16791.22
81.00 -65.86 -9999.00 -9999.00 -9999.00 196.31 29.76 0.00
0.00 17693.06
70.60 -64.26 -9999.00 -9999.00 -9999.00 209.30 21.83 0.00
0.00 18530.09
62.20 -64.36 -9999.00 -9999.00 -9999.00 197.10 13.21 0.00
0.00 19304.46
54.30 -65.56 -9999.00 -9999.00 -9999.00 207.76 8.33 0.00
0.00 20132.22
46.90 -64.56 -9999.00 -9999.00 -9999.00 265.43 4.88 0.00
0.00 21024.60
40.10 -64.36 -9999.00 -9999.00 -9999.00 12.80 4.39 0.00
0.00 21981.47
33.80 -63.16 -9999.00 -9999.00 -9999.00 347.91 2.78 0.00
0.00 23029.03
27.80 -60.56 -9999.00 -9999.00 -9999.00 41.42 4.41 0.00
0.00 24237.69
22.30 -56.86 -9999.00 -9999.00 -9999.00 94.40 10.14 0.00
0.00 25621.44
17.10 -52.26 -9999.00 -9999.00 -9999.00 119.74 1.57 0.00
0.00 27320.28
12.30 -49.46 -9999.00 -9999.00 -9999.00 271.40 15.93 0.00
0.00 29464.11
STN YYMMDD/HHMM PMSL PRES SKTC STC1 SNFL WTNS
P01M C01M STC2 LCLD MCLD HCLD
SNRA UWND VWND R01M BFGR T2MS
Q2MS WXTS WXTP WXTZ WXTR USTM
VSTM HLCY SLLH WSYM CDBP VSBK
TD2M
724030 221026/1200 1011.60 1000.70 13.94 287.10 -9999.00 16.00
-9999.00 -9999.00 287.20 100.00 2.00 0.00
-9999.00 -0.90 1.40 -9999.00 -9999.00 13.84
9.32 0.00 0.00 0.00 0.00 7.10
11.40 10.20 -9999.00 999.00 967.60 20.00
12.73
724030 221026/1300 1011.70 1000.70 14.84 288.00 0.00 16.00
0.00 0.00 287.90 100.00 0.00 0.00
-9999.00 -1.00 2.00 -9999.00 -9999.00 14.14
9.23 0.00 0.00 0.00 0.00 8.30
13.00 47.30 0.01 999.00 949.70 15.43
12.59
724030 221026/1400 1011.90 1000.90 15.94 289.10 0.00 16.00
0.00 0.00 288.90 100.00 2.00 0.00
-9999.00 -1.30 2.70 -9999.00 -9999.00 14.74
9.35 0.00 0.00 0.00 0.00 8.60
12.50 44.40 0.01 999.00 967.90 7.24
12.79
724030 221026/1500 1010.80 999.80 16.74 289.90 0.00 15.00
0.00 0.00 289.60 72.00 0.00 0.00
-9999.00 -1.60 2.90 -9999.00 -9999.00 15.44
9.49 0.00 0.00 0.00 0.00 8.20
11.80 36.60 0.00 999.00 -9999.00 0.52
12.99
724030 221026/1600 1009.90 999.00 18.84 292.00 0.00 14.00
0.00 0.00 291.40 85.00 3.00 0.00
-9999.00 -0.70 3.50 -9999.00 -9999.00 16.64
9.76 0.00 0.00 0.00 0.00 8.90
12.60 -12.80 0.01 999.00 664.40 20.00
13.40
724030 221026/1700 1008.80 997.90 17.64 290.80 0.00 13.00
0.00 0.00 290.60 100.00 2.00 0.00
-9999.00 -0.30 3.60 -9999.00 -9999.00 16.74
9.84 0.00 0.00 0.00 0.00 10.60
12.50 -69.40 -0.01 999.00 746.60 20.00
13.51
724030 221026/1800 1007.50 996.60 19.44 292.60 0.00 13.00
0.00 0.00 292.00 77.00 0.00 0.00
-9999.00 0.30 4.10 -9999.00 -9999.00 17.84
9.83 0.00 0.00 0.00 0.00 11.80
11.40 -103.90 0.01 999.00 -9999.00 20.00
13.48
724030 221026/1900 1007.60 996.80 21.64 294.80 0.00 11.00
0.00 0.00 294.20 27.00 0.00 0.00
-9999.00 0.40 5.00 -9999.00 -9999.00 19.54
9.79 0.00 0.00 0.00 0.00 13.60
10.10 -59.60 0.00 999.00 -9999.00 20.00
13.42
724030 221026/2000 1007.80 997.00 21.84 295.00 0.00 10.00
0.00 0.00 294.50 10.00 0.00 0.00
-9999.00 1.30 4.60 -9999.00 -9999.00 20.04
9.77 0.00 0.00 0.00 0.00 15.60
8.70 -71.70 -0.01 999.00 -9999.00 20.00
13.39
724030 221026/2100 1007.30 996.50 20.14 293.30 0.00 10.00
0.00 0.00 293.30 57.00 0.00 0.00
-9999.00 0.90 3.70 -9999.00 -9999.00 19.74
9.76 0.00 0.00 0.00 0.00 16.20
6.20 -77.10 -0.01 999.00 -9999.00 20.00
13.37
724030 221026/2200 1009.60 998.80 18.14 291.30 0.00 12.00
0.12 0.00 291.60 100.00 0.00 0.00
-9999.00 4.30 -0.30 -9999.00 -9999.00 18.04
10.21 0.00 0.00 0.00 1.00 18.80
4.70 -82.50 0.00 60.00 877.70 0.00
14.08
724030 221026/2300 1011.40 1000.50 16.44 289.60 0.00 13.00
0.09 0.00 289.90 96.00 0.00 0.00
-9999.00 3.50 -1.40 -9999.00 -9999.00 16.54
9.18 0.00 0.00 0.00 1.00 19.00
4.00 -104.20 0.00 60.00 -9999.00 0.00
12.50
724030 221027/0000 1012.70 1001.70 14.94 288.10 0.00 13.00
0.00 0.00 288.50 46.00 0.00 0.00
-9999.00 4.00 -0.80 -9999.00 -9999.00 15.14
8.06 0.00 0.00 0.00 0.00 19.10
5.10 -63.00 0.00 999.00 -9999.00 0.08
10.58
724030 221027/0100 1012.20 1001.20 13.04 286.20 0.00 13.00
0.00 0.00 286.80 0.00 0.00 0.00
-9999.00 3.90 -0.60 -9999.00 -9999.00 13.34
7.42 0.00 0.00 0.00 0.00 19.30
4.50 -86.90 0.00 999.00 -9999.00 20.00
9.35
724030 221027/0200 1012.80 1001.70 12.04 285.20 0.00 13.00
0.00 0.00 285.80 0.00 0.00 0.00
-9999.00 3.50 -0.20 -9999.00 -9999.00 12.44
7.21 0.00 0.00 0.00 0.00 19.60
3.20 -31.30 0.00 999.00 -9999.00 20.00
8.94
724030 221027/0300 1014.60 1003.50 11.24 284.40 0.00 13.00
0.00 0.00 285.00 0.00 0.00 0.00
-9999.00 3.10 -0.20 -9999.00 -9999.00 11.64
7.09 0.00 0.00 0.00 0.00 19.40
2.30 1.00 0.00 999.00 -9999.00 20.00
8.72
724030 221027/0400 1014.00 1002.90 10.64 283.80 0.00 13.00
0.00 0.00 284.30 0.00 0.00 0.00
-9999.00 2.90 -0.30 -9999.00 -9999.00 10.94
7.03 0.00 0.00 0.00 0.00 19.60
1.60 30.80 0.00 999.00 -9999.00 20.00
8.59
724030 221027/0500 1013.70 1002.60 9.94 283.10 0.00 14.00
0.00 0.00 283.60 0.00 0.00 0.00
-9999.00 2.40 -0.40 -9999.00 -9999.00 10.24
6.99 0.00 0.00 0.00 0.00 19.40
1.00 33.60 0.00 999.00 -9999.00 20.00
8.50
724030 221027/0600 1014.70 1003.60 9.44 282.60 0.00 14.00
0.00 0.00 283.10 0.00 0.00 0.00
-9999.00 2.60 -0.60 -9999.00 -9999.00 9.84
6.95 0.00 0.00 0.00 0.00 19.50
0.90 19.30 0.00 999.00 -9999.00 20.00
8.43
724030 221027/0700 1016.50 1005.30 9.34 282.50 0.00 14.00
0.00 0.00 282.90 1.00 0.00 0.00
-9999.00 3.30 -1.30 -9999.00 -9999.00 9.74
6.83 0.00 0.00 0.00 0.00 19.30
0.30 17.10 0.00 999.00 -9999.00 20.00
8.20
724030 221027/0800 1017.40 1006.20 9.14 282.30 0.00 15.00
0.00 0.00 282.70 3.00 0.00 0.00
-9999.00 3.60 -2.00 -9999.00 -9999.00 9.54
6.58 0.00 0.00 0.00 0.00 19.20
-0.90 23.40 0.00 999.00 -9999.00 20.00
7.67
724030 221027/0900 1018.40 1007.20 8.74 281.90 0.00 15.00
0.00 0.00 282.30 5.00 0.00 0.00
-9999.00 3.10 -1.80 -9999.00 -9999.00 9.04
6.46 0.00 0.00 0.00 0.00 18.70
-1.80 39.80 0.00 999.00 -9999.00 20.00
7.42


