
SNPARM = PRES;TMPC;TMWC;DWPC;THTE;DRCT;SKNT;OMEG;CFRL;HGHT 
STNPRM = SHOW;LIFT;SWET;KINX;LCLP;PWAT;TOTL;CAPE;LCLT;CINS;EQLV;LFCT;BRCH 

STID = MOR STNM = 819 TIME = 221026/1200 
SLAT = 36.17 SLON = -83.40 SELV = 409.0
STIM = 0

SHOW = 11.26 LIFT = 11.28 SWET = 274.30 KINX = 4.82
LCLP = 921.34 PWAT = 17.94 TOTL = 30.64 CAPE = 0.00
LCLT = 283.14 CINS = 0.00 EQLV = -9999.00 LFCT = -9999.00
BRCH = 0.00

PRES TMPC TMWC DWPC THTE DRCT SKNT OMEG
CFRL HGHT
961.20 13.44 11.82 10.63 313.87 225.00 6.88 0.00
0.00 420.40
958.40 13.24 11.63 10.43 313.67 228.81 10.33 0.10
0.00 444.98
953.10 12.94 11.46 10.36 313.86 229.82 11.44 0.00
0.00 491.68
944.00 12.44 11.11 10.11 314.01 232.43 12.74 0.00
0.00 572.35
930.70 11.54 10.38 9.48 313.65 236.31 14.01 -0.10
0.00 691.37
913.60 10.74 9.45 8.41 313.27 238.78 15.00 -0.10
0.00 846.41
893.20 9.34 8.67 8.10 313.78 234.31 16.98 0.10
36.00 1034.47
871.00 7.64 7.45 7.24 313.44 225.36 21.83 0.40
68.00 1242.90
847.00 6.34 6.30 6.21 313.63 213.08 25.27 0.50
100.00 1473.02
820.20 5.14 4.35 3.58 312.37 206.75 27.62 0.50
83.00 1736.54
790.80 7.14 2.82 -2.03 312.57 213.58 29.14 0.30
0.00 2035.88
758.70 6.14 2.42 -1.59 316.13 228.48 24.90 0.20
0.00 2376.15
723.80 5.54 0.56 -5.58 316.75 232.96 25.80 0.20
0.00 2761.65
686.30 5.04 -2.36 -15.31 315.49 241.28 32.34 0.20
0.00 3195.93
646.10 4.04 -4.33 -23.18 317.29 242.55 45.09 0.20
0.00 3686.96
603.00 0.94 -6.81 -27.13 319.22 240.39 50.72 0.30
0.00 4244.25
557.60 -2.86 -9.76 -31.19 321.28 241.28 48.50 0.40
0.00 4868.12
513.40 -7.36 -13.23 -35.89 322.91 249.13 46.37 0.50
0.00 5516.26
473.50 -12.06 -16.87 -39.99 324.25 255.71 52.72 0.40
0.00 6140.24
437.60 -16.96 -20.69 -42.39 325.26 255.87 57.28 0.40
0.00 6737.25
405.10 -21.76 -24.64 -46.21 326.05 252.85 57.32 0.30
0.00 7310.60
375.60 -26.36 -28.57 -50.46 326.88 246.34 56.62 0.30
0.00 7861.93
348.90 -30.56 -32.24 -53.00 328.08 241.74 55.79 0.20
0.00 8390.11
324.70 -34.06 -35.37 -54.72 330.02 241.04 56.18 0.20
0.00 8896.89
302.80 -37.26 -38.30 -56.55 332.12 242.48 57.60 0.20
0.00 9382.34
283.10 -40.26 -41.11 -60.31 334.17 241.98 58.31 0.20
0.00 9843.91
265.20 -43.06 -43.73 -60.82 336.38 239.93 55.44 0.20
0.00 10286.50
248.60 -45.56 -46.10 -61.32 338.92 237.02 52.10 0.20
0.00 10719.49
233.50 -47.86 -48.32 -63.98 341.51 238.25 50.93 0.20
0.00 11134.85
219.60 -49.96 -50.36 -67.41 344.27 241.01 51.30 0.10
0.00 11537.70
205.60 -52.06 -52.39 -67.89 347.51 241.03 51.73 0.10
0.00 11966.05
191.70 -54.16 -54.45 -73.19 351.12 238.22 51.63 0.00
0.00 12416.92
177.70 -56.86 -57.08 -73.70 354.38 237.83 50.72 -0.10
0.00 12900.04
163.80 -59.66 -59.83 -74.24 358.03 236.75 49.24 -0.10
0.00 13412.38
149.80 -61.56 -9999.00 -9999.00 -9999.00 230.97 47.51 0.00
0.00 13968.23
135.90 -63.86 -9999.00 -9999.00 -9999.00 223.86 48.50 0.10
0.00 14568.09
121.90 -63.66 -9999.00 -9999.00 -9999.00 229.78 44.52 0.20
0.00 15234.44
108.00 -62.76 -9999.00 -9999.00 -9999.00 220.77 27.95 0.10
0.00 15978.44
94.00 -65.06 -9999.00 -9999.00 -9999.00 196.02 21.83 0.00
0.00 16828.78
81.00 -67.16 -9999.00 -9999.00 -9999.00 181.66 13.40 0.00
0.00 17730.84
70.60 -65.16 -9999.00 -9999.00 -9999.00 197.78 10.82 0.00
0.00 18563.44
62.20 -64.96 -9999.00 -9999.00 -9999.00 165.07 6.02 0.00
0.00 19335.03
54.30 -64.66 -9999.00 -9999.00 -9999.00 123.69 3.50 0.00
0.00 20163.38
46.90 -63.66 -9999.00 -9999.00 -9999.00 68.20 5.23 0.00
0.00 21059.63
40.10 -63.46 -9999.00 -9999.00 -9999.00 65.38 5.13 0.00
0.00 22020.62
33.80 -62.86 -9999.00 -9999.00 -9999.00 25.77 6.25 0.00
0.00 23071.19
27.80 -61.46 -9999.00 -9999.00 -9999.00 5.71 5.85 0.00
0.00 24278.13
22.30 -58.06 -9999.00 -9999.00 -9999.00 315.00 3.85 0.00
0.00 25655.10
17.10 -53.16 -9999.00 -9999.00 -9999.00 308.09 9.13 0.00
0.00 27345.78
12.30 -49.46 -9999.00 -9999.00 -9999.00 276.71 16.63 0.00
0.00 29485.28

STID = MOR STNM = 819 TIME = 221026/1300 
SLAT = 36.17 SLON = -83.40 SELV = 409.0
STIM = 1

SHOW = 13.36 LIFT = 12.67 SWET = 214.12 KINX = -1.14
LCLP = 924.17 PWAT = 16.89 TOTL = 27.84 CAPE = 4.95
LCLT = 282.90 CINS = -6.37 EQLV = 821.84 LFCT = 870.52
BRCH = 0.13

PRES TMPC TMWC DWPC THTE DRCT SKNT OMEG
CFRL HGHT
962.30 13.04 11.51 10.36 312.87 246.37 6.78 0.00
0.00 419.49
959.40 12.74 11.26 10.13 312.53 247.99 9.85 0.00
0.00 444.89
954.20 12.24 10.93 9.92 312.27 248.75 11.25 0.00
0.00 490.55
945.10 11.54 10.45 9.58 312.06 251.31 13.95 0.00
0.00 570.89
931.70 10.64 9.65 8.83 311.56 256.76 16.96 0.00
0.00 690.26
914.60 9.74 8.78 7.97 311.40 259.53 18.18 -0.10
1.00 844.60
894.20 8.74 7.65 6.70 311.03 255.82 18.24 0.00
0.00 1031.86
871.90 6.84 6.35 5.87 310.56 244.21 19.19 0.20
2.00 1240.40
847.90 4.94 4.92 4.85 310.13 230.13 23.04 0.50
100.00 1469.28
821.10 4.14 3.69 3.21 310.67 218.25 25.72 0.60
32.00 1731.32
791.60 5.74 2.93 -0.04 312.79 220.16 24.40 0.60
0.00 2030.12
759.40 5.84 1.95 -2.41 314.91 229.99 20.55 0.50
0.00 2370.13
724.50 5.94 -0.44 -9.72 314.20 237.60 23.93 0.40
0.00 2755.19
686.90 5.14 -2.66 -17.37 314.67 246.55 35.14 0.30
0.00 3190.46
646.60 3.64 -4.42 -22.12 317.06 245.14 43.88 0.30
0.00 3682.00
603.50 0.84 -6.95 -28.11 318.82 240.14 46.81 0.40
0.00 4238.35
558.00 -2.86 -9.89 -33.20 320.90 239.39 43.10 0.50
0.00 4862.97
513.70 -7.26 -13.21 -36.78 322.87 248.58 43.61 0.50
0.00 5512.25
473.70 -12.16 -17.00 -41.65 323.93 250.85 49.15 0.30
0.00 6137.46
437.80 -17.36 -20.98 -42.39 324.71 250.36 49.71 0.20
0.00 6733.63
405.30 -22.26 -24.95 -44.04 325.51 253.32 50.08 0.20
0.00 7305.70
375.70 -26.96 -29.00 -48.16 326.18 251.57 51.59 0.20
0.00 7857.47
348.90 -30.86 -32.47 -52.00 327.71 249.08 53.87 0.20
0.00 8386.59
324.80 -34.36 -35.63 -54.71 329.57 248.27 56.66 0.30
0.00 8890.58
302.90 -37.76 -38.77 -58.02 331.34 247.66 57.75 0.30
0.00 9375.05
283.10 -40.76 -41.57 -60.31 333.46 245.21 56.06 0.30
0.00 9837.89
265.20 -43.26 -43.92 -60.82 336.08 242.40 52.84 0.30
0.00 10279.81
248.60 -45.66 -46.21 -63.51 338.73 240.62 49.49 0.20
0.00 10712.52
233.50 -47.96 -48.41 -63.98 341.36 240.05 47.09 0.20
0.00 11127.69
219.60 -49.96 -50.33 -64.44 344.32 239.36 46.50 0.10
0.00 11530.46
205.60 -51.66 -52.01 -67.89 348.14 236.05 48.00 0.10
0.00 11959.20
191.70 -53.66 -53.97 -73.19 351.92 232.11 49.96 0.00
0.00 12410.99
177.70 -56.56 -56.79 -73.70 354.88 232.56 51.13 -0.10
0.00 12895.00
163.80 -59.56 -59.73 -74.24 358.20 237.12 49.73 -0.10
0.00 13407.81
149.80 -62.26 -9999.00 -9999.00 -9999.00 234.25 47.86 -0.10
0.00 13962.87
135.90 -63.86 -9999.00 -9999.00 -9999.00 227.11 48.52 0.00
0.00 14561.74
121.90 -63.86 -9999.00 -9999.00 -9999.00 232.19 42.77 0.10
0.00 15227.77
108.00 -63.06 -9999.00 -9999.00 -9999.00 225.32 24.59 0.00
0.00 15970.88
94.00 -65.16 -9999.00 -9999.00 -9999.00 190.30 19.54 0.00
0.00 16820.41
81.00 -67.16 -9999.00 -9999.00 -9999.00 171.14 15.13 0.00
0.00 17722.25
70.60 -65.76 -9999.00 -9999.00 -9999.00 195.17 11.87 0.00
0.00 18553.65
62.20 -65.26 -9999.00 -9999.00 -9999.00 138.37 7.01 0.00
0.00 19323.57
54.30 -64.16 -9999.00 -9999.00 -9999.00 102.20 7.36 0.00
0.00 20152.32
46.90 -63.56 -9999.00 -9999.00 -9999.00 84.61 10.33 0.00
0.00 21049.85
40.10 -63.36 -9999.00 -9999.00 -9999.00 90.00 8.16 0.00
0.00 22011.30
33.80 -62.46 -9999.00 -9999.00 -9999.00 48.24 7.28 0.00
0.00 23063.11
27.80 -60.86 -9999.00 -9999.00 -9999.00 9.21 7.28 0.00
0.00 24272.91
22.30 -58.56 -9999.00 -9999.00 -9999.00 326.69 8.14 0.00
0.00 25650.21
17.10 -55.36 -9999.00 -9999.00 -9999.00 332.02 7.03 0.00
0.00 27330.39
12.30 -50.26 -9999.00 -9999.00 -9999.00 279.93 7.89 0.00
0.00 29455.42

STID = MOR STNM = 819 TIME = 221026/1400 
SLAT = 36.17 SLON = -83.40 SELV = 409.0
STIM = 2

SHOW = 14.02 LIFT = 13.49 SWET = 186.77 KINX = -2.63
LCLP = 917.38 PWAT = 15.77 TOTL = 26.92 CAPE = 4.11
LCLT = 282.21 CINS = -3.03 EQLV = 833.87 LFCT = 878.77
BRCH = 0.11

PRES TMPC TMWC DWPC THTE DRCT SKNT OMEG
CFRL HGHT
963.50 13.04 11.20 9.79 311.87 258.96 8.12 0.00
0.00 419.48
960.70 12.64 10.90 9.55 311.40 259.70 10.86 0.00
0.00 443.96
955.40 12.14 10.58 9.36 311.19 260.84 12.20 0.00
0.00 490.41
946.30 11.34 10.12 9.14 311.05 261.51 13.15 0.00
0.00 570.59
932.90 10.14 9.41 8.79 310.80 262.20 14.32 0.00
0.00 689.66
915.80 8.84 8.27 7.75 309.94 262.60 15.07 0.00
18.00 843.40
895.30 8.04 7.09 6.23 309.49 260.66 15.56 0.00
4.00 1030.79
873.00 6.24 5.87 5.49 309.26 245.90 16.18 0.20
5.00 1238.56
848.90 4.64 4.58 4.48 309.21 233.88 17.79 0.40
100.00 1467.73
822.10 4.14 3.53 2.89 310.17 222.71 20.63 0.50
34.00 1729.29
792.50 7.04 3.04 -1.33 312.88 229.46 21.21 0.40
1.00 2029.40
760.30 7.04 1.08 -6.82 312.59 248.30 19.44 0.30
0.00 2370.36
725.40 6.14 -1.15 -13.28 312.37 254.98 24.73 0.30
0.00 2755.70
687.70 5.04 -2.53 -16.32 314.86 254.72 34.63 0.30
0.00 3191.62
647.30 3.84 -4.50 -23.79 316.73 246.23 40.97 0.50
0.00 3683.92
604.10 1.24 -6.82 -29.36 318.95 238.81 42.02 0.60
0.00 4241.54
558.40 -2.26 -9.56 -33.95 321.44 240.19 39.86 0.70
0.00 4869.51
514.10 -7.06 -13.09 -37.09 323.00 248.11 44.79 0.60
0.00 5519.26
474.00 -12.26 -17.04 -40.78 323.83 243.97 46.91 0.40
0.00 6145.72
438.00 -17.16 -20.85 -42.84 324.88 243.21 44.83 0.40
0.00 6743.34
405.40 -21.96 -24.78 -45.61 325.76 245.03 46.93 0.30
0.00 7317.52
375.80 -26.76 -28.86 -48.87 326.38 245.16 49.01 0.30
0.00 7869.70
349.00 -30.86 -32.49 -53.00 327.65 246.49 52.12 0.20
0.00 8398.89
324.80 -34.56 -35.83 -55.98 329.26 247.43 56.18 0.20
0.00 8904.68
302.90 -37.86 -38.88 -59.79 331.16 247.66 57.75 0.20
0.00 9388.85
283.10 -40.76 -41.57 -60.31 333.46 244.52 55.09 0.10
0.00 9851.58
265.30 -43.06 -43.76 -63.02 336.30 241.28 50.95 0.10
0.00 10291.15
248.60 -45.46 -46.03 -63.51 339.03 242.07 47.28 0.00
0.00 10726.76
233.50 -47.96 -48.41 -63.98 341.36 243.55 43.61 0.00
0.00 11142.11
219.60 -50.16 -50.55 -67.41 343.96 241.02 41.30 -0.10
0.00 11544.70
205.60 -51.76 -52.10 -67.89 347.98 233.50 41.80 -0.10
0.00 11973.14
191.70 -53.76 -54.07 -73.19 351.76 227.24 45.77 -0.10
0.00 12424.73
177.70 -56.46 -56.70 -73.70 355.04 227.88 49.24 -0.10
0.00 12908.74
163.80 -59.46 -59.63 -74.24 358.37 236.44 47.09 -0.10
0.00 13421.79
149.80 -62.46 -9999.00 -9999.00 -9999.00 237.34 41.76 -0.10
0.00 13976.72
135.90 -64.36 -9999.00 -9999.00 -9999.00 231.14 43.65 0.00
0.00 14574.59
121.90 -63.96 -9999.00 -9999.00 -9999.00 234.34 40.64 0.00
0.00 15239.66
108.00 -63.26 -9999.00 -9999.00 -9999.00 226.35 23.35 0.00
0.00 15982.25
94.00 -65.66 -9999.00 -9999.00 -9999.00 191.75 20.05 0.00
0.00 16830.35
81.00 -66.96 -9999.00 -9999.00 -9999.00 181.67 20.01 0.00
0.00 17731.54
70.60 -65.56 -9999.00 -9999.00 -9999.00 194.59 14.65 0.00
0.00 18563.74
62.20 -64.16 -9999.00 -9999.00 -9999.00 136.64 9.62 0.00
0.00 19336.07
54.30 -62.86 -9999.00 -9999.00 -9999.00 108.85 8.41 0.00
0.00 20169.59
46.90 -62.86 -9999.00 -9999.00 -9999.00 93.90 8.57 0.00
0.00 21071.41
40.10 -62.86 -9999.00 -9999.00 -9999.00 110.22 3.92 0.00
0.00 22035.61
33.80 -62.36 -9999.00 -9999.00 -9999.00 10.49 5.34 0.00
0.00 23088.93
27.80 -61.46 -9999.00 -9999.00 -9999.00 1.74 6.41 0.00
0.00 24297.30
22.30 -58.76 -9999.00 -9999.00 -9999.00 360.00 4.66 0.00
0.00 25672.02
17.10 -54.16 -9999.00 -9999.00 -9999.00 29.74 3.13 0.00
0.00 27356.09
12.30 -49.56 -9999.00 -9999.00 -9999.00 251.08 7.19 0.00
0.00 29490.28

STID = MOR STNM = 819 TIME = 221026/1500 
SLAT = 36.17 SLON = -83.40 SELV = 409.0
STIM = 3

SHOW = 14.77 LIFT = 14.02 SWET = 121.85 KINX = -0.28
LCLP = 906.46 PWAT = 15.34 TOTL = 25.90 CAPE = 5.57
LCLT = 281.28 CINS = -1.46 EQLV = 840.17 LFCT = 885.36
BRCH = 0.16

PRES TMPC TMWC DWPC THTE DRCT SKNT OMEG
CFRL HGHT
964.20 13.14 10.84 9.05 310.83 260.07 7.89 0.00
0.00 419.47
961.40 12.64 10.51 8.82 310.28 261.09 10.02 0.00
0.00 443.93
956.10 12.14 10.20 8.64 310.09 260.71 10.82 0.00
0.00 490.34
947.00 11.34 9.76 8.46 310.01 261.18 11.40 0.10
0.00 570.45
933.60 10.14 9.09 8.21 309.90 260.54 11.81 0.10
0.00 689.40
916.40 8.64 8.25 7.88 309.82 259.78 12.04 0.10
23.00 843.87
896.00 7.54 6.72 5.95 308.49 258.16 12.30 0.10
17.00 1029.97
873.70 5.84 5.48 5.10 308.24 242.02 14.08 0.20
35.00 1237.23
849.60 4.14 4.12 4.05 308.04 237.36 14.76 0.40
100.00 1465.81
822.70 4.84 3.02 1.08 308.91 238.48 17.09 0.40
14.00 1728.16
793.10 7.64 2.28 -4.30 310.92 265.91 19.08 0.40
0.00 2028.61
760.90 6.74 0.70 -7.61 311.64 276.82 18.01 0.40
0.00 2369.38
725.90 5.44 -0.52 -9.05 313.86 276.23 23.25 0.50
0.00 2754.92
688.10 4.84 -2.17 -13.86 315.69 263.73 33.80 0.50
0.00 3191.16
647.60 3.94 -4.75 -27.01 316.06 248.45 40.73 0.50
0.00 3684.35
604.40 1.24 -6.76 -28.61 319.04 240.19 41.41 0.60
0.00 4241.78
558.70 -2.16 -9.47 -33.43 321.58 240.64 39.22 0.60
0.00 4869.54
514.30 -7.06 -13.14 -38.08 322.85 248.15 42.27 0.50
0.00 5520.58
474.20 -12.16 -17.00 -41.64 323.84 244.73 45.96 0.40
0.00 6146.89
438.10 -16.96 -20.71 -42.84 325.12 241.01 47.30 0.30
0.00 6746.32
405.50 -21.76 -24.62 -45.61 326.00 240.42 49.59 0.30
0.00 7320.82
375.90 -26.66 -28.75 -48.16 326.53 241.23 49.63 0.20
0.00 7873.20
349.10 -31.06 -32.64 -52.00 327.39 244.42 50.39 0.20
0.00 8402.13
324.80 -34.86 -36.07 -54.71 328.88 247.35 53.46 0.20
0.00 8909.41
302.90 -38.06 -39.06 -59.79 330.88 247.67 55.23 0.20
0.00 9393.07
283.10 -40.76 -41.59 -62.53 333.41 242.97 52.99 0.20
0.00 9855.61
265.30 -42.86 -43.57 -63.02 336.59 239.15 50.00 0.10
0.00 10295.36
248.60 -44.86 -45.47 -63.51 339.92 241.56 47.73 0.00
0.00 10731.73
233.50 -47.36 -47.87 -66.97 342.23 247.34 45.88 0.00
0.00 11148.18
219.60 -49.96 -50.36 -67.41 344.27 248.10 43.75 -0.10
0.00 11551.49
205.60 -52.26 -52.58 -67.89 347.20 242.49 42.06 -0.20
0.00 11979.64
191.70 -54.26 -54.55 -73.19 350.96 236.17 43.96 -0.20
0.00 12430.21
177.70 -56.66 -56.89 -73.70 354.71 233.51 47.36 -0.10
0.00 12913.44
163.80 -59.56 -59.73 -74.24 358.20 237.24 46.66 -0.10
0.00 13426.13
149.80 -62.36 -9999.00 -9999.00 -9999.00 239.46 40.15 -0.10
0.00 13981.06
135.90 -64.56 -9999.00 -9999.00 -9999.00 235.12 41.43 0.00
0.00 14578.79
121.90 -64.56 -9999.00 -9999.00 -9999.00 234.37 41.34 0.00
0.00 15242.59
108.00 -63.66 -9999.00 -9999.00 -9999.00 222.81 25.16 0.00
0.00 15983.40
94.00 -66.06 -9999.00 -9999.00 -9999.00 189.38 22.65 0.00
0.00 16829.88
81.00 -66.56 -9999.00 -9999.00 -9999.00 181.39 24.09 0.00
0.00 17731.07
70.60 -65.36 -9999.00 -9999.00 -9999.00 179.27 15.15 0.00
0.00 18564.48
62.20 -64.26 -9999.00 -9999.00 -9999.00 128.40 13.13 0.00
0.00 19336.99
54.30 -63.36 -9999.00 -9999.00 -9999.00 105.52 10.88 0.00
0.00 20169.32
46.90 -63.56 -9999.00 -9999.00 -9999.00 98.65 9.03 0.00
0.00 21068.56
40.10 -63.26 -9999.00 -9999.00 -9999.00 110.85 4.37 0.00
0.00 22030.25
33.80 -62.26 -9999.00 -9999.00 -9999.00 34.38 4.47 0.00
0.00 23082.81
27.80 -60.56 -9999.00 -9999.00 -9999.00 41.19 4.14 0.00
0.00 24294.04
22.30 -57.56 -9999.00 -9999.00 -9999.00 23.63 3.40 0.00
0.00 25675.54
17.10 -52.66 -9999.00 -9999.00 -9999.00 329.04 2.27 0.00
0.00 27370.10
12.30 -48.66 -9999.00 -9999.00 -9999.00 248.40 10.02 0.00
0.00 29515.86

STID = MOR STNM = 819 TIME = 221026/1600 
SLAT = 36.17 SLON = -83.40 SELV = 409.0
STIM = 4

SHOW = 14.63 LIFT = 14.18 SWET = 115.76 KINX = 3.00
LCLP = 896.42 PWAT = 16.39 TOTL = 26.21 CAPE = 4.97
LCLT = 280.50 CINS = 0.00 EQLV = 843.56 LFCT = 894.91
BRCH = 0.16

PRES TMPC TMWC DWPC THTE DRCT SKNT OMEG
CFRL HGHT
964.10 13.24 10.56 8.42 310.08 262.88 7.83 0.00
0.00 419.47
961.20 12.74 10.22 8.17 309.53 262.18 10.00 0.00
0.00 444.81
956.00 12.24 9.91 7.99 309.33 262.88 10.96 0.00
0.00 490.36
946.90 11.44 9.44 7.77 309.20 262.28 11.56 0.00
0.00 570.49
933.50 10.24 8.74 7.45 309.00 261.61 11.99 0.00
0.00 689.47
916.30 8.74 7.85 7.06 308.84 260.84 12.20 -0.10
0.00 843.98
895.90 6.84 6.69 6.50 308.42 258.16 12.30 0.00
44.00 1029.90
873.60 5.44 5.41 5.32 308.07 254.43 12.30 0.00
100.00 1236.79
849.50 4.14 4.09 3.98 307.96 252.43 12.22 0.00
100.00 1465.24
822.60 4.44 2.84 1.11 308.50 256.14 15.40 0.10
14.00 1727.43
793.10 6.74 2.88 -1.38 312.41 284.04 18.41 0.30
0.00 2026.26
760.80 6.14 1.90 -2.97 314.55 288.43 19.04 0.50
0.00 2367.41
725.70 4.74 0.14 -5.66 315.51 287.10 23.78 0.50
0.00 2753.46
688.00 4.34 -1.95 -11.67 316.29 265.89 29.80 0.50
0.00 3187.85
647.50 3.94 -4.76 -27.18 316.04 247.95 40.87 0.50
0.00 3680.73
604.30 1.34 -6.58 -27.27 319.45 242.45 40.31 0.50
0.00 4238.36
558.60 -2.46 -9.55 -31.80 321.49 245.14 37.90 0.50
0.00 4866.03
514.20 -7.36 -13.32 -37.74 322.54 250.29 41.47 0.50
0.00 5516.48
474.10 -12.16 -16.97 -40.77 323.93 247.18 46.58 0.50
0.00 6142.57
438.10 -16.76 -20.52 -41.94 325.45 243.03 48.82 0.40
0.00 6740.64
405.50 -21.66 -24.58 -46.82 326.05 241.64 49.88 0.40
0.00 7315.48
375.80 -26.46 -28.61 -48.87 326.78 243.64 49.44 0.30
0.00 7870.12
349.10 -30.86 -32.47 -52.00 327.66 247.18 50.58 0.20
0.00 8397.58
324.80 -34.76 -36.01 -55.98 328.98 249.49 52.68 0.10
0.00 8905.18
302.90 -38.26 -39.24 -59.79 330.60 248.74 53.57 0.00
0.00 9388.73
283.10 -41.06 -41.87 -62.53 332.98 244.87 52.14 0.00
0.00 9850.78
265.30 -43.26 -43.96 -66.04 335.96 240.99 50.87 -0.10
0.00 10289.86
248.60 -45.46 -46.05 -66.52 338.98 241.53 49.71 -0.10
0.00 10725.28
233.50 -47.76 -48.25 -66.97 341.62 246.59 48.89 -0.10
0.00 11140.81
219.60 -50.36 -50.74 -67.41 343.65 250.08 47.32 -0.10
0.00 11543.40
205.60 -52.96 -53.28 -72.72 346.05 247.87 43.82 -0.10
0.00 11970.49
191.70 -55.06 -55.32 -73.19 349.67 242.13 41.98 -0.10
0.00 12419.52
177.70 -57.16 -57.38 -73.70 353.89 237.97 42.85 0.00
0.00 12901.31
163.80 -59.76 -59.92 -74.24 357.86 236.09 42.83 0.00
0.00 13413.17
149.80 -62.16 -9999.00 -9999.00 -9999.00 236.46 40.07 0.10
0.00 13968.10
135.90 -63.76 -9999.00 -9999.00 -9999.00 234.81 41.12 0.10
0.00 14567.25
121.90 -63.76 -9999.00 -9999.00 -9999.00 231.04 40.46 0.10
0.00 15233.60
108.00 -63.46 -9999.00 -9999.00 -9999.00 215.73 27.27 0.00
0.00 15976.18
94.00 -65.66 -9999.00 -9999.00 -9999.00 196.42 22.69 0.00
0.00 16823.88
81.00 -65.66 -9999.00 -9999.00 -9999.00 188.66 20.63 0.00
0.00 17727.90
70.60 -64.86 -9999.00 -9999.00 -9999.00 187.24 12.33 0.00
0.00 18564.12
62.20 -64.66 -9999.00 -9999.00 -9999.00 141.34 8.70 0.00
0.00 19336.82
54.30 -63.76 -9999.00 -9999.00 -9999.00 112.07 7.75 0.00
0.00 20167.56
46.90 -64.16 -9999.00 -9999.00 -9999.00 116.57 7.38 0.00
0.00 21064.66
40.10 -63.96 -9999.00 -9999.00 -9999.00 144.78 4.04 0.00
0.00 22023.36
33.80 -63.36 -9999.00 -9999.00 -9999.00 59.04 2.27 0.00
0.00 23071.43
27.80 -61.76 -9999.00 -9999.00 -9999.00 35.54 1.67 0.00
0.00 24276.08
22.30 -58.36 -9999.00 -9999.00 -9999.00 344.74 2.21 0.00
0.00 25651.12
17.10 -51.76 -9999.00 -9999.00 -9999.00 90.00 1.94 0.00
0.00 27346.07
12.30 -47.66 -9999.00 -9999.00 -9999.00 253.50 5.48 0.00
0.00 29501.00

STID = MOR STNM = 819 TIME = 221026/1700 
SLAT = 36.17 SLON = -83.40 SELV = 409.0
STIM = 5

SHOW = 14.92 LIFT = 14.61 SWET = 109.69 KINX = -0.54
LCLP = 897.29 PWAT = 15.53 TOTL = 25.83 CAPE = 1.41
LCLT = 280.06 CINS = -0.01 EQLV = 848.04 LFCT = 896.83
BRCH = 0.04

PRES TMPC TMWC DWPC THTE DRCT SKNT OMEG
CFRL HGHT
964.40 12.74 10.12 7.97 308.90 271.55 7.19 0.00
0.00 419.45
961.50 12.34 9.84 7.76 308.51 271.22 9.13 0.00
0.00 444.74
956.30 11.84 9.54 7.61 308.35 271.12 9.91 0.00
0.00 490.21
947.20 10.94 9.05 7.43 308.16 271.08 10.30 0.00
0.00 570.17
933.80 9.84 8.42 7.18 308.16 271.06 10.49 0.10
0.00 688.92
916.60 8.24 7.54 6.89 308.02 270.00 10.68 0.10
0.00 843.12
896.20 6.54 6.49 6.39 307.91 268.94 10.49 0.20
69.00 1028.70
873.90 5.34 5.28 5.17 307.74 263.29 9.98 0.30
100.00 1235.37
849.70 3.94 3.89 3.79 307.49 259.99 10.06 0.40
100.00 1464.57
822.90 5.94 3.85 1.71 310.79 266.86 14.20 0.60
8.00 1726.33
793.30 6.54 3.11 -0.56 312.95 292.95 17.93 0.60
1.00 2026.82
760.90 6.04 0.76 -6.18 311.84 293.96 21.04 0.70
0.00 2368.72
725.90 5.44 -0.98 -10.84 312.79 286.70 24.34 0.60
0.00 2753.77
688.20 4.54 -2.21 -13.29 315.62 266.63 29.78 0.50
0.00 3188.55
647.70 3.84 -4.69 -25.73 316.20 250.96 40.48 0.40
0.00 3681.34
604.40 1.24 -6.71 -28.09 319.15 245.70 39.65 0.40
0.00 4239.94
558.70 -2.56 -9.73 -33.68 321.07 248.09 37.47 0.30
0.00 4867.25
514.30 -7.26 -13.37 -40.42 322.39 253.15 42.21 0.20
0.00 5517.54
474.20 -12.36 -17.05 -39.59 323.78 253.44 47.01 0.20
0.00 6143.38
438.10 -17.16 -20.82 -41.94 324.94 250.24 47.69 0.10
0.00 6742.35
405.50 -21.76 -24.72 -48.96 325.81 248.20 48.12 0.10
0.00 7316.62
375.90 -26.56 -28.71 -49.63 326.58 249.11 47.40 0.10
0.00 7869.10
349.10 -30.86 -32.49 -53.00 327.62 251.71 48.29 0.10
0.00 8398.35
324.90 -35.06 -36.25 -54.71 328.58 252.70 49.65 0.20
0.00 8903.47
302.90 -38.56 -39.49 -58.02 330.22 252.06 49.83 0.10
0.00 9388.54
283.10 -41.36 -42.14 -62.53 332.55 248.11 48.99 0.10
0.00 9849.99
265.30 -43.66 -44.33 -66.04 335.38 243.23 48.31 0.10
0.00 10288.41
248.60 -45.76 -46.33 -66.52 338.54 241.46 47.98 0.10
0.00 10723.16
233.50 -47.96 -48.43 -66.97 341.32 244.38 47.61 0.10
0.00 11138.24
219.60 -50.46 -50.83 -67.41 343.50 247.05 46.83 0.00
0.00 11540.55
205.60 -52.76 -53.08 -72.72 346.36 244.67 44.48 0.00
0.00 11967.74
191.70 -54.56 -54.84 -73.19 350.48 238.86 43.57 0.00
0.00 12417.49
177.70 -56.66 -56.89 -73.70 354.71 235.74 43.47 0.00
0.00 12900.38
163.80 -59.46 -59.63 -74.24 358.37 233.86 42.81 0.00
0.00 13413.20
149.80 -61.66 -9999.00 -9999.00 -9999.00 233.65 42.93 0.00
0.00 13969.17
135.90 -62.86 -9999.00 -9999.00 -9999.00 234.31 43.28 0.00
0.00 14570.32
121.90 -63.66 -9999.00 -9999.00 -9999.00 230.87 40.33 0.00
0.00 15238.26
108.00 -64.76 -9999.00 -9999.00 -9999.00 220.60 30.44 0.00
0.00 15978.72
94.00 -66.56 -9999.00 -9999.00 -9999.00 203.60 21.83 0.00
0.00 16821.94
81.00 -66.46 -9999.00 -9999.00 -9999.00 191.89 18.86 0.00
0.00 17722.26
70.60 -66.26 -9999.00 -9999.00 -9999.00 190.44 15.02 0.00
0.00 18554.06
62.20 -65.36 -9999.00 -9999.00 -9999.00 160.20 10.31 0.00
0.00 19322.87
54.30 -63.86 -9999.00 -9999.00 -9999.00 132.98 11.67 0.00
0.00 20152.01
46.90 -63.96 -9999.00 -9999.00 -9999.00 139.03 9.77 0.00
0.00 21049.33
40.10 -63.36 -9999.00 -9999.00 -9999.00 153.43 3.05 0.00
0.00 22009.87
33.80 -63.36 -9999.00 -9999.00 -9999.00 25.20 3.65 0.00
0.00 23059.43
27.80 -61.76 -9999.00 -9999.00 -9999.00 33.69 4.90 0.00
0.00 24264.08
22.30 -58.26 -9999.00 -9999.00 -9999.00 42.27 5.77 0.00
0.00 25639.45
17.10 -54.06 -9999.00 -9999.00 -9999.00 109.18 4.74 0.00
0.00 27325.85
12.30 -49.16 -9999.00 -9999.00 -9999.00 241.46 12.61 0.00
0.00 29462.45

STID = MOR STNM = 819 TIME = 221026/1800 
SLAT = 36.17 SLON = -83.40 SELV = 409.0
STIM = 6

SHOW = 14.47 LIFT = 14.40 SWET = 109.86 KINX = -2.16
LCLP = 885.44 PWAT = 14.54 TOTL = 26.68 CAPE = 0.35
LCLT = 279.49 CINS = -0.24 EQLV = 848.51 LFCT = 874.33
BRCH = 0.01

PRES TMPC TMWC DWPC THTE DRCT SKNT OMEG
CFRL HGHT
963.20 13.14 10.09 7.57 308.95 264.29 7.81 0.00
0.00 419.48
960.40 12.54 9.73 7.38 308.36 265.24 9.36 0.00
0.00 443.95
955.10 11.94 9.40 7.25 308.13 265.52 9.95 0.00
0.00 490.36
946.00 11.04 8.90 7.05 307.92 265.68 10.33 0.00
0.00 570.45
932.60 9.84 8.21 6.77 307.78 264.71 10.53 0.00
0.00 689.35
915.50 8.34 7.36 6.46 307.71 264.71 10.53 0.00
0.00 842.86
895.00 6.54 6.31 6.05 307.62 263.42 10.16 0.10
46.00 1029.61
872.80 5.24 5.19 5.08 307.65 260.73 9.63 0.20
83.00 1235.56
848.70 3.94 3.90 3.80 307.63 260.54 9.46 0.30
100.00 1464.05
821.90 7.24 4.24 1.20 311.84 285.32 14.70 0.40
7.00 1726.73
792.40 6.74 2.21 -3.18 310.91 300.86 18.55 0.50
0.00 2027.27
760.10 6.64 0.19 -9.31 310.56 301.45 23.45 0.60
0.00 2368.82
725.20 5.84 -1.31 -13.28 312.06 296.38 26.24 0.70
0.00 2753.72
687.60 4.24 -2.79 -15.36 314.38 278.30 28.26 0.60
0.00 3187.73
647.20 3.34 -4.73 -23.29 316.30 259.36 35.78 0.50
0.00 3678.98
604.00 1.04 -7.03 -30.77 318.49 253.07 37.35 0.40
0.00 4235.98
558.40 -2.86 -9.98 -34.76 320.62 254.34 38.13 0.40
0.00 4861.69
514.00 -7.66 -13.61 -40.00 322.00 258.59 43.20 0.40
0.00 5511.49
474.00 -12.76 -17.28 -38.54 323.43 257.57 46.95 0.40
0.00 6135.14
437.90 -17.36 -20.97 -41.95 324.73 254.74 46.50 0.50
0.00 6733.68
405.40 -21.86 -24.86 -51.73 325.58 252.77 46.58 0.50
0.00 7306.05
375.80 -26.56 -28.71 -49.63 326.61 251.34 46.76 0.40
0.00 7858.55
349.00 -31.06 -32.64 -52.00 327.42 251.20 48.21 0.40
0.00 8387.74
324.80 -35.26 -36.40 -53.60 328.37 250.91 48.72 0.30
0.00 8892.59
302.90 -38.76 -39.65 -56.55 329.98 249.39 48.56 0.30
0.00 9375.12
283.10 -41.46 -42.23 -62.53 332.41 246.41 48.54 0.20
0.00 9836.28
265.20 -43.66 -44.31 -63.03 335.46 242.73 49.16 0.20
0.00 10277.15
248.60 -45.86 -46.43 -66.52 338.39 240.90 49.13 0.10
0.00 10709.29
233.50 -48.06 -48.53 -66.97 341.17 241.68 48.33 0.10
0.00 11124.18
219.60 -50.46 -50.83 -67.41 343.50 242.58 46.39 0.00
0.00 11526.40
205.60 -52.76 -53.08 -72.72 346.36 240.51 44.19 0.00
0.00 11953.59
191.70 -54.66 -54.94 -73.19 350.32 237.34 44.99 0.00
0.00 12403.23
177.70 -56.66 -56.89 -73.70 354.71 236.65 45.57 0.00
0.00 12886.02
163.80 -59.16 -9999.00 -9999.00 -9999.00 236.87 44.08 0.00
0.00 13399.19
149.80 -61.66 -9999.00 -9999.00 -9999.00 236.94 43.80 0.00
0.00 13955.56
135.90 -63.46 -9999.00 -9999.00 -9999.00 237.08 43.96 0.00
0.00 14555.85
121.90 -64.66 -9999.00 -9999.00 -9999.00 232.50 38.93 0.00
0.00 15221.24
108.00 -65.86 -9999.00 -9999.00 -9999.00 222.44 30.79 0.00
0.00 15957.98
94.00 -66.86 -9999.00 -9999.00 -9999.00 203.20 23.68 0.00
0.00 16798.36
81.00 -66.36 -9999.00 -9999.00 -9999.00 193.90 20.20 0.00
0.00 17698.24
70.60 -66.66 -9999.00 -9999.00 -9999.00 194.85 16.69 0.00
0.00 18529.44
62.20 -64.76 -9999.00 -9999.00 -9999.00 167.57 11.73 0.00
0.00 19298.62
54.30 -63.76 -9999.00 -9999.00 -9999.00 144.20 14.61 0.00
0.00 20129.16
46.90 -64.06 -9999.00 -9999.00 -9999.00 139.03 9.77 0.00
0.00 21026.47
40.10 -63.76 -9999.00 -9999.00 -9999.00 77.01 2.58 0.00
0.00 21985.86
33.80 -63.66 -9999.00 -9999.00 -9999.00 16.26 4.86 0.00
0.00 23033.68
27.80 -60.86 -9999.00 -9999.00 -9999.00 53.75 3.61 0.00
0.00 24240.04
22.30 -57.16 -9999.00 -9999.00 -9999.00 85.43 4.88 0.00
0.00 25621.86
17.10 -53.76 -9999.00 -9999.00 -9999.00 158.20 3.15 0.00
0.00 27313.70
12.30 -49.26 -9999.00 -9999.00 -9999.00 248.37 12.12 0.00
0.00 29451.26

STID = MOR STNM = 819 TIME = 221026/1900 
SLAT = 36.17 SLON = -83.40 SELV = 409.0
STIM = 7

SHOW = 14.12 LIFT = 14.66 SWET = 111.26 KINX = -2.83
LCLP = 878.33 PWAT = 14.55 TOTL = 27.26 CAPE = 0.00
LCLT = 278.74 CINS = 0.00 EQLV = -9999.00 LFCT = -9999.00
BRCH = 0.00

PRES TMPC TMWC DWPC THTE DRCT SKNT OMEG
CFRL HGHT
964.50 13.14 9.79 6.95 308.02 272.79 7.96 0.00
0.00 418.59
961.60 12.54 9.45 6.80 307.50 272.25 9.91 0.00
0.00 443.90
956.30 11.94 9.13 6.69 307.30 273.12 10.70 0.00
0.00 490.25
947.20 11.14 8.67 6.51 307.22 273.01 11.09 0.00
0.00 570.24
933.80 9.94 8.01 6.28 307.14 272.96 11.29 0.00
0.00 689.01
916.70 8.34 7.12 5.99 306.99 272.96 11.29 0.10
0.00 842.32
896.20 6.54 6.10 5.64 306.97 272.05 10.88 0.10
13.00 1028.80
873.90 5.14 5.09 4.99 307.29 272.08 10.68 0.20
74.00 1235.37
849.80 4.64 4.10 3.53 307.97 272.91 11.48 0.30
68.00 1463.79
822.90 7.14 4.28 1.38 311.79 290.79 16.41 0.30
5.00 1727.40
793.30 6.64 2.57 -2.05 311.66 300.96 20.40 0.40
1.00 2028.54
761.00 6.54 0.49 -7.98 311.16 300.47 22.98 0.50
0.00 2369.63
726.00 6.04 -0.96 -12.15 312.75 298.77 27.04 0.60
0.00 2755.32
688.30 4.54 -2.93 -17.10 313.90 285.83 27.06 0.60
0.00 3190.40
647.80 3.44 -4.76 -24.17 316.10 266.12 31.55 0.50
0.00 3682.70
604.50 1.14 -6.88 -29.54 318.74 259.53 36.34 0.50
0.00 4240.70
558.80 -2.86 -9.99 -35.04 320.52 261.55 39.67 0.50
0.00 4867.42
514.40 -7.86 -13.56 -36.16 322.08 261.10 45.22 0.50
0.00 5516.51
474.20 -12.66 -17.23 -38.88 323.48 258.78 46.93 0.40
0.00 6142.80
438.10 -17.06 -20.87 -45.50 324.80 258.74 46.74 0.40
0.00 6741.54
405.60 -21.56 -24.62 -51.72 325.92 258.28 47.80 0.30
0.00 7314.30
375.90 -26.36 -28.53 -48.86 326.89 257.13 48.82 0.30
0.00 7869.01
349.10 -31.06 -32.62 -51.09 327.43 255.80 49.09 0.20
0.00 8398.27
324.90 -35.26 -36.40 -53.60 328.34 254.15 49.07 0.20
0.00 8902.97
302.90 -38.96 -39.83 -56.55 329.69 251.06 48.47 0.10
0.00 9387.43
283.10 -41.86 -42.58 -60.31 331.88 247.64 48.52 0.10
0.00 9847.99
265.30 -44.06 -44.68 -63.02 334.83 243.33 49.79 0.10
0.00 10285.56
248.60 -46.36 -46.87 -63.51 337.69 242.84 49.79 0.10
0.00 10719.36
233.50 -48.46 -48.91 -66.97 340.56 244.48 47.79 0.00
0.00 11133.43
219.60 -50.26 -50.67 -72.27 343.76 241.99 44.66 0.00
0.00 11535.48
205.60 -52.36 -52.70 -72.72 346.99 238.02 43.28 0.00
0.00 11963.24
191.70 -54.46 -54.74 -73.19 350.64 237.34 44.99 0.00
0.00 12413.50
177.70 -56.76 -56.99 -73.70 354.55 238.46 46.04 0.00
0.00 12896.40
163.80 -59.06 -9999.00 -9999.00 -9999.00 240.01 45.09 0.00
0.00 13409.57
149.80 -61.36 -9999.00 -9999.00 -9999.00 242.54 44.66 0.00
0.00 13966.46
135.90 -63.86 -9999.00 -9999.00 -9999.00 240.39 42.44 0.00
0.00 14566.60
121.90 -65.36 -9999.00 -9999.00 -9999.00 234.32 37.30 0.00
0.00 15230.25
108.00 -66.26 -9999.00 -9999.00 -9999.00 222.12 30.13 0.00
0.00 15965.04
94.00 -66.46 -9999.00 -9999.00 -9999.00 204.78 25.04 0.00
0.00 16805.42
81.00 -65.76 -9999.00 -9999.00 -9999.00 196.02 21.83 0.00
0.00 17707.47
70.60 -66.06 -9999.00 -9999.00 -9999.00 190.81 17.60 0.00
0.00 18541.09
62.20 -63.66 -9999.00 -9999.00 -9999.00 172.97 14.30 0.00
0.00 19313.42
54.30 -63.76 -9999.00 -9999.00 -9999.00 159.27 15.37 0.00
0.00 20146.14
46.90 -63.66 -9999.00 -9999.00 -9999.00 145.30 9.21 0.00
0.00 21044.31
40.10 -63.16 -9999.00 -9999.00 -9999.00 74.74 4.43 0.00
0.00 22006.00
33.80 -62.36 -9999.00 -9999.00 -9999.00 23.75 5.30 0.00
0.00 23058.56
27.80 -59.46 -9999.00 -9999.00 -9999.00 41.19 2.06 0.00
0.00 24272.65
22.30 -56.56 -9999.00 -9999.00 -9999.00 149.04 1.13 0.00
0.00 25660.92
17.10 -54.16 -9999.00 -9999.00 -9999.00 230.71 5.52 0.00
0.00 27353.54
12.30 -49.96 -9999.00 -9999.00 -9999.00 232.98 14.84 0.00
0.00 29485.80

STID = MOR STNM = 819 TIME = 221026/2000 
SLAT = 36.17 SLON = -83.40 SELV = 409.0
STIM = 8

SHOW = 13.76 LIFT = 14.62 SWET = 114.45 KINX = -3.07
LCLP = 875.69 PWAT = 14.89 TOTL = 27.95 CAPE = 0.00
LCLT = 278.41 CINS = 0.00 EQLV = -9999.00 LFCT = -9999.00
BRCH = 0.00

PRES TMPC TMWC DWPC THTE DRCT SKNT OMEG
CFRL HGHT
964.40 13.04 9.61 6.66 307.56 284.74 7.63 0.00
0.00 419.46
961.60 12.54 9.32 6.52 307.16 284.04 9.62 0.00
0.00 443.89
956.30 11.94 9.00 6.42 306.97 284.04 10.41 0.00
0.00 490.23
947.20 11.04 8.51 6.26 306.81 284.53 10.84 0.00
0.00 570.20
933.80 9.84 7.84 6.03 306.72 285.00 11.27 0.00
0.00 688.93
916.60 8.24 6.95 5.74 306.58 284.74 11.44 0.10
0.00 843.08
896.20 6.44 5.92 5.39 306.55 284.74 11.44 0.10
0.00 1028.58
873.90 4.84 4.80 4.71 306.62 284.04 11.21 0.10
87.00 1234.98
849.80 4.54 4.12 3.67 308.02 283.57 11.60 0.20
45.00 1463.24
822.90 6.04 4.20 2.38 311.64 301.43 16.39 0.30
10.00 1726.32
793.30 6.24 2.76 -1.07 312.12 300.47 19.15 0.40
3.00 2026.71
761.00 6.34 0.96 -6.02 312.28 299.81 21.48 0.60
0.00 2367.51
726.00 6.04 -0.57 -10.46 313.67 298.79 24.61 0.60
0.00 2753.15
688.20 4.94 -2.92 -18.38 313.89 282.75 27.29 0.60
0.00 3189.76
647.80 3.54 -4.77 -24.86 316.04 269.64 30.89 0.50
0.00 3681.28
604.50 0.84 -7.06 -29.54 318.39 265.45 34.30 0.40
0.00 4239.08
558.80 -3.26 -10.17 -33.94 320.19 265.43 38.97 0.40
0.00 4865.00
514.30 -8.16 -13.74 -35.87 321.77 263.42 45.77 0.30
0.00 5514.78
474.20 -13.06 -17.42 -37.26 323.16 261.68 49.67 0.30
0.00 6138.75
438.10 -17.36 -21.13 -46.79 324.34 263.92 51.38 0.30
0.00 6736.68
405.50 -21.86 -24.80 -48.96 325.68 264.25 52.33 0.20
0.00 7310.59
375.90 -26.46 -28.63 -49.63 326.71 262.38 49.79 0.10
0.00 7863.07
349.10 -30.96 -32.51 -50.27 327.60 258.46 47.59 0.10
0.00 8392.33
324.90 -35.26 -36.38 -52.61 328.38 253.66 46.97 0.00
0.00 8897.13
302.90 -39.06 -39.89 -55.29 329.59 250.82 47.30 0.00
0.00 9381.49
283.10 -41.96 -42.65 -58.56 331.78 248.63 47.98 0.00
0.00 9841.86
265.30 -44.46 -45.05 -63.02 334.25 244.75 49.18 0.00
0.00 10278.96
248.60 -47.06 -47.53 -63.51 336.65 244.22 50.49 0.00
0.00 10711.71
233.50 -48.96 -49.38 -66.97 339.80 248.37 49.53 0.00
0.00 11124.68
219.60 -50.26 -50.67 -72.27 343.76 245.96 45.30 0.00
0.00 11526.28
205.60 -51.96 -52.32 -72.72 347.62 240.70 43.67 0.00
0.00 11954.43
191.70 -54.36 -54.65 -73.19 350.80 241.11 45.03 0.00
0.00 12405.20
177.70 -56.96 -57.18 -73.70 354.22 242.57 45.96 0.10
0.00 12887.98
163.80 -59.16 -9999.00 -9999.00 -9999.00 242.79 46.31 0.00
0.00 13400.79
149.80 -61.16 -9999.00 -9999.00 -9999.00 243.55 44.91 0.00
0.00 13957.82
135.90 -63.76 -9999.00 -9999.00 -9999.00 243.43 41.26 0.00
0.00 14558.39
121.90 -66.06 -9999.00 -9999.00 -9999.00 236.31 35.72 0.00
0.00 15221.08
108.00 -66.76 -9999.00 -9999.00 -9999.00 227.65 29.70 0.00
0.00 15953.74
94.00 -66.56 -9999.00 -9999.00 -9999.00 207.92 25.72 0.00
0.00 16792.90
81.00 -66.06 -9999.00 -9999.00 -9999.00 194.52 22.47 0.00
0.00 17694.09
70.60 -66.06 -9999.00 -9999.00 -9999.00 192.46 18.90 0.00
0.00 18527.10
62.20 -63.16 -9999.00 -9999.00 -9999.00 188.86 15.13 0.00
0.00 19300.35
54.30 -64.26 -9999.00 -9999.00 -9999.00 172.97 14.30 0.00
0.00 20133.08
46.90 -63.46 -9999.00 -9999.00 -9999.00 165.96 7.21 0.00
0.00 21030.61
40.10 -62.76 -9999.00 -9999.00 -9999.00 94.76 2.33 0.00
0.00 21993.67
33.80 -61.56 -9999.00 -9999.00 -9999.00 59.93 4.27 0.00
0.00 23049.24
27.80 -59.46 -9999.00 -9999.00 -9999.00 59.04 1.13 0.00
0.00 24265.61
22.30 -58.06 -9999.00 -9999.00 -9999.00 284.93 3.01 0.00
0.00 25649.04
17.10 -55.16 -9999.00 -9999.00 -9999.00 262.23 8.62 0.00
0.00 27331.95
12.30 -50.26 -9999.00 -9999.00 -9999.00 248.96 18.94 0.00
0.00 29457.94

STID = MOR STNM = 819 TIME = 221026/2100 
SLAT = 36.17 SLON = -83.40 SELV = 409.0
STIM = 9

SHOW = 14.14 LIFT = 15.03 SWET = 114.20 KINX = -3.73
LCLP = 880.71 PWAT = 15.18 TOTL = 27.41 CAPE = 0.00
LCLT = 278.31 CINS = 0.00 EQLV = -9999.00 LFCT = -9999.00
BRCH = 0.00

PRES TMPC TMWC DWPC THTE DRCT SKNT OMEG
CFRL HGHT
965.20 12.54 9.31 6.49 306.72 303.69 7.71 0.00
0.00 418.56
962.30 12.04 9.04 6.40 306.39 302.13 9.87 0.00
0.00 443.80
957.00 11.54 8.76 6.29 306.30 301.68 10.72 0.00
0.00 490.04
947.90 10.64 8.27 6.13 306.13 301.48 11.17 0.00
0.00 569.83
934.50 9.54 7.65 5.93 306.19 301.80 11.42 0.10
0.00 688.32
917.30 7.94 6.76 5.64 306.05 301.80 11.42 0.10
0.00 842.19
896.90 6.14 5.74 5.31 306.04 300.96 11.32 0.20
0.00 1027.34
874.50 4.64 4.59 4.49 306.06 299.74 10.96 0.30
100.00 1234.32
850.40 3.94 3.90 3.80 307.42 298.86 10.86 0.30
92.00 1462.09
823.50 5.84 4.21 2.59 311.57 303.48 14.43 0.40
10.00 1724.61
793.90 6.74 3.29 -0.35 313.31 299.29 18.26 0.40
1.00 2024.97
761.50 6.64 1.68 -4.28 313.91 304.14 20.42 0.50
0.00 2367.14
726.40 5.84 -0.53 -9.88 313.74 301.13 22.92 0.60
0.00 2753.79
688.70 4.84 -3.05 -18.93 313.51 283.83 26.01 0.60
0.00 3188.73
648.10 3.54 -4.83 -25.43 315.87 270.39 28.75 0.60
0.00 3682.29
604.80 0.54 -7.23 -29.54 318.00 265.35 31.18 0.50
0.00 4239.51
559.00 -3.46 -10.34 -34.75 319.81 264.83 36.67 0.50
0.00 4865.95
514.60 -8.06 -13.82 -38.80 321.51 262.26 44.70 0.40
0.00 5513.82
474.40 -13.06 -17.42 -37.26 323.12 263.90 51.18 0.30
0.00 6139.13
438.30 -17.56 -21.05 -40.73 324.50 266.63 56.24 0.30
0.00 6736.59
405.60 -22.56 -24.95 -39.40 325.50 264.31 56.80 0.30
0.00 7311.10
375.90 -26.86 -28.83 -45.75 326.42 261.65 49.48 0.20
0.00 7864.19
349.10 -30.86 -32.45 -51.09 327.70 255.29 44.39 0.10
0.00 8393.13
324.90 -35.16 -36.29 -52.61 328.52 249.68 44.74 0.10
0.00 8898.15
302.90 -38.96 -39.80 -55.29 329.73 250.28 46.64 0.00
0.00 9382.71
283.10 -41.96 -42.67 -60.31 331.73 249.52 48.31 0.00
0.00 9843.18
265.30 -44.76 -45.33 -63.02 333.81 244.24 49.61 0.00
0.00 10279.99
248.60 -47.46 -47.91 -63.51 336.05 243.82 51.52 0.00
0.00 10712.08
233.50 -49.06 -49.48 -66.97 339.65 248.07 49.42 0.00
0.00 11124.58
219.60 -50.16 -50.55 -67.41 343.96 248.42 45.96 0.00
0.00 11526.18
205.60 -51.76 -52.13 -72.72 347.94 246.14 44.17 0.00
0.00 11954.63
191.70 -54.16 -54.45 -73.19 351.12 245.37 43.80 0.00
0.00 12405.80
177.70 -56.96 -57.18 -73.70 354.22 244.55 44.76 0.00
0.00 12888.81
163.80 -59.46 -9999.00 -9999.00 -9999.00 244.07 47.09 0.00
0.00 13401.27
149.80 -61.56 -9999.00 -9999.00 -9999.00 243.87 45.86 0.00
0.00 13957.37
135.90 -63.56 -9999.00 -9999.00 -9999.00 241.96 40.50 0.00
0.00 14557.66
121.90 -66.26 -9999.00 -9999.00 -9999.00 234.98 34.87 0.00
0.00 15220.35
108.00 -67.16 -9999.00 -9999.00 -9999.00 227.65 29.70 0.00
0.00 15951.95
94.00 -66.66 -9999.00 -9999.00 -9999.00 206.38 26.67 0.00
0.00 16790.10
81.00 -66.16 -9999.00 -9999.00 -9999.00 195.95 24.05 0.00
0.00 17690.85
70.60 -65.46 -9999.00 -9999.00 -9999.00 202.89 18.98 0.00
0.00 18524.86
62.20 -62.56 -9999.00 -9999.00 -9999.00 205.39 12.68 0.00
0.00 19300.34
54.30 -63.86 -9999.00 -9999.00 -9999.00 177.23 12.06 0.00
0.00 20135.06
46.90 -62.26 -9999.00 -9999.00 -9999.00 186.34 5.28 0.00
0.00 21036.02
40.10 -62.46 -9999.00 -9999.00 -9999.00 102.99 2.58 0.00
0.00 22002.51
33.80 -61.86 -9999.00 -9999.00 -9999.00 83.29 6.64 0.00
0.00 23058.08
27.80 -60.66 -9999.00 -9999.00 -9999.00 90.00 2.14 0.00
0.00 24270.17
22.30 -60.36 -9999.00 -9999.00 -9999.00 286.39 3.44 0.00
0.00 25642.31
17.10 -56.06 -9999.00 -9999.00 -9999.00 257.62 8.16 0.00
0.00 27312.78
12.30 -50.06 -9999.00 -9999.00 -9999.00 251.81 14.32 0.00
0.00 29435.39

STID = MOR STNM = 819 TIME = 221026/2200 
SLAT = 36.17 SLON = -83.40 SELV = 409.0
STIM = 10

SHOW = 14.19 LIFT = 15.68 SWET = 113.25 KINX = -4.31
LCLP = 887.39 PWAT = 15.36 TOTL = 27.35 CAPE = 0.42
LCLT = 278.21 CINS = -0.13 EQLV = 873.06 LFCT = 883.17
BRCH = 0.01

PRES TMPC TMWC DWPC THTE DRCT SKNT OMEG
CFRL HGHT
966.60 11.94 8.96 6.30 305.69 313.96 7.56 0.00
0.00 418.53
963.70 11.54 8.73 6.21 305.46 311.73 9.63 0.00
0.00 443.68
958.40 10.94 8.41 6.11 305.27 311.38 10.88 0.00
0.00 489.76
949.30 10.14 7.95 5.94 305.20 310.18 11.44 0.00
0.00 569.28
935.90 9.04 7.32 5.72 305.23 310.29 11.71 0.10
0.00 687.37
918.70 7.44 6.43 5.45 305.11 309.69 11.87 0.20
0.00 840.73
898.20 5.64 5.39 5.10 305.08 309.69 11.87 0.20
0.00 1026.17
875.80 4.14 4.10 4.00 304.78 308.21 11.62 0.30
100.00 1232.46
851.60 3.84 3.81 3.73 307.07 306.67 11.38 0.30
88.00 1460.58
824.70 6.34 4.62 2.96 312.41 307.02 14.84 0.30
7.00 1722.91
794.90 7.34 3.83 0.24 314.46 311.68 18.98 0.30
0.00 2025.52
762.50 6.54 1.86 -3.62 314.21 314.23 20.34 0.40
0.00 2367.60
727.30 5.54 -0.76 -10.18 313.10 304.25 22.09 0.50
0.00 2754.59
689.50 4.84 -3.11 -19.39 313.25 283.93 25.02 0.60
0.00 3189.91
648.80 3.54 -4.91 -26.33 315.57 271.57 28.38 0.60
0.00 3684.12
605.40 0.74 -7.07 -28.96 318.24 266.76 30.94 0.60
0.00 4242.24
559.50 -3.36 -10.12 -32.23 320.20 263.76 37.51 0.50
0.00 4869.83
514.90 -7.96 -13.59 -35.58 321.94 260.21 44.54 0.40
0.00 5520.42
474.70 -13.16 -17.31 -34.60 323.30 262.36 48.21 0.40
0.00 6145.39
438.50 -17.96 -21.05 -35.88 324.53 261.69 52.41 0.30
0.00 6743.64
405.80 -22.76 -25.14 -40.04 325.12 260.61 53.55 0.30
0.00 7317.22
376.10 -27.06 -28.99 -45.74 326.10 259.99 50.29 0.20
0.00 7869.58
349.20 -31.06 -32.57 -49.51 327.48 253.18 43.63 0.10
0.00 8399.85
324.90 -35.06 -36.23 -53.60 328.62 247.28 42.75 0.10
0.00 8906.77
303.00 -38.96 -39.83 -56.55 329.66 249.73 45.98 0.10
0.00 9389.16
283.20 -42.16 -42.85 -60.31 331.41 249.50 47.71 0.10
0.00 9849.27
265.30 -44.86 -45.43 -63.02 333.67 244.76 48.76 0.10
0.00 10288.16
248.60 -47.26 -47.74 -66.52 336.30 245.15 49.46 0.10
0.00 10720.35
233.50 -48.76 -49.19 -66.97 340.11 247.77 48.27 0.10
0.00 11133.31
219.60 -49.96 -50.36 -67.41 344.27 248.20 47.07 0.10
0.00 11535.36
205.60 -51.56 -51.93 -72.72 348.25 247.57 45.80 0.10
0.00 11964.19
191.70 -53.86 -54.16 -73.19 351.60 246.90 43.08 0.00
0.00 12415.88
177.70 -56.66 -56.89 -73.70 354.71 244.37 42.66 0.00
0.00 12899.55
163.80 -59.56 -59.73 -74.24 358.20 242.77 45.01 0.00
0.00 13412.25
149.80 -62.06 -9999.00 -9999.00 -9999.00 243.43 45.18 0.00
0.00 13967.57
135.90 -63.76 -9999.00 -9999.00 -9999.00 241.94 40.05 0.00
0.00 14566.86
121.90 -65.86 -9999.00 -9999.00 -9999.00 235.43 34.91 0.00
0.00 15229.87
108.00 -67.46 -9999.00 -9999.00 -9999.00 228.95 29.88 0.00
0.00 15961.65
94.00 -67.16 -9999.00 -9999.00 -9999.00 213.81 26.18 0.00
0.00 16798.17
81.00 -66.36 -9999.00 -9999.00 -9999.00 203.96 24.86 0.00
0.00 17697.39
70.60 -65.36 -9999.00 -9999.00 -9999.00 209.60 19.66 0.00
0.00 18531.20
62.20 -62.26 -9999.00 -9999.00 -9999.00 208.86 10.86 0.00
0.00 19307.43
54.30 -63.86 -9999.00 -9999.00 -9999.00 176.99 11.09 0.00
0.00 20142.74
46.90 -62.06 -9999.00 -9999.00 -9999.00 163.07 4.66 0.00
0.00 21044.13
40.10 -63.06 -9999.00 -9999.00 -9999.00 102.72 6.18 0.00
0.00 22009.71
33.80 -62.56 -9999.00 -9999.00 -9999.00 97.85 5.69 0.00
0.00 23062.03
27.80 -61.36 -9999.00 -9999.00 -9999.00 285.26 2.21 0.00
0.00 24270.11
22.30 -61.16 -9999.00 -9999.00 -9999.00 280.95 6.14 0.00
0.00 25637.40
17.10 -55.16 -9999.00 -9999.00 -9999.00 249.30 9.34 0.00
0.00 27308.26
12.30 -49.36 -9999.00 -9999.00 -9999.00 249.33 10.99 0.00
0.00 29438.60

STID = MOR STNM = 819 TIME = 221026/2300 
SLAT = 36.17 SLON = -83.40 SELV = 409.0
STIM = 11

SHOW = 14.55 LIFT = 16.32 SWET = 107.61 KINX = -6.84
LCLP = 894.70 PWAT = 14.39 TOTL = 26.85 CAPE = 0.01
LCLT = 278.05 CINS = -0.35 EQLV = 876.20 LFCT = 881.16
BRCH = 0.00

PRES TMPC TMWC DWPC THTE DRCT SKNT OMEG
CFRL HGHT
968.20 11.24 8.52 6.04 304.45 324.46 6.68 0.00
0.00 418.49
965.30 10.94 8.34 5.95 304.33 322.13 8.86 0.00
0.00 443.54
960.00 10.44 8.06 5.85 304.25 320.48 10.08 0.00
0.00 489.45
950.90 9.64 7.60 5.69 304.19 320.06 10.90 0.00
0.00 568.69
937.40 8.54 6.96 5.46 304.21 319.94 11.17 0.10
0.00 687.25
920.20 7.04 6.11 5.19 304.19 320.57 11.32 0.10
0.00 840.10
899.60 5.24 5.05 4.82 304.14 320.57 11.32 0.20
8.00 1025.87
877.20 3.84 3.81 3.73 303.98 320.57 11.32 0.30
100.00 1231.56
853.00 3.54 3.50 3.41 306.20 321.04 11.73 0.20
100.00 1459.04
825.90 6.24 4.55 2.91 312.09 322.85 16.08 0.20
7.00 1722.72
796.10 7.64 3.34 -1.33 313.09 320.42 18.90 0.20
0.00 2024.93
763.60 6.54 0.54 -7.84 310.92 316.97 19.93 0.30
0.00 2367.58
728.40 5.24 -1.50 -12.72 311.24 302.98 21.78 0.40
0.00 2753.61
690.40 4.54 -3.53 -21.37 312.18 287.69 23.66 0.60
0.00 3190.07
649.70 3.64 -5.09 -29.58 314.94 275.55 28.11 0.70
0.00 3683.38
606.10 0.94 -6.94 -28.95 318.37 268.52 30.13 0.70
0.00 4243.64
560.10 -2.96 -10.02 -34.73 320.22 260.39 36.05 0.70
0.00 4872.56
515.40 -7.86 -13.31 -32.42 322.44 254.74 42.07 0.60
0.00 5524.56
475.00 -13.16 -17.17 -32.85 323.53 255.29 44.39 0.40
0.00 6152.30
438.80 -17.96 -21.12 -36.90 324.33 256.19 48.82 0.30
0.00 6750.16
406.00 -22.66 -25.14 -41.45 325.06 256.96 51.65 0.20
0.00 7325.26
376.20 -27.36 -29.16 -43.80 325.83 255.96 50.47 0.20
0.00 7879.04
349.30 -31.46 -32.87 -48.15 326.99 253.09 46.10 0.10
0.00 8408.41
325.00 -35.26 -36.42 -54.71 328.27 249.86 43.45 0.00
0.00 8914.56
303.00 -39.06 -39.94 -58.02 329.48 249.36 44.64 0.00
0.00 9398.75
283.20 -42.36 -43.04 -60.31 331.13 247.97 46.10 0.00
0.00 9858.57
265.30 -45.06 -45.61 -63.02 333.37 244.17 47.26 0.10
0.00 10297.08
248.60 -47.26 -47.72 -63.51 336.35 244.68 48.14 0.10
0.00 10729.08
233.50 -48.46 -48.91 -66.97 340.56 246.62 48.47 0.10
0.00 11142.32
219.60 -49.66 -50.10 -72.27 344.69 247.10 48.91 0.10
0.00 11544.90
205.60 -51.26 -51.65 -72.72 348.72 247.33 47.36 0.00
0.00 11974.31
191.70 -53.66 -53.97 -73.19 351.92 245.60 43.73 0.00
0.00 12426.51
177.70 -56.56 -56.79 -73.70 354.88 242.38 42.31 -0.10
0.00 12910.51
163.80 -59.76 -9999.00 -9999.00 -9999.00 240.67 43.22 -0.10
0.00 13423.09
149.80 -62.66 -9999.00 -9999.00 -9999.00 243.20 43.08 -0.10
0.00 13977.37
135.90 -64.36 -9999.00 -9999.00 -9999.00 242.55 39.18 0.00
0.00 14574.95
121.90 -65.86 -9999.00 -9999.00 -9999.00 235.36 35.88 0.00
0.00 15237.00
108.00 -67.96 -9999.00 -9999.00 -9999.00 230.86 32.30 0.00
0.00 15967.89
94.00 -67.26 -9999.00 -9999.00 -9999.00 217.59 27.70 0.00
0.00 16803.19
81.00 -66.16 -9999.00 -9999.00 -9999.00 209.54 26.79 0.00
0.00 17702.63
70.60 -64.26 -9999.00 -9999.00 -9999.00 212.01 20.16 0.00
0.00 18539.06
62.20 -61.36 -9999.00 -9999.00 -9999.00 205.08 10.08 0.00
0.00 19318.99
54.30 -63.46 -9999.00 -9999.00 -9999.00 189.25 8.47 0.00
0.00 20156.89
46.90 -62.16 -9999.00 -9999.00 -9999.00 111.80 2.10 0.00
0.00 21058.92
40.10 -63.86 -9999.00 -9999.00 -9999.00 85.36 7.21 0.00
0.00 22022.44
33.80 -63.66 -9999.00 -9999.00 -9999.00 131.19 2.06 0.00
0.00 23070.00
27.80 -62.46 -9999.00 -9999.00 -9999.00 283.57 5.79 0.00
0.00 24271.79
22.30 -60.26 -9999.00 -9999.00 -9999.00 277.77 8.62 0.00
0.00 25638.44
17.10 -53.86 -9999.00 -9999.00 -9999.00 254.54 9.48 0.00
0.00 27317.85
12.30 -48.56 -9999.00 -9999.00 -9999.00 254.41 8.66 0.00
0.00 29458.30

STID = MOR STNM = 819 TIME = 221027/0000 
SLAT = 36.17 SLON = -83.40 SELV = 409.0
STIM = 12

SHOW = 15.24 LIFT = 17.02 SWET = 101.52 KINX = -12.11
LCLP = 900.23 PWAT = 13.50 TOTL = 25.85 CAPE = 0.35
LCLT = 277.97 CINS = 0.00 EQLV = 880.24 LFCT = 901.38
BRCH = 0.01

PRES TMPC TMWC DWPC THTE DRCT SKNT OMEG
CFRL HGHT
969.10 10.74 8.22 5.89 303.63 337.25 6.53 0.00
0.00 418.46
966.20 10.44 8.05 5.82 303.54 335.77 8.53 0.00
0.00 443.44
960.90 9.94 7.76 5.72 303.45 334.98 9.65 0.00
0.00 489.23
951.80 9.14 7.31 5.56 303.39 335.38 10.26 0.00
0.00 568.25
938.30 7.94 6.62 5.33 303.31 334.86 10.51 0.10
0.00 686.47
921.10 6.44 5.75 5.04 303.26 336.25 10.61 0.20
0.00 838.84
900.50 4.64 4.63 4.57 303.09 337.62 10.72 0.30
38.00 1024.01
878.00 3.54 3.52 3.44 303.23 338.59 10.64 0.30
100.00 1230.07
853.80 3.14 3.11 3.02 305.22 346.81 12.76 0.20
100.00 1457.04
826.70 5.64 3.91 2.16 310.46 340.25 16.10 0.20
8.00 1719.96
796.90 7.44 2.32 -3.93 310.51 326.31 17.50 0.20
0.00 2021.34
764.30 6.44 -0.34 -11.15 308.79 319.14 19.00 0.30
0.00 2364.38
729.10 5.04 -1.87 -14.02 310.31 306.43 20.28 0.50
0.00 2749.75
691.00 4.84 -3.86 -26.30 311.25 290.11 23.17 0.60
0.00 3186.96
650.20 3.94 -4.86 -28.77 315.35 278.91 26.34 0.70
0.00 3681.56
606.50 1.14 -6.78 -28.40 318.65 267.60 27.80 0.80
0.00 4243.22
560.50 -2.66 -9.88 -35.60 320.41 255.49 34.11 0.70
0.00 4872.29
515.70 -7.76 -13.16 -31.41 322.69 248.25 39.32 0.60
0.00 5525.82
475.30 -12.96 -17.11 -33.91 323.54 247.36 41.88 0.40
0.00 6153.53
438.90 -17.96 -21.20 -38.03 324.16 250.04 46.10 0.30
0.00 6754.66
406.10 -22.66 -25.14 -41.45 325.03 251.28 49.03 0.20
0.00 7329.61
376.30 -27.46 -29.22 -43.37 325.71 250.57 49.65 0.10
0.00 7883.14
349.40 -31.86 -33.19 -47.53 326.46 251.64 47.47 0.10
0.00 8411.83
325.10 -35.56 -36.67 -53.59 327.87 250.46 44.74 0.10
0.00 8917.09
303.10 -38.96 -39.85 -58.01 329.59 248.53 44.04 0.10
0.00 9400.93
283.20 -42.36 -43.04 -60.31 331.13 246.57 44.46 0.10
0.00 9863.08
265.30 -45.16 -45.68 -60.82 333.27 244.54 45.18 0.10
0.00 10301.50
248.60 -47.26 -47.72 -63.51 336.35 244.30 46.13 0.10
0.00 10733.41
233.50 -48.46 -48.91 -66.97 340.56 245.24 46.85 0.10
0.00 11146.65
219.60 -49.56 -50.00 -72.27 344.84 247.33 47.36 0.10
0.00 11549.32
205.60 -51.36 -51.74 -72.72 348.56 248.02 45.67 0.00
0.00 11978.73
191.70 -53.76 -54.07 -73.19 351.76 244.70 43.18 0.00
0.00 12430.72
177.70 -56.56 -56.79 -73.70 354.88 240.58 41.92 0.00
0.00 12914.62
163.80 -59.76 -9999.00 -9999.00 -9999.00 238.95 42.17 -0.10
0.00 13427.19
149.80 -62.56 -9999.00 -9999.00 -9999.00 240.39 40.89 -0.10
0.00 13981.60
135.90 -64.46 -9999.00 -9999.00 -9999.00 240.63 37.22 0.00
0.00 14579.18
121.90 -65.86 -9999.00 -9999.00 -9999.00 235.96 35.39 0.00
0.00 15241.07
108.00 -67.76 -9999.00 -9999.00 -9999.00 232.94 34.81 0.00
0.00 15972.32
94.00 -67.26 -9999.00 -9999.00 -9999.00 222.56 29.00 0.00
0.00 16808.03
81.00 -66.46 -9999.00 -9999.00 -9999.00 213.80 27.58 0.00
0.00 17706.82
70.60 -64.56 -9999.00 -9999.00 -9999.00 216.98 19.70 0.00
0.00 18542.04
62.20 -62.06 -9999.00 -9999.00 -9999.00 202.71 9.05 0.00
0.00 19320.11
54.30 -63.76 -9999.00 -9999.00 -9999.00 189.46 5.91 0.00
0.00 20156.02
46.90 -62.36 -9999.00 -9999.00 -9999.00 98.97 3.73 0.00
0.00 21056.98
40.10 -63.76 -9999.00 -9999.00 -9999.00 96.20 8.99 0.00
0.00 22020.27
33.80 -63.06 -9999.00 -9999.00 -9999.00 191.31 2.97 0.00
0.00 23069.58
27.80 -61.86 -9999.00 -9999.00 -9999.00 284.83 6.84 0.00
0.00 24274.80
22.30 -58.36 -9999.00 -9999.00 -9999.00 285.95 9.91 0.00
0.00 25649.52
17.10 -53.16 -9999.00 -9999.00 -9999.00 284.80 10.64 0.00
0.00 27339.03
12.30 -48.26 -9999.00 -9999.00 -9999.00 276.98 9.60 0.00
0.00 29484.31

STID = MOR STNM = 819 TIME = 221027/0100 
SLAT = 36.17 SLON = -83.40 SELV = 409.0
STIM = 13

SHOW = 15.73 LIFT = 17.32 SWET = 101.17 KINX = -16.12
LCLP = 906.05 PWAT = 12.83 TOTL = 25.10 CAPE = 0.00
LCLT = 278.08 CINS = -0.15 EQLV = 898.62 LFCT = 901.15
BRCH = 0.00

PRES TMPC TMWC DWPC THTE DRCT SKNT OMEG
CFRL HGHT
969.20 10.34 8.05 5.91 303.21 342.12 6.33 0.00
0.00 419.31
966.40 10.04 7.86 5.82 303.08 341.57 7.98 0.00
0.00 443.39
961.00 9.54 7.59 5.74 303.03 342.35 8.97 0.00
0.00 489.96
951.90 8.74 7.13 5.58 302.97 342.30 9.58 0.10
0.00 568.87
938.50 7.64 6.50 5.38 303.01 342.98 9.95 0.20
0.00 686.04
921.20 6.14 5.62 5.06 302.94 344.65 10.28 0.30
0.00 839.11
900.60 4.54 4.50 4.40 302.77 348.49 10.70 0.50
98.00 1024.13
878.20 3.54 3.50 3.40 303.16 355.73 13.05 0.50
100.00 1229.20
853.90 2.94 2.90 2.80 304.74 359.30 15.93 0.50
100.00 1456.98
826.80 5.04 3.27 1.40 308.95 351.47 15.71 0.50
9.00 1719.45
797.00 6.94 1.40 -6.04 308.38 328.44 15.97 0.50
0.00 2020.13
764.40 6.14 -1.03 -13.72 307.23 320.53 17.11 0.50
0.00 2362.54
729.20 5.14 -2.54 -18.26 308.76 305.54 18.38 0.60
0.00 2747.61
691.10 5.24 -3.83 -28.92 311.22 288.59 22.55 0.60
0.00 3185.06
650.30 3.94 -4.62 -25.84 315.92 277.29 24.48 0.60
0.00 3679.95
606.60 1.14 -6.76 -28.22 318.67 263.24 26.40 0.60
0.00 4241.55
560.50 -2.56 -9.76 -34.45 320.67 249.96 32.87 0.50
0.00 4872.06
515.70 -7.66 -13.24 -33.30 322.49 240.33 36.89 0.30
0.00 5525.82
475.30 -12.86 -17.20 -36.10 323.34 241.21 40.35 0.20
0.00 6153.74
439.00 -17.96 -21.25 -38.95 324.03 246.93 44.13 0.10
0.00 6753.24
406.20 -22.86 -25.30 -41.45 324.75 245.73 47.73 0.10
0.00 7327.83
376.30 -27.56 -29.34 -44.25 325.50 245.76 49.20 0.10
0.00 7882.81
349.40 -31.96 -33.28 -47.53 326.33 247.04 48.31 0.10
0.00 8411.27
325.10 -35.76 -36.82 -52.60 327.63 246.96 45.16 0.10
0.00 8916.21
303.10 -39.06 -39.94 -58.01 329.45 245.41 42.95 0.10
0.00 9399.75
283.20 -42.46 -43.13 -60.31 330.98 246.90 43.08 0.00
0.00 9861.71
265.30 -45.26 -45.78 -60.82 333.12 244.58 43.45 0.00
0.00 10299.94
248.60 -47.26 -47.72 -63.51 336.35 242.76 44.56 0.00
0.00 10731.74
233.50 -48.36 -48.84 -71.85 340.67 244.21 45.09 0.00
0.00 11145.08
219.60 -49.66 -50.10 -72.27 344.69 247.44 43.55 0.00
0.00 11547.75
205.60 -51.66 -52.03 -72.72 348.09 246.94 41.16 0.00
0.00 11976.77
191.70 -53.86 -54.16 -73.19 351.60 242.44 39.88 0.00
0.00 12428.36
177.70 -56.56 -56.79 -73.70 354.88 236.99 41.01 0.00
0.00 12912.14
163.80 -59.66 -9999.00 -9999.00 -9999.00 237.33 42.46 0.00
0.00 13424.83
149.80 -62.46 -9999.00 -9999.00 -9999.00 239.82 41.34 0.00
0.00 13979.50
135.90 -64.76 -9999.00 -9999.00 -9999.00 240.58 38.36 0.00
0.00 14576.80
121.90 -66.06 -9999.00 -9999.00 -9999.00 238.56 35.74 0.00
0.00 15237.90
108.00 -67.56 -9999.00 -9999.00 -9999.00 233.45 34.58 0.00
0.00 15969.14
94.00 -67.96 -9999.00 -9999.00 -9999.00 227.44 29.00 0.00
0.00 16803.83
81.00 -66.96 -9999.00 -9999.00 -9999.00 213.91 28.55 0.00
0.00 17700.01
70.60 -64.66 -9999.00 -9999.00 -9999.00 219.33 18.08 0.00
0.00 18534.02
62.20 -62.56 -9999.00 -9999.00 -9999.00 196.93 9.34 0.00
0.00 19310.99
54.30 -64.26 -9999.00 -9999.00 -9999.00 172.41 5.89 0.00
0.00 20144.91
46.90 -63.36 -9999.00 -9999.00 -9999.00 126.03 5.28 0.00
0.00 21042.65
40.10 -64.36 -9999.00 -9999.00 -9999.00 108.43 8.61 0.00
0.00 22002.27
33.80 -63.16 -9999.00 -9999.00 -9999.00 197.10 2.64 0.00
0.00 23049.83
27.80 -61.16 -9999.00 -9999.00 -9999.00 309.29 5.52 0.00
0.00 24256.77
22.30 -56.66 -9999.00 -9999.00 -9999.00 331.07 8.43 0.00
0.00 25639.23
17.10 -51.66 -9999.00 -9999.00 -9999.00 322.93 10.96 0.00
0.00 27341.18
12.30 -47.86 -9999.00 -9999.00 -9999.00 286.11 9.09 0.00
0.00 29495.62

STID = MOR STNM = 819 TIME = 221027/0200 
SLAT = 36.17 SLON = -83.40 SELV = 409.0
STIM = 14

SHOW = 15.80 LIFT = 17.25 SWET = 101.91 KINX = -17.63
LCLP = 910.46 PWAT = 12.23 TOTL = 25.01 CAPE = 0.00
LCLT = 278.25 CINS = 0.00 EQLV = -9999.00 LFCT = -9999.00
BRCH = 0.00

PRES TMPC TMWC DWPC THTE DRCT SKNT OMEG
CFRL HGHT
969.50 10.14 8.00 6.01 303.07 344.58 5.85 0.00
0.00 419.30
966.60 9.84 7.83 5.94 302.98 344.48 7.26 0.00
0.00 444.22
961.30 9.34 7.54 5.84 302.89 343.30 8.12 0.00
0.00 489.89
952.20 8.54 7.09 5.70 302.85 344.41 8.66 0.10
0.00 568.71
938.70 7.44 6.46 5.48 302.89 345.38 9.23 0.20
0.00 686.65
921.40 5.94 5.57 5.16 302.81 348.69 9.91 0.30
0.00 839.58
900.90 4.64 4.62 4.55 303.02 358.21 12.43 0.40
55.00 1023.62
878.40 3.84 3.79 3.68 303.78 4.09 16.36 0.50
100.00 1229.71
854.10 2.94 2.92 2.85 304.77 6.07 18.36 0.60
100.00 1457.57
827.00 5.24 2.82 0.13 307.87 357.85 15.56 0.60
6.00 1720.04
797.20 6.84 0.47 -9.28 306.23 331.45 15.03 0.60
0.00 2020.59
764.70 6.04 -1.80 -18.08 305.44 321.10 14.22 0.60
0.00 2361.60
729.40 5.64 -2.86 -23.25 307.88 302.01 16.49 0.60
0.00 2747.79
691.30 5.54 -3.64 -28.71 311.56 286.65 21.70 0.60
0.00 3185.69
650.50 3.74 -4.58 -24.26 316.03 273.48 22.38 0.50
0.00 3680.54
606.80 0.84 -6.95 -28.39 318.25 256.97 24.13 0.30
0.00 4241.47
560.70 -2.86 -9.93 -34.17 320.32 243.76 30.75 0.20
0.00 4871.08
515.80 -7.66 -13.37 -35.29 322.18 235.78 35.24 0.10
0.00 5525.73
475.40 -12.86 -17.25 -36.94 323.21 241.03 39.30 0.00
0.00 6153.50
439.00 -18.06 -21.29 -38.32 323.98 242.97 43.18 0.00
0.00 6754.47
406.20 -22.96 -25.35 -41.08 324.66 241.98 47.96 0.00
0.00 7328.84
376.40 -27.76 -29.49 -43.80 325.25 241.71 49.18 0.10
0.00 7881.56
349.40 -32.16 -33.43 -46.96 326.09 243.02 48.39 0.10
0.00 8411.48
325.10 -36.06 -37.06 -51.70 327.26 244.53 45.61 0.20
0.00 8915.90
303.10 -39.16 -40.03 -58.01 329.31 242.96 41.88 0.20
0.00 9399.03
283.20 -42.46 -43.13 -60.31 330.98 244.50 41.96 0.10
0.00 9860.89
265.30 -45.06 -45.59 -60.82 333.42 242.50 42.48 0.10
0.00 10299.31
248.60 -46.86 -47.34 -63.51 336.94 241.37 43.38 0.00
0.00 10731.68
233.50 -47.96 -48.46 -71.85 341.27 243.21 43.53 0.00
0.00 11145.75
219.60 -49.66 -50.10 -72.27 344.69 245.62 40.95 -0.10
0.00 11548.78
205.60 -51.96 -52.32 -72.72 347.62 244.35 38.15 -0.10
0.00 11977.51
191.70 -54.36 -54.65 -73.19 350.80 239.96 37.26 -0.10
0.00 12428.28
177.70 -57.06 -57.28 -73.70 354.06 235.30 39.92 -0.10
0.00 12910.95
163.80 -59.86 -9999.00 -9999.00 -9999.00 237.41 42.19 -0.10
0.00 13422.81
149.80 -62.56 -9999.00 -9999.00 -9999.00 241.65 41.72 0.00
0.00 13977.09
135.90 -64.66 -9999.00 -9999.00 -9999.00 241.25 38.77 0.00
0.00 14574.38
121.90 -66.16 -9999.00 -9999.00 -9999.00 238.93 36.52 0.00
0.00 15235.48
108.00 -67.26 -9999.00 -9999.00 -9999.00 232.33 33.37 0.00
0.00 15967.08
94.00 -68.06 -9999.00 -9999.00 -9999.00 231.46 28.07 0.00
0.00 16802.18
81.00 -66.96 -9999.00 -9999.00 -9999.00 219.91 26.34 0.00
0.00 17698.14
70.60 -63.96 -9999.00 -9999.00 -9999.00 224.47 14.98 0.00
0.00 18533.56
62.20 -62.76 -9999.00 -9999.00 -9999.00 185.57 8.00 0.00
0.00 19311.45
54.30 -64.76 -9999.00 -9999.00 -9999.00 138.12 7.56 0.00
0.00 20143.98
46.90 -64.06 -9999.00 -9999.00 -9999.00 128.00 7.89 0.00
0.00 21039.15
40.10 -64.36 -9999.00 -9999.00 -9999.00 120.07 8.53 0.00
0.00 21997.16
33.80 -62.46 -9999.00 -9999.00 -9999.00 205.20 3.65 0.00
0.00 23046.48
27.80 -60.76 -9999.00 -9999.00 -9999.00 322.70 5.13 0.00
0.00 24256.56
22.30 -57.66 -9999.00 -9999.00 -9999.00 354.56 8.20 0.00
0.00 25637.09
17.10 -53.26 -9999.00 -9999.00 -9999.00 333.43 9.56 0.00
0.00 27328.93
12.30 -48.66 -9999.00 -9999.00 -9999.00 266.05 5.65 0.00
0.00 29471.80

STID = MOR STNM = 819 TIME = 221027/0300 
SLAT = 36.17 SLON = -83.40 SELV = 409.0
STIM = 15

SHOW = 16.01 LIFT = 16.99 SWET = 92.68 KINX = -18.58
LCLP = 915.68 PWAT = 11.63 TOTL = 24.80 CAPE = 0.00
LCLT = 278.48 CINS = 0.00 EQLV = -9999.00 LFCT = -9999.00
BRCH = 0.00

PRES TMPC TMWC DWPC THTE DRCT SKNT OMEG
CFRL HGHT
969.90 9.94 7.98 6.16 302.99 349.51 5.34 0.00
0.00 417.57
966.90 9.64 7.81 6.09 302.90 348.37 6.74 0.00
0.00 443.32
961.60 9.24 7.57 5.99 302.93 348.11 7.54 0.00
0.00 488.96
952.50 8.44 7.12 5.85 302.88 348.96 8.12 0.10
0.00 567.73
939.00 7.24 6.43 5.62 302.79 349.70 8.68 0.10
0.00 685.58
921.70 5.94 5.62 5.26 302.89 354.40 9.95 0.20
3.00 838.41
901.10 4.84 4.81 4.72 303.41 5.04 13.27 0.30
58.00 1023.37
878.60 3.94 3.90 3.80 304.00 11.31 16.84 0.40
100.00 1229.52
854.30 2.84 2.76 2.62 304.39 13.88 17.81 0.50
89.00 1457.33
827.20 5.64 2.15 -2.05 306.32 5.19 15.02 0.50
2.00 1719.82
797.40 7.04 -0.30 -13.34 304.45 342.32 14.06 0.50
0.00 2020.50
764.90 6.54 -2.14 -23.44 304.54 322.77 12.20 0.60
0.00 2361.73
729.60 6.24 -2.94 -28.34 307.53 303.88 16.38 0.70
0.00 2748.49
691.50 5.54 -3.57 -27.72 311.71 288.08 20.03 0.70
0.00 3186.71
650.70 3.44 -4.69 -23.73 315.79 268.28 19.42 0.60
0.00 3681.16
606.90 0.54 -7.13 -28.39 317.89 247.00 22.38 0.40
0.00 4242.63
560.80 -3.26 -10.17 -34.17 319.82 236.10 29.25 0.20
0.00 4871.32
515.90 -7.86 -13.53 -35.84 321.85 234.85 33.74 0.10
0.00 5525.11
475.50 -12.96 -17.28 -36.37 323.14 241.60 37.98 0.10
0.00 6152.40
439.10 -18.06 -21.33 -38.95 323.88 239.71 42.74 0.10
0.00 6753.12
406.30 -23.06 -25.41 -40.71 324.54 237.28 47.79 0.10
0.00 7327.23
376.40 -27.96 -29.61 -42.95 325.06 237.43 49.79 0.20
0.00 7881.41
349.50 -32.36 -33.60 -46.95 325.80 239.48 47.80 0.20
0.00 8408.87
325.10 -36.06 -37.06 -51.70 327.26 242.09 44.41 0.30
0.00 8915.07
303.10 -39.16 -40.03 -58.01 329.31 241.11 40.60 0.30
0.00 9398.20
283.30 -42.26 -42.95 -60.31 331.24 240.22 40.29 0.20
0.00 9857.86
265.30 -44.66 -45.22 -60.82 334.00 238.99 41.47 0.10
0.00 10299.22
248.60 -46.26 -46.80 -66.52 337.79 239.93 42.64 0.00
0.00 10732.55
233.50 -47.46 -47.99 -71.85 342.03 244.59 43.01 0.00
0.00 11147.62
219.60 -49.76 -50.19 -72.27 344.53 246.48 40.89 -0.10
0.00 11551.02
205.60 -52.26 -52.60 -72.72 347.15 243.96 37.63 -0.10
0.00 11979.36
191.70 -54.76 -55.03 -73.19 350.16 240.56 36.36 0.00
0.00 12429.41
177.70 -57.36 -57.57 -73.70 353.56 237.35 38.52 0.00
0.00 12911.31
163.80 -60.06 -9999.00 -9999.00 -9999.00 240.05 41.24 0.00
0.00 13422.57
149.80 -62.46 -9999.00 -9999.00 -9999.00 243.31 41.08 0.00
0.00 13976.72
135.90 -64.46 -9999.00 -9999.00 -9999.00 240.58 38.36 0.00
0.00 14574.44
121.90 -65.96 -9999.00 -9999.00 -9999.00 237.39 37.12 0.00
0.00 15236.18
108.00 -67.16 -9999.00 -9999.00 -9999.00 231.61 32.23 0.00
0.00 15968.31
94.00 -67.66 -9999.00 -9999.00 -9999.00 234.07 26.15 0.00
0.00 16804.42
81.00 -66.16 -9999.00 -9999.00 -9999.00 224.35 24.18 0.00
0.00 17702.99
70.60 -63.06 -9999.00 -9999.00 -9999.00 226.22 12.92 0.00
0.00 18541.83
62.20 -62.56 -9999.00 -9999.00 -9999.00 174.92 8.78 0.00
0.00 19321.76
54.30 -64.36 -9999.00 -9999.00 -9999.00 146.31 9.11 0.00
0.00 20155.48
46.90 -63.46 -9999.00 -9999.00 -9999.00 148.30 7.77 0.00
0.00 21052.80
40.10 -63.76 -9999.00 -9999.00 -9999.00 146.31 4.20 0.00
0.00 22013.56
33.80 -61.96 -9999.00 -9999.00 -9999.00 270.00 5.44 0.00
0.00 23065.63
27.80 -60.96 -9999.00 -9999.00 -9999.00 330.07 7.40 0.00
0.00 24276.57
22.30 -57.96 -9999.00 -9999.00 -9999.00 353.66 7.03 0.00
0.00 25655.48
17.10 -53.66 -9999.00 -9999.00 -9999.00 337.29 9.05 0.00
0.00 27344.61
12.30 -49.16 -9999.00 -9999.00 -9999.00 214.99 7.11 0.00
0.00 29483.14

STID = MOR STNM = 819 TIME = 221027/0400 
SLAT = 36.17 SLON = -83.40 SELV = 409.0
STIM = 16

SHOW = 16.92 LIFT = 16.98 SWET = 70.08 KINX = -19.50
LCLP = 919.12 PWAT = 10.93 TOTL = 23.42 CAPE = 0.00
LCLT = 278.69 CINS = 0.00 EQLV = -9999.00 LFCT = -9999.00
BRCH = 0.00

PRES TMPC TMWC DWPC THTE DRCT SKNT OMEG
CFRL HGHT
969.70 9.84 8.02 6.32 303.09 355.76 5.26 0.00
0.00 420.14
967.00 9.54 7.85 6.26 302.98 354.96 6.62 0.00
0.00 443.31
961.60 9.14 7.60 6.15 303.00 355.36 7.21 0.00
0.00 489.79
952.50 8.34 7.16 6.02 302.97 355.71 7.79 0.10
0.00 568.54
939.00 7.24 6.50 5.76 302.96 357.40 8.55 0.20
0.00 686.37
921.70 6.04 5.70 5.33 303.08 5.39 10.33 0.20
2.00 839.23
901.10 4.84 4.81 4.72 303.41 16.06 13.34 0.30
70.00 1024.23
878.60 3.64 3.62 3.55 303.39 22.73 15.58 0.40
100.00 1230.26
854.30 2.94 2.21 1.35 303.19 27.16 16.59 0.50
39.00 1457.95
827.20 6.34 1.23 -5.90 304.21 16.86 13.40 0.60
0.00 1720.70
797.50 7.64 -0.99 -20.18 302.78 349.05 12.28 0.60
0.00 2020.89
765.00 7.14 -2.15 -27.83 304.37 321.79 11.62 0.60
0.00 2362.70
729.70 6.84 -2.78 -31.46 307.74 307.01 15.81 0.70
0.00 2750.20
691.60 5.74 -3.30 -25.79 312.29 286.21 17.40 0.60
0.00 3188.98
650.70 3.54 -4.61 -23.47 315.98 257.54 17.11 0.40
0.00 3684.89
607.00 0.34 -7.29 -28.93 317.54 236.58 22.57 0.20
0.00 4244.93
560.80 -3.56 -10.30 -33.15 319.61 231.99 29.33 0.00
0.00 4874.35
516.00 -7.86 -13.45 -34.49 322.01 236.31 33.62 0.00
0.00 5526.29
475.50 -13.06 -17.30 -35.57 323.13 239.79 38.21 0.00
0.00 6154.96
439.10 -18.16 -21.38 -38.63 323.79 238.21 43.88 0.00
0.00 6755.46
406.30 -23.16 -25.47 -40.37 324.45 235.28 47.75 0.00
0.00 7329.34
376.40 -28.16 -29.75 -42.55 324.83 234.22 48.83 0.10
0.00 7883.18
349.50 -32.36 -33.60 -46.95 325.80 235.91 46.45 0.20
0.00 8410.43
325.10 -35.86 -36.93 -53.59 327.46 239.86 41.78 0.20
0.00 8916.84
303.10 -39.06 -39.94 -58.01 329.45 239.04 39.65 0.10
0.00 9400.27
283.30 -42.16 -42.85 -60.31 331.38 237.81 39.02 0.10
0.00 9860.13
265.30 -44.46 -45.03 -60.82 334.29 236.69 40.68 0.00
0.00 10301.78
248.60 -45.96 -46.52 -66.52 338.24 240.95 42.00 0.00
0.00 10735.59
233.50 -47.26 -47.80 -71.85 342.33 247.82 43.22 0.00
0.00 11151.12
219.60 -49.76 -50.19 -72.27 344.53 248.30 40.99 0.00
0.00 11554.69
205.60 -52.16 -52.51 -72.72 347.31 244.22 37.98 0.00
0.00 11983.13
191.70 -54.66 -54.94 -73.19 350.32 241.53 36.67 0.10
0.00 12433.39
177.70 -57.16 -9999.00 -9999.00 -9999.00 240.97 38.44 0.10
0.00 12915.62
163.80 -59.76 -9999.00 -9999.00 -9999.00 245.38 41.03 0.10
0.00 13427.47
149.80 -62.36 -9999.00 -9999.00 -9999.00 248.30 40.99 0.10
0.00 13982.14
135.90 -64.76 -9999.00 -9999.00 -9999.00 242.52 37.88 0.00
0.00 14579.58
121.90 -66.16 -9999.00 -9999.00 -9999.00 236.31 36.42 0.00
0.00 15240.52
108.00 -67.56 -9999.00 -9999.00 -9999.00 233.90 31.97 0.00
0.00 15971.59
94.00 -68.06 -9999.00 -9999.00 -9999.00 234.07 26.15 0.00
0.00 16806.08
81.00 -66.56 -9999.00 -9999.00 -9999.00 227.24 24.61 0.00
0.00 17702.90
70.60 -63.66 -9999.00 -9999.00 -9999.00 228.96 13.91 0.00
0.00 18539.73
62.20 -63.16 -9999.00 -9999.00 -9999.00 176.76 10.31 0.00
0.00 19317.44
54.30 -64.36 -9999.00 -9999.00 -9999.00 160.87 10.08 0.00
0.00 20149.97
46.90 -63.26 -9999.00 -9999.00 -9999.00 159.90 8.49 0.00
0.00 21047.71
40.10 -63.46 -9999.00 -9999.00 -9999.00 180.00 3.11 0.00
0.00 22009.62
33.80 -61.46 -9999.00 -9999.00 -9999.00 298.30 5.73 0.00
0.00 23063.69
27.80 -60.56 -9999.00 -9999.00 -9999.00 355.60 7.60 0.00
0.00 24277.20
22.30 -58.16 -9999.00 -9999.00 -9999.00 356.73 6.82 0.00
0.00 25656.76
17.10 -54.86 -9999.00 -9999.00 -9999.00 1.55 7.19 0.00
0.00 27340.44
12.30 -49.86 -9999.00 -9999.00 -9999.00 182.56 13.03 0.00
0.00 29469.81

STID = MOR STNM = 819 TIME = 221027/0500 
SLAT = 36.17 SLON = -83.40 SELV = 409.0
STIM = 17

SHOW = 17.55 LIFT = 17.05 SWET = 63.47 KINX = -20.73
LCLP = 922.28 PWAT = 10.36 TOTL = 22.29 CAPE = 1.02
LCLT = 278.91 CINS = -0.07 EQLV = 875.82 LFCT = 907.16
BRCH = 0.03

PRES TMPC TMWC DWPC THTE DRCT SKNT OMEG
CFRL HGHT
969.20 9.74 8.05 6.48 303.22 358.15 6.02 0.00
0.00 418.43
966.30 9.44 7.87 6.41 303.12 358.49 7.38 0.00
0.00 443.32
961.00 9.04 7.63 6.31 303.15 358.64 8.16 0.00
0.00 488.96
951.80 8.24 7.18 6.15 303.09 360.00 8.74 0.10
0.00 568.60
938.40 7.14 6.51 5.87 303.04 2.34 9.52 0.20
0.00 685.60
921.10 5.84 5.56 5.23 302.81 13.35 11.77 0.20
1.00 838.48
900.50 4.44 4.41 4.33 302.59 22.75 13.05 0.30
100.00 1023.39
878.00 3.24 3.20 3.11 302.54 27.68 13.38 0.40
100.00 1229.25
853.80 3.44 1.74 -0.32 302.23 34.99 14.22 0.50
12.00 1456.13
826.70 6.94 0.40 -10.35 302.36 22.69 11.58 0.50
0.00 1719.44
797.00 7.94 -1.34 -25.80 301.94 348.69 10.90 0.50
0.00 2020.19
764.50 7.24 -2.17 -28.95 304.37 317.94 10.72 0.50
0.00 2362.42
729.30 6.74 -2.92 -33.25 307.47 307.03 13.87 0.50
0.00 2749.04
691.20 5.34 -3.50 -25.48 311.96 286.35 15.19 0.30
0.00 3187.66
650.40 3.04 -4.82 -22.86 315.61 252.01 15.73 0.10
0.00 3681.83
606.70 -0.36 -7.62 -27.88 316.97 233.86 21.41 0.00
0.00 4240.94
560.60 -4.06 -10.56 -32.44 319.15 233.77 27.93 0.00
0.00 4867.89
515.80 -8.06 -13.57 -34.25 321.84 238.35 33.31 0.10
0.00 5519.22
475.30 -13.26 -17.46 -35.84 322.88 237.32 39.92 0.20
0.00 6147.67
439.00 -18.46 -21.60 -38.63 323.43 235.90 45.05 0.10
0.00 6746.12
406.20 -23.36 -25.69 -41.45 324.10 233.89 47.13 0.10
0.00 7319.57
376.40 -28.16 -29.80 -43.37 324.76 230.89 46.81 0.10
0.00 7871.40
349.40 -32.36 -33.62 -47.53 325.79 231.38 44.50 0.10
0.00 8400.67
325.10 -35.76 -36.84 -53.59 327.59 236.92 40.58 0.00
0.00 8905.19
303.10 -39.16 -40.03 -58.01 329.31 238.02 39.61 0.00
0.00 9388.62
283.20 -42.36 -43.01 -58.55 331.17 237.60 38.42 0.00
0.00 9850.58
265.30 -44.46 -45.03 -60.82 334.29 236.31 40.62 0.00
0.00 10289.67
248.60 -46.06 -46.61 -66.52 338.09 240.61 42.37 0.00
0.00 10723.38
233.50 -47.46 -47.99 -71.85 342.03 246.46 42.79 0.00
0.00 11138.64
219.60 -49.66 -50.10 -72.27 344.69 246.35 39.24 0.10
0.00 11542.12
205.60 -51.96 -52.32 -72.72 347.62 241.03 37.30 0.10
0.00 11970.85
191.70 -54.16 -54.45 -73.19 351.12 239.24 37.98 0.10
0.00 12421.82
177.70 -56.76 -9999.00 -9999.00 -9999.00 243.31 39.36 0.10
0.00 12905.05
163.80 -59.56 -9999.00 -9999.00 -9999.00 249.12 40.33 0.10
0.00 13417.62
149.80 -62.36 -9999.00 -9999.00 -9999.00 250.37 38.15 0.10
0.00 13972.56
135.90 -64.56 -9999.00 -9999.00 -9999.00 240.29 34.89 0.10
0.00 14570.28
121.90 -65.96 -9999.00 -9999.00 -9999.00 230.94 34.52 0.00
0.00 15231.85
108.00 -67.36 -9999.00 -9999.00 -9999.00 232.77 30.50 0.00
0.00 15963.63
94.00 -67.76 -9999.00 -9999.00 -9999.00 232.32 24.79 0.00
0.00 16799.13
81.00 -66.16 -9999.00 -9999.00 -9999.00 226.78 22.13 0.00
0.00 17697.49
70.60 -63.76 -9999.00 -9999.00 -9999.00 220.70 12.80 0.00
0.00 18534.92
62.20 -64.16 -9999.00 -9999.00 -9999.00 170.54 11.81 0.00
0.00 19310.59
54.30 -64.36 -9999.00 -9999.00 -9999.00 183.73 8.95 0.00
0.00 20141.13
46.90 -62.76 -9999.00 -9999.00 -9999.00 181.79 6.22 0.00
0.00 21039.94
40.10 -63.16 -9999.00 -9999.00 -9999.00 277.13 3.13 0.00
0.00 22003.69
33.80 -61.86 -9999.00 -9999.00 -9999.00 318.01 7.85 0.00
0.00 23057.51
27.80 -61.76 -9999.00 -9999.00 -9999.00 31.83 6.62 0.00
0.00 24266.45
22.30 -60.06 -9999.00 -9999.00 -9999.00 47.60 6.04 0.00
0.00 25636.00
17.10 -56.86 -9999.00 -9999.00 -9999.00 64.36 5.38 0.00
0.00 27304.53
12.30 -50.36 -9999.00 -9999.00 -9999.00 199.05 17.27 0.00
0.00 29421.84

STID = MOR STNM = 819 TIME = 221027/0600 
SLAT = 36.17 SLON = -83.40 SELV = 409.0
STIM = 18

SHOW = 18.16 LIFT = 17.44 SWET = 58.96 KINX = -23.07
LCLP = 918.45 PWAT = 9.73 TOTL = 20.77 CAPE = 2.44
LCLT = 278.54 CINS = -0.04 EQLV = 875.50 LFCT = 909.34
BRCH = 0.06

PRES TMPC TMWC DWPC THTE DRCT SKNT OMEG
CFRL HGHT
969.60 9.74 7.90 6.18 302.82 4.76 7.01 0.00
0.00 418.42
966.70 9.44 7.72 6.09 302.71 6.34 8.80 0.00
0.00 443.31
961.40 8.94 7.42 5.96 302.59 6.84 9.79 0.00
0.00 488.91
952.30 8.24 6.97 5.73 302.55 8.43 10.61 0.20
0.00 567.63
938.80 7.04 6.19 5.33 302.26 11.89 11.31 0.30
0.00 685.41
921.50 5.64 5.21 4.73 301.98 17.57 12.22 0.40
0.00 838.12
900.90 4.04 4.01 3.93 301.67 22.96 12.45 0.50
100.00 1022.73
878.50 2.74 2.72 2.65 301.45 28.69 11.73 0.50
100.00 1227.21
854.20 4.24 1.30 -2.53 301.22 37.79 12.04 0.50
6.00 1454.98
827.20 7.54 -0.12 -14.73 301.08 20.07 10.76 0.50
0.00 1717.73
797.40 8.04 -1.48 -28.73 301.55 347.83 10.14 0.50
0.00 2019.63
764.90 7.24 -2.22 -29.91 304.19 317.49 9.48 0.50
0.00 2361.73
729.60 6.64 -3.06 -35.35 307.12 309.09 12.00 0.40
0.00 2749.18
691.50 5.04 -3.73 -26.12 311.45 289.49 13.38 0.30
0.00 3187.30
650.70 2.44 -5.11 -22.39 315.01 252.78 14.43 0.10
0.00 3680.44
606.90 -1.06 -7.93 -26.75 316.37 235.23 20.10 0.10
0.00 4239.30
560.80 -4.36 -10.78 -32.90 318.70 235.38 26.67 0.20
0.00 4864.89
515.90 -8.26 -13.71 -34.50 321.55 236.98 32.44 0.20
0.00 5516.88
475.40 -13.36 -17.57 -36.38 322.66 234.24 40.21 0.20
0.00 6144.83
439.10 -18.56 -21.72 -39.28 323.21 233.48 44.72 0.10
0.00 6742.92
406.30 -23.46 -25.77 -41.45 323.95 231.88 44.70 0.00
0.00 7316.00
376.40 -28.16 -29.82 -43.80 324.72 226.96 44.11 0.00
0.00 7869.50
349.50 -32.36 -33.64 -48.15 325.72 226.33 41.36 0.00
0.00 8396.73
325.10 -35.76 -36.84 -53.59 327.59 231.75 38.60 0.00
0.00 8903.26
303.10 -39.16 -40.03 -58.01 329.31 234.12 38.11 0.00
0.00 9386.69
283.30 -42.26 -42.92 -58.55 331.28 235.36 38.97 0.00
0.00 9846.34
265.30 -44.36 -44.91 -59.07 334.48 236.68 42.07 0.00
0.00 10288.00
248.60 -45.86 -46.43 -66.52 338.39 239.60 44.13 0.00
0.00 10722.00
233.50 -47.36 -47.89 -71.85 342.18 242.51 42.93 0.00
0.00 11137.53
219.60 -49.36 -49.81 -72.27 345.15 241.32 40.07 0.10
0.00 11541.37
205.60 -51.66 -52.03 -72.72 348.09 239.72 38.91 0.10
0.00 11970.68
191.70 -54.16 -54.45 -73.19 351.12 239.70 40.05 0.00
0.00 12421.96
177.70 -56.76 -56.99 -73.70 354.55 243.92 40.66 0.00
0.00 12905.19
163.80 -59.46 -9999.00 -9999.00 -9999.00 249.15 39.28 0.00
0.00 13417.88
149.80 -62.16 -9999.00 -9999.00 -9999.00 250.37 35.28 0.00
0.00 13973.20
135.90 -64.36 -9999.00 -9999.00 -9999.00 237.63 32.65 0.00
0.00 14571.50
121.90 -66.16 -9999.00 -9999.00 -9999.00 228.06 33.43 0.00
0.00 15233.07
108.00 -67.36 -9999.00 -9999.00 -9999.00 231.93 29.60 0.00
0.00 15964.49
94.00 -67.56 -9999.00 -9999.00 -9999.00 228.95 23.95 0.00
0.00 16800.40
81.00 -65.86 -9999.00 -9999.00 -9999.00 221.82 19.81 0.00
0.00 17699.85
70.60 -64.16 -9999.00 -9999.00 -9999.00 204.30 13.21 0.00
0.00 18537.08
62.20 -65.06 -9999.00 -9999.00 -9999.00 178.45 14.37 0.00
0.00 19310.34
54.30 -64.56 -9999.00 -9999.00 -9999.00 197.18 11.19 0.00
0.00 20138.69
46.90 -63.36 -9999.00 -9999.00 -9999.00 170.27 6.90 0.00
0.00 21035.79
40.10 -63.56 -9999.00 -9999.00 -9999.00 336.80 1.48 0.00
0.00 21997.24
33.80 -62.16 -9999.00 -9999.00 -9999.00 342.55 7.13 0.00
0.00 23049.31
27.80 -61.76 -9999.00 -9999.00 -9999.00 62.45 5.03 0.00
0.00 24257.39
22.30 -59.26 -9999.00 -9999.00 -9999.00 67.17 4.00 0.00
0.00 25629.53
17.10 -56.16 -9999.00 -9999.00 -9999.00 79.70 2.18 0.00
0.00 27303.88
12.30 -50.26 -9999.00 -9999.00 -9999.00 222.81 18.01 0.00
0.00 29425.06

STID = MOR STNM = 819 TIME = 221027/0700 
SLAT = 36.17 SLON = -83.40 SELV = 409.0
STIM = 19

SHOW = 18.59 LIFT = 17.80 SWET = 58.01 KINX = -24.68
LCLP = 912.52 PWAT = 9.26 TOTL = 19.51 CAPE = 2.44
LCLT = 277.90 CINS = -0.01 EQLV = 875.48 LFCT = 904.00
BRCH = 0.06

PRES TMPC TMWC DWPC THTE DRCT SKNT OMEG
CFRL HGHT
970.00 9.64 7.59 5.63 302.05 7.91 7.05 0.00
0.00 418.42
967.10 9.44 7.45 5.54 302.04 8.47 9.23 0.00
0.00 443.28
961.80 8.94 7.13 5.36 301.86 9.46 10.63 0.00
0.00 488.86
952.70 8.24 6.65 5.08 301.77 11.50 11.69 0.10
0.00 567.53
939.20 7.14 5.87 4.58 301.50 14.88 12.86 0.30
0.00 685.26
921.90 5.64 4.87 4.03 301.17 19.49 13.38 0.40
0.00 837.91
901.30 3.84 3.71 3.51 300.95 23.20 13.31 0.50
68.00 1022.34
878.80 2.24 2.19 2.08 300.28 29.41 12.26 0.50
96.00 1227.38
854.60 4.64 0.89 -4.33 300.29 37.95 12.32 0.50
3.00 1454.02
827.50 7.64 -0.44 -17.25 300.30 17.78 10.82 0.50
0.00 1717.82
797.80 8.04 -1.63 -31.69 301.14 349.99 10.06 0.50
0.00 2018.59
765.20 7.14 -2.36 -31.53 303.85 323.39 8.47 0.40
0.00 2361.51
729.90 6.54 -3.16 -36.58 306.87 311.82 9.91 0.30
0.00 2748.66
691.80 4.84 -3.85 -26.29 311.15 289.33 11.73 0.30
0.00 3186.35
650.90 2.04 -5.29 -22.04 314.62 254.05 14.14 0.20
0.00 3679.99
607.10 -1.36 -8.05 -26.15 316.12 238.94 19.95 0.20
0.00 4237.97
560.90 -4.46 -10.84 -32.90 318.56 237.46 26.73 0.20
0.00 4864.30
516.10 -8.46 -13.81 -33.99 321.34 235.04 31.53 0.20
0.00 5514.29
475.50 -13.56 -17.65 -35.57 322.50 232.66 38.11 0.20
0.00 6143.14
439.20 -18.66 -21.75 -38.63 323.13 231.55 42.17 0.10
0.00 6740.75
406.30 -23.56 -25.81 -40.71 323.89 229.26 42.56 0.00
0.00 7315.29
376.40 -28.16 -29.84 -44.25 324.68 226.13 41.76 0.00
0.00 7868.68
349.50 -32.26 -33.58 -48.80 325.82 224.80 38.87 0.00
0.00 8396.02
325.10 -35.66 -36.78 -54.71 327.69 229.01 37.32 0.00
0.00 8902.75
303.10 -39.16 -40.03 -58.01 329.31 231.01 36.73 0.00
0.00 9386.28
283.30 -42.16 -42.81 -57.09 331.46 233.69 40.02 0.00
0.00 9846.04
265.30 -44.46 -45.01 -59.07 334.34 236.81 43.65 0.00
0.00 10287.70
248.60 -45.66 -46.24 -66.52 338.69 240.80 45.40 0.00
0.00 10721.79
233.50 -47.06 -47.61 -71.85 342.64 241.17 43.90 0.00
0.00 11137.78
219.60 -49.26 -49.72 -72.27 345.30 239.67 42.31 0.00
0.00 11541.98
205.60 -51.56 -51.93 -72.72 348.25 239.92 41.08 0.00
0.00 11971.48
191.70 -54.16 -54.45 -73.19 351.12 241.96 40.50 0.00
0.00 12422.86
177.70 -56.86 -57.08 -73.70 354.38 245.40 40.60 0.00
0.00 12905.98
163.80 -59.56 -9999.00 -9999.00 -9999.00 249.78 39.34 0.00
0.00 13418.44
149.80 -62.36 -9999.00 -9999.00 -9999.00 249.74 34.79 0.00
0.00 13973.37
135.90 -64.76 -9999.00 -9999.00 -9999.00 236.21 31.78 0.00
0.00 14570.81
121.90 -66.86 -9999.00 -9999.00 -9999.00 227.10 33.68 0.00
0.00 15230.63
108.00 -67.66 -9999.00 -9999.00 -9999.00 230.89 30.79 0.00
0.00 15960.28
94.00 -67.96 -9999.00 -9999.00 -9999.00 230.59 25.39 0.00
0.00 16794.77
81.00 -66.26 -9999.00 -9999.00 -9999.00 222.31 20.49 0.00
0.00 17692.47
70.60 -65.26 -9999.00 -9999.00 -9999.00 195.26 15.50 0.00
0.00 18526.68
62.20 -65.36 -9999.00 -9999.00 -9999.00 178.68 16.90 0.00
0.00 19297.35
54.30 -64.96 -9999.00 -9999.00 -9999.00 175.10 13.66 0.00
0.00 20124.31
46.90 -64.56 -9999.00 -9999.00 -9999.00 150.12 10.53 0.00
0.00 21017.98
40.10 -63.46 -9999.00 -9999.00 -9999.00 66.04 1.90 0.00
0.00 21976.91
33.80 -62.16 -9999.00 -9999.00 -9999.00 3.69 6.04 0.00
0.00 23029.22
27.80 -61.96 -9999.00 -9999.00 -9999.00 50.19 1.52 0.00
0.00 24236.73
22.30 -58.56 -9999.00 -9999.00 -9999.00 123.69 0.70 0.00
0.00 25610.48
17.10 -54.86 -9999.00 -9999.00 -9999.00 171.03 3.73 0.00
0.00 27292.61
12.30 -49.76 -9999.00 -9999.00 -9999.00 235.73 21.39 0.00
0.00 29422.46

STID = MOR STNM = 819 TIME = 221027/0800 
SLAT = 36.17 SLON = -83.40 SELV = 409.0
STIM = 20

SHOW = 18.76 LIFT = 17.82 SWET = 57.48 KINX = -25.79
LCLP = 924.86 PWAT = 9.09 TOTL = 19.00 CAPE = 1.55
LCLT = 278.28 CINS = -0.04 EQLV = 878.03 LFCT = 905.70
BRCH = 0.04

PRES TMPC TMWC DWPC THTE DRCT SKNT OMEG
CFRL HGHT
971.10 9.04 7.41 5.84 301.51 8.13 5.50 0.00
0.00 418.39
968.20 9.04 7.37 5.75 301.72 6.63 8.41 0.00
0.00 443.18
962.90 8.84 7.19 5.58 301.88 7.52 10.39 0.00
0.00 488.67
953.70 8.14 6.63 5.14 301.62 9.90 12.43 0.00
0.00 568.09
940.20 7.14 5.79 4.41 301.21 15.40 13.91 0.10
0.00 685.68
922.90 5.64 4.79 3.87 300.89 19.40 14.63 0.20
0.00 838.15
902.30 3.74 3.52 3.23 300.43 22.22 14.90 0.30
18.00 1022.34
879.80 2.44 1.82 1.04 299.39 30.31 14.63 0.40
46.00 1227.15
855.50 4.54 0.67 -4.85 299.72 38.53 13.40 0.40
2.00 1454.49
828.40 7.54 -0.64 -18.37 299.76 18.10 10.63 0.50
0.00 1717.90
798.60 7.94 -1.80 -34.84 300.65 354.61 10.33 0.50
0.00 2019.24
766.00 7.04 -2.48 -33.07 303.48 329.74 8.10 0.40
0.00 2361.67
730.60 6.44 -3.24 -37.47 306.61 311.19 8.26 0.30
0.00 2749.38
692.50 4.64 -4.01 -26.97 310.70 287.78 10.82 0.30
0.00 3186.40
651.50 1.74 -5.45 -21.92 314.23 255.77 14.22 0.30
0.00 3680.31
607.60 -1.66 -8.20 -25.85 315.76 242.68 19.89 0.30
0.00 4238.47
561.30 -4.66 -10.92 -32.20 318.36 238.67 26.15 0.30
0.00 4865.10
516.40 -8.66 -13.91 -33.51 321.11 234.25 29.91 0.20
0.00 5515.64
475.80 -13.86 -17.84 -35.31 322.11 233.07 35.24 0.10
0.00 6143.51
439.30 -18.86 -21.86 -38.02 322.93 230.98 38.25 0.00
0.00 6743.59
406.40 -23.56 -25.81 -40.71 323.87 228.41 39.22 -0.10
0.00 7317.77
376.50 -28.16 -29.84 -44.25 324.66 226.01 38.87 -0.10
0.00 7871.01
349.60 -32.26 -33.58 -48.80 325.79 225.21 37.22 -0.10
0.00 8398.21
325.20 -35.76 -36.84 -53.59 327.56 227.17 36.29 -0.10
0.00 8904.68
303.20 -39.16 -40.01 -56.54 329.32 228.81 37.16 0.00
0.00 9387.96
283.30 -42.26 -42.87 -55.84 331.36 233.56 41.53 0.00
0.00 9849.87
265.30 -44.56 -45.08 -57.62 334.23 238.13 44.15 0.10
0.00 10291.33
248.60 -45.46 -45.93 -56.90 339.20 242.47 46.23 0.10
0.00 10725.53
233.50 -46.86 -47.35 -61.80 343.07 243.65 45.51 0.10
0.00 11141.90
219.60 -49.16 -49.60 -67.41 345.51 241.35 42.95 0.10
0.00 11546.37
205.60 -51.56 -51.93 -72.72 348.25 239.40 41.98 0.00
0.00 11975.97
191.70 -53.96 -54.26 -73.19 351.44 240.05 41.24 0.00
0.00 12427.56
177.70 -56.76 -56.99 -73.70 354.55 243.43 40.40 0.00
0.00 12911.01
163.80 -59.66 -9999.00 -9999.00 -9999.00 247.45 38.50 0.00
0.00 13423.46
149.80 -62.56 -9999.00 -9999.00 -9999.00 244.76 33.72 0.00
0.00 13978.00
135.90 -65.06 -9999.00 -9999.00 -9999.00 232.37 32.13 0.00
0.00 14574.73
121.90 -67.06 -9999.00 -9999.00 -9999.00 227.20 35.74 0.00
0.00 15233.76
108.00 -68.06 -9999.00 -9999.00 -9999.00 233.19 34.69 0.00
0.00 15962.34
94.00 -68.36 -9999.00 -9999.00 -9999.00 231.16 28.19 0.00
0.00 16795.21
81.00 -66.86 -9999.00 -9999.00 -9999.00 221.92 22.98 0.00
0.00 17690.73
70.60 -66.06 -9999.00 -9999.00 -9999.00 194.93 18.08 0.00
0.00 18522.13
62.20 -65.06 -9999.00 -9999.00 -9999.00 183.77 17.72 0.00
0.00 19291.86
54.30 -64.96 -9999.00 -9999.00 -9999.00 163.86 15.37 0.00
0.00 20119.42
46.90 -64.26 -9999.00 -9999.00 -9999.00 153.43 9.56 0.00
0.00 21013.73
40.10 -62.86 -9999.00 -9999.00 -9999.00 90.00 4.66 0.00
0.00 21974.73
33.80 -62.26 -9999.00 -9999.00 -9999.00 41.76 7.28 0.00
0.00 23028.30
27.80 -61.46 -9999.00 -9999.00 -9999.00 19.98 2.27 0.00
0.00 24236.95
22.30 -57.56 -9999.00 -9999.00 -9999.00 78.69 0.99 0.00
0.00 25615.54
17.10 -53.36 -9999.00 -9999.00 -9999.00 215.84 4.31 0.00
0.00 27307.38
12.30 -48.96 -9999.00 -9999.00 -9999.00 254.52 26.20 0.00
0.00 29448.32

STID = MOR STNM = 819 TIME = 221027/0900 
SLAT = 36.17 SLON = -83.40 SELV = 409.0
STIM = 21

SHOW = 18.92 LIFT = 17.87 SWET = 57.60 KINX = -26.21
LCLP = 937.78 PWAT = 9.01 TOTL = 18.81 CAPE = 0.02
LCLT = 278.56 CINS = -0.20 EQLV = 898.36 LFCT = 903.83
BRCH = 0.00

PRES TMPC TMWC DWPC THTE DRCT SKNT OMEG
CFRL HGHT
971.60 8.24 7.07 5.92 300.68 7.13 4.70 0.00
0.00 418.35
968.70 8.74 7.23 5.76 301.35 5.31 8.39 -0.10
0.00 443.09
963.40 8.54 6.98 5.44 301.35 6.34 10.55 0.00
0.00 488.50
954.20 7.94 6.40 4.85 301.03 11.14 13.07 0.00
0.00 567.81
940.70 6.94 5.59 4.19 300.70 16.26 14.57 0.00
0.00 685.24
923.40 5.44 4.62 3.72 300.46 20.98 15.19 0.10
0.00 837.52
902.80 3.64 3.41 3.11 300.14 26.24 15.38 0.20
23.00 1021.50
880.30 2.64 1.81 0.78 299.31 36.18 16.12 0.30
17.00 1226.23
855.90 4.14 0.40 -5.02 299.13 35.80 14.61 0.40
2.00 1454.29
828.80 7.14 -0.82 -18.04 299.39 17.47 10.99 0.50
0.00 1717.19
799.00 7.84 -1.87 -35.25 300.46 360.00 10.68 0.50
0.00 2018.12
766.30 6.94 -2.63 -35.67 303.10 337.69 8.20 0.40
0.00 2361.32
730.90 6.24 -3.35 -37.46 306.35 316.04 7.56 0.30
0.00 2748.66
692.70 4.44 -4.16 -27.33 310.39 288.43 9.83 0.20
0.00 3186.35
651.70 1.44 -5.60 -21.80 313.89 257.74 13.71 0.20
0.00 3679.67
607.80 -1.96 -8.33 -25.42 315.49 247.34 19.15 0.20
0.00 4237.04
561.50 -4.96 -11.01 -30.91 318.19 239.04 24.92 0.20
0.00 4862.78
516.50 -8.86 -14.02 -33.28 320.89 232.74 28.55 0.10
0.00 5513.99
475.90 -14.06 -17.98 -35.31 321.84 232.51 32.56 0.10
0.00 6141.26
439.40 -18.96 -21.96 -38.32 322.75 230.98 34.25 0.00
0.00 6740.85
406.50 -23.56 -25.84 -41.44 323.77 228.96 35.80 0.00
0.00 7314.78
376.60 -28.16 -29.86 -44.72 324.60 226.08 36.40 0.00
0.00 7867.88
349.60 -32.26 -33.58 -48.80 325.79 225.87 36.27 0.00
0.00 8396.96
325.20 -35.76 -36.84 -53.59 327.56 226.07 36.67 0.00
0.00 8903.43
303.20 -39.06 -39.92 -56.54 329.46 228.95 39.92 0.00
0.00 9386.81
283.30 -42.46 -43.08 -57.09 331.03 235.61 44.02 0.00
0.00 9848.62
265.40 -44.76 -45.26 -57.62 333.90 238.12 45.98 0.10
0.00 10287.17
248.60 -45.46 -46.00 -61.32 339.07 241.46 47.98 0.10
0.00 10723.68
233.50 -46.66 -47.16 -61.80 343.38 243.86 46.31 0.10
0.00 11140.23
219.60 -48.96 -49.43 -72.27 345.77 244.35 43.53 0.00
0.00 11545.06
205.60 -51.46 -51.84 -72.72 348.41 242.01 41.80 0.00
0.00 11974.95
191.70 -54.06 -54.36 -73.19 351.28 241.24 40.77 0.00
0.00 12426.54
177.70 -56.86 -57.08 -73.70 354.38 241.03 39.30 0.00
0.00 12909.77
163.80 -59.76 -9999.00 -9999.00 -9999.00 242.21 36.67 0.00
0.00 13421.99
149.80 -62.76 -9999.00 -9999.00 -9999.00 240.26 32.89 0.00
0.00 13976.13
135.90 -65.26 -9999.00 -9999.00 -9999.00 229.17 32.09 0.00
0.00 14572.29
121.90 -67.06 -9999.00 -9999.00 -9999.00 228.22 36.73 0.00
0.00 15231.00
108.00 -67.96 -9999.00 -9999.00 -9999.00 233.50 36.25 0.00
0.00 15959.76
94.00 -68.46 -9999.00 -9999.00 -9999.00 225.82 28.71 0.00
0.00 16792.62
81.00 -67.36 -9999.00 -9999.00 -9999.00 220.10 24.13 0.00
0.00 17686.84
70.60 -66.06 -9999.00 -9999.00 -9999.00 201.49 19.62 0.00
0.00 18517.23
62.20 -64.26 -9999.00 -9999.00 -9999.00 188.45 19.83 0.00
0.00 19288.45
54.30 -64.36 -9999.00 -9999.00 -9999.00 171.40 16.90 0.00
0.00 20118.79
46.90 -63.36 -9999.00 -9999.00 -9999.00 156.67 10.78 0.00
0.00 21016.32
40.10 -63.16 -9999.00 -9999.00 -9999.00 113.70 8.70 0.00
0.00 21978.69
33.80 -62.46 -9999.00 -9999.00 -9999.00 47.39 6.60 0.00
0.00 23031.01
27.80 -60.66 -9999.00 -9999.00 -9999.00 342.26 5.09 0.00
0.00 24241.38
22.30 -56.86 -9999.00 -9999.00 -9999.00 324.46 3.34 0.00
0.00 25624.81
17.10 -52.86 -9999.00 -9999.00 -9999.00 231.01 5.24 0.00
0.00 27321.31
12.30 -48.96 -9999.00 -9999.00 -9999.00 266.96 21.99 0.00
0.00 29464.67
STN YYMMDD/HHMM PMSL PRES SKTC STC1 SNFL WTNS
P01M C01M STC2 LCLD MCLD HCLD
SNRA UWND VWND R01M BFGR T2MS
Q2MS WXTS WXTP WXTZ WXTR USTM
VSTM HLCY SLLH WSYM CDBP VSBK
TD2M
819 221026/1200 1009.80 962.50 13.04 286.20 -9999.00 21.00
-9999.00 -9999.00 286.50 100.00 0.00 0.00
-9999.00 3.10 2.00 -9999.00 -9999.00 13.04
8.56 0.00 0.00 0.00 0.00 15.50
1.60 61.20 -9999.00 999.00 847.00 20.00
10.88
819 221026/1300 1011.00 963.50 13.24 286.40 0.00 21.00
0.00 0.00 286.50 100.00 0.00 0.00
-9999.00 3.60 1.30 -9999.00 -9999.00 12.94
8.41 0.00 0.00 0.00 0.00 17.10
0.70 2.80 0.01 999.00 847.90 16.10
10.63
819 221026/1400 1012.30 964.70 14.14 287.30 0.00 20.00
0.00 0.00 287.20 100.00 0.00 0.00
-9999.00 4.40 0.70 -9999.00 -9999.00 13.14
8.10 0.00 0.00 0.00 0.00 17.90
0.10 -13.60 0.01 999.00 848.90 20.00
10.09
819 221026/1500 1013.00 965.40 14.94 288.10 0.00 18.00
0.00 0.00 288.00 100.00 0.00 0.00
-9999.00 4.30 0.60 -9999.00 -9999.00 13.34
7.72 0.00 0.00 0.00 0.00 17.20
-1.80 -48.60 0.00 999.00 849.60 20.00
9.40
819 221026/1600 1012.90 965.30 15.04 288.20 0.00 17.00
0.00 0.00 288.10 100.00 0.00 0.00
-9999.00 4.30 0.40 -9999.00 -9999.00 13.44
7.41 0.00 0.00 0.00 0.00 16.70
-3.20 -75.00 0.00 999.00 873.60 20.00
8.80
819 221026/1700 1013.30 965.60 14.44 287.60 0.00 15.00
0.00 0.00 287.70 100.00 0.00 0.00
-9999.00 4.00 -0.10 -9999.00 -9999.00 12.94
7.14 0.00 0.00 0.00 0.00 16.00
-4.60 -91.20 -0.01 999.00 896.20 0.07
8.26
819 221026/1800 1011.90 964.40 18.34 291.50 0.00 13.00
0.00 0.00 290.70 100.00 0.00 0.00
-9999.00 4.20 0.30 -9999.00 -9999.00 13.84
6.98 0.00 0.00 0.00 0.00 15.10
-6.50 -79.90 0.01 999.00 848.70 0.04
7.91
819 221026/1900 1013.30 965.60 16.54 289.70 0.00 12.00
0.00 0.00 289.70 74.00 0.00 0.00
-9999.00 4.50 -0.30 -9999.00 -9999.00 13.54
6.61 0.00 0.00 0.00 0.00 15.40
-7.60 -52.40 -0.01 999.00 -9999.00 0.09
7.14
819 221026/2000 1013.30 965.60 17.14 290.30 0.00 11.00
0.00 0.00 290.10 87.00 0.00 0.00
-9999.00 4.40 -1.20 -9999.00 -9999.00 13.64
6.46 0.00 0.00 0.00 0.00 15.20
-8.40 -61.60 0.00 999.00 873.90 20.00
6.81
819 221026/2100 1014.10 966.30 14.34 287.50 0.00 10.00
0.00 0.00 287.90 100.00 0.00 0.00
-9999.00 3.80 -2.20 -9999.00 -9999.00 12.74
6.36 0.00 0.00 0.00 0.00 14.50
-8.80 -69.70 -0.01 999.00 874.50 20.00
6.59
819 221026/2200 1015.70 967.70 13.04 286.20 0.00 10.00
0.00 0.00 286.60 100.00 0.00 0.00
-9999.00 3.30 -2.50 -9999.00 -9999.00 12.04
6.25 0.00 0.00 0.00 0.00 14.60
-9.00 -81.70 0.00 999.00 875.80 20.00
6.36
819 221026/2300 1017.40 969.30 11.74 284.90 0.00 10.00
0.00 0.00 285.40 100.00 0.00 0.00
-9999.00 2.40 -2.60 -9999.00 -9999.00 11.24
6.13 0.00 0.00 0.00 0.00 14.80
-8.60 -89.40 0.00 999.00 877.20 20.00
6.11
819 221027/0000 1018.50 970.20 11.24 284.40 0.00 10.00
0.00 0.00 284.80 100.00 0.00 0.00
-9999.00 1.60 -2.90 -9999.00 -9999.00 10.74
6.06 0.00 0.00 0.00 0.00 14.20
-7.90 -100.10 0.00 999.00 900.50 20.00
5.96
819 221027/0100 1018.70 970.40 10.74 283.90 0.00 9.00
0.00 0.00 284.30 100.00 0.00 0.00
-9999.00 1.30 -2.70 -9999.00 -9999.00 10.34
6.06 0.00 0.00 0.00 0.00 13.70
-7.00 -100.50 0.00 999.00 900.60 0.24
5.96
819 221027/0200 1019.10 970.70 10.54 283.70 0.00 9.00
0.00 0.00 284.00 100.00 0.00 0.00
-9999.00 1.10 -2.50 -9999.00 -9999.00 10.04
6.10 0.00 0.00 0.00 0.00 12.70
-6.70 -91.90 0.00 999.00 878.40 0.05
6.06
819 221027/0300 1019.40 970.90 10.34 283.50 0.00 9.00
0.00 0.00 283.80 100.00 0.00 0.00
-9999.00 0.80 -2.40 -9999.00 -9999.00 9.94
6.16 0.00 0.00 0.00 0.00 11.60
-6.40 -85.60 0.00 999.00 878.60 0.11
6.20
819 221027/0400 1019.40 971.00 10.24 283.40 0.00 9.00
0.00 0.00 283.70 100.00 0.00 0.00
-9999.00 0.40 -2.30 -9999.00 -9999.00 9.84
6.23 0.00 0.00 0.00 0.00 10.90
-5.70 -81.40 0.00 999.00 901.10 20.00
6.37
819 221027/0500 1018.70 970.30 10.04 283.20 0.00 9.00
0.00 0.00 283.50 100.00 0.00 0.00
-9999.00 0.40 -2.60 -9999.00 -9999.00 9.74
6.30 0.00 0.00 0.00 0.00 10.60
-5.20 -62.80 0.00 999.00 900.50 0.09
6.52
819 221027/0600 1019.20 970.70 9.94 283.10 0.00 9.00
0.00 0.00 283.40 100.00 0.00 0.00
-9999.00 0.10 -3.00 -9999.00 -9999.00 9.64
6.17 0.00 0.00 0.00 0.00 10.50
-4.90 -51.00 0.00 999.00 900.90 0.07
6.22
819 221027/0700 1019.60 971.10 9.64 282.80 0.00 9.00
0.00 0.00 283.10 96.00 0.00 0.00
-9999.00 -0.30 -2.90 -9999.00 -9999.00 9.54
5.93 0.00 0.00 0.00 0.00 10.30
-4.90 -41.50 0.00 999.00 878.80 20.00
5.66
819 221027/0800 1020.90 972.20 8.34 281.50 0.00 9.00
0.00 0.00 282.00 46.00 0.00 0.00
-9999.00 -0.20 -2.20 -9999.00 -9999.00 8.54
6.01 0.00 0.00 0.00 0.00 10.10
-5.10 -30.50 0.00 999.00 -9999.00 20.00
5.87
819 221027/0900 1021.50 972.70 6.94 280.10 0.00 9.00
0.00 0.00 280.70 23.00 0.00 0.00
-9999.00 0.00 -2.10 -9999.00 -9999.00 7.34
6.04 0.00 0.00 0.00 0.00 9.70
-5.40 -26.40 0.00 999.00 -9999.00 20.00
5.95


