
SNPARM = PRES;TMPC;TMWC;DWPC;THTE;DRCT;SKNT;OMEG;CFRL;HGHT 
STNPRM = SHOW;LIFT;SWET;KINX;LCLP;PWAT;TOTL;CAPE;LCLT;CINS;EQLV;LFCT;BRCH 

STID = KFSD STNM = 726510 TIME = 221026/1200 
SLAT = 43.58 SLON = -96.73 SELV = 441.0
STIM = 0

SHOW = 5.90 LIFT = 7.23 SWET = 72.43 KINX = 10.01
LCLP = 918.54 PWAT = 8.13 TOTL = 46.21 CAPE = 0.00
LCLT = 268.98 CINS = 0.00 EQLV = -9999.00 LFCT = -9999.00
BRCH = 0.00

PRES TMPC TMWC DWPC THTE DRCT SKNT OMEG
CFRL HGHT
963.70 -0.46 -1.60 -3.53 284.21 284.04 0.80 0.00
0.00 450.95
960.80 1.74 -0.01 -2.72 287.31 264.29 1.94 0.00
0.00 475.15
955.60 3.84 1.80 -1.01 291.22 213.69 1.40 0.00
0.00 519.08
946.50 5.14 2.65 -0.60 293.81 197.10 2.64 -0.10
0.00 597.02
933.20 6.04 2.88 -1.22 295.65 245.10 6.00 -0.10
0.00 712.75
916.00 6.04 2.50 -2.18 296.71 272.79 7.96 -0.10
0.00 865.12
895.60 5.14 1.34 -4.08 296.55 303.69 8.41 -0.10
0.00 1049.26
873.40 4.04 0.19 -5.64 296.72 312.06 10.72 -0.10
0.00 1253.69
849.40 2.54 -1.06 -6.79 297.00 313.26 13.60 -0.10
0.00 1479.54
822.60 0.54 -2.70 -8.25 296.96 315.94 16.76 -0.10
0.00 1737.73
793.10 -1.76 -4.48 -9.45 297.15 313.83 20.20 0.00
0.00 2029.51
760.80 -4.06 -6.50 -11.39 297.43 307.83 23.12 0.00
0.00 2358.86
725.80 -6.56 -9.16 -15.44 297.14 297.46 22.32 0.10
0.00 2728.51
688.10 -9.06 -12.01 -21.07 297.23 284.04 23.23 0.10
0.00 3143.13
647.60 -12.46 -15.41 -27.69 297.20 279.78 28.57 0.10
0.00 3609.27
604.30 -15.96 -18.84 -36.14 298.02 276.13 34.58 0.10
0.00 4133.93
558.70 -19.26 -21.95 -45.32 300.28 275.79 42.37 0.10
0.00 4720.88
514.30 -23.36 -25.59 -53.69 302.25 276.48 44.77 0.10
0.00 5331.33
474.10 -28.66 -30.08 -47.58 303.02 271.43 46.64 0.10
0.00 5920.13
438.10 -32.56 -33.59 -48.28 304.99 265.18 53.22 0.30
0.00 6480.82
405.50 -34.56 -35.58 -54.15 309.03 263.18 68.67 0.40
0.00 7023.15
375.80 -36.46 -37.15 -46.88 313.64 262.35 87.61 0.60
0.00 7552.29
349.00 -39.26 -39.79 -48.16 316.51 262.57 100.68 0.70
0.00 8061.89
324.80 -43.56 -43.95 -52.61 316.95 263.01 102.16 0.70
0.00 8549.39
302.90 -47.06 -47.39 -58.02 318.25 262.26 96.64 0.60
0.00 9014.97
283.10 -48.96 -49.28 -62.53 321.65 257.85 90.40 0.50
0.00 9460.49
265.20 -49.76 -50.09 -66.04 326.50 252.01 86.19 0.40
0.00 9888.36
248.60 -50.36 -50.72 -71.42 331.64 248.87 83.51 0.30
0.00 10310.46
233.40 -50.56 -50.93 -71.85 337.37 247.79 80.15 0.20
0.00 10721.72
219.60 -50.86 -51.24 -72.27 342.84 245.79 78.17 0.20
0.00 11118.55
205.60 -50.66 -51.08 -72.72 349.66 244.43 80.11 0.10
0.00 11547.38
191.70 -50.26 -50.73 -73.19 357.37 246.82 82.42 0.10
0.00 12003.68
177.70 -49.96 -9999.00 -9999.00 -9999.00 248.17 77.84 0.10
0.00 12498.79
163.80 -49.96 -9999.00 -9999.00 -9999.00 244.01 68.73 0.10
0.00 13030.91
149.80 -51.16 -9999.00 -9999.00 -9999.00 239.86 62.67 0.00
0.00 13613.04
135.90 -53.66 -9999.00 -9999.00 -9999.00 241.96 54.14 -0.10
0.00 14242.26
121.90 -56.46 -9999.00 -9999.00 -9999.00 241.51 43.98 -0.10
0.00 14936.30
108.00 -58.86 -9999.00 -9999.00 -9999.00 233.91 37.26 0.00
0.00 15699.97
94.00 -59.06 -9999.00 -9999.00 -9999.00 231.01 36.73 0.00
0.00 16570.42
81.00 -58.36 -9999.00 -9999.00 -9999.00 217.98 28.09 0.00
0.00 17504.72
70.60 -58.66 -9999.00 -9999.00 -9999.00 211.02 32.42 0.00
0.00 18368.10
62.20 -56.56 -9999.00 -9999.00 -9999.00 222.30 29.16 0.00
0.00 19167.31
54.30 -55.86 -9999.00 -9999.00 -9999.00 214.88 23.45 0.00
0.00 20029.86
46.90 -56.06 -9999.00 -9999.00 -9999.00 218.58 20.86 0.00
0.00 20961.26
40.10 -57.46 -9999.00 -9999.00 -9999.00 214.42 12.72 0.00
0.00 21953.44
33.80 -59.96 -9999.00 -9999.00 -9999.00 207.98 14.08 0.00
0.00 23026.27
27.80 -57.66 -9999.00 -9999.00 -9999.00 244.01 17.29 0.00
0.00 24252.37
22.30 -56.46 -9999.00 -9999.00 -9999.00 275.71 7.81 0.00
0.00 25646.77
17.10 -57.36 -9999.00 -9999.00 -9999.00 246.04 3.83 0.00
0.00 27327.34
12.30 -54.46 -9999.00 -9999.00 -9999.00 241.86 9.48 0.00
0.00 29422.47

STID = KFSD STNM = 726510 TIME = 221026/1300 
SLAT = 43.58 SLON = -96.73 SELV = 441.0
STIM = 1

SHOW = 5.66 LIFT = 7.20 SWET = 66.70 KINX = 12.05
LCLP = 925.32 PWAT = 8.64 TOTL = 46.83 CAPE = 0.00
LCLT = 268.98 CINS = 0.00 EQLV = -9999.00 LFCT = -9999.00
BRCH = 0.00

PRES TMPC TMWC DWPC THTE DRCT SKNT OMEG
CFRL HGHT
964.50 -0.96 -1.93 -3.61 283.56 206.57 1.30 0.00
0.00 450.10
961.60 1.24 -0.37 -2.92 286.57 235.01 2.37 0.00
0.00 474.23
956.40 3.34 1.40 -1.33 290.37 203.63 3.40 -0.10
0.00 518.04
947.30 4.64 2.36 -0.66 293.15 195.07 5.23 -0.10
0.00 595.77
933.90 5.84 2.76 -1.25 295.34 231.77 8.16 -0.20
0.00 712.14
916.80 6.04 2.46 -2.32 296.53 258.23 9.52 -0.20
0.00 863.44
896.40 5.14 1.45 -3.73 296.70 276.63 8.41 -0.20
0.00 1047.42
874.10 3.84 0.24 -5.13 296.75 285.78 9.29 -0.20
0.00 1252.54
850.10 2.44 -0.98 -6.36 297.07 297.90 11.21 -0.20
0.00 1478.09
823.20 0.54 -2.45 -7.39 297.38 306.87 13.60 -0.20
0.00 1737.02
793.70 -1.96 -4.23 -8.20 297.56 308.16 17.29 -0.20
0.00 2028.51
761.40 -4.46 -6.18 -9.39 297.96 304.56 21.23 -0.10
0.00 2357.30
726.30 -7.06 -8.96 -13.20 297.46 291.41 21.29 0.00
0.00 2727.19
688.60 -9.36 -12.07 -20.21 297.07 278.44 25.14 0.00
0.00 3140.94
648.00 -12.46 -15.41 -27.69 297.14 280.11 30.98 0.10
0.00 3607.66
604.70 -15.96 -18.69 -33.67 298.23 276.97 36.79 0.10
0.00 4132.00
558.90 -19.16 -21.87 -45.31 300.37 276.69 41.67 0.20
0.00 4721.35
514.50 -23.66 -25.69 -46.07 302.11 275.00 42.31 0.30
0.00 5331.34
474.30 -28.56 -29.86 -43.62 303.32 270.23 47.98 0.40
0.00 5919.69
438.20 -31.76 -32.98 -52.20 305.84 267.66 57.15 0.50
0.00 6482.81
405.60 -34.36 -35.42 -55.66 309.22 266.09 68.34 0.60
0.00 7026.13
375.90 -36.86 -37.63 -50.46 312.90 263.72 81.68 0.70
0.00 7554.90
349.10 -39.66 -40.20 -49.51 315.87 262.54 94.23 0.70
0.00 8063.48
324.80 -43.56 -43.97 -53.60 316.91 261.63 98.76 0.60
0.00 8552.50
302.90 -47.46 -47.79 -59.79 317.65 260.03 94.27 0.60
0.00 9017.66
283.10 -49.76 -50.04 -62.53 320.50 255.81 89.57 0.50
0.00 9461.99
265.20 -50.96 -51.24 -66.04 324.74 250.96 86.93 0.40
0.00 9887.95
248.60 -51.36 -51.68 -71.42 330.16 247.91 85.74 0.30
0.00 10307.98
233.40 -50.86 -51.22 -71.85 336.92 245.94 83.39 0.30
0.00 10718.04
219.60 -50.66 -51.05 -72.27 343.15 243.98 82.36 0.20
0.00 11114.78
205.60 -50.46 -50.89 -72.72 349.98 244.74 83.76 0.10
0.00 11543.99
191.70 -50.26 -9999.00 -9999.00 -9999.00 248.52 83.29 0.10
0.00 12000.50
177.70 -50.26 -9999.00 -9999.00 -9999.00 249.97 77.12 0.10
0.00 12495.26
163.80 -50.46 -9999.00 -9999.00 -9999.00 245.17 68.92 0.00
0.00 13026.43
149.80 -51.46 -9999.00 -9999.00 -9999.00 241.00 63.31 0.00
0.00 13607.52
135.90 -53.36 -9999.00 -9999.00 -9999.00 244.08 53.77 -0.10
0.00 14236.74
121.90 -56.06 -9999.00 -9999.00 -9999.00 244.93 39.88 -0.10
0.00 14931.89
108.00 -58.96 -9999.00 -9999.00 -9999.00 237.81 32.83 0.00
0.00 15696.09
94.00 -59.46 -9999.00 -9999.00 -9999.00 229.20 35.66 0.00
0.00 16565.53
81.00 -58.76 -9999.00 -9999.00 -9999.00 225.27 28.71 0.00
0.00 17498.08
70.60 -58.56 -9999.00 -9999.00 -9999.00 211.45 31.64 0.00
0.00 18360.86
62.20 -56.76 -9999.00 -9999.00 -9999.00 220.44 29.35 0.00
0.00 19159.89
54.30 -56.06 -9999.00 -9999.00 -9999.00 214.86 21.08 0.00
0.00 20021.63
46.90 -56.76 -9999.00 -9999.00 -9999.00 215.08 19.93 0.00
0.00 20951.11
40.10 -57.76 -9999.00 -9999.00 -9999.00 218.66 16.16 0.00
0.00 21940.99
33.80 -59.46 -9999.00 -9999.00 -9999.00 215.68 18.65 0.00
0.00 23014.32
27.80 -56.86 -9999.00 -9999.00 -9999.00 251.15 16.82 0.00
0.00 24244.14
22.30 -56.46 -9999.00 -9999.00 -9999.00 310.60 5.38 0.00
0.00 25641.12
17.10 -56.06 -9999.00 -9999.00 -9999.00 251.08 7.19 0.00
0.00 27326.75
12.30 -53.36 -9999.00 -9999.00 -9999.00 246.43 11.65 0.00
0.00 29433.45

STID = KFSD STNM = 726510 TIME = 221026/1400 
SLAT = 43.58 SLON = -96.73 SELV = 441.0
STIM = 2

SHOW = 5.78 LIFT = 7.67 SWET = 65.44 KINX = 13.31
LCLP = 931.57 PWAT = 9.01 TOTL = 46.63 CAPE = 0.00
LCLT = 268.94 CINS = 0.00 EQLV = -9999.00 LFCT = -9999.00
BRCH = 0.00

PRES TMPC TMWC DWPC THTE DRCT SKNT OMEG
CFRL HGHT
965.30 -1.46 -2.28 -3.73 282.89 167.47 1.79 0.00
0.00 450.90
962.50 0.74 -0.75 -3.16 285.81 191.31 2.97 0.00
0.00 474.14
957.20 2.64 0.83 -1.82 289.21 190.89 5.15 -0.10
0.00 518.65
948.10 3.84 1.78 -1.04 291.94 191.31 7.93 -0.10
0.00 596.10
934.70 5.14 2.33 -1.42 294.39 214.99 9.48 -0.20
0.00 712.04
917.60 5.94 2.34 -2.50 296.21 244.44 9.91 -0.20
0.00 862.99
897.20 5.24 1.49 -3.80 296.68 257.09 9.56 -0.20
0.00 1046.81
874.90 3.84 0.24 -5.12 296.67 262.03 9.81 -0.20
0.00 1251.78
850.80 2.44 -0.95 -6.25 297.06 277.82 10.00 -0.20
0.00 1478.08
823.90 0.54 -2.33 -7.00 297.54 293.07 11.40 -0.10
0.00 1736.79
794.30 -1.96 -4.01 -7.47 297.92 297.24 14.86 0.00
0.00 2029.06
762.00 -4.76 -5.94 -8.05 298.33 297.87 19.11 0.10
0.00 2357.45
726.90 -7.56 -8.80 -11.38 297.70 285.64 20.16 0.10
0.00 2726.55
689.00 -9.56 -12.07 -19.40 297.04 276.34 26.38 0.20
0.00 3141.71
648.40 -12.56 -15.31 -26.18 297.26 279.75 32.13 0.20
0.00 3607.91
605.00 -15.96 -18.55 -31.88 298.42 276.89 35.61 0.20
0.00 4133.09
559.20 -19.16 -21.75 -41.54 300.54 277.71 37.65 0.20
0.00 4722.16
514.70 -23.76 -25.57 -40.41 302.31 274.98 42.50 0.40
0.00 5333.15
474.50 -27.96 -29.41 -45.40 303.92 275.73 50.56 0.50
0.00 5921.87
438.30 -31.26 -32.65 -62.29 306.26 277.48 58.18 0.50
0.00 6487.62
405.70 -34.66 -35.71 -57.47 308.77 271.70 65.29 0.50
0.00 7031.03
376.00 -37.76 -38.50 -52.37 311.61 264.50 74.94 0.50
0.00 7558.32
349.10 -40.46 -40.99 -51.09 314.71 261.01 89.49 0.50
0.00 8066.88
324.90 -43.86 -44.28 -54.71 316.43 260.09 97.03 0.50
0.00 8552.65
302.90 -47.66 -47.98 -59.79 317.36 258.22 98.02 0.40
0.00 9019.36
283.10 -50.06 -50.33 -62.53 320.07 255.09 95.88 0.40
0.00 9463.19
265.20 -51.06 -51.34 -66.04 324.60 251.68 91.47 0.30
0.00 9888.77
248.60 -51.46 -51.77 -71.42 330.01 249.08 89.22 0.20
0.00 10308.60
233.50 -51.46 -51.79 -71.85 335.97 247.79 86.87 0.20
0.00 10715.24
219.60 -51.26 -51.62 -72.27 342.22 246.85 85.98 0.10
0.00 11113.69
205.60 -50.56 -50.98 -72.72 349.82 247.58 86.58 0.10
0.00 11542.23
191.70 -50.16 -9999.00 -9999.00 -9999.00 250.97 82.81 0.10
0.00 11998.73
177.70 -50.36 -9999.00 -9999.00 -9999.00 252.19 73.04 0.00
0.00 12493.50
163.80 -50.76 -9999.00 -9999.00 -9999.00 246.26 65.15 0.00
0.00 13024.19
149.80 -51.46 -9999.00 -9999.00 -9999.00 240.68 61.48 0.00
0.00 13604.88
135.90 -52.76 -9999.00 -9999.00 -9999.00 242.42 54.14 0.00
0.00 14234.96
121.90 -55.16 -9999.00 -9999.00 -9999.00 244.06 39.96 0.00
0.00 14932.50
108.00 -58.26 -9999.00 -9999.00 -9999.00 235.18 32.65 0.00
0.00 15699.53
94.00 -59.46 -9999.00 -9999.00 -9999.00 227.17 36.29 0.00
0.00 16570.39
81.00 -59.16 -9999.00 -9999.00 -9999.00 234.85 33.74 0.00
0.00 17502.08
70.60 -58.76 -9999.00 -9999.00 -9999.00 222.12 30.13 0.00
0.00 18363.65
62.20 -57.06 -9999.00 -9999.00 -9999.00 221.26 29.45 0.00
0.00 19161.75
54.30 -56.26 -9999.00 -9999.00 -9999.00 210.44 21.85 0.00
0.00 20022.50
46.90 -57.16 -9999.00 -9999.00 -9999.00 204.23 21.31 0.00
0.00 20950.69
40.10 -57.86 -9999.00 -9999.00 -9999.00 209.00 20.44 0.00
0.00 21939.43
33.80 -59.16 -9999.00 -9999.00 -9999.00 214.27 21.39 0.00
0.00 23013.26
27.80 -57.46 -9999.00 -9999.00 -9999.00 258.37 13.48 0.00
0.00 24242.22
22.30 -57.66 -9999.00 -9999.00 -9999.00 360.00 3.88 0.00
0.00 25633.39
17.10 -55.96 -9999.00 -9999.00 -9999.00 273.27 6.82 0.00
0.00 27314.74
12.30 -53.26 -9999.00 -9999.00 -9999.00 289.80 10.31 0.00
0.00 29422.41

STID = KFSD STNM = 726510 TIME = 221026/1500 
SLAT = 43.58 SLON = -96.73 SELV = 441.0
STIM = 3

SHOW = 6.41 LIFT = 8.35 SWET = 68.71 KINX = 11.61
LCLP = 889.00 PWAT = 8.92 TOTL = 45.31 CAPE = 0.00
LCLT = 268.71 CINS = 0.00 EQLV = -9999.00 LFCT = -9999.00
BRCH = 0.00

PRES TMPC TMWC DWPC THTE DRCT SKNT OMEG
CFRL HGHT
966.30 2.04 -0.04 -3.32 286.72 173.29 3.32 0.00
0.00 451.02
963.40 1.64 -0.29 -3.36 286.55 173.99 3.71 0.00
0.00 475.26
958.20 2.44 0.48 -2.47 288.46 186.91 6.45 0.00
0.00 518.94
949.00 3.74 1.38 -1.97 291.07 200.17 10.14 -0.10
0.00 597.11
935.70 5.04 2.05 -2.05 293.72 213.18 12.06 -0.10
0.00 712.02
918.50 5.94 2.26 -2.76 295.93 230.91 12.00 -0.10
0.00 863.65
898.00 5.44 1.53 -4.00 296.68 241.82 12.33 -0.20
0.00 1048.25
875.70 4.04 0.29 -5.33 296.67 244.65 12.26 -0.20
0.00 1253.18
851.60 2.54 -0.99 -6.57 296.89 256.22 10.61 -0.20
0.00 1479.39
824.70 0.64 -2.29 -7.08 297.51 272.08 10.68 -0.10
0.00 1737.94
795.10 -1.76 -3.88 -7.46 298.05 282.09 13.91 0.00
0.00 2030.08
762.70 -4.66 -5.80 -7.81 298.51 286.03 17.58 0.20
0.00 2359.36
727.50 -7.36 -8.84 -12.00 297.54 275.66 21.66 0.30
0.00 2729.39
689.60 -9.36 -12.03 -19.99 297.01 279.27 28.92 0.30
0.00 3144.48
648.90 -12.66 -15.15 -24.29 297.48 280.90 31.86 0.30
0.00 3611.55
605.50 -15.66 -18.34 -32.11 298.66 277.71 33.31 0.30
0.00 4136.54
559.60 -19.06 -21.55 -38.77 300.80 276.37 36.75 0.40
0.00 4726.90
515.00 -23.36 -25.26 -40.85 302.71 279.30 44.48 0.40
0.00 5339.49
474.70 -27.16 -28.94 -56.20 304.51 284.85 53.05 0.50
0.00 5930.79
438.50 -31.36 -32.67 -55.02 306.21 281.81 60.72 0.50
0.00 6497.09
405.80 -35.46 -36.36 -52.85 307.83 273.29 64.39 0.40
0.00 7040.96
376.10 -38.56 -39.23 -52.37 310.52 266.40 71.23 0.40
0.00 7566.35
349.20 -40.86 -41.36 -51.09 314.15 259.44 84.77 0.30
0.00 8073.46
324.90 -44.16 -44.48 -51.71 316.13 256.91 94.33 0.30
0.00 8560.44
303.00 -48.16 -48.36 -54.18 316.79 255.28 98.62 0.20
0.00 9024.13
283.20 -51.36 -51.53 -58.55 318.25 256.30 96.78 0.20
0.00 9466.05
265.30 -51.76 -52.02 -66.04 323.54 254.61 91.47 0.10
0.00 9889.56
248.60 -51.36 -51.65 -66.52 330.20 251.36 86.93 0.10
0.00 10311.27
233.50 -51.36 -51.70 -71.85 336.12 249.12 85.02 0.00
0.00 10718.09
219.60 -51.56 -51.91 -72.27 341.76 248.63 85.31 0.00
0.00 11116.36
205.60 -50.86 -51.27 -72.72 349.35 250.09 86.15 0.00
0.00 11544.33
191.70 -50.06 -50.54 -73.19 357.69 252.30 81.16 0.00
0.00 12000.62
177.70 -50.06 -9999.00 -9999.00 -9999.00 250.41 70.10 0.00
0.00 12495.84
163.80 -50.66 -9999.00 -9999.00 -9999.00 242.80 62.47 0.00
0.00 13027.01
149.80 -51.66 -9999.00 -9999.00 -9999.00 238.34 60.70 0.00
0.00 13607.57
135.90 -52.76 -9999.00 -9999.00 -9999.00 239.07 54.80 0.00
0.00 14237.36
121.90 -54.76 -9999.00 -9999.00 -9999.00 240.22 43.41 0.00
0.00 14935.53
108.00 -57.76 -9999.00 -9999.00 -9999.00 231.18 31.92 0.00
0.00 15704.17
94.00 -59.36 -9999.00 -9999.00 -9999.00 225.23 34.21 0.00
0.00 16576.25
81.00 -58.96 -9999.00 -9999.00 -9999.00 232.87 34.11 0.00
0.00 17508.58
70.60 -58.06 -9999.00 -9999.00 -9999.00 230.83 27.06 0.00
0.00 18371.96
62.20 -56.46 -9999.00 -9999.00 -9999.00 223.55 27.06 0.00
0.00 19172.47
54.30 -55.06 -9999.00 -9999.00 -9999.00 210.00 21.76 0.00
0.00 20036.81
46.90 -56.16 -9999.00 -9999.00 -9999.00 197.47 21.99 0.00
0.00 20969.72
40.10 -56.86 -9999.00 -9999.00 -9999.00 209.01 22.44 0.00
0.00 21963.04
33.80 -57.66 -9999.00 -9999.00 -9999.00 220.27 21.64 0.00
0.00 23043.12
27.80 -57.26 -9999.00 -9999.00 -9999.00 259.88 11.05 0.00
0.00 24276.95
22.30 -58.06 -9999.00 -9999.00 -9999.00 154.80 3.65 0.00
0.00 25667.47
17.10 -56.06 -9999.00 -9999.00 -9999.00 237.72 4.37 0.00
0.00 27346.88
12.30 -53.76 -9999.00 -9999.00 -9999.00 284.04 4.00 0.00
0.00 29451.65

STID = KFSD STNM = 726510 TIME = 221026/1600 
SLAT = 43.58 SLON = -96.73 SELV = 441.0
STIM = 4

SHOW = 6.87 LIFT = 8.66 SWET = 69.68 KINX = 10.49
LCLP = 846.15 PWAT = 8.59 TOTL = 44.19 CAPE = 0.00
LCLT = 268.47 CINS = 0.00 EQLV = -9999.00 LFCT = -9999.00
BRCH = 0.00

PRES TMPC TMWC DWPC THTE DRCT SKNT OMEG
CFRL HGHT
965.60 5.64 2.14 -2.91 290.83 187.13 4.70 0.00
0.00 451.16
962.70 5.24 1.90 -2.95 290.66 188.43 5.30 0.00
0.00 475.73
957.50 4.74 1.59 -3.02 290.59 189.78 5.71 0.00
0.00 519.91
948.40 3.84 1.06 -3.06 290.50 202.52 8.62 -0.10
0.00 597.62
935.00 5.14 1.87 -2.72 293.43 212.40 11.97 -0.10
0.00 713.49
917.90 5.94 2.12 -3.17 295.71 223.30 13.87 -0.20
0.00 864.37
897.40 5.64 1.53 -4.35 296.72 233.75 14.45 -0.20
0.00 1049.15
875.10 4.34 0.33 -5.75 296.79 237.41 14.06 -0.30
0.00 1254.39
851.00 2.74 -0.97 -6.91 296.97 240.85 11.56 -0.30
0.00 1480.94
824.20 0.74 -2.41 -7.67 297.33 252.90 10.57 -0.20
0.00 1738.83
794.60 -1.66 -3.90 -7.70 298.08 270.00 13.01 -0.10
0.00 2031.24
762.20 -4.56 -5.85 -8.14 298.48 275.25 16.98 -0.10
1.00 2360.85
727.10 -6.86 -9.02 -13.98 297.24 278.06 23.54 0.10
0.00 2730.42
689.20 -9.26 -11.91 -19.69 297.26 285.73 28.65 0.20
0.00 3146.18
648.60 -12.36 -15.02 -24.98 297.71 279.40 29.74 0.30
0.00 3612.69
605.20 -15.16 -18.08 -33.67 299.09 277.00 31.90 0.40
0.00 4138.73
559.30 -18.66 -21.22 -38.37 301.35 277.31 36.62 0.60
0.00 4730.43
514.80 -22.76 -24.89 -44.02 303.26 280.71 43.88 0.60
0.00 5343.13
474.60 -26.86 -28.62 -51.52 305.01 280.84 51.61 0.60
0.00 5934.20
438.40 -31.46 -32.60 -47.50 306.36 278.75 58.76 0.60
0.00 6500.88
405.70 -35.66 -36.54 -52.86 307.59 275.39 62.04 0.60
0.00 7044.56
376.00 -38.76 -39.41 -52.37 310.28 266.45 69.09 0.50
0.00 7569.63
349.20 -41.16 -41.52 -47.54 313.93 256.71 82.83 0.40
0.00 8074.39
324.90 -44.76 -44.98 -49.44 315.42 255.04 91.08 0.40
8.00 8560.43
302.90 -48.76 -48.91 -53.20 316.01 254.18 95.49 0.40
0.00 9025.09
283.10 -52.06 -52.19 -57.10 317.32 255.10 93.67 0.40
0.00 9465.87
265.30 -53.06 -53.25 -63.02 321.68 254.04 91.12 0.30
0.00 9885.19
248.60 -52.06 -52.32 -66.52 329.16 252.45 87.61 0.20
0.00 10305.01
233.50 -51.46 -51.79 -71.85 335.97 251.61 84.34 0.10
0.00 10711.09
219.60 -51.96 -52.29 -72.27 341.14 251.02 83.61 0.00
0.00 11108.92
205.60 -52.16 -52.51 -72.72 347.31 252.15 84.29 0.10
0.00 11535.24
191.70 -51.56 -51.96 -73.19 355.29 254.04 79.80 0.10
0.00 11988.67
177.70 -50.86 -9999.00 -9999.00 -9999.00 250.55 69.42 0.10
0.00 12481.33
163.80 -50.66 -9999.00 -9999.00 -9999.00 241.54 63.19 0.10
0.00 13011.55
149.80 -51.56 -9999.00 -9999.00 -9999.00 236.82 60.33 0.10
0.00 13592.24
135.90 -52.86 -9999.00 -9999.00 -9999.00 237.44 54.86 0.00
0.00 14222.03
121.90 -54.66 -9999.00 -9999.00 -9999.00 237.28 44.56 0.00
0.00 14920.20
107.90 -57.46 -9999.00 -9999.00 -9999.00 230.87 33.55 0.00
0.00 15695.43
94.00 -59.16 -9999.00 -9999.00 -9999.00 222.04 34.52 0.00
0.00 16562.70
81.00 -58.66 -9999.00 -9999.00 -9999.00 227.62 36.03 0.00
0.00 17496.13
70.60 -57.96 -9999.00 -9999.00 -9999.00 236.63 29.31 0.00
0.00 18360.31
62.20 -56.76 -9999.00 -9999.00 -9999.00 227.62 27.08 0.00
0.00 19160.45
54.30 -54.96 -9999.00 -9999.00 -9999.00 217.96 22.42 0.00
0.00 20024.39
46.90 -55.26 -9999.00 -9999.00 -9999.00 204.74 21.81 0.00
0.00 20959.44
40.10 -55.96 -9999.00 -9999.00 -9999.00 211.57 21.89 0.00
0.00 21956.89
33.80 -56.36 -9999.00 -9999.00 -9999.00 220.34 18.61 0.00
0.00 23042.47
27.80 -57.16 -9999.00 -9999.00 -9999.00 254.74 6.64 0.00
0.00 24280.30
22.30 -59.06 -9999.00 -9999.00 -9999.00 177.21 7.96 0.00
0.00 25667.93
17.10 -56.56 -9999.00 -9999.00 -9999.00 216.25 7.23 0.00
0.00 27341.50
12.30 -53.86 -9999.00 -9999.00 -9999.00 248.50 6.90 0.00
0.00 29443.39

STID = KFSD STNM = 726510 TIME = 221026/1700 
SLAT = 43.58 SLON = -96.73 SELV = 441.0
STIM = 5

SHOW = 6.98 LIFT = 8.40 SWET = 73.30 KINX = 10.64
LCLP = 809.38 PWAT = 8.45 TOTL = 43.78 CAPE = 0.00
LCLT = 267.76 CINS = 0.00 EQLV = -9999.00 LFCT = -9999.00
BRCH = 0.00

PRES TMPC TMWC DWPC THTE DRCT SKNT OMEG
CFRL HGHT
964.20 8.34 3.56 -3.05 293.71 200.77 6.02 0.00
0.00 451.27
961.40 7.84 3.26 -3.13 293.41 200.92 7.07 0.00
0.00 475.25
956.10 7.24 2.90 -3.21 293.24 200.73 7.69 0.00
0.00 520.76
947.00 6.34 2.36 -3.29 293.13 202.31 8.20 0.00
0.00 599.28
933.70 5.24 1.71 -3.36 293.23 208.86 10.86 0.00
0.00 714.98
916.60 5.94 2.02 -3.48 295.63 217.48 14.69 -0.10
0.00 866.09
896.20 5.74 1.52 -4.54 296.83 224.52 16.34 -0.10
0.00 1050.25
873.90 4.54 0.36 -6.00 296.99 227.45 16.08 -0.10
0.00 1255.87
849.90 2.94 -0.94 -7.17 297.16 224.44 14.14 -0.10
0.00 1481.95
823.10 0.84 -2.49 -8.14 297.29 229.40 12.53 -0.10
0.00 1740.31
793.50 -1.56 -3.82 -7.63 298.36 249.44 13.29 0.00
0.00 2033.21
761.20 -4.36 -5.87 -8.59 298.56 264.09 17.00 0.00
0.00 2362.42
726.20 -6.56 -8.96 -14.55 297.45 278.60 23.39 0.10
0.00 2731.74
688.40 -9.26 -11.78 -18.93 297.60 283.63 26.38 0.20
0.00 3147.14
647.90 -11.96 -14.92 -26.51 297.95 276.34 28.15 0.30
0.00 3613.37
604.60 -14.66 -17.80 -35.15 299.59 275.64 31.62 0.40
0.00 4139.63
558.90 -18.36 -20.98 -38.38 301.77 277.47 35.86 0.40
0.00 4730.16
514.40 -22.46 -24.69 -45.34 303.62 279.81 42.19 0.40
0.00 5344.05
474.30 -26.86 -28.41 -43.62 305.43 279.57 50.23 0.30
0.00 5934.44
438.20 -31.46 -32.49 -44.35 306.58 277.57 56.04 0.20
0.00 6499.88
405.60 -35.56 -36.43 -51.72 307.78 274.65 57.50 0.20
0.00 7042.21
375.90 -38.86 -39.43 -49.63 310.29 264.08 64.06 0.10
0.00 7567.42
349.10 -41.76 -41.98 -45.41 313.29 251.38 77.27 0.10
86.00 8071.58
324.80 -45.46 -45.64 -49.44 314.48 252.49 83.92 0.10
75.00 8556.39
302.90 -49.06 -49.17 -52.31 315.63 255.47 86.69 0.20
99.00 9018.00
283.10 -52.36 -52.45 -55.84 316.93 255.60 88.25 0.20
0.00 9458.19
265.20 -53.76 -53.93 -63.03 320.69 251.96 88.46 0.20
0.00 9878.99
248.60 -53.06 -53.29 -66.52 327.67 249.76 89.86 0.20
0.00 10294.76
233.40 -52.46 -52.75 -71.85 334.49 251.37 89.37 0.20
0.00 10701.77
219.60 -52.66 -52.97 -72.27 340.06 253.15 84.44 0.10
0.00 11095.30
205.60 -52.96 -53.28 -72.72 346.05 253.63 79.97 0.10
0.00 11520.18
191.70 -51.66 -9999.00 -9999.00 -9999.00 254.22 74.28 0.10
0.00 11972.68
177.70 -50.46 -9999.00 -9999.00 -9999.00 248.39 64.36 0.00
0.00 12465.68
163.80 -50.46 -9999.00 -9999.00 -9999.00 238.14 64.04 0.00
0.00 12996.61
149.80 -50.96 -9999.00 -9999.00 -9999.00 234.77 62.30 0.00
0.00 13578.35
135.90 -52.56 -9999.00 -9999.00 -9999.00 235.53 55.61 0.00
0.00 14209.42
121.90 -54.66 -9999.00 -9999.00 -9999.00 236.99 45.63 0.00
0.00 14908.07
107.90 -57.56 -9999.00 -9999.00 -9999.00 231.93 35.28 0.00
0.00 15683.12
94.00 -59.76 -9999.00 -9999.00 -9999.00 222.06 34.79 0.00
0.00 16548.98
81.00 -59.06 -9999.00 -9999.00 -9999.00 223.96 37.78 0.10
0.00 17480.23
70.60 -57.36 -9999.00 -9999.00 -9999.00 232.99 32.60 0.10
0.00 18344.81
62.20 -56.46 -9999.00 -9999.00 -9999.00 224.14 27.60 0.00
0.00 19146.62
54.30 -54.96 -9999.00 -9999.00 -9999.00 217.41 24.94 0.00
0.00 20011.15
46.90 -54.46 -9999.00 -9999.00 -9999.00 205.50 23.47 0.00
0.00 20947.92
40.10 -56.16 -9999.00 -9999.00 -9999.00 209.23 24.26 0.00
0.00 21946.74
33.80 -57.06 -9999.00 -9999.00 -9999.00 211.72 20.32 0.00
0.00 23030.08
27.80 -57.86 -9999.00 -9999.00 -9999.00 226.22 6.45 0.00
0.00 24263.90
22.30 -59.46 -9999.00 -9999.00 -9999.00 190.84 9.30 0.00
0.00 25647.97
17.10 -55.86 -9999.00 -9999.00 -9999.00 230.44 5.79 0.00
0.00 27322.72
12.30 -53.16 -9999.00 -9999.00 -9999.00 287.10 5.28 0.00
0.00 29431.35

STID = KFSD STNM = 726510 TIME = 221026/1800 
SLAT = 43.58 SLON = -96.73 SELV = 441.0
STIM = 6

SHOW = 6.92 LIFT = 7.76 SWET = 199.93 KINX = 10.59
LCLP = 782.35 PWAT = 8.42 TOTL = 43.65 CAPE = 0.00
LCLT = 267.27 CINS = 0.00 EQLV = -9999.00 LFCT = -9999.00
BRCH = 0.00

PRES TMPC TMWC DWPC THTE DRCT SKNT OMEG
CFRL HGHT
965.10 10.64 4.75 -3.08 296.03 203.55 8.26 0.00
0.00 450.48
962.10 10.04 4.40 -3.17 295.63 203.50 9.75 0.00
0.00 476.36
956.90 9.44 4.05 -3.24 295.46 203.20 10.35 0.00
0.00 521.33
947.80 8.54 3.52 -3.37 295.32 203.86 11.05 -0.10
0.00 600.39
934.40 7.34 2.79 -3.56 295.26 204.84 11.56 -0.20
0.00 717.77
917.30 6.14 2.05 -3.72 295.61 212.09 13.52 -0.30
0.00 869.38
896.90 5.94 1.63 -4.53 296.98 219.89 16.96 -0.30
0.00 1053.53
874.60 5.04 0.62 -6.08 297.40 223.69 18.01 -0.30
0.00 1259.25
850.50 3.34 -0.82 -7.57 297.30 221.85 17.46 -0.30
0.00 1486.45
823.70 1.24 -2.16 -7.78 297.87 225.49 16.06 -0.20
0.00 1745.00
794.10 -1.26 -3.53 -7.29 298.83 242.50 15.99 -0.10
0.00 2038.08
761.80 -3.86 -5.87 -9.59 298.47 259.38 18.98 0.00
0.00 2367.50
726.70 -6.36 -8.78 -14.33 297.71 277.00 22.32 0.10
0.00 2738.07
688.90 -9.16 -11.67 -18.74 297.71 276.29 24.83 0.10
0.00 3153.41
648.30 -11.56 -14.77 -27.86 298.10 272.00 27.80 0.10
0.00 3620.92
605.00 -14.16 -17.44 -35.46 300.08 274.62 31.37 0.20
0.00 4147.74
559.20 -18.06 -20.77 -38.77 302.04 275.08 35.10 0.20
0.00 4740.13
514.70 -22.36 -24.59 -44.66 303.72 273.95 39.53 0.20
0.00 5354.16
474.40 -26.86 -28.32 -41.63 305.55 273.39 45.92 0.10
0.00 5947.38
438.30 -31.36 -32.31 -42.38 306.83 271.58 49.36 0.10
0.00 6512.84
405.70 -35.76 -36.52 -48.19 307.65 270.88 50.51 0.20
0.00 7054.93
376.00 -39.46 -39.89 -46.88 309.61 260.64 56.10 0.10
0.00 7579.13
349.10 -42.46 -42.66 -45.90 312.30 250.66 69.79 0.10
100.00 8083.70
324.90 -45.76 -45.90 -48.79 314.07 252.28 79.12 0.10
100.00 8565.39
302.90 -49.36 -49.44 -51.49 315.24 255.90 82.11 0.20
100.00 9028.41
283.10 -52.76 -52.84 -55.84 316.35 256.32 82.96 0.30
0.00 9467.91
265.20 -54.36 -54.51 -63.03 319.81 250.60 84.23 0.30
0.00 9887.76
248.60 -54.06 -54.26 -66.52 326.18 248.41 89.20 0.30
0.00 10302.02
233.50 -53.06 -53.33 -71.85 333.54 251.07 92.81 0.30
0.00 10704.80
219.60 -52.96 -53.26 -72.27 339.60 253.79 86.99 0.20
0.00 11100.29
205.60 -52.76 -53.08 -72.72 346.36 252.47 78.03 0.20
0.00 11525.07
191.70 -51.06 -9999.00 -9999.00 -9999.00 252.67 73.06 0.10
0.00 11978.39
177.70 -49.96 -9999.00 -9999.00 -9999.00 246.97 62.06 0.10
0.00 12472.61
163.80 -50.66 -9999.00 -9999.00 -9999.00 235.58 63.58 0.00
0.00 13003.90
149.80 -51.36 -9999.00 -9999.00 -9999.00 233.72 64.34 0.00
0.00 13584.85
135.90 -52.56 -9999.00 -9999.00 -9999.00 235.09 58.04 0.00
0.00 14215.35
121.90 -54.46 -9999.00 -9999.00 -9999.00 237.15 47.63 0.00
0.00 14914.32
107.90 -56.86 -9999.00 -9999.00 -9999.00 233.25 36.36 0.00
0.00 15690.98
94.00 -59.36 -9999.00 -9999.00 -9999.00 224.33 35.30 0.00
0.00 16559.05
81.00 -58.26 -9999.00 -9999.00 -9999.00 223.79 39.02 0.00
0.00 17492.92
70.60 -55.46 -9999.00 -9999.00 -9999.00 225.70 33.66 0.00
0.00 18362.93
62.20 -55.36 -9999.00 -9999.00 -9999.00 219.47 25.66 0.00
0.00 19170.30
54.30 -55.46 -9999.00 -9999.00 -9999.00 213.16 23.45 0.00
0.00 20036.03
46.90 -55.36 -9999.00 -9999.00 -9999.00 207.27 21.19 0.00
0.00 20969.79
40.10 -57.56 -9999.00 -9999.00 -9999.00 212.62 23.06 0.00
0.00 21963.34
33.80 -58.46 -9999.00 -9999.00 -9999.00 209.68 22.36 0.00
0.00 23039.67
27.80 -58.66 -9999.00 -9999.00 -9999.00 217.78 9.83 0.00
0.00 24267.20
22.30 -59.06 -9999.00 -9999.00 -9999.00 211.89 10.30 0.00
0.00 25649.99
17.10 -55.06 -9999.00 -9999.00 -9999.00 244.18 6.68 0.00
0.00 27329.39
12.30 -52.96 -9999.00 -9999.00 -9999.00 288.43 4.91 0.00
0.00 29442.85

STID = KFSD STNM = 726510 TIME = 221026/1900 
SLAT = 43.58 SLON = -96.73 SELV = 441.0
STIM = 7

SHOW = 6.95 LIFT = 7.31 SWET = 184.59 KINX = 10.80
LCLP = 767.28 PWAT = 8.35 TOTL = 43.58 CAPE = 0.00
LCLT = 267.13 CINS = 0.00 EQLV = -9999.00 LFCT = -9999.00
BRCH = 0.00

PRES TMPC TMWC DWPC THTE DRCT SKNT OMEG
CFRL HGHT
963.50 11.94 5.43 -2.98 297.62 204.08 10.00 0.00
0.00 451.41
960.60 11.34 5.09 -3.06 297.22 202.83 12.00 0.00
0.00 476.58
955.40 10.74 4.75 -3.13 297.05 203.09 12.88 0.00
0.00 521.82
946.30 9.84 4.22 -3.26 296.92 203.30 13.75 0.00
0.00 601.38
933.00 8.64 3.50 -3.45 296.85 204.12 14.26 0.00
0.00 718.61
915.90 7.14 2.59 -3.70 296.83 205.20 14.61 -0.10
0.00 871.07
895.50 5.54 1.51 -4.21 296.91 206.90 15.03 -0.10
0.00 1055.71
873.30 4.54 0.55 -5.37 297.44 215.31 17.13 -0.20
0.00 1260.50
849.30 3.34 -0.79 -7.43 297.51 220.34 18.61 -0.20
0.00 1486.90
822.50 1.24 -2.15 -7.75 298.02 222.32 17.60 -0.20
0.00 1745.82
793.00 -1.26 -3.69 -7.78 298.66 237.93 17.19 -0.20
0.00 2038.32
760.70 -3.46 -6.12 -11.39 298.11 262.29 18.82 -0.10
0.00 2368.41
725.80 -6.26 -8.69 -14.21 297.98 279.28 20.47 0.00
0.00 2737.67
688.00 -9.16 -11.66 -18.66 297.85 272.45 22.75 0.10
0.00 3153.62
647.60 -11.26 -14.65 -28.81 298.37 271.71 26.05 0.20
0.00 3619.65
604.30 -13.86 -17.20 -35.16 300.56 273.32 30.17 0.30
0.00 4147.65
558.70 -17.76 -20.66 -41.55 302.27 267.76 34.79 0.30
0.00 4738.75
514.30 -22.16 -24.45 -45.34 304.00 261.58 38.48 0.20
0.00 5352.50
474.10 -26.86 -28.32 -41.64 305.61 261.57 42.42 0.00
0.00 5944.91
438.10 -31.46 -32.35 -41.52 306.81 264.96 44.27 -0.10
0.00 6508.99
405.50 -35.76 -36.33 -43.56 307.98 265.28 44.83 -0.10
0.00 7051.25
375.80 -39.36 -39.61 -42.97 310.08 250.80 54.91 -0.10
100.00 7575.85
349.00 -42.66 -42.82 -45.41 312.09 250.30 66.84 -0.10
100.00 8078.65
324.80 -46.06 -46.18 -48.79 313.68 254.49 73.39 0.00
100.00 8559.96
302.90 -49.66 -49.80 -54.18 314.71 258.00 75.66 0.20
62.00 9020.34
283.10 -53.06 -53.16 -57.10 315.88 255.00 78.03 0.20
0.00 9459.24
265.20 -54.46 -54.61 -63.03 319.67 247.05 81.22 0.20
0.00 9878.70
248.60 -54.86 -55.06 -71.42 324.94 245.50 89.01 0.20
0.00 10292.10
233.40 -53.26 -53.53 -71.85 333.28 248.37 93.82 0.20
0.00 10696.72
219.60 -52.76 -53.06 -72.27 339.91 251.81 86.50 0.20
0.00 11089.44
205.60 -51.96 -52.32 -72.72 347.62 250.57 77.66 0.20
0.00 11515.19
191.70 -51.16 -9999.00 -9999.00 -9999.00 250.38 76.92 0.10
0.00 11969.23
177.70 -50.46 -9999.00 -9999.00 -9999.00 247.63 65.33 0.10
0.00 12462.78
163.80 -51.26 -9999.00 -9999.00 -9999.00 235.91 62.39 0.00
0.00 12992.76
149.80 -51.76 -9999.00 -9999.00 -9999.00 233.69 63.64 0.00
0.00 13572.40
135.90 -52.86 -9999.00 -9999.00 -9999.00 232.11 61.03 0.00
0.00 14201.91
121.90 -54.66 -9999.00 -9999.00 -9999.00 235.03 52.86 0.00
0.00 14900.08
107.90 -56.76 -9999.00 -9999.00 -9999.00 233.35 39.70 -0.10
0.00 15676.56
94.00 -59.76 -9999.00 -9999.00 -9999.00 226.33 35.45 -0.10
0.00 16544.03
81.00 -59.96 -9999.00 -9999.00 -9999.00 224.23 40.66 0.00
0.00 17473.32
70.60 -56.96 -9999.00 -9999.00 -9999.00 226.29 36.54 0.00
0.00 18336.90
62.20 -55.86 -9999.00 -9999.00 -9999.00 220.96 27.27 0.00
0.00 19140.56
54.30 -56.46 -9999.00 -9999.00 -9999.00 211.86 23.56 0.00
0.00 20003.30
46.90 -56.56 -9999.00 -9999.00 -9999.00 210.36 22.28 0.00
0.00 20932.35
40.10 -57.46 -9999.00 -9999.00 -9999.00 213.44 24.67 0.00
0.00 21923.38
33.80 -57.66 -9999.00 -9999.00 -9999.00 211.23 21.35 0.00
0.00 23001.96
27.80 -57.56 -9999.00 -9999.00 -9999.00 212.28 8.72 0.00
0.00 24234.93
22.30 -57.86 -9999.00 -9999.00 -9999.00 210.11 11.23 0.00
0.00 25625.13
17.10 -54.36 -9999.00 -9999.00 -9999.00 232.85 8.04 0.00
0.00 27311.92
12.30 -52.86 -9999.00 -9999.00 -9999.00 272.12 5.24 0.00
0.00 29429.24

STID = KFSD STNM = 726510 TIME = 221026/2000 
SLAT = 43.58 SLON = -96.73 SELV = 441.0
STIM = 8

SHOW = 6.91 LIFT = 6.81 SWET = 182.43 KINX = 11.16
LCLP = 757.94 PWAT = 8.25 TOTL = 43.50 CAPE = 0.00
LCLT = 267.17 CINS = 0.00 EQLV = -9999.00 LFCT = -9999.00
BRCH = 0.00

PRES TMPC TMWC DWPC THTE DRCT SKNT OMEG
CFRL HGHT
963.00 12.94 5.98 -2.78 298.86 206.57 9.56 0.00
0.00 451.45
960.20 12.34 5.65 -2.86 298.45 204.84 11.56 0.00
0.00 475.86
954.90 11.84 5.37 -2.93 298.40 204.96 12.43 0.00
0.00 522.16
945.80 10.94 4.83 -3.10 298.24 205.43 13.11 0.00
0.00 602.07
932.50 9.74 4.12 -3.29 298.18 206.57 13.91 0.10
0.00 719.82
915.40 8.24 3.20 -3.58 298.14 207.26 14.41 0.10
0.00 872.97
895.00 6.44 1.95 -4.38 297.81 208.91 14.86 0.10
0.00 1058.36
872.80 4.94 0.80 -5.28 297.98 210.47 15.33 0.10
0.00 1263.75
848.80 3.64 -0.61 -7.39 297.91 218.09 18.26 0.10
0.00 1490.57
822.10 1.44 -1.98 -7.56 298.39 224.59 19.09 0.20
0.00 1748.90
792.60 -0.86 -3.84 -9.09 298.40 242.10 18.69 0.20
0.00 2041.85
760.40 -3.16 -6.25 -12.63 297.90 262.80 18.61 0.20
0.00 2371.44
725.40 -6.26 -8.69 -14.22 298.03 271.75 19.04 0.20
0.00 2742.12
687.80 -9.26 -11.70 -18.48 297.83 264.81 21.46 0.10
0.00 3155.97
647.30 -11.36 -14.58 -27.35 298.55 270.00 24.28 0.10
0.00 3623.17
604.10 -13.76 -17.11 -34.85 300.74 273.76 29.58 0.10
0.00 4150.18
558.50 -17.36 -20.35 -41.55 302.77 264.32 35.33 0.10
0.00 4742.05
514.10 -21.86 -24.10 -42.33 304.57 258.86 39.20 0.10
0.00 5356.89
474.00 -26.76 -28.35 -44.18 305.57 258.20 39.88 0.20
0.00 5948.48
438.00 -31.46 -32.47 -43.82 306.66 257.63 38.99 0.20
0.00 6512.78
405.40 -35.66 -36.13 -41.47 308.31 251.73 43.38 0.10
0.00 7055.28
375.80 -39.06 -39.31 -42.57 310.51 249.57 60.12 0.00
54.00 7578.64
349.00 -42.06 -42.33 -46.97 312.80 252.89 69.31 0.10
55.00 8082.41
324.80 -45.76 -46.00 -51.71 313.95 254.52 72.77 0.10
30.00 8564.66
302.90 -49.96 -50.11 -55.29 314.24 255.96 74.48 0.10
2.00 9025.02
283.10 -53.16 -53.28 -58.56 315.70 251.85 75.43 0.00
0.00 9463.53
265.20 -54.86 -55.00 -63.03 319.08 243.50 79.66 0.00
0.00 9882.51
248.60 -55.56 -55.74 -71.42 323.90 244.61 89.24 0.00
0.00 10294.87
233.40 -54.66 -54.88 -71.85 331.16 248.69 92.99 0.10
0.00 10697.55
219.60 -53.56 -53.83 -72.27 338.67 250.90 84.29 0.10
0.00 11088.31
205.60 -52.06 -52.41 -72.72 347.46 247.55 76.30 0.10
0.00 11513.19
191.70 -51.66 -9999.00 -9999.00 -9999.00 246.93 76.85 0.10
0.00 11966.62
177.70 -51.36 -9999.00 -9999.00 -9999.00 247.96 68.32 0.10
0.00 12458.61
163.80 -51.56 -9999.00 -9999.00 -9999.00 236.05 60.18 0.10
0.00 12987.16
149.80 -52.36 -9999.00 -9999.00 -9999.00 231.50 64.28 0.10
0.00 13565.63
135.90 -53.16 -9999.00 -9999.00 -9999.00 230.91 61.31 0.10
0.00 14193.85
121.90 -54.76 -9999.00 -9999.00 -9999.00 232.60 55.01 0.10
0.00 14891.39
108.00 -56.16 -9999.00 -9999.00 -9999.00 233.64 43.90 0.00
0.00 15662.85
94.00 -59.06 -9999.00 -9999.00 -9999.00 228.18 34.67 0.00
0.00 16538.79
81.00 -60.36 -9999.00 -9999.00 -9999.00 225.40 39.57 0.00
0.00 17468.74
70.60 -57.16 -9999.00 -9999.00 -9999.00 231.84 38.03 0.00
0.00 18331.11
62.20 -55.06 -9999.00 -9999.00 -9999.00 226.70 27.76 0.00
0.00 19135.88
54.30 -55.66 -9999.00 -9999.00 -9999.00 215.06 27.06 0.00
0.00 20001.81
46.90 -56.16 -9999.00 -9999.00 -9999.00 212.56 27.43 0.00
0.00 20933.43
40.10 -56.46 -9999.00 -9999.00 -9999.00 212.24 29.86 0.00
0.00 21927.67
33.80 -56.76 -9999.00 -9999.00 -9999.00 214.23 22.79 0.00
0.00 23011.00
27.80 -57.26 -9999.00 -9999.00 -9999.00 191.69 11.50 0.00
0.00 24247.40
22.30 -58.36 -9999.00 -9999.00 -9999.00 201.52 14.82 0.00
0.00 25636.96
17.10 -54.86 -9999.00 -9999.00 -9999.00 243.43 8.26 0.00
0.00 27319.87
12.30 -53.46 -9999.00 -9999.00 -9999.00 266.42 6.24 0.00
0.00 29431.87

STID = KFSD STNM = 726510 TIME = 221026/2100 
SLAT = 43.58 SLON = -96.73 SELV = 441.0
STIM = 9

SHOW = 6.17 LIFT = 5.93 SWET = 177.73 KINX = 12.09
LCLP = 746.31 PWAT = 8.11 TOTL = 44.95 CAPE = 0.00
LCLT = 266.77 CINS = 0.00 EQLV = -9999.00 LFCT = -9999.00
BRCH = 0.00

PRES TMPC TMWC DWPC THTE DRCT SKNT OMEG
CFRL HGHT
962.60 13.74 6.31 -2.99 299.60 206.03 9.30 0.00
0.00 451.48
959.80 13.24 6.04 -3.07 299.29 205.68 11.21 0.00
0.00 475.97
954.50 12.74 5.75 -3.15 299.24 205.74 12.08 0.00
0.00 522.44
945.40 11.94 5.27 -3.32 299.19 205.02 12.86 0.00
0.00 602.65
932.10 10.64 4.51 -3.50 299.04 206.57 13.46 0.00
0.00 720.84
915.00 9.14 3.60 -3.79 299.00 206.57 13.91 0.10
0.00 874.54
894.70 7.34 2.50 -4.13 298.98 207.94 14.51 0.10
0.00 1059.69
872.50 5.74 1.11 -5.69 298.62 209.56 14.96 0.10
0.00 1265.77
848.50 3.84 -0.29 -6.66 298.59 216.18 16.12 0.20
0.00 1493.08
821.70 2.04 -2.08 -9.16 298.20 230.88 18.78 0.30
0.00 1752.85
792.30 -0.16 -4.08 -11.61 297.93 243.17 18.51 0.20
0.00 2045.56
760.10 -2.76 -6.25 -13.71 297.91 251.37 18.24 0.10
0.00 2375.89
725.20 -6.06 -8.77 -15.15 297.89 253.02 19.29 -0.10
0.00 2746.01
687.60 -9.26 -11.66 -18.31 297.91 254.13 20.59 -0.20
0.00 3160.13
647.20 -11.56 -14.54 -25.74 298.65 263.99 22.26 -0.10
0.00 3626.11
604.00 -13.86 -17.13 -33.97 300.73 270.00 28.94 -0.10
0.00 4152.92
558.40 -17.36 -20.29 -40.08 302.89 263.94 34.97 0.00
0.00 4744.79
514.00 -22.16 -24.36 -42.87 304.19 259.51 37.33 0.10
0.00 5359.38
474.00 -26.96 -28.30 -39.60 305.67 254.83 35.63 0.10
0.00 5948.98
437.90 -31.46 -32.04 -36.92 307.33 247.25 39.18 0.00
0.00 6514.73
405.40 -35.16 -35.52 -39.10 309.20 249.86 53.59 0.00
16.00 7056.23
375.70 -38.26 -38.63 -43.38 311.53 256.55 64.32 0.10
4.00 7582.89
349.00 -41.86 -42.22 -48.81 312.96 253.86 70.57 0.20
0.00 8085.92
324.80 -45.96 -46.21 -52.61 313.64 251.66 74.09 0.20
0.00 8568.16
302.90 -50.06 -50.18 -54.18 314.14 250.23 76.38 0.10
66.00 9028.22
283.10 -53.56 -53.64 -57.10 315.17 248.17 75.76 0.00
0.00 9466.23
265.20 -55.56 -55.68 -63.03 318.06 242.63 80.71 -0.10
0.00 9884.16
248.60 -56.46 -56.60 -66.52 322.61 246.00 85.49 0.00
0.00 10295.01
233.40 -56.26 -56.41 -66.97 328.78 249.31 87.41 0.00
0.00 10695.38
219.60 -54.46 -54.68 -67.41 337.33 250.09 80.98 0.10
0.00 11083.92
205.60 -53.06 -53.37 -72.72 345.89 246.28 73.41 0.10
0.00 11506.96
191.70 -52.36 -52.73 -73.19 354.00 245.31 74.40 0.10
0.00 11958.65
177.70 -51.36 -9999.00 -9999.00 -9999.00 246.91 68.84 0.10
0.00 12449.87
163.80 -51.46 -9999.00 -9999.00 -9999.00 237.13 60.14 0.10
0.00 12978.54
149.80 -52.86 -9999.00 -9999.00 -9999.00 232.61 64.30 0.10
0.00 13556.48
135.90 -53.46 -9999.00 -9999.00 -9999.00 234.23 62.49 0.10
0.00 14183.56
121.90 -53.96 -9999.00 -9999.00 -9999.00 234.25 55.54 0.10
0.00 14881.90
107.90 -55.36 -9999.00 -9999.00 -9999.00 234.32 46.64 0.00
0.00 15662.12
94.00 -57.86 -9999.00 -9999.00 -9999.00 233.43 36.52 0.00
0.00 16536.26
81.00 -60.26 -9999.00 -9999.00 -9999.00 228.59 37.30 0.00
0.00 17469.03
70.60 -56.96 -9999.00 -9999.00 -9999.00 235.18 38.09 0.00
0.00 18332.01
62.20 -54.56 -9999.00 -9999.00 -9999.00 231.87 26.42 0.00
0.00 19138.08
54.30 -55.06 -9999.00 -9999.00 -9999.00 215.93 26.15 0.00
0.00 20006.19
46.90 -55.56 -9999.00 -9999.00 -9999.00 215.26 27.60 0.00
0.00 20940.39
40.10 -56.16 -9999.00 -9999.00 -9999.00 215.12 28.03 0.00
0.00 21936.69
33.80 -56.56 -9999.00 -9999.00 -9999.00 225.76 20.61 0.00
0.00 23021.28
27.80 -58.16 -9999.00 -9999.00 -9999.00 213.42 11.64 0.00
0.00 24255.67
22.30 -58.76 -9999.00 -9999.00 -9999.00 220.45 15.58 0.00
0.00 25641.04
17.10 -55.06 -9999.00 -9999.00 -9999.00 254.05 7.07 0.00
0.00 27321.61
12.30 -54.26 -9999.00 -9999.00 -9999.00 263.83 7.23 0.00
0.00 29428.80

STID = KFSD STNM = 726510 TIME = 221026/2200 
SLAT = 43.58 SLON = -96.73 SELV = 441.0
STIM = 10

SHOW = 5.86 LIFT = 5.38 SWET = 188.29 KINX = 12.64
LCLP = 736.64 PWAT = 8.21 TOTL = 45.41 CAPE = 0.00
LCLT = 266.15 CINS = 0.00 EQLV = -9999.00 LFCT = -9999.00
BRCH = 0.00

PRES TMPC TMWC DWPC THTE DRCT SKNT OMEG
CFRL HGHT
963.80 14.24 6.44 -3.44 299.70 199.29 8.24 0.00
0.00 450.61
960.90 13.94 6.24 -3.57 299.59 198.43 10.45 0.00
0.00 476.00
955.60 13.44 5.96 -3.64 299.54 198.74 11.48 0.00
0.00 522.52
946.60 12.64 5.48 -3.81 299.48 199.29 12.35 0.00
0.00 601.94
933.20 11.44 4.76 -4.05 299.41 199.25 12.96 0.00
0.00 721.18
916.10 9.94 3.86 -4.34 299.38 199.98 13.64 0.00
0.00 875.12
895.70 8.14 2.75 -4.72 299.34 201.66 14.22 0.00
0.00 1061.48
873.50 6.14 1.48 -5.18 299.27 202.50 14.72 0.00
0.00 1267.76
849.50 4.14 -0.20 -6.94 298.64 204.93 15.21 0.00
0.00 1495.10
822.70 2.24 -2.06 -9.54 298.11 219.47 17.11 0.00
0.00 1754.79
793.20 0.14 -4.11 -12.57 297.72 234.75 17.83 0.00
0.00 2048.39
760.90 -2.66 -6.15 -13.56 297.99 240.33 19.23 -0.10
0.00 2379.62
726.00 -5.86 -8.61 -14.99 298.08 244.74 19.11 -0.20
0.00 2749.55
688.20 -9.26 -11.56 -17.77 298.02 250.18 17.75 -0.10
0.00 3165.63
647.70 -11.76 -14.54 -24.58 298.61 257.41 20.49 -0.10
0.00 3632.22
604.50 -14.06 -17.22 -33.14 300.53 265.97 27.66 -0.10
0.00 4158.22
558.80 -17.66 -20.58 -41.55 302.37 262.41 32.34 -0.10
0.00 4750.36
514.40 -22.46 -24.40 -38.44 304.11 260.37 33.68 -0.10
0.00 5363.78
474.20 -27.06 -27.93 -33.71 306.22 252.31 33.24 -0.10
0.00 5955.54
438.10 -30.96 -31.36 -34.30 308.30 246.96 45.16 -0.20
34.00 6521.57
405.50 -34.46 -34.89 -39.10 310.09 257.29 54.76 -0.10
7.00 7065.92
375.80 -38.06 -38.47 -43.81 311.73 257.49 67.25 0.00
0.00 7593.44
349.10 -42.06 -42.40 -48.81 312.66 252.86 67.89 0.00
0.00 8096.33
324.80 -45.76 -45.95 -50.14 314.02 245.24 74.65 -0.10
11.00 8580.50
302.90 -49.76 -49.85 -52.31 314.64 244.22 76.36 -0.20
100.00 9041.08
283.10 -53.66 -53.69 -54.74 315.10 244.42 75.58 -0.20
0.00 9479.29
265.20 -55.96 -56.05 -60.82 317.52 245.79 78.17 -0.20
0.00 9896.75
248.60 -57.06 -57.18 -66.52 321.71 251.33 76.48 -0.10
0.00 10306.66
233.40 -56.86 -57.00 -66.97 327.87 252.63 79.37 0.00
0.00 10705.92
219.60 -54.56 -54.80 -72.27 337.13 253.84 78.87 0.00
0.00 11093.83
205.60 -52.66 -52.99 -72.72 346.52 249.80 69.76 0.10
0.00 11517.16
191.70 -52.36 -52.73 -73.19 354.00 243.01 70.63 0.10
0.00 11969.26
177.70 -51.66 -9999.00 -9999.00 -9999.00 245.38 71.79 0.10
0.00 12460.15
163.80 -51.56 -9999.00 -9999.00 -9999.00 243.05 64.28 0.10
0.00 12988.33
149.80 -52.86 -9999.00 -9999.00 -9999.00 235.92 63.79 0.10
0.00 13566.15
135.90 -53.66 -9999.00 -9999.00 -9999.00 237.00 62.76 0.10
0.00 14192.95
121.90 -53.96 -9999.00 -9999.00 -9999.00 236.09 56.41 0.00
0.00 14890.96
107.90 -55.36 -9999.00 -9999.00 -9999.00 234.63 47.65 0.00
0.00 15671.19
94.00 -57.86 -9999.00 -9999.00 -9999.00 236.39 38.95 0.00
0.00 16545.32
81.00 -60.06 -9999.00 -9999.00 -9999.00 231.23 32.89 0.00
0.00 17478.53
70.60 -57.56 -9999.00 -9999.00 -9999.00 232.39 36.29 0.00
0.00 18340.70
62.20 -54.46 -9999.00 -9999.00 -9999.00 232.86 25.10 0.00
0.00 19145.85
54.30 -55.16 -9999.00 -9999.00 -9999.00 215.70 24.63 0.00
0.00 20013.96
46.90 -55.76 -9999.00 -9999.00 -9999.00 215.30 26.90 0.00
0.00 20947.51
40.10 -56.46 -9999.00 -9999.00 -9999.00 219.55 27.47 0.00
0.00 21942.66
33.80 -56.16 -9999.00 -9999.00 -9999.00 236.31 21.72 0.00
0.00 23027.50
27.80 -58.26 -9999.00 -9999.00 -9999.00 233.13 14.57 0.00
0.00 24262.75
22.30 -57.66 -9999.00 -9999.00 -9999.00 236.15 19.17 0.00
0.00 25651.35
17.10 -54.26 -9999.00 -9999.00 -9999.00 289.03 5.96 0.00
0.00 27339.30
12.30 -54.56 -9999.00 -9999.00 -9999.00 287.45 7.13 0.00
0.00 29448.90

STID = KFSD STNM = 726510 TIME = 221026/2300 
SLAT = 43.58 SLON = -96.73 SELV = 441.0
STIM = 11

SHOW = 5.46 LIFT = 5.40 SWET = 195.28 KINX = 12.27
LCLP = 743.42 PWAT = 8.38 TOTL = 46.22 CAPE = 0.00
LCLT = 265.83 CINS = 0.00 EQLV = -9999.00 LFCT = -9999.00
BRCH = 0.00

PRES TMPC TMWC DWPC THTE DRCT SKNT OMEG
CFRL HGHT
963.70 13.14 5.77 -3.89 298.27 175.24 4.68 0.00
0.00 451.45
960.80 13.64 5.96 -4.06 298.97 180.00 7.96 0.00
0.00 476.77
955.60 13.44 5.78 -4.31 299.11 183.18 10.51 -0.10
0.00 522.39
946.50 12.84 5.38 -4.53 299.25 186.34 12.32 -0.10
0.00 602.72
933.20 11.74 4.71 -4.81 299.25 188.37 13.34 -0.20
0.00 721.16
916.10 10.24 3.80 -5.10 299.22 190.23 14.22 -0.20
0.00 875.25
895.70 8.44 2.68 -5.49 299.18 192.77 14.94 -0.20
0.00 1061.79
873.50 6.44 1.44 -5.86 299.16 194.38 15.64 -0.20
0.00 1268.27
849.40 4.24 -0.00 -6.46 299.04 196.50 16.41 -0.20
0.00 1496.73
822.70 1.94 -1.84 -8.09 298.57 200.48 17.21 -0.10
0.00 1755.40
793.10 -0.06 -3.97 -11.41 298.04 219.25 17.81 -0.20
0.00 2049.79
760.90 -2.56 -5.79 -12.30 298.66 238.31 18.49 -0.20
0.00 2379.99
725.90 -5.56 -8.56 -15.67 298.16 242.16 19.54 -0.20
0.00 2751.30
688.20 -9.06 -11.59 -18.66 297.94 243.15 17.19 -0.20
0.00 3166.67
647.70 -11.76 -14.54 -24.58 298.61 252.74 20.96 -0.10
0.00 3633.42
604.40 -14.36 -17.44 -33.14 300.20 261.32 25.74 0.00
0.00 4160.38
558.80 -17.96 -20.77 -40.54 302.09 259.93 29.99 0.10
0.00 4750.58
514.30 -22.76 -24.38 -34.53 304.20 259.27 30.24 0.10
0.00 5364.74
474.20 -26.86 -27.38 -30.34 307.07 245.97 35.30 0.00
0.00 5955.03
438.10 -30.86 -31.21 -33.68 308.53 249.62 43.51 0.00
95.00 6521.44
405.50 -34.16 -34.51 -37.68 310.65 260.36 60.30 0.10
61.00 7066.26
375.80 -38.36 -38.62 -41.81 311.51 253.32 64.28 0.10
77.00 7593.80
349.00 -42.76 -42.98 -46.97 311.85 250.14 64.02 0.00
25.00 8097.57
324.80 -46.36 -46.49 -49.44 313.23 245.54 70.84 -0.10
100.00 8578.45
302.90 -50.16 -50.23 -52.31 314.08 242.83 73.58 -0.10
100.00 9038.01
283.10 -53.86 -53.88 -54.74 314.81 241.95 73.95 -0.10
0.00 9475.63
265.20 -55.46 -55.56 -60.82 318.25 246.47 73.95 0.00
0.00 9893.38
248.60 -56.46 -56.60 -66.52 322.61 253.00 71.10 0.00
0.00 10304.33
233.40 -56.86 -57.00 -66.97 327.87 254.36 70.61 0.10
0.00 10704.14
219.60 -55.56 -55.77 -72.27 335.59 251.89 75.62 0.10
0.00 11091.16
205.60 -52.86 -53.18 -72.72 346.21 253.17 79.16 0.10
0.00 11513.33
191.70 -51.76 -52.15 -73.19 354.97 251.07 70.65 0.10
0.00 11965.84
177.70 -52.36 -9999.00 -9999.00 -9999.00 240.90 66.69 0.10
0.00 12456.62
163.80 -52.26 -9999.00 -9999.00 -9999.00 241.85 69.17 0.10
0.00 12983.14
149.80 -52.06 -9999.00 -9999.00 -9999.00 242.09 63.09 0.10
0.00 13561.08
135.90 -53.26 -9999.00 -9999.00 -9999.00 238.82 60.39 0.10
0.00 14189.59
121.90 -53.96 -9999.00 -9999.00 -9999.00 239.93 55.44 0.00
0.00 14888.24
107.90 -55.16 -9999.00 -9999.00 -9999.00 236.89 48.00 0.00
0.00 15668.83
94.00 -57.36 -9999.00 -9999.00 -9999.00 235.83 38.73 0.00
0.00 16544.37
81.00 -59.06 -9999.00 -9999.00 -9999.00 234.12 33.80 0.00
0.00 17480.85
70.60 -56.96 -9999.00 -9999.00 -9999.00 229.95 35.02 0.00
0.00 18346.24
62.20 -54.26 -9999.00 -9999.00 -9999.00 238.90 28.57 0.00
0.00 19152.87
54.30 -55.56 -9999.00 -9999.00 -9999.00 223.33 23.50 0.00
0.00 20020.58
46.90 -56.56 -9999.00 -9999.00 -9999.00 222.92 26.53 0.00
0.00 20951.56
40.10 -56.86 -9999.00 -9999.00 -9999.00 227.06 26.81 0.00
0.00 21943.96
33.80 -56.26 -9999.00 -9999.00 -9999.00 245.46 19.64 0.00
0.00 23027.55
27.80 -58.76 -9999.00 -9999.00 -9999.00 243.05 12.86 0.00
0.00 24261.09
22.30 -58.56 -9999.00 -9999.00 -9999.00 243.98 18.16 0.00
0.00 25645.16
17.10 -55.16 -9999.00 -9999.00 -9999.00 270.00 1.17 0.00
0.00 27326.12
12.30 -54.76 -9999.00 -9999.00 -9999.00 284.93 3.01 0.00
0.00 29430.42

STID = KFSD STNM = 726510 TIME = 221027/0000 
SLAT = 43.58 SLON = -96.73 SELV = 441.0
STIM = 12

SHOW = 5.74 LIFT = 6.05 SWET = 197.73 KINX = 10.92
LCLP = 767.04 PWAT = 8.75 TOTL = 45.51 CAPE = 0.00
LCLT = 265.89 CINS = 0.00 EQLV = -9999.00 LFCT = -9999.00
BRCH = 0.00

PRES TMPC TMWC DWPC THTE DRCT SKNT OMEG
CFRL HGHT
963.50 10.64 4.41 -4.25 295.44 150.02 5.83 -0.10
0.00 450.50
960.60 12.14 5.10 -4.47 297.16 159.55 12.24 -0.10
0.00 475.65
955.30 12.84 5.37 -4.73 298.25 163.37 15.62 -0.20
0.00 521.98
946.30 12.54 5.10 -5.05 298.63 168.93 18.20 -0.30
0.00 601.32
932.90 11.54 4.46 -5.33 298.75 173.60 19.15 -0.40
0.00 720.58
915.80 10.24 3.66 -5.62 298.93 178.84 19.23 -0.60
0.00 874.65
895.50 8.54 2.60 -5.96 299.02 183.58 18.69 -0.60
0.00 1060.34
873.30 6.54 1.37 -6.29 299.03 188.56 18.26 -0.60
0.00 1266.94
849.20 4.44 0.04 -6.70 299.14 192.53 17.91 -0.50
0.00 1495.56
822.50 1.84 -1.59 -7.02 299.11 197.06 17.87 -0.30
0.00 1754.35
793.00 -0.66 -3.61 -8.72 298.78 204.25 19.39 0.00
0.00 2047.49
760.70 -3.06 -5.41 -9.71 299.43 228.11 17.75 0.10
0.00 2378.20
725.80 -5.46 -8.38 -15.14 298.49 245.56 18.78 0.20
0.00 2748.31
688.10 -8.76 -11.63 -20.01 297.87 242.59 17.72 0.20
0.00 3164.04
647.60 -11.56 -14.43 -24.86 298.79 250.50 19.77 0.30
0.00 3631.28
604.30 -14.16 -17.31 -33.41 300.41 256.08 23.41 0.20
0.00 4158.73
558.70 -17.96 -20.61 -37.27 302.38 257.42 25.87 0.20
0.00 4749.27
514.30 -22.56 -23.64 -29.00 305.36 252.93 28.46 0.10
0.00 5362.42
474.10 -26.26 -26.78 -29.56 308.00 243.93 40.23 0.10
29.00 5955.25
438.10 -30.56 -31.02 -34.30 308.81 254.13 42.62 0.10
61.00 6521.20
405.50 -34.36 -34.71 -37.95 310.36 257.02 58.80 0.00
50.00 7066.12
375.80 -38.56 -38.80 -41.81 311.25 247.74 62.55 -0.10
82.00 7593.21
349.00 -42.96 -43.12 -45.90 311.65 243.99 63.33 -0.10
100.00 8096.56
324.80 -46.86 -46.97 -49.44 312.54 243.59 65.50 -0.20
100.00 8576.71
302.90 -50.76 -50.81 -52.31 313.23 243.14 67.93 -0.20
67.00 9035.14
283.10 -53.46 -53.57 -58.56 315.27 244.36 70.03 -0.20
0.00 9472.56
265.20 -54.56 -54.71 -63.03 319.52 245.84 70.26 -0.10
0.00 9891.54
248.60 -55.96 -56.11 -66.52 323.35 251.78 64.63 -0.10
0.00 10303.81
233.40 -56.16 -56.32 -66.97 328.93 252.69 62.67 0.00
0.00 10704.73
219.60 -55.26 -55.48 -72.27 336.05 246.97 67.54 0.10
0.00 11092.64
205.60 -54.36 -54.63 -72.72 343.85 245.59 80.85 0.10
0.00 11513.66
191.70 -53.16 -53.49 -73.19 352.72 251.43 79.91 0.10
0.00 11963.20
177.70 -51.66 -9999.00 -9999.00 -9999.00 247.02 59.71 0.10
0.00 12453.20
163.80 -52.46 -9999.00 -9999.00 -9999.00 235.94 65.89 0.10
0.00 12980.32
149.80 -52.66 -9999.00 -9999.00 -9999.00 243.29 67.40 0.10
0.00 13557.21
135.90 -52.26 -9999.00 -9999.00 -9999.00 243.43 55.59 0.00
0.00 14186.29
121.90 -54.06 -9999.00 -9999.00 -9999.00 238.17 54.88 0.00
0.00 14886.37
107.90 -55.16 -9999.00 -9999.00 -9999.00 240.37 48.72 0.00
0.00 15666.78
94.00 -57.36 -9999.00 -9999.00 -9999.00 238.85 40.17 0.00
0.00 16542.33
81.00 -58.66 -9999.00 -9999.00 -9999.00 235.49 33.94 0.00
0.00 17479.67
70.60 -56.96 -9999.00 -9999.00 -9999.00 232.39 33.10 0.00
0.00 18345.87
62.20 -55.26 -9999.00 -9999.00 -9999.00 234.06 28.79 0.00
0.00 19150.64
54.30 -55.66 -9999.00 -9999.00 -9999.00 222.80 21.45 0.00
0.00 20016.17
46.90 -56.96 -9999.00 -9999.00 -9999.00 223.34 23.78 0.00
0.00 20946.08
40.10 -56.96 -9999.00 -9999.00 -9999.00 227.82 25.17 0.00
0.00 21937.33
33.80 -56.96 -9999.00 -9999.00 -9999.00 254.81 14.08 0.00
0.00 23018.92
27.80 -59.76 -9999.00 -9999.00 -9999.00 242.02 7.03 0.00
0.00 24247.59
22.30 -58.96 -9999.00 -9999.00 -9999.00 231.34 13.68 0.00
0.00 25627.15
17.10 -54.96 -9999.00 -9999.00 -9999.00 147.09 3.92 0.00
0.00 27307.33
12.30 -54.56 -9999.00 -9999.00 -9999.00 260.91 4.91 0.00
0.00 29413.56

STID = KFSD STNM = 726510 TIME = 221027/0100 
SLAT = 43.58 SLON = -96.73 SELV = 441.0
STIM = 13

SHOW = 5.98 LIFT = 6.70 SWET = 196.46 KINX = 10.26
LCLP = 782.14 PWAT = 9.42 TOTL = 45.10 CAPE = 0.00
LCLT = 265.92 CINS = 0.00 EQLV = -9999.00 LFCT = -9999.00
BRCH = 0.00

PRES TMPC TMWC DWPC THTE DRCT SKNT OMEG
CFRL HGHT
964.00 9.14 3.56 -4.47 293.68 149.86 6.95 -0.10
0.00 450.44
961.10 10.64 4.29 -4.65 295.43 154.33 16.59 -0.10
0.00 475.44
955.80 11.34 4.58 -4.82 296.57 155.70 19.81 -0.20
0.00 521.52
946.80 11.74 4.67 -5.14 297.69 160.84 24.26 -0.20
0.00 600.49
933.40 11.04 4.20 -5.37 298.14 167.04 25.12 -0.10
0.00 719.41
916.30 9.94 3.54 -5.47 298.65 174.85 23.80 -0.10
0.00 873.18
895.90 8.44 2.63 -5.67 299.04 182.51 22.16 -0.10
0.00 1059.57
873.70 6.54 1.47 -5.95 299.19 189.20 20.67 0.00
0.00 1266.04
849.70 4.44 0.14 -6.36 299.29 193.76 19.60 0.10
0.00 1493.61
822.90 2.14 -1.40 -6.97 299.42 201.16 19.37 0.20
0.00 1753.38
793.40 -0.26 -3.09 -7.77 299.72 212.51 20.96 0.20
0.00 2046.76
761.10 -3.06 -4.49 -6.81 301.14 218.83 20.45 0.20
0.00 2377.63
726.10 -5.36 -7.77 -12.82 299.57 237.72 17.46 0.10
0.00 2748.79
688.30 -8.16 -11.42 -21.29 298.16 240.68 16.26 0.00
0.00 3166.06
647.90 -11.06 -14.22 -26.03 299.07 244.29 17.46 -0.10
0.00 3632.92
604.60 -13.96 -17.09 -32.37 300.73 248.81 20.42 -0.10
0.00 4160.82
558.90 -18.16 -20.09 -28.93 303.26 253.50 21.87 -0.10
0.00 4752.47
514.40 -21.96 -22.48 -24.58 307.17 245.79 31.74 -0.20
15.00 5367.44
474.20 -26.36 -26.86 -29.56 307.85 244.45 39.18 -0.30
30.00 5960.82
438.10 -30.66 -31.12 -34.51 308.65 252.73 45.16 -0.30
18.00 6528.04
405.50 -34.66 -35.00 -38.22 309.93 251.31 55.17 -0.40
38.00 7072.51
375.90 -38.86 -39.10 -42.18 310.79 241.61 57.19 -0.40
84.00 7597.09
349.10 -43.36 -43.52 -46.42 311.05 240.80 58.53 -0.40
100.00 8099.53
324.80 -47.46 -47.59 -50.89 311.64 246.47 62.30 -0.30
91.00 8580.53
302.90 -50.36 -50.57 -59.79 313.56 249.46 65.35 -0.30
0.00 9038.75
283.10 -53.16 -53.30 -60.31 315.66 250.56 66.53 -0.20
0.00 9476.85
265.20 -55.36 -55.49 -63.03 318.35 252.42 65.62 -0.20
0.00 9895.36
248.60 -56.06 -56.21 -66.52 323.20 252.57 62.92 -0.20
0.00 10306.78
233.40 -55.76 -55.93 -66.97 329.54 249.95 61.21 -0.10
0.00 10707.97
219.60 -55.36 -55.55 -67.41 335.94 242.68 59.25 0.00
0.00 11096.15
205.60 -55.56 -55.79 -72.72 341.96 237.81 76.20 0.20
0.00 11515.92
191.70 -53.36 -53.68 -73.19 352.40 244.84 77.68 0.30
0.00 11964.02
177.70 -51.46 -9999.00 -9999.00 -9999.00 247.17 64.06 0.20
0.00 12454.02
163.80 -52.26 -9999.00 -9999.00 -9999.00 235.57 62.18 0.20
0.00 12981.62
149.80 -52.96 -9999.00 -9999.00 -9999.00 241.06 67.04 0.10
0.00 13558.38
135.90 -52.36 -9999.00 -9999.00 -9999.00 247.44 57.21 0.10
0.00 14186.89
121.90 -53.66 -9999.00 -9999.00 -9999.00 240.28 50.54 0.00
0.00 14887.45
107.90 -55.86 -9999.00 -9999.00 -9999.00 240.34 49.84 0.00
0.00 15667.32
94.00 -57.26 -9999.00 -9999.00 -9999.00 240.06 42.81 0.00
0.00 16541.66
81.00 -58.16 -9999.00 -9999.00 -9999.00 235.83 32.17 0.00
0.00 17480.31
70.60 -56.76 -9999.00 -9999.00 -9999.00 231.62 30.98 0.00
0.00 18347.91
62.20 -55.26 -9999.00 -9999.00 -9999.00 233.91 25.72 0.00
0.00 19153.06
54.30 -55.66 -9999.00 -9999.00 -9999.00 227.20 21.45 0.00
0.00 20018.59
46.90 -56.96 -9999.00 -9999.00 -9999.00 225.00 22.53 0.00
0.00 20948.49
40.10 -57.26 -9999.00 -9999.00 -9999.00 232.57 23.97 0.00
0.00 21939.06
33.80 -57.66 -9999.00 -9999.00 -9999.00 258.31 11.50 0.00
0.00 23018.14
27.80 -60.06 -9999.00 -9999.00 -9999.00 207.47 5.48 0.00
0.00 24243.96
22.30 -58.36 -9999.00 -9999.00 -9999.00 218.96 11.73 0.00
0.00 25624.48
17.10 -54.26 -9999.00 -9999.00 -9999.00 108.43 1.85 0.00
0.00 27309.72
12.30 -54.56 -9999.00 -9999.00 -9999.00 272.94 7.60 0.00
0.00 29419.32

STID = KFSD STNM = 726510 TIME = 221027/0200 
SLAT = 43.58 SLON = -96.73 SELV = 441.0
STIM = 14

SHOW = 6.17 LIFT = 7.31 SWET = 183.11 KINX = 14.27
LCLP = 786.71 PWAT = 10.48 TOTL = 44.48 CAPE = 0.00
LCLT = 265.82 CINS = 0.00 EQLV = -9999.00 LFCT = -9999.00
BRCH = 0.00

PRES TMPC TMWC DWPC THTE DRCT SKNT OMEG
CFRL HGHT
963.80 8.54 3.19 -4.66 292.96 150.07 7.40 -0.10
0.00 451.28
961.00 9.84 3.83 -4.80 294.51 153.43 16.94 -0.10
0.00 475.36
955.70 10.34 4.03 -4.96 295.45 154.92 20.16 -0.20
0.00 521.29
946.70 11.14 4.31 -5.33 296.95 159.84 26.50 -0.10
0.00 600.05
933.30 10.74 3.94 -5.76 297.61 164.67 27.19 -0.10
0.00 718.79
916.20 9.84 3.41 -5.76 298.38 174.11 24.61 0.00
0.00 872.46
895.80 8.44 2.61 -5.77 298.99 183.51 22.18 0.10
0.00 1058.84
873.60 6.74 1.50 -6.24 299.24 192.76 21.11 0.20
0.00 1265.40
849.60 4.84 0.27 -6.65 299.56 202.93 21.93 0.20
0.00 1493.23
822.80 2.64 -1.05 -6.74 300.12 210.32 23.85 0.30
0.00 1753.45
793.30 -0.06 -2.75 -7.03 300.41 214.44 24.73 0.20
0.00 2047.26
761.00 -2.96 -4.61 -7.34 300.92 218.21 23.23 0.20
0.00 2378.36
726.00 -5.76 -6.74 -8.49 301.49 223.67 17.72 0.10
0.00 2749.45
688.30 -8.26 -10.79 -17.35 299.29 232.39 14.96 -0.10
0.00 3165.40
647.80 -11.06 -14.18 -25.73 299.15 236.98 13.91 -0.10
0.00 3633.43
604.50 -14.46 -16.60 -24.42 301.64 245.49 14.51 -0.10
0.00 4160.97
558.80 -18.06 -18.72 -20.89 305.52 243.91 20.77 -0.30
0.00 4752.48
514.30 -21.56 -21.93 -23.33 308.06 238.79 38.62 -0.50
100.00 5368.32
474.20 -26.06 -26.43 -28.26 308.52 240.45 41.76 -0.50
100.00 5961.14
438.10 -30.86 -31.19 -33.48 308.56 248.00 42.52 -0.50
100.00 6528.50
405.50 -34.96 -35.20 -37.41 309.65 245.22 50.06 -0.50
100.00 7072.42
375.80 -39.36 -39.49 -41.11 310.26 239.76 52.84 -0.50
100.00 7597.96
349.00 -43.76 -43.92 -46.97 310.49 244.83 57.09 -0.40
97.00 8099.57
324.80 -46.96 -47.24 -55.98 312.14 252.94 61.58 -0.20
21.00 8578.76
302.90 -50.26 -50.40 -55.29 313.82 255.88 66.10 -0.10
2.00 9037.59
283.10 -53.56 -53.67 -58.56 315.13 258.19 70.26 0.00
0.00 9475.40
265.20 -56.16 -56.24 -60.82 317.22 258.53 70.36 0.00
0.00 9892.76
248.60 -56.46 -56.57 -63.51 322.65 254.49 66.12 0.00
0.00 10303.04
233.40 -55.16 -55.34 -66.97 330.45 249.34 63.33 0.00
0.00 10704.43
219.60 -54.76 -54.97 -67.41 336.87 245.09 63.19 0.00
0.00 11093.68
205.60 -54.96 -55.21 -72.72 342.91 240.72 67.93 0.00
0.00 11514.60
191.70 -53.76 -54.07 -73.19 351.76 242.76 73.41 0.10
0.00 11962.91
177.70 -52.46 -9999.00 -9999.00 -9999.00 247.17 70.61 0.10
0.00 12451.36
163.80 -52.86 -9999.00 -9999.00 -9999.00 245.05 61.69 0.20
0.00 12977.04
149.80 -53.36 -9999.00 -9999.00 -9999.00 241.36 62.41 0.20
0.00 13552.50
135.90 -52.66 -9999.00 -9999.00 -9999.00 243.70 56.99 0.10
0.00 14180.01
121.90 -53.56 -9999.00 -9999.00 -9999.00 242.51 48.39 0.00
0.00 14880.25
107.90 -55.46 -9999.00 -9999.00 -9999.00 239.66 46.13 0.00
0.00 15661.02
94.00 -56.66 -9999.00 -9999.00 -9999.00 241.98 40.93 0.00
0.00 16537.37
81.00 -57.16 -9999.00 -9999.00 -9999.00 238.78 29.99 0.00
0.00 17479.51
70.60 -56.96 -9999.00 -9999.00 -9999.00 233.29 28.59 0.00
0.00 18348.72
62.20 -55.46 -9999.00 -9999.00 -9999.00 237.16 25.43 0.00
0.00 19153.13
54.30 -56.16 -9999.00 -9999.00 -9999.00 231.01 21.00 0.00
0.00 20017.26
46.90 -57.16 -9999.00 -9999.00 -9999.00 225.33 23.76 0.00
0.00 20945.67
40.10 -57.56 -9999.00 -9999.00 -9999.00 224.67 24.03 0.00
0.00 21935.09
33.80 -57.96 -9999.00 -9999.00 -9999.00 220.36 10.20 0.00
0.00 23012.67
27.80 -59.26 -9999.00 -9999.00 -9999.00 178.75 8.94 0.00
0.00 24239.92
22.30 -57.16 -9999.00 -9999.00 -9999.00 222.14 10.99 0.00
0.00 25626.90
17.10 -53.16 -9999.00 -9999.00 -9999.00 270.00 0.58 0.00
0.00 27321.07
12.30 -53.56 -9999.00 -9999.00 -9999.00 277.25 10.76 0.00
0.00 29440.79

STID = KFSD STNM = 726510 TIME = 221027/0300 
SLAT = 43.58 SLON = -96.73 SELV = 441.0
STIM = 15

SHOW = 6.02 LIFT = 7.25 SWET = 212.94 KINX = 13.54
LCLP = 798.70 PWAT = 11.36 TOTL = 44.85 CAPE = 0.00
LCLT = 266.64 CINS = 0.00 EQLV = -9999.00 LFCT = -9999.00
BRCH = 0.00

PRES TMPC TMWC DWPC THTE DRCT SKNT OMEG
CFRL HGHT
964.30 8.24 3.21 -4.01 292.99 156.45 8.26 -0.10
0.00 451.26
961.50 9.14 3.70 -3.96 294.24 159.37 17.64 -0.10
0.00 475.29
956.20 9.44 3.87 -3.86 295.13 159.70 20.71 -0.20
0.00 521.08
947.10 10.04 4.32 -3.29 297.03 163.85 29.33 -0.20
0.00 600.41
933.80 10.24 4.03 -4.48 297.80 166.64 31.95 -0.20
0.00 717.90
916.70 9.64 3.21 -6.14 297.90 174.29 31.24 -0.20
0.00 871.31
896.30 8.34 2.39 -6.39 298.47 181.46 30.52 -0.30
0.00 1057.47
874.10 6.64 1.39 -6.42 298.97 188.02 29.23 -0.40
0.00 1263.83
850.00 4.74 0.22 -6.64 299.41 193.94 27.43 -0.60
0.00 1492.41
823.20 2.34 -1.16 -6.55 299.86 199.98 25.02 -0.60
0.00 1752.32
793.70 -0.16 -2.67 -6.61 300.52 203.66 22.26 -0.40
0.00 2045.78
761.40 -3.36 -4.53 -6.42 301.03 206.30 18.84 -0.10
0.00 2376.44
726.30 -5.36 -6.60 -8.81 301.71 212.35 13.79 0.10
0.00 2748.42
688.60 -7.66 -10.44 -17.59 299.84 213.69 12.61 0.10
0.00 3164.97
648.10 -11.06 -13.24 -19.54 300.75 214.22 11.75 0.00
0.00 3633.39
604.70 -14.56 -15.23 -17.04 303.92 218.88 15.46 -0.20
0.00 4162.05
558.90 -17.86 -18.13 -18.93 306.48 235.91 30.50 -0.50
100.00 4755.00
514.50 -21.76 -22.01 -22.94 307.90 241.62 38.42 -0.50
100.00 5369.33
474.30 -26.36 -26.69 -28.40 308.10 245.60 39.02 -0.40
100.00 5962.87
438.20 -30.86 -31.16 -33.29 308.58 243.89 43.71 -0.30
100.00 6529.76
405.60 -34.96 -35.15 -36.90 309.69 238.22 46.85 -0.30
100.00 7073.55
375.90 -39.76 -39.86 -41.11 309.70 243.12 47.69 -0.10
100.00 7598.51
349.10 -43.06 -43.39 -50.27 311.23 254.16 55.52 0.10
32.00 8100.30
324.80 -46.66 -46.83 -50.89 312.74 256.38 58.57 0.10
45.00 8582.46
302.90 -50.26 -50.38 -54.18 313.86 255.27 62.67 0.10
91.00 9041.60
283.10 -53.56 -53.64 -57.10 315.17 255.08 67.15 0.10
91.00 9479.41
265.20 -56.76 -56.83 -60.82 316.35 255.61 68.78 0.00
0.00 9896.20
248.60 -57.76 -57.82 -61.32 320.75 251.01 69.85 0.00
0.00 10304.69
233.50 -56.06 -56.22 -66.97 329.04 247.32 75.58 0.00
0.00 10701.33
219.60 -54.46 -54.68 -67.41 337.33 249.07 76.13 0.00
0.00 11092.78
205.60 -53.76 -54.05 -72.72 344.79 249.71 68.34 0.00
0.00 11515.15
191.70 -53.76 -54.07 -73.19 351.76 244.34 65.95 0.10
0.00 11964.69
177.70 -53.56 -9999.00 -9999.00 -9999.00 242.18 67.42 0.10
0.00 12451.91
163.80 -53.36 -9999.00 -9999.00 -9999.00 245.40 65.79 0.20
0.00 12975.69
149.80 -53.16 -9999.00 -9999.00 -9999.00 244.92 56.84 0.10
0.00 13550.76
135.90 -53.16 -9999.00 -9999.00 -9999.00 240.72 53.22 0.10
0.00 14177.84
121.90 -53.66 -9999.00 -9999.00 -9999.00 242.07 47.28 0.00
0.00 14877.13
108.00 -55.36 -9999.00 -9999.00 -9999.00 242.25 42.13 0.00
0.00 15651.96
94.00 -56.16 -9999.00 -9999.00 -9999.00 239.33 38.85 -0.10
0.00 16535.42
81.00 -56.36 -9999.00 -9999.00 -9999.00 242.93 29.45 -0.10
0.00 17480.39
70.60 -57.26 -9999.00 -9999.00 -9999.00 234.31 26.30 0.00
0.00 18350.61
62.20 -55.06 -9999.00 -9999.00 -9999.00 237.24 26.57 0.00
0.00 19155.20
54.30 -54.76 -9999.00 -9999.00 -9999.00 230.46 21.66 0.10
0.00 20022.91
46.90 -56.16 -9999.00 -9999.00 -9999.00 225.33 24.03 0.00
0.00 20956.47
40.10 -56.36 -9999.00 -9999.00 -9999.00 225.37 21.29 0.00
0.00 21950.93
33.80 -57.16 -9999.00 -9999.00 -9999.00 211.53 10.02 0.00
0.00 23033.52
27.80 -58.26 -9999.00 -9999.00 -9999.00 206.57 9.56 0.00
0.00 24265.91
22.30 -57.46 -9999.00 -9999.00 -9999.00 261.51 13.15 0.00
0.00 25655.15
17.10 -54.36 -9999.00 -9999.00 -9999.00 272.39 4.66 0.00
0.00 27343.49
12.30 -53.16 -9999.00 -9999.00 -9999.00 271.43 7.77 0.00
0.00 29459.36

STID = KFSD STNM = 726510 TIME = 221027/0400 
SLAT = 43.58 SLON = -96.73 SELV = 441.0
STIM = 16

SHOW = 4.36 LIFT = 6.15 SWET = 193.19 KINX = 20.28
LCLP = 824.65 PWAT = 13.56 TOTL = 48.78 CAPE = 0.00
LCLT = 269.16 CINS = 0.00 EQLV = -9999.00 LFCT = -9999.00
BRCH = 0.00

PRES TMPC TMWC DWPC THTE DRCT SKNT OMEG
CFRL HGHT
964.60 8.34 3.93 -1.87 294.48 172.03 9.81 -0.10
0.00 450.41
961.70 8.94 4.24 -1.87 295.40 173.66 17.60 -0.10
0.00 475.30
956.50 8.94 4.23 -1.86 295.92 174.08 20.71 -0.20
0.00 520.16
947.40 9.14 4.27 -1.99 296.95 178.44 28.57 -0.20
0.00 599.29
934.10 9.44 4.10 -2.86 297.99 182.57 30.34 -0.20
0.00 716.42
917.00 8.54 3.73 -2.43 299.10 200.74 29.08 -0.10
0.00 869.32
896.60 7.14 3.54 -0.79 301.05 207.65 27.62 0.00
0.00 1054.78
874.30 5.54 2.79 -0.50 302.03 208.44 26.52 0.10
0.00 1261.35
850.20 3.74 1.32 -1.75 301.76 205.15 24.67 0.00
0.00 1489.20
823.40 1.64 -0.39 -3.13 301.46 199.86 22.30 0.00
0.00 1748.42
793.80 -0.66 -2.37 -4.90 301.12 194.17 19.83 -0.10
0.00 2042.29
761.50 -2.76 -4.33 -6.85 301.40 193.28 17.75 -0.10
0.00 2372.99
726.50 -4.86 -6.82 -10.51 301.26 190.18 15.38 -0.10
0.00 2744.55
688.70 -8.76 -10.25 -13.60 300.21 174.29 13.66 0.10
0.00 3161.67
648.20 -11.76 -12.30 -13.55 302.38 180.81 13.79 0.10
0.00 3628.61
604.80 -13.76 -14.13 -15.05 305.76 225.31 25.41 -0.30
59.00 4157.48
559.00 -17.56 -17.86 -18.77 306.89 243.58 34.48 -0.60
100.00 4751.65
514.50 -21.86 -22.23 -23.63 307.56 248.68 34.19 -0.50
100.00 5367.55
474.30 -26.26 -26.65 -28.68 308.16 245.40 35.47 -0.30
100.00 5961.06
438.20 -30.56 -30.86 -32.91 309.02 232.76 41.72 -0.30
100.00 6528.42
405.60 -35.16 -35.36 -37.16 309.40 233.90 43.51 -0.30
100.00 7072.33
375.90 -40.06 -40.18 -41.81 309.23 245.45 44.42 0.00
100.00 7596.72
349.10 -43.36 -43.67 -50.27 310.83 254.73 52.35 0.30
1.00 8097.86
324.80 -46.96 -47.09 -50.14 312.37 254.08 57.36 0.40
100.00 8579.38
302.90 -50.36 -50.45 -53.20 313.76 253.30 62.86 0.30
100.00 9038.12
283.10 -53.56 -53.62 -55.84 315.21 254.19 65.62 0.20
74.00 9475.84
265.20 -56.56 -56.61 -59.07 316.68 253.56 65.21 0.20
0.00 9892.82
248.60 -57.56 -57.62 -61.32 321.05 247.34 70.09 0.10
0.00 10301.69
233.50 -56.66 -56.78 -63.98 328.17 245.57 79.37 0.00
0.00 10697.96
219.60 -54.76 -55.00 -72.27 336.82 248.12 80.81 0.00
0.00 11088.60
205.60 -53.56 -53.85 -72.72 345.11 252.31 70.96 0.00
0.00 11510.88
191.70 -53.46 -53.78 -73.19 352.24 248.81 61.25 0.00
0.00 11960.93
177.70 -52.96 -9999.00 -9999.00 -9999.00 240.73 60.80 0.00
0.00 12449.15
163.80 -53.26 -9999.00 -9999.00 -9999.00 241.43 62.16 0.00
0.00 12973.76
149.80 -53.56 -9999.00 -9999.00 -9999.00 246.14 55.23 0.00
0.00 13548.44
135.90 -53.86 -9999.00 -9999.00 -9999.00 242.42 49.09 0.00
0.00 14173.95
121.90 -54.16 -9999.00 -9999.00 -9999.00 242.47 46.66 0.00
0.00 14871.33
108.00 -55.06 -9999.00 -9999.00 -9999.00 246.23 40.97 0.00
0.00 15645.81
94.00 -56.66 -9999.00 -9999.00 -9999.00 240.45 35.06 0.00
0.00 16528.86
81.00 -57.86 -9999.00 -9999.00 -9999.00 242.78 30.57 0.00
0.00 17469.48
70.60 -58.26 -9999.00 -9999.00 -9999.00 235.64 27.53 0.00
0.00 18334.66
62.20 -56.06 -9999.00 -9999.00 -9999.00 227.64 26.81 0.00
0.00 19135.55
54.30 -54.36 -9999.00 -9999.00 -9999.00 216.20 23.35 0.00
0.00 20002.07
46.90 -55.66 -9999.00 -9999.00 -9999.00 214.40 21.66 0.00
0.00 20937.55
40.10 -55.76 -9999.00 -9999.00 -9999.00 218.76 17.68 0.00
0.00 21934.53
33.80 -56.86 -9999.00 -9999.00 -9999.00 194.93 12.06 0.00
0.00 23019.37
27.80 -57.96 -9999.00 -9999.00 -9999.00 206.11 11.03 0.00
0.00 24253.48
22.30 -57.86 -9999.00 -9999.00 -9999.00 284.88 12.86 0.00
0.00 25642.39
17.10 -56.56 -9999.00 -9999.00 -9999.00 252.65 6.51 0.00
0.00 27320.64
12.30 -53.36 -9999.00 -9999.00 -9999.00 251.15 8.41 0.00
0.00 29424.93

STID = KFSD STNM = 726510 TIME = 221027/0500 
SLAT = 43.58 SLON = -96.73 SELV = 441.0
STIM = 17

SHOW = 5.08 LIFT = 5.56 SWET = 218.88 KINX = 24.38
LCLP = 837.54 PWAT = 15.80 TOTL = 48.07 CAPE = 0.00
LCLT = 270.34 CINS = 0.00 EQLV = -9999.00 LFCT = -9999.00
BRCH = 0.00

PRES TMPC TMWC DWPC THTE DRCT SKNT OMEG
CFRL HGHT
964.80 8.34 4.27 -0.88 295.18 181.19 9.32 0.00
0.00 450.41
961.90 8.64 4.40 -0.92 295.75 182.12 15.75 -0.10
0.00 475.28
956.70 8.64 4.39 -0.92 296.27 183.01 18.47 0.00
0.00 520.10
947.60 8.74 4.58 -0.48 297.64 186.94 22.49 0.10
0.00 599.13
934.30 8.64 5.21 1.39 300.49 198.01 25.12 0.30
0.00 716.04
917.10 7.94 5.17 2.20 302.35 199.65 25.99 0.50
0.00 869.55
896.70 6.34 3.93 1.22 301.94 196.61 25.14 0.70
0.00 1054.65
874.40 3.84 2.38 0.66 301.19 190.01 23.47 1.00
0.00 1260.33
850.30 1.74 0.94 -0.06 300.99 184.55 22.03 1.20
0.00 1486.70
823.50 0.44 -0.48 -1.71 301.27 181.03 21.56 1.30
0.00 1744.45
793.90 -0.96 -2.11 -3.76 301.63 181.05 21.17 1.10
0.00 2037.54
761.60 -3.26 -3.91 -4.91 302.20 185.87 20.90 0.60
0.00 2367.79
726.50 -5.56 -5.92 -6.54 302.96 197.47 21.99 -0.20
6.00 2739.71
688.70 -8.06 -8.14 -8.32 304.00 218.20 26.69 -0.80
92.00 3157.07
648.10 -10.66 -10.75 -10.97 305.10 233.65 30.15 -0.90
100.00 3627.02
604.70 -13.76 -14.03 -14.69 305.95 243.09 29.20 -0.60
99.00 4157.17
559.00 -17.36 -17.79 -19.08 307.00 253.46 33.43 -0.30
90.00 4750.33
514.50 -21.56 -21.97 -23.53 307.96 255.13 35.57 -0.40
100.00 5366.83
474.30 -26.26 -26.61 -28.40 308.22 244.02 34.15 -0.60
100.00 5960.71
438.20 -30.66 -30.90 -32.54 308.96 235.34 38.25 -0.60
100.00 6527.95
405.50 -35.66 -35.78 -36.91 308.80 237.96 39.18 -0.40
100.00 7072.92
375.90 -39.66 -40.10 -47.50 309.34 248.53 44.04 -0.20
74.00 7595.49
349.10 -43.36 -43.64 -49.51 310.86 249.84 49.05 -0.10
0.00 8097.04
324.80 -47.26 -47.35 -49.44 311.99 249.06 54.91 -0.10
100.00 8578.25
302.90 -50.66 -50.71 -52.31 313.37 250.05 60.33 0.00
100.00 9036.38
283.10 -53.96 -54.01 -55.84 314.63 251.28 62.35 0.00
100.00 9473.41
265.20 -56.96 -57.00 -59.07 316.09 249.22 62.96 0.00
0.00 9889.62
248.60 -58.26 -58.31 -61.32 320.01 244.78 70.20 0.00
0.00 10297.45
233.40 -57.76 -57.85 -63.99 326.55 244.97 78.03 0.00
0.00 10694.78
219.60 -55.56 -55.77 -72.27 335.59 248.83 78.54 0.00
0.00 11080.99
205.60 -53.56 -53.85 -72.72 345.11 252.49 68.43 0.00
0.00 11502.49
191.70 -52.66 -53.01 -73.19 353.52 248.44 59.73 0.00
0.00 11953.36
177.70 -52.46 -9999.00 -9999.00 -9999.00 240.70 58.35 0.00
0.00 12443.03
163.80 -53.26 -9999.00 -9999.00 -9999.00 238.71 59.09 -0.10
0.00 12968.24
149.80 -54.46 -9999.00 -9999.00 -9999.00 242.36 55.69 -0.10
0.00 13541.74
135.90 -55.16 -9999.00 -9999.00 -9999.00 242.34 49.79 0.00
0.00 14164.12
121.90 -54.96 -9999.00 -9999.00 -9999.00 241.54 47.28 0.00
0.00 14858.15
108.00 -54.56 -9999.00 -9999.00 -9999.00 245.49 41.20 0.00
0.00 15632.10
94.00 -55.66 -9999.00 -9999.00 -9999.00 241.44 32.52 0.00
0.00 16518.20
81.00 -57.76 -9999.00 -9999.00 -9999.00 236.70 31.84 0.00
0.00 17461.21
70.60 -57.86 -9999.00 -9999.00 -9999.00 234.25 29.91 0.00
0.00 18327.41
62.20 -56.56 -9999.00 -9999.00 -9999.00 226.33 29.55 0.00
0.00 19128.10
54.30 -55.16 -9999.00 -9999.00 -9999.00 213.33 25.82 0.00
0.00 19992.04
46.90 -55.66 -9999.00 -9999.00 -9999.00 215.36 22.14 0.00
0.00 20925.81
40.10 -55.66 -9999.00 -9999.00 -9999.00 223.09 16.49 0.00
0.00 21923.02
33.80 -56.66 -9999.00 -9999.00 -9999.00 204.04 13.83 0.00
0.00 23008.61
27.80 -58.06 -9999.00 -9999.00 -9999.00 201.04 10.82 0.00
0.00 24243.01
22.30 -58.36 -9999.00 -9999.00 -9999.00 310.91 7.71 0.00
0.00 25629.99
17.10 -57.16 -9999.00 -9999.00 -9999.00 230.71 8.28 0.00
0.00 27303.95
12.30 -52.76 -9999.00 -9999.00 -9999.00 264.40 9.95 0.00
0.00 29408.25

STID = KFSD STNM = 726510 TIME = 221027/0600 
SLAT = 43.58 SLON = -96.73 SELV = 441.0
STIM = 18

SHOW = 3.94 LIFT = 4.79 SWET = 208.85 KINX = 25.91
LCLP = 888.17 PWAT = 17.03 TOTL = 49.95 CAPE = 0.00
LCLT = 274.02 CINS = 0.00 EQLV = -9999.00 LFCT = -9999.00
BRCH = 0.00

PRES TMPC TMWC DWPC THTE DRCT SKNT OMEG
CFRL HGHT
965.00 7.44 4.92 2.03 296.59 153.43 5.65 0.00
0.00 451.24
962.10 7.54 4.84 1.74 296.73 158.20 10.47 0.00
0.00 476.03
956.90 7.44 4.74 1.63 297.06 160.75 12.96 0.00
0.00 520.67
947.80 7.74 5.09 2.14 298.78 168.58 19.62 0.00
0.00 599.41
934.40 7.64 5.49 3.22 301.15 171.05 21.23 0.10
0.00 716.81
917.20 6.74 5.13 3.44 302.28 171.87 20.61 0.10
0.00 869.76
896.80 5.34 4.19 2.94 302.52 174.96 19.89 0.10
0.00 1054.17
874.50 3.54 2.99 2.34 302.48 182.34 19.06 0.20
0.00 1259.42
850.40 1.74 1.57 1.32 302.29 200.62 19.31 0.40
29.00 1485.71
823.50 0.64 0.27 -0.23 302.81 217.84 25.33 0.40
19.00 1744.58
794.00 -0.66 -1.36 -2.30 303.14 225.78 30.36 0.20
3.00 2037.01
761.60 -2.66 -3.12 -3.81 303.73 238.75 32.94 0.00
18.00 2368.89
726.60 -4.96 -5.26 -5.75 304.21 244.58 34.85 -0.20
78.00 2740.60
688.70 -7.66 -7.82 -8.14 304.58 244.80 36.50 -0.60
84.00 3159.85
648.20 -10.46 -10.54 -10.73 305.46 253.65 33.80 -0.90
100.00 3629.15
604.80 -13.56 -13.63 -13.82 306.63 257.43 33.04 -0.90
100.00 4159.66
559.00 -17.76 -17.88 -18.26 306.86 267.53 31.51 -0.50
100.00 4753.88
514.50 -22.06 -22.40 -23.73 307.28 245.30 29.29 0.00
100.00 5369.31
474.30 -26.06 -26.61 -29.55 308.21 231.84 38.03 0.10
90.00 5962.81
438.20 -31.46 -32.08 -37.46 307.21 239.80 39.78 0.00
82.00 6529.31
405.60 -35.56 -36.13 -43.10 308.25 248.44 42.81 -0.20
63.00 7071.68
375.90 -39.46 -39.87 -46.30 309.67 248.20 44.99 -0.20
23.00 7596.26
349.10 -43.36 -43.52 -46.42 311.05 246.97 50.66 -0.20
100.00 8098.04
324.90 -46.96 -47.04 -48.79 312.41 247.28 58.33 -0.20
100.00 8577.52
302.90 -50.56 -50.64 -53.20 313.48 247.80 62.72 -0.10
100.00 9038.08
283.10 -54.26 -54.32 -57.10 314.16 248.07 62.41 0.00
100.00 9474.91
265.20 -57.36 -57.42 -60.82 315.47 246.52 62.90 0.00
0.00 9890.45
248.60 -58.76 -58.80 -61.32 319.26 245.07 70.05 0.10
0.00 10297.43
233.50 -57.76 -57.85 -63.98 326.51 245.05 76.90 0.10
0.00 10691.59
219.60 -55.56 -55.77 -72.27 335.59 247.09 76.34 0.10
0.00 11080.52
205.60 -53.86 -54.14 -72.72 344.64 248.93 68.07 0.00
0.00 11501.74
191.70 -53.06 -9999.00 -9999.00 -9999.00 245.95 61.48 0.00
0.00 11951.89
177.70 -52.86 -9999.00 -9999.00 -9999.00 241.62 60.49 0.00
0.00 12440.66
163.80 -53.66 -9999.00 -9999.00 -9999.00 242.18 59.52 -0.10
0.00 12964.92
149.80 -54.76 -9999.00 -9999.00 -9999.00 245.11 53.54 0.00
0.00 13537.50
135.90 -55.46 -9999.00 -9999.00 -9999.00 243.43 48.21 0.00
0.00 14159.03
121.90 -54.76 -9999.00 -9999.00 -9999.00 239.81 46.74 0.00
0.00 14852.90
107.90 -54.46 -9999.00 -9999.00 -9999.00 243.80 40.91 0.00
0.00 15633.31
94.00 -55.56 -9999.00 -9999.00 -9999.00 243.89 32.67 0.00
0.00 16513.90
81.00 -57.16 -9999.00 -9999.00 -9999.00 236.69 32.54 0.00
0.00 17458.44
70.60 -57.56 -9999.00 -9999.00 -9999.00 238.59 29.82 0.00
0.00 18326.44
62.20 -56.46 -9999.00 -9999.00 -9999.00 229.40 28.65 0.00
0.00 19127.88
54.30 -55.66 -9999.00 -9999.00 -9999.00 223.79 26.11 0.00
0.00 19991.02
46.90 -55.86 -9999.00 -9999.00 -9999.00 225.00 24.46 0.00
0.00 20923.29
40.10 -56.16 -9999.00 -9999.00 -9999.00 229.25 16.67 0.00
0.00 21918.90
33.80 -57.16 -9999.00 -9999.00 -9999.00 208.55 15.03 0.00
0.00 23001.99
27.80 -57.46 -9999.00 -9999.00 -9999.00 199.90 11.99 0.00
0.00 24236.67
22.30 -57.56 -9999.00 -9999.00 -9999.00 352.41 2.93 0.00
0.00 25628.16
17.10 -55.36 -9999.00 -9999.00 -9999.00 233.97 5.28 0.00
0.00 27312.23
12.30 -51.56 -9999.00 -9999.00 -9999.00 286.89 11.36 0.00
0.00 29430.99

STID = KFSD STNM = 726510 TIME = 221027/0700 
SLAT = 43.58 SLON = -96.73 SELV = 441.0
STIM = 19

SHOW = 3.56 LIFT = 5.10 SWET = 240.27 KINX = 25.11
LCLP = 902.31 PWAT = 15.91 TOTL = 50.23 CAPE = 0.00
LCLT = 274.91 CINS = 0.00 EQLV = -9999.00 LFCT = -9999.00
BRCH = 0.00

PRES TMPC TMWC DWPC THTE DRCT SKNT OMEG
CFRL HGHT
965.60 7.14 5.06 2.72 296.83 126.87 2.91 0.00
0.00 450.37
962.70 7.54 5.02 2.17 297.05 143.97 7.93 -0.10
0.00 475.14
957.40 7.54 4.88 1.85 297.31 147.53 10.14 -0.20
0.00 520.62
948.30 7.94 4.98 1.63 298.48 161.75 18.61 -0.30
0.00 599.36
934.90 8.04 5.30 2.33 300.65 164.79 22.94 -0.50
0.00 716.81
917.80 7.14 5.06 2.86 302.06 165.16 23.50 -0.80
0.00 868.97
897.30 5.74 4.30 2.76 302.72 166.08 23.41 -1.20
0.00 1054.42
875.00 4.14 3.41 2.59 303.34 169.35 19.97 -1.40
0.00 1259.93
850.90 2.44 2.13 1.74 303.43 184.40 15.19 -1.30
11.00 1486.64
824.00 0.94 0.36 -0.37 302.95 206.85 17.64 -0.90
8.00 1745.83
794.40 -0.56 -1.80 -3.54 302.19 211.81 24.69 -0.50
0.00 2039.27
762.00 -2.36 -4.07 -6.80 301.82 212.97 34.27 -0.40
0.00 2371.10
726.90 -5.16 -6.47 -8.80 301.86 219.50 37.26 -0.60
28.00 2743.61
689.10 -8.06 -8.53 -9.43 303.22 235.59 38.85 -0.80
34.00 3160.94
648.50 -10.46 -10.47 -10.53 305.54 253.76 36.83 -0.80
100.00 3630.77
605.00 -13.66 -13.70 -13.82 306.48 266.36 30.56 -0.50
100.00 4162.19
559.20 -17.96 -18.35 -19.54 306.07 268.17 24.30 -0.20
100.00 4755.83
514.70 -21.16 -22.95 -32.87 306.31 240.91 33.57 -0.10
58.00 5371.73
474.50 -26.56 -27.34 -32.08 307.06 246.16 36.52 -0.10
40.00 5965.33
438.30 -31.46 -31.82 -34.51 307.59 248.94 38.93 -0.20
69.00 6532.62
405.70 -35.76 -36.10 -39.72 308.29 247.53 40.15 -0.20
21.00 7074.68
376.00 -39.86 -40.09 -43.38 309.33 244.11 44.06 -0.20
76.00 7598.47
349.10 -43.56 -43.69 -45.90 310.81 244.09 52.91 -0.10
100.00 8101.42
324.90 -47.26 -47.35 -49.44 311.96 246.34 60.02 -0.10
100.00 8580.37
302.90 -51.06 -51.12 -53.20 312.77 247.51 63.48 0.00
100.00 9040.11
283.10 -54.46 -54.49 -55.84 313.91 247.18 65.11 0.10
49.00 9476.24
265.30 -57.06 -57.10 -59.07 315.91 246.78 68.49 0.20
0.00 9889.48
248.60 -58.06 -58.11 -61.32 320.31 245.84 74.51 0.20
0.00 10299.79
233.50 -57.66 -57.76 -63.98 326.66 246.34 78.88 0.10
0.00 10694.69
219.60 -55.36 -55.58 -72.27 335.90 248.64 75.72 0.10
0.00 11083.89
205.60 -53.16 -53.47 -72.72 345.74 250.14 66.92 0.00
0.00 11505.97
191.70 -52.36 -9999.00 -9999.00 -9999.00 246.64 62.22 -0.10
0.00 11957.55
177.70 -52.96 -9999.00 -9999.00 -9999.00 242.64 62.55 -0.20
0.00 12447.00
163.80 -54.36 -9999.00 -9999.00 -9999.00 245.15 61.01 -0.20
0.00 12970.30
149.80 -55.76 -9999.00 -9999.00 -9999.00 247.05 53.79 0.00
0.00 13540.66
135.90 -55.76 -9999.00 -9999.00 -9999.00 243.12 47.69 0.10
0.00 14160.33
121.90 -54.26 -9999.00 -9999.00 -9999.00 238.83 45.42 0.10
0.00 14854.53
108.00 -53.76 -9999.00 -9999.00 -9999.00 241.00 38.87 0.00
0.00 15631.13
94.00 -55.06 -9999.00 -9999.00 -9999.00 244.86 31.55 0.00
0.00 16520.08
81.00 -56.46 -9999.00 -9999.00 -9999.00 238.42 30.79 0.00
0.00 17467.23
70.60 -57.76 -9999.00 -9999.00 -9999.00 243.10 30.05 0.00
0.00 18336.24
62.20 -57.46 -9999.00 -9999.00 -9999.00 236.31 27.31 0.00
0.00 19135.45
54.30 -56.76 -9999.00 -9999.00 -9999.00 220.87 26.71 0.00
0.00 19994.42
46.90 -56.06 -9999.00 -9999.00 -9999.00 225.30 26.24 0.00
0.00 20923.89
40.10 -55.36 -9999.00 -9999.00 -9999.00 221.63 16.38 0.00
0.00 21920.88
33.80 -56.96 -9999.00 -9999.00 -9999.00 214.22 17.62 0.00
0.00 23006.47
27.80 -57.36 -9999.00 -9999.00 -9999.00 219.61 14.63 0.00
0.00 24242.01
22.30 -56.86 -9999.00 -9999.00 -9999.00 291.80 2.10 0.00
0.00 25636.08
17.10 -54.96 -9999.00 -9999.00 -9999.00 252.18 5.71 0.00
0.00 27324.43
12.30 -52.26 -9999.00 -9999.00 -9999.00 300.26 10.80 0.00
0.00 29441.74

STID = KFSD STNM = 726510 TIME = 221027/0800 
SLAT = 43.58 SLON = -96.73 SELV = 441.0
STIM = 20

SHOW = 2.54 LIFT = 5.05 SWET = 292.93 KINX = 27.32
LCLP = 906.12 PWAT = 16.27 TOTL = 51.85 CAPE = 0.00
LCLT = 275.23 CINS = 0.00 EQLV = -9999.00 LFCT = -9999.00
BRCH = 0.00

PRES TMPC TMWC DWPC THTE DRCT SKNT OMEG
CFRL HGHT
965.80 7.14 5.17 2.98 297.06 97.77 4.31 0.00
0.00 450.37
962.90 7.44 5.06 2.39 297.13 119.43 8.70 -0.10
0.00 475.12
957.60 7.44 4.88 1.98 297.30 124.90 10.18 -0.20
0.00 520.59
948.50 7.84 4.87 1.48 298.22 149.15 17.42 -0.30
0.00 599.28
935.10 8.04 4.89 1.34 299.72 157.26 22.11 -0.40
0.00 716.67
918.00 7.44 4.64 1.54 301.08 161.57 23.35 -0.50
0.00 868.84
897.50 6.34 3.92 1.20 301.83 169.32 24.11 -0.60
0.00 1054.49
875.20 5.34 3.34 1.09 303.15 180.00 25.45 -0.70
0.00 1260.55
851.10 3.44 2.54 1.52 304.30 184.15 24.15 -0.80
5.00 1488.07
824.20 1.04 1.02 0.94 304.30 181.75 19.04 -0.90
100.00 1747.74
794.50 -0.86 -0.91 -1.02 303.99 188.13 17.85 -1.00
100.00 2042.12
762.10 -3.16 -3.18 -3.25 303.56 202.59 28.83 -1.10
100.00 2373.41
727.00 -5.76 -6.14 -6.78 302.49 212.68 36.69 -1.00
16.00 2745.05
689.20 -8.26 -8.61 -9.29 303.07 228.55 35.51 -0.70
15.00 3161.76
648.50 -10.66 -10.68 -10.77 305.16 253.95 28.09 -0.30
100.00 3632.35
605.10 -14.06 -14.54 -15.74 305.03 269.05 23.31 -0.20
80.00 4161.84
559.20 -17.26 -18.58 -23.21 305.66 251.41 22.55 -0.20
50.00 4756.95
514.70 -21.76 -22.80 -27.52 306.59 248.40 31.14 -0.10
8.00 5372.94
474.50 -26.66 -27.05 -29.10 307.52 245.83 37.47 0.00
100.00 5965.80
438.30 -31.66 -31.92 -33.88 307.44 245.76 40.70 -0.10
100.00 6532.78
405.70 -35.56 -35.85 -38.79 308.65 243.09 43.78 -0.30
78.00 7074.85
376.00 -39.56 -39.75 -42.18 309.84 243.84 48.91 -0.30
100.00 7599.21
349.10 -43.46 -43.57 -45.41 310.98 246.12 53.75 -0.30
100.00 8102.59
324.90 -47.36 -47.42 -48.79 311.86 246.13 59.05 -0.20
100.00 8581.55
302.90 -50.96 -51.00 -52.31 312.95 245.50 62.76 -0.10
100.00 9041.29
283.10 -54.26 -54.30 -55.84 314.20 245.78 65.81 -0.10
100.00 9477.72
265.30 -57.06 -57.07 -57.62 315.95 246.45 70.98 0.00
0.00 9891.16
248.60 -58.66 -58.68 -59.58 319.45 246.74 75.27 0.00
0.00 10300.89
233.50 -58.76 -58.83 -63.98 324.99 247.05 77.21 0.00
0.00 10694.23
219.60 -56.36 -56.52 -67.41 334.40 248.67 74.24 0.00
0.00 11081.55
205.60 -53.86 -54.14 -72.72 344.64 249.40 66.82 0.00
0.00 11501.99
191.70 -53.16 -9999.00 -9999.00 -9999.00 246.40 62.10 0.00
0.00 11952.04
177.70 -53.56 -9999.00 -9999.00 -9999.00 244.40 62.04 -0.10
0.00 12439.93
163.80 -54.56 -9999.00 -9999.00 -9999.00 247.00 60.14 0.00
0.00 12962.28
149.80 -54.66 -9999.00 -9999.00 -9999.00 248.74 53.57 0.10
0.00 13533.82
135.90 -54.26 -9999.00 -9999.00 -9999.00 243.22 45.26 0.10
0.00 14157.19
121.90 -54.26 -9999.00 -9999.00 -9999.00 240.29 42.72 0.00
0.00 14853.77
107.90 -53.76 -9999.00 -9999.00 -9999.00 243.05 38.58 0.00
0.00 15636.32
94.00 -54.96 -9999.00 -9999.00 -9999.00 243.96 28.32 0.00
0.00 16519.54
81.00 -57.26 -9999.00 -9999.00 -9999.00 236.53 28.19 0.00
0.00 17465.17
70.60 -58.16 -9999.00 -9999.00 -9999.00 239.22 30.75 0.00
0.00 18331.76
62.20 -57.66 -9999.00 -9999.00 -9999.00 232.23 27.27 0.00
0.00 19129.86
54.30 -56.46 -9999.00 -9999.00 -9999.00 217.50 28.40 0.00
0.00 19989.03
46.90 -55.06 -9999.00 -9999.00 -9999.00 225.60 26.11 0.00
0.00 20921.29
40.10 -55.06 -9999.00 -9999.00 -9999.00 227.39 13.19 0.00
0.00 21921.26
33.80 -57.86 -9999.00 -9999.00 -9999.00 226.49 15.79 0.00
0.00 23005.35
27.80 -57.86 -9999.00 -9999.00 -9999.00 232.99 15.81 0.00
0.00 24236.88
22.30 -57.26 -9999.00 -9999.00 -9999.00 264.29 3.90 0.00
0.00 25628.05
17.10 -56.26 -9999.00 -9999.00 -9999.00 252.65 3.26 0.00
0.00 27309.79
12.30 -53.66 -9999.00 -9999.00 -9999.00 278.13 4.12 0.00
0.00 29414.09

STID = KFSD STNM = 726510 TIME = 221027/0900 
SLAT = 43.58 SLON = -96.73 SELV = 441.0
STIM = 21

SHOW = 2.90 LIFT = 5.74 SWET = 268.39 KINX = 27.54
LCLP = 905.58 PWAT = 15.60 TOTL = 51.24 CAPE = 0.00
LCLT = 275.25 CINS = 0.00 EQLV = -9999.00 LFCT = -9999.00
BRCH = 0.00

PRES TMPC TMWC DWPC THTE DRCT SKNT OMEG
CFRL HGHT
966.10 7.24 5.24 3.02 297.17 119.05 6.00 -0.10
0.00 450.37
963.20 7.34 5.10 2.60 297.18 125.66 10.99 -0.10
0.00 475.12
957.90 7.24 4.88 2.22 297.27 128.25 12.86 -0.20
0.00 520.54
948.80 7.34 4.65 1.55 297.72 145.98 18.75 -0.30
0.00 599.12
935.50 7.24 4.23 0.69 298.24 156.86 24.71 -0.40
0.00 715.31
918.30 7.14 3.96 0.21 299.54 161.29 26.05 -0.40
0.00 867.99
897.80 6.34 3.38 -0.14 300.60 164.48 25.41 -0.50
0.00 1053.43
875.60 5.34 2.96 0.19 302.27 173.13 27.58 -0.40
0.00 1258.44
851.40 3.94 2.30 0.41 303.74 181.93 28.77 -0.30
0.00 1486.96
824.50 2.24 0.86 -0.82 303.94 188.02 27.86 -0.30
64.00 1747.27
794.80 -0.16 -1.12 -2.39 303.52 193.34 26.94 -0.40
88.00 2042.47
762.40 -2.96 -3.57 -4.48 302.76 202.22 29.80 -0.50
90.00 2374.10
727.30 -6.06 -6.15 -6.33 302.43 210.05 31.41 -0.50
97.00 2745.50
689.40 -8.56 -8.60 -8.70 303.07 224.71 27.33 -0.20
100.00 3162.72
648.80 -10.86 -10.88 -10.96 304.77 245.41 25.21 0.00
100.00 3631.55
605.30 -13.86 -14.36 -15.61 305.29 251.93 19.41 0.00
50.00 4162.05
559.40 -17.16 -18.47 -23.00 305.81 242.73 21.19 0.00
0.00 4757.30
514.80 -21.76 -22.54 -25.83 306.99 245.52 26.24 0.10
0.00 5374.66
474.60 -26.66 -27.09 -29.40 307.44 237.89 33.26 0.00
89.00 5967.41
438.40 -31.36 -31.66 -33.88 307.80 242.68 39.78 -0.20
100.00 6534.62
405.70 -35.36 -35.60 -37.94 309.01 244.97 45.45 -0.40
100.00 7078.86
376.00 -39.36 -39.56 -42.18 310.10 245.39 48.50 -0.50
100.00 7603.67
349.20 -43.36 -43.52 -46.42 311.02 244.19 53.09 -0.40
100.00 8105.43
324.90 -47.26 -47.37 -50.14 311.93 243.35 58.47 -0.30
100.00 8586.51
303.00 -50.96 -51.05 -54.18 312.84 243.84 61.67 -0.30
100.00 9044.18
283.20 -54.16 -54.25 -58.55 314.23 245.31 66.49 -0.20
89.00 9480.56
265.30 -56.76 -56.83 -60.82 316.31 245.02 72.22 -0.20
0.00 9896.61
248.60 -58.86 -58.90 -61.32 319.11 243.89 76.79 -0.20
0.00 10306.44
233.50 -60.26 -60.28 -61.80 322.76 245.69 77.37 -0.10
0.00 10698.23
219.60 -58.76 -58.87 -67.41 330.70 249.89 73.45 0.00
0.00 11082.04
205.60 -55.56 -55.79 -72.72 341.96 252.04 67.39 0.10
0.00 11498.53
191.70 -53.56 -53.88 -73.19 352.08 249.90 63.31 0.20
0.00 11946.43
177.70 -53.56 -9999.00 -9999.00 -9999.00 248.44 60.78 0.10
0.00 12433.87
163.80 -54.56 -9999.00 -9999.00 -9999.00 247.38 55.56 0.10
0.00 12956.22
149.80 -54.46 -9999.00 -9999.00 -9999.00 244.20 52.21 0.00
0.00 13528.02
135.90 -53.46 -9999.00 -9999.00 -9999.00 243.99 44.74 0.00
0.00 14152.82
121.90 -54.06 -9999.00 -9999.00 -9999.00 242.57 40.05 0.00
0.00 14851.00
107.90 -53.96 -9999.00 -9999.00 -9999.00 245.04 37.28 0.00
0.00 15633.54
94.00 -55.26 -9999.00 -9999.00 -9999.00 244.54 27.12 0.00
0.00 16515.75
81.00 -57.86 -9999.00 -9999.00 -9999.00 234.87 25.66 0.00
0.00 17459.42
70.60 -58.06 -9999.00 -9999.00 -9999.00 242.14 30.77 0.00
0.00 18325.01
62.20 -56.26 -9999.00 -9999.00 -9999.00 234.37 27.00 0.00
0.00 19125.89
54.30 -55.86 -9999.00 -9999.00 -9999.00 222.10 29.84 0.00
0.00 19989.03
46.90 -54.66 -9999.00 -9999.00 -9999.00 236.56 24.67 0.00
0.00 20923.44
40.10 -55.56 -9999.00 -9999.00 -9999.00 232.43 12.74 0.00
0.00 21923.18
33.80 -58.56 -9999.00 -9999.00 -9999.00 229.57 13.77 0.00
0.00 23004.26
27.80 -59.26 -9999.00 -9999.00 -9999.00 226.10 14.30 0.00
0.00 24229.79
22.30 -58.06 -9999.00 -9999.00 -9999.00 192.09 2.78 0.00
0.00 25613.87
17.10 -55.26 -9999.00 -9999.00 -9999.00 213.69 3.50 0.00
0.00 27296.38
12.30 -53.26 -9999.00 -9999.00 -9999.00 249.62 7.25 0.00
0.00 29407.43
STN YYMMDD/HHMM PMSL PRES SKTC STC1 SNFL WTNS
P01M C01M STC2 LCLD MCLD HCLD
SNRA UWND VWND R01M BFGR T2MS
Q2MS WXTS WXTP WXTZ WXTR USTM
VSTM HLCY SLLH WSYM CDBP VSBK
TD2M
726510 221026/1200 1019.00 964.90 -3.06 270.10 -9999.00 7.00
-9999.00 -9999.00 270.70 0.00 0.00 0.00
-9999.00 0.10 0.30 -9999.00 -9999.00 -1.96
3.07 0.00 0.00 0.00 0.00 13.10
-10.60 -54.10 -9999.00 999.00 -9999.00 20.00
-3.51
726510 221026/1300 1019.90 965.60 -5.56 267.60 0.00 7.00
0.00 0.00 268.10 0.00 0.00 0.00
-9999.00 0.10 0.10 -9999.00 -9999.00 -3.36
2.70 0.00 0.00 0.00 0.00 12.70
-9.70 -25.10 0.00 999.00 -9999.00 20.00
-5.20
726510 221026/1400 1020.90 966.50 -3.16 270.00 0.00 7.00
0.00 0.00 269.80 0.00 0.00 0.00
-9999.00 -0.20 0.60 -9999.00 -9999.00 -2.56
3.02 0.00 0.00 0.00 0.00 11.50
-9.00 8.40 0.00 999.00 -9999.00 20.00
-3.71
726510 221026/1500 1021.30 967.50 4.14 277.30 0.00 7.00
0.00 0.00 276.30 0.00 0.00 0.00
-9999.00 -0.30 1.70 -9999.00 -9999.00 2.14
3.11 0.00 0.00 0.00 0.00 11.20
-8.60 55.00 0.00 999.00 -9999.00 20.00
-3.30
726510 221026/1600 1019.90 966.80 9.44 282.60 0.00 7.00
0.00 0.00 281.10 1.00 8.00 0.00
-9999.00 0.10 2.50 -9999.00 -9999.00 6.04
3.21 0.00 0.00 0.00 0.00 9.70
-7.60 73.90 0.00 999.00 -9999.00 20.00
-2.89
726510 221026/1700 1017.90 965.40 13.04 286.20 0.00 7.00
0.00 0.00 284.70 0.00 99.00 0.00
-9999.00 0.90 3.40 -9999.00 -9999.00 8.94
3.18 0.00 0.00 0.00 0.00 9.40
-6.70 81.20 0.00 999.00 -9999.00 20.00
-3.04
726510 221026/1800 1018.30 966.20 15.64 288.80 0.00 6.00
0.00 0.00 287.30 0.00 100.00 0.00
-9999.00 1.60 4.10 -9999.00 -9999.00 11.34
3.18 0.00 0.00 0.00 0.00 9.70
-5.70 91.30 0.00 999.00 -9999.00 20.00
-3.02
726510 221026/1900 1016.50 964.70 16.54 289.70 0.00 6.00
0.00 0.00 288.50 0.00 100.00 0.00
-9999.00 2.10 5.20 -9999.00 -9999.00 12.64
3.21 0.00 0.00 0.00 0.00 10.10
-4.70 95.20 0.00 999.00 -9999.00 20.00
-2.92
726510 221026/2000 1015.70 964.20 16.84 290.00 0.00 6.00
0.00 0.00 289.00 0.00 55.00 0.00
-9999.00 2.20 5.00 -9999.00 -9999.00 13.54
3.27 0.00 0.00 0.00 0.00 10.30
-4.30 93.40 0.00 999.00 -9999.00 20.00
-2.68
726510 221026/2100 1015.20 963.80 16.24 289.40 0.00 6.00
0.00 0.00 288.80 0.00 66.00 0.00
-9999.00 2.10 4.80 -9999.00 -9999.00 14.14
3.22 0.00 0.00 0.00 0.00 10.00
-3.70 77.90 0.00 999.00 -9999.00 20.00
-2.89
726510 221026/2200 1016.20 964.90 14.74 287.90 0.00 6.00
0.00 0.00 287.70 0.00 100.00 0.00
-9999.00 1.40 4.40 -9999.00 -9999.00 14.24
3.10 0.00 0.00 0.00 0.00 9.00
-3.20 74.50 0.00 999.00 -9999.00 20.00
-3.38
726510 221026/2300 1016.40 964.90 11.04 284.20 0.00 6.00
0.00 0.00 284.80 0.00 100.00 0.00
-9999.00 -0.40 2.60 -9999.00 -9999.00 11.84
3.01 0.00 0.00 0.00 0.00 9.10
-2.30 89.00 0.00 999.00 -9999.00 20.00
-3.78
726510 221027/0000 1016.60 964.60 8.14 281.30 0.00 6.00
0.00 0.00 282.00 0.00 100.00 0.00
-9999.00 -1.60 2.70 -9999.00 -9999.00 9.14
2.92 0.00 0.00 0.00 0.00 7.80
-1.30 134.80 0.00 999.00 -9999.00 20.00
-4.18
726510 221027/0100 1017.40 965.10 6.94 280.10 0.00 6.00
0.00 0.00 280.60 0.00 100.00 0.00
-9999.00 -1.80 3.00 -9999.00 -9999.00 7.74
2.86 0.00 0.00 0.00 0.00 6.20
-0.30 179.20 0.00 999.00 -9999.00 20.00
-4.45
726510 221027/0200 1017.40 965.00 6.74 279.90 0.00 6.00
0.00 0.00 280.30 0.00 100.00 0.00
-9999.00 -1.90 3.20 -9999.00 -9999.00 7.34
2.82 0.00 0.00 0.00 0.00 6.50
0.70 188.00 0.00 999.00 -9999.00 20.00
-4.64
726510 221027/0300 1017.90 965.50 6.54 279.70 0.00 6.00
0.00 0.00 280.10 0.00 100.00 0.00
-9999.00 -1.70 3.70 -9999.00 -9999.00 7.04
2.95 0.00 0.00 0.00 0.00 4.00
2.30 183.70 0.00 999.00 -9999.00 20.00
-4.03
726510 221027/0400 1018.20 965.70 6.84 280.00 0.00 6.00
0.00 0.00 280.20 0.00 100.00 0.00
-9999.00 -0.80 4.70 -9999.00 -9999.00 7.34
3.47 0.00 0.00 0.00 0.00 3.70
2.30 77.90 0.00 999.00 -9999.00 20.00
-1.86
726510 221027/0500 1018.40 965.90 7.14 280.30 0.00 7.00
0.02 0.00 280.50 100.00 100.00 0.00
-9999.00 0.20 4.90 -9999.00 -9999.00 7.44
3.73 0.00 0.00 0.00 1.00 5.90
2.10 110.20 0.00 60.00 -9999.00 0.00
-0.88
726510 221027/0600 1018.80 966.20 6.84 280.00 0.00 12.00
0.30 0.00 280.20 100.00 100.00 0.00
-9999.00 -1.10 2.80 -9999.00 -9999.00 6.94
4.69 0.00 0.00 0.00 1.00 12.30
0.20 248.30 0.00 60.00 -9999.00 0.00
2.28
726510 221027/0700 1019.40 966.70 6.44 279.60 0.00 13.00
0.03 0.00 279.80 100.00 100.00 0.00
-9999.00 -1.20 0.50 -9999.00 -9999.00 6.54
4.96 0.00 0.00 0.00 1.00 8.80
0.80 291.60 0.00 60.00 648.50 0.00
3.07
726510 221027/0800 1019.60 966.90 6.64 279.80 0.00 13.00
0.00 0.00 279.90 100.00 100.00 0.00
-9999.00 -2.20 -0.10 -9999.00 -9999.00 6.74
5.01 0.00 0.00 0.00 0.00 7.30
1.00 345.20 0.00 999.00 824.20 0.34
3.21
726510 221027/0900 1019.90 967.20 6.74 279.90 0.00 13.00
0.00 0.00 280.00 100.00 100.00 0.00
-9999.00 -2.70 1.30 -9999.00 -9999.00 6.74
5.01 0.00 0.00 0.00 0.00 5.90
2.10 324.80 0.00 999.00 689.40 0.60
3.22


