
SNPARM = PRES;TMPC;TMWC;DWPC;THTE;DRCT;SKNT;OMEG;CFRL;HGHT 
STNPRM = SHOW;LIFT;SWET;KINX;LCLP;PWAT;TOTL;CAPE;LCLT;CINS;EQLV;LFCT;BRCH 

STID = GYX STNM = 743890 TIME = 221026/1200 
SLAT = 43.90 SLON = -70.25 SELV = 61.0
STIM = 0

SHOW = 2.36 LIFT = 2.31 SWET = 192.15 KINX = 28.24
LCLP = 1002.69 PWAT = 35.93 TOTL = 43.71 CAPE = 0.00
LCLT = 288.42 CINS = 0.00 EQLV = -9999.00 LFCT = -9999.00
BRCH = 0.00

PRES TMPC TMWC DWPC THTE DRCT SKNT OMEG
CFRL HGHT
1006.00 15.54 15.44 15.32 319.03 84.29 1.94 -0.10
100.00 69.45
1003.00 15.44 15.39 15.30 319.25 75.26 3.81 -0.10
100.00 94.85
997.50 15.34 15.25 15.13 319.49 75.96 6.41 -0.20
100.00 141.60
987.90 15.14 15.06 14.95 320.11 82.75 10.76 -0.30
100.00 223.77
973.80 16.74 16.66 16.55 327.14 104.21 15.83 -0.30
100.00 346.27
955.70 16.94 16.88 16.79 330.41 114.44 16.43 -0.30
94.00 506.72
934.10 15.94 15.89 15.80 330.00 113.55 16.53 -0.20
100.00 701.96
910.40 14.84 14.80 14.71 329.67 115.38 16.76 -0.10
100.00 920.57
884.70 13.34 13.25 13.14 328.28 121.37 18.65 -0.10
87.00 1162.97
856.10 12.24 11.55 11.07 327.05 124.13 21.11 -0.10
63.00 1439.72
824.40 11.04 9.51 8.42 325.54 127.17 22.18 0.00
5.00 1755.98
789.80 9.94 5.63 1.68 319.69 130.54 21.21 0.10
0.00 2113.47
752.30 8.54 4.14 -0.10 321.34 141.05 18.24 0.00
0.00 2516.85
711.80 5.64 3.30 1.17 325.53 161.33 15.17 -0.20
0.00 2972.29
668.30 2.34 -0.53 -3.75 322.96 161.30 13.33 -0.30
0.00 3485.43
621.80 -0.86 -5.20 -12.14 319.95 155.38 15.38 -0.30
0.00 4064.81
572.90 -4.56 -9.56 -21.24 319.22 143.02 19.70 -0.30
0.00 4713.92
525.60 -8.26 -12.34 -22.51 322.58 137.26 20.90 -0.20
0.00 5387.23
483.00 -12.16 -13.70 -16.76 328.72 143.22 24.01 -0.20
0.00 6038.44
444.90 -16.16 -16.88 -18.47 330.95 153.08 28.32 -0.20
0.00 6662.13
410.60 -19.96 -20.56 -22.18 332.18 153.72 35.10 -0.10
75.00 7261.85
379.60 -23.96 -24.63 -26.99 332.73 156.12 38.87 0.00
13.00 7839.52
351.80 -28.06 -28.78 -32.25 333.11 156.13 36.97 0.00
0.00 8390.02
326.70 -32.16 -32.74 -36.44 333.78 160.87 35.57 -0.10
0.00 8916.81
304.20 -36.46 -36.95 -41.27 333.90 163.53 37.68 0.00
2.00 9415.81
284.00 -40.86 -41.28 -46.81 333.65 165.50 41.12 0.10
1.00 9887.51
265.80 -44.66 -45.00 -51.18 334.19 167.06 46.83 0.20
0.00 10334.20
248.90 -48.06 -48.33 -54.83 335.29 169.75 51.32 0.20
0.00 10770.33
233.60 -50.86 -51.09 -58.63 337.05 173.37 47.13 0.10
0.00 11185.74
219.60 -53.36 -53.54 -60.55 339.16 168.02 32.77 0.00
0.00 11585.63
205.70 -55.36 -55.52 -62.77 342.37 161.78 32.30 0.00
0.00 12004.41
191.70 -55.06 -55.30 -68.39 349.72 164.55 24.79 0.00
0.00 12454.08
177.80 -57.36 -57.57 -73.70 353.51 151.39 12.16 0.00
0.00 12932.08
163.80 -59.96 -9999.00 -9999.00 -9999.00 147.72 17.46 0.10
0.00 13446.99
149.80 -60.96 -9999.00 -9999.00 -9999.00 168.69 22.79 0.10
0.00 14003.23
135.90 -62.26 -9999.00 -9999.00 -9999.00 199.06 11.31 0.10
0.00 14606.23
121.90 -65.26 -9999.00 -9999.00 -9999.00 212.74 6.47 0.10
0.00 15272.58
108.00 -66.26 -9999.00 -9999.00 -9999.00 165.53 6.22 0.00
0.00 16007.54
94.00 -65.76 -9999.00 -9999.00 -9999.00 135.71 11.13 0.00
0.00 16849.35
81.00 -65.86 -9999.00 -9999.00 -9999.00 149.53 11.50 0.00
0.00 17752.71
70.60 -66.56 -9999.00 -9999.00 -9999.00 186.34 8.80 0.00
0.00 18585.12
62.20 -66.36 -9999.00 -9999.00 -9999.00 235.12 7.81 0.00
0.00 19351.51
54.30 -65.66 -9999.00 -9999.00 -9999.00 284.68 8.43 0.00
0.00 20175.09
46.90 -64.76 -9999.00 -9999.00 -9999.00 300.96 7.93 0.00
0.00 21066.84
40.10 -63.46 -9999.00 -9999.00 -9999.00 331.70 5.73 0.00
0.00 22025.31
33.80 -62.66 -9999.00 -9999.00 -9999.00 352.69 7.63 0.00
0.00 23076.37
27.80 -61.66 -9999.00 -9999.00 -9999.00 15.68 11.50 0.00
0.00 24283.31
22.30 -58.76 -9999.00 -9999.00 -9999.00 28.20 15.21 0.00
0.00 25657.38
17.10 -55.56 -9999.00 -9999.00 -9999.00 353.07 14.47 0.00
0.00 27336.01
12.30 -55.66 -9999.00 -9999.00 -9999.00 289.36 22.86 0.00
0.00 29434.04

STID = GYX STNM = 743890 TIME = 221026/1300 
SLAT = 43.90 SLON = -70.25 SELV = 61.0
STIM = 1

SHOW = 2.13 LIFT = 2.60 SWET = 200.53 KINX = 27.73
LCLP = 1003.04 PWAT = 35.78 TOTL = 43.74 CAPE = 0.00
LCLT = 288.48 CINS = 0.00 EQLV = -9999.00 LFCT = -9999.00
BRCH = 0.00

PRES TMPC TMWC DWPC THTE DRCT SKNT OMEG
CFRL HGHT
1005.60 15.54 15.48 15.37 319.18 60.64 3.57 -0.10
100.00 69.45
1002.60 15.44 15.40 15.31 319.32 61.56 5.30 -0.10
100.00 94.87
997.10 15.34 15.29 15.19 319.65 64.80 7.30 -0.20
100.00 141.63
987.50 15.34 15.26 15.14 320.76 75.47 10.84 -0.20
100.00 223.87
973.40 16.94 16.86 16.75 327.87 96.75 14.86 -0.30
100.00 346.52
955.30 16.84 16.78 16.68 330.09 107.97 15.11 -0.30
100.00 507.07
933.70 15.94 15.87 15.77 329.99 111.40 15.44 -0.20
100.00 702.35
910.00 14.74 14.65 14.54 329.24 119.43 17.40 -0.20
100.00 921.01
884.40 13.84 12.90 12.28 327.19 125.35 20.47 -0.10
51.00 1162.67
855.80 12.54 11.77 11.24 327.77 126.67 21.79 -0.10
1.00 1439.86
824.10 10.74 10.42 10.16 328.30 127.17 22.18 -0.10
29.00 1756.35
789.50 9.44 6.71 4.47 322.69 126.97 21.64 0.00
0.00 2113.70
752.00 8.44 3.44 -1.74 319.55 132.03 18.57 0.00
0.00 2516.89
711.50 5.64 2.90 0.31 324.51 149.17 14.02 -0.10
0.00 2972.31
668.00 2.24 -1.00 -4.80 321.88 149.68 11.93 -0.20
0.00 3485.48
621.60 -0.86 -6.57 -18.22 316.93 146.08 13.58 -0.20
0.00 4063.50
572.80 -4.46 -10.04 -25.02 318.19 137.09 18.82 -0.10
0.00 4711.31
525.50 -8.06 -11.28 -17.88 324.79 137.76 22.82 0.00
0.00 5385.17
482.90 -11.76 -13.37 -16.49 329.41 150.31 25.49 0.10
0.00 6037.37
444.80 -15.86 -16.61 -18.25 331.49 160.91 32.07 0.20
6.00 6662.06
410.50 -19.66 -20.56 -23.08 332.19 164.64 36.65 0.20
31.00 7262.61
379.60 -23.56 -24.42 -27.49 333.09 162.60 40.91 0.10
3.00 7839.26
351.70 -28.06 -28.56 -30.78 333.53 164.19 44.21 0.10
90.00 8392.28
326.70 -32.46 -32.82 -35.01 333.65 162.66 44.97 0.10
100.00 8916.75
304.20 -36.66 -36.94 -39.24 333.92 161.94 46.39 0.10
100.00 9415.26
283.90 -40.56 -40.80 -43.42 334.47 164.82 49.71 0.10
100.00 9889.50
265.70 -44.56 -44.76 -47.87 334.61 170.09 53.05 0.10
92.00 10336.76
248.90 -48.36 -48.54 -52.42 334.97 173.07 57.93 0.10
78.00 10770.21
233.60 -51.66 -51.78 -55.36 335.96 173.52 60.22 0.10
0.00 11184.61
219.60 -54.26 -54.38 -59.12 337.81 172.13 53.92 0.10
0.00 11582.96
205.70 -55.26 -55.42 -62.77 342.52 171.44 36.54 0.10
0.00 12000.98
191.70 -55.36 -55.59 -68.39 349.24 169.10 26.71 0.00
0.00 12450.45
177.80 -56.76 -56.99 -73.70 354.49 140.76 15.05 0.00
0.00 12928.77
163.80 -59.16 -9999.00 -9999.00 -9999.00 153.43 22.14 0.00
0.00 13445.37
149.80 -60.36 -9999.00 -9999.00 -9999.00 171.29 26.92 0.00
0.00 14003.44
135.90 -62.36 -9999.00 -9999.00 -9999.00 184.03 13.83 -0.10
0.00 14607.14
121.90 -65.46 -9999.00 -9999.00 -9999.00 170.07 7.89 -0.10
0.00 15273.02
108.00 -66.86 -9999.00 -9999.00 -9999.00 150.64 10.70 0.00
0.00 16006.56
94.00 -66.96 -9999.00 -9999.00 -9999.00 146.07 12.88 0.00
0.00 16844.71
81.00 -66.76 -9999.00 -9999.00 -9999.00 167.47 10.74 0.00
0.00 17743.50
70.60 -66.86 -9999.00 -9999.00 -9999.00 211.87 8.47 0.00
0.00 18573.49
62.20 -66.36 -9999.00 -9999.00 -9999.00 260.31 8.08 0.00
0.00 19339.33
54.30 -65.46 -9999.00 -9999.00 -9999.00 305.36 7.38 0.00
0.00 20163.31
46.90 -64.26 -9999.00 -9999.00 -9999.00 329.35 6.10 0.00
0.00 21056.55
40.10 -62.96 -9999.00 -9999.00 -9999.00 360.00 6.80 0.00
0.00 22017.32
33.80 -62.26 -9999.00 -9999.00 -9999.00 11.31 9.91 0.00
0.00 23070.63
27.80 -60.86 -9999.00 -9999.00 -9999.00 30.65 12.20 0.00
0.00 24281.01
22.30 -58.36 -9999.00 -9999.00 -9999.00 37.63 11.77 0.00
0.00 25658.95
17.10 -56.76 -9999.00 -9999.00 -9999.00 345.07 12.06 0.00
0.00 27334.47
12.30 -57.06 -9999.00 -9999.00 -9999.00 304.43 20.96 0.00
0.00 29419.96

STID = GYX STNM = 743890 TIME = 221026/1400 
SLAT = 43.90 SLON = -70.25 SELV = 61.0
STIM = 2

SHOW = 1.42 LIFT = 1.69 SWET = 210.56 KINX = 25.13
LCLP = 1003.05 PWAT = 36.43 TOTL = 44.86 CAPE = 0.00
LCLT = 288.88 CINS = 0.00 EQLV = -9999.00 LFCT = -9999.00
BRCH = 0.00

PRES TMPC TMWC DWPC THTE DRCT SKNT OMEG
CFRL HGHT
1005.60 15.94 15.87 15.77 320.44 56.31 4.20 -0.10
100.00 69.47
1002.60 15.84 15.80 15.71 320.58 56.31 6.29 -0.10
100.00 94.92
997.10 15.74 15.69 15.60 320.93 58.30 7.77 -0.20
100.00 141.76
987.50 15.84 15.75 15.63 322.33 69.78 11.79 -0.30
100.00 224.14
973.40 17.14 17.08 16.99 328.65 89.27 15.35 -0.50
100.00 346.95
955.30 17.04 16.98 16.88 330.79 99.57 16.36 -0.60
100.00 507.63
933.60 16.24 16.18 16.09 331.09 104.36 16.43 -0.60
100.00 704.02
910.00 15.54 15.47 15.37 332.02 117.39 18.16 -0.50
100.00 922.25
884.30 13.84 13.78 13.68 330.05 125.17 20.90 -0.30
92.00 1165.32
855.70 12.84 12.11 11.61 328.85 126.17 22.38 -0.20
9.00 1442.80
824.00 11.34 10.49 9.90 328.54 124.99 23.72 -0.10
10.00 1759.83
789.50 10.04 7.14 4.82 323.88 124.08 23.91 -0.10
0.00 2116.93
751.90 8.84 3.66 -1.65 320.12 127.73 20.63 0.00
0.00 2521.96
711.40 5.94 1.80 -2.61 321.68 142.84 15.11 -0.10
0.00 2977.87
668.00 2.44 -2.26 -8.79 318.86 148.08 13.97 -0.10
0.00 3490.03
621.70 -0.86 -7.75 -27.12 314.29 151.34 16.61 -0.20
0.00 4066.64
572.90 -4.96 -10.00 -22.42 318.35 146.59 21.87 -0.30
0.00 4713.63
525.50 -8.96 -10.03 -11.73 327.48 154.37 26.50 -0.40
0.00 5387.37
482.90 -11.56 -11.68 -11.90 332.92 161.57 31.93 -0.50
100.00 6039.14
444.80 -15.36 -15.50 -15.79 333.70 167.36 32.85 -0.40
100.00 6664.95
410.50 -20.06 -20.49 -21.62 332.34 176.11 37.18 0.10
100.00 7265.74
379.50 -24.06 -24.65 -26.70 332.73 172.25 46.08 0.40
58.00 7843.35
351.70 -28.46 -28.98 -31.43 332.80 166.51 49.15 0.40
62.00 8393.46
326.70 -32.46 -32.98 -36.26 333.39 165.86 50.08 0.30
60.00 8917.48
304.20 -36.26 -36.89 -42.77 333.99 174.39 53.67 0.20
47.00 9416.37
283.90 -39.76 -40.33 -47.76 335.19 178.33 66.65 0.10
36.00 9891.79
265.70 -43.56 -43.91 -49.38 335.96 170.56 72.26 0.20
20.00 10340.78
248.80 -47.76 -48.04 -54.84 335.78 165.89 71.70 0.20
2.00 10778.43
233.60 -51.26 -51.48 -58.63 336.45 171.93 77.49 0.10
0.00 11191.12
219.60 -53.86 -54.02 -60.55 338.39 176.04 70.30 0.00
0.00 11590.19
205.70 -55.26 -55.42 -62.77 342.52 171.61 47.90 -0.10
0.00 12008.59
191.70 -55.46 -55.68 -68.39 349.08 171.33 32.23 -0.10
0.00 12457.95
177.80 -56.76 -56.99 -73.70 354.49 157.05 23.41 -0.10
0.00 12936.17
163.80 -59.56 -9999.00 -9999.00 -9999.00 157.75 23.08 -0.10
0.00 13452.28
149.80 -61.46 -9999.00 -9999.00 -9999.00 173.75 26.77 0.00
0.00 14008.39
135.90 -62.96 -9999.00 -9999.00 -9999.00 187.83 15.70 0.00
0.00 14609.67
121.90 -65.76 -9999.00 -9999.00 -9999.00 175.24 7.01 0.00
0.00 15274.12
108.00 -66.76 -9999.00 -9999.00 -9999.00 162.58 10.39 0.00
0.00 16007.31
94.00 -66.56 -9999.00 -9999.00 -9999.00 168.69 12.88 0.00
0.00 16846.47
81.00 -66.26 -9999.00 -9999.00 -9999.00 184.76 11.69 0.00
0.00 17747.22
70.60 -65.86 -9999.00 -9999.00 -9999.00 214.44 8.24 0.00
0.00 18580.23
62.20 -65.66 -9999.00 -9999.00 -9999.00 259.05 6.14 0.00
0.00 19349.22
54.30 -65.36 -9999.00 -9999.00 -9999.00 323.97 2.64 0.00
0.00 20174.79
46.90 -64.56 -9999.00 -9999.00 -9999.00 20.22 3.92 0.00
0.00 21067.61
40.10 -63.36 -9999.00 -9999.00 -9999.00 24.57 7.48 0.00
0.00 22026.77
33.80 -62.06 -9999.00 -9999.00 -9999.00 24.70 10.68 0.00
0.00 23079.58
27.80 -60.26 -9999.00 -9999.00 -9999.00 32.32 11.27 0.00
0.00 24292.24
22.30 -58.86 -9999.00 -9999.00 -9999.00 39.29 8.28 0.00
0.00 25670.51
17.10 -58.26 -9999.00 -9999.00 -9999.00 350.73 9.63 0.00
0.00 27338.26
12.30 -57.56 -9999.00 -9999.00 -9999.00 307.93 16.74 0.00
0.00 29414.10

STID = GYX STNM = 743890 TIME = 221026/1500 
SLAT = 43.90 SLON = -70.25 SELV = 61.0
STIM = 3

SHOW = 0.29 LIFT = 1.22 SWET = 228.46 KINX = 24.72
LCLP = 1001.75 PWAT = 39.17 TOTL = 46.20 CAPE = 0.00
LCLT = 289.23 CINS = 0.00 EQLV = -9999.00 LFCT = -9999.00
BRCH = 0.00

PRES TMPC TMWC DWPC THTE DRCT SKNT OMEG
CFRL HGHT
1004.90 16.34 16.25 16.13 321.72 60.26 4.70 -0.10
100.00 69.49
1002.00 16.24 16.17 16.06 321.83 60.64 7.13 -0.20
100.00 94.14
996.40 16.14 16.05 15.93 322.15 63.43 9.13 -0.30
100.00 141.94
986.80 15.94 15.87 15.77 322.82 71.03 13.15 -0.40
100.00 224.46
972.70 17.24 17.12 17.00 328.89 87.56 18.28 -0.60
100.00 347.41
954.70 17.24 17.12 17.00 331.39 94.48 19.87 -0.60
100.00 507.40
933.00 16.34 16.26 16.16 331.45 100.62 18.98 -0.50
100.00 704.02
909.40 15.74 15.67 15.57 332.80 112.15 18.03 -0.30
100.00 922.52
883.80 14.44 14.39 14.30 332.18 123.37 19.08 0.00
100.00 1165.18
855.20 12.84 12.74 12.62 330.96 130.71 22.05 0.20
100.00 1443.20
823.50 10.94 10.91 10.83 329.90 130.03 25.37 0.20
63.00 1760.33
789.00 9.34 8.56 7.97 328.04 126.03 26.42 0.10
12.00 2117.20
751.40 8.14 5.04 2.34 323.91 125.48 24.09 0.10
0.00 2521.88
711.00 5.84 0.93 -4.80 319.58 131.94 18.03 0.00
0.00 2976.41
667.60 2.44 -2.29 -8.89 318.85 141.84 13.83 -0.10
0.00 3488.67
621.30 -0.96 -6.78 -19.06 316.53 151.97 16.94 -0.10
0.00 4065.65
572.50 -5.46 -7.74 -11.31 323.30 164.71 25.78 -0.10
0.00 4712.83
525.20 -8.46 -8.56 -8.73 330.69 179.34 33.61 0.00
100.00 5386.08
482.60 -12.26 -13.17 -14.85 329.88 177.56 36.56 0.20
82.00 6038.02
444.60 -16.16 -16.95 -18.72 330.88 177.48 35.39 0.20
83.00 6660.49
410.40 -20.56 -20.90 -21.84 331.60 173.88 38.29 0.00
100.00 7258.11
379.50 -24.06 -24.41 -25.60 333.15 163.38 42.77 0.00
100.00 7833.36
351.70 -28.06 -28.58 -30.91 333.49 164.21 50.66 0.00
86.00 8383.94
326.60 -32.86 -33.36 -36.64 332.80 171.96 50.02 0.20
91.00 8910.15
304.10 -36.66 -37.10 -41.00 333.69 177.56 59.30 0.20
35.00 9408.36
283.90 -39.86 -40.19 -43.74 335.44 175.73 73.04 0.10
84.00 9881.04
265.70 -43.36 -43.60 -46.97 336.45 169.87 73.99 -0.10
99.00 10330.15
248.80 -47.26 -47.45 -51.11 336.73 164.70 72.90 -0.20
98.00 10768.49
233.60 -51.16 -51.28 -54.49 336.76 163.23 72.03 -0.20
0.00 11181.74
219.60 -54.66 -54.75 -57.90 337.24 163.75 74.26 -0.10
0.00 11580.18
205.70 -55.36 -55.54 -64.93 342.32 177.76 59.67 -0.10
0.00 11997.72
191.70 -55.96 -56.17 -68.39 348.28 173.11 40.50 -0.10
0.00 12446.47
177.80 -57.16 -57.38 -73.70 353.84 170.81 26.77 -0.10
0.00 12923.69
163.80 -59.76 -59.92 -74.24 357.86 167.20 21.91 -0.10
0.00 13439.09
149.80 -61.86 -9999.00 -9999.00 -9999.00 177.11 23.15 0.00
0.00 13994.41
135.90 -62.96 -9999.00 -9999.00 -9999.00 182.26 14.78 0.00
0.00 14595.13
121.90 -65.06 -9999.00 -9999.00 -9999.00 151.86 9.48 0.00
0.00 15260.68
108.00 -65.66 -9999.00 -9999.00 -9999.00 159.95 15.31 0.00
0.00 15997.06
94.00 -65.96 -9999.00 -9999.00 -9999.00 175.12 15.99 0.00
0.00 16839.68
81.00 -65.86 -9999.00 -9999.00 -9999.00 179.10 12.43 0.00
0.00 17742.61
70.60 -65.46 -9999.00 -9999.00 -9999.00 185.04 6.62 0.00
0.00 18577.23
62.20 -65.76 -9999.00 -9999.00 -9999.00 191.31 0.99 0.00
0.00 19346.78
54.30 -65.66 -9999.00 -9999.00 -9999.00 70.71 4.12 0.00
0.00 20171.55
46.90 -65.06 -9999.00 -9999.00 -9999.00 45.00 5.23 0.00
0.00 21062.65
40.10 -64.16 -9999.00 -9999.00 -9999.00 26.57 6.08 0.00
0.00 22018.83
33.80 -62.46 -9999.00 -9999.00 -9999.00 32.47 7.60 0.00
0.00 23068.64
27.80 -60.46 -9999.00 -9999.00 -9999.00 30.38 6.53 0.00
0.00 24279.58
22.30 -59.16 -9999.00 -9999.00 -9999.00 28.30 2.87 0.00
0.00 25656.24
17.10 -58.26 -9999.00 -9999.00 -9999.00 1.97 5.63 0.00
0.00 27322.82
12.30 -57.06 -9999.00 -9999.00 -9999.00 315.00 11.81 0.00
0.00 29401.07

STID = GYX STNM = 743890 TIME = 221026/1600 
SLAT = 43.90 SLON = -70.25 SELV = 61.0
STIM = 4

SHOW = 0.92 LIFT = 1.16 SWET = 212.56 KINX = 31.37
LCLP = 1001.01 PWAT = 42.81 TOTL = 45.38 CAPE = 0.00
LCLT = 289.54 CINS = 0.00 EQLV = -9999.00 LFCT = -9999.00
BRCH = 0.00

PRES TMPC TMWC DWPC THTE DRCT SKNT OMEG
CFRL HGHT
1004.00 16.64 16.55 16.44 322.83 64.36 5.38 -0.10
100.00 70.35
1001.00 16.54 16.46 16.35 322.90 66.97 8.45 -0.20
100.00 95.92
995.50 16.44 16.33 16.21 323.20 68.59 10.64 -0.30
100.00 142.96
985.90 16.14 16.08 15.98 323.61 75.76 13.42 -0.50
100.00 225.64
971.90 17.14 17.08 16.98 328.84 90.00 20.01 -0.60
100.00 347.84
953.80 17.44 17.37 17.27 332.40 95.91 22.65 -0.70
100.00 508.90
932.20 16.64 16.54 16.42 332.53 102.20 22.07 -0.60
100.00 704.99
908.60 15.74 15.55 15.39 332.51 112.38 21.43 -0.40
83.00 923.80
883.10 14.44 13.82 13.41 330.37 115.85 20.94 -0.30
78.00 1165.66
854.50 12.94 12.37 11.98 329.88 118.52 20.34 -0.20
79.00 1443.86
823.00 11.24 11.11 10.98 330.63 121.50 21.19 -0.20
83.00 1759.40
788.50 9.64 9.32 9.06 330.41 124.70 24.57 -0.30
24.00 2116.95
751.00 7.84 6.86 6.10 329.06 127.21 26.34 -0.30
2.00 2521.10
710.50 5.14 3.65 2.35 326.69 130.33 21.91 -0.20
0.00 2976.83
667.20 2.04 -0.84 -4.14 322.39 140.01 15.71 0.00
0.00 3487.83
620.90 -1.36 -5.27 -11.36 319.99 154.98 16.08 0.20
0.00 4064.78
572.20 -5.46 -6.47 -7.84 326.13 181.04 21.37 0.30
0.00 4710.94
524.90 -8.06 -8.51 -9.15 330.87 172.83 27.99 0.20
52.00 5385.23
482.40 -12.16 -12.72 -13.70 330.86 172.74 30.75 0.00
32.00 6036.60
444.40 -15.86 -16.40 -17.53 332.01 159.78 35.39 -0.10
45.00 6659.91
410.30 -19.76 -20.29 -21.70 332.75 149.58 38.75 -0.20
95.00 7257.31
379.30 -23.86 -24.42 -26.33 333.19 147.87 37.63 -0.10
82.00 7835.79
351.60 -28.16 -28.66 -30.91 333.38 166.28 42.60 -0.10
84.00 8384.71
326.60 -32.76 -33.19 -35.89 333.08 173.80 52.18 -0.20
90.00 8908.90
304.10 -36.66 -37.01 -39.96 333.84 172.76 60.12 -0.30
98.00 9407.23
283.90 -39.76 -40.05 -43.10 335.66 164.34 64.76 -0.30
100.00 9880.02
265.70 -43.26 -43.46 -46.15 336.67 157.23 70.78 -0.30
100.00 10329.33
248.80 -47.36 -47.52 -50.52 336.62 158.23 73.83 -0.20
92.00 10767.67
233.60 -50.96 -51.16 -57.40 336.94 158.17 74.71 0.00
26.00 11181.01
219.60 -54.16 -54.31 -60.55 337.92 160.73 75.93 0.10
0.00 11580.08
205.70 -56.16 -56.32 -64.93 341.06 174.56 65.56 0.00
0.00 11997.33
191.70 -56.56 -56.75 -68.39 347.32 180.75 44.29 0.00
0.00 12444.63
177.70 -56.96 -57.18 -73.70 354.22 178.62 32.25 0.00
0.00 12924.98
163.80 -59.86 -9999.00 -9999.00 -9999.00 175.31 23.78 0.00
0.00 13436.96
149.80 -61.66 -9999.00 -9999.00 -9999.00 179.50 22.34 0.10
0.00 13992.41
135.90 -62.26 -9999.00 -9999.00 -9999.00 176.14 17.33 0.20
0.00 14594.41
121.90 -63.56 -9999.00 -9999.00 -9999.00 160.64 15.23 0.10
0.00 15263.46
108.00 -64.76 -9999.00 -9999.00 -9999.00 175.32 21.45 0.10
0.00 16004.10
94.00 -65.96 -9999.00 -9999.00 -9999.00 183.04 18.28 0.00
0.00 16848.54
81.00 -66.16 -9999.00 -9999.00 -9999.00 176.42 12.45 0.00
0.00 17750.82
70.60 -65.66 -9999.00 -9999.00 -9999.00 168.02 6.55 0.00
0.00 18584.43
62.20 -65.56 -9999.00 -9999.00 -9999.00 114.44 2.35 0.00
0.00 19353.98
54.30 -64.76 -9999.00 -9999.00 -9999.00 77.20 4.39 0.00
0.00 20180.94
46.90 -64.06 -9999.00 -9999.00 -9999.00 23.96 3.83 0.00
0.00 21076.11
40.10 -63.56 -9999.00 -9999.00 -9999.00 355.24 2.33 0.00
0.00 22035.96
33.80 -62.36 -9999.00 -9999.00 -9999.00 52.43 3.19 0.00
0.00 23087.53
27.80 -61.26 -9999.00 -9999.00 -9999.00 23.20 4.43 0.00
0.00 24296.47
22.30 -59.76 -9999.00 -9999.00 -9999.00 332.45 5.03 0.00
0.00 25668.60
17.10 -57.16 -9999.00 -9999.00 -9999.00 329.26 8.35 0.00
0.00 27337.13
12.30 -56.16 -9999.00 -9999.00 -9999.00 298.77 11.31 0.00
0.00 29425.03

STID = GYX STNM = 743890 TIME = 221026/1700 
SLAT = 43.90 SLON = -70.25 SELV = 61.0
STIM = 5

SHOW = 0.19 LIFT = 1.33 SWET = 226.65 KINX = 31.73
LCLP = 999.71 PWAT = 43.53 TOTL = 46.05 CAPE = 3.59
LCLT = 289.89 CINS = -135.77 EQLV = 649.39 LFCT = 691.98
BRCH = 0.15

PRES TMPC TMWC DWPC THTE DRCT SKNT OMEG
CFRL HGHT
1002.10 16.94 16.88 16.78 324.14 66.50 4.88 -0.10
93.00 69.53
999.10 16.84 16.76 16.65 324.13 67.62 7.15 -0.10
100.00 95.17
993.60 16.64 16.59 16.49 324.27 69.15 8.72 -0.20
100.00 142.35
984.00 16.44 16.33 16.21 324.69 73.78 11.13 -0.30
100.00 225.27
970.00 17.24 17.14 17.03 329.33 84.56 16.39 -0.40
100.00 347.81
952.00 17.44 17.36 17.26 332.63 91.85 18.07 -0.40
100.00 508.32
930.50 16.44 16.34 16.22 332.07 95.53 18.14 -0.40
100.00 703.79
907.00 15.34 15.01 14.78 330.90 100.73 18.78 -0.30
33.00 921.79
881.50 14.14 14.08 13.99 331.48 106.75 20.90 -0.30
39.00 1163.79
853.00 13.04 12.96 12.85 332.01 113.60 21.83 -0.20
98.00 1441.51
821.50 11.94 11.35 10.94 331.61 120.47 22.98 0.10
83.00 1758.12
787.10 11.24 7.75 5.05 325.96 126.77 23.04 0.70
39.00 2116.49
749.90 8.44 5.03 2.03 324.09 134.06 16.76 1.50
0.00 2519.11
709.60 4.34 2.08 -0.13 322.75 145.75 11.05 2.00
0.00 2972.64
666.50 0.94 -0.40 -1.83 323.60 169.78 12.04 1.70
0.00 3480.08
620.30 -1.16 -1.82 -2.53 328.14 165.68 18.84 0.50
0.00 4055.99
571.60 -4.26 -4.30 -4.38 331.23 146.54 26.77 -0.70
94.00 4705.21
524.40 -7.96 -8.02 -8.12 332.07 141.78 31.39 -1.20
100.00 5380.68
482.00 -11.96 -12.00 -12.08 332.45 141.00 30.24 -1.20
100.00 6031.61
444.10 -15.86 -16.06 -16.49 332.74 140.87 29.55 -0.90
100.00 6654.10
410.00 -19.96 -20.26 -21.03 332.90 141.51 31.53 -0.70
100.00 7251.74
379.20 -24.16 -24.46 -25.44 333.15 146.89 37.33 -0.60
100.00 7826.24
351.40 -28.36 -28.70 -30.18 333.38 156.45 41.32 -0.40
100.00 8376.84
326.50 -32.46 -32.85 -35.19 333.67 167.42 48.17 -0.20
99.00 8899.29
304.00 -35.56 -35.87 -38.15 335.72 156.73 58.99 -0.20
100.00 9399.26
283.90 -39.96 -40.14 -41.93 335.52 159.94 60.59 -0.20
100.00 9870.71
265.70 -43.86 -44.09 -47.41 335.67 162.53 65.99 -0.20
83.00 10319.24
248.80 -47.46 -47.64 -51.11 336.43 160.45 72.55 -0.20
78.00 10756.90
233.60 -50.96 -51.11 -55.36 337.03 153.36 70.63 -0.10
72.00 11170.15
219.60 -54.36 -54.51 -60.55 337.61 152.50 68.98 0.00
0.00 11569.04
205.70 -56.26 -56.37 -61.06 340.99 172.87 65.77 0.00
0.00 11986.01
191.70 -56.96 -57.14 -68.39 346.67 188.13 43.96 0.00
0.00 12432.79
177.70 -57.46 -57.67 -73.70 353.40 190.11 30.98 0.00
0.00 12912.14
163.80 -59.16 -9999.00 -9999.00 -9999.00 184.43 25.14 0.10
0.00 13424.36
149.80 -60.56 -9999.00 -9999.00 -9999.00 185.19 23.60 0.10
0.00 13982.17
135.90 -61.46 -9999.00 -9999.00 -9999.00 179.49 21.76 0.00
0.00 14586.87
121.90 -63.66 -9999.00 -9999.00 -9999.00 164.51 20.36 -0.10
0.00 15257.04
108.00 -65.96 -9999.00 -9999.00 -9999.00 176.79 20.82 0.00
0.00 15995.37
94.00 -66.26 -9999.00 -9999.00 -9999.00 182.60 17.11 0.00
0.00 16836.77
81.00 -65.46 -9999.00 -9999.00 -9999.00 181.76 12.63 0.00
0.00 17739.92
70.60 -65.16 -9999.00 -9999.00 -9999.00 184.29 7.79 0.00
0.00 18575.94
62.20 -65.56 -9999.00 -9999.00 -9999.00 174.29 1.94 0.00
0.00 19346.42
54.30 -65.16 -9999.00 -9999.00 -9999.00 59.74 2.70 0.00
0.00 20172.58
46.90 -65.06 -9999.00 -9999.00 -9999.00 15.07 5.23 0.00
0.00 21064.75
40.10 -64.66 -9999.00 -9999.00 -9999.00 14.74 3.81 0.00
0.00 22019.78
33.80 -63.16 -9999.00 -9999.00 -9999.00 59.62 6.53 0.00
0.00 23066.60
27.80 -61.46 -9999.00 -9999.00 -9999.00 48.69 8.53 0.00
0.00 24272.68
22.30 -58.86 -9999.00 -9999.00 -9999.00 15.07 5.23 0.00
0.00 25647.07
17.10 -55.56 -9999.00 -9999.00 -9999.00 304.05 8.68 0.00
0.00 27325.32
12.30 -55.76 -9999.00 -9999.00 -9999.00 279.69 16.16 0.00
0.00 29422.86

STID = GYX STNM = 743890 TIME = 221026/1800 
SLAT = 43.90 SLON = -70.25 SELV = 61.0
STIM = 6

SHOW = 1.06 LIFT = 1.62 SWET = 214.35 KINX = 33.34
LCLP = 998.36 PWAT = 44.53 TOTL = 44.67 CAPE = 0.00
LCLT = 290.00 CINS = 0.00 EQLV = -9999.00 LFCT = -9999.00
BRCH = 0.00

PRES TMPC TMWC DWPC THTE DRCT SKNT OMEG
CFRL HGHT
1000.60 17.04 16.99 16.89 324.69 57.09 3.92 -0.10
43.00 68.69
997.50 16.94 16.87 16.77 324.72 58.39 5.92 -0.10
88.00 95.24
992.00 16.84 16.73 16.61 324.97 60.80 7.56 -0.10
100.00 142.52
982.50 16.54 16.45 16.33 325.26 63.43 9.13 -0.20
100.00 224.75
968.50 16.34 16.25 16.13 326.46 78.86 13.07 -0.20
100.00 347.29
950.50 16.64 16.55 16.44 329.97 95.78 15.42 -0.30
100.00 507.51
929.00 16.74 16.66 16.56 333.44 99.69 16.16 -0.30
100.00 703.11
905.60 16.24 16.13 16.02 335.02 96.34 17.60 -0.30
100.00 921.06
880.10 14.84 14.76 14.66 334.02 98.05 19.42 -0.20
100.00 1164.22
851.70 12.64 12.59 12.50 331.00 112.35 18.90 0.10
97.00 1441.57
820.30 12.24 10.53 9.38 329.22 120.07 17.06 0.40
33.00 1757.47
786.00 10.54 7.80 5.71 326.27 128.50 10.92 0.60
0.00 2114.99
748.80 7.54 5.14 3.09 324.58 154.29 5.83 0.50
0.00 2517.15
708.70 3.74 2.81 1.94 324.76 144.25 5.98 0.10
0.00 2968.02
665.60 0.84 0.80 0.72 326.73 133.03 11.97 -0.30
100.00 3475.78
619.50 -0.96 -1.00 -1.08 330.31 123.56 23.54 -0.50
100.00 4051.59
570.90 -4.56 -4.60 -4.67 330.67 123.55 22.84 -0.40
86.00 4700.26
523.90 -7.86 -8.11 -8.46 331.97 130.65 27.14 -0.10
68.00 5373.32
481.60 -11.46 -11.85 -12.49 332.85 135.26 30.09 -0.10
59.00 6024.00
443.80 -15.46 -15.89 -16.75 333.16 136.20 32.83 -0.30
91.00 6646.36
409.80 -19.36 -19.80 -20.91 333.80 141.87 39.01 -0.30
100.00 7243.76
379.00 -23.76 -24.25 -25.88 333.57 158.35 41.59 -0.10
100.00 7819.69
351.30 -28.46 -28.98 -31.44 332.91 170.45 42.15 0.20
92.00 8368.84
326.40 -32.26 -32.76 -35.89 333.83 166.72 46.50 0.20
58.00 8891.53
304.00 -36.06 -36.42 -39.25 334.83 158.57 50.51 0.00
84.00 9389.03
283.80 -39.86 -40.12 -42.80 335.58 155.57 53.55 -0.10
100.00 9862.49
265.70 -44.06 -44.22 -46.55 335.46 158.20 58.59 -0.20
100.00 10308.54
248.80 -47.96 -48.06 -49.96 335.76 157.47 67.93 -0.10
100.00 10745.53
233.60 -51.16 -51.30 -55.36 336.72 153.50 71.83 -0.10
30.00 11158.14
219.60 -54.16 -54.29 -59.12 337.97 156.64 73.00 -0.10
0.00 11557.03
205.70 -55.26 -55.45 -64.93 342.48 177.52 49.38 -0.10
0.00 11975.15
191.70 -56.06 -56.29 -73.19 348.07 193.89 36.42 -0.10
0.00 12423.89
177.80 -56.96 -57.18 -73.70 354.16 194.57 30.11 -0.10
0.00 12901.22
163.80 -58.96 -9999.00 -9999.00 -9999.00 191.93 28.19 -0.10
0.00 13417.81
149.80 -60.86 -9999.00 -9999.00 -9999.00 193.24 27.14 -0.10
0.00 13975.49
135.90 -62.56 -9999.00 -9999.00 -9999.00 184.99 24.57 -0.10
0.00 14578.20
121.90 -64.76 -9999.00 -9999.00 -9999.00 168.19 21.83 0.00
0.00 15244.87
108.00 -66.36 -9999.00 -9999.00 -9999.00 174.91 19.70 0.00
0.00 15980.54
94.00 -65.76 -9999.00 -9999.00 -9999.00 184.45 17.54 0.00
0.00 16822.14
81.00 -65.56 -9999.00 -9999.00 -9999.00 177.27 12.26 0.00
0.00 17726.16
70.60 -65.16 -9999.00 -9999.00 -9999.00 152.02 7.03 0.10
0.00 18561.99
62.20 -64.96 -9999.00 -9999.00 -9999.00 101.77 4.76 0.00
0.00 19333.58
54.30 -64.96 -9999.00 -9999.00 -9999.00 90.00 5.63 0.00
0.00 20161.33
46.90 -65.46 -9999.00 -9999.00 -9999.00 63.43 3.48 0.00
0.00 21053.07
40.10 -65.16 -9999.00 -9999.00 -9999.00 63.43 2.18 0.00
0.00 22006.04
33.80 -63.56 -9999.00 -9999.00 -9999.00 68.84 6.45 0.00
0.00 23050.60
27.80 -61.46 -9999.00 -9999.00 -9999.00 55.89 7.26 0.00
0.00 24255.54
22.30 -57.96 -9999.00 -9999.00 -9999.00 344.05 2.84 0.00
0.00 25632.84
17.10 -54.46 -9999.00 -9999.00 -9999.00 292.25 9.23 0.00
0.00 27318.85
12.30 -55.66 -9999.00 -9999.00 -9999.00 278.46 14.53 0.00
0.00 29422.18

STID = GYX STNM = 743890 TIME = 221026/1900 
SLAT = 43.90 SLON = -70.25 SELV = 61.0
STIM = 7

SHOW = 1.50 LIFT = 0.97 SWET = 178.25 KINX = 34.50
LCLP = 993.71 PWAT = 44.60 TOTL = 44.78 CAPE = 13.30
LCLT = 290.13 CINS = -125.40 EQLV = 633.72 LFCT = 722.20
BRCH = 0.55

PRES TMPC TMWC DWPC THTE DRCT SKNT OMEG
CFRL HGHT
999.20 17.44 17.24 17.07 325.74 49.40 7.17 -0.10
0.00 69.57
996.20 17.24 17.13 17.00 325.74 50.33 10.35 -0.10
38.00 95.33
990.70 16.94 16.83 16.70 325.45 51.60 13.13 -0.10
78.00 142.71
981.20 16.64 16.58 16.48 325.88 54.89 15.19 0.10
88.00 225.09
967.30 17.04 16.95 16.84 329.03 71.16 17.44 0.30
85.00 347.10
949.40 17.74 17.50 17.32 333.51 85.29 18.90 0.60
83.00 507.18
927.80 17.44 16.97 16.68 334.74 87.80 20.22 1.10
83.00 704.59
904.40 16.34 15.61 15.18 333.36 91.21 18.45 1.50
78.00 923.09
879.00 15.14 14.07 13.42 331.82 104.74 15.27 1.80
82.00 1165.67
850.70 14.04 12.21 11.05 329.92 127.50 10.53 2.00
77.00 1443.03
819.50 12.54 9.97 8.18 327.61 162.90 5.28 2.10
0.00 1758.04
785.30 10.04 7.70 5.91 326.09 207.76 4.18 2.00
0.00 2114.66
748.10 7.14 5.82 4.75 326.57 193.50 4.99 1.70
0.00 2516.65
708.00 3.94 3.72 3.50 327.29 159.90 8.49 1.10
27.00 2968.01
665.00 0.94 0.90 0.83 327.10 142.25 15.23 0.30
100.00 3475.46
619.00 -1.36 -1.37 -1.42 329.47 138.09 20.36 -0.30
85.00 4050.19
570.60 -4.26 -4.31 -4.40 331.40 134.24 20.61 -0.60
93.00 4696.49
523.60 -7.86 -7.97 -8.14 332.35 130.18 22.88 -0.70
91.00 5370.34
481.40 -11.56 -11.85 -12.33 332.89 133.03 27.89 -0.70
76.00 6019.70
443.60 -15.26 -15.66 -16.46 333.65 139.28 31.27 -0.80
92.00 6642.47
409.70 -19.16 -19.61 -20.72 334.19 146.13 34.15 -1.00
100.00 7238.81
378.90 -23.36 -23.81 -25.27 334.38 157.92 36.69 -1.10
100.00 7815.59
351.30 -27.66 -28.10 -29.95 334.43 166.38 38.77 -1.00
100.00 8364.19
326.40 -32.16 -32.53 -34.69 334.23 171.95 38.85 -0.80
100.00 8887.88
304.00 -36.56 -36.88 -39.48 334.09 172.33 40.77 -0.60
97.00 9384.97
283.80 -40.46 -40.71 -43.42 334.64 162.60 47.44 -0.40
96.00 9857.32
265.70 -44.36 -44.55 -47.41 334.94 154.55 53.79 -0.20
96.00 10302.49
248.80 -48.36 -48.51 -51.75 335.05 148.69 59.79 0.10
82.00 10738.81
233.60 -51.06 -51.23 -56.32 336.83 152.85 68.55 0.30
0.00 11151.13
219.60 -52.46 -52.70 -62.27 340.50 174.63 62.24 0.20
0.00 11551.65
205.70 -54.46 -54.67 -64.93 343.74 193.85 43.82 0.00
0.00 11972.15
191.70 -55.66 -55.90 -73.19 348.71 203.20 38.46 0.00
0.00 12422.14
177.70 -57.16 -57.38 -73.70 353.89 202.22 29.80 0.00
0.00 12903.26
163.80 -59.66 -59.83 -74.24 358.03 198.98 25.68 0.00
0.00 13415.24
149.80 -61.86 -9999.00 -9999.00 -9999.00 194.39 22.67 0.00
0.00 13970.69
135.90 -62.76 -9999.00 -9999.00 -9999.00 176.09 22.79 0.00
0.00 14571.69
121.90 -63.96 -9999.00 -9999.00 -9999.00 168.50 23.39 0.00
0.00 15239.31
108.00 -64.86 -9999.00 -9999.00 -9999.00 184.72 23.58 0.00
0.00 15979.06
94.00 -65.26 -9999.00 -9999.00 -9999.00 196.50 21.87 0.00
0.00 16824.73
81.00 -65.66 -9999.00 -9999.00 -9999.00 180.75 14.76 0.00
0.00 17729.62
70.60 -65.46 -9999.00 -9999.00 -9999.00 155.82 10.43 0.00
0.00 18564.64
62.20 -66.06 -9999.00 -9999.00 -9999.00 126.61 8.47 0.00
0.00 19333.63
54.30 -66.66 -9999.00 -9999.00 -9999.00 118.89 6.43 0.00
0.00 20155.82
46.90 -66.16 -9999.00 -9999.00 -9999.00 78.69 2.97 0.00
0.00 21042.41
40.10 -64.36 -9999.00 -9999.00 -9999.00 45.00 1.11 0.00
0.00 21995.61
33.80 -62.56 -9999.00 -9999.00 -9999.00 159.44 1.65 0.00
0.00 23044.68
27.80 -61.56 -9999.00 -9999.00 -9999.00 192.99 2.58 0.00
0.00 24252.19
22.30 -59.76 -9999.00 -9999.00 -9999.00 345.96 2.41 0.00
0.00 25623.36
17.10 -55.76 -9999.00 -9999.00 -9999.00 352.12 12.74 0.00
0.00 27297.32
12.30 -54.96 -9999.00 -9999.00 -9999.00 286.80 21.50 0.00
0.00 29397.76

STID = GYX STNM = 743890 TIME = 221026/2000 
SLAT = 43.90 SLON = -70.25 SELV = 61.0
STIM = 8

SHOW = 2.83 LIFT = 1.33 SWET = 141.19 KINX = 32.98
LCLP = 988.74 PWAT = 44.31 TOTL = 43.22 CAPE = 0.00
LCLT = 289.93 CINS = 0.00 EQLV = -9999.00 LFCT = -9999.00
BRCH = 0.00

PRES TMPC TMWC DWPC THTE DRCT SKNT OMEG
CFRL HGHT
999.10 17.64 17.22 16.94 325.69 64.09 7.56 -0.10
0.00 69.58
996.10 17.34 17.04 16.81 325.45 63.87 11.46 -0.20
0.00 95.35
990.70 16.84 16.79 16.69 325.32 64.16 13.81 -0.30
28.00 141.87
981.20 16.44 16.36 16.25 325.15 64.94 16.51 -0.30
100.00 224.20
967.20 17.14 17.03 16.91 329.32 71.74 19.83 -0.20
71.00 347.07
949.20 18.04 17.88 17.74 334.93 81.50 21.02 0.00
44.00 508.20
927.80 17.24 16.50 16.06 333.04 78.48 20.42 0.40
33.00 703.83
904.40 16.24 15.04 14.34 331.38 83.83 14.45 0.70
28.00 922.15
879.00 15.54 13.73 12.64 330.68 109.36 7.61 0.90
32.00 1164.76
850.70 14.14 11.42 9.61 327.41 146.31 2.10 0.90
27.00 1442.25
819.50 12.44 9.32 7.05 325.66 230.71 2.76 0.90
0.00 1757.11
785.30 10.34 7.99 6.24 326.95 209.05 6.00 0.90
0.00 2113.80
748.10 7.94 6.72 5.79 329.14 180.00 9.71 0.80
0.00 2516.67
708.00 5.24 4.96 4.71 330.71 153.75 15.81 0.80
9.00 2969.88
665.00 1.74 1.70 1.62 329.16 139.76 19.85 0.80
70.00 3479.42
619.00 -0.96 -1.11 -1.30 330.12 136.57 20.07 0.40
35.00 4055.48
570.50 -4.36 -4.51 -4.71 330.95 137.35 20.07 -0.10
47.00 4703.53
523.60 -7.86 -8.08 -8.40 332.09 140.67 20.84 -0.40
53.00 5375.83
481.40 -11.36 -11.76 -12.41 333.09 149.68 23.85 -0.50
35.00 6025.42
443.60 -15.16 -15.63 -16.56 333.72 160.67 27.58 -0.60
53.00 6648.55
409.60 -19.26 -19.73 -20.91 333.98 174.36 29.66 -0.60
100.00 7246.70
378.90 -23.76 -24.19 -25.62 333.70 177.92 32.07 -0.50
100.00 7821.10
351.20 -28.06 -28.46 -30.19 333.84 168.33 36.50 -0.40
100.00 8370.87
326.40 -32.16 -32.51 -34.53 334.26 157.38 40.40 -0.20
100.00 8892.09
304.00 -36.06 -36.46 -39.72 334.75 148.24 43.18 0.10
88.00 9389.71
283.80 -39.96 -40.35 -44.79 335.21 143.94 46.85 0.20
81.00 9863.06
265.70 -43.86 -44.14 -48.34 335.60 147.48 52.76 0.20
73.00 10309.19
248.80 -47.56 -47.76 -51.75 336.24 154.59 56.14 0.00
56.00 10746.75
233.60 -50.56 -50.78 -57.40 337.55 174.40 49.77 -0.10
2.00 11160.27
219.60 -52.86 -53.08 -62.27 339.89 194.30 41.69 -0.10
0.00 11560.88
205.70 -55.36 -55.54 -64.93 342.32 197.18 33.55 0.00
0.00 11980.14
191.70 -55.56 -55.81 -73.19 348.87 194.76 33.55 0.00
0.00 12429.29
177.70 -56.46 -56.70 -73.70 355.04 199.63 32.38 0.00
0.00 12911.30
163.80 -59.36 -59.53 -74.24 358.54 199.60 27.21 -0.10
0.00 13424.48
149.80 -62.06 -9999.00 -9999.00 -9999.00 191.77 23.82 0.00
0.00 13980.06
135.90 -63.06 -9999.00 -9999.00 -9999.00 176.94 25.49 0.00
0.00 14580.35
121.90 -63.86 -9999.00 -9999.00 -9999.00 173.99 25.97 0.00
0.00 15247.65
108.00 -64.56 -9999.00 -9999.00 -9999.00 188.95 24.98 0.00
0.00 15988.11
94.00 -65.26 -9999.00 -9999.00 -9999.00 197.76 21.02 0.00
0.00 16834.39
81.00 -65.96 -9999.00 -9999.00 -9999.00 176.08 14.22 0.00
0.00 17738.62
70.60 -66.26 -9999.00 -9999.00 -9999.00 154.36 10.78 0.00
0.00 18571.43
62.20 -66.46 -9999.00 -9999.00 -9999.00 136.97 7.96 0.00
0.00 19338.20
54.30 -65.86 -9999.00 -9999.00 -9999.00 170.54 4.72 0.00
0.00 20161.18
46.90 -64.86 -9999.00 -9999.00 -9999.00 230.71 2.76 0.00
0.00 21052.28
40.10 -64.16 -9999.00 -9999.00 -9999.00 261.03 3.73 0.00
0.00 22008.91
33.80 -63.36 -9999.00 -9999.00 -9999.00 33.69 1.40 0.00
0.00 23056.48
27.80 -61.26 -9999.00 -9999.00 -9999.00 47.12 7.42 0.00
0.00 24262.56
22.30 -57.46 -9999.00 -9999.00 -9999.00 3.58 9.34 0.00
0.00 25642.12
17.10 -54.66 -9999.00 -9999.00 -9999.00 302.52 15.89 0.00
0.00 27329.29
12.30 -55.86 -9999.00 -9999.00 -9999.00 298.44 21.21 0.00
0.00 29430.70

STID = GYX STNM = 743890 TIME = 221026/2100 
SLAT = 43.90 SLON = -70.25 SELV = 61.0
STIM = 9

SHOW = 2.34 LIFT = 1.42 SWET = 158.30 KINX = 33.57
LCLP = 987.82 PWAT = 45.23 TOTL = 43.82 CAPE = 0.00
LCLT = 289.42 CINS = 0.00 EQLV = -9999.00 LFCT = -9999.00
BRCH = 0.00

PRES TMPC TMWC DWPC THTE DRCT SKNT OMEG
CFRL HGHT
997.00 17.04 16.68 16.42 324.14 74.48 7.26 -0.10
0.00 70.43
994.10 16.84 16.56 16.34 324.12 74.05 11.31 -0.20
0.00 95.35
988.70 16.44 16.33 16.21 324.08 74.81 14.08 -0.30
0.00 141.88
979.20 16.04 15.99 15.89 324.18 77.91 16.69 -0.30
88.00 224.24
965.30 16.74 16.66 16.55 328.29 94.57 19.48 -0.30
69.00 346.29
947.40 17.34 17.26 17.16 332.93 97.97 19.62 -0.10
64.00 506.51
926.00 17.14 16.45 16.04 333.13 90.64 17.48 0.20
14.00 702.21
902.60 16.44 15.10 14.32 331.83 85.91 13.64 0.60
2.00 921.00
877.30 15.14 13.38 12.30 329.77 78.44 8.72 0.80
0.00 1163.03
849.10 13.54 11.46 10.09 327.79 65.22 5.56 0.80
0.00 1439.59
818.00 11.84 10.06 8.83 328.11 63.43 2.60 0.60
0.00 1753.49
783.80 10.04 9.08 8.40 330.43 143.13 2.91 0.40
0.00 2110.54
746.80 8.04 7.77 7.54 332.43 145.12 7.81 0.40
14.00 2512.10
706.80 5.64 5.55 5.43 332.58 140.31 11.87 0.50
36.00 2965.56
663.80 2.44 2.33 2.19 331.04 139.76 13.23 0.70
84.00 3477.11
618.00 -0.46 -0.81 -1.18 331.07 152.28 12.94 0.60
14.00 4052.97
569.70 -4.16 -4.50 -4.92 331.12 174.62 16.59 0.20
18.00 4700.15
522.90 -8.06 -8.17 -8.35 332.03 187.62 24.88 -0.20
83.00 5371.94
480.80 -11.76 -11.93 -12.23 332.85 182.20 25.27 -0.30
100.00 6020.10
443.20 -15.96 -16.42 -17.40 332.24 177.08 26.65 -0.10
97.00 6639.14
409.30 -19.96 -20.48 -21.87 332.65 164.66 33.04 0.00
100.00 7234.22
378.70 -24.26 -24.77 -26.53 332.73 156.30 38.19 0.00
100.00 7805.70
351.10 -27.96 -28.77 -32.70 333.33 151.13 41.05 0.00
86.00 8353.22
326.20 -31.66 -32.50 -38.11 334.32 146.61 41.65 0.00
72.00 8877.37
303.90 -35.96 -36.65 -43.11 334.47 152.18 43.71 0.00
38.00 9373.57
283.70 -39.76 -40.43 -49.98 335.10 158.34 43.69 0.00
27.00 9847.35
265.60 -43.16 -43.75 -56.36 336.21 172.84 37.39 0.10
46.00 10294.48
248.80 -46.26 -46.65 -55.81 337.97 198.92 36.56 0.10
27.00 10731.42
233.60 -49.56 -49.75 -54.49 339.19 200.77 42.17 0.10
0.00 11147.07
219.60 -52.66 -52.84 -59.12 340.28 197.90 39.20 0.10
0.00 11548.77
205.70 -54.76 -54.96 -64.93 343.26 194.84 40.19 0.00
0.00 11968.80
191.70 -55.66 -55.90 -73.19 348.71 195.72 40.15 0.00
0.00 12418.47
177.70 -57.26 -57.47 -73.70 353.73 198.34 35.82 0.00
0.00 12899.48
163.80 -59.66 -59.83 -74.24 358.03 192.84 31.47 0.00
0.00 13411.34
149.80 -62.26 -9999.00 -9999.00 -9999.00 182.73 28.59 -0.10
0.00 13966.27
135.90 -63.56 -9999.00 -9999.00 -9999.00 181.04 32.25 -0.10
0.00 14565.56
121.90 -64.66 -9999.00 -9999.00 -9999.00 182.17 30.71 -0.10
0.00 15230.80
108.00 -65.96 -9999.00 -9999.00 -9999.00 189.75 25.23 0.00
0.00 15967.36
94.00 -66.46 -9999.00 -9999.00 -9999.00 186.60 18.57 0.00
0.00 16808.35
81.00 -66.26 -9999.00 -9999.00 -9999.00 163.77 15.99 0.00
0.00 17709.31
70.60 -66.76 -9999.00 -9999.00 -9999.00 160.46 12.78 0.00
0.00 18540.51
62.20 -66.66 -9999.00 -9999.00 -9999.00 153.43 9.13 0.00
0.00 19305.98
54.30 -66.26 -9999.00 -9999.00 -9999.00 164.29 6.45 0.00
0.00 20127.77
46.90 -65.26 -9999.00 -9999.00 -9999.00 143.97 2.64 0.00
0.00 21017.16
40.10 -63.56 -9999.00 -9999.00 -9999.00 194.04 1.59 0.00
0.00 21974.25
33.80 -61.36 -9999.00 -9999.00 -9999.00 184.40 2.53 0.00
0.00 23028.32
27.80 -59.86 -9999.00 -9999.00 -9999.00 233.13 0.97 0.00
0.00 24244.13
22.30 -58.56 -9999.00 -9999.00 -9999.00 316.22 6.45 0.00
0.00 25624.65
17.10 -56.76 -9999.00 -9999.00 -9999.00 319.97 12.68 0.00
0.00 27299.40
12.30 -56.06 -9999.00 -9999.00 -9999.00 298.26 17.64 0.00
0.00 29389.71

STID = GYX STNM = 743890 TIME = 221026/2200 
SLAT = 43.90 SLON = -70.25 SELV = 61.0
STIM = 10

SHOW = -0.45 LIFT = 0.35 SWET = 194.22 KINX = 36.22
LCLP = 990.72 PWAT = 43.61 TOTL = 47.40 CAPE = 0.00
LCLT = 289.11 CINS = 0.00 EQLV = -9999.00 LFCT = -9999.00
BRCH = 0.00

PRES TMPC TMWC DWPC THTE DRCT SKNT OMEG
CFRL HGHT
997.70 16.54 16.28 16.07 322.74 54.46 1.67 0.00
0.00 69.55
994.80 16.34 16.17 16.01 322.75 66.04 3.83 -0.10
0.00 94.40
989.30 15.94 15.88 15.78 322.52 70.91 5.34 -0.20
0.00 141.67
979.80 15.74 15.69 15.59 323.12 75.96 7.21 -0.30
100.00 223.86
965.90 16.84 16.78 16.68 328.62 131.99 13.07 -0.50
100.00 345.79
947.90 17.54 17.48 17.38 333.63 139.09 15.42 -0.50
100.00 506.90
926.50 16.84 16.74 16.63 334.10 140.49 14.36 -0.50
100.00 702.50
903.10 15.74 15.68 15.59 333.78 138.58 13.21 -0.40
54.00 920.89
877.80 14.54 14.41 14.28 333.15 133.60 11.27 -0.50
31.00 1162.42
849.50 12.94 12.73 12.56 331.81 126.38 9.17 -0.60
22.00 1439.49
818.20 11.14 11.01 10.88 331.05 114.57 7.48 -0.60
29.00 1754.86
784.00 9.44 9.35 9.24 331.22 108.92 7.19 -0.60
100.00 2111.19
746.90 7.74 7.68 7.59 332.14 117.18 8.08 -0.50
100.00 2513.18
706.80 5.74 5.67 5.57 332.94 140.96 9.25 -0.20
100.00 2967.60
663.80 2.64 2.28 1.93 330.91 166.83 9.38 0.10
34.00 3479.42
618.00 0.24 -1.46 -3.26 329.42 203.10 14.36 0.10
0.00 4056.06
569.70 -3.76 -7.82 -15.00 323.52 203.20 25.16 0.00
0.00 4703.90
523.00 -8.56 -9.87 -11.96 328.30 185.98 24.22 -0.10
65.00 5373.34
480.90 -12.96 -14.20 -16.70 328.18 177.80 25.27 0.00
60.00 6018.90
443.20 -15.96 -18.00 -23.61 329.16 170.66 31.10 0.00
47.00 6637.74
409.40 -19.86 -21.91 -29.56 329.94 165.72 33.88 0.00
51.00 7230.80
378.70 -23.56 -25.93 -40.70 330.55 167.66 31.82 0.00
50.00 7804.69
351.10 -27.26 -29.25 -45.36 332.38 177.41 30.15 0.10
36.00 8353.53
326.30 -31.06 -32.57 -47.03 334.09 187.34 31.92 0.20
22.00 8876.76
303.90 -35.06 -36.08 -47.15 335.35 192.83 35.86 0.20
0.00 9376.62
283.80 -38.86 -39.73 -53.74 336.16 191.25 36.83 0.10
0.00 9849.75
265.60 -42.86 -43.31 -50.55 336.94 190.67 40.91 0.10
0.00 10300.44
248.80 -46.86 -47.02 -49.96 337.40 193.63 46.97 0.00
100.00 10737.12
233.60 -50.26 -50.39 -53.69 338.17 196.27 52.00 0.10
2.00 11151.57
219.60 -51.66 -51.91 -60.55 341.78 194.99 48.06 0.00
0.00 11553.54
205.70 -53.76 -54.00 -64.93 344.84 184.50 42.09 0.00
0.00 11975.48
191.70 -55.76 -55.97 -68.39 348.60 188.58 45.57 0.00
0.00 12426.08
177.80 -57.86 -58.06 -73.70 352.69 192.45 44.15 0.00
0.00 12902.75
163.80 -59.96 -60.12 -74.24 357.53 190.41 36.54 0.00
0.00 13417.07
149.80 -62.06 -9999.00 -9999.00 -9999.00 190.45 33.18 -0.10
0.00 13971.87
135.90 -64.16 -9999.00 -9999.00 -9999.00 186.03 31.45 0.00
0.00 14570.59
121.90 -64.96 -9999.00 -9999.00 -9999.00 189.64 30.15 0.00
0.00 15234.40
108.00 -65.26 -9999.00 -9999.00 -9999.00 191.89 22.63 0.00
0.00 15971.67
94.00 -65.56 -9999.00 -9999.00 -9999.00 177.56 18.28 0.00
0.00 16815.91
81.00 -65.36 -9999.00 -9999.00 -9999.00 166.11 18.61 0.00
0.00 17720.80
70.60 -65.86 -9999.00 -9999.00 -9999.00 165.77 14.22 0.00
0.00 18555.61
62.20 -65.76 -9999.00 -9999.00 -9999.00 165.50 11.64 0.00
0.00 19324.42
54.30 -65.86 -9999.00 -9999.00 -9999.00 178.85 9.71 0.00
0.00 20148.80
46.90 -65.46 -9999.00 -9999.00 -9999.00 194.04 4.80 0.00
0.00 21038.61
40.10 -64.36 -9999.00 -9999.00 -9999.00 256.76 3.40 0.00
0.00 21993.41
33.80 -61.66 -9999.00 -9999.00 -9999.00 306.87 3.88 0.00
0.00 23044.73
27.80 -58.76 -9999.00 -9999.00 -9999.00 331.56 5.30 0.00
0.00 24262.82
22.30 -55.86 -9999.00 -9999.00 -9999.00 321.55 8.43 0.00
0.00 25655.61
17.10 -54.36 -9999.00 -9999.00 -9999.00 300.51 12.63 0.00
0.00 27350.17
12.30 -55.66 -9999.00 -9999.00 -9999.00 287.74 15.29 0.00
0.00 29453.98

STID = GYX STNM = 743890 TIME = 221026/2300 
SLAT = 43.90 SLON = -70.25 SELV = 61.0
STIM = 11

SHOW = -0.27 LIFT = 1.16 SWET = 203.42 KINX = 34.73
LCLP = 996.16 PWAT = 39.45 TOTL = 46.96 CAPE = 0.00
LCLT = 289.10 CINS = 0.00 EQLV = -9999.00 LFCT = -9999.00
BRCH = 0.00

PRES TMPC TMWC DWPC THTE DRCT SKNT OMEG
CFRL HGHT
998.40 16.14 16.09 15.99 322.02 218.66 1.24 0.00
0.00 70.39
995.40 15.94 15.89 15.79 321.76 168.69 0.99 0.00
0.00 96.04
990.00 15.84 15.74 15.61 321.97 125.54 1.67 -0.10
100.00 142.38
980.50 15.54 15.46 15.35 322.31 101.31 2.97 -0.20
100.00 224.46
966.50 16.04 15.97 15.87 325.81 161.97 8.78 -0.20
100.00 346.94
948.60 16.84 16.78 16.68 331.03 168.23 14.28 -0.20
100.00 506.57
927.10 16.74 16.66 16.56 333.72 162.44 16.10 -0.20
100.00 702.64
903.70 15.74 15.66 15.56 333.62 158.60 15.44 -0.20
100.00 920.84
878.30 14.34 14.27 14.18 332.62 157.32 14.10 -0.10
100.00 1163.08
849.90 12.84 12.77 12.68 331.88 158.52 12.74 -0.10
100.00 1440.85
818.60 11.44 11.36 11.26 332.10 156.43 11.65 -0.10
100.00 1756.20
784.40 9.74 9.67 9.57 332.14 147.26 9.69 0.00
100.00 2112.78
747.20 7.84 7.79 7.70 332.41 144.21 10.30 0.40
100.00 2515.99
707.00 5.64 5.26 4.94 331.74 162.58 10.39 0.80
91.00 2971.35
664.00 3.44 0.57 -2.37 326.40 196.43 15.79 0.80
0.00 3483.33
618.20 0.44 -5.68 -17.36 319.34 204.37 24.94 0.30
0.00 4059.96
570.00 -4.16 -8.95 -19.08 321.02 196.20 23.66 0.00
0.00 4705.18
523.20 -8.66 -12.94 -24.61 321.84 185.98 24.22 -0.10
15.00 5374.61
481.10 -12.46 -16.77 -34.47 322.93 181.24 27.00 -0.20
10.00 6019.69
443.50 -15.36 -18.76 -31.54 327.54 189.52 29.35 -0.30
0.00 6637.40
409.60 -19.36 -20.85 -25.39 331.87 191.01 29.49 -0.20
1.00 7233.10
378.80 -23.46 -24.54 -28.58 333.08 185.57 32.01 -0.10
0.00 7809.51
351.20 -27.46 -28.47 -33.46 333.80 183.81 37.96 0.00
0.00 8358.28
326.30 -31.26 -32.20 -38.56 334.77 182.45 40.83 0.00
0.00 8883.23
303.90 -35.26 -36.03 -43.11 335.46 184.16 45.57 0.10
0.00 9382.72
283.80 -39.16 -39.70 -45.96 336.24 184.10 48.87 0.10
0.00 9855.38
265.70 -42.96 -43.26 -47.41 336.99 184.07 52.00 0.00
0.00 10303.15
248.80 -46.76 -46.90 -49.43 337.59 184.61 55.54 0.00
100.00 10742.36
233.60 -50.26 -50.39 -53.69 338.17 186.87 55.17 0.00
0.00 11156.91
219.60 -52.16 -52.39 -60.55 341.01 187.52 51.92 0.10
0.00 11558.43
205.70 -53.36 -53.64 -67.88 345.42 183.05 51.17 0.20
0.00 11980.27
191.70 -55.46 -55.71 -73.19 349.03 182.81 51.53 0.20
0.00 12431.59
177.70 -57.86 -58.06 -73.70 352.75 184.95 45.05 0.10
0.00 12912.16
163.80 -60.76 -60.90 -74.24 356.19 191.04 40.58 0.10
0.00 13421.99
149.80 -62.36 -9999.00 -9999.00 -9999.00 201.75 37.22 0.00
0.00 13975.35
135.90 -64.06 -9999.00 -9999.00 -9999.00 200.70 28.03 0.00
0.00 14573.79
121.90 -64.86 -9999.00 -9999.00 -9999.00 189.32 25.19 0.00
0.00 15237.91
108.00 -64.26 -9999.00 -9999.00 -9999.00 185.91 22.65 0.10
0.00 15977.13
94.00 -64.66 -9999.00 -9999.00 -9999.00 173.77 21.50 0.00
0.00 16825.23
81.00 -65.16 -9999.00 -9999.00 -9999.00 175.49 22.22 0.00
0.00 17732.51
70.60 -66.06 -9999.00 -9999.00 -9999.00 177.17 15.75 0.00
0.00 18567.33
62.20 -66.56 -9999.00 -9999.00 -9999.00 177.71 9.71 0.00
0.00 19334.29
54.30 -66.26 -9999.00 -9999.00 -9999.00 191.31 3.96 0.00
0.00 20156.28
46.90 -64.76 -9999.00 -9999.00 -9999.00 323.13 3.88 0.00
0.00 21046.73
40.10 -62.56 -9999.00 -9999.00 -9999.00 307.75 7.61 0.00
0.00 22007.27
33.80 -60.06 -9999.00 -9999.00 -9999.00 306.87 6.80 0.00
0.00 23067.09
27.80 -58.66 -9999.00 -9999.00 -9999.00 331.19 4.43 0.00
0.00 24290.05
22.30 -57.96 -9999.00 -9999.00 -9999.00 344.88 7.44 0.00
0.00 25676.38
17.10 -56.56 -9999.00 -9999.00 -9999.00 339.54 13.89 0.00
0.00 27354.23
12.30 -56.46 -9999.00 -9999.00 -9999.00 306.53 19.58 0.00
0.00 29443.58

STID = GYX STNM = 743890 TIME = 221027/0000 
SLAT = 43.90 SLON = -70.25 SELV = 61.0
STIM = 12

SHOW = 0.28 LIFT = 1.22 SWET = 205.29 KINX = 29.54
LCLP = 995.52 PWAT = 36.48 TOTL = 46.51 CAPE = 0.00
LCLT = 288.89 CINS = 0.00 EQLV = -9999.00 LFCT = -9999.00
BRCH = 0.00

PRES TMPC TMWC DWPC THTE DRCT SKNT OMEG
CFRL HGHT
997.90 15.94 15.88 15.78 321.42 243.43 0.87 0.00
0.00 70.39
994.90 15.94 15.84 15.72 321.68 243.43 1.30 0.00
100.00 96.04
989.40 15.74 15.67 15.56 321.83 248.20 1.05 0.00
100.00 143.25
980.00 15.54 15.45 15.34 322.35 216.87 0.97 0.00
100.00 224.50
966.00 16.14 16.08 15.98 326.24 203.84 9.13 0.10
100.00 347.07
948.10 17.34 17.24 17.13 332.76 192.04 14.90 0.20
100.00 506.97
926.60 16.44 16.34 16.23 332.66 180.84 13.21 0.20
95.00 703.22
903.20 15.74 15.05 14.62 331.57 176.58 13.03 0.20
62.00 921.36
877.80 14.74 13.57 12.85 330.34 180.75 14.76 0.10
53.00 1163.79
849.60 13.04 12.38 11.94 330.65 188.90 16.32 0.00
52.00 1439.88
818.30 11.44 11.31 11.18 331.99 188.49 13.15 0.10
65.00 1755.41
784.00 9.84 9.70 9.56 332.30 179.01 11.27 0.30
87.00 2113.25
746.80 8.64 7.49 6.65 331.60 180.00 13.21 0.60
59.00 2517.23
706.80 6.44 3.76 1.40 327.57 190.08 17.75 0.60
41.00 2971.49
663.80 3.74 -1.66 -9.00 320.87 195.38 24.18 0.50
0.00 3484.08
618.10 0.44 -5.98 -19.03 318.67 194.88 28.75 0.40
0.00 4059.51
569.90 -4.26 -9.67 -23.00 319.49 191.09 29.29 0.20
0.00 4704.60
523.10 -8.86 -13.62 -29.14 320.46 188.93 27.53 -0.10
0.00 5373.62
481.10 -12.36 -16.65 -33.78 323.16 189.82 30.75 -0.30
0.00 6017.04
443.40 -15.96 -18.54 -26.65 328.05 181.96 34.01 -0.30
0.00 6635.94
409.50 -19.66 -21.12 -25.67 331.40 177.12 34.81 -0.30
0.00 7230.79
378.80 -23.56 -25.46 -34.77 331.41 182.14 41.59 -0.20
0.00 7804.87
351.20 -27.76 -28.89 -34.98 333.06 181.48 45.09 -0.20
0.00 8353.11
326.30 -31.86 -32.62 -37.67 334.09 179.76 46.62 -0.20
0.00 8877.08
303.90 -35.76 -36.38 -41.86 334.91 180.00 49.92 -0.10
0.00 9375.44
283.80 -39.36 -39.83 -45.17 336.03 180.00 54.20 0.00
0.00 9847.41
265.60 -42.96 -43.30 -48.35 336.95 180.39 57.50 0.10
2.00 10297.54
248.80 -46.56 -46.84 -52.43 337.69 182.82 59.32 0.20
44.00 10734.41
233.60 -49.46 -49.76 -58.63 339.18 184.34 59.03 0.20
0.00 11149.87
219.60 -51.56 -51.84 -62.27 341.89 184.90 59.07 0.20
0.00 11552.65
205.70 -53.66 -53.92 -67.88 344.95 185.86 58.97 0.20
0.00 11974.78
191.70 -54.96 -55.22 -73.19 349.83 189.70 54.20 0.10
0.00 12426.31
177.70 -56.76 -56.99 -73.70 354.55 190.54 45.65 0.10
0.00 12908.65
163.80 -60.26 -60.41 -74.24 357.03 186.40 40.07 0.10
0.00 13420.39
149.80 -62.66 -9999.00 -9999.00 -9999.00 194.67 38.34 0.10
0.00 13974.01
135.90 -63.06 -9999.00 -9999.00 -9999.00 191.68 29.76 0.00
0.00 14573.45
121.90 -63.86 -9999.00 -9999.00 -9999.00 178.39 27.60 0.00
0.00 15240.75
108.00 -64.16 -9999.00 -9999.00 -9999.00 182.19 25.47 0.00
0.00 15981.92
94.00 -65.06 -9999.00 -9999.00 -9999.00 182.58 21.58 0.00
0.00 16829.41
81.00 -65.56 -9999.00 -9999.00 -9999.00 190.55 20.16 0.00
0.00 17734.95
70.60 -65.46 -9999.00 -9999.00 -9999.00 195.26 13.29 0.00
0.00 18570.17
62.20 -65.56 -9999.00 -9999.00 -9999.00 195.26 8.86 0.00
0.00 19340.09
54.30 -64.86 -9999.00 -9999.00 -9999.00 213.69 6.29 0.00
0.00 20166.85
46.90 -64.16 -9999.00 -9999.00 -9999.00 281.31 2.97 0.00
0.00 21061.60
40.10 -63.16 -9999.00 -9999.00 -9999.00 325.71 5.17 0.00
0.00 22022.13
33.80 -62.26 -9999.00 -9999.00 -9999.00 360.00 6.22 0.00
0.00 23074.95
27.80 -61.06 -9999.00 -9999.00 -9999.00 15.75 7.87 0.00
0.00 24284.75
22.30 -58.56 -9999.00 -9999.00 -9999.00 349.05 12.28 0.00
0.00 25661.40
17.10 -55.96 -9999.00 -9999.00 -9999.00 321.34 16.16 0.00
0.00 27339.26
12.30 -56.56 -9999.00 -9999.00 -9999.00 290.83 19.11 0.00
0.00 29431.01

STID = GYX STNM = 743890 TIME = 221027/0100 
SLAT = 43.90 SLON = -70.25 SELV = 61.0
STIM = 13

SHOW = -0.56 LIFT = 0.93 SWET = 224.04 KINX = 20.03
LCLP = 994.27 PWAT = 34.03 TOTL = 47.38 CAPE = 0.00
LCLT = 288.68 CINS = 0.00 EQLV = -9999.00 LFCT = -9999.00
BRCH = 0.00

PRES TMPC TMWC DWPC THTE DRCT SKNT OMEG
CFRL HGHT
996.80 15.74 15.67 15.57 320.91 174.29 1.94 0.00
100.00 70.39
993.80 15.74 15.69 15.60 321.35 175.60 2.53 0.00
100.00 96.05
988.40 15.64 15.59 15.50 321.72 180.00 2.33 -0.10
100.00 142.43
978.90 15.44 15.39 15.30 322.30 175.60 2.53 -0.10
100.00 224.60
964.90 16.74 16.67 16.57 328.39 203.20 10.35 -0.10
100.00 347.43
947.00 17.44 17.32 17.20 333.21 191.16 15.05 -0.10
52.00 507.74
925.60 16.34 16.26 16.16 332.52 184.55 17.15 -0.20
45.00 703.30
902.30 15.44 15.34 15.22 332.69 182.86 19.44 -0.20
24.00 920.61
876.90 14.44 14.39 14.30 333.21 184.68 21.45 -0.30
100.00 1163.14
848.60 12.94 12.86 12.76 332.37 195.09 17.91 -0.30
100.00 1440.46
817.30 10.94 10.88 10.79 330.77 193.43 13.38 -0.20
100.00 1756.07
783.10 10.54 8.99 7.91 330.28 188.23 16.30 -0.10
37.00 2113.28
746.00 9.04 5.47 2.43 325.89 194.17 19.83 -0.10
9.00 2517.03
706.20 6.64 0.01 -9.03 317.97 196.89 22.73 0.00
0.00 2969.20
663.40 3.94 -3.60 -18.20 316.29 197.40 27.27 0.10
0.00 3479.40
617.80 0.04 -6.87 -23.68 316.74 195.64 30.26 0.20
0.00 4053.34
569.60 -4.56 -9.82 -22.79 319.25 196.10 30.13 0.10
0.00 4697.83
523.00 -8.46 -12.20 -20.97 323.39 197.23 32.13 0.00
0.00 5364.50
480.90 -12.76 -15.09 -20.67 326.40 188.17 35.53 -0.20
0.00 6010.01
443.30 -16.06 -18.17 -24.14 328.80 174.40 39.82 -0.20
0.00 6627.12
409.40 -19.56 -22.76 -41.76 328.26 173.84 41.61 -0.30
0.00 7221.99
378.70 -23.86 -25.83 -36.20 330.78 181.36 49.16 -0.30
0.00 7795.81
351.10 -27.96 -29.03 -34.80 332.86 178.72 52.08 -0.30
0.00 8343.63
326.30 -31.96 -32.69 -37.46 333.98 175.99 52.78 -0.30
0.00 8865.26
303.90 -35.86 -36.47 -41.86 334.77 175.29 54.37 -0.20
0.00 9363.41
283.80 -39.46 -39.90 -44.79 335.93 174.04 58.00 -0.10
3.00 9835.18
265.60 -42.96 -43.45 -51.87 336.71 173.78 59.21 -0.10
0.00 10285.21
248.80 -46.16 -46.56 -55.81 338.12 177.38 59.50 0.00
0.00 10722.45
233.60 -48.86 -49.16 -57.40 340.13 181.10 60.82 0.00
0.00 11138.83
219.60 -51.06 -51.36 -62.27 342.66 184.57 60.99 0.10
0.00 11542.60
205.70 -53.26 -53.54 -67.88 345.58 187.01 58.92 0.10
0.00 11965.59
191.70 -55.46 -55.71 -73.19 349.03 189.53 55.15 0.10
0.00 12417.02
177.70 -57.46 -57.67 -73.70 353.40 188.70 50.12 0.20
0.00 12898.03
163.80 -59.66 -59.83 -74.24 358.03 185.96 44.91 0.20
0.00 13409.65
149.80 -62.46 -9999.00 -9999.00 -9999.00 187.47 40.37 0.10
0.00 13964.32
135.90 -63.56 -9999.00 -9999.00 -9999.00 189.83 35.30 0.10
0.00 14563.32
121.90 -63.56 -9999.00 -9999.00 -9999.00 178.50 29.74 0.00
0.00 15230.31
108.00 -64.26 -9999.00 -9999.00 -9999.00 184.17 26.69 0.00
0.00 15971.83
94.00 -65.26 -9999.00 -9999.00 -9999.00 195.07 20.92 0.00
0.00 16818.71
81.00 -65.86 -9999.00 -9999.00 -9999.00 197.24 17.70 0.00
0.00 17723.17
70.60 -65.06 -9999.00 -9999.00 -9999.00 182.73 12.26 0.00
0.00 18558.59
62.20 -65.26 -9999.00 -9999.00 -9999.00 170.91 9.83 0.00
0.00 19329.81
54.30 -64.66 -9999.00 -9999.00 -9999.00 212.62 5.77 0.00
0.00 20157.56
46.90 -64.26 -9999.00 -9999.00 -9999.00 292.62 5.05 0.00
0.00 21052.52
40.10 -62.66 -9999.00 -9999.00 -9999.00 339.08 7.07 0.00
0.00 22013.97
33.80 -62.16 -9999.00 -9999.00 -9999.00 2.60 8.55 0.00
0.00 23068.29
27.80 -61.36 -9999.00 -9999.00 -9999.00 1.91 5.83 0.00
0.00 24277.52
22.30 -59.36 -9999.00 -9999.00 -9999.00 343.18 8.72 0.00
0.00 25650.62
17.10 -57.46 -9999.00 -9999.00 -9999.00 326.31 11.91 0.00
0.00 27319.54
12.30 -57.46 -9999.00 -9999.00 -9999.00 295.17 17.81 0.00
0.00 29399.72

STID = GYX STNM = 743890 TIME = 221027/0200 
SLAT = 43.90 SLON = -70.25 SELV = 61.0
STIM = 14

SHOW = 1.91 LIFT = 2.11 SWET = 206.38 KINX = 5.61
LCLP = 994.27 PWAT = 27.60 TOTL = 44.39 CAPE = 0.00
LCLT = 288.48 CINS = 0.00 EQLV = -9999.00 LFCT = -9999.00
BRCH = 0.00

PRES TMPC TMWC DWPC THTE DRCT SKNT OMEG
CFRL HGHT
996.80 15.54 15.47 15.37 320.28 186.01 3.71 0.00
100.00 70.38
993.90 15.44 15.40 15.31 320.41 188.13 5.50 0.00
100.00 95.16
988.40 15.34 15.28 15.18 320.73 192.53 7.17 0.00
100.00 142.34
978.90 15.14 15.05 14.93 321.21 196.70 8.12 0.00
100.00 224.41
965.00 15.74 15.65 15.53 324.94 214.85 13.25 0.10
100.00 346.05
947.00 16.74 16.39 16.15 329.92 222.36 17.87 0.20
81.00 506.69
925.60 16.34 16.10 15.92 331.96 217.35 18.57 0.30
89.00 701.95
902.20 15.24 14.98 14.78 331.48 206.57 17.37 0.30
90.00 920.10
876.80 14.14 13.36 12.86 329.79 206.87 16.34 0.40
85.00 1162.34
848.50 12.74 11.43 10.55 327.78 207.07 19.64 0.20
82.00 1439.25
817.30 12.04 9.55 7.78 326.68 204.61 22.86 0.00
68.00 1754.05
783.20 10.64 5.99 1.84 321.60 204.61 22.86 0.00
0.00 2110.42
746.20 9.24 0.81 -12.17 313.68 205.95 24.42 -0.10
0.00 2512.37
706.40 6.64 -2.32 -21.93 312.26 203.75 26.53 -0.10
0.00 2963.76
663.70 3.44 -4.58 -23.51 314.01 199.63 29.49 -0.10
0.00 3471.77
618.00 -0.36 -6.48 -19.29 317.65 194.89 31.76 0.00
0.00 4045.78
569.80 -4.56 -9.78 -22.48 319.32 194.04 32.03 -0.10
0.00 4689.67
523.10 -8.46 -12.94 -25.53 321.83 188.26 36.50 0.00
0.00 5357.51
481.00 -12.16 -16.70 -36.54 323.04 181.06 41.96 0.00
0.00 6003.30
443.40 -15.96 -19.33 -32.97 326.51 174.34 47.24 0.00
0.00 6620.76
409.50 -19.96 -23.20 -44.97 327.45 177.52 49.38 -0.10
0.00 7215.00
378.80 -24.16 -26.52 -42.89 329.50 179.59 53.81 -0.20
0.00 7787.82
351.20 -28.06 -29.38 -37.39 332.22 176.94 58.16 -0.20
0.00 8334.99
326.30 -32.16 -32.77 -36.65 333.85 173.76 59.01 -0.20
0.00 8858.31
303.90 -35.86 -36.45 -41.57 334.80 170.66 58.66 -0.10
0.00 9356.26
283.80 -39.76 -40.24 -45.96 335.38 168.06 59.17 -0.10
0.00 9827.73
265.60 -43.46 -43.89 -51.19 336.02 170.00 58.18 -0.10
0.00 10276.98
248.80 -46.26 -46.68 -56.89 337.93 176.31 57.42 -0.10
0.00 10713.65
233.60 -48.56 -48.90 -58.63 340.54 180.76 58.86 -0.10
0.00 11130.21
219.60 -50.46 -50.81 -64.44 343.55 182.10 58.31 0.00
0.00 11534.79
205.70 -52.66 -52.96 -67.88 346.52 183.97 56.08 0.00
0.00 11958.93
191.70 -55.06 -55.32 -73.19 349.67 187.31 51.90 0.00
0.00 12411.38
177.70 -57.26 -57.47 -73.70 353.73 190.96 50.06 0.00
0.00 12893.06
163.80 -59.76 -59.92 -74.24 357.86 189.58 47.86 0.10
0.00 13404.80
149.80 -62.36 -9999.00 -9999.00 -9999.00 187.56 44.29 0.10
0.00 13959.47
135.90 -63.86 -9999.00 -9999.00 -9999.00 186.76 37.96 0.10
0.00 14558.19
121.90 -63.46 -9999.00 -9999.00 -9999.00 183.77 32.52 0.10
0.00 15224.86
108.00 -64.26 -9999.00 -9999.00 -9999.00 184.46 27.47 0.00
0.00 15966.56
94.00 -65.36 -9999.00 -9999.00 -9999.00 192.53 19.70 0.00
0.00 16813.24
81.00 -66.16 -9999.00 -9999.00 -9999.00 186.79 16.43 0.00
0.00 17716.82
70.60 -65.26 -9999.00 -9999.00 -9999.00 166.16 13.81 0.00
0.00 18551.24
62.20 -65.26 -9999.00 -9999.00 -9999.00 172.61 10.59 0.00
0.00 19322.09
54.30 -64.06 -9999.00 -9999.00 -9999.00 242.65 6.33 0.00
0.00 20151.03
46.90 -63.06 -9999.00 -9999.00 -9999.00 313.67 5.91 0.00
0.00 21049.85
40.10 -61.46 -9999.00 -9999.00 -9999.00 5.71 7.81 0.00
0.00 22016.80
33.80 -61.36 -9999.00 -9999.00 -9999.00 14.04 7.21 0.00
0.00 23076.12
27.80 -60.96 -9999.00 -9999.00 -9999.00 343.50 5.48 0.00
0.00 24288.78
22.30 -60.66 -9999.00 -9999.00 -9999.00 342.41 8.35 0.00
0.00 25658.98
17.10 -58.56 -9999.00 -9999.00 -9999.00 346.91 8.57 0.00
0.00 27318.57
12.30 -57.16 -9999.00 -9999.00 -9999.00 306.12 17.79 0.00
0.00 29394.90

STID = GYX STNM = 743890 TIME = 221027/0300 
SLAT = 43.90 SLON = -70.25 SELV = 61.0
STIM = 15

SHOW = 3.82 LIFT = 3.54 SWET = 204.45 KINX = 10.51
LCLP = 993.18 PWAT = 25.05 TOTL = 41.93 CAPE = 0.00
LCLT = 288.43 CINS = 0.00 EQLV = -9999.00 LFCT = -9999.00
BRCH = 0.00

PRES TMPC TMWC DWPC THTE DRCT SKNT OMEG
CFRL HGHT
997.50 15.64 15.50 15.35 320.26 197.65 4.49 0.00
63.00 69.53
994.40 15.44 15.34 15.22 320.17 199.98 6.82 0.10
75.00 96.00
989.00 15.34 15.24 15.12 320.53 205.02 9.65 0.10
100.00 142.30
979.50 15.34 15.25 15.14 321.78 214.38 13.42 0.20
100.00 224.35
965.60 16.94 16.20 15.74 326.70 222.47 18.71 0.30
55.00 346.21
947.60 16.84 15.95 15.41 328.32 226.03 22.94 0.40
31.00 507.10
926.20 15.34 14.48 13.93 326.40 226.64 24.05 0.40
39.00 701.81
902.80 15.14 13.22 12.01 325.63 219.26 23.33 0.20
40.00 919.17
877.40 14.04 11.77 10.25 324.67 211.04 24.49 0.00
35.00 1160.90
849.10 12.64 10.44 8.91 324.70 203.88 25.91 -0.20
32.00 1437.29
817.90 10.94 8.53 6.70 323.61 200.87 24.53 -0.20
18.00 1751.05
783.80 10.44 3.25 -5.51 314.31 208.65 23.91 -0.10
0.00 2106.03
746.80 9.14 0.03 -16.29 311.68 208.24 26.69 0.00
0.00 2507.09
707.00 6.34 -1.56 -15.46 314.06 202.42 30.05 0.10
0.00 2957.81
664.10 2.94 -3.68 -15.56 316.13 198.11 32.50 0.20
0.00 3467.33
618.30 -0.76 -6.95 -20.75 316.62 195.95 33.94 0.10
0.00 4041.46
570.00 -4.56 -9.53 -20.93 319.82 189.99 38.07 -0.10
0.00 4685.94
523.20 -8.36 -12.74 -24.61 322.21 182.80 43.76 -0.20
0.00 5355.20
481.10 -11.66 -16.58 -41.06 323.16 179.05 46.62 -0.10
0.00 6001.59
443.50 -16.06 -20.12 -46.01 324.89 183.13 49.81 -0.10
0.00 6619.29
409.60 -20.76 -23.92 -48.88 326.16 182.12 52.49 0.00
0.00 7212.26
378.90 -24.96 -27.44 -51.30 327.88 179.19 54.97 0.00
0.00 7783.08
351.20 -28.56 -30.23 -43.60 330.75 175.85 59.01 0.10
0.00 8330.66
326.40 -32.26 -32.66 -35.02 334.02 172.39 63.11 0.20
100.00 8851.13
303.90 -36.16 -36.64 -40.74 334.49 169.57 64.39 0.20
11.00 9350.83
283.80 -39.96 -40.42 -45.96 335.09 168.66 63.21 0.20
2.00 9821.80
265.60 -43.26 -43.70 -51.19 336.31 174.20 61.50 0.10
0.00 10271.05
248.80 -46.06 -46.49 -56.89 338.23 180.73 61.19 0.00
0.00 10708.10
233.60 -48.16 -48.57 -61.80 341.06 183.21 58.95 0.00
0.00 11125.21
219.60 -50.06 -50.45 -67.41 344.12 183.15 56.60 0.00
0.00 11530.52
205.70 -52.36 -52.70 -72.71 346.95 184.64 52.82 0.00
0.00 11955.32
191.70 -54.86 -55.13 -73.19 349.99 187.43 49.55 0.00
0.00 12408.29
177.70 -57.46 -57.67 -73.70 353.40 189.77 48.10 0.00
0.00 12889.97
163.80 -59.76 -59.92 -74.24 357.86 187.96 46.29 0.00
0.00 13401.47
149.80 -61.76 -9999.00 -9999.00 -9999.00 186.18 45.12 0.00
0.00 13956.93
135.90 -63.16 -9999.00 -9999.00 -9999.00 186.25 39.28 0.00
0.00 14557.50
121.90 -64.06 -9999.00 -9999.00 -9999.00 188.26 35.14 0.00
0.00 15224.33
108.00 -64.66 -9999.00 -9999.00 -9999.00 185.75 29.10 0.00
0.00 15964.25
94.00 -65.36 -9999.00 -9999.00 -9999.00 188.83 20.24 0.00
0.00 16810.12
81.00 -65.96 -9999.00 -9999.00 -9999.00 181.85 18.07 0.00
0.00 17714.14
70.60 -64.46 -9999.00 -9999.00 -9999.00 174.16 17.19 0.00
0.00 18550.57
62.20 -64.56 -9999.00 -9999.00 -9999.00 186.81 13.11 0.00
0.00 19324.19
54.30 -64.36 -9999.00 -9999.00 -9999.00 221.82 4.95 0.00
0.00 20153.94
46.90 -63.56 -9999.00 -9999.00 -9999.00 360.00 2.33 0.00
0.00 21051.04
40.10 -62.56 -9999.00 -9999.00 -9999.00 21.16 6.45 0.00
0.00 22014.32
33.80 -62.36 -9999.00 -9999.00 -9999.00 360.00 7.58 0.00
0.00 23068.39
27.80 -61.56 -9999.00 -9999.00 -9999.00 356.35 9.15 0.00
0.00 24276.47
22.30 -60.06 -9999.00 -9999.00 -9999.00 14.04 9.62 0.00
0.00 25646.68
17.10 -56.76 -9999.00 -9999.00 -9999.00 344.48 7.26 0.00
0.00 27315.59
12.30 -56.36 -9999.00 -9999.00 -9999.00 295.23 18.69 0.00
0.00 29404.46

STID = GYX STNM = 743890 TIME = 221027/0400 
SLAT = 43.90 SLON = -70.25 SELV = 61.0
STIM = 16

SHOW = 6.91 LIFT = 3.62 SWET = 157.04 KINX = 12.51
LCLP = 990.31 PWAT = 25.68 TOTL = 38.12 CAPE = 0.00
LCLT = 288.39 CINS = 0.00 EQLV = -9999.00 LFCT = -9999.00
BRCH = 0.00

PRES TMPC TMWC DWPC THTE DRCT SKNT OMEG
CFRL HGHT
997.60 15.84 15.57 15.35 320.48 204.44 4.70 0.10
13.00 70.38
994.60 15.64 15.50 15.35 320.63 205.87 7.13 0.10
25.00 96.02
989.20 15.54 15.46 15.35 321.20 207.01 11.11 0.20
50.00 142.34
979.70 16.44 16.15 15.92 324.64 211.52 17.09 0.30
66.00 224.58
965.70 17.14 16.37 15.90 327.27 219.56 23.17 0.30
5.00 347.60
947.80 15.44 15.38 15.28 326.37 223.11 25.02 0.40
0.00 507.24
926.30 14.34 14.25 14.14 325.65 225.60 26.11 0.50
100.00 702.02
902.90 14.24 12.79 11.84 324.26 227.01 27.35 0.50
7.00 918.64
877.60 13.64 10.82 8.81 321.79 222.94 26.81 0.40
0.00 1158.77
849.40 12.84 8.40 4.74 318.76 216.35 25.56 0.30
0.00 1433.76
818.20 11.74 6.09 0.64 316.80 209.31 25.39 0.30
0.00 1747.51
784.10 10.24 4.80 -0.63 318.30 203.96 26.79 0.30
0.00 2102.60
747.00 8.14 3.23 -1.89 319.76 199.38 29.86 0.30
0.00 2504.31
707.00 5.54 -0.47 -8.74 316.79 199.09 32.07 0.20
0.00 2956.35
664.10 2.54 -4.45 -18.71 314.40 200.40 33.99 0.00
0.00 3464.89
618.40 -0.86 -6.19 -16.21 318.30 195.40 39.49 -0.20
0.00 4037.23
570.10 -4.86 -9.08 -17.60 320.81 189.58 45.51 -0.20
0.00 4681.32
523.30 -8.26 -13.36 -30.50 320.87 186.08 47.67 -0.10
0.00 5350.20
481.20 -11.86 -16.76 -41.96 322.82 187.18 48.15 0.00
0.00 5996.25
443.50 -16.86 -20.61 -43.21 324.07 186.87 48.72 0.10
0.00 6614.35
409.60 -20.96 -24.09 -49.71 325.86 182.25 54.43 0.10
0.00 7206.16
378.90 -24.96 -27.46 -52.30 327.84 177.53 58.53 0.10
0.00 7776.75
351.20 -28.56 -30.19 -42.82 330.83 177.90 63.75 0.10
0.00 8324.33
326.40 -32.26 -32.66 -35.02 334.02 174.24 67.75 0.00
100.00 8844.80
303.90 -36.66 -36.83 -38.16 334.20 169.52 68.36 0.00
100.00 9343.99
283.80 -40.56 -40.92 -45.17 334.31 171.40 67.58 0.10
27.00 9813.88
265.60 -43.16 -43.85 -63.02 336.04 179.66 66.24 0.20
0.00 10262.63
248.80 -45.86 -46.43 -66.51 338.31 184.56 63.52 0.20
0.00 10699.95
233.60 -47.56 -48.06 -66.97 341.88 185.43 59.52 0.20
0.00 11117.79
219.60 -49.46 -49.88 -67.41 345.04 184.27 54.74 0.10
0.00 11524.18
205.70 -51.86 -52.22 -72.71 347.73 184.55 51.44 0.10
0.00 11950.04
191.70 -54.56 -54.84 -73.19 350.48 187.88 49.61 0.10
0.00 12403.83
177.70 -57.36 -57.57 -73.70 353.56 189.61 48.85 0.00
0.00 12885.95
163.80 -59.56 -59.73 -74.24 358.20 188.23 47.49 0.00
0.00 13397.81
149.80 -61.66 -9999.00 -9999.00 -9999.00 187.10 47.18 0.00
0.00 13953.66
135.90 -63.36 -9999.00 -9999.00 -9999.00 188.05 41.59 0.00
0.00 14554.09
121.90 -64.86 -9999.00 -9999.00 -9999.00 190.30 36.93 0.00
0.00 15219.33
108.00 -64.96 -9999.00 -9999.00 -9999.00 192.85 29.68 0.00
0.00 15957.31
94.00 -64.96 -9999.00 -9999.00 -9999.00 189.21 21.83 0.00
0.00 16803.38
81.00 -65.86 -9999.00 -9999.00 -9999.00 181.15 19.42 0.00
0.00 17708.48
70.60 -65.16 -9999.00 -9999.00 -9999.00 182.89 19.25 0.00
0.00 18543.70
62.20 -65.16 -9999.00 -9999.00 -9999.00 191.47 13.68 0.00
0.00 19314.92
54.30 -64.56 -9999.00 -9999.00 -9999.00 213.02 4.64 0.00
0.00 20143.08
46.90 -63.76 -9999.00 -9999.00 -9999.00 161.57 0.62 0.00
0.00 21039.32
40.10 -63.86 -9999.00 -9999.00 -9999.00 52.31 5.40 0.00
0.00 21999.17
33.80 -63.86 -9999.00 -9999.00 -9999.00 48.69 8.53 0.00
0.00 23046.23
27.80 -61.96 -9999.00 -9999.00 -9999.00 27.47 10.96 0.00
0.00 24248.88
22.30 -58.86 -9999.00 -9999.00 -9999.00 6.71 9.98 0.00
0.00 25621.66
17.10 -56.26 -9999.00 -9999.00 -9999.00 320.04 9.38 0.00
0.00 27297.18
12.30 -56.96 -9999.00 -9999.00 -9999.00 301.26 12.72 0.00
0.00 29385.56

STID = GYX STNM = 743890 TIME = 221027/0500 
SLAT = 43.90 SLON = -70.25 SELV = 61.0
STIM = 17

SHOW = 4.74 LIFT = 3.51 SWET = 195.68 KINX = 0.11
LCLP = 986.13 PWAT = 24.50 TOTL = 41.11 CAPE = 0.00
LCLT = 288.63 CINS = 0.00 EQLV = -9999.00 LFCT = -9999.00
BRCH = 0.00

PRES TMPC TMWC DWPC THTE DRCT SKNT OMEG
CFRL HGHT
996.50 16.34 15.93 15.64 321.77 199.09 5.34 0.00
0.00 71.27
993.60 16.34 15.94 15.65 322.16 200.41 8.92 0.10
0.00 96.13
988.10 16.24 15.94 15.71 322.88 202.43 13.25 0.10
1.00 143.48
978.60 16.74 16.32 16.03 325.36 209.45 18.96 0.20
16.00 225.96
964.60 16.74 16.11 15.71 326.54 218.51 23.08 0.30
8.00 349.10
946.70 15.74 15.09 14.67 325.60 227.21 24.88 0.50
0.00 508.87
925.30 14.04 13.95 13.83 324.81 230.25 25.52 0.60
93.00 702.92
902.00 14.24 12.71 11.70 324.12 228.01 26.13 0.60
4.00 918.71
876.70 13.94 11.39 9.65 323.62 219.32 26.36 0.60
0.00 1159.23
848.40 12.84 9.62 7.23 322.36 210.83 28.05 0.60
0.00 1435.79
817.30 11.64 7.42 3.87 320.55 201.59 29.04 0.50
0.00 1749.07
783.10 10.14 4.30 -1.84 317.14 197.35 29.31 0.40
0.00 2105.60
746.20 7.94 -0.44 -15.26 310.83 201.39 29.84 0.00
0.00 2505.00
706.50 5.34 -3.64 -28.69 309.37 202.67 33.26 -0.20
0.00 2953.02
663.70 1.84 -2.62 -8.88 318.75 197.19 39.45 -0.10
0.00 3459.78
617.90 -1.36 -5.24 -11.23 320.56 192.48 46.76 -0.20
0.00 4032.96
569.70 -4.36 -10.38 -28.56 317.99 189.69 48.48 -0.30
0.00 4676.17
523.00 -8.06 -13.92 -43.27 319.66 188.39 49.28 -0.20
0.00 5344.63
480.90 -12.46 -17.07 -39.46 322.35 189.67 53.21 0.00
0.00 5990.50
443.30 -16.76 -20.62 -45.39 324.09 189.20 55.89 0.10
0.00 6606.70
409.50 -21.36 -24.38 -48.88 325.41 187.69 56.64 0.10
0.00 7196.62
378.80 -25.66 -28.03 -52.31 326.93 183.30 60.70 0.10
0.00 7766.10
351.20 -29.06 -30.84 -48.10 329.73 179.17 67.02 0.10
0.00 8310.42
326.30 -32.56 -33.59 -42.11 332.48 175.18 71.74 0.10
35.00 8832.15
303.90 -36.76 -37.26 -41.86 333.50 171.00 70.80 0.10
87.00 9328.71
283.80 -40.26 -41.04 -55.82 334.06 175.87 70.10 0.10
0.00 9798.76
265.60 -43.16 -43.87 -66.03 336.00 180.32 68.57 0.20
0.00 10247.78
248.80 -45.16 -45.77 -66.51 339.35 184.68 66.65 0.20
0.00 10685.76
233.60 -46.86 -47.40 -66.97 342.94 187.59 61.73 0.20
0.00 11104.89
219.60 -48.66 -49.13 -67.41 346.28 187.22 55.61 0.20
0.00 11512.64
205.70 -51.06 -51.43 -67.88 349.04 185.43 51.32 0.10
0.00 11940.03
191.70 -53.96 -54.26 -73.19 351.44 185.58 49.96 0.10
0.00 12395.27
177.70 -56.86 -57.08 -73.70 354.38 187.91 49.42 0.10
0.00 12878.61
163.80 -59.26 -59.44 -74.24 358.70 189.73 48.29 0.10
0.00 13391.42
149.80 -61.46 -9999.00 -9999.00 -9999.00 189.73 47.11 0.10
0.00 13947.93
135.90 -62.96 -9999.00 -9999.00 -9999.00 195.14 43.86 0.00
0.00 14549.21
121.90 -64.16 -9999.00 -9999.00 -9999.00 199.78 36.75 0.00
0.00 15216.20
108.00 -65.16 -9999.00 -9999.00 -9999.00 204.16 28.96 0.00
0.00 15955.06
94.00 -65.26 -9999.00 -9999.00 -9999.00 192.26 22.86 0.00
0.00 16800.12
81.00 -66.36 -9999.00 -9999.00 -9999.00 181.11 20.01 0.00
0.00 17703.48
70.60 -65.86 -9999.00 -9999.00 -9999.00 185.41 18.53 0.00
0.00 18536.29
62.20 -64.26 -9999.00 -9999.00 -9999.00 200.77 12.04 0.00
0.00 19307.88
54.30 -64.06 -9999.00 -9999.00 -9999.00 216.87 2.91 0.00
0.00 20138.81
46.90 -63.86 -9999.00 -9999.00 -9999.00 96.71 3.32 0.00
0.00 21035.91
40.10 -64.16 -9999.00 -9999.00 -9999.00 80.79 7.28 0.00
0.00 21994.84
33.80 -62.76 -9999.00 -9999.00 -9999.00 81.12 6.29 0.00
0.00 23043.91
27.80 -59.66 -9999.00 -9999.00 -9999.00 8.62 6.49 0.00
0.00 24256.28
22.30 -57.16 -9999.00 -9999.00 -9999.00 329.74 10.80 0.00
0.00 25641.97
17.10 -56.16 -9999.00 -9999.00 -9999.00 312.51 12.65 0.00
0.00 27324.49
12.30 -56.96 -9999.00 -9999.00 -9999.00 294.73 16.26 0.00
0.00 29413.35

STID = GYX STNM = 743890 TIME = 221027/0600 
SLAT = 43.90 SLON = -70.25 SELV = 61.0
STIM = 18

SHOW = 5.67 LIFT = 3.78 SWET = 174.82 KINX = 26.43
LCLP = 983.33 PWAT = 26.66 TOTL = 40.10 CAPE = 0.00
LCLT = 288.29 CINS = 0.00 EQLV = -9999.00 LFCT = -9999.00
BRCH = 0.00

PRES TMPC TMWC DWPC THTE DRCT SKNT OMEG
CFRL HGHT
996.50 16.24 15.71 15.35 321.08 207.47 5.48 0.10
0.00 71.26
993.50 16.44 15.88 15.50 321.99 209.74 10.96 0.10
0.00 96.98
988.10 16.54 15.98 15.60 322.99 211.10 14.30 0.20
1.00 143.50
978.60 17.04 16.16 15.61 324.82 221.33 21.46 0.20
4.00 226.06
964.70 16.84 15.71 15.03 325.21 226.57 25.14 0.30
4.00 348.37
946.80 16.14 14.65 13.73 324.16 232.23 27.27 0.40
0.00 508.20
925.40 14.84 13.43 12.51 323.17 235.74 27.25 0.30
43.00 702.54
902.10 13.94 12.11 10.87 322.29 234.16 25.87 0.30
0.00 918.41
876.80 13.34 10.86 9.10 322.01 220.21 24.67 0.20
0.00 1158.47
848.60 12.34 8.77 5.94 319.90 205.04 26.17 0.10
0.00 1433.39
817.40 11.34 5.34 -0.85 314.97 200.20 25.87 0.10
0.00 1746.95
783.50 9.84 4.00 -2.28 316.34 203.83 25.49 0.20
0.00 2099.66
746.40 6.84 5.36 4.13 325.57 201.21 31.66 0.30
0.00 2500.70
706.30 3.64 2.51 1.46 324.39 197.64 39.74 0.00
2.00 2952.46
663.40 1.34 -1.79 -5.64 320.78 195.00 45.05 -0.40
0.00 3459.55
617.70 -0.66 -7.38 -24.44 315.74 195.04 45.67 -0.40
0.00 4031.75
569.60 -4.16 -10.69 -34.56 317.27 193.64 47.77 -0.30
0.00 4674.45
522.90 -8.56 -14.05 -37.92 319.51 194.60 47.77 -0.20
0.00 5342.62
480.90 -12.76 -17.56 -48.30 321.38 194.99 51.07 -0.10
0.00 5986.04
443.30 -16.96 -20.87 -49.94 323.60 196.18 57.85 0.00
0.00 6601.59
409.40 -21.76 -24.58 -44.97 325.15 194.35 61.15 0.10
0.00 7192.63
378.70 -26.16 -28.39 -50.39 326.38 185.13 60.86 0.20
0.00 7761.24
351.10 -29.76 -31.57 -54.07 328.53 181.48 67.62 0.20
0.00 8304.38
326.30 -33.26 -34.67 -54.68 330.65 179.84 71.29 0.10
0.00 8822.54
303.90 -36.76 -37.87 -57.99 332.44 179.06 70.71 0.10
5.00 9318.30
283.80 -39.96 -40.84 -60.30 334.37 179.52 69.35 0.00
0.00 9788.60
265.60 -42.66 -43.39 -63.02 336.77 182.06 70.16 0.00
0.00 10238.40
248.80 -45.26 -45.86 -66.51 339.20 185.98 68.94 0.00
0.00 10676.76
233.60 -47.46 -47.96 -66.97 342.03 188.30 64.59 0.00
0.00 11095.25
219.60 -49.16 -49.60 -67.41 345.51 188.18 58.68 0.10
0.00 11502.00
205.70 -51.06 -51.46 -72.71 348.99 187.64 54.10 0.10
0.00 11928.91
191.70 -53.36 -53.68 -73.19 352.40 188.41 50.47 0.00
0.00 12384.77
177.70 -56.46 -56.70 -73.70 355.04 190.03 47.94 -0.10
0.00 12869.22
163.80 -59.36 -59.53 -74.24 358.54 190.35 45.42 -0.10
0.00 13382.39
149.80 -61.96 -9999.00 -9999.00 -9999.00 191.46 44.99 0.00
0.00 13938.11
135.90 -63.16 -9999.00 -9999.00 -9999.00 198.51 45.28 0.00
0.00 14538.40
121.90 -63.86 -9999.00 -9999.00 -9999.00 201.80 36.62 0.00
0.00 15205.54
108.00 -65.46 -9999.00 -9999.00 -9999.00 197.22 28.88 0.00
0.00 15944.41
94.00 -65.16 -9999.00 -9999.00 -9999.00 189.46 24.81 0.00
0.00 16789.06
81.00 -66.16 -9999.00 -9999.00 -9999.00 179.51 22.73 0.00
0.00 17693.07
70.60 -66.06 -9999.00 -9999.00 -9999.00 186.28 19.54 0.00
0.00 18525.88
62.20 -64.66 -9999.00 -9999.00 -9999.00 203.20 10.35 0.00
0.00 19296.36
54.30 -65.16 -9999.00 -9999.00 -9999.00 135.00 0.54 0.00
0.00 20124.31
46.90 -64.66 -9999.00 -9999.00 -9999.00 68.96 2.70 0.00
0.00 21017.34
40.10 -64.56 -9999.00 -9999.00 -9999.00 110.22 3.92 0.00
0.00 21973.52
33.80 -62.46 -9999.00 -9999.00 -9999.00 130.43 6.90 0.00
0.00 23022.33
27.80 -60.06 -9999.00 -9999.00 -9999.00 96.91 6.45 0.00
0.00 24234.42
22.30 -57.86 -9999.00 -9999.00 -9999.00 14.04 4.00 0.00
0.00 25616.56
17.10 -56.76 -9999.00 -9999.00 -9999.00 318.53 11.15 0.00
0.00 27294.02
12.30 -57.36 -9999.00 -9999.00 -9999.00 289.37 18.75 0.00
0.00 29378.06

STID = GYX STNM = 743890 TIME = 221027/0700 
SLAT = 43.90 SLON = -70.25 SELV = 61.0
STIM = 19

SHOW = 5.26 LIFT = 4.20 SWET = 175.48 KINX = 17.83
LCLP = 981.42 PWAT = 24.78 TOTL = 40.70 CAPE = 0.00
LCLT = 287.83 CINS = 0.00 EQLV = -9999.00 LFCT = -9999.00
BRCH = 0.00

PRES TMPC TMWC DWPC THTE DRCT SKNT OMEG
CFRL HGHT
997.70 16.04 15.38 14.94 319.89 218.37 5.94 0.10
0.00 70.39
994.70 16.44 15.65 15.13 321.09 220.50 12.26 0.10
0.00 96.07
989.20 16.74 15.80 15.21 322.29 221.99 15.68 0.20
0.00 143.40
979.70 17.44 15.99 15.12 324.13 228.99 23.68 0.30
1.00 225.94
965.80 17.24 15.38 14.25 323.96 232.96 26.77 0.30
0.00 348.24
947.80 16.14 14.25 13.06 322.75 237.22 27.27 0.40
0.00 508.85
926.40 14.94 13.05 11.80 321.86 241.53 26.07 0.40
0.00 702.96
903.10 14.14 11.82 10.23 321.29 238.09 24.26 0.20
0.00 918.65
877.80 13.44 10.62 8.59 321.18 221.63 23.39 0.10
0.00 1158.51
849.50 12.14 8.98 6.54 320.40 206.76 25.45 0.00
0.00 1434.06
818.30 10.54 6.60 3.12 318.22 200.76 25.76 -0.10
0.00 1746.90
784.10 8.44 5.44 2.78 320.08 196.36 25.51 -0.10
0.00 2101.37
747.00 5.34 3.36 1.48 320.21 200.07 32.26 -0.20
0.00 2500.11
707.00 3.84 -0.72 -6.66 316.33 199.89 38.83 -0.30
0.00 2948.75
664.10 2.14 -4.41 -17.12 314.55 199.91 40.50 -0.30
0.00 3455.47
618.30 -0.76 -7.49 -24.96 315.40 200.34 42.46 -0.30
0.00 4028.67
570.00 -4.46 -10.71 -31.81 317.24 198.52 43.43 -0.10
0.00 4673.04
523.30 -8.76 -14.17 -37.57 319.24 198.18 41.71 0.00
0.00 5340.12
481.10 -12.86 -17.59 -46.67 321.30 197.93 49.20 0.10
0.00 5985.86
443.50 -17.06 -20.87 -46.68 323.59 201.70 59.38 0.10
0.00 6600.92
409.60 -21.96 -24.67 -43.47 324.96 196.83 63.73 0.10
0.00 7191.34
378.80 -26.26 -28.45 -49.56 326.26 188.57 63.85 0.00
0.00 7761.26
351.20 -30.06 -31.85 -55.34 328.06 184.75 68.03 0.00
0.00 8303.80
326.30 -33.56 -34.95 -55.94 330.20 184.70 71.13 0.00
0.00 8823.33
303.90 -36.96 -38.05 -57.99 332.16 184.34 71.89 0.00
0.00 9318.57
283.80 -40.26 -41.11 -60.30 333.94 184.01 72.24 0.00
0.00 9788.37
265.60 -42.96 -43.66 -63.02 336.33 185.66 72.80 0.00
0.00 10237.58
248.80 -45.56 -46.14 -66.51 338.76 188.02 69.64 0.00
0.00 10675.37
233.60 -47.56 -48.06 -66.97 341.88 188.92 63.91 0.00
0.00 11093.49
219.60 -48.96 -49.43 -72.27 345.77 188.13 59.07 0.00
0.00 11500.33
205.70 -50.86 -51.27 -72.71 349.30 187.42 55.63 0.10
0.00 11927.62
191.70 -53.36 -53.68 -73.19 352.40 188.63 53.05 0.00
0.00 12383.68
177.70 -56.26 -56.50 -73.70 355.37 191.92 49.83 0.00
0.00 12868.36
163.80 -59.26 -59.44 -74.24 358.70 191.60 44.42 0.00
0.00 13381.89
149.80 -61.96 -9999.00 -9999.00 -9999.00 190.21 43.82 0.00
0.00 13937.73
135.90 -63.06 -9999.00 -9999.00 -9999.00 197.10 44.91 0.00
0.00 14538.16
121.90 -63.56 -9999.00 -9999.00 -9999.00 206.01 35.88 0.00
0.00 15205.95
108.00 -65.16 -9999.00 -9999.00 -9999.00 199.06 27.95 0.00
0.00 15945.87
94.00 -65.46 -9999.00 -9999.00 -9999.00 187.71 26.07 0.00
0.00 16790.52
81.00 -65.66 -9999.00 -9999.00 -9999.00 175.70 25.91 0.00
0.00 17694.97
70.60 -64.76 -9999.00 -9999.00 -9999.00 186.47 18.96 0.00
0.00 18531.40
62.20 -64.16 -9999.00 -9999.00 -9999.00 219.81 9.11 0.00
0.00 19305.22
54.30 -65.46 -9999.00 -9999.00 -9999.00 326.31 1.40 0.00
0.00 20133.57
46.90 -65.06 -9999.00 -9999.00 -9999.00 30.26 2.70 0.00
0.00 21025.09
40.10 -64.66 -9999.00 -9999.00 -9999.00 122.74 3.22 0.00
0.00 21980.13
33.80 -62.06 -9999.00 -9999.00 -9999.00 155.22 5.56 0.00
0.00 23029.69
27.80 -60.36 -9999.00 -9999.00 -9999.00 135.00 3.57 0.00
0.00 24242.07
22.30 -58.26 -9999.00 -9999.00 -9999.00 341.57 3.07 0.00
0.00 25621.95
17.10 -56.46 -9999.00 -9999.00 -9999.00 310.91 11.56 0.00
0.00 27299.02
12.30 -57.36 -9999.00 -9999.00 -9999.00 287.28 18.32 0.00
0.00 29384.51

STID = GYX STNM = 743890 TIME = 221027/0800 
SLAT = 43.90 SLON = -70.25 SELV = 61.0
STIM = 20

SHOW = 4.65 LIFT = 4.80 SWET = 174.13 KINX = 17.34
LCLP = 976.72 PWAT = 24.16 TOTL = 41.80 CAPE = 0.00
LCLT = 287.32 CINS = 0.00 EQLV = -9999.00 LFCT = -9999.00
BRCH = 0.00

PRES TMPC TMWC DWPC THTE DRCT SKNT OMEG
CFRL HGHT
998.00 15.94 15.08 14.50 318.89 230.19 6.06 0.10
0.00 71.23
995.00 16.44 15.32 14.60 320.02 231.60 13.13 0.10
0.00 96.89
989.60 16.74 15.40 14.56 320.96 232.72 16.36 0.20
0.00 143.34
980.10 17.54 15.37 14.04 322.07 237.56 24.63 0.30
0.00 225.82
966.20 17.14 14.62 13.03 321.49 240.31 27.06 0.30
0.00 348.02
948.20 16.14 13.52 11.80 320.43 246.04 26.79 0.40
0.00 508.45
926.90 15.04 12.38 10.56 319.79 251.14 24.63 0.30
0.00 701.52
903.50 14.24 11.16 8.93 319.27 247.00 22.38 0.20
0.00 918.00
878.20 13.44 9.96 7.32 319.22 230.78 21.81 0.10
0.00 1157.69
849.90 11.84 9.07 6.94 320.58 214.91 22.75 0.00
0.00 1432.93
818.60 9.74 7.67 6.02 321.11 200.02 24.40 -0.10
0.00 1746.18
784.40 7.14 5.78 4.63 320.97 193.53 26.57 -0.10
0.00 2099.43
747.30 4.74 2.25 -0.33 317.41 198.78 30.77 -0.20
0.00 2496.67
707.20 3.44 -1.40 -8.19 314.73 199.96 34.71 -0.20
0.00 2945.33
664.30 1.94 -4.64 -17.77 314.03 202.76 36.65 -0.10
0.00 3451.28
618.50 -0.66 -7.56 -26.24 315.19 205.05 39.45 -0.10
0.00 4024.17
570.20 -4.56 -10.70 -30.96 317.23 204.85 40.68 -0.10
0.00 4668.31
523.40 -9.16 -14.35 -35.99 318.92 200.43 42.29 -0.10
0.00 5336.03
481.30 -13.46 -17.95 -44.04 320.67 197.70 47.92 -0.10
0.00 5978.83
443.50 -17.76 -21.35 -45.39 322.78 200.12 56.47 0.00
0.00 6595.49
409.60 -22.36 -25.00 -43.94 324.40 197.10 63.40 0.10
0.00 7184.63
378.90 -26.76 -28.80 -47.43 325.69 191.44 65.60 0.00
0.00 7751.60
351.20 -30.36 -32.06 -52.94 327.73 186.14 68.96 0.00
0.00 8295.16
326.40 -33.76 -35.15 -57.42 329.85 185.03 73.12 0.10
0.00 8811.98
303.90 -36.96 -38.08 -59.76 332.11 186.09 73.25 0.10
0.00 9309.15
283.80 -40.06 -40.95 -62.51 334.18 187.11 72.24 0.20
0.00 9779.14
265.60 -42.86 -43.57 -63.02 336.48 187.89 70.78 0.20
0.00 10228.64
248.80 -45.26 -45.84 -63.51 339.25 190.33 67.13 0.20
0.00 10666.82
233.60 -47.06 -47.59 -66.97 342.64 193.35 63.09 0.10
0.00 11085.68
219.60 -48.86 -49.34 -72.27 345.92 193.72 58.99 0.10
0.00 11493.06
205.70 -50.96 -51.36 -72.71 349.15 192.53 55.52 0.00
0.00 11920.35
191.70 -53.46 -53.78 -73.19 352.24 192.09 52.84 0.00
0.00 12376.21
177.70 -56.26 -56.50 -73.70 355.37 193.23 50.08 0.00
0.00 12860.77
163.80 -59.16 -59.34 -74.24 358.87 193.44 45.14 0.00
0.00 13374.42
149.80 -61.46 -9999.00 -9999.00 -9999.00 191.92 43.28 0.00
0.00 13931.05
135.90 -62.96 -9999.00 -9999.00 -9999.00 197.14 43.49 0.00
0.00 14532.34
121.90 -63.86 -9999.00 -9999.00 -9999.00 205.35 36.75 0.00
0.00 15199.80
108.00 -64.56 -9999.00 -9999.00 -9999.00 199.33 27.58 0.00
0.00 15940.26
94.00 -65.46 -9999.00 -9999.00 -9999.00 191.14 25.14 0.00
0.00 16786.13
81.00 -64.96 -9999.00 -9999.00 -9999.00 184.69 26.13 0.00
0.00 17692.11
70.60 -64.16 -9999.00 -9999.00 -9999.00 194.04 17.62 0.00
0.00 18531.15
62.20 -63.76 -9999.00 -9999.00 -9999.00 201.04 5.42 0.00
0.00 19306.82
54.30 -64.86 -9999.00 -9999.00 -9999.00 102.09 2.78 0.00
0.00 20137.16
46.90 -64.66 -9999.00 -9999.00 -9999.00 112.38 3.57 0.00
0.00 21030.83
40.10 -64.36 -9999.00 -9999.00 -9999.00 162.47 3.87 0.00
0.00 21987.46
33.80 -62.26 -9999.00 -9999.00 -9999.00 238.57 4.10 0.00
0.00 23037.28
27.80 -61.66 -9999.00 -9999.00 -9999.00 294.23 4.25 0.00
0.00 24245.36
22.30 -58.76 -9999.00 -9999.00 -9999.00 340.71 4.12 0.00
0.00 25619.43
17.10 -54.96 -9999.00 -9999.00 -9999.00 327.17 7.17 0.00
0.00 27300.39
12.30 -56.16 -9999.00 -9999.00 -9999.00 285.07 20.92 0.00
0.00 29398.90

STID = GYX STNM = 743890 TIME = 221027/0900 
SLAT = 43.90 SLON = -70.25 SELV = 61.0
STIM = 21

SHOW = 6.04 LIFT = 5.39 SWET = 147.80 KINX = 13.87
LCLP = 975.33 PWAT = 22.30 TOTL = 40.19 CAPE = 0.00
LCLT = 286.64 CINS = 0.00 EQLV = -9999.00 LFCT = -9999.00
BRCH = 0.00

PRES TMPC TMWC DWPC THTE DRCT SKNT OMEG
CFRL HGHT
998.70 15.44 14.50 13.86 317.06 239.35 6.10 0.10
0.00 71.21
995.80 16.24 14.85 13.94 318.46 240.15 13.66 0.10
0.00 95.95
990.30 16.54 14.89 13.84 319.29 241.70 17.21 0.20
0.00 143.18
980.80 17.14 14.79 13.30 320.15 245.32 23.74 0.10
0.00 225.50
966.90 16.74 14.07 12.34 319.71 249.39 25.93 0.10
0.00 347.40
948.90 15.84 13.05 11.17 318.94 256.81 25.54 0.00
0.00 507.48
927.50 14.74 11.86 9.81 318.17 260.15 23.85 -0.10
0.00 701.07
904.20 14.04 10.49 7.80 317.27 252.58 20.77 -0.30
0.00 916.22
878.80 13.24 9.16 5.85 316.88 233.02 19.70 -0.40
0.00 1156.43
850.50 11.54 7.95 4.94 317.40 213.99 20.84 -0.50
0.00 1431.09
819.20 9.24 6.72 4.58 318.46 197.85 24.09 -0.50
0.00 1743.52
785.00 6.54 4.59 2.79 317.77 196.61 25.14 -0.40
0.00 2095.66
747.80 4.74 1.44 -2.27 315.38 200.42 28.40 -0.30
0.00 2493.08
707.80 3.24 -2.03 -10.01 313.24 202.06 32.07 -0.10
0.00 2939.97
664.80 1.74 -4.83 -18.26 313.55 207.26 36.05 0.00
0.00 3446.26
618.90 -0.76 -7.38 -24.04 315.55 207.32 39.78 0.10
0.00 4019.70
570.50 -4.76 -10.61 -28.37 317.43 204.26 41.12 0.20
0.00 4664.49
523.60 -9.46 -14.47 -34.60 318.70 199.94 44.42 0.30
0.00 5332.75
481.40 -13.86 -18.18 -42.44 320.27 197.35 48.83 0.40
0.00 5976.04
443.70 -18.16 -21.69 -46.68 322.16 198.37 56.08 0.30
0.00 6589.91
409.70 -22.36 -25.18 -49.71 324.03 197.19 65.07 0.20
0.00 7180.10
379.00 -26.76 -28.82 -48.08 325.63 194.04 68.88 0.10
0.00 7746.90
351.30 -30.26 -31.95 -51.94 327.88 189.77 72.14 0.00
0.00 8290.43
326.40 -33.76 -35.15 -57.42 329.85 187.66 74.28 0.00
0.00 8809.37
304.00 -37.16 -38.25 -59.76 331.80 189.69 73.89 0.00
0.00 9304.03
283.80 -40.06 -40.95 -62.51 334.18 190.79 71.58 0.00
0.00 9776.09
265.70 -42.76 -43.48 -63.01 336.59 191.25 69.72 0.00
0.00 10223.13
248.80 -45.26 -45.86 -66.51 339.20 193.64 67.56 0.00
0.00 10663.93
233.60 -47.36 -47.87 -66.97 342.19 196.68 64.28 0.00
0.00 11082.51
219.60 -49.16 -49.62 -72.27 345.46 197.42 59.03 0.00
0.00 11489.35
205.70 -51.16 -51.55 -72.71 348.83 195.55 53.63 -0.10
0.00 11916.16
191.70 -53.56 -53.88 -73.19 352.08 194.30 50.31 -0.10
0.00 12371.71
177.70 -56.36 -56.60 -73.70 355.20 195.09 48.48 -0.10
0.00 12856.05
163.80 -59.16 -59.34 -74.24 358.87 196.38 46.15 0.00
0.00 13369.58
149.80 -61.26 -9999.00 -9999.00 -9999.00 195.56 44.15 0.00
0.00 13926.48
135.90 -62.96 -9999.00 -9999.00 -9999.00 200.65 42.97 0.00
0.00 14528.05
121.90 -63.96 -9999.00 -9999.00 -9999.00 203.59 36.89 0.00
0.00 15195.35
108.00 -64.36 -9999.00 -9999.00 -9999.00 193.11 29.12 0.00
0.00 15935.99
94.00 -64.96 -9999.00 -9999.00 -9999.00 189.46 27.18 0.00
0.00 16783.27
81.00 -64.36 -9999.00 -9999.00 -9999.00 191.91 25.41 0.00
0.00 17691.65
70.60 -63.86 -9999.00 -9999.00 -9999.00 201.43 16.49 0.00
0.00 18532.50
62.20 -63.36 -9999.00 -9999.00 -9999.00 182.60 4.27 0.00
0.00 19309.47
54.30 -64.76 -9999.00 -9999.00 -9999.00 126.38 4.58 0.00
0.00 20140.80
46.90 -64.86 -9999.00 -9999.00 -9999.00 147.09 3.92 0.00
0.00 21034.26
40.10 -64.06 -9999.00 -9999.00 -9999.00 227.29 3.44 0.00
0.00 21991.12
33.80 -61.86 -9999.00 -9999.00 -9999.00 283.39 4.20 0.00
0.00 23042.69
27.80 -60.26 -9999.00 -9999.00 -9999.00 308.66 3.73 0.00
0.00 24255.92
22.30 -58.06 -9999.00 -9999.00 -9999.00 290.14 6.22 0.00
0.00 25636.77
17.10 -56.36 -9999.00 -9999.00 -9999.00 303.23 6.74 0.00
0.00 27315.01
12.30 -55.86 -9999.00 -9999.00 -9999.00 292.69 23.15 0.00
0.00 29408.21
STN YYMMDD/HHMM PMSL PRES SKTC STC1 SNFL WTNS
P01M C01M STC2 LCLD MCLD HCLD
SNRA UWND VWND R01M BFGR T2MS
Q2MS WXTS WXTP WXTZ WXTR USTM
VSTM HLCY SLLH WSYM CDBP VSBK
TD2M
743890 221026/1200 1014.20 1007.00 15.44 288.60 -9999.00 24.00
-9999.00 -9999.00 288.50 100.00 75.00 0.00
-9999.00 -1.70 -0.90 -9999.00 -9999.00 15.24
10.75 0.00 0.00 0.00 0.00 1.20
7.40 103.80 -9999.00 999.00 997.50 20.00
14.99
743890 221026/1300 1013.80 1006.60 15.74 288.90 0.00 24.00
0.01 0.00 288.80 100.00 100.00 0.00
-9999.00 -1.80 -0.90 -9999.00 -9999.00 15.34
10.77 0.00 0.00 0.00 0.00 1.00
6.30 88.20 0.00 999.00 1005.60 0.01
15.02
743890 221026/1400 1013.80 1006.60 16.24 289.40 0.00 24.00
0.05 0.00 289.20 100.00 100.00 0.00
-9999.00 -2.10 -1.30 -9999.00 -9999.00 15.74
11.05 0.00 0.00 0.00 1.00 0.70
6.30 99.50 0.00 60.00 1005.60 0.00
15.41
743890 221026/1500 1013.10 1005.90 16.54 289.70 0.00 24.00
0.03 0.00 289.50 100.00 100.00 0.00
-9999.00 -2.60 -1.20 -9999.00 -9999.00 16.04
11.30 0.00 0.00 0.00 1.00 0.80
5.50 97.80 0.00 60.00 1004.90 0.00
15.74
743890 221026/1600 1012.30 1005.10 17.04 290.20 0.00 24.00
0.01 0.00 289.90 100.00 100.00 0.00
-9999.00 -3.10 -1.30 -9999.00 -9999.00 16.34
11.54 0.00 0.00 0.00 0.00 0.30
4.40 121.70 0.00 999.00 1004.00 0.01
16.05
743890 221026/1700 1010.20 1003.10 17.74 290.90 0.00 25.00
0.13 0.00 290.60 100.00 100.00 0.00
-9999.00 -2.50 -1.20 -9999.00 -9999.00 16.74
11.86 0.00 0.00 0.00 1.00 0.10
8.00 121.30 0.00 60.00 1002.10 0.00
16.44
743890 221026/1800 1008.70 1001.50 17.24 290.40 0.00 26.00
0.67 0.09 290.30 100.00 100.00 0.00
-9999.00 -1.90 -1.10 -9999.00 -9999.00 16.74
11.87 0.00 0.00 0.00 1.00 -0.30
7.30 75.00 0.00 60.00 997.50 0.00
16.43
743890 221026/1900 1007.40 1000.20 17.64 290.80 0.00 28.00
2.01 0.00 290.60 100.00 100.00 0.00
-9999.00 -2.50 -2.30 -9999.00 -9999.00 17.14
12.19 0.00 0.00 0.00 1.00 1.70
5.70 90.40 0.00 60.00 990.70 0.00
16.82
743890 221026/2000 1007.30 1000.10 18.04 291.20 0.00 28.00
1.25 0.00 291.00 100.00 100.00 0.00
-9999.00 -3.70 -1.80 -9999.00 -9999.00 17.34
12.36 0.00 0.00 0.00 1.00 2.40
2.90 12.10 0.01 60.00 981.20 0.00
17.03
743890 221026/2100 1005.30 998.10 17.14 290.30 0.00 28.00
1.47 0.00 290.20 88.00 100.00 0.00
-9999.00 -3.70 -1.10 -9999.00 -9999.00 16.74
11.88 0.00 0.00 0.00 1.00 2.90
-0.10 10.30 -0.01 60.00 979.20 0.00
16.39
743890 221026/2200 1005.90 998.70 16.54 289.70 0.00 27.00
0.36 0.00 289.70 100.00 100.00 0.00
-9999.00 -1.20 -0.50 -9999.00 -9999.00 16.14
11.49 0.00 0.00 0.00 1.00 5.50
3.30 30.70 0.00 60.00 989.30 0.00
15.88
743890 221026/2300 1006.70 999.50 16.24 289.40 0.00 27.00
0.68 0.00 289.40 100.00 100.00 0.00
-9999.00 0.10 0.30 -9999.00 -9999.00 15.84
11.25 0.00 0.00 0.00 1.00 7.20
6.70 9.30 0.00 60.00 990.00 0.00
15.57
743890 221027/0000 1006.20 999.00 16.04 289.20 0.00 27.00
0.06 0.00 289.20 100.00 44.00 0.00
-9999.00 0.50 0.20 -9999.00 -9999.00 15.64
11.13 0.00 0.00 0.00 1.00 9.10
8.70 1.60 0.00 60.00 994.90 0.00
15.40
743890 221027/0100 1005.10 997.90 15.84 289.00 0.00 27.00
0.00 0.00 289.00 100.00 3.00 0.00
-9999.00 -0.30 0.70 -9999.00 -9999.00 15.54
11.00 0.00 0.00 0.00 0.00 10.10
10.50 13.90 0.00 999.00 996.80 0.02
15.20
743890 221027/0200 1005.10 997.90 15.74 288.90 0.00 26.00
0.04 0.00 288.90 100.00 0.00 0.00
-9999.00 0.10 1.90 -9999.00 -9999.00 15.34
10.90 0.00 0.00 0.00 1.00 11.50
13.80 -18.60 0.00 60.00 996.80 0.00
15.06
743890 221027/0300 1005.70 998.50 15.54 288.70 0.00 26.00
0.00 0.00 288.70 100.00 100.00 0.00
-9999.00 0.70 2.30 -9999.00 -9999.00 15.34
10.89 0.00 0.00 0.00 0.00 11.90
16.70 -55.90 0.00 999.00 989.00 0.15
15.06
743890 221027/0400 1005.90 998.70 15.54 288.70 0.00 26.00
0.00 0.00 288.70 100.00 100.00 0.00
-9999.00 1.00 2.30 -9999.00 -9999.00 15.44
10.93 0.00 0.00 0.00 0.00 13.20
17.00 -47.90 0.00 999.00 926.30 0.73
15.12
743890 221027/0500 1004.80 997.70 15.84 289.00 0.00 26.00
0.00 0.00 288.90 93.00 87.00 0.00
-9999.00 0.80 2.70 -9999.00 -9999.00 15.84
11.21 0.00 0.00 0.00 0.00 13.40
17.60 -48.00 0.00 999.00 -9999.00 20.00
15.49
743890 221027/0600 1004.80 997.70 15.14 288.30 0.00 26.00
0.00 0.00 288.30 43.00 5.00 0.00
-9999.00 1.10 2.60 -9999.00 -9999.00 15.24
10.84 0.00 0.00 0.00 0.00 14.20
17.40 -77.80 0.00 999.00 -9999.00 20.00
14.98
743890 221027/0700 1006.00 998.80 14.74 287.90 0.00 26.00
0.00 0.00 287.90 1.00 0.00 0.00
-9999.00 1.50 2.40 -9999.00 -9999.00 14.94
10.57 0.00 0.00 0.00 0.00 14.70
16.20 -58.70 0.00 999.00 -9999.00 20.00
14.61
743890 221027/0800 1006.40 999.20 14.34 287.50 0.00 26.00
0.00 0.00 287.60 0.00 0.00 0.00
-9999.00 1.80 2.00 -9999.00 -9999.00 14.74
10.31 0.00 0.00 0.00 0.00 15.00
15.40 -53.70 0.00 999.00 -9999.00 20.00
14.24
743890 221027/0900 1007.10 999.90 13.84 287.00 0.00 26.00
0.00 0.00 287.10 0.00 0.00 0.00
-9999.00 1.80 1.60 -9999.00 -9999.00 14.24
9.91 0.00 0.00 0.00 0.00 15.20
14.80 -46.60 0.00 999.00 -9999.00 20.00
13.65


