
SNPARM = PRES;TMPC;TMWC;DWPC;THTE;DRCT;SKNT;OMEG;CFRL;HGHT 
STNPRM = SHOW;LIFT;SWET;KINX;LCLP;PWAT;TOTL;CAPE;LCLT;CINS;EQLV;LFCT;BRCH 

STID = FLG STNM = 723760 TIME = 221026/1200 
SLAT = 35.23 SLON = -111.82 SELV = 2233.0
STIM = 0

SHOW = -9999.00 LIFT = 6.81 SWET = -9999.00 KINX = -9999.00
LCLP = 670.65 PWAT = 7.14 TOTL = -9999.00 CAPE = 0.00
LCLT = 264.61 CINS = 0.00 EQLV = -9999.00 LFCT = -9999.00
BRCH = 0.00

PRES TMPC TMWC DWPC THTE DRCT SKNT OMEG
CFRL HGHT
775.20 2.64 -1.15 -6.66 305.87 102.99 2.58 0.00
0.00 2243.43
772.90 3.34 -0.80 -6.74 306.88 170.54 2.37 -0.20
0.00 2267.49
768.70 3.64 -0.69 -6.85 307.67 217.57 6.37 -0.30
0.00 2311.69
761.50 3.84 -0.80 -7.51 308.37 230.86 10.76 -0.40
0.00 2388.10
751.20 3.74 -1.26 -8.81 308.76 244.13 14.24 -0.40
0.00 2498.68
738.10 3.14 -1.94 -9.94 309.10 254.05 16.98 -0.30
0.00 2641.33
722.70 2.24 -2.61 -10.36 309.87 258.80 19.02 -0.10
0.00 2811.83
706.40 1.34 -3.19 -10.44 311.01 261.42 20.82 0.00
0.00 2995.69
689.10 0.44 -3.81 -10.65 312.26 261.80 23.15 0.30
0.00 3194.88
670.20 -0.56 -4.58 -11.15 313.51 262.46 26.65 0.50
0.00 3417.52
649.80 -1.76 -5.58 -12.01 314.63 264.87 30.42 0.70
0.00 3663.99
627.90 -3.16 -6.71 -12.92 315.81 268.69 33.99 0.80
0.00 3936.01
604.50 -4.96 -8.20 -14.22 316.67 272.12 36.73 1.00
0.00 4235.56
579.60 -7.16 -10.10 -16.07 317.18 274.06 38.36 1.00
0.00 4564.82
552.80 -9.86 -12.40 -18.17 317.50 273.96 39.34 1.10
0.00 4931.94
524.10 -12.96 -15.01 -20.29 317.94 271.92 40.62 1.00
0.00 5340.79
493.20 -16.36 -17.95 -22.67 318.63 268.97 43.32 1.00
0.00 5800.96
462.40 -19.56 -20.97 -25.97 319.65 266.93 47.07 0.90
0.00 6282.98
433.80 -22.46 -23.91 -30.35 320.83 266.98 51.55 0.80
0.00 6754.44
407.10 -25.66 -27.11 -35.69 321.63 269.23 57.89 0.70
0.00 7217.78
382.10 -28.96 -30.31 -40.95 322.53 270.17 64.69 0.70
0.00 7673.94
358.60 -32.46 -33.72 -48.57 323.16 269.03 68.98 0.60
0.00 8124.45
336.70 -36.06 -37.14 -57.17 323.80 268.14 71.72 0.50
0.00 8565.12
316.20 -39.26 -40.08 -57.68 325.21 269.42 76.73 0.30
0.00 8998.14
297.10 -41.66 -42.31 -56.71 327.70 270.40 84.30 0.20
0.00 9422.53
279.40 -43.26 -43.83 -57.20 331.19 267.37 89.06 0.00
0.00 9837.32
263.10 -44.66 -45.20 -59.14 334.84 263.80 89.88 -0.20
0.00 10240.60
247.40 -46.26 -46.78 -63.55 338.30 262.74 90.66 -0.30
0.00 10650.68
233.00 -48.26 -48.72 -66.99 341.07 264.33 92.33 -0.40
0.00 11047.20
219.40 -50.36 -50.74 -67.42 343.74 265.24 93.57 -0.40
0.00 11441.26
205.60 -52.66 -52.99 -72.72 346.52 265.51 94.31 -0.40
0.00 11862.73
191.70 -54.96 -55.22 -73.19 349.83 266.42 93.22 -0.40
0.00 12312.17
177.70 -57.56 -57.76 -73.70 353.24 267.64 89.63 -0.40
0.00 12793.62
163.80 -60.26 -9999.00 -9999.00 -9999.00 267.53 85.74 -0.40
0.00 13304.41
149.80 -62.56 -9999.00 -9999.00 -9999.00 265.02 82.87 -0.40
0.00 13858.16
135.80 -64.36 -9999.00 -9999.00 -9999.00 262.05 80.03 -0.40
0.00 14460.40
121.90 -66.06 -9999.00 -9999.00 -9999.00 262.23 74.69 -0.30
0.00 15117.66
107.90 -67.36 -9999.00 -9999.00 -9999.00 267.63 65.71 -0.20
0.00 15854.85
94.00 -67.96 -9999.00 -9999.00 -9999.00 271.04 53.61 0.00
0.00 16684.38
81.00 -66.36 -9999.00 -9999.00 -9999.00 267.15 42.99 0.10
0.00 17581.86
70.60 -62.76 -9999.00 -9999.00 -9999.00 258.49 33.10 0.10
0.00 18420.91
62.20 -61.36 -9999.00 -9999.00 -9999.00 264.56 24.59 0.00
0.00 19203.62
54.30 -61.36 -9999.00 -9999.00 -9999.00 258.90 21.17 0.00
0.00 20045.69
46.90 -59.26 -9999.00 -9999.00 -9999.00 256.92 19.74 0.00
0.00 20958.44
40.10 -55.96 -9999.00 -9999.00 -9999.00 246.88 18.80 0.00
0.00 21946.72
33.80 -54.36 -9999.00 -9999.00 -9999.00 252.65 16.28 0.00
0.00 23037.31
27.80 -55.66 -9999.00 -9999.00 -9999.00 264.43 16.01 0.00
0.00 24285.14
22.30 -55.76 -9999.00 -9999.00 -9999.00 270.00 23.50 0.00
0.00 25688.25
17.10 -53.46 -9999.00 -9999.00 -9999.00 279.46 28.36 0.00
0.00 27386.70
12.30 -49.16 -9999.00 -9999.00 -9999.00 283.31 29.55 0.00
0.00 29526.20

STID = FLG STNM = 723760 TIME = 221026/1300 
SLAT = 35.23 SLON = -111.82 SELV = 2233.0
STIM = 1

SHOW = -9999.00 LIFT = 6.67 SWET = -9999.00 KINX = -9999.00
LCLP = 669.42 PWAT = 7.42 TOTL = -9999.00 CAPE = 0.00
LCLT = 264.46 CINS = 0.00 EQLV = -9999.00 LFCT = -9999.00
BRCH = 0.00

PRES TMPC TMWC DWPC THTE DRCT SKNT OMEG
CFRL HGHT
776.30 2.74 -1.13 -6.77 305.77 56.31 0.70 0.00
0.00 2243.42
774.00 3.44 -0.77 -6.81 306.81 225.00 1.92 -0.20
0.00 2267.45
769.80 3.64 -0.76 -7.10 307.37 234.09 6.95 -0.30
0.00 2311.60
762.60 3.84 -0.94 -8.00 307.92 244.32 11.21 -0.40
0.00 2387.89
752.20 3.64 -1.46 -9.34 308.20 255.78 15.03 -0.30
0.00 2499.36
739.10 3.04 -2.04 -10.13 308.75 264.92 17.56 -0.20
0.00 2641.76
723.80 2.24 -2.57 -10.24 309.80 268.87 19.62 -0.10
0.00 2810.88
707.40 1.34 -3.11 -10.17 311.03 269.50 22.14 0.10
0.00 2995.60
690.00 0.34 -3.74 -10.18 312.30 270.00 25.25 0.30
0.00 3195.65
671.10 -0.66 -4.42 -10.39 313.73 271.14 29.33 0.60
0.00 3417.93
650.60 -1.86 -5.32 -10.92 315.05 272.68 33.26 0.80
0.00 3665.21
628.70 -3.36 -6.56 -11.95 316.02 274.02 36.03 0.90
0.00 3936.78
605.20 -5.26 -8.23 -13.64 316.52 274.76 37.43 1.00
0.00 4236.99
580.20 -7.46 -10.22 -15.80 316.85 275.01 37.82 1.10
0.00 4566.85
553.40 -10.06 -12.49 -18.02 317.23 274.62 38.58 1.10
0.00 4933.24
524.50 -13.16 -15.13 -20.21 317.66 273.59 40.29 1.10
0.00 5344.25
493.60 -16.56 -18.11 -22.76 318.27 272.05 43.53 1.00
0.00 5803.71
462.70 -19.96 -21.29 -26.07 319.06 270.94 47.40 0.90
0.00 6286.36
434.00 -23.36 -24.43 -29.08 319.94 270.64 51.86 0.90
0.00 6758.00
407.30 -26.76 -27.59 -31.93 320.86 270.19 58.08 0.80
0.00 7219.30
382.30 -29.96 -30.93 -37.99 321.52 267.43 64.94 0.70
0.00 7673.33
358.70 -32.96 -34.19 -50.04 322.39 264.15 70.49 0.60
0.00 8124.18
336.70 -36.16 -37.25 -58.95 323.62 265.32 76.20 0.50
0.00 8566.24
316.20 -39.46 -40.22 -54.94 325.01 270.66 84.69 0.40
0.00 8998.99
297.10 -42.26 -42.77 -52.47 327.01 273.56 90.70 0.30
0.00 9422.65
279.40 -43.76 -44.23 -53.87 330.60 271.10 91.32 0.10
0.00 9836.47
263.10 -44.36 -44.89 -57.69 335.32 265.98 91.34 0.00
0.00 10239.57
247.40 -45.56 -46.12 -63.55 339.35 263.10 92.15 -0.20
0.00 10650.55
233.00 -47.46 -47.96 -66.99 342.29 263.17 93.12 -0.30
0.00 11048.39
219.40 -49.76 -50.17 -67.42 344.67 264.22 94.50 -0.40
0.00 11443.68
205.60 -52.46 -52.77 -67.89 346.88 265.71 96.04 -0.40
0.00 11865.92
191.70 -55.26 -55.51 -73.19 349.35 267.19 95.10 -0.40
0.00 12315.25
177.70 -57.96 -58.15 -73.70 352.58 267.79 90.77 -0.40
0.00 12795.93
163.80 -60.26 -9999.00 -9999.00 -9999.00 266.65 86.40 -0.40
0.00 13306.24
149.80 -62.26 -9999.00 -9999.00 -9999.00 263.07 83.74 -0.40
0.00 13860.39
135.80 -64.06 -9999.00 -9999.00 -9999.00 260.72 81.88 -0.40
0.00 14463.49
121.90 -65.86 -9999.00 -9999.00 -9999.00 262.20 75.87 -0.40
0.00 15121.53
107.90 -67.46 -9999.00 -9999.00 -9999.00 269.33 66.63 -0.30
0.00 15858.91
94.00 -68.36 -9999.00 -9999.00 -9999.00 272.27 53.85 -0.10
0.00 16687.42
81.00 -66.66 -9999.00 -9999.00 -9999.00 265.26 42.29 0.10
0.00 17583.38
70.60 -62.46 -9999.00 -9999.00 -9999.00 256.93 33.51 0.10
0.00 18422.42
62.20 -61.46 -9999.00 -9999.00 -9999.00 264.11 24.61 0.00
0.00 19205.51
54.30 -61.36 -9999.00 -9999.00 -9999.00 263.25 18.18 0.00
0.00 20047.38
46.90 -59.46 -9999.00 -9999.00 -9999.00 257.47 19.70 0.00
0.00 20959.70
40.10 -55.76 -9999.00 -9999.00 -9999.00 245.56 18.78 0.00
0.00 21947.98
33.80 -54.46 -9999.00 -9999.00 -9999.00 245.97 15.73 0.00
0.00 23038.82
27.80 -55.66 -9999.00 -9999.00 -9999.00 256.50 14.98 0.00
0.00 24286.37
22.30 -55.16 -9999.00 -9999.00 -9999.00 266.74 23.93 0.00
0.00 25691.42
17.10 -52.76 -9999.00 -9999.00 -9999.00 283.06 27.53 0.00
0.00 27394.92
12.30 -49.26 -9999.00 -9999.00 -9999.00 287.94 28.38 0.00
0.00 29537.31

STID = FLG STNM = 723760 TIME = 221026/1400 
SLAT = 35.23 SLON = -111.82 SELV = 2233.0
STIM = 2

SHOW = -9999.00 LIFT = 6.27 SWET = -9999.00 KINX = -9999.00
LCLP = 665.40 PWAT = 7.39 TOTL = -9999.00 CAPE = 0.00
LCLT = 264.12 CINS = 0.00 EQLV = -9999.00 LFCT = -9999.00
BRCH = 0.00

PRES TMPC TMWC DWPC THTE DRCT SKNT OMEG
CFRL HGHT
776.10 2.84 -1.16 -7.04 305.73 63.43 0.43 0.00
0.00 2243.42
773.80 3.44 -0.86 -7.12 306.63 216.03 2.64 -0.20
0.00 2267.47
769.60 3.64 -0.88 -7.51 307.12 236.77 6.74 -0.30
0.00 2311.62
762.40 3.74 -1.13 -8.48 307.53 247.07 10.98 -0.40
0.00 2387.92
752.00 3.54 -1.58 -9.60 307.96 259.90 14.39 -0.30
0.00 2499.37
738.90 2.94 -2.06 -9.98 308.75 270.00 16.51 -0.10
0.00 2641.76
723.60 2.14 -2.53 -9.88 309.92 274.21 18.51 0.10
0.00 2810.87
707.20 1.14 -3.09 -9.68 311.13 274.68 21.45 0.40
0.00 2995.55
689.90 0.24 -3.63 -9.61 312.56 274.84 25.35 0.70
0.00 3194.39
670.90 -0.76 -4.30 -9.77 314.04 275.64 29.66 0.90
0.00 3417.83
650.50 -1.96 -5.24 -10.44 315.25 276.71 33.26 1.00
0.00 3663.90
628.50 -3.56 -6.60 -11.70 315.97 277.16 35.82 1.10
0.00 3936.63
605.10 -5.56 -8.39 -13.59 316.21 277.24 37.00 1.10
0.00 4235.36
580.10 -7.86 -10.50 -15.93 316.32 277.20 37.20 1.10
0.00 4564.84
553.20 -10.46 -12.84 -18.38 316.62 276.87 37.37 1.00
0.00 4932.14
524.40 -13.56 -15.51 -20.69 316.99 275.80 38.46 1.00
0.00 5341.20
493.50 -16.96 -18.45 -23.03 317.70 274.09 40.89 1.00
0.00 5800.02
462.70 -20.56 -21.76 -26.19 318.26 273.21 45.14 0.90
0.00 6280.21
433.90 -24.06 -25.14 -30.20 318.80 272.44 50.16 0.90
0.00 6752.31
407.20 -27.36 -28.40 -34.63 319.57 269.61 56.92 0.80
0.00 7212.48
382.20 -30.16 -31.34 -41.30 320.88 264.62 66.34 0.70
0.00 7665.84
358.70 -32.86 -34.15 -51.77 322.45 262.88 75.17 0.50
0.00 8114.74
336.70 -36.26 -37.25 -53.30 323.64 266.47 82.13 0.40
0.00 8556.80
316.20 -40.06 -40.65 -50.37 324.38 271.66 87.26 0.30
0.00 8988.91
297.10 -42.96 -43.39 -51.66 326.06 275.26 88.95 0.20
0.00 9411.40
279.40 -44.26 -44.69 -53.87 329.88 273.11 89.49 0.00
0.00 9824.14
263.10 -44.26 -44.80 -57.69 335.47 266.83 91.24 -0.20
0.00 10226.89
247.40 -45.26 -45.84 -63.55 339.80 263.58 93.82 -0.40
0.00 10638.23
233.00 -47.16 -47.68 -66.99 342.74 263.27 94.48 -0.50
0.00 11036.60
219.40 -49.46 -49.88 -67.42 345.13 263.83 95.75 -0.50
0.00 11432.42
205.60 -52.26 -52.60 -72.72 347.15 264.71 96.95 -0.50
0.00 11855.13
191.70 -55.16 -55.42 -73.19 349.51 265.57 95.47 -0.50
0.00 12304.77
177.70 -57.86 -58.06 -73.70 352.75 265.88 91.92 -0.50
0.00 12785.66
163.70 -60.06 -9999.00 -9999.00 -9999.00 265.33 88.29 -0.40
0.00 13300.16
149.80 -62.26 -9999.00 -9999.00 -9999.00 263.10 85.70 -0.40
0.00 13850.78
135.80 -64.36 -9999.00 -9999.00 -9999.00 262.17 84.11 -0.40
0.00 14453.45
121.90 -65.96 -9999.00 -9999.00 -9999.00 265.01 78.19 -0.30
0.00 15110.86
107.90 -67.46 -9999.00 -9999.00 -9999.00 270.50 67.40 -0.20
0.00 15848.06
94.00 -67.76 -9999.00 -9999.00 -9999.00 271.48 52.66 0.00
0.00 16677.79
81.00 -65.26 -9999.00 -9999.00 -9999.00 262.18 40.00 0.10
0.00 17578.10
70.60 -61.66 -9999.00 -9999.00 -9999.00 257.13 32.28 0.10
0.00 18421.57
62.20 -61.26 -9999.00 -9999.00 -9999.00 270.48 23.12 0.00
0.00 19206.51
54.30 -61.46 -9999.00 -9999.00 -9999.00 277.40 15.07 0.00
0.00 20048.58
46.90 -59.56 -9999.00 -9999.00 -9999.00 254.13 19.19 0.00
0.00 20960.47
40.10 -55.86 -9999.00 -9999.00 -9999.00 239.82 22.03 0.00
0.00 21948.29
33.80 -54.86 -9999.00 -9999.00 -9999.00 239.33 19.42 0.00
0.00 23037.88
27.80 -55.96 -9999.00 -9999.00 -9999.00 257.68 17.31 0.00
0.00 24283.43
22.30 -55.86 -9999.00 -9999.00 -9999.00 266.31 24.15 0.00
0.00 25685.25
17.10 -53.16 -9999.00 -9999.00 -9999.00 277.71 26.07 0.00
0.00 27384.47
12.30 -49.16 -9999.00 -9999.00 -9999.00 284.96 26.34 0.00
0.00 29525.41

STID = FLG STNM = 723760 TIME = 221026/1500 
SLAT = 35.23 SLON = -111.82 SELV = 2233.0
STIM = 3

SHOW = -9999.00 LIFT = 5.87 SWET = -9999.00 KINX = -9999.00
LCLP = 662.34 PWAT = 6.70 TOTL = -9999.00 CAPE = 0.00
LCLT = 263.88 CINS = 0.00 EQLV = -9999.00 LFCT = -9999.00
BRCH = 0.00

PRES TMPC TMWC DWPC THTE DRCT SKNT OMEG
CFRL HGHT
775.90 2.94 -1.16 -7.22 305.74 140.19 3.03 0.00
0.00 2243.43
773.60 3.44 -0.94 -7.40 306.47 183.01 3.69 -0.20
0.00 2267.48
769.40 3.64 -0.98 -7.84 306.94 220.24 6.62 -0.30
0.00 2311.65
762.30 3.74 -1.21 -8.77 307.37 242.40 9.63 -0.30
0.00 2386.90
751.90 3.64 -1.54 -9.65 308.05 258.34 12.49 -0.20
0.00 2498.38
738.70 3.14 -1.91 -9.83 309.09 267.74 14.78 0.00
0.00 2641.97
723.40 2.34 -2.32 -9.49 310.41 271.91 17.48 0.30
0.00 2811.25
707.10 1.54 -2.68 -9.01 312.02 274.16 21.43 0.50
0.00 2995.06
689.70 0.74 -3.15 -8.92 313.61 276.96 25.64 0.70
0.00 3195.43
670.80 -0.36 -3.98 -9.45 314.73 280.64 29.45 0.90
0.00 3418.13
650.30 -1.76 -5.21 -10.73 315.33 283.20 32.32 1.10
0.00 3665.73
628.40 -3.46 -6.78 -12.53 315.61 284.91 33.97 1.20
0.00 3937.42
605.00 -5.56 -8.64 -14.51 315.72 284.97 34.58 1.30
0.00 4236.22
579.90 -7.96 -10.72 -16.58 315.92 283.02 34.50 1.30
0.00 4567.02
553.10 -10.66 -13.14 -19.12 316.07 280.05 34.52 1.40
0.00 4932.82
524.30 -13.76 -16.03 -22.63 316.05 276.82 35.99 1.30
0.00 5341.60
493.40 -17.06 -19.37 -28.25 316.07 276.02 38.87 1.20
0.00 5800.15
462.60 -20.56 -22.88 -35.59 316.31 278.20 42.19 1.00
0.00 6280.20
433.90 -24.16 -26.12 -39.74 317.14 277.81 44.31 0.80
0.00 6750.47
407.20 -27.66 -29.17 -41.43 318.30 271.80 49.55 0.60
0.00 7210.17
382.20 -30.46 -31.86 -46.73 320.04 266.58 61.89 0.40
0.00 7662.93
358.70 -33.06 -34.39 -55.17 322.06 265.89 75.95 0.20
0.00 8111.33
336.70 -36.16 -37.14 -52.30 323.82 267.88 84.17 0.00
0.00 8553.30
316.20 -39.86 -40.47 -50.37 324.66 271.55 86.09 -0.10
0.00 8985.69
297.10 -43.26 -43.70 -52.47 325.59 274.65 86.34 -0.20
0.00 9408.09
279.40 -45.56 -45.88 -52.99 328.04 273.07 87.14 -0.30
0.00 9819.38
263.10 -46.36 -46.74 -56.44 332.43 270.00 89.74 -0.40
0.00 10219.15
247.40 -46.26 -46.78 -63.55 338.30 267.83 92.13 -0.40
0.00 10627.70
233.00 -47.06 -47.59 -66.99 342.89 265.47 93.53 -0.50
0.00 11025.27
219.40 -49.06 -49.53 -72.28 345.70 263.74 96.15 -0.50
0.00 11421.53
205.60 -51.76 -52.13 -72.72 347.94 263.75 96.33 -0.60
0.00 11845.10
191.70 -54.36 -54.65 -73.19 350.80 264.07 93.94 -0.60
0.00 12296.07
177.70 -57.06 -57.28 -73.70 354.06 264.36 90.97 -0.50
0.00 12778.74
163.80 -59.76 -9999.00 -9999.00 -9999.00 265.23 88.69 -0.50
0.00 13290.72
149.80 -62.36 -9999.00 -9999.00 -9999.00 265.33 85.96 -0.40
0.00 13845.39
135.80 -64.86 -9999.00 -9999.00 -9999.00 264.28 83.74 -0.30
0.00 14447.20
121.90 -66.46 -9999.00 -9999.00 -9999.00 265.75 78.69 -0.20
0.00 15103.03
107.90 -66.66 -9999.00 -9999.00 -9999.00 269.32 65.66 -0.10
0.00 15840.77
94.00 -66.16 -9999.00 -9999.00 -9999.00 268.01 50.35 0.10
0.00 16675.34
81.00 -64.26 -9999.00 -9999.00 -9999.00 262.84 38.97 0.10
0.00 17581.32
70.60 -62.16 -9999.00 -9999.00 -9999.00 259.03 31.66 0.10
0.00 18425.79
62.20 -61.56 -9999.00 -9999.00 -9999.00 265.67 23.17 0.00
0.00 19209.25
54.30 -60.96 -9999.00 -9999.00 -9999.00 266.28 15.00 0.00
0.00 20051.71
46.90 -58.66 -9999.00 -9999.00 -9999.00 244.86 21.04 0.00
0.00 20966.61
40.10 -55.66 -9999.00 -9999.00 -9999.00 240.37 24.36 0.00
0.00 21956.95
33.80 -55.66 -9999.00 -9999.00 -9999.00 245.19 19.91 0.00
0.00 23045.03
27.80 -56.66 -9999.00 -9999.00 -9999.00 265.45 17.15 0.00
0.00 24286.29
22.30 -55.96 -9999.00 -9999.00 -9999.00 272.60 21.39 0.00
0.00 25685.53
17.10 -52.96 -9999.00 -9999.00 -9999.00 289.90 21.70 0.00
0.00 27385.15
12.30 -49.46 -9999.00 -9999.00 -9999.00 287.78 21.62 0.00
0.00 29525.61

STID = FLG STNM = 723760 TIME = 221026/1600 
SLAT = 35.23 SLON = -111.82 SELV = 2233.0
STIM = 4

SHOW = -9999.00 LIFT = 6.04 SWET = -9999.00 KINX = -9999.00
LCLP = 637.22 PWAT = 5.55 TOTL = -9999.00 CAPE = 0.00
LCLT = 263.34 CINS = 0.00 EQLV = -9999.00 LFCT = -9999.00
BRCH = 0.00

PRES TMPC TMWC DWPC THTE DRCT SKNT OMEG
CFRL HGHT
776.00 5.44 0.18 -7.27 308.49 212.47 5.07 -0.20
0.00 2243.52
773.70 4.94 -0.15 -7.44 308.11 205.77 6.25 -0.30
0.00 2267.75
769.50 4.44 -0.49 -7.65 307.94 208.07 6.60 -0.30
0.00 2312.09
762.40 3.74 -1.10 -8.38 307.59 221.42 8.80 -0.40
0.00 2387.44
751.90 3.74 -1.43 -9.45 308.28 241.46 12.61 -0.40
0.00 2500.02
738.80 3.34 -1.68 -9.37 309.57 253.86 15.37 -0.30
0.00 2642.59
723.50 2.64 -1.94 -8.76 311.19 261.53 18.45 -0.20
0.00 2812.01
707.10 1.84 -2.31 -8.33 312.82 268.97 21.56 0.00
0.00 2997.15
689.70 0.94 -2.94 -8.60 314.06 275.84 24.81 0.10
0.00 3197.73
670.80 -0.16 -3.96 -9.77 314.75 281.47 27.35 0.40
0.00 3420.58
650.40 -1.46 -5.33 -11.73 315.05 284.51 28.69 0.60
0.00 3667.16
628.40 -3.16 -7.07 -14.34 314.97 284.98 28.55 0.80
0.00 3940.33
605.00 -5.06 -8.99 -17.32 314.96 283.17 28.13 1.00
0.00 4239.51
579.90 -7.46 -11.28 -20.83 314.76 280.86 28.88 1.10
0.00 4570.83
553.10 -10.06 -13.89 -25.92 314.55 280.66 30.44 1.10
0.00 4937.25
524.30 -13.06 -16.90 -33.83 314.33 285.04 32.19 1.00
0.00 5346.87
493.40 -16.56 -20.14 -44.41 314.56 291.01 34.13 0.90
0.00 5806.29
462.60 -20.46 -23.48 -53.05 315.20 290.52 37.12 0.70
0.00 6286.77
433.90 -24.26 -26.63 -52.29 316.23 281.83 41.69 0.60
0.00 6756.97
407.20 -27.66 -29.58 -54.12 317.58 275.03 48.76 0.30
0.00 7216.52
382.20 -30.76 -32.31 -54.64 319.30 271.33 58.49 0.10
0.00 7668.96
358.70 -33.46 -34.74 -55.17 321.52 269.69 71.87 -0.10
0.00 8116.70
336.70 -36.56 -37.47 -51.40 323.31 270.42 80.42 -0.20
0.00 8557.93
316.20 -40.26 -40.81 -49.68 324.14 272.45 81.86 -0.30
0.00 8989.58
297.10 -43.86 -44.23 -51.66 324.78 274.21 81.99 -0.30
0.00 9411.07
279.40 -46.46 -46.73 -52.99 326.74 271.88 82.79 -0.30
0.00 9821.02
263.10 -47.36 -47.71 -57.69 330.92 268.69 85.10 -0.20
0.00 10219.11
247.40 -46.96 -47.46 -66.55 337.22 267.27 89.84 -0.30
0.00 10626.13
233.00 -47.26 -47.80 -71.87 342.54 266.45 94.00 -0.30
0.00 11022.91
219.40 -49.06 -49.53 -72.28 345.70 265.76 97.20 -0.40
0.00 11419.00
205.60 -51.56 -51.93 -72.72 348.25 265.80 98.17 -0.40
0.00 11842.75
191.70 -54.26 -54.55 -73.19 350.96 265.94 96.00 -0.40
0.00 12294.03
177.70 -56.96 -57.18 -73.70 354.22 264.97 93.01 -0.40
0.00 12776.93
163.70 -59.86 -9999.00 -9999.00 -9999.00 264.22 90.60 -0.30
0.00 13292.74
149.80 -62.66 -9999.00 -9999.00 -9999.00 263.81 88.31 -0.20
0.00 13843.10
135.80 -64.96 -9999.00 -9999.00 -9999.00 263.07 85.31 -0.10
0.00 14444.34
121.90 -66.16 -9999.00 -9999.00 -9999.00 264.60 78.44 0.00
0.00 15100.48
107.90 -65.86 -9999.00 -9999.00 -9999.00 269.46 62.35 0.00
0.00 15840.18
94.00 -65.76 -9999.00 -9999.00 -9999.00 268.86 48.95 0.10
0.00 16677.17
81.00 -64.76 -9999.00 -9999.00 -9999.00 264.93 39.59 0.10
0.00 17582.93
70.60 -62.76 -9999.00 -9999.00 -9999.00 255.96 31.24 0.00
0.00 18425.19
62.20 -61.56 -9999.00 -9999.00 -9999.00 255.73 22.84 0.00
0.00 19207.54
54.30 -60.76 -9999.00 -9999.00 -9999.00 252.51 14.86 0.00
0.00 20050.40
46.90 -58.96 -9999.00 -9999.00 -9999.00 236.03 22.24 0.00
0.00 20965.08
40.10 -56.36 -9999.00 -9999.00 -9999.00 235.19 24.84 0.00
0.00 21953.13
33.80 -56.46 -9999.00 -9999.00 -9999.00 241.74 17.64 0.00
0.00 23037.46
27.80 -57.56 -9999.00 -9999.00 -9999.00 250.08 14.26 0.00
0.00 24273.86
22.30 -55.36 -9999.00 -9999.00 -9999.00 266.82 17.50 0.00
0.00 25672.13
17.10 -52.36 -9999.00 -9999.00 -9999.00 297.18 16.16 0.00
0.00 27376.41
12.30 -49.46 -9999.00 -9999.00 -9999.00 285.15 19.33 0.00
0.00 29519.76

STID = FLG STNM = 723760 TIME = 221026/1700 
SLAT = 35.23 SLON = -111.82 SELV = 2233.0
STIM = 5

SHOW = -9999.00 LIFT = 5.95 SWET = -9999.00 KINX = -9999.00
LCLP = 619.64 PWAT = 5.24 TOTL = -9999.00 CAPE = 0.00
LCLT = 263.03 CINS = 0.00 EQLV = -9999.00 LFCT = -9999.00
BRCH = 0.00

PRES TMPC TMWC DWPC THTE DRCT SKNT OMEG
CFRL HGHT
775.90 7.34 1.18 -7.22 310.65 239.74 8.10 -0.40
0.00 2243.59
773.60 6.74 0.80 -7.44 310.13 234.32 9.32 -0.50
0.00 2267.98
769.40 6.14 0.44 -7.56 309.91 234.46 10.02 -0.50
0.00 2312.61
762.30 5.24 -0.12 -7.77 309.67 235.44 10.61 -0.50
0.00 2388.41
751.90 4.14 -0.81 -7.99 309.63 237.14 11.09 -0.50
0.00 2500.32
738.80 2.94 -1.68 -8.59 309.60 246.47 13.13 -0.50
0.00 2642.91
723.40 2.24 -2.11 -8.58 310.87 258.81 18.03 -0.40
0.00 2813.21
707.00 1.44 -2.43 -8.02 312.58 268.45 21.56 -0.40
0.00 2998.12
689.70 0.44 -3.08 -8.17 313.78 276.49 24.05 -0.20
0.00 3197.24
670.70 -0.56 -4.09 -9.45 314.51 281.82 25.60 0.00
0.00 3420.94
650.30 -1.86 -5.59 -11.84 314.54 282.15 25.84 0.20
0.00 3667.19
628.40 -3.36 -7.40 -15.22 314.29 278.88 25.17 0.40
0.00 3938.83
604.90 -5.06 -9.45 -19.71 314.02 274.95 24.77 0.60
0.00 4239.16
579.90 -7.16 -11.83 -25.94 313.61 275.71 25.37 0.70
0.00 4569.29
553.10 -9.56 -14.37 -34.86 313.52 283.31 26.15 0.70
0.00 4936.17
524.30 -12.66 -17.08 -43.25 313.89 292.32 28.13 0.60
0.00 5346.40
493.40 -16.46 -20.11 -45.72 314.61 294.15 30.87 0.50
0.00 5806.23
462.60 -20.46 -23.42 -49.57 315.31 289.05 34.52 0.40
0.00 6286.80
433.90 -24.16 -26.61 -56.93 316.24 284.77 40.38 0.30
0.00 6757.09
407.20 -27.66 -29.60 -55.63 317.54 280.99 47.88 0.20
0.00 7216.72
382.20 -30.86 -32.42 -56.14 319.13 275.48 56.97 0.00
0.00 7669.07
358.70 -33.86 -35.05 -52.77 321.06 271.32 67.62 -0.10
0.00 8116.35
336.70 -36.86 -37.67 -49.13 323.02 269.85 76.34 -0.20
0.00 8556.93
316.20 -40.46 -40.95 -48.42 323.94 270.00 78.87 -0.20
0.00 8988.14
297.10 -44.16 -44.44 -49.57 324.47 270.00 80.03 -0.10
0.00 9409.18
279.40 -46.96 -47.18 -52.18 326.06 267.81 81.45 -0.10
14.00 9818.41
263.00 -47.76 -48.09 -57.69 330.37 266.76 85.80 -0.10
0.00 10218.23
247.40 -47.16 -47.65 -66.55 336.92 266.96 91.43 -0.10
0.00 10622.19
233.00 -47.06 -47.61 -71.87 342.85 267.21 95.88 -0.10
0.00 11018.97
219.40 -48.66 -49.15 -72.28 346.32 266.97 99.20 -0.20
0.00 11415.59
205.60 -51.36 -51.74 -72.72 348.56 267.12 100.56 -0.20
0.00 11839.91
191.70 -54.36 -54.65 -73.19 350.80 267.75 99.15 -0.20
0.00 12291.29
177.70 -57.26 -57.47 -73.70 353.73 267.10 96.08 -0.20
0.00 12773.74
163.70 -59.86 -9999.00 -9999.00 -9999.00 264.57 92.29 -0.10
0.00 13289.20
149.80 -62.26 -9999.00 -9999.00 -9999.00 262.45 90.13 -0.10
0.00 13840.08
135.80 -64.46 -9999.00 -9999.00 -9999.00 262.76 86.34 0.00
0.00 14442.61
121.90 -65.56 -9999.00 -9999.00 -9999.00 266.39 77.08 0.00
0.00 15100.49
107.90 -65.66 -9999.00 -9999.00 -9999.00 271.85 60.26 0.00
0.00 15841.62
94.00 -65.86 -9999.00 -9999.00 -9999.00 266.69 47.09 0.10
0.00 16678.81
81.00 -64.96 -9999.00 -9999.00 -9999.00 262.48 41.53 0.10
0.00 17583.92
70.60 -62.66 -9999.00 -9999.00 -9999.00 253.96 30.92 0.00
0.00 18425.98
62.20 -61.56 -9999.00 -9999.00 -9999.00 256.08 23.41 0.00
0.00 19208.51
54.30 -61.36 -9999.00 -9999.00 -9999.00 256.64 15.97 0.00
0.00 20050.18
46.90 -59.36 -9999.00 -9999.00 -9999.00 238.19 24.69 0.00
0.00 20962.72
40.10 -56.36 -9999.00 -9999.00 -9999.00 238.29 28.09 0.00
0.00 21949.85
33.80 -56.36 -9999.00 -9999.00 -9999.00 246.41 18.43 0.00
0.00 23034.43
27.80 -57.66 -9999.00 -9999.00 -9999.00 247.93 15.50 0.00
0.00 24270.83
22.30 -55.36 -9999.00 -9999.00 -9999.00 264.86 19.50 0.00
0.00 25668.78
17.10 -52.36 -9999.00 -9999.00 -9999.00 287.49 14.86 0.00
0.00 27373.05
12.30 -49.06 -9999.00 -9999.00 -9999.00 287.53 19.35 0.00
0.00 29518.34

STID = FLG STNM = 723760 TIME = 221026/1800 
SLAT = 35.23 SLON = -111.82 SELV = 2233.0
STIM = 6

SHOW = -9999.00 LIFT = 5.53 SWET = -9999.00 KINX = -9999.00
LCLP = 609.14 PWAT = 5.17 TOTL = -9999.00 CAPE = 0.00
LCLT = 263.12 CINS = 0.00 EQLV = -9999.00 LFCT = -9999.00
BRCH = 0.00

PRES TMPC TMWC DWPC THTE DRCT SKNT OMEG
CFRL HGHT
776.20 8.84 2.03 -6.90 312.51 245.22 11.13 -0.50
0.00 2242.58
773.80 8.04 1.55 -7.12 311.77 242.68 13.11 -0.60
0.00 2268.15
769.60 7.44 1.20 -7.24 311.55 242.35 13.81 -0.70
0.00 2312.98
762.50 6.54 0.66 -7.40 311.35 242.74 14.41 -0.80
0.00 2389.11
752.10 5.34 -0.07 -7.62 311.20 244.09 15.11 -0.80
0.00 2501.50
738.90 3.94 -0.92 -7.85 311.20 246.99 15.40 -0.80
0.00 2645.73
723.60 2.34 -1.89 -8.03 311.32 255.29 16.06 -0.70
0.00 2815.25
707.20 1.14 -2.55 -7.89 312.30 264.98 17.75 -0.60
0.00 3000.04
689.80 -0.06 -3.27 -7.91 313.37 274.72 21.25 -0.50
0.00 3199.99
670.90 -0.96 -4.24 -9.22 314.17 280.43 24.69 -0.30
0.00 3422.10
650.40 -2.16 -5.82 -12.05 314.05 280.78 24.92 -0.10
0.00 3669.19
628.50 -3.56 -7.65 -15.81 313.76 276.74 24.84 0.10
0.00 3940.52
605.00 -5.16 -9.80 -21.39 313.31 272.68 24.88 0.40
0.00 4240.61
580.00 -7.06 -12.16 -29.79 312.91 273.99 25.12 0.50
0.00 4570.65
553.20 -9.56 -14.63 -40.17 312.97 281.91 25.41 0.60
0.00 4937.48
524.40 -12.66 -17.12 -44.48 313.80 288.70 26.65 0.50
0.00 5347.61
493.50 -16.46 -20.07 -44.41 314.67 288.92 28.75 0.40
0.00 5807.35
462.70 -20.36 -23.36 -50.59 315.38 285.60 31.06 0.30
0.00 6287.92
434.00 -24.16 -26.61 -56.93 316.22 283.72 34.40 0.30
0.00 6758.20
407.30 -27.76 -29.68 -55.62 317.39 281.15 41.18 0.20
0.00 7217.63
382.20 -31.06 -32.57 -54.64 318.91 275.65 53.28 0.00
0.00 7671.45
358.70 -33.86 -35.00 -50.86 321.14 270.51 66.04 -0.10
0.00 8118.55
336.70 -36.86 -37.62 -47.86 323.10 268.51 74.81 -0.20
0.00 8559.14
316.20 -40.56 -41.01 -47.85 323.83 267.53 76.61 -0.20
0.00 8990.26
297.10 -44.26 -44.48 -48.40 324.41 266.16 78.26 -0.20
21.00 9411.12
279.40 -46.96 -47.20 -52.99 326.02 265.51 81.84 -0.20
6.00 9820.26
263.00 -47.76 -48.11 -59.14 330.33 266.08 88.01 -0.10
0.00 10220.07
247.40 -47.06 -47.56 -66.55 337.07 267.03 93.75 -0.10
0.00 10624.13
233.00 -46.96 -47.52 -71.87 343.00 267.73 98.17 -0.10
0.00 11021.08
219.40 -48.66 -49.15 -72.28 346.32 268.03 101.85 -0.20
0.00 11417.78
205.60 -51.16 -51.55 -72.72 348.88 268.61 103.96 -0.20
0.00 11842.30
191.60 -54.36 -54.65 -73.19 350.85 268.92 102.78 -0.20
0.00 12297.25
177.70 -57.36 -9999.00 -9999.00 -9999.00 267.53 98.97 -0.20
0.00 12776.27
163.70 -59.86 -9999.00 -9999.00 -9999.00 264.21 94.31 -0.10
0.00 13291.61
149.80 -61.96 -9999.00 -9999.00 -9999.00 261.44 91.34 -0.10
0.00 13842.87
135.80 -63.76 -9999.00 -9999.00 -9999.00 262.92 86.71 0.00
0.00 14446.84
121.90 -65.06 -9999.00 -9999.00 -9999.00 267.95 76.18 0.00
0.00 15106.62
107.90 -65.46 -9999.00 -9999.00 -9999.00 270.38 59.05 0.00
0.00 15849.00
94.00 -65.46 -9999.00 -9999.00 -9999.00 263.82 46.89 0.00
0.00 16687.40
81.00 -64.66 -9999.00 -9999.00 -9999.00 262.62 43.88 0.00
0.00 17594.03
70.60 -62.56 -9999.00 -9999.00 -9999.00 255.07 30.15 0.00
0.00 18436.90
62.20 -61.16 -9999.00 -9999.00 -9999.00 251.42 23.78 0.00
0.00 19220.35
54.30 -61.16 -9999.00 -9999.00 -9999.00 251.16 17.44 0.00
0.00 20063.22
46.90 -58.56 -9999.00 -9999.00 -9999.00 236.42 27.04 0.00
0.00 20977.90
40.10 -55.56 -9999.00 -9999.00 -9999.00 239.97 28.73 0.00
0.00 21968.70
33.80 -55.66 -9999.00 -9999.00 -9999.00 244.46 19.37 0.00
0.00 23057.03
27.80 -56.56 -9999.00 -9999.00 -9999.00 242.59 17.72 0.00
0.00 24298.58
22.30 -54.66 -9999.00 -9999.00 -9999.00 259.35 19.97 0.00
0.00 25702.34
17.10 -52.26 -9999.00 -9999.00 -9999.00 270.78 14.18 0.00
0.00 27409.72
12.30 -48.86 -9999.00 -9999.00 -9999.00 278.34 22.77 0.00
0.00 29556.45

STID = FLG STNM = 723760 TIME = 221026/1900 
SLAT = 35.23 SLON = -111.82 SELV = 2233.0
STIM = 7

SHOW = -9999.00 LIFT = 4.91 SWET = -9999.00 KINX = -9999.00
LCLP = 606.35 PWAT = 5.29 TOTL = -9999.00 CAPE = 0.00
LCLT = 263.65 CINS = 0.00 EQLV = -9999.00 LFCT = -9999.00
BRCH = 0.00

PRES TMPC TMWC DWPC THTE DRCT SKNT OMEG
CFRL HGHT
774.90 9.64 2.58 -6.32 313.97 252.12 12.65 -0.50
0.00 2243.69
772.60 8.84 2.13 -6.49 313.25 249.89 14.69 -0.70
0.00 2268.31
768.50 8.14 1.73 -6.60 312.92 249.78 15.73 -0.80
0.00 2312.26
761.30 7.24 1.21 -6.72 312.75 250.48 16.28 -0.80
0.00 2389.78
750.90 6.04 0.49 -6.94 312.61 251.77 16.76 -0.90
0.00 2502.64
737.80 4.64 -0.35 -7.17 312.61 254.23 17.15 -0.90
0.00 2646.37
722.50 2.94 -1.39 -7.44 312.56 260.22 17.15 -0.90
0.00 2816.56
706.10 1.24 -2.39 -7.53 312.83 265.55 17.54 -0.90
0.00 3001.89
688.80 -0.26 -3.36 -7.85 313.33 273.69 18.10 -0.70
0.00 3200.95
669.90 -1.86 -4.59 -8.71 313.63 280.86 19.58 -0.50
0.00 3422.95
649.50 -2.96 -6.12 -11.44 313.61 284.77 22.11 -0.20
0.00 3668.44
627.60 -4.06 -7.98 -15.90 313.27 279.54 23.45 0.20
0.00 3939.50
604.30 -5.66 -10.20 -21.91 312.67 272.73 24.49 0.40
0.00 4236.87
579.30 -7.46 -12.58 -31.65 312.24 271.32 25.25 0.60
0.00 4566.72
552.60 -9.76 -14.85 -42.76 312.65 274.84 25.35 0.70
0.00 4932.18
523.90 -12.86 -17.26 -44.49 313.64 278.97 26.15 0.70
0.00 5340.99
493.10 -16.56 -20.16 -45.05 314.58 279.20 27.95 0.60
0.00 5799.37
462.40 -20.46 -23.44 -50.60 315.31 277.35 30.36 0.40
0.00 6278.54
433.70 -24.26 -26.65 -53.59 316.23 277.04 33.28 0.30
0.00 6748.95
407.10 -27.86 -29.75 -54.12 317.35 276.95 40.11 0.20
0.00 7206.75
382.10 -31.16 -32.61 -52.23 318.88 273.89 51.59 0.00
0.00 7658.75
358.60 -34.06 -35.16 -50.04 320.94 269.82 63.52 -0.20
0.00 8105.70
336.70 -37.06 -37.78 -47.29 322.86 267.82 71.35 -0.30
0.00 8543.98
316.20 -40.76 -41.10 -45.84 323.71 266.22 73.58 -0.40
0.00 8974.74
297.10 -44.36 -44.53 -47.35 324.34 265.46 75.99 -0.40
100.00 9395.33
279.40 -47.16 -47.39 -52.99 325.73 265.71 80.46 -0.40
9.00 9804.21
263.00 -47.76 -48.14 -60.89 330.29 266.36 88.75 -0.40
0.00 10203.84
247.40 -47.66 -48.12 -66.55 336.17 267.21 95.88 -0.40
0.00 10607.36
233.00 -48.06 -48.55 -71.87 341.33 267.75 98.76 -0.30
0.00 11002.83
219.40 -49.16 -49.62 -72.28 345.55 267.82 102.25 -0.30
0.00 11398.12
205.60 -51.36 -51.74 -72.72 348.56 268.09 104.95 -0.30
0.00 11821.97
191.60 -54.46 -54.74 -73.19 350.69 268.41 104.74 -0.30
0.00 12276.61
177.70 -57.56 -57.76 -73.70 353.24 267.27 101.90 -0.20
0.00 12755.30
163.70 -60.16 -9999.00 -9999.00 -9999.00 263.93 97.28 -0.20
0.00 13270.04
149.80 -62.46 -9999.00 -9999.00 -9999.00 260.48 93.96 -0.10
0.00 13820.27
135.80 -64.36 -9999.00 -9999.00 -9999.00 261.54 89.74 -0.10
0.00 14422.65
121.90 -65.76 -9999.00 -9999.00 -9999.00 266.33 78.83 0.00
0.00 15080.38
107.90 -66.26 -9999.00 -9999.00 -9999.00 266.87 60.51 0.00
0.00 15820.08
94.00 -66.16 -9999.00 -9999.00 -9999.00 258.74 47.73 0.00
0.00 16655.45
81.00 -64.66 -9999.00 -9999.00 -9999.00 259.29 43.88 0.00
0.00 17560.56
70.60 -62.06 -9999.00 -9999.00 -9999.00 255.86 27.04 0.00
0.00 18404.43
62.20 -60.86 -9999.00 -9999.00 -9999.00 245.43 22.44 0.00
0.00 19189.37
54.30 -60.56 -9999.00 -9999.00 -9999.00 242.30 17.56 0.00
0.00 20034.02
46.90 -58.26 -9999.00 -9999.00 -9999.00 237.76 25.49 0.00
0.00 20950.63
40.10 -55.96 -9999.00 -9999.00 -9999.00 248.68 25.64 0.00
0.00 21941.20
33.80 -55.76 -9999.00 -9999.00 -9999.00 251.20 19.29 0.00
0.00 23028.29
27.80 -56.26 -9999.00 -9999.00 -9999.00 245.70 19.81 0.00
0.00 24270.41
22.30 -54.46 -9999.00 -9999.00 -9999.00 259.35 19.97 0.00
0.00 25675.78
17.10 -53.26 -9999.00 -9999.00 -9999.00 273.53 15.77 0.00
0.00 27380.05
12.30 -49.36 -9999.00 -9999.00 -9999.00 275.53 24.20 0.00
0.00 29519.55

STID = FLG STNM = 723760 TIME = 221026/2000 
SLAT = 35.23 SLON = -111.82 SELV = 2233.0
STIM = 8

SHOW = -9999.00 LIFT = 4.45 SWET = -9999.00 KINX = -9999.00
LCLP = 608.74 PWAT = 5.18 TOTL = -9999.00 CAPE = 0.00
LCLT = 264.42 CINS = 0.00 EQLV = -9999.00 LFCT = -9999.00
BRCH = 0.00

PRES TMPC TMWC DWPC THTE DRCT SKNT OMEG
CFRL HGHT
774.80 10.14 3.04 -5.58 315.08 252.39 12.84 -0.50
0.00 2243.72
772.50 9.34 2.59 -5.74 314.37 250.14 14.88 -0.70
0.00 2268.38
768.30 8.64 2.20 -5.85 314.04 249.78 15.73 -0.80
0.00 2313.50
761.10 7.74 1.67 -6.02 313.85 250.71 16.47 -0.80
0.00 2391.19
750.70 6.54 0.96 -6.24 313.71 251.77 16.76 -0.90
0.00 2504.29
737.60 5.04 0.07 -6.46 313.60 254.05 16.98 -0.90
0.00 2648.31
722.30 3.34 -0.97 -6.78 313.52 256.61 16.76 -0.90
0.00 2818.80
706.00 1.54 -2.10 -7.16 313.45 263.29 16.63 -0.80
0.00 3003.29
688.70 0.04 -3.22 -7.93 313.63 269.33 16.71 -0.70
0.00 3202.60
669.80 -1.66 -4.58 -9.02 313.66 277.21 17.04 -0.40
0.00 3424.83
649.40 -2.96 -6.32 -12.18 313.19 283.04 18.94 -0.10
0.00 3670.43
627.50 -3.96 -8.44 -18.44 312.33 278.56 22.20 0.20
0.00 3941.55
604.20 -5.36 -10.52 -25.77 311.99 272.66 25.08 0.50
0.00 4239.13
579.20 -7.26 -12.71 -35.90 311.94 272.06 27.02 0.70
0.00 4569.30
552.50 -9.66 -14.80 -43.36 312.75 272.39 27.99 0.80
0.00 4935.01
523.80 -12.86 -17.26 -44.50 313.66 273.05 29.18 0.80
0.00 5343.97
493.00 -16.56 -20.18 -45.73 314.56 272.86 31.12 0.70
0.00 5802.44
462.30 -20.46 -23.40 -48.65 315.41 273.01 33.26 0.50
0.00 6281.71
433.70 -24.36 -26.67 -50.13 316.22 273.44 35.61 0.40
0.00 6750.45
407.00 -28.06 -29.87 -51.69 317.19 274.09 40.89 0.30
0.00 7209.75
382.10 -31.36 -32.79 -52.23 318.61 272.23 49.96 0.10
0.00 7659.63
358.60 -34.36 -35.42 -50.04 320.54 269.45 60.80 0.00
0.00 8106.12
336.60 -37.36 -38.00 -46.23 322.55 267.75 69.41 -0.20
0.00 8545.91
316.20 -40.86 -41.08 -43.80 323.75 266.17 72.61 -0.30
100.00 8974.28
297.10 -44.36 -44.53 -47.35 324.34 265.99 74.96 -0.30
100.00 9394.79
279.40 -46.86 -47.16 -54.85 326.09 267.02 82.09 -0.40
3.00 9803.93
263.00 -47.66 -48.07 -63.09 330.39 268.45 93.47 -0.40
0.00 10203.91
247.40 -48.16 -48.60 -66.55 335.43 269.21 98.10 -0.40
0.00 10607.07
233.00 -48.66 -49.12 -71.87 340.42 269.22 99.84 -0.40
0.00 11001.57
219.40 -49.66 -50.10 -72.28 344.78 268.37 102.21 -0.40
0.00 11395.90
205.60 -51.86 -52.22 -72.72 347.78 267.76 104.20 -0.40
0.00 11818.79
191.60 -54.66 -54.94 -73.19 350.37 267.11 104.06 -0.30
0.00 12272.71
177.70 -57.56 -57.76 -73.70 353.24 265.98 102.62 -0.30
0.00 12751.18
163.70 -60.26 -9999.00 -9999.00 -9999.00 264.07 99.59 -0.20
0.00 13265.80
149.80 -62.66 -9999.00 -9999.00 -9999.00 261.41 96.27 -0.20
0.00 13815.64
135.80 -64.86 -9999.00 -9999.00 -9999.00 261.90 92.40 -0.10
0.00 14417.02
121.90 -66.36 -9999.00 -9999.00 -9999.00 265.84 82.96 0.00
0.00 15073.01
107.90 -66.36 -9999.00 -9999.00 -9999.00 264.43 64.02 0.10
0.00 15811.45
94.00 -66.06 -9999.00 -9999.00 -9999.00 255.81 52.29 0.10
0.00 16646.83
81.00 -64.06 -9999.00 -9999.00 -9999.00 258.37 47.20 0.00
0.00 17553.46
70.60 -61.16 -9999.00 -9999.00 -9999.00 261.37 28.50 0.00
0.00 18400.35
62.20 -61.26 -9999.00 -9999.00 -9999.00 246.04 22.96 0.00
0.00 19186.22
54.30 -60.46 -9999.00 -9999.00 -9999.00 235.47 21.93 0.00
0.00 20030.27
46.90 -58.76 -9999.00 -9999.00 -9999.00 232.87 26.07 0.00
0.00 20946.03
40.10 -56.76 -9999.00 -9999.00 -9999.00 247.38 25.25 0.00
0.00 21933.62
33.80 -55.86 -9999.00 -9999.00 -9999.00 254.05 19.79 0.00
0.00 23018.45
27.80 -55.76 -9999.00 -9999.00 -9999.00 249.62 21.76 0.00
0.00 24261.71
22.30 -53.56 -9999.00 -9999.00 -9999.00 261.38 19.44 0.00
0.00 25671.60
17.10 -52.86 -9999.00 -9999.00 -9999.00 279.07 18.49 0.00
0.00 27380.93
12.30 -49.26 -9999.00 -9999.00 -9999.00 281.08 28.30 0.00
0.00 29522.83

STID = FLG STNM = 723760 TIME = 221026/2100 
SLAT = 35.23 SLON = -111.82 SELV = 2233.0
STIM = 9

SHOW = -9999.00 LIFT = 4.33 SWET = -9999.00 KINX = -9999.00
LCLP = 599.84 PWAT = 4.77 TOTL = -9999.00 CAPE = 0.00
LCLT = 263.59 CINS = 0.00 EQLV = -9999.00 LFCT = -9999.00
BRCH = 0.00

PRES TMPC TMWC DWPC THTE DRCT SKNT OMEG
CFRL HGHT
774.80 10.44 3.00 -6.24 314.94 244.65 12.26 -0.50
0.00 2243.73
772.50 9.74 2.60 -6.40 314.33 242.06 14.51 -0.70
0.00 2268.42
768.30 9.04 2.20 -6.52 314.01 241.16 15.31 -0.80
0.00 2313.59
761.20 8.14 1.68 -6.68 313.81 242.18 15.81 -0.80
0.00 2390.30
750.80 6.94 0.96 -6.90 313.67 243.13 16.34 -0.80
0.00 2503.54
737.70 5.44 0.06 -7.17 313.53 244.33 16.59 -0.80
0.00 2647.73
722.40 3.74 -0.98 -7.49 313.45 246.18 16.36 -0.70
0.00 2818.43
706.00 1.94 -2.13 -7.91 313.38 250.25 16.10 -0.60
0.00 3004.28
688.70 0.44 -3.38 -9.12 313.28 255.11 15.87 -0.50
0.00 3203.86
669.80 -1.16 -4.70 -10.36 313.36 262.17 15.70 -0.20
0.00 3426.42
649.40 -2.36 -6.59 -14.63 312.59 275.47 18.34 0.00
0.00 3672.47
627.60 -3.36 -8.64 -21.90 311.83 277.00 22.32 0.30
0.00 3942.86
604.20 -5.06 -10.58 -28.27 311.80 274.37 25.52 0.50
0.00 4242.14
579.30 -7.16 -12.61 -35.27 312.11 274.00 27.84 0.80
0.00 4571.20
552.60 -9.86 -14.87 -41.14 312.64 274.11 29.80 0.90
0.00 4936.78
523.90 -12.96 -17.32 -43.86 313.56 273.49 31.92 1.00
0.00 5345.44
493.10 -16.76 -20.33 -45.72 314.30 271.62 34.40 1.00
0.00 5803.56
462.40 -20.66 -23.53 -47.80 315.18 270.00 36.52 0.90
0.00 6282.35
433.70 -24.56 -26.81 -49.21 316.01 270.29 38.07 0.80
0.00 6752.30
407.10 -28.26 -30.02 -50.68 316.95 270.53 41.76 0.70
0.00 7209.47
382.10 -31.56 -32.96 -52.23 318.35 269.11 49.92 0.60
0.00 7660.73
358.60 -34.46 -35.47 -48.57 320.48 267.83 61.62 0.50
0.00 8106.94
336.60 -37.66 -38.18 -44.40 322.29 267.27 69.42 0.40
0.00 8546.37
316.20 -41.16 -41.30 -43.08 323.41 264.97 73.12 0.20
100.00 8974.19
297.10 -44.56 -44.69 -46.87 324.09 264.75 76.46 0.00
52.00 9394.25
279.40 -46.56 -46.88 -54.85 326.52 267.17 86.54 -0.10
0.00 9803.48
263.00 -47.46 -47.90 -66.11 330.64 268.96 96.37 -0.20
0.00 10203.91
247.40 -48.26 -48.72 -71.46 335.23 268.76 98.89 -0.20
0.00 10607.15
233.00 -49.06 -49.50 -71.87 339.81 267.67 100.50 -0.30
0.00 11001.21
219.40 -50.26 -50.67 -72.28 343.85 266.32 102.78 -0.30
0.00 11394.66
205.60 -52.16 -52.51 -72.72 347.31 265.52 104.43 -0.30
0.00 11816.70
191.60 -54.56 -54.84 -73.19 350.53 264.78 104.55 -0.30
0.00 12270.41
177.70 -57.16 -57.38 -73.70 353.89 263.32 103.46 -0.30
0.00 12749.43
163.70 -59.86 -9999.00 -9999.00 -9999.00 262.40 101.32 -0.40
0.00 13265.01
149.80 -62.26 -9999.00 -9999.00 -9999.00 261.31 97.67 -0.30
0.00 13815.89
135.80 -64.56 -9999.00 -9999.00 -9999.00 261.70 92.85 -0.30
0.00 14418.27
121.90 -65.96 -9999.00 -9999.00 -9999.00 264.42 81.97 -0.20
0.00 15075.37
107.90 -65.76 -9999.00 -9999.00 -9999.00 263.16 63.58 -0.10
0.00 15815.60
94.00 -65.96 -9999.00 -9999.00 -9999.00 256.69 55.69 0.00
0.00 16652.39
81.00 -64.26 -9999.00 -9999.00 -9999.00 264.66 50.14 0.10
0.00 17558.81
70.60 -61.06 -9999.00 -9999.00 -9999.00 270.00 33.22 0.00
0.00 18405.49
62.20 -61.46 -9999.00 -9999.00 -9999.00 246.69 26.01 0.00
0.00 19191.17
54.30 -60.66 -9999.00 -9999.00 -9999.00 238.22 25.82 0.00
0.00 20034.43
46.90 -58.86 -9999.00 -9999.00 -9999.00 238.55 27.54 0.00
0.00 20949.55
40.10 -57.16 -9999.00 -9999.00 -9999.00 255.86 26.24 0.00
0.00 21935.99
33.80 -56.96 -9999.00 -9999.00 -9999.00 267.92 21.39 0.00
0.00 23017.07
27.80 -56.66 -9999.00 -9999.00 -9999.00 253.35 21.70 0.00
0.00 24254.62
22.30 -54.66 -9999.00 -9999.00 -9999.00 256.25 18.80 0.00
0.00 25658.05
17.10 -54.36 -9999.00 -9999.00 -9999.00 267.27 16.34 0.00
0.00 27357.27
12.30 -49.86 -9999.00 -9999.00 -9999.00 269.56 25.06 0.00
0.00 29489.05

STID = FLG STNM = 723760 TIME = 221026/2200 
SLAT = 35.23 SLON = -111.82 SELV = 2233.0
STIM = 10

SHOW = -9999.00 LIFT = 4.30 SWET = -9999.00 KINX = -9999.00
LCLP = 591.63 PWAT = 4.54 TOTL = -9999.00 CAPE = 0.00
LCLT = 262.83 CINS = 0.00 EQLV = -9999.00 LFCT = -9999.00
BRCH = 0.00

PRES TMPC TMWC DWPC THTE DRCT SKNT OMEG
CFRL HGHT
774.80 10.74 2.97 -6.84 314.85 243.03 12.43 -0.50
0.00 2243.74
772.50 10.04 2.58 -7.01 314.24 240.07 14.80 -0.70
0.00 2268.46
768.30 9.34 2.18 -7.13 313.92 239.04 15.85 -0.80
0.00 2313.67
761.20 8.54 1.70 -7.29 313.83 239.50 16.45 -0.80
0.00 2390.47
750.70 7.34 1.00 -7.47 313.74 239.93 17.06 -0.80
0.00 2504.96
737.60 5.84 0.10 -7.74 313.60 241.13 17.31 -0.70
0.00 2649.36
722.30 4.14 -0.95 -8.10 313.50 242.57 17.29 -0.60
0.00 2820.32
706.00 2.34 -2.10 -8.53 313.41 244.59 17.21 -0.50
0.00 3005.30
688.70 0.74 -3.44 -9.91 313.11 246.97 16.88 -0.40
0.00 3205.12
669.80 -0.96 -4.77 -11.01 313.19 251.57 16.59 -0.10
0.00 3427.86
649.40 -2.26 -6.50 -14.50 312.77 264.86 17.37 0.10
0.00 3674.03
627.50 -3.16 -8.68 -23.15 311.72 275.86 22.84 0.40
0.00 3945.83
604.20 -4.86 -10.66 -30.77 311.60 276.39 26.18 0.60
0.00 4244.06
579.30 -7.16 -12.66 -36.23 312.01 275.16 28.09 0.70
0.00 4573.22
552.60 -9.96 -14.94 -41.14 312.52 274.01 30.57 0.80
0.00 4938.73
523.90 -13.16 -17.50 -45.17 313.24 271.01 33.02 0.80
0.00 5347.15
493.10 -16.76 -20.39 -48.08 314.19 269.06 35.55 0.90
0.00 5805.09
462.30 -20.66 -23.53 -47.81 315.20 269.10 37.30 0.80
0.00 6285.49
433.70 -24.56 -26.81 -49.21 316.01 269.71 39.04 0.80
0.00 6753.85
407.00 -28.36 -30.13 -51.69 316.80 268.18 42.75 0.70
0.00 7212.70
382.10 -31.76 -33.13 -52.23 318.09 267.14 50.56 0.70
0.00 7661.93
358.60 -34.76 -35.69 -47.30 320.15 268.71 60.63 0.60
0.00 8107.68
336.60 -37.96 -38.38 -43.21 321.99 267.27 69.42 0.60
0.00 8546.56
316.20 -41.36 -41.51 -43.43 323.09 264.30 74.38 0.40
100.00 8973.93
297.10 -44.96 -45.07 -46.87 323.53 264.22 77.12 0.30
0.00 9393.44
279.40 -47.16 -47.44 -54.85 325.66 267.27 85.76 0.30
0.00 9801.77
263.00 -48.16 -48.57 -66.11 329.62 268.01 95.05 0.20
0.00 10201.04
247.40 -49.06 -49.45 -66.55 334.09 267.09 99.40 0.10
0.00 10602.95
233.00 -50.06 -50.45 -71.87 338.30 265.95 101.85 0.00
0.00 10995.43
219.40 -51.06 -51.43 -72.28 342.62 264.54 104.20 0.00
0.00 11387.29
205.60 -52.46 -52.80 -72.72 346.84 263.53 106.93 -0.10
0.00 11808.28
191.60 -54.36 -54.65 -73.19 350.85 263.23 108.76 -0.20
0.00 12261.89
177.70 -56.86 -57.08 -73.70 354.38 262.64 107.73 -0.30
0.00 12741.47
163.70 -59.66 -9999.00 -9999.00 -9999.00 261.96 105.54 -0.30
0.00 13257.65
149.80 -62.06 -9999.00 -9999.00 -9999.00 261.62 101.32 -0.40
0.00 13809.04
135.80 -63.86 -9999.00 -9999.00 -9999.00 261.05 93.61 -0.40
0.00 14412.72
121.90 -64.26 -9999.00 -9999.00 -9999.00 262.88 79.88 -0.30
0.00 15073.61
107.90 -64.36 -9999.00 -9999.00 -9999.00 262.42 63.29 -0.20
0.00 15819.38
94.00 -65.76 -9999.00 -9999.00 -9999.00 260.06 57.38 -0.10
0.00 16659.40
81.00 -65.36 -9999.00 -9999.00 -9999.00 270.00 51.86 0.00
0.00 17563.85
70.60 -61.96 -9999.00 -9999.00 -9999.00 271.78 37.51 0.10
0.00 18406.51
62.20 -60.86 -9999.00 -9999.00 -9999.00 247.35 29.25 0.00
0.00 19191.64
54.30 -60.06 -9999.00 -9999.00 -9999.00 248.52 25.47 0.00
0.00 20037.28
46.90 -59.26 -9999.00 -9999.00 -9999.00 251.14 24.63 0.00
0.00 20952.83
40.10 -58.06 -9999.00 -9999.00 -9999.00 262.65 24.28 0.00
0.00 21936.29
33.80 -57.46 -9999.00 -9999.00 -9999.00 267.37 21.19 0.00
0.00 23013.87
27.80 -56.36 -9999.00 -9999.00 -9999.00 250.50 19.77 0.00
0.00 24250.84
22.30 -54.76 -9999.00 -9999.00 -9999.00 265.96 16.55 0.00
0.00 25654.92
17.10 -55.46 -9999.00 -9999.00 -9999.00 270.00 13.21 0.00
0.00 27349.48
12.30 -50.46 -9999.00 -9999.00 -9999.00 256.79 22.94 0.00
0.00 29473.06

STID = FLG STNM = 723760 TIME = 221026/2300 
SLAT = 35.23 SLON = -111.82 SELV = 2233.0
STIM = 11

SHOW = -9999.00 LIFT = 3.83 SWET = -9999.00 KINX = -9999.00
LCLP = 597.06 PWAT = 4.81 TOTL = -9999.00 CAPE = 0.00
LCLT = 263.37 CINS = 0.00 EQLV = -9999.00 LFCT = -9999.00
BRCH = 0.00

PRES TMPC TMWC DWPC THTE DRCT SKNT OMEG
CFRL HGHT
774.40 10.54 2.99 -6.41 314.98 242.20 12.08 -0.50
0.00 2243.74
772.10 9.94 2.66 -6.54 314.51 238.39 14.82 -0.70
0.00 2268.46
767.90 9.44 2.36 -6.65 314.42 238.21 16.22 -0.80
0.00 2313.70
760.80 8.54 1.85 -6.77 314.25 238.13 16.92 -0.80
0.00 2390.55
750.40 7.44 1.19 -6.99 314.22 238.27 17.37 -0.80
0.00 2504.03
737.30 5.94 0.29 -7.27 314.08 238.60 17.52 -0.70
0.00 2648.56
722.00 4.24 -0.75 -7.58 314.01 239.47 17.60 -0.60
0.00 2819.66
705.60 2.44 -1.86 -7.92 314.00 240.88 17.56 -0.50
0.00 3005.95
688.40 0.64 -3.24 -9.03 313.61 242.57 17.29 -0.30
0.00 3204.73
669.50 -1.06 -4.62 -10.27 313.58 244.90 16.94 -0.10
0.00 3427.51
649.10 -2.66 -6.38 -13.06 313.09 254.15 16.36 0.10
0.00 3673.60
627.30 -3.56 -8.72 -21.59 311.74 273.18 21.02 0.40
0.00 3943.90
603.90 -5.16 -10.82 -30.35 311.36 276.58 25.43 0.50
0.00 4243.15
579.00 -7.46 -12.90 -36.92 311.63 274.76 28.07 0.60
0.00 4572.11
552.40 -10.16 -15.06 -40.65 312.35 273.67 30.36 0.70
0.00 4936.06
523.70 -13.36 -17.62 -44.50 313.07 272.37 32.85 0.80
0.00 5344.33
492.90 -16.96 -20.48 -45.73 314.09 270.32 34.77 0.80
0.00 5802.10
462.20 -20.86 -23.67 -47.03 315.01 266.94 36.38 0.80
0.00 6280.71
433.60 -24.76 -26.98 -49.21 315.77 264.14 38.07 0.70
0.00 6748.81
407.00 -28.56 -30.29 -51.69 316.54 263.31 41.67 0.70
0.00 7205.62
382.00 -31.96 -33.28 -51.23 317.88 265.87 48.48 0.70
0.00 7656.35
358.60 -35.06 -35.86 -45.16 319.90 267.87 57.54 0.70
0.00 8099.80
336.60 -38.06 -38.38 -41.82 322.00 266.38 67.73 0.60
0.00 8538.32
316.10 -41.46 -41.65 -44.18 322.91 263.44 73.14 0.60
100.00 8967.67
297.10 -45.26 -45.45 -48.97 322.95 263.79 75.43 0.50
0.00 9384.68
279.40 -47.86 -48.08 -53.87 324.69 266.02 81.20 0.40
0.00 9792.11
263.00 -48.86 -49.21 -63.09 328.63 266.19 90.71 0.30
0.00 10190.15
247.40 -49.76 -50.12 -66.55 333.04 265.48 96.06 0.20
0.00 10590.80
233.00 -50.86 -51.19 -66.99 337.13 263.97 99.81 0.10
0.00 10981.96
219.40 -51.36 -51.72 -72.28 342.15 262.21 106.06 0.10
0.00 11372.86
205.60 -52.16 -52.51 -72.72 347.31 262.32 111.93 0.00
0.00 11793.85
191.60 -54.16 -54.45 -73.19 351.17 264.00 113.29 -0.10
0.00 12247.98
177.70 -56.66 -56.89 -73.70 354.71 263.24 110.53 -0.20
0.00 12727.99
163.70 -59.06 -9999.00 -9999.00 -9999.00 262.04 108.08 -0.30
0.00 13245.13
149.80 -61.26 -9999.00 -9999.00 -9999.00 263.55 103.81 -0.40
0.00 13798.35
135.80 -62.56 -9999.00 -9999.00 -9999.00 263.62 92.66 -0.50
0.00 14405.04
121.90 -63.46 -9999.00 -9999.00 -9999.00 265.13 80.13 -0.50
0.00 15069.25
107.90 -64.06 -9999.00 -9999.00 -9999.00 265.60 63.33 -0.30
0.00 15816.98
94.00 -65.76 -9999.00 -9999.00 -9999.00 261.65 56.16 -0.10
0.00 16657.61
81.00 -65.36 -9999.00 -9999.00 -9999.00 269.56 50.70 0.10
0.00 17562.06
70.60 -60.96 -9999.00 -9999.00 -9999.00 274.91 38.60 0.10
0.00 18406.73
62.20 -60.16 -9999.00 -9999.00 -9999.00 263.97 27.74 0.00
0.00 19195.01
54.30 -60.76 -9999.00 -9999.00 -9999.00 267.47 26.44 -0.10
0.00 20040.66
46.90 -60.76 -9999.00 -9999.00 -9999.00 252.37 21.81 -0.10
0.00 20951.48
40.10 -59.26 -9999.00 -9999.00 -9999.00 249.85 22.55 0.00
0.00 21928.75
33.80 -56.76 -9999.00 -9999.00 -9999.00 249.26 21.39 0.00
0.00 23005.08
27.80 -55.36 -9999.00 -9999.00 -9999.00 236.14 17.77 0.00
0.00 24246.92
22.30 -53.86 -9999.00 -9999.00 -9999.00 252.41 16.71 0.00
0.00 25657.12
17.10 -51.86 -9999.00 -9999.00 -9999.00 257.86 18.47 0.00
0.00 27369.17
12.30 -48.46 -9999.00 -9999.00 -9999.00 264.98 28.87 0.00
0.00 29519.76

STID = FLG STNM = 723760 TIME = 221027/0000 
SLAT = 35.23 SLON = -111.82 SELV = 2233.0
STIM = 12

SHOW = -9999.00 LIFT = 3.44 SWET = -9999.00 KINX = -9999.00
LCLP = 609.51 PWAT = 5.11 TOTL = -9999.00 CAPE = 0.00
LCLT = 264.12 CINS = 0.00 EQLV = -9999.00 LFCT = -9999.00
BRCH = 0.00

PRES TMPC TMWC DWPC THTE DRCT SKNT OMEG
CFRL HGHT
774.10 9.64 2.70 -5.92 314.36 246.80 10.35 -0.50
0.00 2243.71
771.90 9.44 2.55 -6.04 314.34 244.54 13.56 -0.70
0.00 2267.30
767.70 8.94 2.26 -6.15 314.24 243.11 15.46 -0.80
0.00 2312.48
760.50 8.24 1.83 -6.31 314.28 243.14 16.76 -0.80
0.00 2390.34
750.10 7.04 1.13 -6.49 314.17 242.57 17.29 -0.80
0.00 2503.73
737.10 5.64 0.29 -6.76 314.13 242.59 17.72 -0.70
0.00 2647.03
721.70 3.94 -0.74 -7.04 314.10 242.04 17.81 -0.60
0.00 2819.14
705.40 2.14 -1.85 -7.37 314.07 242.04 17.81 -0.50
0.00 3004.17
688.10 0.34 -3.24 -8.50 313.67 241.74 17.64 -0.40
0.00 3203.98
669.30 -1.36 -4.76 -10.18 313.31 242.86 17.46 -0.20
0.00 3425.43
648.90 -2.86 -6.62 -13.53 312.64 250.13 17.15 -0.10
0.00 3671.36
627.10 -4.26 -8.81 -19.47 311.66 266.53 19.27 0.10
0.00 3941.30
603.80 -5.76 -10.94 -27.27 311.25 274.72 23.58 0.30
0.00 4238.66
578.90 -7.96 -13.10 -34.40 311.34 274.56 26.88 0.40
0.00 4567.02
552.20 -10.66 -15.31 -38.12 312.00 275.30 29.45 0.60
0.00 4931.77
523.60 -13.76 -17.79 -40.70 312.86 275.54 32.21 0.70
0.00 5338.04
492.80 -17.36 -20.65 -41.74 313.87 272.54 35.00 0.80
0.00 5795.20
462.20 -21.26 -23.95 -45.64 314.58 266.99 36.97 0.70
0.00 6271.57
433.60 -25.16 -27.35 -51.15 315.19 262.80 38.77 0.70
0.00 6738.92
406.90 -28.76 -30.49 -52.83 316.27 262.17 41.38 0.60
0.00 7196.94
382.00 -32.16 -33.41 -49.49 317.70 264.50 46.64 0.60
0.00 7645.55
358.50 -35.26 -35.97 -43.82 319.76 265.96 55.11 0.60
0.00 8090.60
336.60 -38.16 -38.40 -40.89 321.97 264.00 65.03 0.60
100.00 8526.92
316.10 -41.86 -41.95 -43.08 322.46 262.64 69.74 0.60
100.00 8955.81
297.10 -45.56 -45.66 -47.35 322.64 263.69 72.51 0.50
0.00 9372.20
279.40 -47.76 -48.01 -54.85 324.79 264.54 79.62 0.40
0.00 9779.45
263.00 -48.56 -48.95 -66.11 329.03 263.97 86.93 0.20
0.00 10177.84
247.40 -49.66 -50.02 -66.55 333.19 261.46 92.91 0.10
0.00 10578.85
233.00 -50.56 -50.91 -66.99 337.58 260.29 104.84 0.10
0.00 10970.37
219.40 -51.16 -51.53 -72.28 342.46 261.50 114.32 0.00
0.00 11361.70
205.60 -52.46 -52.80 -72.72 346.84 263.02 116.65 -0.10
0.00 11782.60
191.60 -54.36 -54.65 -73.19 350.85 263.71 115.31 -0.20
0.00 12236.21
177.70 -56.36 -56.60 -73.70 355.20 263.81 111.77 -0.30
0.00 12716.33
163.70 -58.56 -9999.00 -9999.00 -9999.00 263.44 107.15 -0.40
0.00 13234.43
149.80 -60.46 -9999.00 -9999.00 -9999.00 265.36 100.95 -0.40
0.00 13789.34
135.80 -61.66 -9999.00 -9999.00 -9999.00 266.19 90.52 -0.50
0.00 14398.47
121.90 -62.86 -9999.00 -9999.00 -9999.00 265.76 78.88 -0.50
0.00 15065.05
107.90 -64.06 -9999.00 -9999.00 -9999.00 266.59 65.38 -0.40
0.00 15813.85
94.00 -65.66 -9999.00 -9999.00 -9999.00 264.58 57.56 -0.20
0.00 16654.68
81.00 -65.86 -9999.00 -9999.00 -9999.00 273.90 51.40 0.00
0.00 17558.26
70.60 -62.56 -9999.00 -9999.00 -9999.00 280.62 37.94 0.10
0.00 18398.72
62.20 -60.56 -9999.00 -9999.00 -9999.00 267.22 20.03 0.10
0.00 19183.28
54.30 -62.36 -9999.00 -9999.00 -9999.00 263.78 19.74 0.00
0.00 20024.95
46.90 -60.46 -9999.00 -9999.00 -9999.00 244.15 20.94 0.00
0.00 20932.99
40.10 -57.16 -9999.00 -9999.00 -9999.00 247.49 23.35 0.00
0.00 21915.76
33.80 -53.66 -9999.00 -9999.00 -9999.00 258.31 23.02 0.00
0.00 23005.10
27.80 -54.16 -9999.00 -9999.00 -9999.00 261.60 17.29 0.00
0.00 24259.23
22.30 -55.26 -9999.00 -9999.00 -9999.00 271.08 20.59 0.00
0.00 25668.80
17.10 -52.76 -9999.00 -9999.00 -9999.00 257.91 22.24 0.00
0.00 27371.91
12.30 -48.56 -9999.00 -9999.00 -9999.00 262.16 27.06 0.00
0.00 29517.67

STID = FLG STNM = 723760 TIME = 221027/0100 
SLAT = 35.23 SLON = -111.82 SELV = 2233.0
STIM = 13

SHOW = -9999.00 LIFT = 3.61 SWET = -9999.00 KINX = -9999.00
LCLP = 629.96 PWAT = 5.26 TOTL = -9999.00 CAPE = 0.00
LCLT = 264.87 CINS = 0.00 EQLV = -9999.00 LFCT = -9999.00
BRCH = 0.00

PRES TMPC TMWC DWPC THTE DRCT SKNT OMEG
CFRL HGHT
774.70 7.84 1.91 -5.58 312.52 251.03 6.57 -0.30
0.00 2242.57
772.40 8.04 1.98 -5.66 312.98 249.33 10.99 -0.50
0.00 2267.08
768.20 7.84 1.81 -5.81 313.19 251.08 14.37 -0.70
0.00 2312.03
761.00 7.34 1.48 -5.98 313.44 251.57 17.19 -0.70
0.00 2389.57
750.60 6.24 0.82 -6.20 313.41 251.95 18.18 -0.70
0.00 2502.54
737.50 4.94 -0.01 -6.55 313.44 252.35 17.93 -0.50
0.00 2646.48
722.20 3.34 -1.07 -7.11 313.29 251.98 16.96 -0.30
0.00 2816.96
705.90 1.84 -2.20 -7.96 313.24 251.13 16.22 -0.10
0.00 3001.56
688.60 0.24 -3.46 -9.03 313.12 250.02 15.91 0.00
0.00 3201.06
669.70 -1.46 -4.96 -10.66 312.84 250.68 15.85 0.00
0.00 3423.44
649.30 -3.16 -6.81 -13.58 312.21 256.64 15.97 0.10
0.00 3669.03
627.50 -4.56 -8.84 -18.60 311.57 267.48 17.70 0.20
0.00 3938.51
604.10 -6.16 -11.07 -26.05 311.00 272.58 21.58 0.40
0.00 4236.61
579.20 -8.26 -13.17 -32.33 311.22 273.99 25.12 0.60
0.00 4564.39
552.50 -10.86 -15.31 -35.45 312.00 275.87 28.52 0.80
0.00 4928.61
523.80 -13.96 -17.75 -36.90 312.94 276.83 32.67 1.00
0.00 5335.82
493.00 -17.66 -20.76 -39.22 313.68 274.84 36.85 1.10
0.00 5792.39
462.30 -21.56 -24.12 -43.85 314.30 270.00 39.04 1.00
0.00 6269.62
433.70 -25.36 -27.45 -48.37 315.03 264.81 40.77 0.90
0.00 6736.40
407.00 -28.96 -30.57 -48.93 316.14 262.59 43.69 0.90
0.00 7193.95
382.10 -32.36 -33.45 -45.60 317.64 263.38 48.89 0.80
0.00 7642.09
358.60 -35.66 -36.12 -40.59 319.53 262.60 55.83 0.70
0.00 8086.48
336.60 -38.36 -38.60 -41.19 321.66 258.96 64.92 0.60
100.00 8524.18
316.20 -41.76 -41.90 -43.80 322.50 259.19 69.41 0.40
100.00 8950.82
297.10 -45.76 -45.87 -47.86 322.32 261.40 70.14 0.30
0.00 9369.23
279.40 -47.76 -48.06 -57.20 324.71 262.89 78.50 0.30
0.00 9776.31
263.00 -48.56 -48.97 -71.03 328.99 261.85 83.59 0.20
0.00 10174.69
247.40 -49.26 -49.64 -66.55 333.79 259.93 96.68 0.10
0.00 10576.06
233.00 -49.76 -50.14 -66.99 338.80 260.65 111.23 0.00
0.00 10968.63
219.40 -50.76 -51.15 -72.28 343.08 262.00 117.31 -0.10
0.00 11361.02
205.60 -52.46 -52.80 -72.72 346.84 262.62 117.91 -0.20
0.00 11782.30
191.60 -54.26 -54.55 -73.19 351.01 263.67 116.28 -0.30
0.00 12236.01
177.70 -56.06 -56.31 -73.70 355.69 264.21 111.67 -0.40
0.00 12716.58
163.70 -58.16 -9999.00 -9999.00 -9999.00 264.40 105.59 -0.50
0.00 13235.52
149.80 -60.16 -9999.00 -9999.00 -9999.00 266.81 97.86 -0.50
0.00 13791.33
135.80 -61.86 -9999.00 -9999.00 -9999.00 269.37 87.80 -0.50
0.00 14400.61
121.90 -63.46 -9999.00 -9999.00 -9999.00 268.09 75.80 -0.50
0.00 15065.92
107.90 -64.96 -9999.00 -9999.00 -9999.00 266.07 65.23 -0.30
0.00 15812.05
94.00 -65.36 -9999.00 -9999.00 -9999.00 266.36 55.09 -0.10
0.00 16651.67
81.00 -64.16 -9999.00 -9999.00 -9999.00 275.06 46.21 0.10
0.00 17559.60
70.60 -60.36 -9999.00 -9999.00 -9999.00 281.18 33.06 0.10
0.00 18407.90
62.20 -59.26 -9999.00 -9999.00 -9999.00 272.57 17.31 0.00
0.00 19198.96
54.30 -61.96 -9999.00 -9999.00 -9999.00 267.11 19.25 -0.10
0.00 20044.00
46.90 -60.46 -9999.00 -9999.00 -9999.00 250.35 23.10 0.00
0.00 20952.90
40.10 -56.86 -9999.00 -9999.00 -9999.00 249.09 25.58 0.00
0.00 21936.36
33.80 -54.06 -9999.00 -9999.00 -9999.00 261.30 19.25 0.00
0.00 23025.45
27.80 -55.56 -9999.00 -9999.00 -9999.00 255.53 12.43 0.00
0.00 24274.43
22.30 -56.66 -9999.00 -9999.00 -9999.00 258.31 17.25 0.00
0.00 25674.96
17.10 -52.76 -9999.00 -9999.00 -9999.00 257.47 23.29 0.00
0.00 27372.63
12.30 -48.36 -9999.00 -9999.00 -9999.00 264.50 26.34 0.00
0.00 29519.36

STID = FLG STNM = 723760 TIME = 221027/0200 
SLAT = 35.23 SLON = -111.82 SELV = 2233.0
STIM = 14

SHOW = -9999.00 LIFT = 3.63 SWET = -9999.00 KINX = -9999.00
LCLP = 650.92 PWAT = 5.35 TOTL = -9999.00 CAPE = 0.00
LCLT = 265.72 CINS = 0.00 EQLV = -9999.00 LFCT = -9999.00
BRCH = 0.00

PRES TMPC TMWC DWPC THTE DRCT SKNT OMEG
CFRL HGHT
774.90 6.14 1.19 -5.14 310.91 247.38 5.05 -0.20
0.00 2243.56
772.60 6.54 1.35 -5.26 311.57 253.03 11.99 -0.50
0.00 2267.93
768.40 6.44 1.24 -5.37 311.92 253.65 15.19 -0.70
0.00 2312.64
761.30 6.14 1.00 -5.57 312.35 255.82 19.04 -0.80
0.00 2388.73
750.90 5.34 0.44 -5.95 312.54 257.94 20.45 -0.70
0.00 2501.24
737.80 4.34 -0.32 -6.54 312.72 262.03 19.62 -0.50
0.00 2644.73
722.50 3.14 -1.23 -7.27 312.91 266.35 18.30 -0.20
0.00 2814.90
706.10 1.64 -2.30 -7.95 312.99 268.68 16.90 0.00
0.00 3000.43
688.80 -0.06 -3.56 -8.80 312.90 267.14 15.56 0.10
0.00 3199.69
669.90 -1.66 -5.02 -10.46 312.70 262.41 14.70 0.30
0.00 3421.81
649.50 -3.26 -6.88 -13.64 312.03 258.98 15.23 0.40
0.00 3667.19
627.60 -4.76 -9.03 -18.94 311.20 263.18 18.01 0.60
0.00 3937.69
604.30 -6.56 -11.21 -25.08 310.73 268.45 21.56 0.80
0.00 4234.11
579.30 -8.66 -13.23 -29.80 311.14 271.80 24.69 1.00
0.00 4562.65
552.60 -11.26 -15.43 -33.05 311.82 274.76 28.07 1.20
0.00 4926.28
523.90 -14.36 -17.95 -35.40 312.62 276.53 32.46 1.40
0.00 5332.80
493.10 -17.96 -20.97 -38.85 313.33 275.71 37.08 1.40
0.00 5788.67
462.40 -21.76 -24.28 -43.85 314.03 271.67 40.03 1.40
0.00 6265.32
433.70 -25.56 -27.59 -47.60 314.81 265.70 41.49 1.20
0.00 6733.32
407.10 -29.06 -30.65 -48.93 315.99 261.98 44.52 1.10
0.00 7188.82
382.10 -32.36 -33.45 -45.60 317.64 261.27 49.92 1.00
0.00 7638.61
358.60 -35.46 -36.06 -42.26 319.62 260.73 57.87 0.90
0.00 8083.18
336.70 -38.66 -38.95 -42.15 321.11 260.54 66.16 0.70
89.00 8518.73
316.20 -42.36 -42.48 -44.17 321.63 259.75 69.87 0.60
100.00 8946.56
297.10 -45.76 -45.99 -50.91 322.13 260.79 72.80 0.40
0.00 9364.42
279.40 -47.26 -47.71 -70.62 325.22 263.11 76.11 0.30
0.00 9771.93
263.00 -48.76 -49.16 -71.03 328.69 261.18 82.36 0.20
0.00 10170.57
247.40 -48.96 -49.36 -66.55 334.23 259.96 101.40 0.00
0.00 10572.03
233.00 -49.66 -50.07 -71.87 338.90 261.38 112.78 -0.10
0.00 10964.95
219.40 -50.86 -51.24 -72.28 342.93 261.94 116.34 -0.20
0.00 11357.33
205.60 -52.66 -52.99 -72.72 346.52 262.79 117.68 -0.30
0.00 11778.33
191.60 -54.56 -54.84 -73.19 350.53 263.96 114.47 -0.30
0.00 12231.53
177.70 -56.26 -56.50 -73.70 355.37 264.81 109.42 -0.40
0.00 12711.54
163.70 -58.06 -9999.00 -9999.00 -9999.00 265.04 101.18 -0.40
0.00 13230.36
149.80 -60.06 -9999.00 -9999.00 -9999.00 266.03 92.68 -0.40
0.00 13786.44
135.80 -61.76 -9999.00 -9999.00 -9999.00 267.71 82.61 -0.40
0.00 14396.00
121.90 -63.06 -9999.00 -9999.00 -9999.00 267.37 71.95 -0.40
0.00 15062.10
107.90 -64.26 -9999.00 -9999.00 -9999.00 266.85 63.62 -0.30
0.00 15810.19
94.00 -64.96 -9999.00 -9999.00 -9999.00 272.02 55.21 -0.10
0.00 16652.03
81.00 -63.96 -9999.00 -9999.00 -9999.00 278.90 45.22 0.10
0.00 17561.28
70.60 -60.76 -9999.00 -9999.00 -9999.00 280.18 32.96 0.10
0.00 18409.17
62.20 -59.86 -9999.00 -9999.00 -9999.00 273.04 18.28 0.00
0.00 19198.37
54.30 -62.36 -9999.00 -9999.00 -9999.00 266.22 20.63 0.00
0.00 20041.43
46.90 -60.46 -9999.00 -9999.00 -9999.00 254.12 23.43 0.00
0.00 20949.47
40.10 -55.86 -9999.00 -9999.00 -9999.00 253.43 24.51 0.00
0.00 21935.22
33.80 -53.56 -9999.00 -9999.00 -9999.00 260.99 16.12 0.00
0.00 23028.07
27.80 -56.06 -9999.00 -9999.00 -9999.00 243.06 13.29 0.00
0.00 24277.05
22.30 -56.76 -9999.00 -9999.00 -9999.00 257.36 21.31 0.00
0.00 25675.64
17.10 -53.06 -9999.00 -9999.00 -9999.00 270.00 27.58 0.00
0.00 27371.76
12.30 -48.06 -9999.00 -9999.00 -9999.00 272.84 31.31 0.00
0.00 29518.49

STID = FLG STNM = 723760 TIME = 221027/0300 
SLAT = 35.23 SLON = -111.82 SELV = 2233.0
STIM = 15

SHOW = -9999.00 LIFT = 4.08 SWET = -9999.00 KINX = -9999.00
LCLP = 663.93 PWAT = 4.90 TOTL = -9999.00 CAPE = 0.00
LCLT = 266.09 CINS = 0.00 EQLV = -9999.00 LFCT = -9999.00
BRCH = 0.00

PRES TMPC TMWC DWPC THTE DRCT SKNT OMEG
CFRL HGHT
774.80 4.94 0.60 -5.03 309.66 237.09 3.92 -0.20
0.00 2243.52
772.50 5.74 0.96 -5.18 310.74 247.22 10.53 -0.50
0.00 2267.81
768.30 5.74 0.90 -5.33 311.17 249.54 13.89 -0.70
0.00 2312.40
761.10 5.44 0.62 -5.65 311.53 254.80 18.51 -0.80
0.00 2389.38
750.70 4.84 0.11 -6.15 311.85 259.65 20.53 -0.70
0.00 2501.68
737.60 3.84 -0.61 -6.63 312.11 265.96 19.27 -0.50
0.00 2644.95
722.30 2.74 -1.43 -7.23 312.51 268.00 16.72 -0.30
0.00 2814.88
705.90 1.44 -2.51 -8.26 312.57 263.07 14.47 -0.10
0.00 3000.26
688.60 0.04 -3.85 -9.96 312.29 252.32 14.06 0.00
0.00 3199.52
669.80 -1.36 -5.45 -12.68 311.78 246.61 15.66 0.20
0.00 3420.63
649.40 -2.86 -7.29 -16.48 311.17 251.76 18.01 0.40
0.00 3666.31
627.50 -4.56 -9.26 -21.07 310.71 260.89 20.86 0.60
0.00 3937.10
604.20 -6.46 -11.18 -25.35 310.80 267.14 23.33 0.90
0.00 4233.70
579.20 -8.86 -13.27 -28.72 311.12 270.86 25.84 1.10
0.00 4562.24
552.60 -11.46 -15.50 -32.14 311.72 273.05 29.18 1.40
0.00 4924.27
523.80 -14.46 -18.07 -36.28 312.41 273.90 34.27 1.50
0.00 5332.02
493.00 -17.86 -21.07 -42.72 313.15 271.70 39.26 1.60
0.00 5787.96
462.30 -21.56 -24.28 -49.58 314.00 267.34 41.80 1.50
0.00 6264.98
433.70 -25.26 -27.39 -49.21 315.12 263.60 43.59 1.30
0.00 6731.84
407.00 -28.76 -30.42 -49.77 316.36 262.73 47.59 1.10
0.00 7189.67
382.10 -32.06 -33.35 -50.32 317.77 263.29 53.21 0.90
0.00 7638.26
358.60 -35.56 -36.40 -47.30 319.08 264.01 59.58 0.70
0.00 8082.98
336.60 -39.36 -39.86 -47.29 319.74 264.22 63.66 0.60
40.00 8519.82
316.20 -42.96 -43.38 -51.94 320.26 264.37 65.38 0.50
52.00 8944.40
297.10 -45.46 -45.93 -62.16 322.20 265.25 68.03 0.40
0.00 9361.96
279.40 -47.86 -48.23 -62.63 324.44 264.44 72.20 0.30
0.00 9769.19
263.00 -49.16 -49.50 -63.09 328.20 260.21 83.39 0.10
0.00 10166.95
247.40 -49.36 -49.74 -66.55 333.64 260.23 99.53 0.00
0.00 10567.70
233.00 -49.76 -50.17 -71.87 338.75 260.99 110.33 -0.10
0.00 10960.18
219.40 -50.96 -51.34 -72.28 342.77 262.71 111.81 -0.10
0.00 11352.39
205.60 -52.76 -53.08 -72.72 346.36 262.27 109.77 -0.20
0.00 11773.19
191.70 -54.46 -54.74 -73.19 350.64 262.36 108.18 -0.30
0.00 12223.04
177.70 -55.96 -56.21 -73.70 355.86 263.73 103.19 -0.40
0.00 12706.82
163.80 -57.36 -9999.00 -9999.00 -9999.00 263.95 95.90 -0.40
0.00 13222.97
149.80 -59.26 -9999.00 -9999.00 -9999.00 264.31 88.23 -0.50
0.00 13784.83
135.80 -61.16 -9999.00 -9999.00 -9999.00 267.19 79.35 -0.50
0.00 14396.41
121.90 -62.86 -9999.00 -9999.00 -9999.00 269.68 69.74 -0.40
0.00 15063.78
107.90 -64.26 -9999.00 -9999.00 -9999.00 271.08 61.60 -0.30
0.00 15812.22
94.00 -64.96 -9999.00 -9999.00 -9999.00 276.04 53.52 -0.10
0.00 16654.06
81.00 -63.46 -9999.00 -9999.00 -9999.00 282.67 41.61 0.10
0.00 17564.39
70.60 -61.36 -9999.00 -9999.00 -9999.00 277.82 29.99 0.10
0.00 18412.09
62.20 -60.96 -9999.00 -9999.00 -9999.00 267.59 18.47 0.00
0.00 19198.14
54.30 -62.56 -9999.00 -9999.00 -9999.00 260.18 20.49 0.00
0.00 20038.61
46.90 -59.56 -9999.00 -9999.00 -9999.00 252.06 21.45 0.00
0.00 20948.15
40.10 -55.26 -9999.00 -9999.00 -9999.00 253.64 22.07 0.00
0.00 21937.34
33.80 -54.46 -9999.00 -9999.00 -9999.00 259.48 13.83 0.00
0.00 23029.43
27.80 -56.96 -9999.00 -9999.00 -9999.00 237.59 14.49 0.00
0.00 24273.27
22.30 -56.26 -9999.00 -9999.00 -9999.00 256.79 22.94 0.00
0.00 25670.57
17.10 -51.76 -9999.00 -9999.00 -9999.00 275.88 26.55 0.00
0.00 27373.68
12.30 -47.66 -9999.00 -9999.00 -9999.00 282.53 26.86 0.00
0.00 29528.61

STID = FLG STNM = 723760 TIME = 221027/0400 
SLAT = 35.23 SLON = -111.82 SELV = 2233.0
STIM = 16

SHOW = -9999.00 LIFT = 4.73 SWET = -9999.00 KINX = -9999.00
LCLP = 665.92 PWAT = 4.64 TOTL = -9999.00 CAPE = 0.00
LCLT = 265.86 CINS = 0.00 EQLV = -9999.00 LFCT = -9999.00
BRCH = 0.00

PRES TMPC TMWC DWPC THTE DRCT SKNT OMEG
CFRL HGHT
774.50 4.44 0.25 -5.30 308.94 236.31 3.50 -0.20
0.00 2242.46
772.10 5.24 0.60 -5.50 309.99 248.43 8.97 -0.40
0.00 2267.76
768.00 5.24 0.51 -5.73 310.35 252.96 12.59 -0.60
0.00 2311.23
760.80 4.94 0.17 -6.23 310.58 257.68 17.31 -0.70
0.00 2388.10
750.40 4.34 -0.35 -6.78 310.87 261.79 19.04 -0.60
0.00 2500.23
737.30 3.54 -0.93 -7.14 311.45 264.29 17.56 -0.40
0.00 2643.34
722.00 2.54 -1.73 -7.84 311.89 260.77 15.73 -0.30
0.00 2813.18
705.70 1.34 -2.80 -9.04 311.97 249.95 15.31 -0.20
0.00 2997.37
688.40 -0.06 -4.13 -10.77 311.71 242.53 16.41 0.00
0.00 3196.60
669.50 -1.46 -5.69 -13.39 311.34 242.88 17.89 0.20
0.00 3418.87
649.20 -2.96 -7.43 -16.85 310.93 251.03 19.72 0.50
0.00 3663.33
627.30 -4.76 -9.36 -20.88 310.57 259.29 21.95 0.70
0.00 3934.05
604.00 -6.76 -11.28 -24.56 310.68 264.38 23.82 1.00
0.00 4230.48
579.10 -8.96 -13.32 -28.55 311.05 266.21 26.48 1.30
0.00 4557.55
552.40 -11.46 -15.57 -33.06 311.61 267.51 31.31 1.60
0.00 4920.97
523.70 -14.26 -18.09 -39.41 312.35 267.92 37.51 1.70
0.00 5327.55
492.90 -17.66 -21.05 -47.24 313.16 267.07 41.82 1.60
0.00 5783.91
462.30 -21.36 -24.12 -49.58 314.25 266.46 43.98 1.40
0.00 6259.79
433.60 -25.16 -27.28 -48.37 315.30 268.11 47.03 1.20
0.00 6728.62
407.00 -28.86 -30.51 -49.77 316.23 270.44 50.89 0.90
0.00 7184.79
382.10 -32.56 -33.81 -51.22 317.07 270.82 54.00 0.80
0.00 7632.82
358.60 -36.36 -37.30 -53.89 317.70 269.41 56.14 0.60
0.00 8076.33
336.60 -39.96 -40.67 -57.17 318.50 267.35 58.72 0.60
0.00 8511.84
316.20 -42.86 -43.43 -59.45 320.17 265.24 63.15 0.50
0.00 8935.95
297.10 -45.66 -46.04 -56.71 322.03 264.50 68.88 0.40
0.00 9353.41
279.40 -48.96 -49.16 -54.85 323.06 264.56 73.76 0.30
0.00 9759.48
263.00 -49.96 -50.24 -60.89 327.06 261.06 83.76 0.20
0.00 10155.57
247.40 -49.46 -49.83 -66.55 333.49 259.93 102.19 0.10
0.00 10555.51
233.00 -50.36 -50.74 -71.87 337.84 261.75 108.35 0.00
0.00 10947.37
219.40 -51.36 -51.72 -72.28 342.15 261.60 106.43 -0.10
0.00 11338.70
205.60 -52.46 -52.80 -72.72 346.84 259.95 105.75 -0.10
0.00 11759.41
191.70 -53.76 -54.07 -73.19 351.76 260.41 103.83 -0.20
0.00 12210.28
177.70 -55.06 -55.34 -73.70 357.33 262.79 99.07 -0.40
0.00 12695.84
163.80 -56.36 -9999.00 -9999.00 -9999.00 265.20 92.79 -0.50
0.00 13214.26
149.80 -58.66 -9999.00 -9999.00 -9999.00 266.86 85.02 -0.60
0.00 13778.21
135.80 -61.36 -9999.00 -9999.00 -9999.00 268.71 77.72 -0.60
0.00 14390.36
121.90 -63.36 -9999.00 -9999.00 -9999.00 270.49 68.38 -0.50
0.00 15056.62
107.90 -64.06 -9999.00 -9999.00 -9999.00 271.33 58.49 -0.30
0.00 15804.53
94.00 -64.36 -9999.00 -9999.00 -9999.00 277.59 49.98 -0.10
0.00 16647.99
81.00 -64.56 -9999.00 -9999.00 -9999.00 285.09 41.05 0.10
0.00 17557.23
70.60 -62.56 -9999.00 -9999.00 -9999.00 268.16 30.32 0.10
0.00 18400.30
62.20 -61.26 -9999.00 -9999.00 -9999.00 248.70 24.59 0.10
0.00 19183.57
54.30 -60.76 -9999.00 -9999.00 -9999.00 251.72 22.92 0.00
0.00 20027.03
46.90 -58.36 -9999.00 -9999.00 -9999.00 257.17 20.12 0.00
0.00 20943.00
40.10 -56.46 -9999.00 -9999.00 -9999.00 263.09 19.37 0.00
0.00 21932.19
33.80 -56.36 -9999.00 -9999.00 -9999.00 257.77 11.93 0.00
0.00 23016.53
27.80 -57.96 -9999.00 -9999.00 -9999.00 226.35 17.44 0.00
0.00 24252.06
22.30 -56.16 -9999.00 -9999.00 -9999.00 245.70 26.44 0.00
0.00 25646.46
17.10 -51.66 -9999.00 -9999.00 -9999.00 275.71 27.33 0.00
0.00 27350.35
12.30 -47.66 -9999.00 -9999.00 -9999.00 288.70 26.65 0.00
0.00 29505.76

STID = FLG STNM = 723760 TIME = 221027/0500 
SLAT = 35.23 SLON = -111.82 SELV = 2233.0
STIM = 17

SHOW = -9999.00 LIFT = 4.74 SWET = -9999.00 KINX = -9999.00
LCLP = 665.54 PWAT = 4.81 TOTL = -9999.00 CAPE = 0.00
LCLT = 265.38 CINS = 0.00 EQLV = -9999.00 LFCT = -9999.00
BRCH = 0.00

PRES TMPC TMWC DWPC THTE DRCT SKNT OMEG
CFRL HGHT
774.10 3.94 -0.17 -5.79 308.07 260.54 3.54 -0.10
0.00 2243.49
771.80 4.94 0.27 -6.04 309.30 261.67 8.04 -0.40
0.00 2267.72
767.70 4.84 0.11 -6.32 309.51 263.45 11.93 -0.50
0.00 2311.15
760.50 4.64 -0.16 -6.78 309.89 264.35 17.75 -0.60
0.00 2387.94
750.10 4.04 -0.62 -7.13 310.33 264.91 19.70 -0.60
0.00 2499.99
737.10 3.24 -1.20 -7.49 310.89 265.29 18.90 -0.50
0.00 2641.89
721.80 2.24 -2.00 -8.20 311.34 261.69 17.46 -0.40
0.00 2811.58
705.40 1.04 -3.09 -9.47 311.39 252.99 17.27 -0.20
0.00 2996.76
688.10 -0.16 -4.31 -11.19 311.39 246.96 18.36 -0.10
0.00 3195.91
669.30 -1.66 -5.85 -13.57 311.04 248.92 19.99 0.20
0.00 3416.96
648.90 -3.26 -7.54 -16.49 310.78 255.96 21.62 0.40
0.00 3662.49
627.10 -5.26 -9.49 -19.74 310.40 262.21 22.94 0.60
0.00 3931.70
603.80 -7.36 -11.46 -23.00 310.43 264.56 24.59 0.90
0.00 4227.64
578.90 -9.56 -13.54 -26.81 310.74 264.77 27.70 1.10
0.00 4554.10
552.30 -11.96 -15.83 -31.92 311.20 264.56 32.79 1.40
0.00 4915.51
523.60 -14.66 -18.33 -38.27 311.99 265.07 38.40 1.50
0.00 5321.48
492.80 -17.96 -21.22 -45.05 312.92 266.60 42.62 1.50
0.00 5777.32
462.20 -21.66 -24.38 -50.60 313.86 269.51 45.84 1.40
0.00 6252.73
433.60 -25.56 -27.68 -51.15 314.68 272.99 48.43 1.20
0.00 6719.33
407.00 -29.26 -30.78 -47.45 315.82 273.96 50.62 1.10
0.00 7174.75
382.00 -32.86 -33.85 -44.59 317.07 272.48 53.87 1.00
0.00 7624.01
358.60 -36.26 -36.88 -44.25 318.36 270.75 59.05 0.90
0.00 8065.54
336.60 -39.56 -39.93 -44.83 319.65 269.65 63.91 0.80
0.00 8501.55
316.20 -42.86 -43.09 -46.79 320.71 267.69 67.46 0.60
44.00 8926.06
297.10 -46.46 -46.58 -48.97 321.25 265.71 70.12 0.40
0.00 9342.82
279.40 -49.46 -49.61 -53.87 322.38 264.77 74.51 0.30
0.00 9747.74
263.00 -50.46 -50.72 -60.89 326.33 262.93 82.01 0.20
0.00 10142.94
247.40 -50.56 -50.88 -66.55 331.85 260.60 92.73 0.20
0.00 10541.45
233.00 -50.36 -50.72 -66.99 337.89 259.92 101.01 0.10
0.00 10932.35
219.40 -50.66 -51.05 -72.28 343.23 260.65 101.59 0.00
0.00 11324.30
205.60 -51.96 -52.32 -72.72 347.62 261.11 99.28 -0.10
0.00 11746.15
191.70 -53.76 -54.07 -73.19 351.76 262.05 96.89 -0.30
0.00 12197.53
177.70 -55.36 -55.63 -73.70 356.84 263.95 93.96 -0.40
0.00 12682.76
163.80 -56.76 -9999.00 -9999.00 -9999.00 266.35 88.56 -0.60
0.00 13200.34
149.80 -58.36 -9999.00 -9999.00 -9999.00 267.79 80.67 -0.60
0.00 13764.16
135.90 -60.56 -9999.00 -9999.00 -9999.00 268.46 72.09 -0.60
0.00 14373.29
121.90 -62.76 -9999.00 -9999.00 -9999.00 271.85 66.08 -0.60
0.00 15046.32
107.90 -63.86 -9999.00 -9999.00 -9999.00 277.24 58.55 -0.40
0.00 15795.66
94.00 -64.46 -9999.00 -9999.00 -9999.00 279.80 49.09 -0.10
0.00 16639.31
81.00 -64.46 -9999.00 -9999.00 -9999.00 279.60 39.61 0.10
0.00 17548.56
70.60 -62.46 -9999.00 -9999.00 -9999.00 265.26 32.94 0.20
0.00 18392.02
62.20 -60.66 -9999.00 -9999.00 -9999.00 255.59 28.88 0.10
0.00 19176.59
54.30 -59.36 -9999.00 -9999.00 -9999.00 256.63 20.16 0.00
0.00 20024.03
46.90 -57.66 -9999.00 -9999.00 -9999.00 255.96 16.82 0.00
0.00 20944.50
40.10 -55.46 -9999.00 -9999.00 -9999.00 263.81 16.22 0.00
0.00 21937.59
33.80 -56.56 -9999.00 -9999.00 -9999.00 252.41 8.35 0.00
0.00 23023.93
27.80 -59.16 -9999.00 -9999.00 -9999.00 226.37 17.17 0.00
0.00 24255.46
22.30 -57.66 -9999.00 -9999.00 -9999.00 248.11 24.49 0.00
0.00 25641.15
17.10 -52.06 -9999.00 -9999.00 -9999.00 276.84 24.46 0.00
0.00 27337.66
12.30 -48.26 -9999.00 -9999.00 -9999.00 283.15 27.33 0.00
0.00 29488.24

STID = FLG STNM = 723760 TIME = 221027/0600 
SLAT = 35.23 SLON = -111.82 SELV = 2233.0
STIM = 18

SHOW = -9999.00 LIFT = 4.79 SWET = -9999.00 KINX = -9999.00
LCLP = 664.05 PWAT = 4.78 TOTL = -9999.00 CAPE = 0.00
LCLT = 264.86 CINS = 0.00 EQLV = -9999.00 LFCT = -9999.00
BRCH = 0.00

PRES TMPC TMWC DWPC THTE DRCT SKNT OMEG
CFRL HGHT
775.70 3.74 -0.43 -6.26 307.31 234.16 4.31 -0.20
0.00 2243.46
773.40 4.84 0.09 -6.47 308.68 251.57 8.61 -0.40
0.00 2267.62
769.20 4.74 -0.02 -6.59 309.02 257.20 13.15 -0.60
0.00 2312.01
762.00 4.64 -0.13 -6.71 309.75 260.54 20.09 -0.70
0.00 2388.63
751.60 4.04 -0.51 -6.80 310.36 261.21 21.62 -0.70
0.00 2500.46
738.50 3.34 -1.10 -7.37 310.90 260.80 20.67 -0.60
0.00 2643.21
723.20 2.34 -2.04 -8.54 311.04 257.47 19.70 -0.30
0.00 2812.63
706.80 1.34 -3.15 -10.28 311.05 253.52 19.85 -0.10
0.00 2997.56
689.50 0.04 -4.45 -12.20 310.86 254.05 21.21 0.20
0.00 3196.48
670.60 -1.46 -5.92 -14.43 310.67 258.50 22.40 0.40
0.00 3418.40
650.10 -3.36 -7.68 -16.91 310.31 264.67 23.02 0.60
0.00 3664.70
628.20 -5.26 -9.48 -19.72 310.25 268.15 24.11 0.90
0.00 3934.60
604.80 -7.36 -11.47 -23.10 310.25 267.93 26.83 1.30
0.00 4231.31
579.80 -9.46 -13.54 -27.40 310.58 267.14 31.12 1.60
0.00 4558.61
553.10 -11.86 -15.81 -32.58 311.09 267.52 35.98 1.80
0.00 4920.97
524.30 -14.66 -18.29 -37.55 311.94 268.89 40.21 2.00
0.00 5327.86
493.40 -18.06 -21.16 -41.26 312.94 271.81 42.95 2.10
0.00 5784.52
462.60 -21.66 -24.08 -41.01 314.33 275.01 44.46 2.10
0.00 6262.48
433.90 -25.06 -26.76 -38.44 316.13 276.31 45.92 2.20
0.00 6730.86
407.20 -28.46 -29.74 -39.68 317.44 278.86 45.42 2.00
0.00 7188.99
382.20 -32.16 -33.32 -46.73 317.80 285.23 40.68 1.60
0.00 7639.44
358.70 -36.06 -36.89 -48.57 318.30 286.14 38.42 1.20
0.00 8083.49
336.70 -39.96 -40.46 -48.48 318.82 276.83 47.34 0.80
8.00 8519.17
316.20 -43.66 -44.03 -51.94 319.29 271.46 60.82 0.60
69.00 8944.58
297.10 -46.86 -47.18 -56.71 320.34 269.14 64.49 0.30
46.00 9360.22
279.40 -48.96 -49.26 -60.42 322.90 266.22 67.75 0.10
0.00 9765.21
263.10 -49.66 -49.97 -63.09 327.43 264.32 76.52 0.00
0.00 10159.06
247.40 -50.16 -50.50 -66.55 332.45 266.71 84.63 -0.10
0.00 10561.13
233.00 -51.46 -51.77 -66.99 336.22 267.83 87.08 -0.20
0.00 10951.41
219.40 -52.46 -52.77 -72.28 340.46 265.20 88.31 -0.30
0.00 11340.81
205.60 -53.26 -53.56 -72.72 345.58 262.09 91.78 -0.30
0.00 11759.71
191.70 -54.06 -54.36 -73.19 351.28 261.41 92.33 -0.40
0.00 12209.45
177.70 -55.46 -9999.00 -9999.00 -9999.00 263.23 89.01 -0.50
0.00 12694.24
163.80 -56.96 -9999.00 -9999.00 -9999.00 266.76 85.80 -0.50
0.00 13211.46
149.80 -58.16 -9999.00 -9999.00 -9999.00 270.99 79.08 -0.50
0.00 13775.28
135.90 -59.76 -9999.00 -9999.00 -9999.00 271.95 68.41 -0.50
0.00 14385.83
121.90 -62.06 -9999.00 -9999.00 -9999.00 271.82 61.23 -0.40
0.00 15061.25
107.90 -63.76 -9999.00 -9999.00 -9999.00 276.25 57.05 -0.20
0.00 15812.02
94.00 -63.76 -9999.00 -9999.00 -9999.00 278.16 47.88 0.00
0.00 16657.29
81.00 -63.06 -9999.00 -9999.00 -9999.00 269.42 38.46 0.20
0.00 17571.11
70.60 -60.46 -9999.00 -9999.00 -9999.00 263.48 34.21 0.20
0.00 18421.41
62.20 -58.66 -9999.00 -9999.00 -9999.00 267.49 26.63 0.00
0.00 19213.39
54.30 -59.06 -9999.00 -9999.00 -9999.00 277.33 13.71 -0.10
0.00 20065.40
46.90 -59.36 -9999.00 -9999.00 -9999.00 263.29 13.31 -0.10
0.00 20982.87
40.10 -56.46 -9999.00 -9999.00 -9999.00 253.30 16.22 0.00
0.00 21969.77
33.80 -56.86 -9999.00 -9999.00 -9999.00 211.14 10.90 0.00
0.00 23052.86
27.80 -58.66 -9999.00 -9999.00 -9999.00 224.27 21.70 0.00
0.00 24284.96
22.30 -55.76 -9999.00 -9999.00 -9999.00 247.55 25.43 0.00
0.00 25678.40
17.10 -52.06 -9999.00 -9999.00 -9999.00 286.02 20.42 0.00
0.00 27382.29
12.30 -48.96 -9999.00 -9999.00 -9999.00 297.54 25.62 0.00
0.00 29529.50

STID = FLG STNM = 723760 TIME = 221027/0700 
SLAT = 35.23 SLON = -111.82 SELV = 2233.0
STIM = 19

SHOW = -9999.00 LIFT = 3.94 SWET = -9999.00 KINX = -9999.00
LCLP = 661.95 PWAT = 5.09 TOTL = -9999.00 CAPE = 0.00
LCLT = 264.69 CINS = 0.00 EQLV = -9999.00 LFCT = -9999.00
BRCH = 0.00

PRES TMPC TMWC DWPC THTE DRCT SKNT OMEG
CFRL HGHT
774.00 3.64 -0.54 -6.42 307.30 285.95 1.42 0.00
0.00 2243.48
771.70 4.34 -0.17 -6.42 308.37 263.83 7.23 -0.30
0.00 2267.67
767.60 4.24 -0.24 -6.44 308.77 264.38 11.91 -0.60
0.00 2311.01
760.40 4.14 -0.28 -6.32 309.67 263.02 19.17 -0.90
0.00 2387.66
750.00 3.54 -0.63 -6.33 310.34 261.94 22.16 -1.10
0.00 2499.53
736.90 2.74 -1.27 -6.85 310.80 261.44 22.20 -1.20
0.00 2642.31
721.60 1.74 -2.22 -8.02 310.92 262.16 21.37 -1.20
0.00 2811.75
705.30 0.74 -3.33 -9.71 310.91 262.09 21.17 -1.20
0.00 2995.57
688.10 -0.56 -4.63 -11.56 310.72 264.94 22.03 -1.30
0.00 3193.33
669.20 -2.16 -6.17 -13.70 310.42 270.00 22.92 -1.30
0.00 3415.19
648.90 -3.96 -7.86 -15.98 310.19 274.72 23.58 -1.40
0.00 3659.00
627.10 -5.96 -9.71 -18.53 310.03 276.24 25.02 -1.40
0.00 3927.52
603.80 -8.06 -11.73 -21.72 309.99 275.67 27.53 -1.30
0.00 4222.71
578.90 -10.26 -13.88 -25.69 310.17 275.32 31.41 -1.20
0.00 4548.33
552.20 -12.76 -16.26 -30.31 310.53 275.68 35.33 -1.00
0.00 4910.11
523.60 -15.66 -18.83 -34.34 311.23 276.47 37.92 -0.60
0.00 5313.33
492.80 -19.06 -21.64 -36.02 312.35 275.94 39.45 -0.20
0.00 5767.35
462.20 -22.36 -24.35 -36.38 314.03 272.66 41.80 0.30
0.00 6241.15
433.60 -25.06 -26.85 -39.74 316.05 271.34 41.39 0.50
0.00 6707.63
406.90 -28.06 -29.79 -48.17 317.36 278.49 30.24 0.50
0.00 7166.42
382.00 -32.06 -33.28 -48.01 317.91 292.83 24.03 0.30
0.00 7615.78
358.50 -35.66 -36.53 -48.58 318.89 293.81 28.87 0.00
0.00 8060.54
336.60 -39.46 -40.17 -54.42 319.26 285.66 31.66 -0.10
0.00 8495.25
316.20 -43.36 -43.85 -56.20 319.55 284.09 46.27 0.00
9.00 8919.36
297.10 -46.26 -46.64 -58.17 321.15 292.69 48.85 0.30
0.00 9335.82
279.40 -49.06 -49.35 -60.42 322.76 295.30 47.26 0.30
0.00 9741.26
263.00 -51.36 -51.58 -60.89 325.01 289.65 49.09 0.20
0.00 10136.01
247.40 -52.66 -52.88 -63.55 328.76 275.32 56.59 0.00
0.00 10531.83
233.00 -53.16 -53.41 -66.99 333.64 269.36 69.35 0.00
0.00 10918.44
219.40 -53.16 -53.45 -72.28 339.38 266.36 79.60 0.00
0.00 11305.72
205.60 -53.56 -53.85 -72.72 345.11 264.59 82.34 0.10
0.00 11723.67
191.70 -54.56 -54.84 -73.19 350.48 263.67 82.87 0.00
0.00 12172.60
177.70 -55.86 -9999.00 -9999.00 -9999.00 265.24 84.21 0.00
0.00 12656.38
163.80 -57.56 -9999.00 -9999.00 -9999.00 266.90 82.67 0.00
0.00 13172.41
149.80 -58.86 -9999.00 -9999.00 -9999.00 269.16 79.84 0.00
0.00 13734.53
135.90 -59.56 -9999.00 -9999.00 -9999.00 272.04 70.94 -0.10
0.00 14344.37
121.90 -60.66 -9999.00 -9999.00 -9999.00 269.62 58.86 -0.10
0.00 15022.33
107.90 -62.76 -9999.00 -9999.00 -9999.00 272.36 56.57 0.00
0.00 15777.39
94.00 -62.26 -9999.00 -9999.00 -9999.00 279.88 48.70 0.00
0.00 16627.70
81.00 -61.66 -9999.00 -9999.00 -9999.00 272.54 35.00 0.10
0.00 17547.84
70.60 -61.36 -9999.00 -9999.00 -9999.00 271.03 32.44 0.00
0.00 18399.15
62.20 -59.86 -9999.00 -9999.00 -9999.00 279.87 27.21 -0.10
0.00 19187.24
54.30 -60.96 -9999.00 -9999.00 -9999.00 292.07 15.50 -0.10
0.00 20033.09
46.90 -61.66 -9999.00 -9999.00 -9999.00 264.56 16.39 0.00
0.00 20941.55
40.10 -57.26 -9999.00 -9999.00 -9999.00 240.72 23.83 0.10
0.00 21921.35
33.80 -55.96 -9999.00 -9999.00 -9999.00 218.40 20.32 0.00
0.00 23004.68
27.80 -57.86 -9999.00 -9999.00 -9999.00 231.41 23.37 0.00
0.00 24241.65
22.30 -55.36 -9999.00 -9999.00 -9999.00 262.46 26.65 0.00
0.00 25638.95
17.10 -52.86 -9999.00 -9999.00 -9999.00 294.44 21.11 0.00
0.00 27341.29
12.30 -50.16 -9999.00 -9999.00 -9999.00 296.08 20.34 0.00
0.00 29478.86

STID = FLG STNM = 723760 TIME = 221027/0800 
SLAT = 35.23 SLON = -111.82 SELV = 2233.0
STIM = 20

SHOW = -9999.00 LIFT = 4.19 SWET = -9999.00 KINX = -9999.00
LCLP = 664.90 PWAT = 5.46 TOTL = -9999.00 CAPE = 0.00
LCLT = 264.92 CINS = 0.00 EQLV = -9999.00 LFCT = -9999.00
BRCH = 0.00

PRES TMPC TMWC DWPC THTE DRCT SKNT OMEG
CFRL HGHT
774.20 3.54 -0.54 -6.25 307.28 306.87 0.97 0.00
0.00 2243.47
771.90 4.04 -0.26 -6.20 308.17 280.95 6.14 -0.20
0.00 2267.64
767.80 4.04 -0.28 -6.23 308.67 278.13 10.99 -0.40
0.00 2310.93
760.60 3.84 -0.41 -6.23 309.37 275.59 17.95 -0.60
0.00 2387.50
750.20 3.34 -0.78 -6.45 310.00 275.87 20.90 -0.70
0.00 2499.24
737.10 2.44 -1.47 -6.97 310.35 277.32 21.35 -0.70
0.00 2641.85
721.80 1.44 -2.36 -7.93 310.61 278.43 21.21 -0.60
0.00 2811.05
705.50 0.24 -3.48 -9.27 310.59 279.98 21.31 -0.50
0.00 2994.56
688.20 -1.16 -4.79 -10.87 310.42 282.80 21.91 -0.40
0.00 3193.04
669.40 -2.86 -6.34 -12.69 310.10 286.70 22.30 -0.30
0.00 3413.17
649.00 -4.66 -8.00 -14.70 309.95 288.43 22.73 -0.30
0.00 3657.52
627.20 -6.66 -9.88 -17.19 309.73 285.75 23.62 -0.20
0.00 3925.32
603.90 -8.76 -11.97 -20.45 309.57 281.82 25.60 -0.10
0.00 4219.72
579.00 -10.96 -14.19 -24.41 309.65 278.63 28.50 0.00
0.00 4544.44
552.30 -13.36 -16.52 -28.72 310.10 275.95 31.84 0.10
0.00 4905.28
523.70 -15.96 -18.79 -31.25 311.33 273.81 35.04 0.20
0.00 5307.75
492.90 -18.86 -21.14 -31.88 313.20 273.72 38.93 0.20
0.00 5761.63
462.20 -21.66 -23.76 -35.86 314.98 274.54 41.71 0.30
0.00 6237.81
433.60 -24.66 -26.69 -42.94 316.27 274.93 38.40 0.40
0.00 6705.31
407.00 -28.16 -29.85 -47.45 317.25 282.76 31.66 0.50
0.00 7162.60
382.10 -31.96 -33.13 -46.15 318.13 293.55 33.06 0.50
0.00 7611.85
358.60 -35.96 -36.80 -48.57 318.46 297.99 31.45 0.40
0.00 8056.30
336.60 -40.06 -40.58 -49.13 318.67 316.87 37.80 0.00
0.00 8492.11
316.20 -42.86 -43.36 -54.94 320.29 332.61 48.14 -0.50
0.00 8916.14
297.10 -45.46 -45.85 -56.71 322.32 337.84 52.02 -0.90
0.00 9333.79
279.40 -48.26 -48.54 -57.20 323.99 336.08 50.80 -1.00
0.00 9740.66
263.10 -50.56 -50.76 -57.69 326.23 324.93 44.62 -0.90
0.00 10134.35
247.40 -55.46 -55.52 -58.18 324.71 318.18 34.67 -0.60
0.00 10530.84
233.00 -55.36 -55.51 -64.00 330.35 275.60 49.77 -0.30
0.00 10913.06
219.40 -54.16 -54.41 -72.28 337.83 269.37 70.32 -0.20
0.00 11297.53
205.60 -54.66 -54.92 -72.72 343.38 266.41 77.66 0.00
0.00 11713.48
191.70 -55.86 -56.10 -73.19 348.39 264.91 78.79 0.10
0.00 12159.95
177.70 -56.56 -56.79 -73.70 354.88 265.14 77.97 0.20
0.00 12641.51
163.80 -57.26 -9999.00 -9999.00 -9999.00 264.55 79.82 0.20
0.00 13157.07
149.80 -57.96 -9999.00 -9999.00 -9999.00 265.51 76.96 0.20
0.00 13720.76
135.80 -58.86 -9999.00 -9999.00 -9999.00 271.09 71.70 0.20
0.00 14337.50
121.90 -59.76 -9999.00 -9999.00 -9999.00 275.84 61.11 0.10
0.00 15013.40
107.90 -61.26 -9999.00 -9999.00 -9999.00 272.44 50.16 0.10
0.00 15772.74
94.00 -62.26 -9999.00 -9999.00 -9999.00 282.71 46.79 0.10
0.00 16626.08
81.00 -60.86 -9999.00 -9999.00 -9999.00 280.12 27.62 0.00
0.00 17547.97
70.60 -62.36 -9999.00 -9999.00 -9999.00 270.00 26.42 0.00
0.00 18398.87
62.20 -61.86 -9999.00 -9999.00 -9999.00 280.34 24.88 -0.10
0.00 19181.40
54.30 -62.26 -9999.00 -9999.00 -9999.00 283.61 18.98 0.00
0.00 20020.69
46.90 -60.86 -9999.00 -9999.00 -9999.00 248.67 21.89 0.00
0.00 20928.08
40.10 -55.56 -9999.00 -9999.00 -9999.00 235.57 29.20 0.00
0.00 21913.61
33.80 -54.76 -9999.00 -9999.00 -9999.00 228.87 20.38 0.00
0.00 23004.20
27.80 -57.66 -9999.00 -9999.00 -9999.00 246.80 20.71 0.00
0.00 24245.17
22.30 -57.06 -9999.00 -9999.00 -9999.00 273.90 25.70 0.00
0.00 25637.63
17.10 -52.86 -9999.00 -9999.00 -9999.00 286.96 16.65 0.00
0.00 27333.36
12.30 -50.16 -9999.00 -9999.00 -9999.00 290.39 16.16 0.00
0.00 29470.93

STID = FLG STNM = 723760 TIME = 221027/0900 
SLAT = 35.23 SLON = -111.82 SELV = 2233.0
STIM = 21

SHOW = -9999.00 LIFT = 4.80 SWET = -9999.00 KINX = -9999.00
LCLP = 668.55 PWAT = 5.32 TOTL = -9999.00 CAPE = 0.00
LCLT = 265.11 CINS = 0.00 EQLV = -9999.00 LFCT = -9999.00
BRCH = 0.00

PRES TMPC TMWC DWPC THTE DRCT SKNT OMEG
CFRL HGHT
774.50 3.34 -0.60 -6.12 307.11 180.00 0.19 0.00
0.00 2243.46
772.30 3.94 -0.30 -6.15 308.04 286.70 6.08 -0.20
0.00 2266.55
768.10 3.94 -0.33 -6.23 308.52 284.53 10.84 -0.30
0.00 2310.87
760.90 3.84 -0.45 -6.35 309.24 283.28 17.75 -0.50
0.00 2387.39
750.50 3.34 -0.84 -6.65 309.82 283.52 20.78 -0.50
0.00 2499.08
737.40 2.54 -1.53 -7.35 310.16 285.44 21.15 -0.50
0.00 2641.65
722.10 1.44 -2.52 -8.47 310.21 286.95 21.33 -0.40
0.00 2810.81
705.80 0.14 -3.68 -9.75 310.13 289.09 21.39 -0.30
0.00 2994.19
688.50 -1.36 -4.96 -11.08 310.02 290.92 21.21 -0.20
0.00 3192.46
669.60 -3.16 -6.49 -12.57 309.79 290.92 21.21 -0.10
0.00 3413.48
649.30 -4.96 -8.13 -14.50 309.66 287.78 21.62 0.00
0.00 3656.27
627.40 -6.86 -10.03 -17.26 309.44 283.68 23.00 0.00
0.00 3924.95
604.10 -8.76 -12.07 -21.02 309.35 280.46 25.68 0.10
0.00 4219.13
579.20 -10.76 -14.14 -25.03 309.69 277.65 29.20 0.20
0.00 4543.86
552.50 -13.06 -16.20 -27.77 310.62 275.74 33.00 0.20
0.00 4904.92
523.80 -15.76 -18.55 -30.31 311.72 276.78 36.19 0.10
0.00 5309.09
493.00 -18.36 -21.16 -36.88 313.07 280.58 39.12 0.10
0.00 5763.48
462.30 -20.86 -23.67 -47.03 314.99 281.74 41.06 0.20
0.00 6240.71
433.70 -24.26 -26.45 -45.00 316.61 278.33 38.87 0.50
0.00 6709.18
407.10 -28.76 -30.16 -42.63 316.78 279.65 38.23 0.50
0.00 7166.19
382.10 -33.36 -34.19 -42.81 316.54 291.50 41.34 0.20
0.00 7615.35
358.60 -37.16 -37.74 -45.16 317.07 309.02 43.51 -0.20
0.00 8057.41
336.70 -40.06 -40.62 -50.58 318.57 327.06 49.30 -0.50
0.00 8490.07
316.20 -42.56 -43.00 -51.94 320.82 341.44 57.38 -0.50
0.00 8916.39
297.10 -45.56 -45.83 -51.66 322.37 342.98 57.09 -0.50
0.00 9334.23
279.40 -47.96 -48.18 -53.87 324.54 333.33 47.61 -0.40
0.00 9741.30
263.10 -50.86 -51.03 -56.44 325.83 307.48 36.71 -0.30
0.00 10134.99
247.40 -54.56 -54.65 -58.18 326.05 294.62 35.90 -0.10
0.00 10532.02
233.00 -57.46 -57.51 -60.09 327.24 288.17 39.86 0.00
0.00 10913.19
219.40 -54.26 -54.49 -67.42 337.73 275.16 58.31 0.10
0.00 11295.72
205.60 -54.56 -54.82 -72.72 343.54 270.99 67.62 0.20
0.00 11711.68
191.70 -55.76 -56.00 -73.19 348.55 271.50 66.84 0.20
0.00 12158.35
177.70 -56.36 -56.60 -73.70 355.20 264.58 72.01 0.20
0.00 12640.25
163.80 -56.66 -9999.00 -9999.00 -9999.00 266.11 80.23 0.20
0.00 13156.75
149.80 -57.06 -9999.00 -9999.00 -9999.00 269.15 78.28 0.20
0.00 13722.41
135.90 -58.56 -9999.00 -9999.00 -9999.00 275.56 72.20 0.10
0.00 14336.23
121.90 -60.16 -9999.00 -9999.00 -9999.00 280.63 61.07 0.10
0.00 15016.59
107.90 -60.66 -9999.00 -9999.00 -9999.00 280.72 48.04 0.10
0.00 15776.28
94.00 -61.56 -9999.00 -9999.00 -9999.00 278.05 41.59 0.00
0.00 16632.25
81.00 -61.06 -9999.00 -9999.00 -9999.00 279.54 23.45 0.00
0.00 17555.22
70.60 -63.26 -9999.00 -9999.00 -9999.00 259.08 22.55 0.00
0.00 18403.91
62.20 -62.86 -9999.00 -9999.00 -9999.00 277.18 24.86 0.00
0.00 19182.92
54.30 -61.96 -9999.00 -9999.00 -9999.00 281.96 23.43 0.00
0.00 20020.81
46.90 -60.06 -9999.00 -9999.00 -9999.00 248.54 24.42 0.00
0.00 20930.56
40.10 -56.26 -9999.00 -9999.00 -9999.00 238.63 27.99 0.00
0.00 21916.32
33.80 -55.56 -9999.00 -9999.00 -9999.00 231.34 18.65 0.00
0.00 23003.16
27.80 -57.86 -9999.00 -9999.00 -9999.00 246.67 21.58 0.00
0.00 24241.27
22.30 -55.56 -9999.00 -9999.00 -9999.00 266.96 25.68 0.00
0.00 25637.93
17.10 -51.26 -9999.00 -9999.00 -9999.00 287.53 11.62 0.00
0.00 27345.70
12.30 -50.66 -9999.00 -9999.00 -9999.00 269.31 16.12 0.00
0.00 29488.57
STN YYMMDD/HHMM PMSL PRES SKTC STC1 SNFL WTNS
P01M C01M STC2 LCLD MCLD HCLD
SNRA UWND VWND R01M BFGR T2MS
Q2MS WXTS WXTP WXTZ WXTR USTM
VSTM HLCY SLLH WSYM CDBP VSBK
TD2M
723760 221026/1200 1009.20 776.20 -4.56 268.60 -9999.00 9.00
-9999.00 -9999.00 269.30 0.00 0.00 0.00
-9999.00 0.20 -0.40 -9999.00 -9999.00 -0.56
3.02 0.00 0.00 0.00 0.00 19.20
-6.80 95.20 -9999.00 999.00 -9999.00 20.00
-6.59
723760 221026/1300 1010.50 777.30 -4.36 268.80 0.00 9.00
0.00 0.00 269.60 0.00 0.00 0.00
-9999.00 0.60 -0.80 -9999.00 -9999.00 -0.36
2.99 0.00 0.00 0.00 0.00 20.70
-7.60 51.20 0.00 999.00 -9999.00 20.00
-6.71
723760 221026/1400 1010.30 777.10 -4.16 269.00 0.00 9.00
0.00 0.00 269.70 0.00 0.00 0.00
-9999.00 1.00 -0.70 -9999.00 -9999.00 -0.36
2.93 0.00 0.00 0.00 0.00 20.70
-8.10 36.90 0.00 999.00 -9999.00 20.00
-6.97
723760 221026/1500 1010.00 776.90 0.94 274.10 0.00 10.00
0.00 0.00 273.30 0.00 0.00 0.00
-9999.00 0.70 0.40 -9999.00 -9999.00 1.64
2.94 0.00 0.00 0.00 0.00 18.80
-9.20 41.60 0.00 999.00 -9999.00 20.00
-6.93
723760 221026/1600 1009.00 777.00 8.24 281.40 0.00 10.00
0.00 0.00 279.90 0.00 0.00 0.00
-9999.00 2.50 1.80 -9999.00 -9999.00 5.84
2.94 0.00 0.00 0.00 0.00 16.10
-9.90 87.70 0.01 999.00 -9999.00 20.00
-6.93
723760 221026/1700 1008.10 776.90 12.54 285.70 0.00 9.00
0.00 0.00 284.10 0.00 14.00 0.00
-9999.00 4.00 2.00 -9999.00 -9999.00 8.04
2.96 0.00 0.00 0.00 0.00 14.60
-9.90 89.70 0.00 999.00 -9999.00 20.00
-6.84
723760 221026/1800 1007.70 777.10 15.54 288.70 0.00 8.00
0.00 0.00 287.10 0.00 21.00 0.00
-9999.00 5.50 2.20 -9999.00 -9999.00 9.74
3.02 0.00 0.00 0.00 0.00 13.80
-9.20 70.40 0.00 999.00 -9999.00 20.00
-6.58
723760 221026/1900 1005.80 775.90 17.14 290.30 0.00 8.00
0.00 0.00 288.90 0.00 100.00 0.00
-9999.00 6.40 1.70 -9999.00 -9999.00 10.74
3.15 0.00 0.00 0.00 0.00 13.70
-8.40 31.70 0.00 999.00 -9999.00 20.00
-6.05
723760 221026/2000 1005.40 775.80 17.34 290.50 0.00 7.00
0.00 0.00 289.40 0.00 100.00 0.00
-9999.00 6.50 1.60 -9999.00 -9999.00 11.14
3.32 0.00 0.00 0.00 0.00 14.00
-7.80 18.60 0.00 999.00 -9999.00 20.00
-5.37
723760 221026/2100 1005.30 775.80 17.44 290.60 0.00 7.00
0.00 0.00 289.70 0.00 100.00 0.00
-9999.00 6.00 2.60 -9999.00 -9999.00 11.54
3.16 0.00 0.00 0.00 0.00 14.40
-7.00 32.90 0.00 999.00 -9999.00 20.00
-6.01
723760 221026/2200 1005.20 775.80 15.94 289.10 0.00 7.00
0.00 0.00 288.60 0.00 100.00 0.00
-9999.00 5.90 3.00 -9999.00 -9999.00 11.44
3.01 0.00 0.00 0.00 0.00 14.30
-6.50 37.10 0.00 999.00 -9999.00 20.00
-6.64
723760 221026/2300 1004.80 775.40 13.34 286.50 0.00 7.00
0.00 0.00 286.60 0.00 100.00 0.00
-9999.00 5.70 3.10 -9999.00 -9999.00 10.94
3.11 0.00 0.00 0.00 0.00 13.80
-5.90 43.60 0.00 999.00 -9999.00 20.00
-6.23
723760 221027/0000 1004.70 775.10 9.74 282.90 0.00 7.00
0.00 0.00 283.50 0.00 100.00 0.00
-9999.00 5.10 2.30 -9999.00 -9999.00 9.64
3.21 0.00 0.00 0.00 0.00 14.10
-5.90 52.00 0.00 999.00 -9999.00 20.00
-5.82
723760 221027/0100 1006.10 775.60 6.44 279.60 0.00 7.00
0.00 0.00 280.40 0.00 100.00 0.00
-9999.00 3.60 1.20 -9999.00 -9999.00 6.94
3.29 0.00 0.00 0.00 0.00 15.30
-6.40 42.60 0.00 999.00 -9999.00 20.00
-5.49
723760 221027/0200 1007.30 775.90 4.64 277.80 0.00 7.00
0.00 0.00 278.60 0.00 100.00 0.00
-9999.00 3.10 0.90 -9999.00 -9999.00 5.14
3.39 0.00 0.00 0.00 0.00 16.30
-6.60 52.50 0.00 999.00 -9999.00 20.00
-5.09
723760 221027/0300 1007.60 775.80 2.84 276.00 0.00 7.00
0.00 0.00 276.90 0.00 52.00 0.00
-9999.00 2.50 0.90 -9999.00 -9999.00 3.64
3.42 0.00 0.00 0.00 0.00 16.40
-6.20 67.10 0.00 999.00 -9999.00 20.00
-4.98
723760 221027/0400 1007.40 775.40 1.14 274.30 0.00 7.00
0.00 0.00 275.20 0.00 0.00 0.00
-9999.00 2.40 0.60 -9999.00 -9999.00 2.54
3.36 0.00 0.00 0.00 0.00 16.10
-6.10 47.70 0.00 999.00 -9999.00 20.00
-5.22
723760 221027/0500 1007.20 775.10 -0.06 273.10 0.00 7.00
0.00 0.00 273.90 0.00 44.00 0.00
-9999.00 2.70 -0.40 -9999.00 -9999.00 1.74
3.24 0.00 0.00 0.00 0.00 16.70
-6.50 16.50 0.00 999.00 -9999.00 20.00
-5.70
723760 221027/0600 1009.40 776.70 -0.66 272.50 0.00 8.00
0.00 0.00 273.10 0.00 69.00 0.00
-9999.00 2.80 0.60 -9999.00 -9999.00 1.34
3.12 0.00 0.00 0.00 0.00 12.10
-6.40 33.60 0.00 999.00 -9999.00 20.00
-6.16
723760 221027/0700 1007.10 775.00 -1.76 271.40 0.00 8.00
0.00 0.00 272.00 0.00 9.00 0.00
-9999.00 1.10 -1.40 -9999.00 -9999.00 0.94
3.08 0.00 0.00 0.00 0.00 8.50
-4.90 31.50 0.00 999.00 -9999.00 20.00
-6.36
723760 221027/0800 1007.40 775.20 -3.56 269.60 0.00 8.00
0.00 0.00 270.30 0.00 0.00 0.00
-9999.00 0.70 -1.10 -9999.00 -9999.00 0.34
3.12 0.00 0.00 0.00 0.00 8.80
-7.40 -20.80 0.00 999.00 -9999.00 20.00
-6.19
723760 221027/0900 1008.00 775.50 -4.56 268.60 0.00 8.00
0.00 0.00 269.30 0.00 0.00 0.00
-9999.00 0.60 -1.00 -9999.00 -9999.00 0.14
3.14 0.00 0.00 0.00 0.00 9.10
-8.20 -26.30 0.00 999.00 -9999.00 20.00
-6.10


