
SNPARM = PRES;TMPC;TMWC;DWPC;THTE;DRCT;SKNT;OMEG;CFRL;HGHT 
STNPRM = SHOW;LIFT;SWET;KINX;LCLP;PWAT;TOTL;CAPE;LCLT;CINS;EQLV;LFCT;BRCH 

STID = KABQ STNM = 723650 TIME = 221026/1200 
SLAT = 35.05 SLON = -106.62 SELV = 1639.0
STIM = 0

SHOW = -9999.00 LIFT = 9.17 SWET = -9999.00 KINX = -9999.00
LCLP = 720.47 PWAT = 8.41 TOTL = -9999.00 CAPE = 0.00
LCLT = 267.68 CINS = 0.00 EQLV = -9999.00 LFCT = -9999.00
BRCH = 0.00

PRES TMPC TMWC DWPC THTE DRCT SKNT OMEG
CFRL HGHT
833.80 5.94 1.80 -3.52 304.69 200.56 1.65 0.20
0.00 1649.79
831.30 6.34 1.96 -3.63 305.34 164.74 2.21 0.20
0.00 1674.40
826.90 6.64 2.09 -3.67 306.16 154.65 4.08 0.10
0.00 1717.93
819.10 6.84 2.18 -3.64 307.34 164.05 5.65 -0.10
0.00 1795.74
807.80 6.54 1.97 -3.71 308.33 171.12 6.29 -0.20
0.00 1909.78
793.40 6.74 1.80 -4.40 309.80 167.47 3.57 -0.20
0.00 2057.41
776.50 6.44 1.36 -5.11 311.07 168.69 2.97 -0.10
0.00 2234.08
758.30 5.44 0.69 -5.39 312.09 190.62 3.17 0.00
0.00 2428.24
738.90 4.24 -0.20 -6.04 312.83 245.56 4.70 0.00
0.00 2639.55
717.50 2.94 -1.46 -7.62 313.12 267.56 9.13 0.00
0.00 2878.08
694.30 1.54 -2.95 -9.81 313.30 275.33 14.63 -0.10
0.00 3143.49
669.20 -0.16 -4.48 -11.59 313.86 275.71 19.52 -0.20
0.00 3439.08
642.20 -2.46 -6.25 -12.91 314.45 269.53 23.89 -0.30
0.00 3767.24
613.20 -5.06 -8.56 -15.52 314.50 262.62 27.23 -0.40
0.00 4132.06
582.20 -7.26 -11.07 -20.42 314.77 259.36 29.45 -0.60
0.00 4537.88
549.00 -9.36 -13.55 -26.81 315.86 256.59 34.34 -0.70
0.00 4993.35
513.50 -11.86 -15.91 -31.26 318.12 254.09 41.80 -0.80
0.00 5507.28
478.50 -15.46 -18.84 -33.62 319.85 254.18 48.45 -0.70
0.00 6043.65
446.30 -18.96 -21.80 -36.47 321.53 254.84 52.72 -0.60
0.00 6565.70
416.70 -22.56 -24.94 -40.12 322.89 256.72 53.28 -0.50
0.00 7072.79
389.40 -26.36 -28.21 -42.23 324.06 258.28 53.55 -0.40
0.00 7566.12
364.00 -30.26 -31.61 -43.68 325.07 257.58 56.90 -0.30
0.00 8049.61
340.50 -33.96 -34.96 -45.64 326.17 255.70 62.14 -0.30
0.00 8520.55
318.90 -37.46 -38.13 -46.23 327.47 254.15 66.84 -0.20
0.00 8976.10
298.90 -40.66 -41.13 -47.81 328.98 253.89 72.79 -0.20
0.00 9419.95
280.60 -43.06 -43.52 -52.15 331.28 256.43 81.14 -0.10
0.00 9847.72
263.70 -44.26 -44.87 -63.07 335.12 259.62 84.13 -0.10
0.00 10265.02
247.80 -46.16 -46.71 -66.54 338.25 260.94 82.61 0.00
0.00 10679.96
233.10 -48.66 -49.10 -66.98 340.42 260.60 82.11 0.00
0.00 11084.06
219.50 -50.76 -51.15 -72.27 343.04 259.74 82.91 0.10
0.00 11477.24
205.60 -52.86 -53.18 -72.72 346.21 259.33 85.00 0.10
0.00 11901.09
191.70 -54.86 -55.13 -73.19 349.99 260.28 85.14 0.10
0.00 12350.43
177.70 -57.26 -57.47 -73.70 353.73 261.42 83.29 0.20
0.00 12832.33
163.80 -60.16 -9999.00 -9999.00 -9999.00 264.26 81.60 0.20
0.00 13343.59
149.80 -63.26 -9999.00 -9999.00 -9999.00 267.20 79.55 0.20
0.00 13896.56
135.90 -65.76 -9999.00 -9999.00 -9999.00 263.91 75.02 0.20
0.00 14491.29
121.90 -67.36 -9999.00 -9999.00 -9999.00 259.36 68.40 0.20
0.00 15148.73
107.90 -67.46 -9999.00 -9999.00 -9999.00 264.64 62.43 0.10
0.00 15883.42
94.00 -66.16 -9999.00 -9999.00 -9999.00 266.44 46.91 0.00
0.00 16716.38
81.00 -65.16 -9999.00 -9999.00 -9999.00 257.20 35.06 -0.10
0.00 17620.40
70.60 -64.56 -9999.00 -9999.00 -9999.00 248.88 27.49 0.00
0.00 18458.24
62.20 -63.06 -9999.00 -9999.00 -9999.00 255.40 23.89 0.00
0.00 19234.46
54.30 -59.86 -9999.00 -9999.00 -9999.00 254.29 19.37 0.00
0.00 20076.13
46.90 -58.66 -9999.00 -9999.00 -9999.00 237.36 14.76 0.00
0.00 20993.39
40.10 -58.46 -9999.00 -9999.00 -9999.00 238.44 15.97 0.00
0.00 21977.31
33.80 -56.66 -9999.00 -9999.00 -9999.00 226.17 13.46 0.00
0.00 23055.89
27.80 -55.36 -9999.00 -9999.00 -9999.00 238.34 13.69 0.00
0.00 24298.01
22.30 -54.06 -9999.00 -9999.00 -9999.00 282.91 19.13 0.00
0.00 25707.57
17.10 -54.86 -9999.00 -9999.00 -9999.00 303.69 18.20 0.00
0.00 27407.18
12.30 -50.66 -9999.00 -9999.00 -9999.00 276.15 25.41 0.00
0.00 29532.69

STID = KABQ STNM = 723650 TIME = 221026/1300 
SLAT = 35.05 SLON = -106.62 SELV = 1639.0
STIM = 1

SHOW = -9999.00 LIFT = 8.54 SWET = -9999.00 KINX = -9999.00
LCLP = 718.75 PWAT = 8.63 TOTL = -9999.00 CAPE = 0.00
LCLT = 267.65 CINS = 0.00 EQLV = -9999.00 LFCT = -9999.00
BRCH = 0.00

PRES TMPC TMWC DWPC THTE DRCT SKNT OMEG
CFRL HGHT
834.20 6.14 1.91 -3.51 304.87 214.99 2.37 0.30
0.00 1649.80
831.80 6.54 2.07 -3.62 305.51 170.54 2.37 0.20
0.00 1673.42
827.30 6.54 2.02 -3.73 305.96 154.54 4.53 0.10
0.00 1717.92
819.50 6.34 1.93 -3.63 306.75 170.22 5.71 -0.10
0.00 1795.62
808.20 6.04 1.79 -3.49 307.90 185.04 6.62 -0.30
0.00 1909.40
793.80 6.44 1.69 -4.25 309.53 196.93 4.66 -0.20
0.00 2056.75
776.90 6.44 1.42 -4.91 311.17 201.80 4.18 -0.10
0.00 2233.24
758.70 5.54 0.72 -5.46 312.10 223.03 3.98 0.10
0.00 2427.33
739.30 4.44 -0.29 -6.64 312.56 258.31 5.75 0.10
0.00 2638.63
717.90 3.14 -1.54 -8.22 312.88 273.37 9.93 0.10
0.00 2877.18
694.60 1.54 -2.88 -9.57 313.41 278.57 14.34 0.00
0.00 3143.69
669.50 -0.46 -4.38 -10.61 314.06 275.53 18.14 -0.20
0.00 3439.02
642.50 -2.86 -6.28 -12.15 314.36 266.96 21.99 -0.30
0.00 3766.63
613.50 -5.36 -8.63 -15.07 314.32 262.18 25.68 -0.50
0.00 4130.83
582.50 -7.56 -11.21 -20.15 314.47 260.93 28.32 -0.70
0.00 4536.01
549.10 -9.86 -13.84 -26.40 315.34 258.89 33.26 -0.90
0.00 4993.37
513.70 -12.66 -16.44 -31.07 317.14 255.69 39.30 -1.00
0.00 5504.45
478.60 -16.06 -19.31 -34.06 319.01 254.15 46.23 -1.00
0.00 6040.74
446.40 -19.26 -22.04 -36.73 321.09 254.29 51.65 -0.90
0.00 6561.75
416.80 -22.76 -24.94 -37.68 322.90 255.71 53.52 -0.80
0.00 7068.23
389.40 -26.66 -28.18 -38.08 324.14 256.79 55.26 -0.70
0.00 7562.84
364.00 -30.56 -31.63 -39.84 325.08 256.37 59.36 -0.60
0.00 8045.78
340.50 -34.36 -35.13 -42.39 325.92 254.88 64.78 -0.60
0.00 8516.06
318.90 -38.06 -38.57 -44.49 326.79 254.19 69.85 -0.50
0.00 8970.67
298.90 -41.56 -41.95 -47.81 327.71 254.90 76.05 -0.40
0.00 9413.10
280.60 -43.96 -44.38 -52.95 329.94 257.09 81.70 -0.30
0.00 9839.21
263.70 -45.16 -45.69 -60.87 333.85 259.19 82.87 -0.20
0.00 10254.87
247.80 -46.66 -47.15 -63.54 337.55 260.69 82.87 -0.10
0.00 10668.54
233.10 -48.86 -49.26 -64.00 340.17 260.52 83.70 0.00
0.00 11072.01
219.50 -50.86 -51.22 -67.42 342.93 260.00 85.00 0.00
0.00 11464.93
205.60 -53.06 -53.35 -67.89 345.94 260.37 87.08 0.10
0.00 11888.50
191.70 -55.06 -55.32 -73.19 349.67 261.42 87.22 0.20
0.00 12337.43
177.70 -57.26 -57.47 -73.70 353.73 262.15 85.30 0.20
0.00 12819.10
163.80 -60.26 -9999.00 -9999.00 -9999.00 263.16 83.14 0.20
0.00 13330.25
149.80 -63.26 -9999.00 -9999.00 -9999.00 264.63 80.96 0.30
0.00 13883.08
135.90 -65.66 -9999.00 -9999.00 -9999.00 262.84 76.36 0.30
0.00 14477.96
121.90 -67.06 -9999.00 -9999.00 -9999.00 260.72 69.87 0.20
0.00 15136.03
107.90 -67.16 -9999.00 -9999.00 -9999.00 265.50 61.97 0.10
0.00 15871.80
94.00 -66.36 -9999.00 -9999.00 -9999.00 268.61 48.00 0.00
0.00 16704.96
81.00 -65.66 -9999.00 -9999.00 -9999.00 259.61 35.55 0.00
0.00 17607.45
70.60 -65.46 -9999.00 -9999.00 -9999.00 249.98 28.94 0.00
0.00 18442.47
62.20 -63.46 -9999.00 -9999.00 -9999.00 251.27 23.58 0.00
0.00 19216.28
54.30 -60.56 -9999.00 -9999.00 -9999.00 254.64 18.34 0.00
0.00 20055.77
46.90 -58.76 -9999.00 -9999.00 -9999.00 232.33 13.99 0.00
0.00 20971.31
40.10 -57.96 -9999.00 -9999.00 -9999.00 234.62 16.43 0.00
0.00 21956.15
33.80 -56.06 -9999.00 -9999.00 -9999.00 226.55 15.25 0.00
0.00 23037.48
27.80 -55.36 -9999.00 -9999.00 -9999.00 246.25 15.91 0.00
0.00 24281.31
22.30 -55.06 -9999.00 -9999.00 -9999.00 278.31 17.46 0.00
0.00 25687.65
17.10 -55.56 -9999.00 -9999.00 -9999.00 288.22 16.16 0.00
0.00 27380.66
12.30 -50.86 -9999.00 -9999.00 -9999.00 275.92 26.36 0.00
0.00 29501.83

STID = KABQ STNM = 723650 TIME = 221026/1400 
SLAT = 35.05 SLON = -106.62 SELV = 1639.0
STIM = 2

SHOW = -9999.00 LIFT = 8.16 SWET = -9999.00 KINX = -9999.00
LCLP = 719.38 PWAT = 8.73 TOTL = -9999.00 CAPE = 0.00
LCLT = 267.66 CINS = 0.00 EQLV = -9999.00 LFCT = -9999.00
BRCH = 0.00

PRES TMPC TMWC DWPC THTE DRCT SKNT OMEG
CFRL HGHT
834.80 6.14 1.91 -3.50 304.81 186.34 1.77 0.30
0.00 1648.81
832.30 6.44 2.02 -3.62 305.34 143.13 2.91 0.30
0.00 1673.39
827.80 6.44 1.97 -3.73 305.79 143.62 4.58 0.20
0.00 1717.86
820.00 5.94 1.74 -3.59 306.27 157.83 5.67 0.00
0.00 1795.43
808.70 5.54 1.63 -3.23 307.49 180.00 6.41 -0.20
0.00 1908.96
794.30 6.14 1.65 -3.94 309.38 199.03 5.96 -0.20
0.00 2056.02
777.40 6.24 1.32 -4.90 310.89 215.75 5.98 -0.20
0.00 2232.24
759.20 5.54 0.60 -5.85 311.74 233.13 5.83 0.00
0.00 2426.13
739.70 4.44 -0.40 -7.01 312.24 257.01 7.77 0.00
0.00 2638.38
718.30 3.04 -1.59 -8.22 312.71 268.99 11.07 0.00
0.00 2876.75
695.00 1.34 -2.92 -9.32 313.29 273.18 14.01 -0.10
0.00 3142.97
669.90 -0.66 -4.46 -10.51 313.83 269.35 17.09 -0.10
0.00 3437.91
642.80 -2.96 -6.44 -12.52 313.99 264.02 20.51 -0.20
0.00 3766.38
613.80 -5.26 -8.81 -16.10 313.90 264.64 24.98 -0.40
0.00 4130.38
582.70 -7.56 -11.34 -20.86 314.18 265.66 28.24 -0.50
0.00 4536.74
549.40 -10.06 -13.82 -25.23 315.36 264.22 32.81 -0.60
0.00 4992.36
513.90 -13.26 -16.62 -28.70 316.85 259.15 38.17 -0.70
0.00 5503.90
478.80 -16.56 -19.51 -32.18 318.67 255.37 45.38 -0.70
0.00 6038.87
446.50 -19.66 -22.19 -34.76 320.85 255.18 51.63 -0.70
0.00 6560.43
416.90 -23.16 -25.07 -35.45 322.68 256.69 55.69 -0.60
0.00 7066.02
389.50 -26.96 -28.30 -36.59 323.94 257.70 59.25 -0.50
0.00 7559.83
364.10 -30.96 -31.86 -38.47 324.70 256.70 62.47 -0.40
0.00 8041.97
340.60 -34.96 -35.56 -41.08 325.22 255.39 66.24 -0.30
0.00 8511.15
318.90 -38.76 -39.27 -45.77 325.70 254.81 70.45 -0.20
0.00 8966.55
298.90 -41.76 -42.33 -53.31 327.11 255.78 73.54 -0.10
0.00 9408.11
280.60 -43.96 -44.51 -58.63 329.74 256.97 77.56 0.00
0.00 9834.01
263.70 -45.16 -45.66 -59.12 333.89 258.10 81.99 0.10
0.00 10249.67
247.80 -46.46 -46.92 -59.61 337.94 259.43 85.76 0.10
0.00 10663.53
233.10 -48.26 -48.67 -61.82 341.12 260.64 88.40 0.10
0.00 11067.72
219.50 -50.36 -50.71 -64.45 343.74 261.17 89.84 0.10
0.00 11461.61
205.60 -52.86 -53.16 -67.89 346.25 261.59 90.33 0.20
0.00 11885.85
191.70 -55.26 -55.49 -68.39 349.40 261.85 89.08 0.20
0.00 12334.78
177.70 -57.66 -57.86 -73.70 353.07 261.67 85.80 0.20
0.00 12815.79
163.80 -60.46 -9999.00 -9999.00 -9999.00 261.22 82.75 0.20
0.00 13326.22
149.80 -62.96 -9999.00 -9999.00 -9999.00 260.95 80.24 0.20
0.00 13879.19
135.90 -65.06 -9999.00 -9999.00 -9999.00 259.64 75.62 0.20
0.00 14475.34
121.90 -66.46 -9999.00 -9999.00 -9999.00 260.72 68.69 0.10
0.00 15135.33
107.90 -66.76 -9999.00 -9999.00 -9999.00 267.40 59.89 0.00
0.00 15872.88
94.00 -66.66 -9999.00 -9999.00 -9999.00 270.00 46.43 -0.10
0.00 16706.24
81.00 -65.86 -9999.00 -9999.00 -9999.00 261.08 33.82 -0.10
0.00 17607.64
70.60 -65.76 -9999.00 -9999.00 -9999.00 249.68 27.97 0.00
0.00 18441.66
62.20 -63.36 -9999.00 -9999.00 -9999.00 246.43 23.31 0.00
0.00 19215.10
54.30 -60.36 -9999.00 -9999.00 -9999.00 247.65 18.90 0.00
0.00 20055.18
46.90 -58.36 -9999.00 -9999.00 -9999.00 228.88 16.24 0.00
0.00 20972.01
40.10 -56.66 -9999.00 -9999.00 -9999.00 234.90 17.56 0.00
0.00 21960.74
33.80 -54.66 -9999.00 -9999.00 -9999.00 234.54 15.73 0.00
0.00 23048.83
27.80 -54.96 -9999.00 -9999.00 -9999.00 259.88 16.57 0.00
0.00 24297.81
22.30 -55.56 -9999.00 -9999.00 -9999.00 275.65 17.75 0.00
0.00 25703.82
17.10 -55.16 -9999.00 -9999.00 -9999.00 279.04 17.31 0.00
0.00 27396.44
12.30 -50.26 -9999.00 -9999.00 -9999.00 285.36 28.61 0.00
0.00 29522.44

STID = KABQ STNM = 723650 TIME = 221026/1500 
SLAT = 35.05 SLON = -106.62 SELV = 1639.0
STIM = 3

SHOW = -9999.00 LIFT = 7.73 SWET = -9999.00 KINX = -9999.00
LCLP = 718.29 PWAT = 8.72 TOTL = -9999.00 CAPE = 0.00
LCLT = 267.94 CINS = 0.00 EQLV = -9999.00 LFCT = -9999.00
BRCH = 0.00

PRES TMPC TMWC DWPC THTE DRCT SKNT OMEG
CFRL HGHT
834.70 6.54 2.22 -3.20 305.49 173.66 1.77 0.40
0.00 1648.82
832.20 6.84 2.25 -3.54 305.85 132.71 3.44 0.40
0.00 1673.45
827.70 6.84 2.20 -3.65 306.30 139.64 5.09 0.30
0.00 1717.98
819.90 6.14 1.88 -3.48 306.59 155.10 6.00 0.10
0.00 1795.65
808.60 5.64 1.76 -3.01 307.79 171.87 6.88 -0.10
0.00 1909.26
794.20 6.14 1.65 -3.94 309.39 197.35 6.51 -0.20
0.00 2056.36
777.30 6.34 1.23 -5.34 310.68 220.03 6.33 -0.20
0.00 2232.63
759.10 5.74 0.48 -6.55 311.47 239.86 6.95 -0.10
0.00 2426.63
739.60 4.64 -0.51 -7.71 312.00 257.09 9.56 -0.10
0.00 2639.05
718.20 3.14 -1.68 -8.72 312.51 263.66 12.32 -0.10
0.00 2877.56
695.00 1.24 -3.08 -9.70 312.93 263.83 14.45 -0.20
0.00 3142.64
669.80 -0.86 -4.74 -11.11 313.25 261.20 16.51 -0.30
0.00 3438.60
642.80 -2.96 -6.72 -13.59 313.40 263.42 20.34 -0.40
0.00 3765.73
613.80 -5.16 -8.97 -17.08 313.57 268.17 24.30 -0.50
0.00 4129.76
582.70 -7.56 -11.26 -20.41 314.34 268.80 27.78 -0.60
0.00 4536.18
549.40 -10.26 -13.53 -22.49 315.93 266.90 32.28 -0.70
0.00 4991.67
513.80 -13.66 -16.47 -25.49 317.19 260.83 37.78 -0.80
0.00 5504.19
478.80 -17.06 -19.52 -29.01 318.70 257.42 44.58 -0.80
0.00 6036.83
446.50 -20.26 -22.34 -31.64 320.65 256.60 51.13 -0.70
0.00 6557.32
416.90 -23.56 -25.28 -34.39 322.34 257.54 56.70 -0.60
0.00 7061.94
389.50 -27.06 -28.45 -37.31 323.70 258.08 61.15 -0.40
0.00 7555.26
364.00 -31.06 -32.05 -39.84 324.41 258.05 64.72 -0.30
0.00 8039.14
340.60 -35.06 -35.88 -44.72 324.72 257.62 67.02 -0.20
0.00 8506.18
318.90 -38.66 -39.42 -51.87 325.46 256.68 67.46 -0.10
0.00 8961.55
298.90 -41.66 -42.28 -55.40 327.17 256.61 70.49 0.00
0.00 9403.29
280.60 -44.16 -44.64 -55.92 329.53 257.86 78.48 0.10
0.00 9829.10
263.70 -45.76 -46.23 -59.12 333.01 259.67 84.50 0.10
0.00 10244.03
247.80 -46.66 -47.15 -63.54 337.55 260.45 86.67 0.10
0.00 10657.16
233.10 -47.76 -48.25 -66.98 341.79 260.43 87.67 0.10
0.00 11061.61
219.50 -49.76 -50.17 -67.42 344.62 260.58 89.01 0.10
0.00 11456.47
205.60 -52.26 -52.60 -72.72 347.15 261.54 89.74 0.10
0.00 11881.85
191.70 -54.76 -55.03 -73.19 350.16 262.56 88.54 0.10
0.00 12331.90
177.70 -57.36 -57.57 -73.70 353.56 262.13 85.10 0.10
0.00 12813.80
163.80 -59.86 -9999.00 -9999.00 -9999.00 260.56 81.72 0.10
0.00 13325.30
149.80 -62.16 -9999.00 -9999.00 -9999.00 259.05 79.74 0.10
0.00 13880.10
135.80 -64.46 -9999.00 -9999.00 -9999.00 258.35 75.97 0.10
0.00 14482.77
121.90 -66.26 -9999.00 -9999.00 -9999.00 261.64 68.12 0.00
0.00 15139.55
107.90 -67.16 -9999.00 -9999.00 -9999.00 268.47 58.29 0.00
0.00 15876.75
94.00 -67.06 -9999.00 -9999.00 -9999.00 268.56 46.45 0.00
0.00 16708.50
81.00 -65.86 -9999.00 -9999.00 -9999.00 257.67 36.38 0.00
0.00 17609.03
70.60 -64.76 -9999.00 -9999.00 -9999.00 248.33 31.57 0.00
0.00 18445.05
62.20 -62.26 -9999.00 -9999.00 -9999.00 245.04 24.86 0.00
0.00 19222.39
54.30 -59.76 -9999.00 -9999.00 -9999.00 241.16 19.74 0.00
0.00 20065.85
46.90 -58.86 -9999.00 -9999.00 -9999.00 232.13 17.72 0.00
0.00 20982.89
40.10 -57.36 -9999.00 -9999.00 -9999.00 236.82 18.10 0.00
0.00 21968.87
33.80 -54.86 -9999.00 -9999.00 -9999.00 240.72 14.70 0.00
0.00 23054.71
27.80 -55.16 -9999.00 -9999.00 -9999.00 270.00 13.60 0.00
0.00 24302.55
22.30 -55.66 -9999.00 -9999.00 -9999.00 273.37 13.23 0.00
0.00 25707.60
17.10 -54.36 -9999.00 -9999.00 -9999.00 278.25 13.54 0.00
0.00 27402.94
12.30 -49.66 -9999.00 -9999.00 -9999.00 291.80 28.24 0.00
0.00 29535.68

STID = KABQ STNM = 723650 TIME = 221026/1600 
SLAT = 35.05 SLON = -106.62 SELV = 1639.0
STIM = 4

SHOW = -9999.00 LIFT = 7.24 SWET = -9999.00 KINX = -9999.00
LCLP = 708.29 PWAT = 8.76 TOTL = -9999.00 CAPE = 0.00
LCLT = 268.67 CINS = 0.00 EQLV = -9999.00 LFCT = -9999.00
BRCH = 0.00

PRES TMPC TMWC DWPC THTE DRCT SKNT OMEG
CFRL HGHT
834.90 8.44 3.50 -2.27 308.31 182.73 4.08 0.00
0.00 1649.88
832.40 8.04 3.22 -2.48 308.00 180.00 4.66 0.00
0.00 1674.64
827.90 7.54 2.90 -2.66 307.84 175.76 5.26 0.00
0.00 1719.32
820.10 6.64 2.35 -2.86 307.62 172.65 6.08 0.00
0.00 1797.15
808.80 5.64 1.82 -2.83 307.91 173.21 8.22 -0.10
0.00 1910.84
794.40 5.74 1.46 -3.90 308.95 197.53 7.73 -0.30
0.00 2057.80
777.50 6.04 1.01 -5.57 310.15 218.88 7.73 -0.30
0.00 2233.80
759.20 5.64 0.28 -7.06 310.99 237.85 8.02 -0.30
0.00 2428.68
739.80 4.54 -0.77 -8.43 311.38 253.30 10.14 -0.20
0.00 2639.87
718.40 3.04 -1.96 -9.53 311.85 257.28 12.35 -0.20
0.00 2878.21
695.10 1.24 -3.30 -10.49 312.43 255.58 14.04 -0.20
0.00 3144.30
670.00 -0.86 -4.98 -12.00 312.70 259.09 16.41 -0.20
0.00 3438.99
642.90 -2.86 -6.85 -14.37 313.10 268.41 20.98 -0.30
0.00 3767.28
613.90 -5.16 -8.89 -16.72 313.72 271.80 24.69 -0.40
0.00 4131.32
582.80 -7.66 -10.99 -18.67 314.87 270.77 28.94 -0.40
0.00 4537.63
549.50 -10.56 -13.45 -20.91 316.11 268.00 33.43 -0.50
0.00 4992.74
513.90 -14.06 -16.51 -23.95 317.14 263.88 38.29 -0.50
0.00 5504.52
478.80 -17.76 -19.78 -27.11 318.30 259.58 44.04 -0.50
0.00 6037.54
446.50 -21.06 -22.76 -30.04 319.98 257.40 50.76 -0.50
0.00 6556.54
416.90 -24.16 -25.64 -33.23 321.78 257.66 57.26 -0.40
0.00 7059.77
389.50 -27.26 -28.76 -39.19 323.18 258.52 63.42 -0.30
0.00 7552.29
364.00 -30.76 -32.19 -47.17 324.14 257.20 67.52 -0.20
0.00 8036.24
340.60 -34.66 -35.82 -53.20 324.76 256.52 68.32 -0.10
0.00 8503.92
318.90 -38.26 -39.08 -52.76 325.97 258.47 70.98 0.00
0.00 8960.03
298.90 -41.56 -42.12 -52.42 327.43 259.25 73.95 0.00
0.00 9402.25
280.60 -44.66 -45.06 -53.84 328.90 256.53 75.89 0.00
0.00 9827.70
263.70 -46.76 -47.17 -59.12 331.54 257.31 80.44 0.10
0.00 10241.26
247.80 -46.96 -47.44 -63.54 337.10 259.94 85.63 0.20
0.00 10653.21
233.10 -47.36 -47.87 -66.98 342.40 261.52 89.55 0.20
0.00 11057.76
219.50 -49.26 -49.69 -67.42 345.40 261.90 91.04 0.20
0.00 11453.40
205.60 -51.96 -52.32 -72.72 347.62 262.74 90.66 0.20
0.00 11879.55
191.70 -54.66 -54.94 -73.19 350.32 262.95 88.66 0.20
0.00 12330.01
177.70 -57.16 -57.38 -73.70 353.89 261.48 85.24 0.20
0.00 12812.24
163.80 -59.36 -9999.00 -9999.00 -9999.00 259.03 82.71 0.20
0.00 13324.58
149.80 -61.56 -9999.00 -9999.00 -9999.00 257.16 81.29 0.20
0.00 13880.82
135.90 -64.16 -9999.00 -9999.00 -9999.00 256.91 77.18 0.10
0.00 14480.25
121.90 -66.26 -9999.00 -9999.00 -9999.00 259.97 68.07 0.00
0.00 15141.99
107.90 -67.56 -9999.00 -9999.00 -9999.00 265.06 56.35 0.00
0.00 15878.47
94.00 -67.36 -9999.00 -9999.00 -9999.00 261.91 44.15 0.00
0.00 16708.80
81.00 -65.86 -9999.00 -9999.00 -9999.00 253.97 38.00 0.00
0.00 17608.68
70.60 -63.96 -9999.00 -9999.00 -9999.00 248.82 33.33 0.00
0.00 18446.32
62.20 -61.96 -9999.00 -9999.00 -9999.00 241.17 24.16 0.00
0.00 19225.69
54.30 -60.16 -9999.00 -9999.00 -9999.00 234.34 20.32 0.00
0.00 20068.95
46.90 -59.26 -9999.00 -9999.00 -9999.00 238.51 18.22 0.00
0.00 20984.28
40.10 -58.16 -9999.00 -9999.00 -9999.00 239.88 18.18 0.00
0.00 21967.51
33.80 -55.66 -9999.00 -9999.00 -9999.00 249.44 14.94 0.00
0.00 23049.35
27.80 -55.76 -9999.00 -9999.00 -9999.00 283.39 12.59 0.00
0.00 24293.18
22.30 -56.16 -9999.00 -9999.00 -9999.00 280.12 11.05 0.00
0.00 25694.68
17.10 -54.86 -9999.00 -9999.00 -9999.00 282.26 13.71 0.00
0.00 27386.13
12.30 -50.36 -9999.00 -9999.00 -9999.00 283.82 25.21 0.00
0.00 29513.09

STID = KABQ STNM = 723650 TIME = 221026/1700 
SLAT = 35.05 SLON = -106.62 SELV = 1639.0
STIM = 5

SHOW = -9999.00 LIFT = 6.90 SWET = -9999.00 KINX = -9999.00
LCLP = 695.25 PWAT = 8.78 TOTL = -9999.00 CAPE = 0.00
LCLT = 268.72 CINS = 0.00 EQLV = -9999.00 LFCT = -9999.00
BRCH = 0.00

PRES TMPC TMWC DWPC THTE DRCT SKNT OMEG
CFRL HGHT
834.30 9.94 4.33 -1.97 310.30 193.13 5.98 -0.20
0.00 1649.94
831.80 9.34 3.97 -2.15 309.79 193.63 6.60 -0.20
0.00 1674.85
827.30 8.74 3.62 -2.29 309.55 191.00 7.13 -0.20
0.00 1719.76
819.50 7.94 3.13 -2.48 309.45 187.50 7.44 -0.20
0.00 1798.00
808.20 6.74 2.41 -2.74 309.29 184.40 7.60 -0.20
0.00 1912.27
793.80 5.94 1.52 -4.02 309.16 188.33 8.04 -0.20
0.00 2059.68
776.90 6.04 0.83 -6.12 309.83 217.65 8.59 -0.30
0.00 2235.87
758.70 5.54 0.03 -7.74 310.49 237.62 9.42 -0.30
0.00 2429.78
739.30 4.44 -0.98 -9.01 310.97 247.83 11.32 -0.30
0.00 2641.01
717.90 2.94 -2.17 -10.08 311.47 249.65 12.84 -0.30
0.00 2879.41
694.70 1.24 -3.51 -11.28 312.02 253.74 14.57 -0.30
0.00 3144.46
669.50 -0.66 -5.12 -12.97 312.48 265.74 18.32 -0.40
0.00 3440.60
642.50 -2.76 -6.78 -14.32 313.31 272.51 22.16 -0.40
0.00 3768.07
613.60 -5.06 -8.55 -15.51 314.44 272.09 26.63 -0.40
0.00 4131.21
582.50 -7.56 -10.64 -17.34 315.61 270.00 31.47 -0.50
0.00 4537.92
549.20 -10.56 -13.35 -20.40 316.35 268.42 35.18 -0.50
0.00 4993.40
513.70 -14.16 -16.54 -23.75 317.12 264.81 38.62 -0.50
0.00 5503.89
478.70 -17.96 -19.81 -26.39 318.27 260.29 44.93 -0.50
0.00 6035.25
446.40 -21.26 -22.74 -28.77 320.05 259.19 52.80 -0.50
0.00 6553.97
416.80 -24.26 -25.80 -33.99 321.53 259.24 59.32 -0.40
0.00 7057.03
389.40 -27.06 -28.76 -41.85 323.18 258.17 67.29 -0.30
0.00 7549.76
364.00 -30.56 -32.00 -46.59 324.44 256.94 72.18 -0.20
0.00 8032.25
340.50 -34.56 -35.59 -48.38 325.16 256.70 73.45 -0.10
0.00 8502.30
318.90 -38.46 -39.14 -48.95 325.89 257.37 74.65 -0.10
0.00 8956.30
298.90 -41.86 -42.32 -50.17 327.13 256.74 76.24 -0.10
0.00 9398.06
280.60 -44.96 -45.34 -53.84 328.46 255.52 78.44 0.00
0.00 9822.95
263.70 -46.86 -47.26 -59.12 331.40 257.41 81.99 0.00
0.00 10236.15
247.80 -47.06 -47.53 -63.54 336.96 260.62 88.21 0.10
0.00 10647.92
233.10 -47.36 -47.87 -66.98 342.40 261.24 91.78 0.20
0.00 11052.37
219.50 -49.26 -49.69 -67.42 345.40 260.38 91.80 0.20
0.00 11448.02
205.60 -51.96 -52.32 -72.72 347.62 260.92 91.08 0.20
0.00 11874.17
191.70 -54.66 -54.94 -73.19 350.32 261.19 90.03 0.20
0.00 12324.63
177.70 -57.16 -57.38 -73.70 353.89 259.83 88.01 0.30
0.00 12806.86
163.80 -59.36 -9999.00 -9999.00 -9999.00 257.75 86.07 0.20
0.00 13319.20
149.80 -61.46 -9999.00 -9999.00 -9999.00 256.54 84.29 0.20
0.00 13875.57
135.80 -63.86 -9999.00 -9999.00 -9999.00 256.61 78.87 0.10
0.00 14480.11
121.90 -66.06 -9999.00 -9999.00 -9999.00 258.15 69.08 0.00
0.00 15138.15
107.90 -67.66 -9999.00 -9999.00 -9999.00 259.70 56.47 0.00
0.00 15874.81
94.00 -67.46 -9999.00 -9999.00 -9999.00 255.37 45.38 0.00
0.00 16704.74
81.00 -65.56 -9999.00 -9999.00 -9999.00 252.80 40.05 0.00
0.00 17605.06
70.60 -62.76 -9999.00 -9999.00 -9999.00 251.36 34.03 0.00
0.00 18445.71
62.20 -60.96 -9999.00 -9999.00 -9999.00 235.01 26.09 0.00
0.00 19229.16
54.30 -60.46 -9999.00 -9999.00 -9999.00 230.93 21.27 0.00
0.00 20073.81
46.90 -58.66 -9999.00 -9999.00 -9999.00 242.18 15.81 0.00
0.00 20989.78
40.10 -58.06 -9999.00 -9999.00 -9999.00 235.07 14.92 0.00
0.00 21974.62
33.80 -57.36 -9999.00 -9999.00 -9999.00 251.30 13.33 0.00
0.00 23052.45
27.80 -57.06 -9999.00 -9999.00 -9999.00 270.00 9.32 0.00
0.00 24287.71
22.30 -56.86 -9999.00 -9999.00 -9999.00 246.97 8.45 0.00
0.00 25682.75
17.10 -55.26 -9999.00 -9999.00 -9999.00 265.16 11.50 0.00
0.00 27369.93
12.30 -50.26 -9999.00 -9999.00 -9999.00 277.59 23.52 0.00
0.00 29495.44

STID = KABQ STNM = 723650 TIME = 221026/1800 
SLAT = 35.05 SLON = -106.62 SELV = 1639.0
STIM = 6

SHOW = -9999.00 LIFT = 6.45 SWET = -9999.00 KINX = -9999.00
LCLP = 675.64 PWAT = 8.88 TOTL = -9999.00 CAPE = 0.00
LCLT = 268.17 CINS = 0.00 EQLV = -9999.00 LFCT = -9999.00
BRCH = 0.00

PRES TMPC TMWC DWPC THTE DRCT SKNT OMEG
CFRL HGHT
833.90 11.64 5.08 -2.15 312.08 191.98 6.55 -0.30
0.00 1650.02
831.40 11.04 4.74 -2.29 311.60 192.53 7.17 -0.30
0.00 1675.08
826.90 10.44 4.40 -2.40 311.39 190.44 7.50 -0.30
0.00 1720.28
819.20 9.54 3.86 -2.63 311.14 189.93 7.89 -0.20
0.00 1798.00
807.90 8.34 3.14 -2.92 310.96 189.69 8.08 -0.10
0.00 1912.96
793.50 7.04 1.86 -4.67 309.92 188.33 8.04 0.00
0.00 2061.13
776.60 6.34 0.91 -6.38 310.02 212.91 7.87 0.00
0.00 2237.82
758.40 5.64 -0.17 -8.64 310.07 239.59 10.35 -0.10
0.00 2431.92
739.00 4.44 -1.17 -9.72 310.58 245.85 12.35 -0.20
0.00 2643.26
717.70 2.94 -2.39 -10.93 311.01 250.82 14.20 -0.20
0.00 2880.60
694.40 1.34 -3.65 -12.06 311.74 262.63 16.65 -0.20
0.00 3146.91
669.30 -0.66 -5.01 -12.52 312.75 272.25 19.83 -0.30
0.00 3442.03
642.30 -2.76 -6.41 -12.86 314.11 275.15 23.80 -0.30
0.00 3769.64
613.40 -5.06 -8.22 -14.16 315.16 272.69 28.98 -0.30
0.00 4132.94
582.30 -7.56 -10.47 -16.59 315.99 270.34 33.22 -0.40
0.00 4539.83
549.00 -10.56 -13.22 -19.76 316.64 267.52 35.98 -0.40
0.00 4995.50
513.60 -14.26 -16.40 -22.58 317.41 263.11 40.50 -0.50
0.00 5504.63
478.60 -18.06 -19.65 -24.95 318.59 260.38 47.67 -0.60
0.00 6035.93
446.30 -21.26 -22.78 -29.05 320.00 259.18 53.79 -0.60
0.00 6554.68
416.70 -23.96 -25.74 -35.92 321.62 258.66 62.22 -0.50
0.00 7058.14
389.40 -26.66 -28.62 -45.98 323.37 259.23 72.77 -0.50
0.00 7549.80
364.00 -30.46 -31.89 -46.04 324.61 258.18 76.81 -0.40
0.00 8032.77
340.50 -34.56 -35.46 -45.17 325.39 256.69 77.64 -0.30
0.00 8502.93
318.90 -38.56 -39.16 -47.23 325.87 255.93 78.30 -0.30
0.00 8956.85
298.90 -42.36 -42.74 -48.92 326.50 255.55 78.63 -0.20
0.00 9398.04
280.60 -45.56 -45.83 -51.40 327.72 256.07 79.86 -0.20
1.00 9821.92
263.70 -47.06 -47.35 -54.36 331.27 258.56 84.23 -0.10
1.00 10234.41
247.80 -46.66 -47.13 -61.35 337.60 260.46 90.21 0.00
0.00 10646.36
233.10 -46.86 -47.40 -66.98 343.15 259.92 94.31 0.10
0.00 11051.62
219.50 -48.76 -49.24 -72.27 346.12 259.27 94.89 0.10
0.00 11448.15
205.60 -51.36 -51.74 -72.72 348.56 259.78 94.15 0.10
0.00 11875.35
191.70 -54.16 -54.45 -73.19 351.12 260.19 93.43 0.10
0.00 12326.94
177.70 -57.06 -9999.00 -9999.00 -9999.00 260.08 91.30 0.20
0.00 12809.84
163.80 -59.46 -9999.00 -9999.00 -9999.00 259.33 88.15 0.20
0.00 13322.17
149.80 -61.66 -9999.00 -9999.00 -9999.00 258.33 85.49 0.20
0.00 13878.15
135.90 -63.76 -9999.00 -9999.00 -9999.00 257.34 80.63 0.20
0.00 14478.01
121.90 -65.76 -9999.00 -9999.00 -9999.00 256.27 70.40 0.10
0.00 15141.17
107.90 -67.06 -9999.00 -9999.00 -9999.00 255.07 57.30 0.10
0.00 15879.44
94.00 -66.76 -9999.00 -9999.00 -9999.00 252.76 47.18 0.00
0.00 16712.00
81.00 -64.46 -9999.00 -9999.00 -9999.00 255.50 41.12 0.00
0.00 17616.23
70.60 -61.76 -9999.00 -9999.00 -9999.00 251.34 31.57 0.00
0.00 18461.11
62.20 -61.36 -9999.00 -9999.00 -9999.00 216.95 26.50 0.00
0.00 19245.67
54.30 -61.56 -9999.00 -9999.00 -9999.00 230.46 21.66 0.00
0.00 20087.34
46.90 -58.46 -9999.00 -9999.00 -9999.00 235.53 15.79 0.00
0.00 21001.38
40.10 -58.16 -9999.00 -9999.00 -9999.00 222.95 15.38 0.00
0.00 21986.45
33.80 -57.36 -9999.00 -9999.00 -9999.00 235.62 13.42 0.00
0.00 23064.03
27.80 -56.16 -9999.00 -9999.00 -9999.00 222.06 10.72 0.00
0.00 24301.86
22.30 -55.66 -9999.00 -9999.00 -9999.00 233.90 11.54 0.00
0.00 25703.68
17.10 -53.96 -9999.00 -9999.00 -9999.00 264.81 15.02 0.00
0.00 27400.57
12.30 -49.56 -9999.00 -9999.00 -9999.00 277.59 26.46 0.00
0.00 29535.73

STID = KABQ STNM = 723650 TIME = 221026/1900 
SLAT = 35.05 SLON = -106.62 SELV = 1639.0
STIM = 7

SHOW = -9999.00 LIFT = 6.09 SWET = -9999.00 KINX = -9999.00
LCLP = 644.42 PWAT = 8.84 TOTL = -9999.00 CAPE = 0.00
LCLT = 266.22 CINS = 0.00 EQLV = -9999.00 LFCT = -9999.00
BRCH = 0.00

PRES TMPC TMWC DWPC THTE DRCT SKNT OMEG
CFRL HGHT
832.10 13.24 5.38 -3.54 312.92 184.09 8.18 -0.30
0.00 1650.10
829.60 12.64 5.05 -3.66 312.47 184.97 8.97 -0.30
0.00 1675.35
825.10 12.04 4.71 -3.77 312.27 184.67 9.56 -0.30
0.00 1720.90
817.40 11.04 4.14 -3.97 311.95 184.57 9.75 -0.20
0.00 1799.20
806.10 9.84 3.44 -4.23 311.81 185.60 9.95 -0.10
0.00 1915.00
791.80 8.34 2.51 -4.66 311.59 187.97 9.81 0.10
0.00 2063.18
774.90 7.14 1.04 -7.33 310.48 192.26 9.15 0.10
0.00 2240.91
756.80 5.94 -0.08 -8.86 310.47 220.86 9.50 0.10
0.00 2434.73
737.50 4.84 -1.33 -11.20 310.39 243.05 12.86 -0.10
0.00 2645.66
716.20 3.34 -2.26 -11.28 311.47 256.84 15.37 -0.20
0.00 2883.81
693.10 1.64 -3.21 -10.94 312.90 267.43 17.31 -0.10
0.00 3148.71
668.00 -0.46 -4.53 -11.14 313.96 271.62 20.59 -0.20
0.00 3444.70
641.20 -2.46 -6.11 -12.39 314.89 271.70 26.24 -0.20
0.00 3770.81
612.30 -4.66 -8.06 -14.48 315.64 270.00 31.27 -0.30
0.00 4135.23
581.40 -7.26 -10.35 -16.88 316.37 268.40 34.79 -0.30
0.00 4540.70
548.30 -10.46 -13.06 -19.30 317.07 266.80 38.33 -0.30
0.00 4994.62
512.90 -14.26 -16.21 -21.61 317.89 265.36 43.26 -0.40
0.00 5504.54
478.10 -18.06 -19.65 -24.96 318.69 263.71 47.88 -0.40
0.00 6033.46
445.90 -21.46 -22.95 -29.19 319.80 261.40 53.24 -0.40
0.00 6550.91
416.40 -24.36 -26.06 -35.92 321.17 260.65 63.38 -0.50
0.00 7052.47
389.20 -26.96 -28.70 -42.24 323.32 258.25 74.40 -0.50
0.00 7541.95
363.80 -30.76 -31.99 -42.87 324.53 257.12 79.31 -0.40
0.00 8024.61
340.40 -35.26 -35.96 -43.11 324.65 258.74 80.61 -0.30
0.00 8492.00
318.80 -39.26 -39.70 -45.32 325.07 259.21 79.90 -0.30
0.00 8944.73
298.80 -42.76 -43.08 -48.35 326.00 257.26 79.25 -0.20
0.00 9385.03
280.50 -45.36 -45.65 -51.41 328.04 255.73 81.18 -0.20
2.00 9808.88
263.70 -46.46 -46.81 -55.33 332.11 256.31 85.37 -0.20
0.00 10219.72
247.70 -46.46 -46.97 -63.54 337.89 257.88 91.59 -0.10
0.00 10635.07
233.10 -47.16 -47.71 -71.86 342.65 260.23 96.19 -0.10
0.00 11037.57
219.40 -48.96 -49.43 -72.28 345.86 262.34 96.23 0.00
0.00 11436.66
205.60 -51.26 -51.65 -72.72 348.72 262.93 94.74 0.00
0.00 11860.79
191.70 -54.06 -54.36 -73.19 351.28 261.90 93.78 0.00
0.00 12312.58
177.70 -56.86 -9999.00 -9999.00 -9999.00 260.36 92.79 0.00
0.00 12795.81
163.80 -59.56 -9999.00 -9999.00 -9999.00 259.44 90.11 0.00
0.00 13308.26
149.80 -62.16 -9999.00 -9999.00 -9999.00 259.40 86.56 0.00
0.00 13863.46
135.80 -64.26 -9999.00 -9999.00 -9999.00 259.02 80.54 0.10
0.00 14466.41
121.90 -65.66 -9999.00 -9999.00 -9999.00 256.65 70.67 0.10
0.00 15124.46
107.90 -66.66 -9999.00 -9999.00 -9999.00 253.90 58.84 0.10
0.00 15863.62
94.00 -66.96 -9999.00 -9999.00 -9999.00 252.44 48.29 0.00
0.00 16696.58
81.00 -65.46 -9999.00 -9999.00 -9999.00 255.39 42.37 0.00
0.00 17598.20
70.60 -62.46 -9999.00 -9999.00 -9999.00 254.90 30.57 0.00
0.00 18439.65
62.20 -62.86 -9999.00 -9999.00 -9999.00 213.95 23.66 0.00
0.00 19220.14
54.30 -61.76 -9999.00 -9999.00 -9999.00 230.25 25.52 0.00
0.00 20058.43
46.90 -57.86 -9999.00 -9999.00 -9999.00 239.79 17.75 0.00
0.00 20973.33
40.10 -57.46 -9999.00 -9999.00 -9999.00 230.56 15.60 0.00
0.00 21961.38
33.80 -56.26 -9999.00 -9999.00 -9999.00 243.43 11.73 0.00
0.00 23043.46
27.80 -56.46 -9999.00 -9999.00 -9999.00 234.73 9.75 0.00
0.00 24283.58
22.30 -56.26 -9999.00 -9999.00 -9999.00 251.85 12.47 0.00
0.00 25682.49
17.10 -54.76 -9999.00 -9999.00 -9999.00 265.76 15.77 0.00
0.00 27373.95
12.30 -49.66 -9999.00 -9999.00 -9999.00 284.04 26.44 0.00
0.00 29504.76

STID = KABQ STNM = 723650 TIME = 221026/2000 
SLAT = 35.05 SLON = -106.62 SELV = 1639.0
STIM = 8

SHOW = -9999.00 LIFT = 5.41 SWET = -9999.00 KINX = -9999.00
LCLP = 618.56 PWAT = 8.84 TOTL = -9999.00 CAPE = 0.00
LCLT = 264.38 CINS = 0.00 EQLV = -9999.00 LFCT = -9999.00
BRCH = 0.00

PRES TMPC TMWC DWPC THTE DRCT SKNT OMEG
CFRL HGHT
831.40 14.54 5.59 -4.90 313.41 197.59 8.35 -0.50
0.00 1650.16
828.90 13.84 5.22 -5.02 312.85 200.28 9.52 -0.60
0.00 1675.53
824.40 13.24 4.88 -5.13 312.65 199.13 10.08 -0.60
0.00 1721.30
816.70 12.34 4.36 -5.34 312.44 200.81 10.39 -0.60
0.00 1800.00
805.40 11.14 3.64 -5.65 312.28 201.41 10.64 -0.50
0.00 1916.41
791.10 9.64 2.74 -6.01 312.13 203.33 10.78 -0.40
0.00 2065.37
774.30 7.94 1.63 -6.67 311.90 204.18 10.43 -0.30
0.00 2242.85
756.20 6.44 0.48 -7.78 311.80 224.22 10.02 -0.30
0.00 2437.29
736.90 4.94 -0.58 -8.48 312.19 244.75 11.38 -0.40
0.00 2648.66
715.60 3.54 -1.65 -9.33 312.93 261.10 16.32 -0.50
0.00 2887.21
692.50 1.84 -2.90 -10.19 313.66 267.71 19.44 -0.60
0.00 3152.57
667.50 -0.06 -4.42 -11.57 314.24 270.46 24.09 -0.70
0.00 3447.95
640.70 -2.06 -6.04 -13.00 315.09 271.95 28.57 -0.80
0.00 3774.77
611.90 -4.36 -7.89 -14.49 316.05 272.07 32.26 -0.80
0.00 4138.65
581.10 -7.26 -10.23 -16.36 316.66 270.32 35.16 -0.70
0.00 4543.28
548.00 -10.66 -13.09 -18.86 317.07 268.55 38.29 -0.60
0.00 4997.28
512.70 -14.26 -16.34 -22.24 317.69 267.34 41.80 -0.50
0.00 5505.81
477.80 -18.16 -19.99 -26.53 318.15 265.58 45.40 -0.40
0.00 6036.38
445.80 -21.76 -23.69 -33.50 318.54 264.23 52.14 -0.40
0.00 6550.37
416.30 -24.36 -26.29 -38.84 320.80 262.47 65.25 -0.40
0.00 7051.69
389.10 -27.36 -28.82 -38.91 323.18 260.56 74.63 -0.40
0.00 7540.89
363.70 -31.26 -32.22 -39.85 324.21 258.86 78.40 -0.40
0.00 8022.82
340.30 -35.46 -36.05 -41.72 324.55 258.42 80.30 -0.30
0.00 8489.68
318.70 -39.56 -39.91 -44.10 324.80 258.96 81.14 -0.20
3.00 8942.08
298.80 -43.16 -43.41 -47.30 325.51 259.36 82.03 -0.10
43.00 9379.59
280.50 -45.56 -45.83 -51.41 327.75 259.00 84.50 -0.10
6.00 9802.88
263.70 -45.96 -46.41 -59.12 332.72 257.33 88.60 0.00
0.00 10213.99
247.70 -46.16 -46.71 -66.54 338.29 257.68 92.85 0.00
0.00 10630.08
233.10 -47.26 -47.80 -71.86 342.50 260.73 95.26 0.00
0.00 11032.75
219.40 -48.96 -49.43 -72.28 345.86 263.83 95.75 0.00
0.00 11431.75
205.60 -51.46 -51.84 -72.72 348.41 265.32 95.30 0.00
0.00 11855.69
191.70 -54.56 -54.84 -73.19 350.48 264.66 93.84 0.00
0.00 12306.76
177.70 -57.76 -57.96 -73.70 352.91 262.02 92.39 0.10
0.00 12788.44
163.80 -60.56 -9999.00 -9999.00 -9999.00 259.78 91.98 0.10
0.00 13298.63
149.80 -62.66 -9999.00 -9999.00 -9999.00 258.50 89.61 0.10
0.00 13851.86
135.80 -64.46 -9999.00 -9999.00 -9999.00 257.49 83.37 0.10
0.00 14453.81
121.90 -65.96 -9999.00 -9999.00 -9999.00 255.82 72.92 0.10
0.00 15111.07
107.90 -67.26 -9999.00 -9999.00 -9999.00 254.52 61.87 0.10
0.00 15848.62
94.00 -67.36 -9999.00 -9999.00 -9999.00 251.99 50.25 0.10
0.00 16679.56
81.00 -66.06 -9999.00 -9999.00 -9999.00 250.06 42.15 0.00
0.00 17579.00
70.60 -63.06 -9999.00 -9999.00 -9999.00 249.72 32.52 0.00
0.00 18418.05
62.20 -62.56 -9999.00 -9999.00 -9999.00 220.87 22.86 0.00
0.00 19197.98
54.30 -61.56 -9999.00 -9999.00 -9999.00 231.76 29.18 0.00
0.00 20037.26
46.90 -57.26 -9999.00 -9999.00 -9999.00 244.29 23.29 0.00
0.00 20953.88
40.10 -56.56 -9999.00 -9999.00 -9999.00 240.26 14.10 0.00
0.00 21945.36
33.80 -56.36 -9999.00 -9999.00 -9999.00 256.43 11.60 0.00
0.00 23029.45
27.80 -56.66 -9999.00 -9999.00 -9999.00 242.10 11.21 0.00
0.00 24268.70
22.30 -55.86 -9999.00 -9999.00 -9999.00 246.80 16.28 0.00
0.00 25668.27
17.10 -53.46 -9999.00 -9999.00 -9999.00 263.11 17.81 0.00
0.00 27366.32
12.30 -48.46 -9999.00 -9999.00 -9999.00 291.39 25.04 0.00
0.00 29509.20

STID = KABQ STNM = 723650 TIME = 221026/2100 
SLAT = 35.05 SLON = -106.62 SELV = 1639.0
STIM = 9

SHOW = -9999.00 LIFT = 4.64 SWET = -9999.00 KINX = -9999.00
LCLP = 612.65 PWAT = 8.77 TOTL = -9999.00 CAPE = 0.00
LCLT = 264.42 CINS = 0.00 EQLV = -9999.00 LFCT = -9999.00
BRCH = 0.00

PRES TMPC TMWC DWPC THTE DRCT SKNT OMEG
CFRL HGHT
831.10 15.34 6.00 -4.74 314.44 193.32 7.60 -0.50
0.00 1650.19
828.60 14.74 5.68 -4.86 313.99 195.95 8.49 -0.50
0.00 1675.65
824.20 14.14 5.36 -4.93 313.82 196.82 8.72 -0.50
0.00 1720.56
816.40 13.24 4.85 -5.09 313.66 197.28 9.15 -0.40
0.00 1800.56
805.20 12.04 4.18 -5.28 313.57 199.57 9.29 -0.30
0.00 1916.34
790.80 10.54 3.32 -5.55 313.51 202.89 9.48 -0.10
0.00 2066.88
774.00 8.74 2.26 -5.88 313.40 206.57 9.56 0.00
0.00 2244.97
755.90 7.14 1.20 -6.52 313.49 232.13 11.07 0.00
0.00 2440.04
736.60 5.44 0.06 -7.15 313.69 240.95 12.00 0.00
0.00 2652.00
715.40 3.64 -1.27 -8.18 313.83 255.03 17.29 -0.20
0.00 2889.80
692.30 1.84 -2.72 -9.56 314.09 261.10 22.61 -0.40
0.00 3155.31
667.30 -0.26 -4.27 -10.60 314.62 266.94 25.49 -0.50
0.00 3450.70
640.50 -2.36 -5.96 -12.03 315.32 274.17 29.41 -0.60
0.00 3777.36
611.70 -4.56 -7.92 -14.14 316.03 275.71 33.18 -0.70
0.00 4141.04
580.90 -7.26 -10.34 -16.82 316.48 273.09 35.99 -0.70
0.00 4545.65
547.80 -10.46 -13.23 -20.10 316.83 270.59 37.88 -0.60
0.00 4999.96
512.50 -14.26 -16.83 -25.06 316.81 268.60 39.65 -0.60
0.00 5508.81
477.70 -17.96 -20.72 -34.08 316.82 266.60 42.62 -0.50
0.00 6038.11
445.70 -21.16 -23.94 -45.34 318.03 266.10 51.40 -0.50
0.00 6552.88
416.20 -24.26 -26.49 -44.29 320.44 265.37 62.57 -0.50
0.00 7054.94
389.00 -27.46 -28.90 -38.91 323.08 262.46 72.49 -0.50
0.00 7544.25
363.70 -31.16 -31.99 -37.98 324.60 259.30 78.48 -0.50
0.00 8024.35
340.30 -35.36 -35.89 -40.78 324.80 257.74 80.52 -0.50
0.00 8491.43
318.70 -39.36 -39.70 -43.72 325.11 258.10 81.00 -0.50
11.00 8944.11
298.80 -42.96 -43.20 -46.82 325.83 259.27 82.44 -0.40
64.00 9382.01
280.50 -45.46 -45.76 -52.15 327.86 259.94 85.63 -0.30
5.00 9805.58
263.70 -46.36 -46.79 -59.12 332.13 260.03 89.74 -0.30
0.00 10216.41
247.70 -46.66 -47.18 -66.54 337.55 260.64 93.12 -0.20
0.00 10631.67
233.10 -47.46 -47.99 -71.86 342.20 262.27 95.28 -0.20
0.00 11033.72
219.40 -48.96 -49.43 -72.28 345.86 264.20 96.06 -0.10
0.00 11432.54
205.60 -51.46 -51.84 -72.72 348.41 265.35 95.88 -0.10
0.00 11856.49
191.60 -54.56 -54.84 -73.19 350.53 264.93 94.58 0.00
0.00 12310.92
177.70 -57.96 -58.15 -73.70 352.58 262.16 92.56 0.00
0.00 12789.07
163.70 -61.16 -9999.00 -9999.00 -9999.00 259.19 92.15 0.10
0.00 13302.12
149.80 -63.46 -9999.00 -9999.00 -9999.00 258.45 91.20 0.20
0.00 13849.75
135.80 -64.96 -9999.00 -9999.00 -9999.00 257.91 86.23 0.20
0.00 14449.84
121.90 -66.46 -9999.00 -9999.00 -9999.00 255.33 76.71 0.20
0.00 15105.51
107.90 -67.76 -9999.00 -9999.00 -9999.00 253.51 67.06 0.20
0.00 15841.28
94.00 -67.06 -9999.00 -9999.00 -9999.00 252.45 55.42 0.10
0.00 16671.82
81.00 -64.86 -9999.00 -9999.00 -9999.00 245.34 41.90 0.00
0.00 17574.53
70.60 -63.56 -9999.00 -9999.00 -9999.00 239.22 31.88 0.00
0.00 18414.98
62.20 -61.56 -9999.00 -9999.00 -9999.00 236.55 26.07 0.00
0.00 19195.84
54.30 -60.96 -9999.00 -9999.00 -9999.00 233.95 30.03 0.00
0.00 20038.30
46.90 -57.36 -9999.00 -9999.00 -9999.00 250.82 28.38 0.00
0.00 20955.99
40.10 -56.06 -9999.00 -9999.00 -9999.00 254.05 11.31 0.00
0.00 21948.39
33.80 -57.06 -9999.00 -9999.00 -9999.00 254.65 10.28 0.00
0.00 23031.98
27.80 -56.16 -9999.00 -9999.00 -9999.00 248.66 13.34 0.00
0.00 24270.66
22.30 -55.96 -9999.00 -9999.00 -9999.00 253.81 18.80 0.00
0.00 25671.51
17.10 -53.16 -9999.00 -9999.00 -9999.00 267.40 21.39 0.00
0.00 27370.35
12.30 -48.16 -9999.00 -9999.00 -9999.00 301.37 18.65 0.00
0.00 29516.11

STID = KABQ STNM = 723650 TIME = 221026/2200 
SLAT = 35.05 SLON = -106.62 SELV = 1639.0
STIM = 10

SHOW = -9999.00 LIFT = 4.02 SWET = -9999.00 KINX = -9999.00
LCLP = 611.60 PWAT = 8.57 TOTL = -9999.00 CAPE = 0.00
LCLT = 264.83 CINS = 0.00 EQLV = -9999.00 LFCT = -9999.00
BRCH = 0.00

PRES TMPC TMWC DWPC THTE DRCT SKNT OMEG
CFRL HGHT
831.20 15.94 6.39 -4.29 315.43 183.01 7.40 -0.30
0.00 1649.20
828.70 15.44 6.12 -4.41 315.09 186.79 8.22 -0.30
0.00 1674.71
824.20 14.94 5.85 -4.48 315.03 186.48 8.61 -0.30
0.00 1720.76
816.50 14.14 5.40 -4.65 314.97 187.59 8.82 -0.20
0.00 1799.97
805.20 12.94 4.73 -4.83 314.90 188.65 9.03 -0.10
0.00 1917.15
790.90 11.44 3.89 -5.07 314.85 192.53 8.95 0.10
0.00 2067.12
774.10 9.74 2.89 -5.43 314.84 199.23 8.84 0.20
0.00 2245.80
756.00 8.14 1.81 -6.14 314.88 228.01 10.45 0.10
0.00 2441.55
736.70 6.54 0.62 -7.19 314.90 246.28 14.01 0.00
0.00 2654.28
715.40 4.74 -0.76 -8.45 314.90 257.29 20.32 -0.10
0.00 2894.12
692.30 2.64 -2.32 -9.66 314.94 260.25 25.23 -0.10
0.00 3160.54
667.30 0.04 -4.06 -10.46 315.06 261.59 27.87 -0.10
0.00 3456.53
640.50 -2.56 -5.90 -11.42 315.46 264.70 29.45 -0.10
0.00 3783.26
611.70 -5.16 -8.07 -13.35 315.76 270.69 32.25 -0.10
0.00 4146.44
580.90 -7.66 -10.57 -16.76 316.03 273.96 36.60 -0.10
0.00 4550.31
547.80 -10.66 -13.71 -21.94 315.91 272.56 39.08 -0.10
0.00 5004.07
512.50 -14.16 -17.51 -31.09 315.52 270.00 39.43 0.00
0.00 5512.73
477.80 -17.66 -21.16 -48.36 315.92 268.14 41.98 0.00
0.00 6040.73
445.70 -21.06 -24.08 -56.71 317.73 268.22 49.94 -0.10
0.00 6557.40
416.30 -24.16 -26.41 -44.29 320.54 266.70 60.70 -0.10
0.00 7057.88
389.00 -27.46 -28.80 -37.57 323.26 262.99 71.64 -0.20
0.00 7549.03
363.70 -31.26 -31.98 -37.04 324.61 258.38 78.13 -0.30
0.00 8029.05
340.30 -35.36 -35.87 -40.49 324.83 256.47 79.72 -0.50
0.00 8496.04
318.70 -39.36 -39.70 -43.72 325.11 257.95 80.05 -0.50
12.00 8948.73
298.80 -42.66 -42.97 -47.81 326.18 260.20 82.21 -0.60
10.00 9386.90
280.50 -44.96 -45.34 -53.84 328.50 262.21 87.45 -0.60
0.00 9811.20
263.70 -45.96 -46.44 -60.87 332.67 262.90 92.79 -0.60
0.00 10222.85
247.70 -46.66 -47.18 -66.54 337.55 262.70 94.79 -0.60
0.00 10638.48
233.10 -47.56 -48.08 -71.86 342.05 262.85 95.14 -0.60
0.00 11040.44
219.40 -48.96 -49.43 -72.28 345.86 263.30 94.85 -0.60
0.00 11439.17
205.60 -51.26 -51.65 -72.72 348.72 262.69 94.60 -0.60
0.00 11863.30
191.60 -54.36 -54.65 -73.19 350.85 261.47 94.29 -0.50
0.00 12318.15
177.70 -57.86 -58.06 -73.70 352.75 260.24 92.83 -0.40
0.00 12796.62
163.70 -61.06 -9999.00 -9999.00 -9999.00 258.36 91.43 -0.30
0.00 13309.92
149.80 -63.46 -9999.00 -9999.00 -9999.00 257.34 90.38 -0.20
0.00 13857.68
135.80 -65.26 -9999.00 -9999.00 -9999.00 257.57 85.72 -0.10
0.00 14457.33
121.90 -66.86 -9999.00 -9999.00 -9999.00 255.75 76.55 0.00
0.00 15111.90
107.90 -68.26 -9999.00 -9999.00 -9999.00 251.98 68.43 0.10
0.00 15846.06
94.00 -67.56 -9999.00 -9999.00 -9999.00 253.68 61.54 0.20
0.00 16674.58
81.00 -63.86 -9999.00 -9999.00 -9999.00 253.36 50.89 0.10
0.00 17578.38
70.60 -62.06 -9999.00 -9999.00 -9999.00 241.29 37.20 0.00
0.00 18423.86
62.20 -62.16 -9999.00 -9999.00 -9999.00 240.17 33.59 0.00
0.00 19206.39
54.30 -60.86 -9999.00 -9999.00 -9999.00 247.74 31.27 0.00
0.00 20047.86
46.90 -59.16 -9999.00 -9999.00 -9999.00 260.85 29.31 0.00
0.00 20961.90
40.10 -56.56 -9999.00 -9999.00 -9999.00 276.84 14.67 0.00
0.00 21949.03
33.80 -58.56 -9999.00 -9999.00 -9999.00 255.17 6.84 0.00
0.00 23027.61
27.80 -56.56 -9999.00 -9999.00 -9999.00 255.76 13.42 0.00
0.00 24260.86
22.30 -55.66 -9999.00 -9999.00 -9999.00 271.47 15.15 0.00
0.00 25661.39
17.10 -53.76 -9999.00 -9999.00 -9999.00 278.66 20.63 0.00
0.00 27359.06
12.30 -48.26 -9999.00 -9999.00 -9999.00 294.38 13.66 0.00
0.00 29501.45

STID = KABQ STNM = 723650 TIME = 221026/2300 
SLAT = 35.05 SLON = -106.62 SELV = 1639.0
STIM = 11

SHOW = -9999.00 LIFT = 2.96 SWET = -9999.00 KINX = -9999.00
LCLP = 613.26 PWAT = 8.74 TOTL = -9999.00 CAPE = 0.00
LCLT = 265.36 CINS = 0.00 EQLV = -9999.00 LFCT = -9999.00
BRCH = 0.00

PRES TMPC TMWC DWPC THTE DRCT SKNT OMEG
CFRL HGHT
830.70 16.24 6.67 -3.79 316.21 184.40 7.60 -0.30
0.00 1650.23
828.20 15.94 6.50 -3.87 316.12 187.43 9.01 -0.30
0.00 1675.81
823.70 15.44 6.22 -3.98 316.03 188.13 9.62 -0.30
0.00 1721.97
816.00 14.64 5.78 -4.11 316.00 189.09 9.83 -0.20
0.00 1801.36
804.70 13.44 5.11 -4.33 315.91 191.09 10.10 -0.10
0.00 1918.83
790.40 11.94 4.27 -4.57 315.86 194.30 10.22 -0.10
0.00 2069.17
773.60 10.44 3.34 -5.05 315.98 203.63 10.18 -0.10
0.00 2248.36
755.50 9.04 2.32 -5.91 316.14 232.94 11.93 -0.20
0.00 2444.80
736.20 7.54 1.12 -7.20 316.09 251.78 16.16 -0.20
0.00 2658.39
715.00 5.64 -0.34 -8.59 315.89 261.57 21.21 -0.20
0.00 2898.07
691.90 3.24 -1.99 -9.66 315.69 264.16 24.81 0.00
0.00 3165.37
667.00 0.44 -3.84 -10.46 315.57 264.58 26.73 0.10
0.00 3460.86
640.20 -2.56 -5.86 -11.27 315.60 264.05 28.13 0.30
0.00 3787.98
611.40 -5.56 -8.07 -12.50 315.83 265.43 29.23 0.50
0.00 4151.08
580.60 -8.46 -10.73 -15.36 315.81 269.32 32.83 0.60
0.00 4554.29
547.60 -11.36 -14.03 -21.13 315.39 270.89 37.49 0.70
0.00 5005.64
512.40 -14.66 -18.00 -32.49 314.69 269.43 39.04 0.80
0.00 5511.83
477.60 -17.96 -21.52 -58.47 315.31 267.60 41.80 0.80
0.00 6040.68
445.60 -21.36 -24.31 -56.71 317.37 268.18 48.97 0.80
0.00 6555.28
416.20 -24.56 -26.73 -44.29 320.05 267.55 59.11 0.80
0.00 7055.18
389.00 -27.96 -29.23 -37.82 322.56 264.05 69.33 0.60
0.00 7543.70
363.70 -31.66 -32.28 -36.60 324.15 260.01 76.13 0.40
0.00 8022.84
340.30 -35.56 -36.02 -40.20 324.60 258.75 77.64 0.20
5.00 8489.24
318.70 -39.36 -39.79 -45.33 324.96 260.10 79.08 0.00
2.00 8941.73
298.80 -42.26 -42.72 -50.86 326.55 262.04 84.15 -0.10
0.00 9380.27
280.50 -44.06 -44.60 -58.63 329.63 263.93 91.82 -0.30
0.00 9805.77
263.70 -45.26 -45.81 -63.07 333.66 264.13 96.85 -0.40
0.00 10218.85
247.70 -46.56 -47.08 -66.54 337.70 262.65 97.14 -0.50
0.00 10635.21
233.10 -47.76 -48.25 -66.98 341.79 261.13 95.75 -0.50
0.00 11037.08
219.40 -49.16 -49.62 -72.28 345.55 260.11 95.05 -0.60
0.00 11435.46
205.60 -51.16 -51.55 -72.72 348.88 258.96 96.39 -0.60
0.00 11859.50
191.60 -54.16 -54.45 -73.19 351.17 258.15 96.46 -0.60
0.00 12314.66
177.70 -57.46 -57.67 -73.70 353.40 257.26 93.40 -0.60
0.00 12793.79
163.70 -60.36 -9999.00 -9999.00 -9999.00 256.35 91.36 -0.60
0.00 13308.41
149.80 -62.66 -9999.00 -9999.00 -9999.00 256.78 89.20 -0.60
0.00 13858.12
135.80 -64.46 -9999.00 -9999.00 -9999.00 257.54 81.95 -0.50
0.00 14460.07
121.90 -66.16 -9999.00 -9999.00 -9999.00 254.86 70.63 -0.40
0.00 15117.01
107.90 -67.76 -9999.00 -9999.00 -9999.00 249.61 63.00 -0.10
0.00 15853.31
94.00 -68.06 -9999.00 -9999.00 -9999.00 252.17 57.75 0.10
0.00 16681.83
81.00 -65.66 -9999.00 -9999.00 -9999.00 259.51 53.34 0.20
0.00 17580.62
70.60 -61.76 -9999.00 -9999.00 -9999.00 258.22 46.64 0.10
0.00 18423.08
62.20 -60.36 -9999.00 -9999.00 -9999.00 248.85 34.98 0.00
0.00 19209.50
54.30 -61.16 -9999.00 -9999.00 -9999.00 247.94 24.32 -0.10
0.00 20053.95
46.90 -59.86 -9999.00 -9999.00 -9999.00 265.35 23.97 0.00
0.00 20965.85
40.10 -55.66 -9999.00 -9999.00 -9999.00 278.13 17.85 0.00
0.00 21953.44
33.80 -57.86 -9999.00 -9999.00 -9999.00 256.68 7.60 0.00
0.00 23036.03
27.80 -56.86 -9999.00 -9999.00 -9999.00 268.23 18.84 0.00
0.00 24270.42
22.30 -56.76 -9999.00 -9999.00 -9999.00 280.10 14.39 0.00
0.00 25666.43
17.10 -55.66 -9999.00 -9999.00 -9999.00 276.01 18.55 0.00
0.00 27352.45
12.30 -48.56 -9999.00 -9999.00 -9999.00 253.30 8.12 0.00
0.00 29484.23

STID = KABQ STNM = 723650 TIME = 221027/0000 
SLAT = 35.05 SLON = -106.62 SELV = 1639.0
STIM = 12

SHOW = -9999.00 LIFT = 1.88 SWET = -9999.00 KINX = -9999.00
LCLP = 624.91 PWAT = 8.96 TOTL = -9999.00 CAPE = 0.00
LCLT = 266.10 CINS = 0.00 EQLV = -9999.00 LFCT = -9999.00
BRCH = 0.00

PRES TMPC TMWC DWPC THTE DRCT SKNT OMEG
CFRL HGHT
830.10 15.44 6.45 -3.28 315.80 167.47 5.38 0.00
0.00 1649.19
827.60 15.54 6.44 -3.43 316.10 174.43 8.00 -0.10
0.00 1674.73
823.10 15.24 6.24 -3.58 316.20 181.15 9.71 -0.10
0.00 1720.88
815.40 14.74 5.91 -3.81 316.42 192.09 11.13 -0.30
0.00 1800.33
804.10 13.74 5.30 -4.15 316.46 204.15 12.35 -0.40
0.00 1917.97
789.90 12.44 4.51 -4.54 316.51 216.03 13.21 -0.70
0.00 2067.57
773.10 11.04 3.60 -5.13 316.66 229.99 14.20 -1.00
0.00 2247.22
755.00 9.54 2.49 -6.16 316.58 248.46 15.87 -1.30
0.00 2444.17
735.70 7.84 1.21 -7.38 316.38 261.03 18.69 -1.40
0.00 2658.20
714.50 5.74 -0.30 -8.65 316.03 267.90 21.19 -1.20
0.00 2898.22
691.50 3.34 -1.96 -9.72 315.83 270.00 22.73 -0.90
0.00 3164.62
666.60 0.54 -3.82 -10.57 315.67 269.53 23.50 -0.50
0.00 3460.39
639.80 -2.56 -5.88 -11.33 315.62 267.65 23.72 -0.10
0.00 3787.77
611.10 -5.76 -8.15 -12.35 315.73 264.56 24.59 0.30
0.00 4149.68
580.30 -9.06 -10.86 -14.44 315.63 263.31 28.36 0.50
0.00 4552.51
547.30 -12.26 -14.13 -18.72 315.31 265.45 34.30 0.70
0.00 5002.88
512.20 -15.56 -18.23 -28.43 314.41 266.15 37.57 1.00
0.00 5506.20
477.50 -18.66 -21.92 -48.37 314.73 265.37 40.93 1.30
0.00 6032.09
445.50 -21.96 -24.79 -56.71 316.64 266.73 47.67 1.50
0.00 6545.50
416.10 -25.26 -27.36 -45.96 319.06 267.25 56.59 1.50
0.00 7044.21
388.90 -28.56 -29.79 -38.63 321.69 264.31 66.57 1.50
0.00 7531.55
363.60 -32.06 -32.65 -36.82 323.60 261.20 74.88 1.30
0.00 8009.82
340.20 -35.86 -36.38 -41.40 324.07 260.82 77.91 1.10
1.00 8475.67
318.70 -39.46 -39.98 -47.24 324.67 262.12 82.17 0.90
0.00 8925.74
298.80 -42.06 -42.60 -53.31 326.72 263.93 90.05 0.80
0.00 9364.37
280.50 -43.76 -44.34 -60.39 330.02 265.18 97.09 0.60
0.00 9790.32
263.70 -44.96 -45.50 -60.87 334.14 263.88 100.21 0.40
0.00 10203.95
247.70 -46.16 -46.68 -63.54 338.34 261.09 99.11 0.20
0.00 10620.95
233.10 -47.16 -47.68 -66.98 342.70 259.07 97.34 0.00
0.00 11023.71
219.40 -48.46 -48.96 -72.28 346.63 257.37 97.75 -0.10
0.00 11423.25
205.60 -50.66 -51.08 -72.72 349.66 256.26 99.79 -0.30
0.00 11848.42
191.70 -53.66 -53.97 -73.19 351.92 256.07 99.26 -0.40
0.00 12301.24
177.70 -56.86 -57.08 -73.70 354.38 255.37 96.15 -0.50
0.00 12784.91
163.80 -59.56 -9999.00 -9999.00 -9999.00 255.53 94.09 -0.70
0.00 13297.37
149.80 -61.76 -9999.00 -9999.00 -9999.00 257.58 90.31 -0.70
0.00 13853.08
135.80 -63.46 -9999.00 -9999.00 -9999.00 258.72 80.42 -0.70
0.00 14457.77
121.90 -65.16 -9999.00 -9999.00 -9999.00 254.67 66.86 -0.60
0.00 15117.87
107.90 -66.86 -9999.00 -9999.00 -9999.00 248.80 58.55 -0.40
0.00 15857.56
94.00 -67.86 -9999.00 -9999.00 -9999.00 251.50 53.26 0.00
0.00 16688.30
81.00 -66.36 -9999.00 -9999.00 -9999.00 262.03 50.41 0.20
0.00 17586.00
70.60 -62.56 -9999.00 -9999.00 -9999.00 264.15 47.65 0.20
0.00 18425.44
62.20 -58.96 -9999.00 -9999.00 -9999.00 257.44 38.40 0.00
0.00 19212.98
54.30 -59.36 -9999.00 -9999.00 -9999.00 251.03 19.72 -0.10
0.00 20063.79
46.90 -61.66 -9999.00 -9999.00 -9999.00 260.19 15.97 -0.10
0.00 20975.69
40.10 -57.16 -9999.00 -9999.00 -9999.00 264.98 17.75 0.00
0.00 21955.71
33.80 -57.76 -9999.00 -9999.00 -9999.00 218.50 10.92 0.00
0.00 23034.79
27.80 -57.66 -9999.00 -9999.00 -9999.00 258.29 16.26 0.00
0.00 24267.19
22.30 -55.06 -9999.00 -9999.00 -9999.00 266.37 12.26 0.00
0.00 25666.11
17.10 -52.86 -9999.00 -9999.00 -9999.00 268.75 17.87 0.00
0.00 27369.61
12.30 -47.06 -9999.00 -9999.00 -9999.00 249.81 14.06 0.00
0.00 29522.12

STID = KABQ STNM = 723650 TIME = 221027/0100 
SLAT = 35.05 SLON = -106.62 SELV = 1639.0
STIM = 13

SHOW = -9999.00 LIFT = 1.53 SWET = -9999.00 KINX = -9999.00
LCLP = 640.27 PWAT = 8.80 TOTL = -9999.00 CAPE = 0.00
LCLT = 266.24 CINS = 0.00 EQLV = -9999.00 LFCT = -9999.00
BRCH = 0.00

PRES TMPC TMWC DWPC THTE DRCT SKNT OMEG
CFRL HGHT
830.60 13.64 5.58 -3.46 313.61 156.37 6.78 0.20
0.00 1649.12
828.10 14.84 6.06 -3.68 315.07 165.14 9.85 0.10
0.00 1674.54
823.60 15.14 6.06 -4.06 315.65 179.03 11.46 -0.20
0.00 1720.59
815.90 14.94 5.76 -4.66 315.92 198.43 13.52 -0.50
0.00 1799.99
804.60 14.14 5.13 -5.41 315.88 217.30 15.38 -1.10
0.00 1917.67
790.30 12.94 4.29 -6.15 315.81 232.74 17.33 -1.70
0.00 2068.44
773.50 11.44 3.28 -6.95 315.72 245.02 18.86 -2.30
0.00 2248.23
755.50 9.74 2.16 -7.70 315.65 256.66 19.37 -2.70
0.00 2444.14
736.20 7.84 0.90 -8.54 315.52 266.53 19.27 -2.80
0.00 2658.06
715.00 5.64 -0.57 -9.44 315.33 272.95 18.86 -2.60
0.00 2897.84
691.90 3.14 -2.20 -10.20 315.24 274.92 18.12 -2.20
0.00 3165.06
667.00 0.34 -3.99 -10.81 315.23 273.73 17.91 -1.70
0.00 3460.43
640.20 -2.66 -6.02 -11.62 315.26 268.21 18.65 -1.30
0.00 3787.42
611.40 -5.66 -8.25 -12.92 315.46 260.29 21.87 -0.90
0.00 4150.36
580.60 -9.06 -10.84 -14.37 315.62 253.11 27.41 -0.50
0.00 4553.06
547.60 -12.76 -14.01 -16.87 315.51 254.96 32.19 -0.10
0.00 5002.80
512.40 -16.36 -18.19 -24.19 314.51 262.99 35.02 0.50
0.00 5506.14
477.60 -19.46 -22.28 -40.70 314.20 265.52 39.74 1.00
0.00 6031.82
445.60 -22.66 -25.36 -59.02 315.70 266.41 46.52 1.50
0.00 6543.61
416.20 -25.96 -27.98 -47.25 318.06 266.06 53.75 1.70
0.00 7040.80
389.00 -29.16 -30.25 -38.09 320.95 263.62 62.94 1.80
0.00 7526.74
363.70 -32.46 -32.86 -35.57 323.25 261.57 72.86 1.70
87.00 8003.91
340.30 -36.26 -36.60 -39.65 323.71 261.81 79.10 1.60
93.00 8468.86
318.70 -39.76 -40.18 -45.77 324.37 262.58 84.23 1.50
4.00 8920.30
298.80 -42.16 -42.67 -52.42 326.62 263.22 92.13 1.40
0.00 9358.55
280.50 -43.76 -44.29 -57.17 330.10 263.77 100.23 1.20
0.00 9784.42
263.70 -44.96 -45.48 -59.12 334.18 262.49 104.04 1.00
0.00 10198.05
247.70 -45.96 -46.50 -63.54 338.63 259.85 103.59 0.80
0.00 10615.24
233.10 -46.86 -47.42 -71.86 343.11 257.57 102.84 0.50
0.00 11018.44
219.50 -48.26 -48.77 -72.27 346.89 255.96 102.53 0.30
0.00 11415.41
205.60 -50.46 -50.89 -72.72 349.98 255.81 102.99 0.10
0.00 11843.95
191.70 -53.26 -53.59 -73.19 352.56 256.02 102.10 -0.10
0.00 12297.38
177.70 -56.16 -9999.00 -9999.00 -9999.00 255.58 99.09 -0.30
0.00 12782.28
163.80 -59.16 -9999.00 -9999.00 -9999.00 256.30 96.78 -0.50
0.00 13296.04
149.80 -61.56 -9999.00 -9999.00 -9999.00 258.29 92.83 -0.60
0.00 13852.54
135.90 -63.26 -9999.00 -9999.00 -9999.00 259.40 83.39 -0.70
0.00 14453.26
121.90 -64.36 -9999.00 -9999.00 -9999.00 257.40 67.68 -0.60
0.00 15119.45
107.90 -65.96 -9999.00 -9999.00 -9999.00 251.94 56.39 -0.50
0.00 15862.18
94.00 -67.16 -9999.00 -9999.00 -9999.00 253.51 50.64 -0.20
0.00 16696.15
81.00 -67.36 -9999.00 -9999.00 -9999.00 260.77 47.22 0.10
0.00 17593.19
70.60 -64.86 -9999.00 -9999.00 -9999.00 264.17 45.88 0.20
0.00 18426.00
62.20 -60.36 -9999.00 -9999.00 -9999.00 261.17 40.50 0.10
0.00 19206.67
54.30 -58.96 -9999.00 -9999.00 -9999.00 263.60 19.15 -0.10
0.00 20055.50
46.90 -62.66 -9999.00 -9999.00 -9999.00 253.07 9.34 -0.10
0.00 20966.11
40.10 -57.16 -9999.00 -9999.00 -9999.00 245.38 15.38 0.00
0.00 21943.84
33.80 -56.26 -9999.00 -9999.00 -9999.00 195.33 12.49 0.00
0.00 23026.67
27.80 -56.36 -9999.00 -9999.00 -9999.00 262.98 12.72 0.00
0.00 24267.08
22.30 -54.36 -9999.00 -9999.00 -9999.00 279.21 14.57 0.00
0.00 25672.45
17.10 -52.86 -9999.00 -9999.00 -9999.00 273.89 20.05 0.00
0.00 27378.67
12.30 -48.46 -9999.00 -9999.00 -9999.00 266.85 24.71 0.00
0.00 29524.43

STID = KABQ STNM = 723650 TIME = 221027/0200 
SLAT = 35.05 SLON = -106.62 SELV = 1639.0
STIM = 14

SHOW = -9999.00 LIFT = 1.61 SWET = -9999.00 KINX = -9999.00
LCLP = 639.05 PWAT = 8.79 TOTL = -9999.00 CAPE = 0.00
LCLT = 265.51 CINS = 0.00 EQLV = -9999.00 LFCT = -9999.00
BRCH = 0.00

PRES TMPC TMWC DWPC THTE DRCT SKNT OMEG
CFRL HGHT
830.90 13.04 5.09 -4.18 312.35 152.59 5.91 0.20
0.00 1650.11
828.50 14.54 5.67 -4.54 314.02 167.62 8.16 0.00
0.00 1674.45
824.00 14.94 5.70 -5.01 314.66 185.29 10.53 -0.30
0.00 1720.44
816.20 14.84 5.38 -5.90 314.87 202.87 13.50 -0.70
0.00 1800.78
805.00 14.14 4.80 -6.65 314.95 220.84 15.15 -1.20
0.00 1917.32
790.70 12.94 4.01 -7.25 315.00 238.67 15.70 -1.80
0.00 2068.00
773.90 11.34 3.03 -7.71 315.05 253.96 16.16 -2.20
0.00 2247.64
755.80 9.44 1.88 -8.21 314.94 265.24 16.38 -2.50
0.00 2444.39
736.50 7.44 0.67 -8.63 314.97 272.76 16.14 -2.50
0.00 2657.96
715.30 5.24 -0.72 -9.24 314.96 275.71 15.62 -2.40
0.00 2897.29
692.20 2.84 -2.29 -9.95 315.00 274.34 15.38 -2.10
0.00 3164.07
667.20 0.14 -4.10 -10.80 314.98 270.71 15.73 -1.90
0.00 3460.25
640.40 -2.66 -6.09 -11.88 315.08 264.86 17.37 -1.60
0.00 3787.01
611.70 -5.66 -8.37 -13.35 315.17 255.96 21.62 -1.30
0.00 4148.54
580.80 -9.06 -10.60 -13.55 316.06 246.53 27.31 -0.80
0.00 4552.38
547.80 -13.06 -13.73 -15.19 315.98 249.74 30.85 -0.30
5.00 5001.76
512.50 -16.76 -18.37 -23.57 314.20 263.74 32.05 0.40
0.00 5505.77
477.70 -19.76 -22.57 -42.03 313.71 267.91 37.32 1.00
0.00 6030.62
445.70 -23.06 -25.69 -59.01 315.17 266.00 44.60 1.50
0.00 6541.58
416.20 -26.46 -28.31 -44.82 317.57 263.92 51.38 1.70
0.00 7039.51
389.00 -29.66 -30.56 -36.83 320.47 262.37 59.96 1.80
0.00 7524.47
363.70 -32.56 -32.99 -35.97 323.04 260.12 70.20 1.70
57.00 8001.06
340.30 -36.36 -36.66 -39.39 323.61 259.62 77.60 1.70
100.00 8465.82
318.70 -40.16 -40.43 -43.72 324.00 260.36 83.55 1.60
87.00 8916.78
298.80 -42.46 -42.88 -50.17 326.31 260.66 92.13 1.50
0.00 9354.38
280.50 -44.06 -44.55 -55.92 329.71 261.24 102.00 1.40
0.00 9779.70
263.70 -45.16 -45.66 -59.12 333.89 261.00 107.98 1.30
0.00 10192.88
247.70 -46.06 -46.59 -63.54 338.49 259.67 109.38 1.10
0.00 10609.79
233.10 -46.76 -47.33 -71.86 343.26 257.75 108.94 0.90
0.00 11013.00
219.40 -48.16 -48.68 -72.28 347.09 256.59 107.23 0.60
0.00 11413.15
205.60 -50.26 -50.70 -72.72 350.29 256.93 105.69 0.40
0.00 11839.00
191.70 -52.86 -53.20 -73.19 353.20 257.47 103.87 0.10
0.00 12293.04
177.70 -55.86 -9999.00 -9999.00 -9999.00 256.98 100.89 -0.10
0.00 12778.71
163.80 -58.86 -9999.00 -9999.00 -9999.00 256.84 98.15 -0.30
0.00 13293.19
149.80 -61.36 -9999.00 -9999.00 -9999.00 258.16 94.68 -0.40
0.00 13850.34
135.80 -63.16 -9999.00 -9999.00 -9999.00 260.10 86.97 -0.60
0.00 14456.03
121.90 -64.26 -9999.00 -9999.00 -9999.00 260.95 71.60 -0.60
0.00 15118.03
107.90 -65.66 -9999.00 -9999.00 -9999.00 258.49 55.50 -0.60
0.00 15861.47
94.00 -67.16 -9999.00 -9999.00 -9999.00 255.44 46.37 -0.30
0.00 16696.05
81.00 -67.76 -9999.00 -9999.00 -9999.00 254.88 42.46 -0.10
0.00 17592.22
70.60 -65.16 -9999.00 -9999.00 -9999.00 261.05 42.48 0.10
0.00 18423.62
62.20 -61.46 -9999.00 -9999.00 -9999.00 261.83 39.65 0.10
0.00 19201.70
54.30 -59.16 -9999.00 -9999.00 -9999.00 265.45 22.03 0.00
0.00 20047.94
46.90 -61.56 -9999.00 -9999.00 -9999.00 231.55 8.43 0.00
0.00 20960.48
40.10 -55.66 -9999.00 -9999.00 -9999.00 235.12 15.62 0.00
0.00 21944.17
33.80 -55.06 -9999.00 -9999.00 -9999.00 211.76 9.60 0.00
0.00 23033.76
27.80 -56.46 -9999.00 -9999.00 -9999.00 279.75 12.61 0.00
0.00 24277.31
22.30 -56.56 -9999.00 -9999.00 -9999.00 285.31 16.92 0.00
0.00 25675.26
17.10 -54.66 -9999.00 -9999.00 -9999.00 264.87 15.21 0.00
0.00 27365.93
12.30 -49.06 -9999.00 -9999.00 -9999.00 269.55 24.67 0.00
0.00 29500.12

STID = KABQ STNM = 723650 TIME = 221027/0300 
SLAT = 35.05 SLON = -106.62 SELV = 1639.0
STIM = 15

SHOW = -9999.00 LIFT = 1.82 SWET = -9999.00 KINX = -9999.00
LCLP = 628.63 PWAT = 8.93 TOTL = -9999.00 CAPE = 0.00
LCLT = 264.39 CINS = 0.00 EQLV = -9999.00 LFCT = -9999.00
BRCH = 0.00

PRES TMPC TMWC DWPC THTE DRCT SKNT OMEG
CFRL HGHT
831.50 13.24 4.92 -5.10 311.82 158.20 6.27 0.20
0.00 1649.10
829.00 14.34 5.35 -5.40 313.12 168.37 6.74 -0.10
0.00 1674.43
824.50 14.64 5.34 -5.85 313.67 191.82 8.53 -0.40
0.00 1720.35
816.80 14.64 5.10 -6.65 314.06 212.74 9.69 -0.80
0.00 1799.53
805.50 13.94 4.61 -7.06 314.40 240.83 9.56 -1.10
0.00 1916.94
791.20 12.54 3.78 -7.38 314.41 267.04 11.29 -1.30
0.00 2067.36
774.40 10.94 2.83 -7.75 314.51 278.49 13.15 -1.50
0.00 2246.64
756.30 9.14 1.75 -8.15 314.57 280.23 14.22 -1.60
0.00 2443.01
737.00 7.14 0.53 -8.58 314.60 279.09 14.76 -1.60
0.00 2656.21
715.70 5.04 -0.80 -9.14 314.75 274.40 15.19 -1.60
0.00 2896.31
692.60 2.64 -2.34 -9.75 314.84 268.60 15.93 -1.60
0.00 3162.75
667.60 -0.06 -4.16 -10.60 314.81 263.29 16.63 -1.60
0.00 3458.55
640.80 -2.86 -6.19 -11.82 314.82 259.16 18.59 -1.50
0.00 3784.88
612.00 -5.76 -8.35 -13.07 315.16 251.87 23.10 -1.30
0.00 4147.27
581.10 -9.26 -10.41 -12.53 316.38 242.17 27.47 -0.80
0.00 4550.71
548.00 -13.16 -13.66 -14.74 316.08 247.56 29.00 -0.20
25.00 5001.03
512.70 -16.86 -18.57 -24.29 313.82 263.36 28.55 0.40
0.00 5504.65
477.90 -19.86 -22.73 -44.11 313.40 266.73 34.05 0.90
0.00 6029.07
445.80 -23.16 -25.72 -54.88 315.10 261.50 42.04 1.20
0.00 6541.26
416.30 -26.66 -28.26 -40.48 317.65 259.05 49.07 1.40
0.00 7038.79
389.10 -29.86 -30.50 -34.50 320.57 258.31 57.52 1.40
0.00 7523.26
363.70 -32.46 -32.86 -35.57 323.25 256.32 68.98 1.40
76.00 8001.59
340.30 -36.46 -36.73 -39.13 323.51 255.86 74.73 1.40
98.00 8466.35
318.70 -40.36 -40.56 -43.01 323.79 256.83 81.00 1.40
46.00 8917.04
298.80 -42.66 -43.02 -48.92 326.10 257.47 91.34 1.50
0.00 9354.27
280.50 -44.16 -44.64 -55.92 329.57 258.48 102.10 1.50
0.00 9779.31
263.70 -45.46 -45.94 -59.12 333.45 259.33 109.11 1.40
0.00 10192.13
247.70 -46.36 -46.87 -63.54 338.04 259.38 113.83 1.30
0.00 10608.49
233.10 -47.16 -47.68 -66.98 342.70 258.80 115.05 1.10
0.00 11011.07
219.40 -48.56 -49.06 -72.28 346.47 258.44 111.42 0.80
0.00 11410.52
205.60 -50.46 -50.89 -72.72 349.98 258.12 107.60 0.60
0.00 11835.79
191.70 -53.06 -53.40 -73.19 352.88 256.92 104.70 0.30
0.00 12289.43
177.70 -55.86 -9999.00 -9999.00 -9999.00 255.41 102.56 0.10
0.00 12774.87
163.80 -58.66 -9999.00 -9999.00 -9999.00 255.94 99.92 -0.20
0.00 13289.59
149.80 -61.26 -9999.00 -9999.00 -9999.00 258.42 95.77 -0.40
0.00 13847.14
135.80 -63.36 -9999.00 -9999.00 -9999.00 260.66 87.41 -0.60
0.00 14452.68
121.90 -64.36 -9999.00 -9999.00 -9999.00 261.70 72.63 -0.60
0.00 15114.21
107.90 -65.26 -9999.00 -9999.00 -9999.00 259.05 55.21 -0.60
0.00 15858.19
94.00 -66.76 -9999.00 -9999.00 -9999.00 254.05 43.84 -0.40
0.00 16694.37
81.00 -67.66 -9999.00 -9999.00 -9999.00 250.42 40.00 -0.10
0.00 17591.64
70.60 -65.36 -9999.00 -9999.00 -9999.00 255.64 42.31 0.10
0.00 18422.84
62.20 -60.26 -9999.00 -9999.00 -9999.00 260.17 39.82 0.20
0.00 19202.77
54.30 -56.76 -9999.00 -9999.00 -9999.00 266.93 21.79 0.10
0.00 20056.17
46.90 -58.56 -9999.00 -9999.00 -9999.00 247.48 8.62 0.00
0.00 20980.29
40.10 -56.56 -9999.00 -9999.00 -9999.00 264.81 15.02 0.00
0.00 21968.79
33.80 -55.86 -9999.00 -9999.00 -9999.00 280.20 9.87 0.00
0.00 23054.13
27.80 -57.86 -9999.00 -9999.00 -9999.00 265.67 12.86 0.00
0.00 24291.38
22.30 -56.26 -9999.00 -9999.00 -9999.00 277.21 15.46 0.00
0.00 25685.78
17.10 -54.26 -9999.00 -9999.00 -9999.00 283.85 14.61 0.00
0.00 27379.18
12.30 -49.56 -9999.00 -9999.00 -9999.00 276.43 25.99 0.00
0.00 29512.89

STID = KABQ STNM = 723650 TIME = 221027/0400 
SLAT = 35.05 SLON = -106.62 SELV = 1639.0
STIM = 16

SHOW = -9999.00 LIFT = 2.58 SWET = -9999.00 KINX = -9999.00
LCLP = 621.12 PWAT = 9.09 TOTL = -9999.00 CAPE = 0.00
LCLT = 263.36 CINS = 0.00 EQLV = -9999.00 LFCT = -9999.00
BRCH = 0.00

PRES TMPC TMWC DWPC THTE DRCT SKNT OMEG
CFRL HGHT
830.90 13.04 4.58 -6.02 311.04 163.61 6.88 0.10
0.00 1650.10
828.50 13.84 4.89 -6.23 312.06 163.44 7.50 0.00
0.00 1674.41
824.00 14.04 4.91 -6.44 312.67 182.60 8.55 -0.30
0.00 1720.26
816.20 14.14 4.81 -6.84 313.46 207.15 8.51 -0.70
0.00 1800.37
805.00 13.44 4.35 -7.11 313.87 239.86 6.95 -0.90
0.00 1916.62
790.70 12.14 3.60 -7.34 314.06 276.48 8.61 -1.10
0.00 2066.89
773.90 10.44 2.63 -7.57 314.14 288.14 11.85 -1.30
0.00 2246.00
755.80 8.74 1.62 -7.88 314.37 286.93 14.01 -1.50
0.00 2442.20
736.50 6.84 0.44 -8.35 314.47 280.57 14.82 -1.50
0.00 2655.28
715.30 4.74 -0.91 -8.96 314.57 271.43 15.54 -1.50
0.00 2894.15
692.20 2.34 -2.40 -9.37 314.80 264.98 17.75 -1.50
0.00 3160.46
667.20 -0.36 -4.15 -9.98 314.91 262.44 19.21 -1.50
0.00 3456.13
640.40 -3.16 -6.24 -11.37 314.80 259.84 20.92 -1.30
0.00 3782.32
611.70 -6.16 -8.31 -12.09 315.32 249.78 23.60 -0.90
0.00 4143.21
580.80 -9.66 -10.44 -11.86 316.38 241.32 25.91 -0.40
0.00 4546.29
547.70 -13.26 -14.17 -16.25 315.19 251.29 26.05 0.20
6.00 4996.41
512.50 -16.36 -18.95 -29.52 313.14 261.22 26.73 0.80
0.00 5499.13
477.70 -19.36 -22.56 -54.31 313.64 257.75 34.79 1.20
0.00 6024.70
445.70 -23.26 -25.21 -37.58 316.07 253.23 44.42 1.30
0.00 6535.89
416.20 -26.86 -27.51 -30.78 318.95 253.14 51.55 1.30
0.00 7033.35
389.00 -29.46 -29.97 -32.90 321.43 252.67 60.64 1.20
19.00 7518.22
363.70 -32.76 -33.14 -35.77 322.81 252.48 69.06 1.10
81.00 7994.84
340.30 -36.66 -36.91 -39.13 323.24 253.32 72.40 1.10
98.00 8459.11
318.70 -40.16 -40.40 -43.36 324.04 253.67 80.15 1.10
0.00 8909.79
298.80 -42.36 -42.79 -50.17 326.45 254.30 94.04 1.10
0.00 9347.49
280.50 -44.36 -44.83 -55.92 329.28 255.96 102.53 1.00
0.00 9772.62
263.70 -45.86 -46.32 -59.12 332.86 257.36 110.08 0.90
0.00 10184.90
247.70 -47.06 -47.51 -61.35 337.04 258.48 116.76 0.80
0.00 10600.25
233.10 -48.06 -48.51 -64.00 341.38 259.24 118.63 0.70
0.00 11001.42
219.40 -49.36 -49.81 -72.28 345.24 258.65 115.50 0.50
0.00 11399.36
205.60 -51.26 -51.65 -72.72 348.72 257.65 111.75 0.30
0.00 11823.11
191.70 -53.66 -53.97 -73.19 351.92 256.43 109.30 0.20
0.00 12275.31
177.70 -56.36 -56.60 -73.70 355.20 255.71 107.85 0.00
0.00 12759.54
163.80 -59.36 -9999.00 -9999.00 -9999.00 256.66 105.21 -0.20
0.00 13272.83
149.80 -61.96 -9999.00 -9999.00 -9999.00 258.19 99.63 -0.30
0.00 13828.54
135.80 -63.56 -9999.00 -9999.00 -9999.00 259.36 88.34 -0.40
0.00 14432.79
121.90 -64.46 -9999.00 -9999.00 -9999.00 260.29 73.70 -0.50
0.00 15093.84
107.90 -64.96 -9999.00 -9999.00 -9999.00 258.61 57.07 -0.40
0.00 15838.18
94.00 -65.86 -9999.00 -9999.00 -9999.00 255.31 45.18 -0.30
0.00 16676.79
81.00 -66.86 -9999.00 -9999.00 -9999.00 252.00 40.85 -0.10
0.00 17577.75
70.60 -65.96 -9999.00 -9999.00 -9999.00 253.57 43.94 0.10
0.00 18409.36
62.20 -60.36 -9999.00 -9999.00 -9999.00 257.56 40.58 0.10
0.00 19187.99
54.30 -56.16 -9999.00 -9999.00 -9999.00 266.26 20.82 0.00
0.00 20042.38
46.90 -58.66 -9999.00 -9999.00 -9999.00 236.31 5.59 0.00
0.00 20967.58
40.10 -57.56 -9999.00 -9999.00 -9999.00 262.09 14.12 0.00
0.00 21953.56
33.80 -55.36 -9999.00 -9999.00 -9999.00 281.73 10.51 0.00
0.00 23037.64
27.80 -57.26 -9999.00 -9999.00 -9999.00 246.50 9.75 0.00
0.00 24278.05
22.30 -56.56 -9999.00 -9999.00 -9999.00 267.03 14.98 0.00
0.00 25673.41
17.10 -54.96 -9999.00 -9999.00 -9999.00 275.40 14.43 0.00
0.00 27362.92
12.30 -49.86 -9999.00 -9999.00 -9999.00 281.07 27.31 0.00
0.00 29491.81

STID = KABQ STNM = 723650 TIME = 221027/0500 
SLAT = 35.05 SLON = -106.62 SELV = 1639.0
STIM = 17

SHOW = -9999.00 LIFT = 3.23 SWET = -9999.00 KINX = -9999.00
LCLP = 619.50 PWAT = 9.13 TOTL = -9999.00 CAPE = 0.00
LCLT = 262.44 CINS = 0.00 EQLV = -9999.00 LFCT = -9999.00
BRCH = 0.00

PRES TMPC TMWC DWPC THTE DRCT SKNT OMEG
CFRL HGHT
830.80 12.24 3.95 -6.94 309.58 164.74 6.64 0.20
0.00 1650.07
828.40 13.14 4.32 -7.17 310.70 163.30 8.12 0.10
0.00 1674.32
823.90 13.24 4.31 -7.33 311.24 175.84 10.70 -0.20
0.00 1720.04
816.10 13.44 4.39 -7.22 312.46 195.00 11.27 -0.50
0.00 1799.95
804.90 12.84 4.03 -7.25 313.13 211.37 9.32 -0.80
0.00 1915.94
790.60 11.64 3.36 -7.35 313.51 248.50 6.90 -1.00
0.00 2065.94
773.80 10.04 2.49 -7.35 313.85 282.41 9.95 -1.30
0.00 2244.80
755.70 8.34 1.56 -7.34 314.29 285.61 13.71 -1.50
0.00 2440.75
736.40 6.54 0.48 -7.67 314.60 280.37 16.20 -1.60
0.00 2653.61
715.20 4.44 -0.92 -8.45 314.58 270.70 15.93 -1.50
0.00 2892.28
692.10 2.04 -2.47 -9.05 314.68 264.03 16.80 -1.40
0.00 3158.36
667.20 -0.76 -4.19 -9.38 314.85 263.72 19.54 -1.30
0.00 3452.50
640.30 -3.66 -6.25 -10.45 314.81 260.62 21.46 -1.00
0.00 3779.43
611.60 -6.66 -8.26 -10.98 315.45 247.49 23.35 -0.60
0.00 4139.75
580.80 -9.86 -10.84 -12.68 315.62 242.86 25.97 -0.10
0.00 4541.03
547.70 -12.96 -14.91 -20.11 313.82 252.11 25.93 0.20
0.00 4991.14
512.50 -15.86 -19.23 -37.44 312.55 255.49 28.69 0.50
0.00 5494.50
477.70 -19.26 -22.38 -48.36 313.96 250.72 37.67 0.70
0.00 6020.64
445.70 -23.76 -24.74 -29.20 316.91 248.82 46.25 0.80
0.00 6531.50
416.20 -26.46 -26.95 -29.26 319.84 249.01 53.67 0.70
69.00 7028.94
389.00 -29.46 -29.88 -32.25 321.57 251.91 61.31 0.70
88.00 7514.23
363.70 -33.06 -33.37 -35.57 322.44 253.85 66.34 0.60
100.00 7990.56
340.30 -37.06 -37.26 -39.13 322.69 254.01 69.11 0.70
100.00 8454.15
318.70 -40.16 -40.45 -44.10 323.96 253.12 81.60 0.70
38.00 8904.45
298.80 -42.66 -43.11 -51.61 325.95 252.43 93.94 0.70
0.00 9341.85
280.50 -44.96 -45.42 -57.17 328.38 252.86 100.21 0.70
0.00 9766.15
263.70 -46.56 -46.98 -59.12 331.84 254.42 108.49 0.60
0.00 10177.25
247.70 -47.96 -48.33 -59.61 335.74 256.70 117.37 0.60
0.00 10591.14
233.10 -49.46 -49.81 -61.82 339.30 258.03 119.93 0.60
0.00 10990.26
219.40 -50.56 -50.93 -67.42 343.44 257.73 117.89 0.50
0.00 11385.90
205.60 -52.06 -52.41 -72.72 347.46 257.02 115.02 0.40
0.00 11807.75
191.60 -54.26 -54.55 -73.19 351.01 256.47 112.88 0.30
0.00 12261.88
177.70 -57.06 -57.28 -73.70 354.06 255.87 111.38 0.20
0.00 12741.34
163.80 -59.86 -9999.00 -9999.00 -9999.00 256.33 109.34 0.10
0.00 13253.20
149.80 -61.86 -9999.00 -9999.00 -9999.00 258.14 103.01 0.00
0.00 13808.39
135.80 -62.66 -9999.00 -9999.00 -9999.00 259.86 89.39 -0.10
0.00 14414.08
121.90 -63.16 -9999.00 -9999.00 -9999.00 260.71 73.43 -0.30
0.00 15078.60
107.90 -63.86 -9999.00 -9999.00 -9999.00 260.29 58.72 -0.30
0.00 15827.22
94.00 -64.86 -9999.00 -9999.00 -9999.00 258.12 46.25 -0.30
0.00 16670.07
81.00 -66.36 -9999.00 -9999.00 -9999.00 252.02 39.01 -0.10
0.00 17574.31
70.60 -66.16 -9999.00 -9999.00 -9999.00 248.65 41.08 0.00
0.00 18406.51
62.20 -60.66 -9999.00 -9999.00 -9999.00 254.70 40.48 0.10
0.00 19184.22
54.30 -55.16 -9999.00 -9999.00 -9999.00 271.99 22.36 0.00
0.00 20040.00
46.90 -58.76 -9999.00 -9999.00 -9999.00 229.64 5.09 0.00
0.00 20967.13
40.10 -57.96 -9999.00 -9999.00 -9999.00 258.84 15.05 0.00
0.00 21951.96
33.80 -55.56 -9999.00 -9999.00 -9999.00 271.33 8.35 0.00
0.00 23034.55
27.80 -57.56 -9999.00 -9999.00 -9999.00 218.23 8.16 0.00
0.00 24273.52
22.30 -56.86 -9999.00 -9999.00 -9999.00 255.07 15.07 0.00
0.00 25666.95
17.10 -54.26 -9999.00 -9999.00 -9999.00 274.03 13.83 0.00
0.00 27358.02
12.30 -50.06 -9999.00 -9999.00 -9999.00 292.96 24.90 0.00
0.00 29489.31

STID = KABQ STNM = 723650 TIME = 221027/0600 
SLAT = 35.05 SLON = -106.62 SELV = 1639.0
STIM = 18

SHOW = -9999.00 LIFT = 3.39 SWET = -9999.00 KINX = -9999.00
LCLP = 622.79 PWAT = 9.08 TOTL = -9999.00 CAPE = 0.00
LCLT = 261.99 CINS = 0.00 EQLV = -9999.00 LFCT = -9999.00
BRCH = 0.00

PRES TMPC TMWC DWPC THTE DRCT SKNT OMEG
CFRL HGHT
831.00 11.34 3.38 -7.47 308.24 171.38 6.49 0.20
0.00 1651.04
828.60 12.44 3.86 -7.65 309.61 170.96 8.66 0.00
0.00 1675.21
824.10 12.54 3.87 -7.72 310.21 177.92 10.68 -0.30
0.00 1720.81
816.40 12.74 3.95 -7.65 311.38 203.07 11.40 -0.70
0.00 1799.46
805.10 12.54 3.82 -7.53 312.60 223.45 10.16 -0.90
0.00 1916.25
790.80 11.34 3.21 -7.34 313.16 247.69 8.20 -0.90
0.00 2066.05
774.00 9.84 2.44 -7.16 313.73 270.00 10.30 -1.00
0.00 2244.71
755.90 8.04 1.49 -7.07 314.12 273.27 13.62 -1.10
0.00 2440.44
736.60 6.24 0.40 -7.41 314.42 266.55 16.16 -1.20
0.00 2653.03
715.40 4.24 -0.93 -8.13 314.54 259.92 17.75 -1.20
0.00 2891.43
692.30 1.74 -2.53 -8.73 314.52 259.89 19.93 -1.20
0.00 3157.20
667.30 -1.16 -4.27 -8.94 314.67 261.50 21.02 -1.10
0.00 3452.10
640.50 -4.06 -6.25 -9.72 314.80 251.57 20.88 -0.80
0.00 3777.27
611.70 -6.96 -8.38 -10.80 315.19 236.57 23.97 -0.50
0.00 4138.32
580.90 -9.66 -11.38 -14.94 314.54 237.38 28.83 -0.30
0.00 4539.41
547.80 -12.46 -15.26 -23.87 313.12 244.92 30.24 -0.30
0.00 4989.92
512.60 -15.56 -19.25 -42.89 312.44 248.96 32.46 -0.20
0.00 5493.89
477.80 -20.06 -22.41 -35.27 314.02 249.58 38.97 0.00
0.00 6019.44
445.70 -23.96 -24.62 -27.40 317.12 245.99 46.78 0.10
0.00 6530.89
416.30 -26.66 -27.07 -29.00 319.63 247.10 54.41 0.20
100.00 7026.21
389.00 -29.76 -30.16 -32.41 321.14 252.14 60.82 0.20
97.00 7512.73
363.70 -33.36 -33.65 -35.77 322.00 254.64 65.27 0.30
100.00 7988.46
340.30 -37.46 -37.62 -39.13 322.14 255.21 67.72 0.40
100.00 8451.37
318.70 -41.06 -41.25 -43.72 322.75 255.31 78.92 0.50
36.00 8900.42
298.80 -43.16 -43.62 -53.31 325.16 252.64 91.78 0.60
0.00 9336.51
280.50 -44.86 -45.35 -58.63 328.48 251.22 102.58 0.60
0.00 9760.43
263.70 -46.76 -47.14 -57.67 331.59 252.60 112.37 0.60
0.00 10171.44
247.70 -48.66 -48.97 -58.17 334.74 255.12 118.78 0.60
0.00 10584.51
233.10 -50.26 -50.57 -61.82 338.09 256.55 120.24 0.70
0.00 10982.30
219.40 -51.26 -51.60 -67.42 342.36 256.75 119.54 0.60
0.00 11376.60
205.60 -52.66 -52.99 -72.72 346.52 256.10 118.07 0.60
0.00 11797.22
191.60 -54.56 -54.84 -73.19 350.53 254.71 116.39 0.50
0.00 12250.42
177.70 -56.96 -9999.00 -9999.00 -9999.00 254.40 115.56 0.50
0.00 12729.66
163.70 -59.46 -9999.00 -9999.00 -9999.00 256.30 113.17 0.40
0.00 13245.95
149.80 -61.16 -9999.00 -9999.00 -9999.00 259.26 104.20 0.20
0.00 13798.78
135.80 -62.06 -9999.00 -9999.00 -9999.00 261.71 88.93 0.10
0.00 14406.33
121.90 -62.86 -9999.00 -9999.00 -9999.00 261.85 73.97 -0.10
0.00 15072.28
107.90 -63.56 -9999.00 -9999.00 -9999.00 259.13 59.73 -0.20
0.00 15821.98
94.00 -64.26 -9999.00 -9999.00 -9999.00 254.90 45.47 -0.30
0.00 16666.64
81.00 -65.96 -9999.00 -9999.00 -9999.00 247.80 36.50 -0.20
0.00 17573.05
70.60 -66.36 -9999.00 -9999.00 -9999.00 247.73 39.47 0.00
0.00 18405.66
62.20 -59.76 -9999.00 -9999.00 -9999.00 256.03 41.84 0.10
0.00 19184.67
54.30 -54.26 -9999.00 -9999.00 -9999.00 264.97 24.38 0.00
0.00 20044.03
46.90 -59.16 -9999.00 -9999.00 -9999.00 200.41 8.92 0.00
0.00 20972.22
40.10 -59.26 -9999.00 -9999.00 -9999.00 253.30 18.26 0.00
0.00 21953.16
33.80 -55.86 -9999.00 -9999.00 -9999.00 257.28 12.35 0.00
0.00 23031.75
27.80 -58.16 -9999.00 -9999.00 -9999.00 221.99 10.45 0.00
0.00 24268.15
22.30 -56.66 -9999.00 -9999.00 -9999.00 262.41 17.64 0.00
0.00 25660.29
17.10 -53.36 -9999.00 -9999.00 -9999.00 287.95 14.49 0.00
0.00 27355.63
12.30 -50.56 -9999.00 -9999.00 -9999.00 290.36 20.10 0.00
0.00 29488.85

STID = KABQ STNM = 723650 TIME = 221027/0700 
SLAT = 35.05 SLON = -106.62 SELV = 1639.0
STIM = 19

SHOW = -9999.00 LIFT = 3.05 SWET = -9999.00 KINX = -9999.00
LCLP = 625.43 PWAT = 9.31 TOTL = -9999.00 CAPE = 0.00
LCLT = 262.09 CINS = 0.00 EQLV = -9999.00 LFCT = -9999.00
BRCH = 0.00

PRES TMPC TMWC DWPC THTE DRCT SKNT OMEG
CFRL HGHT
830.30 11.04 3.24 -7.43 308.02 175.60 5.07 0.30
0.00 1650.03
827.80 11.54 3.45 -7.52 308.80 181.97 5.63 0.00
0.00 1675.18
823.30 11.64 3.46 -7.59 309.40 190.44 7.50 -0.40
0.00 1720.68
815.60 11.64 3.43 -7.56 310.33 223.36 9.62 -0.90
0.00 1799.14
804.30 11.64 3.39 -7.50 311.72 245.10 11.99 -1.40
0.00 1915.63
790.10 10.94 3.02 -7.31 312.82 254.18 12.12 -1.50
0.00 2064.19
773.30 9.44 2.28 -7.04 313.45 262.23 12.94 -1.50
0.00 2242.76
755.20 7.74 1.33 -7.08 313.86 263.16 14.67 -1.50
0.00 2438.43
735.90 5.94 0.21 -7.51 314.10 261.20 16.51 -1.50
0.00 2650.99
714.80 3.54 -1.34 -8.23 313.76 263.25 18.18 -1.40
0.00 2888.04
691.70 0.94 -2.89 -8.48 313.86 267.71 19.44 -1.30
0.00 3153.32
666.80 -1.66 -4.52 -8.82 314.24 262.21 18.63 -1.10
0.00 3446.58
640.00 -4.26 -6.37 -9.73 314.63 240.67 19.83 -0.80
0.00 3771.59
611.20 -6.96 -8.65 -11.61 314.74 227.67 26.53 -0.70
0.00 4132.77
580.50 -9.76 -11.62 -15.55 314.17 230.01 31.43 -0.60
0.00 4532.76
547.50 -12.56 -15.49 -24.91 312.76 241.34 33.22 -0.60
0.00 4981.99
512.30 -16.16 -19.13 -32.92 312.81 252.34 36.50 -0.50
0.00 5485.59
477.60 -20.86 -21.88 -25.73 315.05 251.31 41.84 -0.40
0.00 6008.60
445.50 -24.16 -24.56 -26.16 317.27 248.33 48.91 -0.40
100.00 6519.36
416.10 -27.06 -27.40 -29.00 319.16 249.04 54.29 -0.40
100.00 7014.33
388.90 -30.16 -30.47 -32.25 320.67 254.28 60.94 -0.20
100.00 7498.45
363.60 -33.96 -34.13 -35.37 321.29 255.88 66.10 -0.10
100.00 7973.34
340.20 -38.36 -38.45 -39.39 320.90 254.76 69.46 0.10
100.00 8434.92
318.70 -41.76 -42.04 -46.24 321.55 254.27 76.69 0.30
0.00 8880.41
298.80 -44.06 -44.51 -55.40 323.81 252.28 88.71 0.50
0.00 9314.98
280.50 -45.76 -46.17 -57.17 327.23 251.74 101.67 0.70
0.00 9737.23
263.70 -47.46 -47.83 -59.12 330.52 252.85 112.00 0.80
0.00 10146.80
247.70 -49.16 -49.47 -59.61 333.95 254.18 119.72 0.80
0.00 10558.76
233.10 -50.56 -50.88 -64.00 337.59 255.20 123.15 0.90
0.00 10955.84
219.40 -51.66 -51.98 -67.42 341.74 255.24 123.54 0.90
0.00 11349.52
205.60 -52.86 -53.18 -72.72 346.21 254.36 123.25 0.80
0.00 11769.57
191.60 -54.56 -54.84 -73.19 350.53 253.87 122.34 0.80
0.00 12222.56
177.70 -56.76 -56.99 -73.70 354.55 254.26 120.28 0.70
0.00 12702.03
163.70 -58.96 -9999.00 -9999.00 -9999.00 256.15 115.23 0.60
0.00 13219.16
149.80 -60.36 -9999.00 -9999.00 -9999.00 259.03 104.08 0.40
0.00 13773.68
135.80 -61.16 -9999.00 -9999.00 -9999.00 261.26 88.25 0.20
0.00 14383.67
121.90 -61.76 -9999.00 -9999.00 -9999.00 259.83 72.63 0.00
0.00 15052.78
107.90 -62.16 -9999.00 -9999.00 -9999.00 258.62 60.04 -0.20
0.00 15806.94
94.00 -62.86 -9999.00 -9999.00 -9999.00 257.80 44.11 -0.30
0.00 16657.26
81.00 -64.86 -9999.00 -9999.00 -9999.00 251.67 33.35 -0.20
0.00 17569.12
70.60 -65.66 -9999.00 -9999.00 -9999.00 250.82 37.84 0.00
0.00 18405.34
62.20 -60.66 -9999.00 -9999.00 -9999.00 257.08 43.45 0.10
0.00 19183.98
54.30 -55.36 -9999.00 -9999.00 -9999.00 262.83 29.56 0.10
0.00 20039.36
46.90 -59.86 -9999.00 -9999.00 -9999.00 180.00 7.77 0.00
0.00 20963.70
40.10 -61.16 -9999.00 -9999.00 -9999.00 255.96 16.82 0.00
0.00 21938.68
33.80 -56.06 -9999.00 -9999.00 -9999.00 245.27 16.26 0.00
0.00 23012.01
27.80 -57.46 -9999.00 -9999.00 -9999.00 221.35 12.94 0.00
0.00 24249.83
22.30 -55.36 -9999.00 -9999.00 -9999.00 272.86 19.44 0.00
0.00 25648.43
17.10 -52.16 -9999.00 -9999.00 -9999.00 300.96 12.45 0.00
0.00 27353.48
12.30 -50.16 -9999.00 -9999.00 -9999.00 301.33 20.92 0.00
0.00 29494.42

STID = KABQ STNM = 723650 TIME = 221027/0800 
SLAT = 35.05 SLON = -106.62 SELV = 1639.0
STIM = 20

SHOW = -9999.00 LIFT = 3.22 SWET = -9999.00 KINX = -9999.00
LCLP = 634.00 PWAT = 9.74 TOTL = -9999.00 CAPE = 0.00
LCLT = 262.45 CINS = 0.00 EQLV = -9999.00 LFCT = -9999.00
BRCH = 0.00

PRES TMPC TMWC DWPC THTE DRCT SKNT OMEG
CFRL HGHT
830.40 10.34 2.94 -7.23 307.37 131.88 7.56 0.20
0.00 1650.00
827.90 10.94 3.21 -7.27 308.29 170.84 6.10 0.10
0.00 1675.09
823.40 10.94 3.19 -7.29 308.80 194.04 7.21 -0.40
0.00 1720.49
815.70 10.84 3.12 -7.22 309.65 234.32 9.32 -1.00
0.00 1798.73
804.40 10.64 2.97 -7.21 310.79 258.85 14.06 -1.70
0.00 1914.85
790.20 10.04 2.59 -7.26 311.84 271.77 18.84 -2.10
0.00 2062.89
773.40 8.74 1.87 -7.26 312.51 277.25 21.54 -2.20
0.00 2240.93
755.30 7.14 0.94 -7.39 312.96 278.79 21.62 -2.00
0.00 2436.12
736.00 5.24 -0.20 -7.68 313.18 278.29 20.22 -1.80
0.00 2648.14
714.80 3.04 -1.55 -8.06 313.30 277.20 18.61 -1.60
0.00 2885.79
691.80 0.54 -3.02 -8.17 313.60 277.59 17.64 -1.50
0.00 3149.48
666.80 -2.06 -4.66 -8.56 313.96 267.43 17.31 -1.30
0.00 3443.48
640.00 -4.76 -6.67 -9.73 314.05 244.71 19.54 -1.20
0.00 3767.96
611.30 -7.56 -8.84 -11.08 314.35 232.16 25.33 -1.10
0.00 4127.13
580.50 -10.56 -11.76 -14.21 313.92 231.74 30.42 -1.10
0.00 4527.36
547.50 -13.26 -15.35 -21.22 313.08 242.14 34.50 -1.10
0.00 4975.39
512.30 -16.66 -18.61 -25.41 313.80 250.23 39.63 -1.10
0.00 5477.95
477.60 -20.96 -21.67 -24.16 315.41 250.92 43.98 -1.00
0.00 6000.44
445.60 -24.56 -24.81 -25.84 316.84 249.53 46.66 -0.90
100.00 6509.07
416.10 -27.26 -27.56 -29.00 318.90 249.80 51.75 -0.80
100.00 7005.07
388.90 -30.36 -30.70 -32.73 320.30 251.51 59.40 -0.50
100.00 7488.80
363.60 -34.56 -34.88 -37.50 320.13 254.01 63.44 -0.20
100.00 7962.87
340.20 -39.06 -39.32 -42.39 319.58 254.70 66.26 0.10
100.00 8423.16
318.70 -42.36 -42.65 -47.24 320.64 252.65 74.28 0.30
0.00 8867.40
298.80 -44.46 -44.91 -56.66 323.21 250.99 85.26 0.50
0.00 9301.02
280.50 -46.26 -46.71 -62.60 326.38 251.27 96.19 0.70
0.00 9722.43
263.70 -47.86 -48.23 -60.87 329.89 252.73 109.25 0.80
0.00 10131.18
247.70 -49.36 -49.71 -63.54 333.57 253.57 119.48 0.90
0.00 10542.59
233.10 -50.86 -51.19 -66.98 337.09 253.40 124.46 0.90
0.00 10939.22
219.40 -51.86 -52.17 -67.42 341.43 252.92 127.00 1.00
0.00 11332.46
205.60 -52.96 -53.28 -72.72 346.05 253.05 127.93 0.90
0.00 11752.22
191.60 -54.56 -54.84 -73.19 350.53 253.48 127.04 0.90
0.00 12205.11
177.70 -56.56 -56.79 -73.70 354.88 253.96 123.70 0.70
0.00 12684.79
163.80 -58.46 -9999.00 -9999.00 -9999.00 255.15 115.95 0.60
0.00 13198.92
149.80 -59.76 -9999.00 -9999.00 -9999.00 257.01 102.86 0.50
0.00 13758.69
135.90 -60.26 -9999.00 -9999.00 -9999.00 259.02 86.67 0.20
0.00 14366.24
121.90 -60.36 -9999.00 -9999.00 -9999.00 260.33 71.72 0.00
0.00 15043.57
107.90 -60.86 -9999.00 -9999.00 -9999.00 262.30 58.02 -0.20
0.00 15802.55
94.00 -62.06 -9999.00 -9999.00 -9999.00 264.08 41.39 -0.40
0.00 16657.10
81.00 -64.36 -9999.00 -9999.00 -9999.00 255.69 29.06 -0.30
0.00 17571.80
70.60 -66.06 -9999.00 -9999.00 -9999.00 248.56 34.01 -0.10
0.00 18408.22
62.20 -62.36 -9999.00 -9999.00 -9999.00 255.22 43.40 0.10
0.00 19182.96
54.30 -56.56 -9999.00 -9999.00 -9999.00 254.78 31.80 0.10
0.00 20032.59
46.90 -60.16 -9999.00 -9999.00 -9999.00 167.91 13.91 0.10
0.00 20953.70
40.10 -60.86 -9999.00 -9999.00 -9999.00 253.44 15.00 0.00
0.00 21928.68
33.80 -55.36 -9999.00 -9999.00 -9999.00 236.89 16.01 0.00
0.00 23004.52
27.80 -57.46 -9999.00 -9999.00 -9999.00 236.02 10.78 0.00
0.00 24244.35
22.30 -54.76 -9999.00 -9999.00 -9999.00 281.74 15.27 0.00
0.00 25644.87
17.10 -51.76 -9999.00 -9999.00 -9999.00 308.16 6.92 0.00
0.00 27353.81
12.30 -50.76 -9999.00 -9999.00 -9999.00 300.96 17.00 0.00
0.00 29493.79

STID = KABQ STNM = 723650 TIME = 221027/0900 
SLAT = 35.05 SLON = -106.62 SELV = 1639.0
STIM = 21

SHOW = -9999.00 LIFT = 2.54 SWET = -9999.00 KINX = -9999.00
LCLP = 643.97 PWAT = 10.27 TOTL = -9999.00 CAPE = 0.00
LCLT = 263.02 CINS = 0.00 EQLV = -9999.00 LFCT = -9999.00
BRCH = 0.00

PRES TMPC TMWC DWPC THTE DRCT SKNT OMEG
CFRL HGHT
830.90 9.74 2.74 -6.84 306.90 129.64 8.84 0.20
0.00 1649.97
828.40 10.64 3.14 -6.98 308.08 160.56 7.01 0.10
0.00 1675.01
823.90 10.44 3.02 -7.00 308.38 196.19 6.27 -0.30
0.00 1720.32
816.20 10.34 2.94 -6.98 309.19 247.56 9.67 -1.00
0.00 1798.38
805.00 10.04 2.75 -6.93 310.24 272.26 14.78 -1.70
0.00 1913.17
790.70 9.44 2.39 -6.93 311.33 286.33 20.05 -2.10
0.00 2061.84
773.90 8.24 1.68 -7.03 312.04 290.67 23.66 -2.20
0.00 2239.42
755.80 6.64 0.73 -7.25 312.43 290.45 24.46 -2.20
0.00 2434.14
736.50 4.84 -0.39 -7.63 312.69 287.85 24.09 -2.20
0.00 2645.69
715.30 2.74 -1.69 -8.00 312.93 284.62 23.08 -2.20
0.00 2882.88
692.20 0.34 -3.18 -8.34 313.19 280.40 21.52 -2.20
0.00 3147.30
667.20 -2.26 -4.77 -8.55 313.67 274.00 19.46 -2.10
0.00 3440.91
640.40 -5.16 -6.80 -9.42 313.73 260.44 18.71 -1.90
0.00 3764.83
611.70 -8.26 -8.96 -10.17 314.07 247.71 21.00 -1.50
0.00 4123.06
580.80 -11.56 -11.74 -12.10 313.93 243.05 26.15 -1.20
100.00 4523.14
547.80 -14.46 -15.15 -16.80 313.44 244.78 33.28 -0.80
9.00 4969.18
512.50 -17.76 -18.66 -21.37 313.74 248.65 41.08 -0.50
0.00 5470.84
477.70 -21.66 -22.22 -24.26 314.48 252.20 44.48 -0.30
56.00 5992.89
445.70 -24.86 -25.30 -27.17 316.04 252.52 47.86 -0.10
100.00 6500.38
416.20 -27.66 -28.04 -29.93 318.12 252.20 55.28 -0.10
100.00 6995.53
389.00 -30.96 -31.28 -33.23 319.38 252.37 61.56 -0.10
100.00 7478.13
363.70 -35.06 -35.30 -37.27 319.47 250.44 62.67 0.10
100.00 7950.99
340.30 -39.46 -39.69 -42.39 319.01 249.52 67.19 0.30
100.00 8410.28
318.70 -42.46 -42.91 -51.87 320.24 251.99 74.77 0.40
0.00 8856.02
298.80 -45.06 -45.52 -59.89 322.28 251.92 80.11 0.60
0.00 9288.97
280.50 -47.26 -47.59 -57.17 325.07 251.72 92.27 0.80
0.00 9708.91
263.70 -48.26 -48.64 -63.07 329.26 252.41 108.00 1.00
0.00 10116.39
247.70 -48.86 -49.28 -71.45 334.22 252.45 119.79 1.10
0.00 10527.89
233.10 -50.16 -50.52 -66.98 338.15 252.26 126.24 1.10
0.00 10925.59
219.40 -51.16 -51.53 -72.28 342.46 251.92 129.55 1.10
0.00 11320.06
205.60 -52.26 -52.60 -72.72 347.15 252.13 130.42 1.00
0.00 11741.15
191.70 -53.96 -54.26 -73.19 351.44 252.66 129.02 0.90
0.00 12192.02
177.70 -55.86 -56.12 -73.70 356.02 252.99 123.50 0.80
0.00 12676.47
163.80 -57.46 -9999.00 -9999.00 -9999.00 254.07 112.51 0.60
0.00 13192.62
149.80 -58.66 -9999.00 -9999.00 -9999.00 257.06 98.85 0.40
0.00 13755.14
135.90 -59.66 -9999.00 -9999.00 -9999.00 261.07 85.14 0.20
0.00 14365.12
121.90 -60.16 -9999.00 -9999.00 -9999.00 263.52 70.57 -0.10
0.00 15043.72
107.90 -60.66 -9999.00 -9999.00 -9999.00 265.70 54.35 -0.30
0.00 15803.42
94.00 -62.36 -9999.00 -9999.00 -9999.00 264.11 37.88 -0.40
0.00 16657.77
81.00 -64.76 -9999.00 -9999.00 -9999.00 251.57 26.42 -0.20
0.00 17570.93
70.60 -65.66 -9999.00 -9999.00 -9999.00 244.51 32.50 0.00
0.00 18407.36
62.20 -61.26 -9999.00 -9999.00 -9999.00 253.09 41.41 0.10
0.00 19184.88
54.30 -55.96 -9999.00 -9999.00 -9999.00 247.02 26.38 0.10
0.00 20037.89
46.90 -60.76 -9999.00 -9999.00 -9999.00 157.71 12.80 0.00
0.00 20959.00
40.10 -60.16 -9999.00 -9999.00 -9999.00 266.24 14.80 0.00
0.00 21934.21
33.80 -55.76 -9999.00 -9999.00 -9999.00 243.77 14.94 0.00
0.00 23010.79
27.80 -56.66 -9999.00 -9999.00 -9999.00 262.73 9.21 0.00
0.00 24251.77
22.30 -55.56 -9999.00 -9999.00 -9999.00 275.01 11.11 0.00
0.00 25652.30
17.10 -53.46 -9999.00 -9999.00 -9999.00 279.87 4.53 0.00
0.00 27351.52
12.30 -50.16 -9999.00 -9999.00 -9999.00 278.04 16.67 0.00
0.00 29486.19
STN YYMMDD/HHMM PMSL PRES SKTC STC1 SNFL WTNS
P01M C01M STC2 LCLD MCLD HCLD
SNRA UWND VWND R01M BFGR T2MS
Q2MS WXTS WXTP WXTZ WXTR USTM
VSTM HLCY SLLH WSYM CDBP VSBK
TD2M
723650 221026/1200 1012.50 834.90 -1.26 271.90 -9999.00 9.00
-9999.00 -9999.00 272.40 0.00 0.00 0.00
-9999.00 -0.90 0.50 -9999.00 -9999.00 2.84
3.57 0.00 0.00 0.00 0.00 14.50
-4.30 -37.00 -9999.00 999.00 -9999.00 20.00
-3.43
723650 221026/1300 1012.90 835.30 -1.16 272.00 0.00 10.00
0.00 0.00 272.40 0.00 0.00 0.00
-9999.00 -1.00 1.00 -9999.00 -9999.00 2.94
3.58 0.00 0.00 0.00 0.00 14.50
-4.40 -23.10 0.00 999.00 -9999.00 20.00
-3.39
723650 221026/1400 1013.60 835.80 -0.46 272.70 0.00 10.00
0.00 0.00 272.80 0.00 0.00 0.00
-9999.00 -1.20 0.80 -9999.00 -9999.00 3.04
3.59 0.00 0.00 0.00 0.00 14.60
-4.60 15.20 0.00 999.00 -9999.00 20.00
-3.35
723650 221026/1500 1013.30 835.70 5.74 278.90 0.00 11.00
0.00 0.00 277.80 0.00 0.00 0.00
-9999.00 -1.60 0.80 -9999.00 -9999.00 5.94
3.81 0.00 0.00 0.00 0.00 14.60
-4.80 36.80 0.00 999.00 -9999.00 20.00
-2.55
723650 221026/1600 1012.90 836.00 11.14 284.30 0.00 10.00
0.00 0.00 282.90 0.00 0.00 0.00
-9999.00 -0.10 2.20 -9999.00 -9999.00 8.74
4.03 0.00 0.00 0.00 0.00 14.70
-4.90 41.50 0.01 999.00 -9999.00 20.00
-1.79
723650 221026/1700 1011.70 835.40 14.84 288.00 0.00 9.00
0.00 0.00 286.50 0.00 0.00 0.00
-9999.00 0.80 3.00 -9999.00 -9999.00 10.54
4.10 0.00 0.00 0.00 0.00 15.40
-4.90 38.80 0.00 999.00 -9999.00 20.00
-1.57
723650 221026/1800 1010.70 835.00 18.24 291.40 0.00 8.00
0.00 0.00 289.70 0.00 1.00 0.00
-9999.00 1.20 3.30 -9999.00 -9999.00 12.54
4.02 0.00 0.00 0.00 0.00 16.20
-5.00 32.00 0.00 999.00 -9999.00 20.00
-1.84
723650 221026/1900 1008.10 833.20 20.34 293.50 0.00 7.00
0.00 0.00 292.00 0.00 2.00 0.00
-9999.00 1.00 4.10 -9999.00 -9999.00 14.24
3.62 0.00 0.00 0.00 0.00 16.60
-4.90 40.30 0.00 999.00 -9999.00 20.00
-3.28
723650 221026/2000 1006.80 832.50 21.34 294.50 0.00 6.00
0.00 0.00 293.20 0.00 43.00 0.00
-9999.00 2.10 4.00 -9999.00 -9999.00 15.44
3.27 0.00 0.00 0.00 0.00 16.80
-5.40 44.50 0.00 999.00 -9999.00 20.00
-4.64
723650 221026/2100 1006.30 832.20 21.04 294.20 0.00 6.00
0.00 0.00 293.30 0.00 64.00 0.00
-9999.00 2.00 3.60 -9999.00 -9999.00 16.14
3.28 0.00 0.00 0.00 0.00 16.50
-5.90 73.30 0.00 999.00 -9999.00 20.00
-4.60
723650 221026/2200 1006.10 832.20 19.84 293.00 0.00 6.00
0.00 0.00 292.50 0.00 12.00 0.00
-9999.00 1.10 3.80 -9999.00 -9999.00 16.54
3.39 0.00 0.00 0.00 0.00 16.40
-5.80 107.20 0.00 999.00 -9999.00 20.00
-4.16
723650 221026/2300 1005.40 831.80 17.54 290.70 0.00 6.00
0.00 0.00 290.70 0.00 5.00 0.00
-9999.00 0.90 4.10 -9999.00 -9999.00 16.44
3.52 0.00 0.00 0.00 0.00 15.70
-5.70 88.80 0.00 999.00 -9999.00 20.00
-3.67
723650 221027/0000 1004.90 831.10 13.84 287.00 0.00 6.00
0.00 0.00 287.60 0.00 1.00 0.00
-9999.00 -0.10 3.00 -9999.00 -9999.00 14.34
3.66 0.00 0.00 0.00 0.00 14.90
-5.60 76.60 0.00 999.00 -9999.00 20.00
-3.16
723650 221027/0100 1006.00 831.60 10.94 284.10 0.00 6.00
0.00 0.00 284.80 0.00 93.00 0.00
-9999.00 -1.10 3.00 -9999.00 -9999.00 12.04
3.61 0.00 0.00 0.00 0.00 14.00
-5.20 87.30 0.00 999.00 -9999.00 20.00
-3.34
723650 221027/0200 1006.70 832.00 9.24 282.40 0.00 6.00
0.00 0.00 283.20 0.00 100.00 0.00
-9999.00 -1.30 2.50 -9999.00 -9999.00 10.84
3.42 0.00 0.00 0.00 0.00 13.30
-5.20 53.00 0.00 999.00 -9999.00 20.00
-4.05
723650 221027/0300 1007.30 832.50 7.74 280.90 0.00 6.00
0.00 0.00 281.60 0.00 98.00 0.00
-9999.00 -1.10 2.40 -9999.00 -9999.00 10.34
3.19 0.00 0.00 0.00 0.00 13.90
-5.00 -9.40 0.00 999.00 -9999.00 20.00
-4.96
723650 221027/0400 1006.70 832.00 6.64 279.80 0.00 6.00
0.00 0.00 280.50 0.00 98.00 0.00
-9999.00 -0.70 2.50 -9999.00 -9999.00 9.94
2.98 0.00 0.00 0.00 0.00 14.80
-4.10 -29.80 0.00 999.00 -9999.00 20.00
-5.86
723650 221027/0500 1006.80 831.90 6.24 279.40 0.00 6.00
0.00 0.00 279.90 0.00 100.00 0.00
-9999.00 -1.00 2.80 -9999.00 -9999.00 9.24
2.78 0.00 0.00 0.00 0.00 14.50
-3.30 -16.80 0.00 999.00 -9999.00 20.00
-6.77
723650 221027/0600 1007.50 832.20 6.14 279.30 0.00 7.00
0.00 0.00 279.80 0.00 100.00 0.00
-9999.00 -1.00 2.80 -9999.00 -9999.00 8.64
2.68 0.00 0.00 0.00 0.00 15.00
-2.10 -5.30 0.00 999.00 -9999.00 20.00
-7.24
723650 221027/0700 1006.60 831.40 5.54 278.70 0.00 7.00
0.00 0.00 279.20 0.00 100.00 0.00
-9999.00 -1.10 1.90 -9999.00 -9999.00 8.24
2.68 0.00 0.00 0.00 0.00 15.60
-1.80 1.40 0.00 999.00 -9999.00 20.00
-7.25
723650 221027/0800 1006.90 831.50 5.54 278.70 0.00 7.00
0.00 0.00 279.10 0.00 100.00 0.00
-9999.00 -1.70 1.80 -9999.00 -9999.00 7.74
2.73 0.00 0.00 0.00 0.00 17.00
-2.30 8.00 0.00 999.00 -9999.00 20.00
-7.01
723650 221027/0900 1007.70 832.00 5.94 279.10 0.00 7.00
0.00 0.00 279.30 100.00 100.00 0.00
-9999.00 -2.00 2.20 -9999.00 -9999.00 7.54
2.81 0.00 0.00 0.00 0.00 17.90
-3.70 -21.80 0.00 999.00 -9999.00 20.00
-6.63


