
SNPARM = PRES;TMPC;TMWC;DWPC;THTE;DRCT;SKNT;OMEG;CFRL;HGHT 
STNPRM = SHOW;LIFT;SWET;KINX;LCLP;PWAT;TOTL;CAPE;LCLT;CINS;EQLV;LFCT;BRCH 

STID = KSUS STNM = 724345 TIME = 221026/1200 
SLAT = 38.66 SLON = -90.65 SELV = 158.0
STIM = 0

SHOW = 18.46 LIFT = 20.93 SWET = 115.09 KINX = -11.54
LCLP = 969.90 PWAT = 8.53 TOTL = 19.71 CAPE = 0.00
LCLT = 275.61 CINS = 0.00 EQLV = -9999.00 LFCT = -9999.00
BRCH = 0.00

PRES TMPC TMWC DWPC THTE DRCT SKNT OMEG
CFRL HGHT
995.80 4.54 3.78 2.83 291.15 270.00 4.66 0.00
0.00 168.63
992.90 4.64 3.62 2.36 291.12 281.94 10.33 0.00
0.00 192.41
987.40 4.34 3.23 1.82 290.88 282.72 12.35 0.00
0.00 237.68
978.00 4.34 2.84 0.91 291.04 299.43 17.40 -0.10
0.00 315.58
964.20 4.54 2.67 0.24 292.07 316.15 20.47 -0.10
0.00 431.34
946.40 4.64 1.52 -3.01 291.57 339.10 22.86 -0.10
0.00 583.16
925.10 5.44 1.01 -5.97 292.70 351.53 27.70 -0.10
0.00 768.85
901.90 5.74 1.27 -5.44 295.67 351.49 32.81 -0.10
0.00 976.42
876.70 4.14 -0.02 -6.58 295.91 350.07 34.91 0.00
0.00 1207.49
848.60 3.24 -1.73 -10.95 295.68 341.94 37.59 0.00
0.00 1471.85
817.50 4.14 -3.08 -21.96 296.39 328.52 40.54 0.00
0.00 1774.66
783.60 4.44 -3.47 -26.17 299.60 322.59 37.41 0.10
0.00 2118.75
746.70 1.64 -4.46 -18.26 302.71 319.36 34.30 0.20
0.00 2508.92
706.80 -1.36 -6.37 -17.72 304.54 307.46 37.68 0.20
0.00 2948.57
663.90 -3.46 -9.22 -28.35 305.13 301.44 39.84 0.20
0.00 3445.09
618.20 -5.76 -11.24 -31.90 308.32 299.20 45.40 0.20
0.00 4005.86
569.90 -8.36 -12.50 -24.58 314.15 286.32 44.93 0.10
0.00 4639.76
523.20 -11.36 -15.21 -28.35 317.57 281.42 39.24 0.00
0.00 5299.00
481.10 -15.46 -18.64 -31.57 319.70 273.24 41.24 -0.10
0.00 5937.05
443.40 -19.56 -22.10 -34.39 321.69 269.78 50.12 -0.10
0.00 6547.87
409.50 -23.76 -25.79 -38.13 323.20 270.20 56.72 -0.10
0.00 7133.51
378.80 -28.06 -29.64 -42.11 324.41 268.72 61.01 -0.10
0.00 7697.59
351.20 -32.46 -33.61 -45.35 325.33 265.61 63.52 -0.20
0.00 8235.53
326.30 -36.76 -37.57 -48.14 326.14 263.35 67.07 -0.20
0.00 8749.06
303.90 -40.66 -41.26 -51.47 327.19 262.19 72.94 -0.10
0.00 9237.14
283.70 -43.96 -44.38 -52.86 328.91 261.29 78.21 -0.10
0.00 9701.93
265.60 -46.66 -47.00 -55.27 331.13 260.52 81.33 -0.10
0.00 10141.62
248.80 -48.56 -48.90 -59.58 334.42 259.74 80.73 -0.10
0.00 10573.02
233.50 -49.66 -50.05 -66.97 338.74 258.35 76.96 -0.10
0.00 10989.24
219.60 -50.46 -50.86 -72.27 343.45 256.47 74.73 -0.10
0.00 11390.03
205.60 -51.26 -51.65 -72.72 348.72 256.04 74.07 0.00
0.00 11818.67
191.70 -52.86 -53.20 -73.19 353.20 257.54 72.01 0.00
0.00 12271.69
177.70 -55.26 -55.54 -73.70 357.01 259.80 66.90 0.00
0.00 12758.03
163.80 -57.86 -9999.00 -9999.00 -9999.00 258.84 60.20 0.10
0.00 13274.41
149.80 -59.66 -9999.00 -9999.00 -9999.00 253.91 52.56 0.10
0.00 13835.10
135.90 -61.26 -9999.00 -9999.00 -9999.00 244.55 44.76 0.10
0.00 14441.37
121.90 -62.26 -9999.00 -9999.00 -9999.00 234.20 39.51 0.10
0.00 15114.09
107.90 -63.56 -9999.00 -9999.00 -9999.00 219.66 38.34 0.00
0.00 15864.85
94.00 -65.26 -9999.00 -9999.00 -9999.00 226.71 41.36 0.10
0.00 16707.50
81.00 -63.16 -9999.00 -9999.00 -9999.00 227.68 35.20 0.10
0.00 17617.83
70.60 -61.16 -9999.00 -9999.00 -9999.00 214.27 31.74 0.10
0.00 18466.53
62.20 -60.16 -9999.00 -9999.00 -9999.00 197.27 24.20 0.00
0.00 19254.43
54.30 -60.86 -9999.00 -9999.00 -9999.00 198.06 18.80 0.00
0.00 20099.88
46.90 -59.96 -9999.00 -9999.00 -9999.00 221.57 13.75 0.00
0.00 21012.21
40.10 -59.66 -9999.00 -9999.00 -9999.00 300.14 6.95 0.00
0.00 21990.39
33.80 -61.56 -9999.00 -9999.00 -9999.00 48.62 10.88 0.00
0.00 23053.72
27.80 -61.76 -9999.00 -9999.00 -9999.00 17.53 3.87 0.00
0.00 24263.52
22.30 -59.86 -9999.00 -9999.00 -9999.00 321.01 5.24 0.00
0.00 25633.72
17.10 -55.06 -9999.00 -9999.00 -9999.00 292.75 6.53 0.00
0.00 27310.02
12.30 -50.66 -9999.00 -9999.00 -9999.00 256.13 16.20 0.00
0.00 29434.56

STID = KSUS STNM = 724345 TIME = 221026/1300 
SLAT = 38.66 SLON = -90.65 SELV = 158.0
STIM = 1

SHOW = 17.52 LIFT = 20.60 SWET = 115.10 KINX = -11.87
LCLP = 966.66 PWAT = 8.99 TOTL = 21.58 CAPE = 0.00
LCLT = 275.19 CINS = 0.00 EQLV = -9999.00 LFCT = -9999.00
BRCH = 0.00

PRES TMPC TMWC DWPC THTE DRCT SKNT OMEG
CFRL HGHT
997.70 4.54 3.63 2.49 290.67 289.65 5.77 0.00
0.00 167.80
994.70 4.74 3.56 2.08 290.82 293.20 11.83 0.00
0.00 192.35
989.20 4.64 3.34 1.69 290.91 295.87 14.24 -0.10
0.00 237.57
979.80 5.14 3.21 0.74 291.58 310.36 20.40 -0.10
0.00 315.48
965.90 5.44 2.88 -0.50 292.28 324.23 22.26 -0.10
1.00 432.21
948.10 5.64 1.70 -4.19 291.71 340.96 23.21 0.00
0.00 584.26
926.80 5.84 1.41 -5.37 293.30 348.44 26.17 0.10
0.00 770.07
903.50 5.24 1.08 -5.14 295.16 351.01 31.08 0.10
0.00 978.14
878.30 3.84 -0.11 -6.31 295.58 346.93 33.51 0.10
0.00 1208.46
850.10 3.84 -1.12 -9.81 296.70 331.68 36.85 0.20
0.00 1473.45
818.90 4.54 -2.07 -16.05 298.29 324.36 38.00 0.20
0.00 1777.32
784.90 3.64 -3.28 -19.66 300.00 320.65 37.68 0.30
0.00 2121.70
747.80 1.24 -4.74 -18.54 302.04 315.23 34.75 0.30
0.00 2512.57
707.80 -1.16 -6.54 -19.58 304.02 305.76 34.23 0.30
0.00 2952.49
664.90 -3.26 -9.11 -28.72 305.16 305.20 38.75 0.40
0.00 3448.62
619.00 -5.66 -10.60 -25.50 309.49 297.67 45.18 0.40
0.00 4011.43
570.60 -8.26 -12.38 -24.21 314.26 284.46 44.33 0.30
0.00 4646.15
523.70 -11.36 -15.19 -28.19 317.52 272.85 39.08 0.10
0.00 5307.62
481.50 -15.76 -18.80 -31.02 319.36 268.46 43.34 0.00
0.00 5946.25
443.70 -19.96 -22.42 -34.60 321.08 268.69 50.91 0.00
0.00 6557.40
409.70 -24.36 -26.36 -39.62 322.20 267.15 54.64 0.10
0.00 7143.25
378.90 -28.66 -30.16 -42.49 323.56 263.55 57.09 0.10
0.00 7707.57
351.30 -32.96 -34.02 -44.88 324.66 260.63 59.65 0.00
0.00 8244.14
326.40 -37.16 -37.90 -47.57 325.60 259.62 63.60 0.00
0.00 8756.56
303.90 -40.96 -41.48 -50.02 326.85 258.75 69.72 0.00
0.00 9246.01
283.80 -44.36 -44.73 -52.05 328.34 257.65 75.37 0.10
0.00 9707.72
265.60 -46.96 -47.28 -55.27 330.70 257.20 78.88 0.10
0.00 10149.09
248.80 -48.76 -49.09 -59.58 334.12 255.52 79.25 0.10
0.00 10580.01
233.50 -49.76 -50.12 -63.98 338.63 253.36 76.63 0.10
0.00 10995.96
219.60 -50.56 -50.95 -72.27 343.30 252.52 73.72 0.10
0.00 11396.57
205.60 -51.36 -51.74 -72.72 348.56 253.24 71.41 0.10
0.00 11825.01
191.70 -52.76 -53.11 -73.19 353.36 254.79 68.84 0.10
0.00 12278.03
177.70 -55.06 -55.34 -73.70 357.33 257.47 64.47 0.10
0.00 12764.70
163.80 -57.56 -9999.00 -9999.00 -9999.00 257.82 58.02 0.10
0.00 13281.68
149.80 -59.56 -9999.00 -9999.00 -9999.00 252.80 51.24 0.10
0.00 13842.89
135.90 -61.26 -9999.00 -9999.00 -9999.00 244.63 45.78 0.10
0.00 14449.31
121.90 -62.26 -9999.00 -9999.00 -9999.00 236.24 42.99 0.10
0.00 15122.02
108.00 -62.86 -9999.00 -9999.00 -9999.00 228.61 41.43 0.00
0.00 15868.33
94.00 -63.86 -9999.00 -9999.00 -9999.00 231.93 40.95 0.00
0.00 16720.90
81.00 -62.56 -9999.00 -9999.00 -9999.00 235.84 32.87 0.00
0.00 17635.59
70.60 -60.56 -9999.00 -9999.00 -9999.00 220.44 29.35 0.00
0.00 18486.70
62.20 -59.76 -9999.00 -9999.00 -9999.00 207.00 22.67 0.00
0.00 19276.46
54.30 -60.96 -9999.00 -9999.00 -9999.00 200.85 17.46 0.00
0.00 20122.50
46.90 -59.86 -9999.00 -9999.00 -9999.00 216.10 11.54 0.00
0.00 21034.83
40.10 -60.36 -9999.00 -9999.00 -9999.00 49.76 3.30 0.00
0.00 22011.64
33.80 -62.86 -9999.00 -9999.00 -9999.00 86.99 11.09 0.00
0.00 23069.96
27.80 -61.56 -9999.00 -9999.00 -9999.00 203.20 2.95 0.00
0.00 24276.62
22.30 -58.46 -9999.00 -9999.00 -9999.00 283.74 8.99 0.00
0.00 25651.98
17.10 -54.86 -9999.00 -9999.00 -9999.00 304.00 10.08 0.00
0.00 27334.49
12.30 -51.66 -9999.00 -9999.00 -9999.00 269.12 12.63 0.00
0.00 29455.18

STID = KSUS STNM = 724345 TIME = 221026/1400 
SLAT = 38.66 SLON = -90.65 SELV = 158.0
STIM = 2

SHOW = 17.56 LIFT = 20.35 SWET = 110.80 KINX = -14.79
LCLP = 944.82 PWAT = 8.44 TOTL = 20.69 CAPE = 0.00
LCLT = 275.02 CINS = 0.00 EQLV = -9999.00 LFCT = -9999.00
BRCH = 0.00

PRES TMPC TMWC DWPC THTE DRCT SKNT OMEG
CFRL HGHT
998.40 6.24 4.60 2.65 292.54 300.47 7.65 0.00
0.00 167.85
995.40 5.94 4.26 2.24 292.16 302.86 11.09 -0.10
0.00 192.52
989.90 5.64 3.95 1.89 292.07 303.93 12.88 -0.10
0.00 237.88
980.50 5.44 3.41 0.85 291.91 312.78 17.74 -0.10
0.00 315.92
966.60 5.84 2.89 -1.04 292.24 323.69 20.01 -0.10
2.00 432.71
948.80 6.44 2.01 -4.64 292.21 338.78 21.46 0.00
0.00 584.96
927.50 6.34 1.85 -4.80 294.10 347.57 25.25 0.00
0.00 771.07
904.20 5.44 1.25 -4.95 295.42 349.29 29.25 0.00
0.00 979.25
878.90 4.44 0.10 -6.79 295.88 340.30 30.54 0.10
0.00 1210.65
850.70 4.54 -0.98 -10.98 296.84 329.84 33.26 0.10
0.00 1476.05
819.50 4.34 -2.47 -17.97 297.41 324.98 37.24 0.10
0.00 1779.94
785.40 3.74 -3.58 -22.85 299.28 317.53 37.39 0.10
0.00 2124.99
748.30 1.44 -4.79 -19.77 301.84 311.52 31.64 0.20
0.00 2515.77
708.20 -0.96 -6.75 -22.02 303.51 307.30 30.77 0.20
0.00 2956.80
665.20 -3.26 -9.10 -28.52 305.15 305.29 36.65 0.20
0.00 3453.98
619.30 -5.46 -10.70 -27.66 309.21 295.98 42.56 0.20
0.00 4016.72
570.80 -8.26 -12.48 -24.94 314.03 281.36 42.40 0.20
0.00 4652.68
523.90 -11.26 -15.12 -28.19 317.61 270.00 40.99 0.10
0.00 5314.03
481.60 -15.56 -18.80 -32.51 319.31 268.81 46.64 0.10
0.00 5954.34
443.80 -20.36 -22.97 -37.92 320.09 267.40 51.34 0.10
0.00 6565.07
409.80 -24.66 -26.73 -41.75 321.57 263.23 54.39 0.10
0.00 7149.93
379.00 -28.86 -30.26 -41.38 323.38 260.44 58.51 0.10
0.00 7713.53
351.30 -33.06 -34.04 -43.59 324.64 259.22 62.30 0.00
0.00 8251.65
326.40 -37.06 -37.77 -46.51 325.82 257.85 67.37 0.00
0.00 8764.07
304.00 -40.86 -41.37 -49.37 327.00 256.55 73.50 0.10
0.00 9251.49
283.80 -44.36 -44.73 -52.05 328.34 256.31 77.97 0.10
0.00 9715.52
265.60 -47.06 -47.37 -55.27 330.55 255.40 80.91 0.10
0.00 10156.79
248.80 -48.66 -49.02 -61.32 334.23 253.39 80.89 0.20
0.00 10587.71
233.50 -49.36 -49.76 -66.97 339.20 252.37 78.88 0.10
0.00 11004.12
219.60 -49.66 -50.10 -72.27 344.69 253.09 76.13 0.10
0.00 11405.90
205.60 -50.36 -50.79 -72.72 350.14 253.86 71.99 0.10
0.00 11836.17
191.70 -51.86 -52.25 -73.19 354.80 254.76 67.25 0.10
0.00 12291.14
177.70 -54.36 -9999.00 -9999.00 -9999.00 256.26 63.00 0.10
0.00 12779.58
163.80 -56.96 -9999.00 -9999.00 -9999.00 256.85 58.04 0.10
0.00 13298.12
149.80 -59.26 -9999.00 -9999.00 -9999.00 253.82 51.57 0.10
0.00 13860.50
135.90 -61.16 -9999.00 -9999.00 -9999.00 245.96 45.30 0.10
0.00 14467.49
121.90 -62.56 -9999.00 -9999.00 -9999.00 236.60 43.05 0.10
0.00 15139.88
108.00 -63.16 -9999.00 -9999.00 -9999.00 232.45 42.39 0.00
0.00 15885.13
94.00 -63.26 -9999.00 -9999.00 -9999.00 232.95 37.72 0.00
0.00 16738.31
81.00 -62.56 -9999.00 -9999.00 -9999.00 231.78 27.93 0.00
0.00 17654.31
70.60 -61.36 -9999.00 -9999.00 -9999.00 215.10 26.36 0.00
0.00 18503.81
62.20 -60.46 -9999.00 -9999.00 -9999.00 202.62 22.73 0.00
0.00 19290.78
54.30 -61.36 -9999.00 -9999.00 -9999.00 193.31 18.57 0.00
0.00 20134.64
46.90 -60.76 -9999.00 -9999.00 -9999.00 197.30 12.41 0.00
0.00 21044.18
40.10 -61.56 -9999.00 -9999.00 -9999.00 115.82 6.68 0.00
0.00 22016.18
33.80 -62.56 -9999.00 -9999.00 -9999.00 133.09 8.24 0.00
0.00 23072.25
27.80 -59.36 -9999.00 -9999.00 -9999.00 246.04 3.83 0.00
0.00 24286.05
22.30 -57.16 -9999.00 -9999.00 -9999.00 328.13 8.47 0.00
0.00 25672.70
17.10 -55.06 -9999.00 -9999.00 -9999.00 352.50 7.44 0.00
0.00 27359.49
12.30 -52.06 -9999.00 -9999.00 -9999.00 266.27 8.95 0.00
0.00 29477.29

STID = KSUS STNM = 724345 TIME = 221026/1500 
SLAT = 38.66 SLON = -90.65 SELV = 158.0
STIM = 3

SHOW = 17.96 LIFT = 19.69 SWET = 106.86 KINX = -16.97
LCLP = 933.54 PWAT = 8.42 TOTL = 19.39 CAPE = 0.00
LCLT = 275.59 CINS = 0.00 EQLV = -9999.00 LFCT = -9999.00
BRCH = 0.00

PRES TMPC TMWC DWPC THTE DRCT SKNT OMEG
CFRL HGHT
999.20 7.84 5.74 3.40 294.84 306.25 7.23 0.00
0.00 167.90
996.20 7.44 5.33 2.92 294.27 306.87 9.71 -0.10
0.00 192.69
990.80 6.94 4.93 2.61 293.99 307.88 11.07 -0.10
0.00 237.42
981.30 6.14 4.35 2.23 293.74 309.09 12.00 0.00
0.00 316.51
967.40 6.14 3.18 -0.70 292.73 321.34 16.16 0.00
2.00 433.44
949.50 6.84 2.34 -4.26 292.79 335.75 19.39 0.00
0.00 586.63
928.20 6.64 2.13 -4.43 294.58 345.73 22.84 0.00
0.00 772.84
904.90 5.54 1.31 -4.94 295.46 345.10 24.92 0.10
0.00 981.01
879.60 4.64 0.07 -7.28 295.75 336.25 26.53 0.10
0.00 1212.35
851.30 4.44 -1.30 -12.25 296.12 330.48 30.36 0.10
0.00 1478.51
820.10 4.64 -2.58 -20.22 297.05 322.88 35.08 0.10
0.00 1782.26
786.00 4.14 -3.34 -22.84 299.65 315.47 33.24 0.20
0.00 2127.47
748.80 1.54 -4.74 -19.88 301.85 310.01 28.40 0.30
0.00 2519.38
708.70 -1.16 -6.99 -23.03 302.97 307.91 27.82 0.30
0.00 2960.01
665.70 -3.56 -9.33 -29.11 304.65 305.02 32.50 0.30
0.00 3456.35
619.60 -5.56 -10.78 -27.82 309.02 295.02 38.58 0.30
0.00 4020.77
571.10 -8.16 -12.21 -23.52 314.49 277.68 42.13 0.20
0.00 4656.43
524.10 -10.96 -14.99 -28.80 317.80 267.12 42.60 0.20
0.00 5319.40
481.80 -15.96 -19.36 -35.97 318.25 266.54 48.27 0.10
0.00 5959.30
443.90 -20.56 -23.24 -39.87 319.60 262.95 53.83 0.10
0.00 6570.69
409.90 -24.86 -26.56 -36.80 321.86 260.72 59.05 0.00
0.00 7154.97
379.10 -29.06 -30.23 -38.61 323.42 259.52 63.01 0.00
0.00 7718.01
351.40 -32.96 -33.91 -42.81 324.82 258.03 66.51 0.00
0.00 8255.89
326.40 -36.96 -37.63 -45.55 326.03 256.65 70.67 0.00
0.00 8770.52
304.00 -40.86 -41.32 -48.20 327.07 255.36 76.09 0.10
0.00 9258.04
283.80 -44.36 -44.73 -52.05 328.34 254.70 80.96 0.10
0.00 9722.07
265.60 -46.96 -47.30 -56.36 330.66 253.93 83.49 0.10
0.00 10163.44
248.80 -48.56 -48.95 -63.51 334.34 253.35 82.71 0.10
0.00 10594.55
233.50 -49.16 -49.60 -71.85 339.45 254.28 80.32 0.10
0.00 11011.23
219.60 -49.76 -50.19 -72.27 344.53 255.31 78.13 0.10
0.00 11413.10
205.60 -50.56 -50.98 -72.72 349.82 254.65 74.13 0.10
0.00 11843.08
191.70 -51.86 -52.25 -73.19 354.80 253.47 68.28 0.10
0.00 12297.85
177.70 -54.26 -9999.00 -9999.00 -9999.00 253.40 63.25 0.10
0.00 12786.40
163.80 -56.96 -9999.00 -9999.00 -9999.00 253.46 59.36 0.00
0.00 13305.05
149.80 -59.16 -9999.00 -9999.00 -9999.00 250.90 52.84 0.00
0.00 13867.57
135.90 -61.26 -9999.00 -9999.00 -9999.00 244.42 45.44 0.00
0.00 14474.56
121.90 -63.26 -9999.00 -9999.00 -9999.00 235.64 41.65 0.00
0.00 15145.68
108.00 -63.96 -9999.00 -9999.00 -9999.00 230.84 41.84 0.00
0.00 15888.26
94.00 -63.56 -9999.00 -9999.00 -9999.00 232.52 36.71 0.00
0.00 16739.21
81.00 -62.76 -9999.00 -9999.00 -9999.00 227.08 26.53 0.00
0.00 17654.12
70.60 -61.76 -9999.00 -9999.00 -9999.00 214.36 27.53 0.00
0.00 18502.42
62.20 -60.86 -9999.00 -9999.00 -9999.00 207.14 25.97 0.00
0.00 19287.91
54.30 -61.06 -9999.00 -9999.00 -9999.00 199.38 22.24 0.00
0.00 20131.57
46.90 -60.36 -9999.00 -9999.00 -9999.00 195.32 14.70 0.00
0.00 21042.61
40.10 -61.16 -9999.00 -9999.00 -9999.00 145.01 9.48 0.00
0.00 22016.44
33.80 -60.86 -9999.00 -9999.00 -9999.00 171.47 7.85 0.00
0.00 23077.76
27.80 -58.06 -9999.00 -9999.00 -9999.00 6.34 3.52 0.00
0.00 24300.15
22.30 -58.36 -9999.00 -9999.00 -9999.00 28.52 10.18 0.00
0.00 25687.12
17.10 -56.66 -9999.00 -9999.00 -9999.00 357.51 4.47 0.00
0.00 27363.04
12.30 -52.26 -9999.00 -9999.00 -9999.00 271.33 16.71 0.00
0.00 29472.15

STID = KSUS STNM = 724345 TIME = 221026/1600 
SLAT = 38.66 SLON = -90.65 SELV = 158.0
STIM = 4

SHOW = 17.60 LIFT = 18.42 SWET = 103.61 KINX = -18.28
LCLP = 916.53 PWAT = 8.63 TOTL = 19.56 CAPE = 0.00
LCLT = 275.73 CINS = 0.00 EQLV = -9999.00 LFCT = -9999.00
BRCH = 0.00

PRES TMPC TMWC DWPC THTE DRCT SKNT OMEG
CFRL HGHT
998.90 9.44 6.70 3.80 296.95 310.60 7.17 -0.10
0.00 167.96
995.90 8.94 6.20 3.21 296.16 311.53 9.09 -0.10
0.00 192.89
990.40 8.44 5.80 2.87 295.86 311.91 10.18 -0.10
0.00 238.72
981.00 7.64 5.23 2.50 295.61 312.83 10.86 -0.10
0.00 317.43
967.10 6.54 4.42 1.93 295.32 315.64 12.22 0.00
3.00 434.82
949.20 7.04 2.70 -3.43 293.56 331.74 17.64 0.00
1.00 588.27
927.90 6.64 2.27 -3.95 294.92 338.61 20.24 0.00
0.00 774.62
904.60 5.54 1.34 -4.86 295.54 337.82 21.60 0.00
0.00 982.87
879.30 4.64 -0.01 -7.60 295.60 330.99 24.44 0.00
0.00 1214.28
851.00 4.64 -1.39 -13.28 295.95 326.74 29.04 0.00
0.00 1480.62
819.80 5.14 -2.52 -22.36 297.13 319.47 31.68 0.00
0.00 1784.83
785.70 3.94 -3.43 -22.55 299.53 312.94 30.52 0.10
0.00 2130.34
748.60 1.24 -4.91 -19.77 301.58 308.46 26.55 0.20
0.00 2520.97
708.50 -1.36 -7.25 -24.15 302.51 306.78 24.98 0.20
0.00 2961.31
665.50 -3.66 -9.51 -30.65 304.33 304.33 28.92 0.20
0.00 3457.50
619.50 -5.56 -10.73 -27.32 309.14 291.46 36.11 0.20
0.00 4020.71
571.00 -8.56 -12.07 -21.01 314.84 275.76 42.56 0.10
0.00 4656.05
524.00 -11.56 -15.36 -28.49 317.16 265.58 42.87 0.10
0.00 5317.94
481.70 -16.36 -19.75 -37.41 317.59 262.70 47.40 0.00
0.00 5956.73
443.90 -20.86 -23.32 -37.33 319.51 258.65 54.29 -0.10
0.00 6565.74
409.90 -25.16 -26.72 -35.85 321.62 258.36 59.69 0.00
0.00 7149.34
379.00 -29.06 -30.26 -38.88 323.41 258.25 63.89 0.00
0.00 7713.94
351.30 -32.86 -33.89 -44.01 324.87 257.85 67.37 0.00
0.00 8252.08
326.40 -36.96 -37.63 -45.55 326.03 256.72 71.06 0.00
0.00 8764.82
304.00 -40.96 -41.41 -48.20 326.93 255.65 76.79 0.00
0.00 9252.25
283.80 -44.36 -44.75 -52.86 328.30 254.67 81.57 0.00
0.00 9716.18
265.60 -46.76 -47.14 -57.61 330.91 253.60 83.22 0.00
0.00 10157.74
248.80 -48.16 -48.57 -63.51 334.93 253.70 82.36 0.00
0.00 10589.41
233.50 -48.86 -49.31 -71.85 339.91 255.36 80.71 0.00
0.00 11006.75
219.60 -49.86 -50.29 -72.27 344.38 256.44 78.73 0.00
0.00 11408.79
205.60 -50.86 -51.27 -72.72 349.35 255.82 74.53 0.00
0.00 11838.39
191.70 -52.46 -52.82 -73.19 353.84 253.25 68.76 0.10
0.00 12292.24
177.70 -54.66 -54.96 -73.70 357.99 250.74 64.20 0.10
0.00 12779.68
163.80 -57.26 -9999.00 -9999.00 -9999.00 250.17 60.70 0.10
0.00 13297.50
149.80 -59.36 -9999.00 -9999.00 -9999.00 248.61 55.91 0.10
0.00 13859.36
135.90 -61.26 -9999.00 -9999.00 -9999.00 242.74 50.04 0.00
0.00 14466.06
121.90 -63.56 -9999.00 -9999.00 -9999.00 238.21 43.88 0.00
0.00 15136.71
108.00 -64.56 -9999.00 -9999.00 -9999.00 231.51 41.20 0.00
0.00 15877.70
94.00 -64.06 -9999.00 -9999.00 -9999.00 231.94 37.49 0.00
0.00 16726.41
81.00 -62.66 -9999.00 -9999.00 -9999.00 225.29 27.60 0.00
0.00 17640.45
70.60 -61.46 -9999.00 -9999.00 -9999.00 211.66 27.39 0.00
0.00 18489.55
62.20 -60.66 -9999.00 -9999.00 -9999.00 206.75 26.32 0.00
0.00 19275.97
54.30 -60.46 -9999.00 -9999.00 -9999.00 200.12 20.90 0.00
0.00 20121.22
46.90 -60.36 -9999.00 -9999.00 -9999.00 190.06 12.24 0.00
0.00 21033.55
40.10 -61.56 -9999.00 -9999.00 -9999.00 132.27 8.66 0.00
0.00 22006.46
33.80 -61.76 -9999.00 -9999.00 -9999.00 192.99 5.19 0.00
0.00 23064.53
27.80 -59.76 -9999.00 -9999.00 -9999.00 322.59 4.16 0.00
0.00 24279.48
22.30 -58.66 -9999.00 -9999.00 -9999.00 26.57 2.60 0.00
0.00 25660.00
17.10 -53.96 -9999.00 -9999.00 -9999.00 83.66 1.77 0.00
0.00 27345.24
12.30 -50.66 -9999.00 -9999.00 -9999.00 296.57 7.38 0.00
0.00 29475.09

STID = KSUS STNM = 724345 TIME = 221026/1700 
SLAT = 38.66 SLON = -90.65 SELV = 158.0
STIM = 5

SHOW = 17.33 LIFT = 16.92 SWET = 100.73 KINX = -19.89
LCLP = 909.08 PWAT = 8.70 TOTL = 19.82 CAPE = 0.00
LCLT = 276.34 CINS = 0.00 EQLV = -9999.00 LFCT = -9999.00
BRCH = 0.00

PRES TMPC TMWC DWPC THTE DRCT SKNT OMEG
CFRL HGHT
999.00 10.74 7.65 4.54 299.06 322.13 6.64 -0.10
0.00 168.84
996.10 10.34 7.19 3.93 298.32 321.77 8.16 -0.10
0.00 193.06
990.60 9.74 6.77 3.63 297.94 321.91 9.13 -0.10
0.00 239.10
981.10 8.94 6.20 3.26 297.69 323.13 9.71 -0.10
0.00 319.02
967.20 7.84 5.42 2.74 297.44 323.34 10.41 0.00
0.00 436.96
949.40 6.74 3.77 0.10 295.78 331.65 13.91 0.00
2.00 589.85
928.00 6.44 2.34 -3.40 295.05 335.77 17.04 0.00
0.00 776.95
904.70 5.34 1.34 -4.50 295.54 336.04 19.13 0.00
0.00 985.04
879.40 4.54 -0.08 -7.65 295.46 330.99 22.44 0.00
0.00 1216.30
851.10 4.54 -1.58 -13.98 295.57 329.95 27.16 -0.10
0.00 1482.51
820.00 4.74 -2.80 -22.80 296.59 322.41 27.70 -0.10
0.00 1785.40
785.80 3.44 -4.06 -26.14 298.28 316.41 27.89 0.00
0.00 2131.27
748.70 0.84 -5.63 -23.82 300.13 312.76 24.61 0.10
0.00 2521.15
708.60 -1.66 -7.57 -25.53 301.88 306.98 20.67 0.20
0.00 2960.81
665.60 -3.66 -9.66 -32.97 304.01 302.44 24.63 0.20
0.00 3456.63
619.60 -5.56 -10.87 -28.90 308.82 288.96 33.49 0.20
0.00 4019.72
571.10 -9.36 -12.34 -19.70 314.36 272.47 40.64 0.20
0.00 4654.01
524.10 -12.26 -15.69 -27.18 316.59 262.75 43.08 0.10
0.00 5313.94
481.80 -16.76 -19.86 -34.69 317.43 257.89 49.07 0.00
0.00 5951.28
443.90 -21.16 -23.51 -36.78 319.20 254.03 54.35 0.00
0.00 6561.03
409.90 -25.36 -26.90 -36.08 321.32 255.04 58.70 0.00
0.00 7144.04
379.10 -29.06 -30.45 -41.73 323.05 256.01 62.67 0.00
0.00 7706.50
351.40 -32.86 -34.09 -48.75 324.50 257.31 66.30 0.00
0.00 8244.46
326.40 -37.16 -37.93 -48.14 325.56 256.39 70.14 0.00
0.00 8758.95
304.00 -41.16 -41.62 -48.77 326.61 254.51 76.40 0.00
0.00 9245.94
283.80 -44.46 -44.82 -52.05 328.20 253.15 82.40 0.00
0.00 9709.57
265.60 -46.76 -47.14 -57.61 330.91 253.02 84.50 0.00
0.00 10151.04
248.80 -48.26 -48.66 -63.51 334.78 254.02 83.26 0.00
0.00 10582.62
233.50 -49.26 -49.67 -66.97 339.35 256.19 82.21 0.10
0.00 10999.49
219.60 -50.16 -50.57 -72.27 343.92 257.46 79.60 0.10
0.00 11400.91
205.60 -51.06 -51.46 -72.72 349.04 256.14 75.43 0.10
0.00 11830.03
191.70 -52.26 -52.63 -73.19 354.16 252.36 70.53 0.10
0.00 12283.87
177.70 -54.76 -55.05 -73.70 357.82 247.41 65.23 0.10
0.00 12771.43
163.80 -57.56 -9999.00 -9999.00 -9999.00 246.09 61.83 0.10
0.00 13288.77
149.80 -59.76 -9999.00 -9999.00 -9999.00 246.43 58.28 0.10
0.00 13849.71
135.90 -61.86 -9999.00 -9999.00 -9999.00 243.15 52.91 0.10
0.00 14454.99
121.90 -63.86 -9999.00 -9999.00 -9999.00 238.71 46.37 0.00
0.00 15124.21
108.00 -64.76 -9999.00 -9999.00 -9999.00 231.83 39.30 0.00
0.00 15864.31
94.00 -64.26 -9999.00 -9999.00 -9999.00 229.33 36.36 0.00
0.00 16712.21
81.00 -62.66 -9999.00 -9999.00 -9999.00 222.14 27.51 0.00
0.00 17625.81
70.60 -61.56 -9999.00 -9999.00 -9999.00 206.38 26.24 0.00
0.00 18474.71
62.20 -60.66 -9999.00 -9999.00 -9999.00 203.08 24.28 0.00
0.00 19260.94
54.30 -60.16 -9999.00 -9999.00 -9999.00 197.53 19.35 0.00
0.00 20106.79
46.90 -60.56 -9999.00 -9999.00 -9999.00 182.53 13.23 0.00
0.00 21019.33
40.10 -61.16 -9999.00 -9999.00 -9999.00 153.43 11.73 0.00
0.00 21992.70
33.80 -60.06 -9999.00 -9999.00 -9999.00 193.32 7.60 0.00
0.00 23056.03
27.80 -58.86 -9999.00 -9999.00 -9999.00 270.00 2.33 0.00
0.00 24278.41
22.30 -58.16 -9999.00 -9999.00 -9999.00 194.04 3.21 0.00
0.00 25663.45
17.10 -53.86 -9999.00 -9999.00 -9999.00 165.96 1.59 0.00
0.00 27351.02
12.30 -50.96 -9999.00 -9999.00 -9999.00 279.69 8.08 0.00
0.00 29479.90

STID = KSUS STNM = 724345 TIME = 221026/1800 
SLAT = 38.66 SLON = -90.65 SELV = 158.0
STIM = 6

SHOW = 17.04 LIFT = 15.43 SWET = 99.05 KINX = -23.23
LCLP = 898.98 PWAT = 8.57 TOTL = 19.30 CAPE = 0.00
LCLT = 276.50 CINS = 0.00 EQLV = -9999.00 LFCT = -9999.00
BRCH = 0.00

PRES TMPC TMWC DWPC THTE DRCT SKNT OMEG
CFRL HGHT
999.30 11.84 8.31 4.87 300.54 326.31 7.01 -0.10
0.00 168.04
996.30 11.34 7.79 4.21 299.64 325.95 8.68 -0.10
0.00 193.18
990.80 10.84 7.40 3.88 299.34 326.63 9.54 -0.10
0.00 239.39
981.30 9.94 6.80 3.52 298.99 326.61 10.24 0.00
0.00 319.59
967.40 8.84 6.09 3.15 298.88 326.89 10.66 0.00
0.00 437.94
949.50 7.34 5.06 2.54 298.55 327.68 11.27 0.10
0.00 592.15
928.20 6.34 2.91 -1.55 296.24 332.42 14.69 0.20
1.00 778.57
904.80 5.54 1.32 -4.90 295.49 333.16 18.07 0.20
0.00 987.58
879.50 4.94 -0.18 -8.92 295.22 333.43 22.14 0.20
0.00 1219.05
851.30 4.84 -1.72 -15.86 295.22 334.80 25.54 0.20
0.00 1484.56
820.10 4.54 -2.93 -22.95 296.33 324.87 25.66 0.20
0.00 1788.42
785.90 3.14 -4.54 -30.68 297.30 318.89 26.30 0.30
0.00 2133.91
748.80 0.94 -6.25 -33.30 298.80 314.66 22.94 0.30
0.00 2523.52
708.70 -1.36 -7.56 -27.45 301.85 297.90 18.69 0.30
0.00 2963.36
665.70 -3.36 -9.57 -35.17 304.10 293.82 23.56 0.30
0.00 3459.63
619.70 -5.56 -11.15 -32.62 308.24 284.55 31.70 0.20
0.00 4022.91
571.20 -9.76 -12.59 -19.62 313.89 269.44 40.02 0.20
0.00 4656.58
524.10 -12.96 -15.97 -25.63 316.14 263.00 44.62 0.10
0.00 5316.50
481.80 -17.16 -20.12 -34.22 317.01 255.17 50.84 0.00
0.00 5952.51
444.00 -21.26 -23.49 -35.52 319.23 253.18 54.39 0.00
0.00 6560.00
409.90 -25.36 -26.92 -36.31 321.29 253.37 58.39 0.00
0.00 7144.55
379.10 -29.16 -30.55 -42.10 322.88 253.46 61.40 0.00
0.00 7706.89
351.40 -33.06 -34.26 -48.75 324.23 253.76 62.51 0.00
0.00 8244.51
326.40 -37.26 -37.97 -47.02 325.50 252.10 65.73 0.00
0.00 8758.69
304.00 -41.16 -41.50 -46.20 326.80 250.55 72.92 0.00
0.00 9245.59
283.80 -44.56 -44.84 -49.97 328.17 250.06 79.76 0.00
0.00 9709.13
265.60 -47.06 -47.37 -55.27 330.55 250.76 83.12 0.00
0.00 10150.21
248.80 -48.36 -48.76 -63.51 334.63 251.99 82.32 0.00
0.00 10581.41
233.50 -49.16 -49.57 -66.97 339.50 254.84 81.70 0.10
0.00 10998.28
219.60 -50.26 -50.64 -67.41 343.81 258.20 80.77 0.10
0.00 11399.70
205.60 -51.26 -51.65 -72.72 348.72 258.35 76.96 0.10
0.00 11828.53
191.70 -52.36 -52.73 -73.19 354.00 254.12 71.70 0.10
0.00 12282.06
177.70 -54.66 -54.96 -73.70 357.99 246.65 66.65 0.10
0.00 12769.62
163.80 -57.56 -9999.00 -9999.00 -9999.00 242.66 64.30 0.00
0.00 13287.08
149.80 -60.16 -9999.00 -9999.00 -9999.00 243.35 61.07 0.00
0.00 13847.51
135.90 -62.56 -9999.00 -9999.00 -9999.00 242.35 54.82 0.00
0.00 14451.22
121.90 -64.26 -9999.00 -9999.00 -9999.00 238.12 47.80 0.00
0.00 15118.68
108.00 -64.86 -9999.00 -9999.00 -9999.00 229.98 39.57 0.00
0.00 15857.90
94.00 -64.16 -9999.00 -9999.00 -9999.00 225.84 37.37 0.00
0.00 16705.80
81.00 -62.96 -9999.00 -9999.00 -9999.00 221.88 30.26 0.00
0.00 17618.96
70.60 -62.36 -9999.00 -9999.00 -9999.00 209.49 27.23 0.00
0.00 18465.65
62.20 -60.96 -9999.00 -9999.00 -9999.00 207.38 24.49 0.00
0.00 19249.84
54.30 -60.36 -9999.00 -9999.00 -9999.00 202.50 20.82 0.00
0.00 20094.70
46.90 -60.86 -9999.00 -9999.00 -9999.00 193.16 15.37 0.00
0.00 21006.16
40.10 -60.86 -9999.00 -9999.00 -9999.00 174.81 12.88 0.00
0.00 21979.54
33.80 -59.06 -9999.00 -9999.00 -9999.00 214.08 7.96 0.00
0.00 23046.11
27.80 -58.56 -9999.00 -9999.00 -9999.00 299.74 4.70 0.00
0.00 24272.21
22.30 -58.76 -9999.00 -9999.00 -9999.00 278.53 3.92 0.00
0.00 25656.29
17.10 -56.56 -9999.00 -9999.00 -9999.00 311.99 2.62 0.00
0.00 27331.03
12.30 -52.86 -9999.00 -9999.00 -9999.00 273.90 8.57 0.00
0.00 29437.74

STID = KSUS STNM = 724345 TIME = 221026/1900 
SLAT = 38.66 SLON = -90.65 SELV = 158.0
STIM = 7

SHOW = 16.94 LIFT = 14.39 SWET = 94.88 KINX = -27.68
LCLP = 893.65 PWAT = 8.53 TOTL = 18.01 CAPE = 0.00
LCLT = 276.70 CINS = 0.00 EQLV = -9999.00 LFCT = -9999.00
BRCH = 0.00

PRES TMPC TMWC DWPC THTE DRCT SKNT OMEG
CFRL HGHT
999.40 12.54 8.76 5.16 301.59 328.78 7.50 -0.10
0.00 168.07
996.50 12.14 8.28 4.48 300.75 328.63 9.32 -0.10
0.00 192.43
990.90 11.54 7.84 4.13 300.32 329.04 10.20 -0.10
0.00 239.59
981.50 10.74 7.29 3.77 300.07 328.86 10.90 -0.10
0.00 319.16
967.60 9.54 6.53 3.38 299.84 328.20 11.42 0.00
0.00 437.80
949.70 8.04 5.55 2.86 299.59 328.39 11.87 0.00
0.00 592.37
928.30 6.54 3.81 0.58 298.15 328.74 12.72 0.10
1.00 779.98
905.00 5.44 1.64 -3.73 296.12 334.00 17.72 0.10
2.00 988.16
879.60 5.44 -0.28 -10.62 294.94 337.22 21.08 0.20
0.00 1220.67
851.40 5.34 -1.74 -18.05 295.08 337.24 23.60 0.20
0.00 1486.59
820.20 4.84 -2.85 -24.07 296.42 324.83 24.96 0.20
0.00 1790.82
786.00 3.24 -4.69 -35.41 296.93 321.89 25.17 0.30
0.00 2136.49
748.90 1.14 -6.38 -41.16 298.43 310.72 20.24 0.30
0.00 2526.23
708.80 -0.86 -7.46 -30.47 301.93 284.72 19.89 0.20
0.00 2966.54
665.80 -3.06 -9.40 -35.53 304.39 287.69 23.66 0.20
0.00 3463.44
619.70 -5.66 -11.36 -35.22 307.81 281.53 29.14 0.20
0.00 4028.09
571.20 -9.96 -13.09 -21.56 312.95 271.17 38.07 0.20
0.00 4661.35
524.20 -13.26 -16.00 -24.47 316.09 263.58 45.16 0.20
0.00 5319.15
481.80 -17.26 -20.12 -33.33 317.02 253.47 49.84 0.10
0.00 5956.14
444.00 -20.96 -23.22 -35.05 319.68 251.63 53.63 0.10
0.00 6563.87
409.90 -25.26 -26.82 -36.08 321.45 251.38 57.81 0.10
0.00 7148.90
379.10 -29.26 -30.40 -38.61 323.15 250.81 60.88 0.10
0.00 7711.26
351.40 -33.26 -33.99 -40.18 324.71 248.91 63.71 0.10
0.00 8248.60
326.40 -37.26 -37.69 -42.11 325.95 247.44 68.36 0.10
0.00 8762.61
304.00 -41.06 -41.38 -45.76 326.98 247.92 73.37 0.00
5.00 9249.63
283.80 -44.66 -44.91 -49.37 328.07 248.99 78.03 0.00
0.00 9713.17
265.60 -46.86 -47.16 -54.30 330.88 249.38 80.54 0.00
0.00 10154.36
248.80 -47.56 -47.98 -61.32 335.87 250.74 81.27 0.10
0.00 10586.52
233.50 -48.46 -48.91 -66.97 340.56 255.34 82.13 0.10
0.00 11004.78
219.60 -49.96 -50.36 -67.41 344.27 259.16 83.66 0.10
0.00 11407.10
205.60 -51.36 -51.74 -72.72 348.56 258.88 80.57 0.10
0.00 11836.12
191.70 -52.66 -53.01 -73.19 353.52 255.60 73.41 0.10
0.00 12289.25
177.70 -54.56 -9999.00 -9999.00 -9999.00 247.89 67.09 0.00
0.00 12776.58
163.80 -57.66 -9999.00 -9999.00 -9999.00 240.68 65.05 0.00
0.00 13294.04
149.80 -60.56 -9999.00 -9999.00 -9999.00 240.28 64.65 0.00
0.00 13853.81
135.90 -62.76 -9999.00 -9999.00 -9999.00 240.58 59.32 0.00
0.00 14456.66
121.90 -64.26 -9999.00 -9999.00 -9999.00 236.19 50.27 0.00
0.00 15123.81
108.00 -64.46 -9999.00 -9999.00 -9999.00 229.23 42.83 0.00
0.00 15863.74
94.00 -63.46 -9999.00 -9999.00 -9999.00 224.41 39.70 0.00
0.00 16713.87
81.00 -62.56 -9999.00 -9999.00 -9999.00 222.93 34.23 0.00
0.00 17629.43
70.60 -61.46 -9999.00 -9999.00 -9999.00 211.17 28.15 0.00
0.00 18478.73
62.20 -60.06 -9999.00 -9999.00 -9999.00 209.14 25.14 0.00
0.00 19266.26
54.30 -59.86 -9999.00 -9999.00 -9999.00 198.43 21.50 0.00
0.00 20113.90
46.90 -60.36 -9999.00 -9999.00 -9999.00 200.71 17.04 0.00
0.00 21027.51
40.10 -60.66 -9999.00 -9999.00 -9999.00 188.37 13.34 0.00
0.00 22002.49
33.80 -59.16 -9999.00 -9999.00 -9999.00 227.23 10.59 0.00
0.00 23069.32
27.80 -59.26 -9999.00 -9999.00 -9999.00 287.88 6.33 0.00
0.00 24293.13
22.30 -58.96 -9999.00 -9999.00 -9999.00 267.71 4.86 0.00
0.00 25674.30
17.10 -56.76 -9999.00 -9999.00 -9999.00 260.54 2.37 0.00
0.00 27347.49
12.30 -52.76 -9999.00 -9999.00 -9999.00 245.77 4.25 0.00
0.00 29453.71

STID = KSUS STNM = 724345 TIME = 221026/2000 
SLAT = 38.66 SLON = -90.65 SELV = 158.0
STIM = 8

SHOW = 16.75 LIFT = 13.46 SWET = 86.88 KINX = -36.78
LCLP = 884.97 PWAT = 8.66 TOTL = 17.32 CAPE = 0.00
LCLT = 276.44 CINS = 0.00 EQLV = -9999.00 LFCT = -9999.00
BRCH = 0.00

PRES TMPC TMWC DWPC THTE DRCT SKNT OMEG
CFRL HGHT
997.90 12.94 8.88 5.01 302.01 334.89 6.86 -0.10
0.00 168.10
994.90 12.44 8.38 4.40 301.15 335.77 8.53 -0.10
0.00 193.37
989.40 11.94 8.00 4.08 300.85 335.56 9.38 -0.10
0.00 239.82
980.00 11.14 7.46 3.72 300.60 335.46 9.83 -0.10
0.00 319.62
966.10 9.94 6.67 3.27 300.31 334.86 10.51 -0.10
0.00 438.61
948.20 8.44 5.72 2.81 300.13 334.36 10.78 0.00
0.00 593.64
926.90 6.64 4.53 2.18 299.85 334.75 11.38 0.00
1.00 780.86
903.60 5.34 2.03 -2.40 297.10 338.34 14.22 0.10
5.00 989.41
878.30 5.44 -0.53 -11.79 294.57 343.89 18.20 0.10
0.00 1221.33
850.20 5.54 -1.85 -19.80 294.96 342.94 20.53 0.10
0.00 1486.76
819.00 4.84 -2.83 -23.76 296.61 329.29 22.82 0.20
0.00 1791.52
785.00 3.04 -4.44 -27.99 297.64 324.41 22.69 0.20
0.00 2135.54
747.90 0.94 -6.19 -32.06 299.04 304.85 18.71 0.20
0.00 2525.56
707.90 -0.76 -7.83 -40.42 301.24 280.40 21.52 0.20
0.00 2965.26
665.00 -3.16 -9.45 -35.19 304.42 283.03 21.54 0.20
0.00 3461.58
619.10 -5.96 -11.68 -37.78 307.31 277.28 26.05 0.10
0.00 4023.96
570.70 -10.46 -13.41 -21.48 312.46 271.23 36.13 0.10
0.00 4655.54
523.80 -13.76 -16.40 -24.82 315.45 262.30 43.51 0.20
0.00 5311.22
481.50 -17.46 -20.15 -32.12 317.04 251.13 48.04 0.10
0.00 5946.29
443.70 -20.96 -23.20 -34.83 319.78 248.92 54.55 0.10
0.00 6554.19
409.70 -25.16 -26.70 -35.63 321.70 249.62 58.02 0.10
0.00 7137.96
379.00 -29.26 -30.36 -38.08 323.25 248.57 61.15 0.10
0.00 7698.83
351.30 -33.36 -34.19 -41.75 324.42 246.62 65.60 0.10
0.00 8236.20
326.40 -37.36 -37.90 -43.88 325.63 246.44 69.50 0.10
0.00 8747.99
303.90 -41.26 -41.57 -45.76 326.73 247.16 73.56 0.10
4.00 9236.95
283.80 -44.86 -45.05 -48.27 327.86 247.05 77.21 0.00
0.00 9697.88
265.60 -46.76 -47.07 -54.30 331.03 246.67 78.48 0.00
0.00 10138.96
248.80 -47.16 -47.62 -63.51 336.42 248.98 79.08 0.00
0.00 10571.60
233.50 -48.16 -48.62 -66.97 341.02 253.14 80.38 0.00
0.00 10990.52
219.60 -49.76 -50.17 -67.41 344.58 256.13 81.04 0.00
0.00 11393.29
205.60 -51.46 -51.84 -72.72 348.41 257.50 78.98 0.00
0.00 11822.41
191.70 -53.26 -53.59 -73.19 352.56 256.26 73.58 0.00
0.00 12274.81
177.70 -55.16 -55.44 -73.70 357.17 249.17 67.75 0.00
0.00 12760.82
163.80 -57.76 -9999.00 -9999.00 -9999.00 239.41 66.80 0.00
0.00 13277.44
149.80 -60.86 -9999.00 -9999.00 -9999.00 237.40 67.79 0.00
0.00 13836.69
135.90 -63.16 -9999.00 -9999.00 -9999.00 238.44 63.83 0.00
0.00 14438.54
121.90 -64.26 -9999.00 -9999.00 -9999.00 235.14 55.40 0.00
0.00 15105.05
108.00 -64.06 -9999.00 -9999.00 -9999.00 229.75 48.10 0.00
0.00 15845.69
94.00 -63.26 -9999.00 -9999.00 -9999.00 227.97 42.37 0.00
0.00 16697.04
81.00 -62.66 -9999.00 -9999.00 -9999.00 226.95 36.42 0.00
0.00 17612.83
70.60 -60.86 -9999.00 -9999.00 -9999.00 212.76 29.80 0.00
0.00 18463.13
62.20 -60.16 -9999.00 -9999.00 -9999.00 206.17 25.10 0.00
0.00 19251.59
54.30 -60.26 -9999.00 -9999.00 -9999.00 190.74 22.94 0.00
0.00 20098.23
46.90 -60.36 -9999.00 -9999.00 -9999.00 198.24 18.01 0.00
0.00 21010.99
40.10 -60.46 -9999.00 -9999.00 -9999.00 180.00 12.04 0.00
0.00 21986.42
33.80 -59.46 -9999.00 -9999.00 -9999.00 232.13 8.86 0.00
0.00 23053.00
27.80 -59.76 -9999.00 -9999.00 -9999.00 304.29 5.17 0.00
0.00 24274.52
22.30 -58.46 -9999.00 -9999.00 -9999.00 268.21 6.22 0.00
0.00 25655.69
17.10 -55.86 -9999.00 -9999.00 -9999.00 253.30 4.06 0.00
0.00 27334.32
12.30 -52.06 -9999.00 -9999.00 -9999.00 163.30 4.06 0.00
0.00 29448.26

STID = KSUS STNM = 724345 TIME = 221026/2100 
SLAT = 38.66 SLON = -90.65 SELV = 158.0
STIM = 9

SHOW = 16.61 LIFT = 12.97 SWET = 80.25 KINX = -40.96
LCLP = 886.33 PWAT = 9.07 TOTL = 16.49 CAPE = 0.00
LCLT = 276.59 CINS = 0.00 EQLV = -9999.00 LFCT = -9999.00
BRCH = 0.00

PRES TMPC TMWC DWPC THTE DRCT SKNT OMEG
CFRL HGHT
998.80 13.04 8.99 5.15 302.17 343.30 6.08 -0.10
0.00 168.09
995.80 12.64 8.54 4.55 301.43 342.47 7.73 -0.10
0.00 193.36
990.40 12.14 8.15 4.20 301.09 342.80 8.55 -0.10
0.00 238.95
980.90 11.34 7.63 3.90 300.91 342.72 9.15 -0.10
0.00 319.58
967.00 10.24 6.92 3.51 300.78 342.30 9.58 -0.10
0.00 438.57
949.10 8.64 5.93 3.08 300.51 341.92 10.00 -0.10
0.00 593.60
927.70 6.84 4.79 2.56 300.35 342.58 10.39 -0.10
0.00 781.68
904.40 5.24 2.35 -1.36 297.69 342.76 11.79 -0.10
7.00 990.11
879.10 5.64 -0.55 -12.50 294.42 349.82 15.38 0.00
0.00 1221.87
850.90 5.84 -1.83 -21.23 294.87 350.13 18.14 0.00
0.00 1488.24
819.70 4.84 -2.76 -22.96 296.69 335.42 20.09 0.10
0.00 1792.90
785.60 2.94 -4.09 -23.14 298.33 325.38 19.83 0.10
0.00 2137.63
748.50 1.04 -5.57 -24.44 300.24 300.53 17.60 0.10
0.00 2527.41
708.50 -0.36 -7.63 -43.13 301.47 283.15 21.35 0.20
0.00 2967.19
665.50 -2.86 -9.40 -38.86 304.38 280.35 20.53 0.10
0.00 3464.90
619.50 -6.16 -11.78 -36.98 307.09 275.19 25.74 0.10
0.00 4028.21
571.00 -10.66 -13.17 -19.54 312.88 271.63 34.21 0.10
0.00 4660.28
524.00 -13.86 -16.58 -25.51 315.10 262.67 41.12 0.20
0.00 5316.72
481.70 -17.66 -20.17 -30.84 316.99 251.72 46.45 0.30
0.00 5951.16
443.90 -20.96 -23.12 -33.96 319.88 248.01 55.52 0.30
0.00 6558.58
409.80 -25.16 -26.70 -35.63 321.67 248.72 59.42 0.20
0.00 7143.88
379.00 -29.26 -30.44 -39.16 323.10 248.30 63.56 0.20
0.00 7706.49
351.30 -33.26 -34.17 -42.82 324.44 247.49 67.50 0.10
0.00 8243.96
326.40 -37.46 -37.96 -43.50 325.53 247.53 70.63 0.10
0.00 8755.75
304.00 -41.46 -41.68 -44.54 326.53 247.92 74.42 0.10
99.00 9242.15
283.80 -44.96 -45.17 -48.80 327.68 246.95 77.89 0.00
0.00 9704.99
265.60 -46.26 -46.67 -57.61 331.64 246.32 79.33 0.00
0.00 10146.46
248.80 -46.76 -47.27 -66.51 336.97 247.26 79.41 0.00
0.00 10579.96
233.50 -47.96 -48.43 -66.97 341.32 248.85 79.14 -0.10
0.00 10999.43
219.60 -49.46 -49.88 -67.41 345.04 250.44 78.34 -0.10
0.00 11402.65
205.60 -51.16 -51.55 -72.72 348.88 252.57 77.16 -0.10
0.00 11832.34
191.70 -53.26 -53.59 -73.19 352.56 253.10 73.48 -0.10
0.00 12285.06
177.70 -55.56 -55.83 -73.70 356.51 248.62 68.22 -0.10
0.00 12770.62
163.80 -58.16 -9999.00 -9999.00 -9999.00 240.62 67.33 -0.10
0.00 13286.29
149.80 -61.26 -9999.00 -9999.00 -9999.00 237.28 69.72 0.00
0.00 13844.49
135.90 -63.76 -9999.00 -9999.00 -9999.00 239.12 68.12 0.10
0.00 14444.92
121.90 -64.76 -9999.00 -9999.00 -9999.00 236.77 60.61 0.10
0.00 15109.68
107.90 -64.36 -9999.00 -9999.00 -9999.00 231.63 54.76 0.10
0.00 15854.56
94.00 -63.26 -9999.00 -9999.00 -9999.00 232.04 47.05 0.00
0.00 16699.62
81.00 -62.96 -9999.00 -9999.00 -9999.00 233.83 34.89 0.00
0.00 17614.75
70.60 -61.66 -9999.00 -9999.00 -9999.00 213.90 29.25 0.00
0.00 18462.84
62.20 -60.36 -9999.00 -9999.00 -9999.00 206.38 26.67 0.00
0.00 19249.45
54.30 -60.66 -9999.00 -9999.00 -9999.00 193.21 22.94 0.00
0.00 20094.90
46.90 -61.06 -9999.00 -9999.00 -9999.00 202.44 19.33 0.00
0.00 21005.29
40.10 -60.56 -9999.00 -9999.00 -9999.00 178.15 12.04 0.00
0.00 21978.90
33.80 -60.36 -9999.00 -9999.00 -9999.00 233.43 7.50 0.00
0.00 23042.97
27.80 -60.86 -9999.00 -9999.00 -9999.00 304.38 4.47 0.00
0.00 24258.78
22.30 -59.16 -9999.00 -9999.00 -9999.00 261.25 7.67 0.00
0.00 25634.14
17.10 -56.26 -9999.00 -9999.00 -9999.00 248.55 5.85 0.00
0.00 27308.49
12.30 -51.96 -9999.00 -9999.00 -9999.00 211.22 7.50 0.00
0.00 29420.98

STID = KSUS STNM = 724345 TIME = 221026/2200 
SLAT = 38.66 SLON = -90.65 SELV = 158.0
STIM = 10

SHOW = 16.37 LIFT = 12.60 SWET = 74.95 KINX = -51.16
LCLP = 897.60 PWAT = 9.45 TOTL = 16.68 CAPE = 0.00
LCLT = 277.22 CINS = 0.00 EQLV = -9999.00 LFCT = -9999.00
BRCH = 0.00

PRES TMPC TMWC DWPC THTE DRCT SKNT OMEG
CFRL HGHT
999.80 12.74 9.06 5.62 302.25 344.36 5.05 -0.10
0.00 168.07
996.80 12.54 8.66 4.94 301.62 343.61 6.88 -0.10
0.00 193.30
991.30 12.14 8.25 4.43 301.23 344.62 8.06 -0.10
0.00 239.69
981.90 11.34 7.65 3.95 300.85 343.18 8.72 -0.10
0.00 319.39
967.90 10.24 6.90 3.47 300.65 343.07 9.34 -0.10
0.00 439.12
950.00 8.74 5.92 2.92 300.37 342.65 9.77 -0.10
0.00 594.03
928.60 6.94 4.58 1.94 299.77 342.26 10.20 -0.10
0.00 781.98
905.30 5.04 2.90 0.33 298.77 342.90 10.57 0.00
9.00 990.18
879.90 5.54 -0.61 -12.49 294.23 350.81 13.38 0.00
0.00 1222.55
851.70 5.84 -1.86 -21.64 294.70 356.55 16.16 0.10
0.00 1488.62
820.50 4.64 -2.88 -23.10 296.36 341.95 18.18 0.10
0.00 1792.88
786.30 2.84 -4.22 -23.89 297.99 330.64 17.83 0.10
0.00 2138.10
749.10 0.94 -5.51 -23.23 300.32 304.70 15.37 0.10
0.00 2528.47
709.00 0.04 -7.50 -52.88 301.56 287.70 19.17 0.10
0.00 2969.25
666.00 -2.46 -9.34 -48.58 304.30 281.09 20.18 0.10
0.00 3467.30
619.90 -6.46 -11.07 -25.07 308.53 276.97 27.19 0.10
0.00 4031.61
571.30 -10.56 -12.75 -17.93 313.62 275.55 34.15 0.10
0.00 4664.53
524.30 -14.06 -16.77 -25.87 314.70 265.21 39.57 0.20
0.00 5320.51
481.90 -18.06 -20.37 -30.01 316.63 253.99 45.07 0.30
0.00 5955.41
444.00 -21.16 -23.22 -33.35 319.71 248.02 56.57 0.20
0.00 6563.53
410.00 -25.36 -26.86 -35.62 321.37 248.53 61.58 0.20
0.00 7146.44
379.10 -29.26 -30.53 -40.37 322.93 248.52 64.70 0.10
0.00 7710.44
351.40 -33.26 -34.15 -42.45 324.45 247.39 66.71 0.10
0.00 8247.76
326.50 -37.46 -37.85 -41.79 325.68 247.27 68.86 0.10
0.00 8759.40
304.00 -41.66 -41.89 -44.93 326.21 246.94 73.89 0.10
52.00 9247.69
283.80 -45.16 -45.35 -48.80 327.39 245.21 78.75 0.00
0.00 9710.13
265.60 -46.06 -46.50 -59.06 331.89 244.98 80.38 0.00
0.00 10151.60
248.80 -46.56 -47.08 -66.51 337.27 245.97 80.61 0.00
0.00 10585.48
233.50 -47.96 -48.43 -66.97 341.32 245.77 79.04 0.00
0.00 11005.14
219.60 -49.26 -49.69 -67.41 345.35 246.48 78.38 0.00
0.00 11408.53
205.60 -50.76 -51.17 -72.72 349.51 248.07 77.49 0.00
0.00 11838.81
191.70 -52.86 -53.20 -73.19 353.20 248.01 75.21 0.00
0.00 12292.34
177.70 -55.56 -55.83 -73.70 356.51 245.58 71.89 0.00
0.00 12778.35
163.80 -58.26 -9999.00 -9999.00 -9999.00 240.57 69.58 0.00
0.00 13293.90
149.80 -61.16 -9999.00 -9999.00 -9999.00 237.37 69.89 0.00
0.00 13852.10
135.90 -63.56 -9999.00 -9999.00 -9999.00 238.76 68.16 0.10
0.00 14452.96
121.90 -64.66 -9999.00 -9999.00 -9999.00 237.51 61.48 0.10
0.00 15118.19
107.90 -64.86 -9999.00 -9999.00 -9999.00 231.65 56.97 0.10
0.00 15862.35
94.00 -63.56 -9999.00 -9999.00 -9999.00 232.35 51.52 0.00
0.00 16705.81
81.00 -62.16 -9999.00 -9999.00 -9999.00 233.39 33.88 0.00
0.00 17622.02
70.60 -62.56 -9999.00 -9999.00 -9999.00 213.21 25.54 0.00
0.00 18469.92
62.20 -61.06 -9999.00 -9999.00 -9999.00 205.48 27.54 0.00
0.00 19253.56
54.30 -60.66 -9999.00 -9999.00 -9999.00 201.33 21.89 0.00
0.00 20097.61
46.90 -61.76 -9999.00 -9999.00 -9999.00 207.67 17.99 0.00
0.00 21006.51
40.10 -60.56 -9999.00 -9999.00 -9999.00 179.09 12.24 0.00
0.00 21978.51
33.80 -60.76 -9999.00 -9999.00 -9999.00 232.70 5.13 0.00
0.00 23041.58
27.80 -60.66 -9999.00 -9999.00 -9999.00 308.16 3.46 0.00
0.00 24256.81
22.30 -58.16 -9999.00 -9999.00 -9999.00 262.88 7.83 0.00
0.00 25636.05
17.10 -54.06 -9999.00 -9999.00 -9999.00 263.21 8.22 0.00
0.00 27322.84
12.30 -50.96 -9999.00 -9999.00 -9999.00 250.94 11.31 0.00
0.00 29450.76

STID = KSUS STNM = 724345 TIME = 221026/2300 
SLAT = 38.66 SLON = -90.65 SELV = 158.0
STIM = 11

SHOW = 16.05 LIFT = 12.77 SWET = 70.46 KINX = -9999.00
LCLP = 934.85 PWAT = 9.20 TOTL = 17.29 CAPE = 0.00
LCLT = 279.31 CINS = 0.00 EQLV = -9999.00 LFCT = -9999.00
BRCH = 0.00

PRES TMPC TMWC DWPC THTE DRCT SKNT OMEG
CFRL HGHT
1000.70 11.64 9.27 7.15 302.71 342.65 3.26 -0.10
0.00 168.03
997.70 12.04 8.87 5.92 302.05 345.07 6.02 -0.10
0.00 193.17
992.20 11.94 8.30 4.77 301.27 347.62 8.16 -0.20
0.00 239.46
982.70 11.24 7.55 3.82 300.53 348.23 9.52 -0.20
0.00 319.91
968.80 10.14 6.72 3.14 300.12 347.83 10.14 -0.20
0.00 438.63
950.90 8.64 5.68 2.48 299.75 347.24 10.55 -0.20
0.00 593.32
929.50 6.84 4.37 1.56 299.21 345.20 10.64 -0.10
0.00 781.01
906.00 5.24 2.55 -0.85 297.93 344.48 10.88 0.00
1.00 990.83
880.70 6.04 -0.84 -15.54 293.60 355.67 12.86 0.00
0.00 1222.32
852.40 6.04 -1.73 -21.49 294.87 3.01 14.78 0.10
0.00 1489.41
821.20 4.64 -2.92 -23.56 296.20 347.11 16.53 0.10
0.00 1793.52
786.90 2.84 -4.40 -25.94 297.54 335.61 15.99 0.10
0.00 2139.46
749.70 1.04 -5.58 -24.58 300.07 309.05 13.25 0.10
0.00 2529.57
709.60 0.14 -9999.00 -9999.00 -9999.00 289.61 17.95 0.00
0.00 2970.14
666.40 -2.46 -9.20 -40.99 304.57 280.01 20.12 0.00
0.00 3470.24
620.30 -6.66 -10.51 -20.33 309.58 279.06 27.14 0.10
0.00 4034.08
571.60 -10.86 -13.05 -18.36 313.02 279.24 32.67 0.10
0.00 4667.39
524.50 -14.46 -16.82 -24.36 314.61 262.28 34.69 0.10
0.00 5323.61
482.10 -18.06 -20.37 -30.00 316.59 252.88 45.53 0.20
0.00 5957.78
444.20 -21.26 -23.24 -32.77 319.64 248.88 57.67 0.10
0.00 6565.53
410.10 -25.46 -27.02 -36.55 321.08 249.63 61.95 0.10
0.00 7149.71
379.20 -29.36 -30.68 -41.37 322.67 248.55 64.28 0.10
0.00 7713.32
351.50 -33.36 -34.21 -42.09 324.33 245.76 66.26 0.10
0.00 8250.27
326.50 -37.56 -37.91 -41.48 325.58 245.19 68.05 0.10
5.00 8763.69
304.00 -41.86 -42.05 -44.54 325.97 244.53 72.73 0.10
0.00 9251.67
283.80 -45.06 -45.33 -50.62 327.42 244.19 78.98 0.10
0.00 9714.00
265.60 -45.66 -46.18 -63.02 332.39 245.33 81.45 0.10
0.00 10155.95
248.80 -46.76 -47.25 -63.51 337.01 246.11 82.01 0.10
0.00 10590.02
233.50 -47.86 -48.34 -66.97 341.47 246.91 81.72 0.00
0.00 11009.58
219.60 -49.46 -49.88 -67.41 345.04 248.12 79.76 0.00
0.00 11412.89
205.60 -51.06 -51.46 -72.72 349.04 247.82 77.19 0.00
0.00 11842.68
191.70 -52.96 -53.30 -73.19 353.04 245.68 75.47 0.00
0.00 12295.80
177.70 -55.46 -55.73 -73.70 356.68 242.70 74.53 0.00
0.00 12781.81
163.80 -58.26 -9999.00 -9999.00 -9999.00 240.72 73.48 0.00
0.00 13297.48
149.80 -60.76 -9999.00 -9999.00 -9999.00 239.14 73.10 0.00
0.00 13856.21
135.90 -63.06 -9999.00 -9999.00 -9999.00 239.79 71.04 0.00
0.00 14458.35
121.90 -64.16 -9999.00 -9999.00 -9999.00 238.83 63.79 0.00
0.00 15125.17
107.90 -64.16 -9999.00 -9999.00 -9999.00 233.17 56.06 0.00
0.00 15871.48
94.00 -64.06 -9999.00 -9999.00 -9999.00 232.18 49.42 0.00
0.00 16715.33
81.00 -62.36 -9999.00 -9999.00 -9999.00 232.94 34.81 0.00
0.00 17630.03
70.60 -62.26 -9999.00 -9999.00 -9999.00 212.28 21.83 0.00
0.00 18478.12
62.20 -60.96 -9999.00 -9999.00 -9999.00 206.21 27.72 0.00
0.00 19262.50
54.30 -60.06 -9999.00 -9999.00 -9999.00 209.74 23.48 0.00
0.00 20107.95
46.90 -60.66 -9999.00 -9999.00 -9999.00 213.33 16.98 0.00
0.00 21020.49
40.10 -59.46 -9999.00 -9999.00 -9999.00 194.04 12.00 0.00
0.00 21997.53
33.80 -59.86 -9999.00 -9999.00 -9999.00 276.84 4.90 0.00
0.00 23065.61
27.80 -59.76 -9999.00 -9999.00 -9999.00 320.83 6.76 0.00
0.00 24285.99
22.30 -58.26 -9999.00 -9999.00 -9999.00 290.43 10.57 0.00
0.00 25667.80
17.10 -54.26 -9999.00 -9999.00 -9999.00 285.15 9.65 0.00
0.00 27353.43
12.30 -51.16 -9999.00 -9999.00 -9999.00 261.18 11.40 0.00
0.00 29479.42

STID = KSUS STNM = 724345 TIME = 221027/0000 
SLAT = 38.66 SLON = -90.65 SELV = 158.0
STIM = 12

SHOW = 16.17 LIFT = 13.34 SWET = 67.79 KINX = -47.32
LCLP = 951.12 PWAT = 9.39 TOTL = 17.45 CAPE = 0.00
LCLT = 279.40 CINS = 0.00 EQLV = -9999.00 LFCT = -9999.00
BRCH = 0.00

PRES TMPC TMWC DWPC THTE DRCT SKNT OMEG
CFRL HGHT
1000.80 10.34 8.60 6.99 301.11 353.66 3.52 -0.10
0.00 167.98
997.90 11.34 8.56 5.94 301.30 358.36 6.80 -0.10
0.00 192.19
992.40 11.44 8.01 4.64 300.58 360.00 9.13 -0.20
0.00 238.38
982.90 10.94 7.33 3.63 300.00 1.04 10.68 -0.30
0.00 318.69
968.90 9.74 6.50 3.09 299.63 360.00 11.07 -0.30
0.00 438.10
951.00 8.34 5.59 2.62 299.54 358.99 11.07 -0.30
0.00 592.59
929.60 6.54 4.33 1.84 299.14 355.68 10.33 -0.20
0.00 780.06
906.20 5.44 1.79 -3.26 296.32 353.42 10.16 -0.10
0.00 988.88
880.90 6.34 -1.03 -18.20 293.12 8.13 12.35 -0.10
0.00 1220.47
852.60 5.94 -1.73 -20.93 294.87 14.04 13.62 0.00
0.00 1487.57
821.30 4.54 -2.99 -23.72 296.05 355.54 15.00 0.00
0.00 1792.50
787.10 2.74 -4.62 -28.18 297.06 345.77 14.22 0.00
0.00 2137.22
749.90 0.94 -5.81 -26.46 299.59 319.40 10.74 0.00
0.00 2527.06
709.70 0.04 -7.49 -52.87 301.47 293.29 15.23 0.10
0.00 2968.47
666.50 -2.56 -9.04 -34.82 304.93 278.97 18.69 0.10
0.00 3468.34
620.40 -6.86 -10.41 -19.07 309.78 278.68 25.74 0.20
0.00 4031.82
571.70 -11.16 -13.06 -17.56 312.99 272.80 27.82 0.20
0.00 4664.48
524.50 -14.86 -16.71 -22.16 314.83 256.48 31.57 0.10
0.00 5321.21
482.10 -17.56 -20.02 -30.17 317.18 250.08 47.32 0.10
0.00 5955.55
444.20 -21.46 -23.35 -32.40 319.46 250.20 56.78 0.00
0.00 6563.66
410.10 -25.86 -27.34 -36.55 320.56 250.16 60.10 0.00
0.00 7147.15
379.20 -29.76 -30.93 -40.05 322.28 247.45 63.31 0.00
0.00 7709.85
351.50 -33.56 -34.41 -42.44 324.02 243.96 65.93 0.00
0.00 8246.13
326.50 -37.76 -38.12 -41.79 325.27 243.43 67.75 0.00
3.00 8759.11
304.00 -42.26 -42.47 -45.33 325.33 244.18 73.15 0.00
0.00 9246.46
283.80 -44.86 -45.24 -53.74 327.55 244.00 79.76 0.00
0.00 9708.59
265.60 -46.46 -46.88 -59.06 331.30 243.92 81.74 0.00
0.00 10149.95
248.80 -47.16 -47.60 -61.32 336.46 244.09 83.57 0.00
0.00 10582.87
233.50 -48.16 -48.62 -66.97 341.02 244.92 83.86 0.00
0.00 11001.79
219.60 -49.66 -50.07 -67.41 344.73 245.62 81.90 0.00
0.00 11404.65
205.60 -51.46 -51.84 -72.72 348.41 245.94 79.56 0.00
0.00 11833.86
191.70 -53.56 -53.88 -73.19 352.08 245.03 78.21 0.00
0.00 12285.96
177.70 -55.76 -9999.00 -9999.00 -9999.00 242.28 77.25 0.00
0.00 12770.96
163.80 -58.26 -9999.00 -9999.00 -9999.00 240.71 76.61 -0.10
0.00 13286.28
149.80 -60.86 -9999.00 -9999.00 -9999.00 241.12 75.21 -0.10
0.00 13844.87
135.90 -63.26 -9999.00 -9999.00 -9999.00 240.77 72.79 -0.10
0.00 14446.58
121.90 -64.56 -9999.00 -9999.00 -9999.00 238.59 64.86 0.00
0.00 15112.46
107.90 -63.96 -9999.00 -9999.00 -9999.00 233.33 55.94 0.00
0.00 15858.40
94.00 -63.96 -9999.00 -9999.00 -9999.00 231.38 46.99 0.00
0.00 16702.86
81.00 -62.86 -9999.00 -9999.00 -9999.00 231.20 36.89 0.00
0.00 17616.68
70.60 -61.16 -9999.00 -9999.00 -9999.00 215.15 23.29 0.00
0.00 18465.98
62.20 -60.76 -9999.00 -9999.00 -9999.00 205.16 28.32 0.00
0.00 19252.77
54.30 -59.46 -9999.00 -9999.00 -9999.00 214.30 25.16 0.00
0.00 20099.81
46.90 -59.86 -9999.00 -9999.00 -9999.00 217.87 15.50 0.00
0.00 21015.35
40.10 -59.66 -9999.00 -9999.00 -9999.00 210.11 11.23 0.00
0.00 21993.77
33.80 -60.16 -9999.00 -9999.00 -9999.00 300.96 5.67 0.00
0.00 23060.60
27.80 -60.06 -9999.00 -9999.00 -9999.00 345.07 6.02 0.00
0.00 24279.26
22.30 -59.36 -9999.00 -9999.00 -9999.00 327.03 8.57 0.00
0.00 25656.56
17.10 -55.16 -9999.00 -9999.00 -9999.00 300.74 8.35 0.00
0.00 27334.41
12.30 -51.46 -9999.00 -9999.00 -9999.00 275.01 11.11 0.00
0.00 29454.62

STID = KSUS STNM = 724345 TIME = 221027/0100 
SLAT = 38.66 SLON = -90.65 SELV = 158.0
STIM = 13

SHOW = 16.27 LIFT = 13.98 SWET = 65.83 KINX = -41.04
LCLP = 964.12 PWAT = 9.50 TOTL = 17.18 CAPE = 0.00
LCLT = 279.25 CINS = 0.00 EQLV = -9999.00 LFCT = -9999.00
BRCH = 0.00

PRES TMPC TMWC DWPC THTE DRCT SKNT OMEG
CFRL HGHT
1001.40 9.14 7.88 6.65 299.36 26.57 3.05 -0.10
0.00 167.93
998.40 10.34 8.00 5.73 299.94 23.63 6.78 -0.10
0.00 192.87
992.90 10.84 7.63 4.40 299.64 23.50 9.75 -0.20
0.00 238.90
983.50 10.44 7.00 3.41 299.19 21.25 11.25 -0.30
0.00 318.16
969.50 9.34 6.19 2.81 298.88 18.43 11.67 -0.30
0.00 437.30
951.60 7.94 5.30 2.40 298.84 14.04 11.21 -0.30
0.00 591.46
930.20 6.14 4.20 1.99 298.78 8.91 10.02 -0.20
0.00 778.55
906.70 5.54 1.30 -5.01 295.23 5.71 9.75 -0.10
0.00 988.00
881.40 6.54 -1.07 -19.51 292.95 21.63 12.12 -0.10
0.00 1219.54
853.10 5.94 -1.74 -21.06 294.79 22.96 12.45 0.00
0.00 1486.58
821.80 4.34 -3.07 -23.24 295.88 3.97 14.02 0.00
0.00 1791.22
787.50 2.64 -4.76 -29.35 296.75 354.64 12.49 0.00
0.00 2136.57
750.30 0.94 -5.96 -28.47 299.22 326.31 8.41 0.00
0.00 2526.12
710.10 0.04 -7.41 -45.76 301.61 292.29 12.80 0.00
0.00 2967.28
666.90 -2.46 -8.76 -31.11 305.43 275.71 17.56 0.10
0.00 3466.97
620.60 -6.86 -9.90 -16.59 310.75 274.36 22.98 0.20
0.00 4032.82
571.90 -11.16 -12.85 -16.68 313.37 256.50 24.96 0.20
0.00 4665.36
524.70 -14.96 -16.75 -21.97 314.74 251.11 31.20 0.10
0.00 5321.75
482.30 -17.36 -19.91 -30.49 317.32 248.85 47.90 0.10
0.00 5955.96
444.30 -21.66 -23.45 -31.86 319.29 248.91 55.59 0.20
0.00 6565.48
410.20 -25.96 -27.34 -35.62 320.55 247.54 59.48 0.20
0.00 7148.49
379.30 -29.86 -30.93 -38.87 322.27 244.92 63.69 0.20
0.00 7710.83
351.50 -33.66 -34.29 -39.61 324.21 242.91 66.55 0.20
0.00 8248.78
326.50 -38.16 -38.45 -41.48 324.75 244.73 69.17 0.20
75.00 8761.23
304.00 -42.06 -42.52 -50.71 325.23 246.34 75.50 0.20
0.00 9248.36
283.80 -44.96 -45.38 -55.82 327.32 244.57 79.16 0.10
0.00 9710.57
265.70 -46.56 -46.93 -56.36 331.20 242.70 81.76 0.10
0.00 10149.24
248.80 -47.26 -47.72 -63.51 336.27 241.89 83.68 0.10
0.00 10584.46
233.50 -48.16 -48.62 -66.97 341.02 242.55 84.27 0.10
0.00 11003.28
219.60 -49.36 -49.81 -72.27 345.15 243.91 83.92 0.10
0.00 11406.41
205.60 -51.36 -51.74 -72.72 348.56 245.35 83.35 0.10
0.00 11836.01
191.70 -53.76 -54.07 -73.19 351.76 245.25 82.13 0.10
0.00 12288.00
177.70 -56.06 -9999.00 -9999.00 -9999.00 242.57 80.54 0.00
0.00 12772.45
163.80 -58.46 -9999.00 -9999.00 -9999.00 240.19 79.70 0.00
0.00 13287.17
149.80 -60.96 -9999.00 -9999.00 -9999.00 239.90 77.47 0.00
0.00 13845.37
135.90 -63.66 -9999.00 -9999.00 -9999.00 240.39 73.50 0.00
0.00 14446.37
121.90 -65.26 -9999.00 -9999.00 -9999.00 238.89 66.92 0.00
0.00 15110.49
107.90 -64.06 -9999.00 -9999.00 -9999.00 234.24 58.18 0.00
0.00 15855.01
94.00 -63.66 -9999.00 -9999.00 -9999.00 234.52 46.52 0.00
0.00 16699.88
81.00 -63.96 -9999.00 -9999.00 -9999.00 229.89 37.08 0.00
0.00 17611.96
70.60 -60.86 -9999.00 -9999.00 -9999.00 217.46 26.18 0.00
0.00 18459.65
62.20 -61.56 -9999.00 -9999.00 -9999.00 198.43 28.87 0.00
0.00 19245.51
54.30 -60.16 -9999.00 -9999.00 -9999.00 212.10 25.21 0.00
0.00 20089.57
46.90 -59.56 -9999.00 -9999.00 -9999.00 204.90 11.99 0.00
0.00 21004.25
40.10 -60.06 -9999.00 -9999.00 -9999.00 203.50 9.75 0.00
0.00 21982.44
33.80 -60.36 -9999.00 -9999.00 -9999.00 342.65 3.26 0.00
0.00 23047.77
27.80 -59.96 -9999.00 -9999.00 -9999.00 40.36 5.09 0.00
0.00 24266.15
22.30 -59.56 -9999.00 -9999.00 -9999.00 353.21 8.22 0.00
0.00 25643.12
17.10 -55.96 -9999.00 -9999.00 -9999.00 318.09 10.18 0.00
0.00 27317.09
12.30 -51.86 -9999.00 -9999.00 -9999.00 299.51 11.83 0.00
0.00 29431.51

STID = KSUS STNM = 724345 TIME = 221027/0200 
SLAT = 38.66 SLON = -90.65 SELV = 158.0
STIM = 14

SHOW = 15.90 LIFT = 14.35 SWET = 62.75 KINX = -37.09
LCLP = 968.33 PWAT = 9.66 TOTL = 18.21 CAPE = 0.00
LCLT = 278.88 CINS = 0.00 EQLV = -9999.00 LFCT = -9999.00
BRCH = 0.00

PRES TMPC TMWC DWPC THTE DRCT SKNT OMEG
CFRL HGHT
1001.70 8.44 7.33 6.22 298.09 45.00 2.74 -0.10
0.00 167.90
998.70 9.44 7.43 5.43 298.62 42.80 7.15 -0.10
0.00 192.76
993.20 10.04 7.22 4.33 298.69 42.77 10.59 -0.20
0.00 238.64
983.70 9.74 6.67 3.44 298.45 38.25 12.86 -0.20
0.00 318.51
969.80 8.74 5.89 2.78 298.18 32.47 12.67 -0.20
0.00 436.50
951.80 7.44 4.96 2.19 298.09 23.46 11.23 -0.20
0.00 591.17
930.40 5.84 3.87 1.58 298.05 11.77 9.52 -0.10
1.00 777.94
907.00 5.74 0.96 -6.58 294.49 10.84 9.30 0.00
0.00 986.37
881.60 6.74 -1.03 -20.15 292.99 28.37 11.03 0.00
0.00 1218.91
853.30 6.04 -1.62 -20.52 295.00 25.68 11.21 0.00
0.00 1486.03
822.00 4.34 -3.05 -23.08 295.89 8.75 12.78 0.10
0.00 1790.65
787.70 2.54 -4.83 -29.60 296.59 360.00 10.49 0.00
0.00 2135.85
750.50 0.94 -6.08 -30.37 298.94 319.76 6.62 0.00
0.00 2525.22
710.20 -0.16 -7.49 -43.11 301.48 285.95 11.31 0.00
0.00 2967.22
667.00 -2.56 -8.53 -27.20 305.94 272.54 17.50 0.00
0.00 3466.60
620.80 -7.16 -9.41 -13.84 311.70 270.00 21.95 0.00
0.00 4030.78
572.00 -11.46 -12.91 -16.16 313.24 256.49 25.78 0.00
0.00 4663.83
524.80 -14.96 -16.92 -22.91 314.40 245.73 32.60 0.00
0.00 5319.72
482.30 -17.76 -20.07 -29.38 317.06 247.25 45.71 0.00
0.00 5954.87
444.30 -21.96 -23.62 -31.35 319.01 246.33 53.22 0.10
0.00 6563.57
410.20 -26.16 -27.44 -34.97 320.39 244.12 57.87 0.10
0.00 7146.00
379.30 -29.76 -30.71 -37.32 322.62 242.32 62.72 0.10
0.00 7708.24
351.50 -34.06 -34.64 -39.61 323.67 243.58 66.80 0.10
0.00 8245.87
326.50 -38.26 -39.03 -51.67 323.82 246.84 71.62 0.10
0.00 8757.75
304.00 -42.16 -42.68 -53.17 324.97 245.46 76.24 0.10
0.00 9244.63
283.80 -45.06 -45.38 -52.05 327.34 242.69 80.46 0.00
0.00 9706.64
265.70 -46.66 -47.04 -57.61 331.02 241.13 82.07 0.00
0.00 10145.12
248.80 -47.36 -47.79 -61.32 336.16 240.80 83.22 -0.10
0.00 10580.15
233.50 -47.86 -48.34 -66.97 341.47 240.61 84.71 -0.10
0.00 10999.16
219.60 -49.06 -49.53 -72.27 345.61 241.16 85.37 0.00
0.00 11402.82
205.60 -51.06 -51.46 -72.72 349.04 242.49 84.54 0.00
0.00 11833.00
191.70 -53.36 -53.68 -73.19 352.40 242.90 83.14 0.00
0.00 12285.71
177.70 -55.56 -9999.00 -9999.00 -9999.00 241.31 82.15 0.00
0.00 12771.16
163.80 -57.86 -9999.00 -9999.00 -9999.00 240.00 81.20 0.00
0.00 13287.19
149.80 -60.26 -9999.00 -9999.00 -9999.00 239.55 78.19 0.00
0.00 13847.09
135.90 -62.96 -9999.00 -9999.00 -9999.00 239.59 72.53 0.00
0.00 14450.09
121.90 -64.96 -9999.00 -9999.00 -9999.00 239.35 65.93 0.10
0.00 15115.80
107.90 -64.26 -9999.00 -9999.00 -9999.00 236.88 60.08 0.10
0.00 15860.50
94.00 -62.96 -9999.00 -9999.00 -9999.00 237.31 46.39 0.00
0.00 16706.37
81.00 -62.86 -9999.00 -9999.00 -9999.00 228.15 34.95 0.00
0.00 17622.37
70.60 -60.06 -9999.00 -9999.00 -9999.00 219.32 29.12 0.00
0.00 18473.88
62.20 -60.96 -9999.00 -9999.00 -9999.00 202.80 29.08 0.00
0.00 19262.34
54.30 -59.76 -9999.00 -9999.00 -9999.00 222.33 26.53 0.00
0.00 20108.39
46.90 -58.96 -9999.00 -9999.00 -9999.00 221.55 11.42 0.00
0.00 21025.21
40.10 -60.26 -9999.00 -9999.00 -9999.00 226.51 10.45 0.00
0.00 22004.32
33.80 -60.66 -9999.00 -9999.00 -9999.00 321.71 4.70 0.00
0.00 23068.39
27.80 -60.36 -9999.00 -9999.00 -9999.00 41.63 2.33 0.00
0.00 24284.77
22.30 -60.16 -9999.00 -9999.00 -9999.00 348.69 5.94 0.00
0.00 25658.52
17.10 -56.76 -9999.00 -9999.00 -9999.00 318.37 7.01 0.00
0.00 27327.05
12.30 -52.16 -9999.00 -9999.00 -9999.00 318.18 4.95 0.00
0.00 29436.16

STID = KSUS STNM = 724345 TIME = 221027/0300 
SLAT = 38.66 SLON = -90.65 SELV = 158.0
STIM = 15

SHOW = 15.13 LIFT = 14.47 SWET = 59.22 KINX = -34.39
LCLP = 971.14 PWAT = 9.87 TOTL = 20.11 CAPE = 0.00
LCLT = 278.47 CINS = 0.00 EQLV = -9999.00 LFCT = -9999.00
BRCH = 0.00

PRES TMPC TMWC DWPC THTE DRCT SKNT OMEG
CFRL HGHT
1002.20 7.84 6.83 5.78 296.92 52.43 3.19 0.00
0.00 167.88
999.20 8.84 7.07 5.26 297.75 52.00 7.89 -0.10
0.00 192.66
993.70 9.24 6.93 4.55 298.00 51.63 11.89 -0.20
0.00 238.41
984.20 8.94 6.44 3.79 297.89 47.16 14.57 -0.20
0.00 318.02
970.30 8.04 5.68 3.11 297.69 40.96 13.64 -0.20
0.00 435.64
952.30 7.04 4.77 2.20 297.62 26.57 11.29 -0.10
0.00 589.94
930.80 5.94 3.20 -0.21 296.58 12.65 9.75 -0.10
1.00 777.36
907.40 6.34 0.45 -10.04 293.35 18.43 9.83 0.00
0.00 985.89
882.10 7.14 -0.83 -20.54 293.27 34.29 10.35 0.00
0.00 1217.76
853.70 6.14 -1.47 -19.75 295.25 27.55 10.08 0.10
0.00 1485.92
822.40 4.34 -3.09 -23.55 295.75 15.00 11.27 0.10
0.00 1790.46
788.10 2.64 -4.77 -29.60 296.65 2.73 8.16 0.10
0.00 2135.55
750.80 1.04 -6.06 -31.16 298.92 300.65 6.10 0.00
0.00 2525.93
710.50 -0.26 -7.55 -43.10 301.34 275.01 11.11 0.00
0.00 2967.74
667.30 -2.66 -8.04 -22.22 306.91 268.19 18.45 0.00
0.00 3466.77
621.00 -7.46 -8.72 -10.93 313.02 270.00 22.14 0.10
0.00 4031.69
572.20 -11.86 -13.19 -16.22 312.70 257.47 25.08 0.00
0.00 4663.79
524.90 -15.46 -17.21 -22.52 313.90 243.13 32.23 0.00
0.00 5319.77
482.40 -18.46 -20.46 -28.35 316.41 244.46 43.71 0.00
0.00 5953.32
444.40 -22.56 -24.01 -30.70 318.36 243.43 52.12 0.00
0.00 6560.35
410.20 -26.46 -27.71 -35.18 319.97 241.08 57.03 0.00
0.00 7143.38
379.30 -30.06 -30.94 -37.08 322.26 240.04 63.01 0.10
0.00 7704.93
351.50 -34.16 -35.09 -45.35 322.95 243.95 68.10 0.10
0.00 8242.08
326.60 -38.46 -39.19 -50.85 323.56 245.74 73.29 0.10
0.00 8751.50
304.10 -42.26 -42.63 -48.76 325.03 242.50 79.51 0.10
0.00 9237.92
283.80 -45.46 -45.76 -52.05 326.76 240.85 82.96 0.00
0.00 9701.64
265.70 -46.86 -47.18 -55.27 330.81 241.44 84.93 0.00
0.00 10139.54
248.80 -47.46 -47.88 -61.32 336.02 240.50 84.81 -0.10
0.00 10574.29
233.50 -47.36 -47.89 -71.85 342.18 239.19 86.85 -0.10
0.00 10993.67
219.60 -48.56 -49.06 -72.27 346.38 239.89 87.12 -0.10
0.00 11398.23
205.60 -50.86 -51.27 -72.72 349.35 241.06 85.90 0.00
0.00 11829.08
191.70 -53.06 -53.40 -73.19 352.88 241.91 84.98 0.00
0.00 12282.31
177.70 -55.26 -9999.00 -9999.00 -9999.00 241.58 83.27 -0.10
0.00 12768.42
163.80 -57.66 -9999.00 -9999.00 -9999.00 240.36 80.91 -0.10
0.00 13285.05
149.80 -59.76 -9999.00 -9999.00 -9999.00 239.77 77.56 0.00
0.00 13845.86
135.90 -62.56 -9999.00 -9999.00 -9999.00 239.17 71.25 0.00
0.00 14450.14
121.90 -64.66 -9999.00 -9999.00 -9999.00 238.56 64.43 0.00
0.00 15116.97
107.90 -64.76 -9999.00 -9999.00 -9999.00 238.49 59.46 0.10
0.00 15861.31
94.00 -63.06 -9999.00 -9999.00 -9999.00 237.55 47.42 0.00
0.00 16705.97
81.00 -62.26 -9999.00 -9999.00 -9999.00 224.32 34.48 0.00
0.00 17623.06
70.60 -60.36 -9999.00 -9999.00 -9999.00 219.54 31.74 0.00
0.00 18475.17
62.20 -60.66 -9999.00 -9999.00 -9999.00 210.00 27.58 0.00
0.00 19263.64
54.30 -60.66 -9999.00 -9999.00 -9999.00 224.70 26.24 0.00
0.00 20108.49
46.90 -58.96 -9999.00 -9999.00 -9999.00 236.56 12.33 0.00
0.00 21023.39
40.10 -60.66 -9999.00 -9999.00 -9999.00 236.31 9.81 0.00
0.00 22001.57
33.80 -60.56 -9999.00 -9999.00 -9999.00 318.58 4.41 0.00
0.00 23064.90
27.80 -60.06 -9999.00 -9999.00 -9999.00 261.87 1.38 0.00
0.00 24282.42
22.30 -59.06 -9999.00 -9999.00 -9999.00 325.62 4.47 0.00
0.00 25660.69
17.10 -56.36 -9999.00 -9999.00 -9999.00 340.02 4.55 0.00
0.00 27335.04
12.30 -52.56 -9999.00 -9999.00 -9999.00 57.99 1.83 0.00
0.00 29444.16

STID = KSUS STNM = 724345 TIME = 221027/0400 
SLAT = 38.66 SLON = -90.65 SELV = 158.0
STIM = 16

SHOW = 14.62 LIFT = 14.64 SWET = 57.51 KINX = -31.09
LCLP = 975.10 PWAT = 10.08 TOTL = 21.44 CAPE = 0.00
LCLT = 278.21 CINS = 0.00 EQLV = -9999.00 LFCT = -9999.00
BRCH = 0.00

PRES TMPC TMWC DWPC THTE DRCT SKNT OMEG
CFRL HGHT
1003.40 7.34 6.44 5.47 295.93 81.87 2.74 0.00
0.00 167.85
1000.50 8.34 6.78 5.17 296.99 67.38 7.58 -0.10
0.00 191.73
995.00 8.94 6.77 4.51 297.51 63.43 12.16 -0.10
0.00 237.35
985.50 8.64 6.27 3.75 297.40 58.64 14.55 -0.20
0.00 316.77
971.50 7.64 5.50 3.15 297.17 53.13 13.60 -0.20
0.00 434.94
953.50 6.64 4.31 1.58 296.51 40.18 11.44 -0.20
0.00 588.82
932.00 5.94 2.58 -1.91 295.15 28.07 9.91 -0.20
0.00 775.83
908.60 6.24 0.10 -11.51 292.50 33.39 10.24 -0.20
0.00 984.00
883.20 7.04 -0.84 -20.12 293.15 43.36 9.62 -0.20
0.00 1216.40
854.80 6.04 -1.45 -19.13 295.19 38.48 9.67 -0.20
0.00 1484.13
823.40 4.44 -3.04 -23.70 295.73 26.57 10.43 -0.10
0.00 1789.26
789.00 2.64 -4.73 -29.09 296.62 13.32 7.60 -0.10
0.00 2135.02
751.60 0.94 -6.10 -30.88 298.75 308.05 5.67 -0.10
0.00 2525.94
711.30 -0.16 -7.47 -42.34 301.38 277.82 10.00 0.00
0.00 2967.27
667.90 -2.76 -7.04 -15.92 308.89 273.08 18.08 0.10
0.00 3468.21
621.50 -7.56 -8.70 -10.69 312.98 269.48 21.56 0.20
0.00 4033.78
572.60 -12.16 -13.44 -16.40 312.18 249.55 24.46 0.00
0.00 4666.23
525.30 -15.86 -17.46 -22.33 313.41 241.72 31.97 0.00
0.00 5320.84
482.70 -19.06 -20.74 -27.15 315.91 244.73 42.31 -0.10
0.00 5954.23
444.60 -23.16 -24.56 -31.35 317.42 243.33 49.34 -0.10
0.00 6561.09
410.40 -26.86 -27.97 -34.55 319.51 238.51 54.66 -0.10
0.00 7142.67
379.40 -30.36 -31.26 -37.81 321.73 238.39 62.28 0.00
0.00 7705.02
351.60 -34.26 -35.22 -46.35 322.71 241.25 68.24 0.00
0.00 8241.58
326.60 -38.26 -38.82 -46.01 324.14 241.27 75.97 0.00
0.00 8753.08
304.10 -42.36 -42.65 -47.14 325.01 239.74 80.96 0.00
1.00 9239.63
283.90 -45.76 -46.01 -51.30 326.34 239.88 83.99 0.00
0.00 9700.59
265.70 -47.46 -47.75 -55.27 329.93 241.20 84.67 0.00
0.00 10139.95
248.80 -46.66 -47.18 -66.51 337.12 240.92 87.12 0.00
0.00 10574.89
233.50 -46.96 -47.52 -71.85 342.79 240.27 88.13 0.00
0.00 10995.38
219.60 -48.46 -48.96 -72.27 346.54 239.41 87.78 0.00
0.00 11400.39
205.60 -50.66 -51.08 -72.72 349.66 239.95 87.30 0.00
0.00 11831.54
191.70 -53.16 -53.49 -73.19 352.72 241.31 86.58 0.00
0.00 12284.86
177.70 -55.36 -9999.00 -9999.00 -9999.00 241.90 84.13 0.00
0.00 12770.76
163.80 -57.36 -9999.00 -9999.00 -9999.00 240.26 79.88 0.00
0.00 13287.62
149.80 -59.56 -9999.00 -9999.00 -9999.00 237.85 75.93 0.10
0.00 13849.09
135.90 -61.76 -9999.00 -9999.00 -9999.00 237.31 70.86 0.10
0.00 14454.79
121.90 -63.96 -9999.00 -9999.00 -9999.00 237.68 63.21 0.10
0.00 15124.01
107.90 -64.16 -9999.00 -9999.00 -9999.00 240.08 56.47 0.10
0.00 15870.67
94.00 -63.16 -9999.00 -9999.00 -9999.00 239.12 45.05 0.00
0.00 16716.34
81.00 -62.66 -9999.00 -9999.00 -9999.00 221.99 33.97 0.00
0.00 17632.34
70.60 -61.26 -9999.00 -9999.00 -9999.00 213.89 31.35 0.00
0.00 18481.84
62.20 -60.86 -9999.00 -9999.00 -9999.00 216.16 25.02 0.00
0.00 19268.26
54.30 -61.46 -9999.00 -9999.00 -9999.00 218.66 21.15 0.00
0.00 20111.12
46.90 -59.46 -9999.00 -9999.00 -9999.00 228.45 11.42 0.00
0.00 21023.24
40.10 -61.06 -9999.00 -9999.00 -9999.00 209.48 5.13 0.00
0.00 21999.36
33.80 -60.66 -9999.00 -9999.00 -9999.00 6.71 3.32 0.00
0.00 23061.44
27.80 -60.16 -9999.00 -9999.00 -9999.00 258.69 1.98 0.00
0.00 24278.38
22.30 -57.76 -9999.00 -9999.00 -9999.00 311.82 4.95 0.00
0.00 25660.52
17.10 -54.36 -9999.00 -9999.00 -9999.00 316.22 6.45 0.00
0.00 27347.70
12.30 -52.16 -9999.00 -9999.00 -9999.00 212.01 1.83 0.00
0.00 29468.39

STID = KSUS STNM = 724345 TIME = 221027/0500 
SLAT = 38.66 SLON = -90.65 SELV = 158.0
STIM = 17

SHOW = 14.24 LIFT = 14.49 SWET = 54.24 KINX = -28.75
LCLP = 977.43 PWAT = 10.05 TOTL = 22.47 CAPE = 0.00
LCLT = 278.06 CINS = 0.00 EQLV = -9999.00 LFCT = -9999.00
BRCH = 0.00

PRES TMPC TMWC DWPC THTE DRCT SKNT OMEG
CFRL HGHT
1002.60 6.94 6.15 5.28 295.39 77.47 1.79 0.00
0.00 167.84
999.60 7.94 6.51 5.00 296.47 72.07 6.93 0.00
0.00 192.54
994.10 8.64 6.51 4.26 297.03 68.20 11.50 -0.10
0.00 238.14
984.60 8.34 6.02 3.51 296.93 64.20 12.94 -0.10
0.00 317.54
970.70 7.34 5.26 2.94 296.73 60.36 12.96 0.00
0.00 434.84
952.70 6.24 3.98 1.29 295.91 50.77 12.30 0.00
0.00 588.64
931.30 5.44 2.16 -2.34 294.38 40.60 10.74 -0.10
0.00 774.62
907.80 5.74 0.00 -10.56 292.45 40.86 9.50 0.00
0.00 983.48
882.50 6.74 -1.01 -20.00 292.94 48.95 7.98 0.00
0.00 1214.83
854.10 5.84 -1.55 -18.91 295.10 48.95 7.98 0.10
0.00 1482.55
822.80 4.24 -3.16 -23.70 295.58 40.31 8.41 0.10
0.00 1786.73
788.40 2.54 -4.77 -28.62 296.64 23.75 5.30 0.00
0.00 2132.55
751.10 0.84 -6.17 -30.89 298.70 300.58 4.97 0.00
0.00 2522.57
710.80 -0.26 -7.49 -40.38 301.44 271.17 9.52 0.10
0.00 2964.04
667.50 -2.86 -6.65 -13.92 309.74 270.64 17.29 0.10
0.00 3464.02
621.20 -7.56 -9.45 -13.10 311.57 256.97 21.54 0.10
0.00 4028.54
572.30 -12.46 -13.60 -16.22 311.96 242.86 25.97 0.10
0.00 4660.86
525.00 -16.16 -17.57 -21.79 313.28 243.88 33.53 0.00
0.00 5315.09
482.50 -19.66 -21.13 -26.78 315.30 246.91 41.61 0.00
0.00 5946.21
444.50 -23.66 -24.95 -31.35 316.81 243.65 47.26 0.00
0.00 6550.35
410.30 -27.36 -28.19 -32.86 319.19 237.22 54.53 0.00
0.00 7130.92
379.40 -30.76 -31.60 -37.81 321.20 235.67 63.03 0.00
0.00 7690.51
351.60 -34.56 -35.46 -45.84 322.34 238.37 68.90 0.00
0.00 8226.28
326.60 -38.56 -39.05 -45.10 323.80 240.09 77.53 0.00
0.00 8737.14
304.10 -42.56 -42.84 -47.14 324.73 238.44 82.75 0.00
0.00 9223.17
283.80 -45.86 -46.11 -51.31 326.23 238.47 84.32 0.00
0.00 9686.19
265.70 -46.86 -47.26 -59.06 330.68 240.35 85.61 0.00
0.00 10123.70
248.80 -46.56 -47.08 -66.51 337.27 241.17 87.80 0.00
0.00 10559.30
233.50 -46.66 -47.24 -71.85 343.24 240.22 89.96 0.00
0.00 10980.17
219.60 -48.16 -48.68 -72.27 347.00 239.77 91.04 0.00
0.00 11385.72
205.60 -50.46 -50.89 -72.72 349.98 240.48 91.08 0.00
0.00 11817.34
191.70 -53.16 -53.49 -73.19 352.72 241.67 90.48 0.00
0.00 12270.87
177.70 -55.66 -9999.00 -9999.00 -9999.00 242.41 87.24 0.00
0.00 12756.43
163.80 -57.56 -9999.00 -9999.00 -9999.00 240.85 80.96 0.00
0.00 13272.70
149.80 -59.76 -9999.00 -9999.00 -9999.00 237.56 76.42 0.00
0.00 13833.65
135.90 -61.86 -9999.00 -9999.00 -9999.00 236.69 72.51 0.00
0.00 14438.92
121.90 -63.66 -9999.00 -9999.00 -9999.00 237.15 65.89 0.00
0.00 15108.46
107.90 -64.46 -9999.00 -9999.00 -9999.00 240.06 57.61 0.00
0.00 15855.12
94.00 -63.86 -9999.00 -9999.00 -9999.00 238.61 44.37 0.00
0.00 16698.77
81.00 -63.86 -9999.00 -9999.00 -9999.00 219.64 35.31 0.00
0.00 17610.63
70.60 -62.26 -9999.00 -9999.00 -9999.00 209.21 33.84 0.00
0.00 18455.71
62.20 -60.96 -9999.00 -9999.00 -9999.00 214.75 26.24 0.00
0.00 19240.09
54.30 -61.16 -9999.00 -9999.00 -9999.00 209.29 18.26 0.00
0.00 20083.35
46.90 -59.66 -9999.00 -9999.00 -9999.00 207.05 10.26 0.00
0.00 20995.67
40.10 -61.16 -9999.00 -9999.00 -9999.00 161.57 5.54 0.00
0.00 21971.11
33.80 -60.76 -9999.00 -9999.00 -9999.00 80.13 4.53 0.00
0.00 23032.68
27.80 -60.46 -9999.00 -9999.00 -9999.00 212.01 1.83 0.00
0.00 24248.49
22.30 -57.56 -9999.00 -9999.00 -9999.00 292.11 6.70 0.00
0.00 25630.30
17.10 -53.56 -9999.00 -9999.00 -9999.00 311.53 9.09 0.00
0.00 27321.37
12.30 -51.76 -9999.00 -9999.00 -9999.00 232.43 6.37 0.00
0.00 29447.84

STID = KSUS STNM = 724345 TIME = 221027/0600 
SLAT = 38.66 SLON = -90.65 SELV = 158.0
STIM = 18

SHOW = 14.00 LIFT = 14.26 SWET = 51.00 KINX = -25.14
LCLP = 981.76 PWAT = 10.24 TOTL = 22.79 CAPE = 0.00
LCLT = 277.99 CINS = 0.00 EQLV = -9999.00 LFCT = -9999.00
BRCH = 0.00

PRES TMPC TMWC DWPC THTE DRCT SKNT OMEG
CFRL HGHT
1002.90 6.54 5.88 5.15 294.80 69.44 1.65 0.00
2.00 167.82
999.90 7.64 6.34 4.96 296.08 73.14 6.70 -0.10
0.00 192.48
994.40 8.34 6.34 4.21 296.63 69.10 11.44 -0.10
0.00 238.02
984.90 8.14 5.84 3.32 296.51 66.91 12.88 -0.10
0.00 317.33
971.00 7.14 5.12 2.86 296.41 65.28 13.48 -0.10
0.00 434.50
953.00 5.84 3.98 1.79 295.88 61.59 13.48 -0.10
0.00 588.10
931.50 5.04 2.13 -1.80 294.32 53.84 12.51 -0.10
0.00 774.64
908.10 5.54 0.12 -9.52 292.67 48.92 10.04 -0.10
0.00 982.36
882.70 6.64 -1.02 -19.61 292.90 51.34 7.46 -0.10
0.00 1214.45
854.30 5.84 -1.57 -19.14 295.02 57.99 7.32 0.00
0.00 1482.05
823.00 4.34 -3.12 -23.87 295.63 55.01 7.11 0.00
0.00 1786.21
788.60 2.54 -4.75 -28.39 296.65 42.88 3.71 -0.10
0.00 2132.01
751.30 0.84 -6.15 -30.62 298.71 287.53 3.87 -0.10
0.00 2521.93
711.00 -0.16 -7.28 -36.01 301.84 259.80 9.87 0.00
0.00 2963.37
667.70 -2.96 -6.50 -13.06 310.04 260.31 16.16 0.10
0.00 3463.24
621.30 -7.76 -9.69 -13.49 311.10 252.03 22.67 0.10
0.00 4028.55
572.40 -12.46 -13.63 -16.34 311.88 246.96 26.81 0.10
0.00 4660.51
525.10 -16.26 -17.58 -21.52 313.24 247.46 33.45 0.10
0.00 5314.49
482.60 -20.06 -21.51 -27.28 314.65 248.73 38.56 0.10
0.00 5944.86
444.50 -23.86 -25.07 -31.02 316.62 243.99 44.74 0.10
0.00 6549.81
410.30 -27.86 -28.44 -31.54 318.82 238.47 54.23 0.00
5.00 7129.57
379.40 -31.56 -32.15 -36.40 320.35 234.98 62.63 -0.10
5.00 7687.69
351.60 -35.06 -35.88 -45.34 321.70 236.67 69.29 -0.10
0.00 8222.03
326.60 -38.76 -39.30 -46.50 323.41 239.62 78.36 -0.10
0.00 8732.13
304.10 -42.76 -43.07 -48.19 324.37 239.49 80.73 -0.10
0.00 9217.73
283.80 -45.56 -45.90 -53.74 326.54 237.59 81.92 0.00
0.00 9680.85
265.70 -46.66 -47.09 -60.81 330.93 238.72 84.56 0.00
0.00 10118.83
248.80 -46.26 -46.82 -71.42 337.67 240.90 88.27 0.00
0.00 10554.92
233.50 -46.36 -46.95 -71.85 343.70 242.07 91.24 0.00
0.00 10976.34
219.60 -47.86 -48.40 -72.27 347.46 242.19 92.02 0.00
0.00 11382.43
205.60 -50.46 -50.89 -72.72 349.98 241.70 91.78 -0.10
0.00 11814.34
191.70 -53.56 -53.88 -73.19 352.08 241.68 90.91 -0.10
0.00 12267.46
177.70 -56.36 -9999.00 -9999.00 -9999.00 242.53 88.44 0.00
0.00 12751.80
163.80 -58.26 -9999.00 -9999.00 -9999.00 241.81 82.65 0.00
0.00 13266.40
149.80 -59.96 -9999.00 -9999.00 -9999.00 237.53 75.99 0.00
0.00 13826.17
135.90 -62.36 -9999.00 -9999.00 -9999.00 235.36 71.78 0.00
0.00 14430.45
121.90 -63.96 -9999.00 -9999.00 -9999.00 236.83 64.98 0.00
0.00 15098.71
108.00 -64.86 -9999.00 -9999.00 -9999.00 238.43 56.76 0.00
0.00 15838.46
94.00 -64.36 -9999.00 -9999.00 -9999.00 236.51 45.42 0.00
0.00 16685.95
81.00 -63.96 -9999.00 -9999.00 -9999.00 218.08 38.73 0.00
0.00 17596.50
70.60 -62.46 -9999.00 -9999.00 -9999.00 209.09 35.57 0.00
0.00 18440.97
62.20 -60.86 -9999.00 -9999.00 -9999.00 218.29 28.21 0.00
0.00 19225.17
54.30 -60.26 -9999.00 -9999.00 -9999.00 211.43 16.39 0.00
0.00 20070.42
46.90 -59.46 -9999.00 -9999.00 -9999.00 210.17 9.65 0.00
0.00 20985.10
40.10 -61.06 -9999.00 -9999.00 -9999.00 171.12 6.29 0.00
0.00 21961.23
33.80 -60.26 -9999.00 -9999.00 -9999.00 123.69 7.01 0.00
0.00 23024.30
27.80 -59.66 -9999.00 -9999.00 -9999.00 180.00 2.72 0.00
0.00 24243.83
22.30 -57.56 -9999.00 -9999.00 -9999.00 298.07 6.60 0.00
0.00 25628.22
17.10 -53.96 -9999.00 -9999.00 -9999.00 326.31 5.59 0.00
0.00 27317.73
12.30 -51.46 -9999.00 -9999.00 -9999.00 221.99 7.85 0.00
0.00 29443.72

STID = KSUS STNM = 724345 TIME = 221027/0700 
SLAT = 38.66 SLON = -90.65 SELV = 158.0
STIM = 19

SHOW = 13.82 LIFT = 14.21 SWET = 47.96 KINX = -20.10
LCLP = 985.05 PWAT = 10.64 TOTL = 22.79 CAPE = 0.00
LCLT = 277.91 CINS = 0.00 EQLV = -9999.00 LFCT = -9999.00
BRCH = 0.00

PRES TMPC TMWC DWPC THTE DRCT SKNT OMEG
CFRL HGHT
1003.50 6.24 5.68 5.03 294.29 81.87 1.38 0.00
3.00 166.99
1000.50 7.24 6.13 4.94 295.57 79.70 6.51 -0.10
0.00 191.60
995.00 8.04 6.20 4.22 296.26 75.26 11.44 -0.10
0.00 237.05
985.50 8.04 5.72 3.15 296.18 73.94 13.34 -0.10
0.00 316.26
971.50 7.04 4.99 2.66 296.07 74.05 14.14 -0.10
0.00 434.16
953.50 5.64 3.97 2.01 295.82 73.01 14.63 0.00
0.00 587.60
932.00 4.84 2.21 -1.28 294.45 67.13 13.50 0.00
2.00 773.92
908.60 5.74 0.19 -9.70 292.75 56.31 10.51 0.00
0.00 981.53
883.20 6.84 -0.89 -19.48 293.10 54.64 7.38 0.10
0.00 1213.65
854.80 6.04 -1.50 -19.49 295.10 65.56 7.03 0.10
0.00 1481.29
823.40 4.44 -3.08 -24.19 295.63 67.89 6.70 0.10
0.00 1786.42
789.00 2.64 -4.68 -28.38 296.72 66.80 2.95 0.10
0.00 2132.17
751.70 0.84 -6.14 -30.35 298.69 277.13 3.13 0.00
0.00 2521.96
711.30 -0.06 -6.94 -30.43 302.52 251.57 11.05 0.00
0.00 2964.40
667.90 -3.36 -5.83 -9.87 311.40 250.13 17.15 0.00
0.00 3465.08
621.50 -7.86 -9.81 -13.71 310.83 250.48 22.67 0.00
0.00 4029.79
572.60 -12.26 -13.63 -16.86 311.84 247.38 27.78 0.00
0.00 4661.63
525.30 -16.26 -17.51 -21.17 313.34 250.91 32.07 0.00
0.00 5315.62
482.70 -20.26 -21.59 -26.78 314.51 248.08 35.39 0.00
0.00 5947.05
444.60 -23.76 -24.79 -29.51 317.06 242.98 44.04 0.00
0.00 6551.77
410.40 -28.16 -28.49 -30.21 318.71 243.16 53.77 0.00
100.00 7131.20
379.40 -32.56 -32.88 -35.14 319.23 236.05 60.18 0.00
100.00 7689.59
351.60 -35.46 -36.26 -45.84 321.13 235.61 70.84 -0.10
0.00 8222.38
326.60 -39.06 -39.73 -50.85 322.73 238.06 77.84 -0.10
0.00 8731.71
304.10 -42.96 -43.35 -50.71 323.93 239.42 80.56 0.00
0.00 9216.77
283.90 -45.46 -45.85 -55.82 326.57 239.77 80.26 0.00
0.00 9677.41
265.70 -46.26 -46.74 -63.01 331.48 240.34 82.03 0.00
0.00 10118.22
248.80 -46.06 -46.64 -71.42 337.97 242.11 86.36 0.00
0.00 10554.88
233.50 -46.56 -47.14 -71.85 343.39 243.27 90.27 0.00
0.00 10976.30
219.60 -48.26 -48.77 -72.27 346.85 242.35 91.67 0.10
0.00 11381.85
205.60 -50.76 -51.17 -72.72 349.51 242.20 92.44 0.10
0.00 11813.09
191.70 -53.46 -53.78 -73.19 352.24 243.06 92.60 0.10
0.00 12266.01
177.70 -56.26 -9999.00 -9999.00 -9999.00 243.16 89.47 0.00
0.00 12750.57
163.80 -58.56 -9999.00 -9999.00 -9999.00 241.01 82.17 0.00
0.00 13264.93
149.80 -60.66 -9999.00 -9999.00 -9999.00 237.24 76.46 0.00
0.00 13823.39
135.90 -62.36 -9999.00 -9999.00 -9999.00 234.64 72.16 0.00
0.00 14426.67
121.90 -64.16 -9999.00 -9999.00 -9999.00 234.46 65.17 0.00
0.00 15094.61
108.00 -64.36 -9999.00 -9999.00 -9999.00 234.82 53.94 0.00
0.00 15834.89
94.00 -64.16 -9999.00 -9999.00 -9999.00 232.10 43.32 0.00
0.00 16683.81
81.00 -63.46 -9999.00 -9999.00 -9999.00 215.57 39.41 0.00
0.00 17595.89
70.60 -62.06 -9999.00 -9999.00 -9999.00 213.17 35.51 0.00
0.00 18442.17
62.20 -60.26 -9999.00 -9999.00 -9999.00 220.43 27.56 0.00
0.00 19228.22
54.30 -59.76 -9999.00 -9999.00 -9999.00 211.20 16.12 0.00
0.00 20075.66
46.90 -59.46 -9999.00 -9999.00 -9999.00 202.17 11.32 0.00
0.00 20991.41
40.10 -60.66 -9999.00 -9999.00 -9999.00 180.00 8.94 0.00
0.00 21968.45
33.80 -59.66 -9999.00 -9999.00 -9999.00 158.96 8.12 0.00
0.00 23034.03
27.80 -59.36 -9999.00 -9999.00 -9999.00 225.00 3.03 0.00
0.00 24256.13
22.30 -58.06 -9999.00 -9999.00 -9999.00 307.23 6.10 0.00
0.00 25639.88
17.10 -54.56 -9999.00 -9999.00 -9999.00 327.53 5.07 0.00
0.00 27325.12
12.30 -51.76 -9999.00 -9999.00 -9999.00 253.74 9.71 0.00
0.00 29446.77

STID = KSUS STNM = 724345 TIME = 221027/0800 
SLAT = 38.66 SLON = -90.65 SELV = 158.0
STIM = 20

SHOW = 13.75 LIFT = 14.42 SWET = 44.76 KINX = -13.79
LCLP = 988.46 PWAT = 10.81 TOTL = 22.54 CAPE = 0.00
LCLT = 277.86 CINS = 0.00 EQLV = -9999.00 LFCT = -9999.00
BRCH = 0.00

PRES TMPC TMWC DWPC THTE DRCT SKNT OMEG
CFRL HGHT
1003.90 5.94 5.48 4.93 293.83 116.57 0.43 0.00
3.00 167.79
1000.90 6.84 5.93 4.94 295.10 85.91 5.46 -0.10
1.00 192.36
995.40 7.64 6.07 4.38 295.95 80.87 11.01 -0.10
0.00 237.73
985.90 7.74 5.70 3.47 296.12 84.12 13.29 -0.10
0.00 316.81
972.00 6.94 4.93 2.64 295.89 86.78 13.81 -0.10
0.00 433.74
954.00 5.54 3.90 1.96 295.61 83.75 14.26 -0.10
0.00 587.04
932.50 4.74 2.12 -1.38 294.21 72.90 13.21 -0.10
2.00 773.19
909.00 6.14 0.13 -11.08 292.53 60.52 10.26 -0.10
0.00 981.68
883.60 7.14 -0.72 -19.60 293.34 56.73 7.44 -0.10
0.00 1213.98
855.20 6.24 -1.42 -19.86 295.17 69.08 7.07 -0.10
0.00 1481.73
823.80 4.64 -3.01 -24.71 295.71 78.02 6.55 -0.10
0.00 1786.92
789.40 2.64 -4.68 -28.38 296.67 82.87 3.13 -0.10
0.00 2132.63
752.00 0.84 -6.12 -30.09 298.69 275.71 1.94 -0.10
0.00 2523.28
711.60 0.14 -6.05 -21.97 304.32 253.39 11.56 -0.10
0.00 2965.77
668.10 -3.76 -5.80 -9.05 311.44 252.90 18.49 -0.10
0.00 3467.35
621.70 -8.06 -9.84 -13.37 310.75 251.72 22.30 -0.20
0.00 4031.28
572.80 -12.36 -13.78 -17.19 311.54 248.84 25.84 -0.20
0.00 4662.55
525.40 -16.26 -17.49 -21.08 313.35 252.87 27.04 -0.10
0.00 5317.61
482.80 -20.26 -21.39 -25.61 314.82 251.04 33.49 0.00
0.00 5948.95
444.70 -23.96 -24.69 -27.79 317.23 244.58 43.45 0.00
1.00 6553.34
410.40 -29.26 -29.69 -32.18 316.84 243.92 50.82 0.00
85.00 7132.86
379.50 -32.46 -33.33 -41.36 318.49 238.09 62.47 -0.10
38.00 7688.17
351.60 -35.56 -36.62 -55.33 320.53 237.64 69.68 -0.10
0.00 8222.75
326.60 -39.26 -39.99 -53.55 322.34 239.66 73.83 -0.10
0.00 8731.73
304.10 -43.06 -43.54 -54.15 323.64 241.41 73.89 -0.10
0.00 9216.47
283.90 -45.76 -46.14 -55.82 326.14 242.32 76.11 0.00
0.00 9676.70
265.70 -46.56 -47.02 -63.01 331.04 242.38 80.03 0.00
0.00 10116.93
248.80 -46.16 -46.73 -71.42 337.82 243.20 85.31 0.00
0.00 10553.21
233.50 -46.76 -47.33 -71.85 343.09 243.77 90.09 0.00
0.00 10974.35
219.60 -48.76 -49.24 -72.27 346.08 242.94 91.39 0.00
0.00 11379.27
205.60 -51.16 -51.55 -72.72 348.88 242.95 91.82 0.00
0.00 11809.64
191.70 -53.76 -54.07 -73.19 351.76 242.94 91.39 0.00
0.00 12261.84
177.70 -56.36 -9999.00 -9999.00 -9999.00 242.87 88.62 0.10
0.00 12745.96
163.80 -58.36 -9999.00 -9999.00 -9999.00 241.24 81.55 0.10
0.00 13260.44
149.80 -60.26 -9999.00 -9999.00 -9999.00 235.28 74.69 0.10
0.00 13819.68
135.90 -62.36 -9999.00 -9999.00 -9999.00 234.18 72.36 0.10
0.00 14423.53
121.90 -63.46 -9999.00 -9999.00 -9999.00 233.65 63.91 0.10
0.00 15092.59
107.90 -64.16 -9999.00 -9999.00 -9999.00 232.83 52.41 0.00
0.00 15840.14
94.00 -63.76 -9999.00 -9999.00 -9999.00 228.32 42.66 0.00
0.00 16684.60
81.00 -63.06 -9999.00 -9999.00 -9999.00 215.70 39.94 0.00
0.00 17598.42
70.60 -62.36 -9999.00 -9999.00 -9999.00 215.75 35.90 0.00
0.00 18444.91
62.20 -60.16 -9999.00 -9999.00 -9999.00 218.20 26.69 0.00
0.00 19230.59
54.30 -59.26 -9999.00 -9999.00 -9999.00 206.02 18.16 0.00
0.00 20079.22
46.90 -59.66 -9999.00 -9999.00 -9999.00 196.44 12.35 0.00
0.00 20995.62
40.10 -60.76 -9999.00 -9999.00 -9999.00 187.94 8.43 0.00
0.00 21971.97
33.80 -59.96 -9999.00 -9999.00 -9999.00 187.13 6.25 0.00
0.00 23036.54
27.80 -59.36 -9999.00 -9999.00 -9999.00 274.97 4.49 0.00
0.00 24257.78
22.30 -58.76 -9999.00 -9999.00 -9999.00 322.88 9.01 0.00
0.00 25639.27
17.10 -55.56 -9999.00 -9999.00 -9999.00 330.64 7.13 0.00
0.00 27317.90
12.30 -51.86 -9999.00 -9999.00 -9999.00 272.45 13.62 0.00
0.00 29434.25

STID = KSUS STNM = 724345 TIME = 221027/0900 
SLAT = 38.66 SLON = -90.65 SELV = 158.0
STIM = 21

SHOW = 13.81 LIFT = 14.60 SWET = 42.54 KINX = -10.84
LCLP = 992.34 PWAT = 10.69 TOTL = 22.19 CAPE = 0.00
LCLT = 277.84 CINS = 0.00 EQLV = -9999.00 LFCT = -9999.00
BRCH = 0.00

PRES TMPC TMWC DWPC THTE DRCT SKNT OMEG
CFRL HGHT
1004.30 5.64 5.29 4.86 293.40 63.43 0.87 0.00
3.00 167.78
1001.30 6.44 5.71 4.90 294.60 88.03 5.63 -0.10
0.00 192.31
995.80 7.04 5.89 4.63 295.52 88.06 11.46 -0.10
0.00 237.58
986.30 7.24 5.62 3.84 295.90 95.55 14.04 -0.10
0.00 316.48
972.30 6.64 4.81 2.73 295.63 96.34 14.06 -0.10
0.00 434.04
954.30 5.34 3.77 1.90 295.31 87.55 13.62 0.00
0.00 587.16
932.80 4.74 2.04 -1.60 294.02 72.35 13.46 -0.10
3.00 773.18
909.30 6.24 0.13 -11.36 292.50 62.99 11.11 0.00
0.00 981.63
883.90 7.14 -0.69 -19.35 293.37 59.26 8.35 0.00
0.00 1213.89
855.50 6.24 -1.46 -20.23 295.05 72.90 7.93 0.00
0.00 1481.55
824.00 4.64 -3.01 -24.70 295.69 85.49 7.40 0.00
0.00 1787.62
789.60 2.64 -4.68 -28.37 296.65 95.44 4.10 0.00
0.00 2133.24
752.20 0.84 -6.13 -30.34 298.64 206.57 0.43 0.00
0.00 2523.79
711.80 0.24 -5.11 -16.22 306.25 256.50 9.98 0.10
0.00 2966.32
668.30 -3.96 -7.01 -12.71 308.98 253.90 19.62 0.10
0.00 3467.64
621.80 -8.26 -10.26 -14.41 309.95 251.73 21.68 0.00
0.00 4032.08
572.90 -12.36 -13.80 -17.26 311.49 249.33 23.66 -0.10
0.00 4662.97
525.50 -16.26 -17.43 -20.83 313.43 249.94 23.78 -0.10
0.00 5317.91
482.90 -20.26 -21.11 -24.04 315.29 251.32 29.12 0.00
1.00 5949.15
444.70 -24.36 -24.76 -26.40 317.11 246.77 40.38 0.10
100.00 6554.64
410.50 -29.96 -30.34 -32.68 315.80 241.76 47.63 0.10
93.00 7131.13
379.50 -32.16 -33.47 -51.28 318.22 238.69 59.79 0.10
0.00 7687.67
351.70 -35.26 -36.38 -56.82 320.87 239.21 67.15 0.00
0.00 8220.89
326.60 -39.46 -40.17 -53.55 322.06 241.61 68.22 0.00
0.00 8731.94
304.10 -43.36 -43.80 -53.16 323.25 242.66 70.63 0.00
0.00 9216.16
283.90 -46.16 -46.47 -53.74 325.65 243.11 76.01 0.00
0.00 9675.70
265.70 -47.26 -47.68 -63.01 330.01 243.25 80.26 0.00
0.00 10114.86
248.80 -46.86 -47.39 -71.42 336.78 244.66 85.33 0.00
0.00 10549.79
233.50 -47.36 -47.89 -71.85 342.18 245.44 89.28 0.00
0.00 10969.72
219.60 -48.86 -49.34 -72.27 345.92 244.31 90.97 0.00
0.00 11374.01
205.60 -50.96 -51.36 -72.72 349.19 242.78 90.87 0.00
0.00 11804.48
191.70 -53.46 -53.78 -73.19 352.24 240.84 90.09 0.00
0.00 12257.19
177.70 -56.06 -9999.00 -9999.00 -9999.00 240.29 88.58 0.00
0.00 12741.98
163.80 -58.26 -9999.00 -9999.00 -9999.00 240.14 83.10 0.00
0.00 13256.93
149.80 -60.26 -9999.00 -9999.00 -9999.00 235.70 76.18 0.00
0.00 13816.31
135.90 -62.36 -9999.00 -9999.00 -9999.00 232.70 72.77 0.00
0.00 14420.16
121.90 -63.16 -9999.00 -9999.00 -9999.00 234.18 63.73 0.00
0.00 15089.69
107.90 -63.86 -9999.00 -9999.00 -9999.00 230.44 52.16 0.00
0.00 15838.32
94.00 -63.76 -9999.00 -9999.00 -9999.00 226.45 43.41 0.00
0.00 16683.39
81.00 -62.96 -9999.00 -9999.00 -9999.00 215.04 41.28 0.00
0.00 17597.42
70.60 -62.26 -9999.00 -9999.00 -9999.00 216.22 37.80 0.00
0.00 18444.31
62.20 -59.56 -9999.00 -9999.00 -9999.00 222.64 26.67 0.00
0.00 19231.29
54.30 -59.16 -9999.00 -9999.00 -9999.00 206.57 18.69 0.00
0.00 20081.31
46.90 -59.66 -9999.00 -9999.00 -9999.00 197.10 13.21 0.00
0.00 20997.92
40.10 -60.96 -9999.00 -9999.00 -9999.00 199.50 9.89 0.00
0.00 21973.82
33.80 -59.96 -9999.00 -9999.00 -9999.00 221.35 6.47 0.00
0.00 23037.89
27.80 -59.36 -9999.00 -9999.00 -9999.00 294.30 6.60 0.00
0.00 24259.13
22.30 -59.66 -9999.00 -9999.00 -9999.00 343.41 9.52 0.00
0.00 25637.72
17.10 -56.86 -9999.00 -9999.00 -9999.00 347.47 3.57 0.00
0.00 27307.80
12.30 -52.46 -9999.00 -9999.00 -9999.00 267.92 10.68 0.00
0.00 29414.98
STN YYMMDD/HHMM PMSL PRES SKTC STC1 SNFL WTNS
P01M C01M STC2 LCLD MCLD HCLD
SNRA UWND VWND R01M BFGR T2MS
Q2MS WXTS WXTP WXTZ WXTR USTM
VSTM HLCY SLLH WSYM CDBP VSBK
TD2M
724345 221026/1200 1016.60 997.10 3.74 276.90 -9999.00 29.00
-9999.00 -9999.00 277.50 0.00 0.00 0.00
-9999.00 2.80 -0.70 -9999.00 -9999.00 4.04
4.79 0.00 0.00 0.00 0.00 15.90
-17.90 -171.00 -9999.00 999.00 -9999.00 20.00
3.02
724345 221026/1300 1018.40 998.90 3.94 277.10 0.00 29.00
0.00 0.00 277.50 1.00 0.00 0.00
-9999.00 3.00 -1.00 -9999.00 -9999.00 4.04
4.67 0.00 0.00 0.00 0.00 17.10
-16.70 -143.60 0.00 999.00 -9999.00 20.00
2.69
724345 221026/1400 1019.00 999.60 6.54 279.70 0.00 29.00
0.00 0.00 279.50 2.00 0.00 0.00
-9999.00 3.60 -2.10 -9999.00 -9999.00 6.24
4.81 0.00 0.00 0.00 0.00 16.40
-16.00 -134.10 0.01 999.00 -9999.00 20.00
3.11
724345 221026/1500 1019.80 1000.40 9.34 282.50 0.00 28.00
0.00 0.00 282.00 2.00 0.00 0.00
-9999.00 3.30 -2.40 -9999.00 -9999.00 8.04
5.15 0.00 0.00 0.00 0.00 15.60
-14.70 -111.20 0.01 999.00 -9999.00 20.00
4.08
724345 221026/1600 1019.30 1000.10 11.64 284.80 0.00 28.00
0.00 0.00 284.20 3.00 0.00 0.00
-9999.00 3.10 -2.60 -9999.00 -9999.00 9.74
5.31 0.00 0.00 0.00 0.00 15.60
-13.40 -88.80 0.02 999.00 -9999.00 20.00
4.51
724345 221026/1700 1019.40 1000.30 13.54 286.70 0.00 27.00
0.00 0.00 286.00 2.00 0.00 0.00
-9999.00 2.40 -2.80 -9999.00 -9999.00 11.14
5.59 0.00 0.00 0.00 0.00 14.90
-12.20 -79.70 0.01 999.00 -9999.00 20.00
5.24
724345 221026/1800 1019.50 1000.50 14.44 287.60 0.00 27.00
0.00 0.00 287.10 1.00 0.00 0.00
-9999.00 2.30 -3.10 -9999.00 -9999.00 12.24
5.72 0.00 0.00 0.00 0.00 14.90
-11.30 -87.60 0.01 999.00 -9999.00 20.00
5.58
724345 221026/1900 1019.60 1000.60 14.84 288.00 0.00 27.00
0.00 0.00 287.50 2.00 5.00 0.00
-9999.00 2.20 -3.40 -9999.00 -9999.00 12.84
5.84 0.00 0.00 0.00 0.00 14.90
-10.70 -101.80 0.00 999.00 -9999.00 20.00
5.87
724345 221026/2000 1018.10 999.10 14.74 287.90 0.00 26.00
0.00 0.00 287.70 5.00 4.00 0.00
-9999.00 1.60 -3.30 -9999.00 -9999.00 13.14
5.79 0.00 0.00 0.00 0.00 14.20
-9.80 -113.20 -0.01 999.00 -9999.00 20.00
5.73
724345 221026/2100 1019.00 1000.00 13.74 286.90 0.00 26.00
0.00 0.00 286.90 7.00 99.00 0.00
-9999.00 1.00 -3.10 -9999.00 -9999.00 13.04
5.83 0.00 0.00 0.00 0.00 13.30
-9.60 -107.90 -0.01 999.00 -9999.00 20.00
5.84
724345 221026/2200 1020.00 1001.00 12.54 285.70 0.00 26.00
0.00 0.00 285.90 9.00 52.00 0.00
-9999.00 0.80 -2.50 -9999.00 -9999.00 12.54
6.03 0.00 0.00 0.00 0.00 12.50
-9.90 -86.00 -0.02 999.00 -9999.00 20.00
6.34
724345 221026/2300 1021.00 1001.90 10.04 283.20 0.00 27.00
0.00 0.00 283.90 1.00 5.00 0.00
-9999.00 0.50 -1.70 -9999.00 -9999.00 10.54
6.65 0.00 0.00 0.00 0.00 11.90
-9.80 -72.50 -0.02 999.00 -9999.00 20.00
7.77
724345 221027/0000 1021.20 1002.00 8.24 281.40 0.00 27.00
0.00 0.00 282.10 0.00 3.00 0.00
-9999.00 0.00 -2.00 -9999.00 -9999.00 9.04
6.41 0.00 0.00 0.00 0.00 11.00
-9.10 -62.60 0.00 999.00 -9999.00 20.00
7.23
724345 221027/0100 1021.90 1002.60 7.24 280.40 0.00 27.00
0.00 0.00 281.10 0.00 75.00 0.00
-9999.00 -0.90 -1.50 -9999.00 -9999.00 7.94
6.20 0.00 0.00 0.00 0.00 9.80
-8.30 -59.30 0.00 999.00 -9999.00 20.00
6.76
724345 221027/0200 1022.20 1002.90 6.34 279.50 0.00 27.00
0.00 0.00 280.20 1.00 0.00 0.00
-9999.00 -1.20 -1.00 -9999.00 -9999.00 7.04
5.95 0.00 0.00 0.00 0.00 9.30
-7.60 -57.70 0.00 999.00 -9999.00 20.00
6.17
724345 221027/0300 1022.80 1003.40 5.64 278.80 0.00 27.00
0.00 0.00 279.50 1.00 0.00 0.00
-9999.00 -1.40 -1.00 -9999.00 -9999.00 6.44
5.71 0.00 0.00 0.00 0.00 9.20
-7.00 -53.50 0.00 999.00 -9999.00 20.00
5.59
724345 221027/0400 1024.10 1004.60 5.04 278.20 0.00 27.00
0.00 0.00 278.90 0.00 1.00 0.00
-9999.00 -1.50 -0.20 -9999.00 -9999.00 5.94
5.51 0.00 0.00 0.00 0.00 8.30
-6.80 -52.90 0.00 999.00 -9999.00 20.00
5.10
724345 221027/0500 1023.30 1003.80 4.44 277.60 0.00 27.00
0.00 0.00 278.30 0.00 0.00 0.00
-9999.00 -0.80 0.00 -9999.00 -9999.00 5.44
5.35 0.00 0.00 0.00 0.00 7.80
-6.20 -36.80 0.00 999.00 -9999.00 20.00
4.67
724345 221027/0600 1023.60 1004.10 3.94 277.10 0.00 27.00
0.00 0.00 277.80 2.00 5.00 0.00
-9999.00 -0.70 -0.40 -9999.00 -9999.00 4.94
5.22 0.00 0.00 0.00 0.00 7.30
-6.00 -23.90 0.00 999.00 -9999.00 20.00
4.33
724345 221027/0700 1024.20 1004.60 3.84 277.00 0.00 27.00
0.00 0.00 277.60 3.00 100.00 0.00
-9999.00 -0.60 -0.20 -9999.00 -9999.00 4.74
5.18 0.00 0.00 0.00 0.00 6.70
-5.60 -18.90 0.00 999.00 -9999.00 20.00
4.22
724345 221027/0800 1024.70 1005.10 4.04 277.20 0.00 27.00
0.00 0.00 277.70 3.00 85.00 0.00
-9999.00 -0.30 -0.10 -9999.00 -9999.00 4.64
5.20 0.00 0.00 0.00 0.00 5.80
-5.90 -15.60 0.00 999.00 -9999.00 20.00
4.29
724345 221027/0900 1025.10 1005.50 3.74 276.90 0.00 27.00
0.00 0.00 277.40 3.00 100.00 0.00
-9999.00 -0.50 -0.40 -9999.00 -9999.00 4.44
5.13 0.00 0.00 0.00 0.00 4.80
-5.90 -12.40 0.00 999.00 -9999.00 20.00
4.10


