
SNPARM = PRES;TMPC;TMWC;DWPC;THTE;DRCT;SKNT;OMEG;CFRL;HGHT 
STNPRM = SHOW;LIFT;SWET;KINX;LCLP;PWAT;TOTL;CAPE;LCLT;CINS;EQLV;LFCT;BRCH 

STID = PAJN STNM = 703810 TIME = 221026/1200 
SLAT = 58.37 SLON = -134.58 SELV = 367.0
STIM = 0

SHOW = 10.99 LIFT = 12.78 SWET = 278.69 KINX = 15.68
LCLP = 923.98 PWAT = 12.80 TOTL = 39.22 CAPE = 0.00
LCLT = 272.25 CINS = 0.00 EQLV = -9999.00 LFCT = -9999.00
BRCH = 0.00

PRES TMPC TMWC DWPC THTE DRCT SKNT OMEG
CFRL HGHT
943.60 0.74 0.20 -0.61 289.40 106.07 11.93 1.60
0.00 377.21
940.80 0.74 0.12 -0.79 289.54 130.21 21.37 2.70
0.00 401.09
935.70 0.44 -0.15 -1.04 289.55 136.19 26.38 3.00
0.00 444.75
926.80 0.04 -0.59 -1.54 289.64 143.06 31.35 2.80
0.00 521.40
913.80 -0.66 -0.81 -1.08 290.56 150.95 35.99 2.50
34.00 634.48
897.10 -1.36 -1.40 -1.51 291.21 158.04 38.97 1.70
52.00 781.75
877.20 -2.06 -2.07 -2.13 292.10 168.46 37.86 0.40
52.00 960.39
855.60 -2.56 -2.58 -2.65 293.52 179.74 42.93 -1.30
56.00 1158.50
832.30 -3.16 -3.20 -3.32 294.98 194.04 41.65 -2.80
100.00 1377.43
806.30 -4.16 -4.17 -4.23 296.22 208.45 39.55 -3.90
100.00 1628.32
777.80 -5.36 -5.38 -5.45 297.42 221.19 39.24 -4.30
100.00 1911.61
746.60 -7.06 -7.15 -7.36 298.10 226.78 39.72 -4.20
100.00 2232.11
712.90 -9.46 -9.78 -10.48 297.82 229.03 39.10 -3.90
100.00 2590.82
676.50 -12.16 -12.58 -13.63 297.95 236.05 35.82 -3.30
100.00 2993.81
637.50 -14.26 -14.71 -15.92 299.91 246.89 31.68 -2.70
100.00 3446.12
595.80 -16.16 -16.64 -18.02 302.99 262.74 30.75 -2.20
100.00 3957.40
551.70 -18.86 -19.36 -21.04 305.67 268.16 36.34 -1.90
100.00 4533.34
508.70 -21.76 -22.26 -24.17 308.55 274.42 42.87 -1.70
100.00 5134.34
469.80 -24.56 -25.04 -27.20 311.52 281.04 48.68 -1.60
100.00 5716.81
434.70 -27.46 -27.91 -30.33 314.24 279.78 58.35 -1.50
100.00 6278.81
403.00 -30.66 -31.07 -33.76 316.39 278.86 66.84 -1.40
100.00 6820.03
374.00 -34.16 -34.52 -37.46 318.06 279.71 73.70 -1.10
100.00 7346.44
347.70 -38.26 -38.55 -41.85 318.72 279.92 76.71 -0.80
100.00 7852.26
323.90 -42.36 -42.59 -46.09 319.24 281.51 86.64 -0.60
100.00 8335.59
302.30 -44.76 -44.97 -48.82 322.06 288.84 104.68 -0.40
100.00 8799.44
282.70 -47.76 -47.98 -53.78 323.74 293.45 116.67 -0.30
53.00 9244.67
265.00 -50.66 -50.86 -57.63 325.42 297.05 123.87 -0.10
0.00 9668.52
248.40 -52.86 -53.05 -61.33 328.13 297.87 125.91 0.00
0.00 10087.74
233.40 -54.46 -54.66 -66.97 331.51 296.57 121.19 0.00
0.00 10487.93
219.60 -54.96 -55.19 -72.27 336.51 295.66 115.73 0.00
0.00 10877.62
205.60 -55.36 -55.59 -72.72 342.28 296.15 108.41 0.00
0.00 11297.97
191.70 -55.26 -9999.00 -9999.00 -9999.00 299.14 96.52 0.00
0.00 11744.33
177.70 -54.46 -9999.00 -9999.00 -9999.00 302.77 80.40 0.10
0.00 12228.89
163.80 -54.16 -9999.00 -9999.00 -9999.00 301.86 65.87 0.10
0.00 12750.64
149.80 -53.16 -9999.00 -9999.00 -9999.00 299.79 57.07 0.10
0.00 13324.66
135.90 -51.66 -9999.00 -9999.00 -9999.00 294.11 44.70 0.00
0.00 13953.88
121.90 -51.36 -9999.00 -9999.00 -9999.00 300.60 41.98 -0.10
0.00 14659.21
108.00 -51.46 -9999.00 -9999.00 -9999.00 310.38 32.38 -0.10
0.00 15445.04
94.00 -51.86 -9999.00 -9999.00 -9999.00 303.38 30.01 0.00
0.00 16345.16
81.00 -51.96 -9999.00 -9999.00 -9999.00 300.61 27.08 0.00
0.00 17309.08
70.60 -52.26 -9999.00 -9999.00 -9999.00 302.16 22.26 0.00
0.00 18198.20
62.20 -51.86 -9999.00 -9999.00 -9999.00 311.99 15.68 0.00
0.00 19018.00
54.30 -52.06 -9999.00 -9999.00 -9999.00 314.03 16.22 0.00
0.00 19897.44
46.90 -51.56 -9999.00 -9999.00 -9999.00 300.85 16.30 0.00
0.00 20846.64
40.10 -52.36 -9999.00 -9999.00 -9999.00 298.24 11.91 0.00
0.00 21860.82
33.80 -53.06 -9999.00 -9999.00 -9999.00 325.49 7.54 0.00
0.00 22963.67
27.80 -52.66 -9999.00 -9999.00 -9999.00 28.81 8.88 0.00
0.00 24223.81
22.30 -52.36 -9999.00 -9999.00 -9999.00 64.86 10.51 0.00
0.00 25647.57
17.10 -53.16 -9999.00 -9999.00 -9999.00 73.03 11.99 0.00
0.00 27360.39
12.30 -54.46 -9999.00 -9999.00 -9999.00 56.00 10.08 0.00
0.00 29475.78

STID = PAJN STNM = 703810 TIME = 221026/1300 
SLAT = 58.37 SLON = -134.58 SELV = 367.0
STIM = 1

SHOW = 10.76 LIFT = 12.89 SWET = 275.61 KINX = 17.06
LCLP = 922.69 PWAT = 13.46 TOTL = 39.27 CAPE = 0.00
LCLT = 272.45 CINS = 0.00 EQLV = -9999.00 LFCT = -9999.00
BRCH = 0.00

PRES TMPC TMWC DWPC THTE DRCT SKNT OMEG
CFRL HGHT
941.10 0.84 0.33 -0.43 289.89 118.02 13.64 1.50
0.00 376.39
938.30 0.74 0.22 -0.54 289.98 136.30 24.18 2.70
0.00 400.34
933.20 0.54 0.05 -0.69 290.17 141.40 29.58 2.90
0.00 444.12
924.30 -0.06 -0.38 -0.89 290.27 146.67 34.63 2.80
2.00 520.99
911.40 -0.46 -0.88 -1.54 290.67 154.06 39.53 2.50
8.00 633.52
894.70 -1.16 -1.50 -2.05 291.28 161.08 43.12 1.80
52.00 781.28
874.90 -1.66 -1.85 -2.17 292.75 169.99 43.59 0.50
52.00 959.69
853.40 -2.06 -2.08 -2.15 294.69 183.81 40.89 -1.20
75.00 1157.72
830.10 -2.56 -2.61 -2.73 296.34 197.30 37.24 -2.70
100.00 1377.69
804.30 -3.46 -3.49 -3.59 297.71 211.02 34.67 -3.60
100.00 1627.92
775.80 -4.86 -4.89 -4.97 298.57 220.71 34.85 -3.90
100.00 1912.59
744.80 -6.96 -6.99 -7.09 298.61 226.32 35.72 -3.90
100.00 2232.21
711.20 -9.46 -9.54 -9.75 298.46 234.31 33.95 -3.60
100.00 2590.81
675.10 -11.56 -11.75 -12.19 299.54 243.28 31.97 -3.10
100.00 2991.88
636.20 -13.26 -13.54 -14.25 302.02 252.38 30.17 -2.40
91.00 3445.42
594.70 -15.46 -15.81 -16.75 304.52 261.01 31.08 -2.00
88.00 3956.99
550.80 -18.26 -18.65 -19.88 306.97 266.09 36.99 -1.80
100.00 4532.83
508.00 -21.26 -21.67 -23.18 309.61 269.75 43.90 -1.70
100.00 5133.28
469.20 -24.06 -24.46 -26.15 312.56 273.60 52.54 -1.70
100.00 5716.22
434.30 -27.16 -27.54 -29.48 314.90 277.01 60.47 -1.50
100.00 6276.57
402.60 -30.96 -31.29 -33.41 316.15 279.35 65.75 -1.30
100.00 6818.32
373.70 -34.96 -35.25 -37.71 317.03 280.36 73.47 -1.10
100.00 7342.19
347.50 -38.36 -38.57 -40.89 318.74 279.99 87.37 -0.90
100.00 7845.48
323.80 -41.86 -41.95 -43.21 320.21 279.02 95.40 -0.70
100.00 8327.42
302.20 -44.56 -44.73 -47.71 322.45 284.98 102.95 -0.50
95.00 8792.14
282.70 -46.16 -46.49 -54.76 326.00 291.80 121.35 -0.30
0.00 9236.93
265.00 -48.46 -48.73 -56.38 328.67 294.39 135.00 -0.20
0.00 9664.37
248.40 -51.46 -51.62 -56.91 330.34 294.90 137.49 0.00
0.00 10087.01
233.40 -54.36 -54.47 -58.64 331.83 295.03 135.92 0.10
0.00 10488.58
219.60 -56.26 -56.40 -64.44 334.60 295.04 130.36 0.20
0.00 10877.21
205.60 -56.86 -57.05 -72.72 339.92 294.53 119.77 0.20
0.00 11294.85
191.70 -55.96 -9999.00 -9999.00 -9999.00 296.05 105.73 0.20
0.00 11738.96
177.70 -54.56 -9999.00 -9999.00 -9999.00 301.86 87.59 0.20
0.00 12222.63
163.80 -53.96 -9999.00 -9999.00 -9999.00 303.27 66.22 0.10
0.00 12744.50
149.80 -53.66 -9999.00 -9999.00 -9999.00 298.63 55.56 0.10
0.00 13318.13
135.90 -51.86 -9999.00 -9999.00 -9999.00 293.44 47.84 0.00
0.00 13946.35
121.90 -50.76 -9999.00 -9999.00 -9999.00 295.27 42.31 -0.10
0.00 14652.32
108.00 -51.36 -9999.00 -9999.00 -9999.00 306.87 32.05 -0.10
0.00 15439.38
94.00 -52.26 -9999.00 -9999.00 -9999.00 300.43 28.38 0.00
0.00 16338.90
81.00 -52.26 -9999.00 -9999.00 -9999.00 301.63 28.52 0.00
0.00 17301.30
70.60 -51.66 -9999.00 -9999.00 -9999.00 302.11 23.39 0.00
0.00 18191.02
62.20 -51.06 -9999.00 -9999.00 -9999.00 313.67 17.72 0.00
0.00 19013.41
54.30 -51.86 -9999.00 -9999.00 -9999.00 319.69 16.82 0.00
0.00 19894.84
46.90 -51.26 -9999.00 -9999.00 -9999.00 311.42 17.62 0.00
0.00 20845.12
40.10 -52.16 -9999.00 -9999.00 -9999.00 299.95 13.23 0.00
0.00 21860.44
33.80 -52.76 -9999.00 -9999.00 -9999.00 322.91 9.98 0.00
0.00 22964.54
27.80 -52.96 -9999.00 -9999.00 -9999.00 15.95 11.31 0.00
0.00 24224.68
22.30 -53.06 -9999.00 -9999.00 -9999.00 48.99 11.85 0.00
0.00 25645.21
17.10 -53.66 -9999.00 -9999.00 -9999.00 63.43 10.86 0.00
0.00 27353.37
12.30 -54.76 -9999.00 -9999.00 -9999.00 53.57 10.14 0.00
0.00 29464.90

STID = PAJN STNM = 703810 TIME = 221026/1400 
SLAT = 58.37 SLON = -134.58 SELV = 367.0
STIM = 2

SHOW = 11.20 LIFT = 13.02 SWET = 278.43 KINX = 16.86
LCLP = 925.45 PWAT = 13.66 TOTL = 38.44 CAPE = 0.00
LCLT = 272.80 CINS = 0.00 EQLV = -9999.00 LFCT = -9999.00
BRCH = 0.00

PRES TMPC TMWC DWPC THTE DRCT SKNT OMEG
CFRL HGHT
938.50 0.74 0.38 -0.16 290.26 118.61 12.16 1.20
0.00 376.41
935.70 0.74 0.33 -0.27 290.45 140.44 23.17 2.20
0.00 400.43
930.60 0.44 0.10 -0.41 290.54 145.89 29.10 2.30
0.00 444.33
921.80 -0.06 -0.27 -0.61 290.74 151.10 34.17 2.20
7.00 520.53
908.80 -0.56 -0.81 -1.22 291.08 157.88 39.22 1.80
15.00 634.23
892.20 -1.16 -1.40 -1.80 291.73 165.02 42.83 1.00
14.00 781.50
872.50 -1.76 -1.86 -2.06 292.99 174.57 43.12 -0.40
33.00 959.48
851.00 -2.16 -2.19 -2.29 294.75 186.11 42.00 -2.20
97.00 1157.99
827.90 -2.76 -2.77 -2.84 296.29 197.98 39.01 -3.90
100.00 1376.54
802.10 -3.56 -3.60 -3.70 297.78 210.81 36.40 -4.90
100.00 1627.31
773.80 -4.86 -4.87 -4.93 298.85 220.57 33.76 -5.30
100.00 1910.68
743.00 -6.46 -6.49 -6.58 299.75 227.89 32.73 -5.30
100.00 2229.34
709.50 -8.96 -8.98 -9.06 299.66 236.60 32.11 -4.90
100.00 2588.45
673.50 -11.36 -11.40 -11.51 300.35 244.57 30.75 -4.20
100.00 2989.93
634.90 -13.26 -13.41 -13.80 302.43 251.80 29.86 -3.30
100.00 3441.17
593.50 -15.56 -15.79 -16.43 304.73 257.20 30.67 -2.50
100.00 3952.46
549.80 -18.36 -18.70 -19.74 307.07 260.33 35.86 -1.90
100.00 4526.57
507.20 -20.96 -21.33 -22.63 310.31 267.20 43.76 -1.60
100.00 5125.48
468.70 -23.76 -24.16 -25.82 313.13 277.05 55.40 -1.40
100.00 5705.39
433.90 -27.76 -28.15 -30.20 314.05 279.74 65.44 -1.30
100.00 6264.35
402.30 -31.86 -32.19 -34.55 314.84 276.76 71.00 -1.20
100.00 6803.16
373.50 -35.46 -35.74 -38.22 316.34 275.70 78.28 -1.10
100.00 7324.02
347.30 -38.26 -38.46 -40.59 318.97 273.54 87.98 -0.90
100.00 7827.16
323.60 -41.46 -41.54 -42.52 320.90 272.74 97.63 -0.70
100.00 8309.91
302.10 -44.06 -44.26 -47.71 323.18 281.78 112.32 -0.40
66.00 8773.61
282.60 -45.86 -46.23 -55.86 326.43 288.71 127.78 -0.10
0.00 9219.33
264.90 -48.16 -48.47 -57.63 329.11 289.36 136.52 0.10
0.00 9647.49
248.40 -50.96 -51.19 -59.59 331.00 288.13 140.42 0.30
0.00 10068.42
233.40 -53.56 -53.74 -61.81 332.96 287.93 138.83 0.40
0.00 10471.16
219.60 -55.26 -55.43 -64.44 336.14 289.00 130.65 0.40
0.00 10861.39
205.60 -56.36 -56.54 -67.89 340.75 290.42 120.84 0.40
0.00 11280.49
191.70 -56.26 -56.48 -73.19 347.75 293.13 108.78 0.30
0.00 11724.80
177.70 -55.46 -9999.00 -9999.00 -9999.00 297.92 92.11 0.20
0.00 12207.14
163.80 -54.36 -9999.00 -9999.00 -9999.00 301.04 71.19 0.20
0.00 12727.46
149.80 -53.46 -9999.00 -9999.00 -9999.00 298.04 54.14 0.10
0.00 13300.83
135.90 -52.16 -9999.00 -9999.00 -9999.00 290.85 48.02 0.00
0.00 13928.91
121.90 -50.66 -9999.00 -9999.00 -9999.00 292.60 43.98 0.00
0.00 14634.56
108.00 -50.76 -9999.00 -9999.00 -9999.00 304.37 32.01 -0.10
0.00 15422.87
94.00 -52.06 -9999.00 -9999.00 -9999.00 299.31 25.39 0.00
0.00 16324.00
81.00 -51.86 -9999.00 -9999.00 -9999.00 299.64 27.49 0.10
0.00 17287.71
70.60 -50.56 -9999.00 -9999.00 -9999.00 303.83 21.99 0.00
0.00 18180.45
62.20 -50.56 -9999.00 -9999.00 -9999.00 315.52 15.25 0.00
0.00 19005.81
54.30 -51.76 -9999.00 -9999.00 -9999.00 319.21 13.09 0.00
0.00 19888.43
46.90 -51.36 -9999.00 -9999.00 -9999.00 311.39 15.27 0.00
0.00 20838.71
40.10 -51.86 -9999.00 -9999.00 -9999.00 293.07 11.40 0.00
0.00 21854.49
33.80 -52.36 -9999.00 -9999.00 -9999.00 346.50 9.98 0.00
0.00 22960.34
27.80 -53.06 -9999.00 -9999.00 -9999.00 34.32 14.82 0.00
0.00 24221.34
22.30 -52.86 -9999.00 -9999.00 -9999.00 56.55 13.03 0.00
0.00 25642.20
17.10 -53.16 -9999.00 -9999.00 -9999.00 66.37 10.18 0.00
0.00 27353.08
12.30 -54.86 -9999.00 -9999.00 -9999.00 50.19 9.11 0.00
0.00 29466.53

STID = PAJN STNM = 703810 TIME = 221026/1500 
SLAT = 58.37 SLON = -134.58 SELV = 367.0
STIM = 3

SHOW = 10.78 LIFT = 12.46 SWET = 275.96 KINX = 17.45
LCLP = 926.20 PWAT = 13.81 TOTL = 39.03 CAPE = 0.00
LCLT = 273.14 CINS = 0.00 EQLV = -9999.00 LFCT = -9999.00
BRCH = 0.00

PRES TMPC TMWC DWPC THTE DRCT SKNT OMEG
CFRL HGHT
937.50 0.94 0.63 0.16 290.83 118.95 10.43 1.00
0.00 376.43
934.70 0.84 0.54 0.09 290.95 143.46 20.55 1.70
0.00 400.48
929.60 0.64 0.36 -0.06 291.13 149.99 26.03 1.60
0.00 444.46
920.80 0.24 0.04 -0.29 291.42 155.53 30.94 1.20
5.00 520.82
907.80 -0.26 -0.40 -0.65 291.95 163.57 35.04 0.50
27.00 634.78
891.20 -0.86 -0.91 -1.04 292.74 173.56 38.11 -0.70
55.00 782.39
871.50 -1.36 -1.39 -1.48 293.98 185.65 37.47 -2.50
100.00 960.82
850.10 -1.86 -1.88 -1.95 295.44 196.62 38.71 -4.40
100.00 1158.90
827.00 -2.56 -2.56 -2.61 296.79 209.08 37.57 -5.80
100.00 1377.90
801.30 -3.46 -3.50 -3.60 298.06 222.13 35.63 -6.40
100.00 1628.10
773.00 -4.76 -4.78 -4.86 299.11 232.73 33.68 -6.40
100.00 1911.87
742.20 -6.46 -6.49 -6.59 299.85 235.87 34.97 -6.00
100.00 2230.93
708.80 -8.76 -8.81 -8.93 300.06 239.89 33.68 -5.50
100.00 2589.47
672.90 -11.36 -11.38 -11.47 300.46 247.08 31.43 -4.80
100.00 2990.37
634.30 -13.56 -13.64 -13.87 302.14 250.97 29.80 -3.80
100.00 3441.76
593.10 -15.86 -16.05 -16.58 304.37 253.57 31.59 -3.10
100.00 3950.41
549.50 -17.86 -18.12 -18.90 308.07 258.80 40.99 -2.50
100.00 4523.80
506.90 -20.66 -20.99 -22.10 310.92 269.34 50.89 -2.00
100.00 5124.02
468.40 -25.06 -25.45 -27.23 311.16 282.86 61.97 -1.80
100.00 5703.12
433.70 -28.66 -29.00 -30.96 312.77 279.84 72.75 -1.70
100.00 6258.27
402.20 -32.16 -32.48 -34.75 314.44 271.69 72.49 -1.60
100.00 6794.23
373.40 -35.86 -36.12 -38.49 315.80 270.15 75.17 -1.50
100.00 7314.46
347.30 -39.06 -39.23 -41.20 317.81 269.48 86.25 -1.20
100.00 7814.47
323.60 -42.26 -42.33 -43.22 319.72 270.23 98.10 -0.90
100.00 8295.56
302.10 -44.46 -44.71 -49.43 322.50 278.82 105.17 -0.50
30.00 8758.05
282.60 -46.06 -46.47 -58.57 326.06 285.80 113.46 -0.20
0.00 9203.18
264.90 -48.06 -48.42 -60.83 329.17 286.75 123.33 0.10
0.00 9631.24
248.40 -50.36 -50.64 -61.33 331.85 285.90 130.48 0.30
0.00 10052.82
233.40 -52.56 -52.80 -63.99 334.43 285.23 130.87 0.50
0.00 10457.02
219.60 -54.16 -54.36 -64.44 337.84 285.29 125.25 0.50
0.00 10849.12
205.60 -54.96 -55.18 -67.89 342.95 286.82 117.50 0.50
0.00 11270.63
191.70 -55.36 -55.59 -68.39 349.24 290.16 109.89 0.40
0.00 11717.30
177.70 -55.06 -55.34 -73.70 357.33 294.89 95.09 0.30
0.00 12201.09
163.80 -54.16 -9999.00 -9999.00 -9999.00 297.30 74.98 0.20
0.00 12722.12
149.80 -52.76 -9999.00 -9999.00 -9999.00 296.57 57.77 0.10
0.00 13296.67
135.90 -51.66 -9999.00 -9999.00 -9999.00 291.42 48.41 0.00
0.00 13926.46
121.90 -50.16 -9999.00 -9999.00 -9999.00 293.86 46.10 -0.10
0.00 14633.70
108.00 -50.26 -9999.00 -9999.00 -9999.00 305.68 35.63 -0.10
0.00 15423.77
94.00 -51.76 -9999.00 -9999.00 -9999.00 301.55 25.99 -0.10
0.00 16326.54
81.00 -51.86 -9999.00 -9999.00 -9999.00 300.20 27.43 0.00
0.00 17290.90
70.60 -50.46 -9999.00 -9999.00 -9999.00 303.83 21.99 0.00
0.00 18183.84
62.20 -50.86 -9999.00 -9999.00 -9999.00 306.42 14.72 0.00
0.00 19008.83
54.30 -52.16 -9999.00 -9999.00 -9999.00 299.98 11.65 0.00
0.00 19890.06
46.90 -52.06 -9999.00 -9999.00 -9999.00 298.98 14.43 0.00
0.00 20837.98
40.10 -52.36 -9999.00 -9999.00 -9999.00 294.08 10.00 0.00
0.00 21851.01
33.80 -52.86 -9999.00 -9999.00 -9999.00 11.31 8.92 0.00
0.00 22954.36
27.80 -53.06 -9999.00 -9999.00 -9999.00 53.91 14.18 0.00
0.00 24213.92
22.30 -52.76 -9999.00 -9999.00 -9999.00 80.38 11.62 0.00
0.00 25635.10
17.10 -53.16 -9999.00 -9999.00 -9999.00 88.75 8.94 0.00
0.00 27346.37
12.30 -55.06 -9999.00 -9999.00 -9999.00 45.81 9.75 0.00
0.00 29458.86

STID = PAJN STNM = 703810 TIME = 221026/1600 
SLAT = 58.37 SLON = -134.58 SELV = 367.0
STIM = 4

SHOW = 9.24 LIFT = 10.62 SWET = 239.83 KINX = 19.22
LCLP = 931.23 PWAT = 13.65 TOTL = 41.96 CAPE = 0.00
LCLT = 273.74 CINS = 0.00 EQLV = -9999.00 LFCT = -9999.00
BRCH = 0.00

PRES TMPC TMWC DWPC THTE DRCT SKNT OMEG
CFRL HGHT
936.60 1.04 0.90 0.67 291.44 116.57 9.13 0.90
0.00 377.30
933.80 1.04 0.89 0.63 291.70 142.35 17.17 1.40
0.00 401.40
928.70 0.84 0.72 0.52 291.91 148.59 21.62 1.30
5.00 445.45
919.90 0.54 0.49 0.36 292.37 155.63 24.94 0.80
37.00 521.96
906.90 0.14 0.10 0.00 293.00 167.91 27.82 -0.20
73.00 636.20
890.40 -0.36 -0.38 -0.45 293.85 181.49 29.93 -1.70
89.00 783.32
870.70 -0.96 -0.98 -1.05 294.85 194.41 28.88 -3.40
100.00 962.22
849.30 -1.66 -1.67 -1.73 295.93 208.67 28.34 -5.00
100.00 1160.71
826.20 -2.46 -2.49 -2.58 297.02 219.57 30.50 -5.90
100.00 1380.05
800.60 -3.66 -3.66 -3.72 297.83 232.25 30.46 -6.30
100.00 1629.46
772.30 -4.96 -4.99 -5.07 298.82 242.32 31.37 -6.30
100.00 1913.27
741.60 -6.56 -6.59 -6.68 299.75 246.58 33.24 -6.10
100.00 2231.38
708.20 -8.86 -8.87 -8.94 300.02 244.13 36.05 -5.70
100.00 2590.08
672.40 -11.36 -11.39 -11.48 300.52 249.48 35.47 -4.90
100.00 2990.10
633.90 -14.16 -14.26 -14.54 301.17 253.47 31.41 -3.90
100.00 3440.10
592.70 -16.66 -16.83 -17.35 303.15 252.73 33.35 -3.20
100.00 3947.66
549.10 -18.36 -18.57 -19.21 307.40 257.71 44.74 -2.50
100.00 4519.97
506.70 -21.86 -22.16 -23.30 309.07 267.80 45.49 -1.60
100.00 5115.68
468.20 -26.56 -26.95 -28.96 308.89 285.86 54.72 -1.10
100.00 5691.85
433.50 -29.56 -29.89 -31.94 311.46 281.49 71.15 -1.20
100.00 6244.51
402.10 -32.36 -32.63 -34.56 314.23 271.53 79.86 -1.30
100.00 6777.74
373.30 -35.76 -35.98 -37.97 316.03 266.88 85.61 -1.10
100.00 7298.00
347.20 -39.66 -39.78 -41.21 317.02 263.38 90.93 -0.70
100.00 7797.62
323.50 -42.56 -42.77 -46.10 319.07 267.95 92.33 -0.30
72.00 8277.91
302.00 -43.96 -44.46 -58.04 322.89 279.52 95.12 -0.10
0.00 8740.73
282.60 -45.06 -45.55 -60.33 327.45 285.18 108.29 0.10
0.00 9185.09
264.90 -46.86 -47.28 -60.83 330.93 286.30 125.27 0.30
0.00 9615.23
248.40 -49.16 -49.52 -63.52 333.60 286.38 133.62 0.50
0.00 10039.07
233.40 -51.46 -51.77 -66.97 336.05 285.86 130.05 0.60
0.00 10445.36
219.60 -53.06 -53.33 -67.41 339.49 285.25 120.40 0.60
0.00 10839.43
205.60 -53.86 -54.12 -67.89 344.68 285.79 110.63 0.60
0.00 11263.05
191.70 -54.56 -54.81 -68.39 350.52 288.50 102.21 0.50
0.00 11711.67
177.70 -54.76 -55.05 -73.70 357.82 291.71 92.42 0.50
0.00 12196.68
163.80 -53.96 -9999.00 -9999.00 -9999.00 294.08 78.09 0.30
0.00 12718.31
149.80 -52.36 -9999.00 -9999.00 -9999.00 295.10 61.34 0.20
0.00 13293.64
135.90 -50.96 -9999.00 -9999.00 -9999.00 292.48 48.78 0.00
0.00 13925.00
121.90 -49.66 -9999.00 -9999.00 -9999.00 295.19 43.36 -0.10
0.00 14634.15
108.00 -50.16 -9999.00 -9999.00 -9999.00 309.85 33.64 -0.20
0.00 15425.29
94.00 -52.06 -9999.00 -9999.00 -9999.00 306.61 25.41 -0.10
0.00 16327.65
81.00 -51.86 -9999.00 -9999.00 -9999.00 295.78 25.45 0.10
0.00 17291.35
70.60 -50.16 -9999.00 -9999.00 -9999.00 296.09 20.77 0.10
0.00 18184.90
62.20 -50.36 -9999.00 -9999.00 -9999.00 297.94 14.51 0.00
0.00 19011.37
54.30 -51.76 -9999.00 -9999.00 -9999.00 292.38 10.72 0.00
0.00 19894.39
46.90 -51.86 -9999.00 -9999.00 -9999.00 300.03 14.36 0.00
0.00 20843.59
40.10 -51.76 -9999.00 -9999.00 -9999.00 319.14 9.50 0.00
0.00 21858.46
33.80 -52.26 -9999.00 -9999.00 -9999.00 20.70 9.34 0.00
0.00 22964.81
27.80 -52.86 -9999.00 -9999.00 -9999.00 64.70 11.81 0.00
0.00 24226.66
22.30 -53.36 -9999.00 -9999.00 -9999.00 78.37 6.74 0.00
0.00 25646.55
17.10 -54.16 -9999.00 -9999.00 -9999.00 45.00 7.42 0.00
0.00 27351.61
12.30 -55.46 -9999.00 -9999.00 -9999.00 30.83 14.02 0.00
0.00 29457.35

STID = PAJN STNM = 703810 TIME = 221026/1700 
SLAT = 58.37 SLON = -134.58 SELV = 367.0
STIM = 5

SHOW = 7.38 LIFT = 8.63 SWET = 219.33 KINX = 21.44
LCLP = 927.92 PWAT = 13.75 TOTL = 45.14 CAPE = 0.00
LCLT = 274.20 CINS = 0.00 EQLV = -9999.00 LFCT = -9999.00
BRCH = 0.00

PRES TMPC TMWC DWPC THTE DRCT SKNT OMEG
CFRL HGHT
933.70 1.54 1.39 1.14 292.68 122.28 8.72 0.80
0.00 376.49
930.90 1.44 1.33 1.13 292.85 142.99 15.81 1.30
0.00 400.70
925.80 1.24 1.18 1.05 293.10 148.36 19.62 1.10
3.00 444.96
917.10 1.04 1.00 0.89 293.65 156.54 22.46 0.50
76.00 520.97
904.10 0.74 0.73 0.66 294.51 172.19 24.32 -0.60
100.00 635.80
887.70 0.44 0.41 0.31 295.66 189.69 24.24 -2.10
100.00 782.88
868.00 -0.26 -0.27 -0.34 296.51 213.37 19.08 -3.70
100.00 962.85
846.70 -1.06 -1.07 -1.13 297.38 219.05 26.52 -5.00
100.00 1161.53
823.80 -1.96 -1.99 -2.07 298.27 228.10 27.93 -5.60
100.00 1380.08
798.20 -3.16 -3.16 -3.22 299.06 238.32 29.22 -5.80
100.00 1630.71
770.10 -4.56 -4.58 -4.65 299.85 245.85 30.87 -5.80
100.00 1913.84
739.50 -6.46 -6.50 -6.60 300.19 250.14 32.01 -5.40
100.00 2232.13
706.40 -8.86 -8.90 -9.02 300.21 255.80 32.46 -4.70
100.00 2588.63
670.70 -11.66 -11.70 -11.83 300.22 257.28 30.87 -3.90
100.00 2988.32
632.40 -14.56 -14.71 -15.14 300.64 257.20 30.67 -3.50
100.00 3436.45
591.50 -16.56 -16.69 -17.09 303.56 254.74 39.86 -3.40
100.00 3941.13
548.10 -18.96 -19.13 -19.70 306.65 256.32 45.18 -2.80
100.00 4511.35
505.90 -22.96 -23.27 -24.54 307.47 269.20 41.96 -1.90
100.00 5103.23
467.60 -26.86 -27.22 -29.11 308.60 281.19 55.05 -1.40
100.00 5675.59
433.10 -29.66 -29.98 -31.95 311.42 274.50 69.37 -1.20
100.00 6225.23
401.70 -32.56 -32.85 -34.97 313.99 268.32 79.68 -1.00
100.00 6758.63
373.00 -36.66 -36.86 -38.76 314.80 263.46 87.00 -0.60
100.00 7276.35
347.00 -40.86 -40.98 -42.56 315.30 260.87 89.32 -0.20
100.00 7772.17
323.40 -42.96 -43.34 -50.93 318.25 266.09 88.40 0.00
3.00 8248.98
302.00 -43.56 -44.13 -62.04 323.37 276.54 93.84 0.20
0.00 8709.70
282.50 -44.26 -44.80 -60.33 328.63 283.31 112.18 0.30
0.00 9157.60
264.90 -46.26 -46.69 -59.08 331.85 285.57 130.26 0.50
0.00 9586.71
248.40 -48.86 -49.21 -61.33 334.08 286.09 136.67 0.60
0.00 10011.40
233.40 -51.16 -51.46 -63.99 336.55 285.78 129.99 0.60
0.00 10418.24
219.60 -52.16 -52.49 -72.27 340.83 285.04 115.25 0.60
0.00 10813.38
205.60 -52.36 -52.70 -72.72 346.99 285.75 100.91 0.50
0.00 11239.31
191.70 -52.86 -53.20 -73.19 353.20 288.47 90.11 0.40
0.00 11691.21
177.70 -53.36 -53.71 -73.70 360.12 289.21 81.47 0.30
0.00 12179.65
163.80 -53.16 -9999.00 -9999.00 -9999.00 289.15 73.41 0.20
0.00 12703.91
149.80 -52.46 -9999.00 -9999.00 -9999.00 290.18 62.51 0.10
0.00 13280.15
135.90 -50.96 -9999.00 -9999.00 -9999.00 289.43 49.65 -0.10
0.00 13911.37
121.90 -49.46 -9999.00 -9999.00 -9999.00 291.29 40.66 -0.20
0.00 14620.84
108.00 -50.16 -9999.00 -9999.00 -9999.00 305.89 29.49 -0.20
0.00 15412.33
94.00 -52.66 -9999.00 -9999.00 -9999.00 301.29 23.19 -0.10
0.00 16313.47
81.00 -51.36 -9999.00 -9999.00 -9999.00 287.48 25.87 0.10
0.00 17276.96
70.60 -49.66 -9999.00 -9999.00 -9999.00 291.39 20.24 0.00
0.00 18172.52
62.20 -50.56 -9999.00 -9999.00 -9999.00 301.61 11.87 0.00
0.00 18999.54
54.30 -51.86 -9999.00 -9999.00 -9999.00 288.43 9.21 0.00
0.00 19881.96
46.90 -51.86 -9999.00 -9999.00 -9999.00 298.97 12.43 0.00
0.00 20830.96
40.10 -51.46 -9999.00 -9999.00 -9999.00 334.98 6.43 0.00
0.00 21846.51
33.80 -51.96 -9999.00 -9999.00 -9999.00 42.71 6.88 0.00
0.00 22954.36
27.80 -53.56 -9999.00 -9999.00 -9999.00 83.42 10.16 0.00
0.00 24215.07
22.30 -54.06 -9999.00 -9999.00 -9999.00 73.07 4.66 0.00
0.00 25630.44
17.10 -54.66 -9999.00 -9999.00 -9999.00 53.37 9.44 0.00
0.00 27330.83
12.30 -55.46 -9999.00 -9999.00 -9999.00 55.12 15.62 0.00
0.00 29434.16

STID = PAJN STNM = 703810 TIME = 221026/1800 
SLAT = 58.37 SLON = -134.58 SELV = 367.0
STIM = 6

SHOW = 6.26 LIFT = 7.30 SWET = 174.25 KINX = 22.97
LCLP = 921.88 PWAT = 14.08 TOTL = 46.88 CAPE = 0.00
LCLT = 275.10 CINS = 0.00 EQLV = -9999.00 LFCT = -9999.00
BRCH = 0.00

PRES TMPC TMWC DWPC THTE DRCT SKNT OMEG
CFRL HGHT
933.50 2.94 2.59 2.13 295.09 135.00 5.77 0.40
0.00 375.68
930.70 2.84 2.55 2.15 295.30 152.53 10.96 0.50
0.00 400.02
925.60 2.44 2.32 2.13 295.38 157.32 14.10 0.20
0.00 444.51
916.80 1.94 1.94 1.88 295.55 168.42 16.45 -0.60
100.00 521.73
903.90 1.54 1.51 1.42 296.08 189.66 18.53 -2.10
100.00 636.08
887.40 1.04 1.02 0.95 296.92 211.05 21.10 -3.80
100.00 784.49
867.80 0.44 0.42 0.34 297.90 227.83 22.28 -5.20
100.00 964.05
846.50 -0.46 -0.47 -0.53 298.58 233.05 26.50 -6.10
100.00 1163.27
823.50 -1.56 -1.57 -1.64 299.10 237.91 28.88 -6.50
100.00 1383.27
798.00 -2.76 -2.77 -2.84 299.84 242.62 30.40 -6.60
100.00 1633.39
769.90 -4.16 -4.17 -4.24 300.64 246.15 31.22 -6.60
100.00 1917.03
739.30 -5.96 -5.99 -6.07 301.15 248.40 31.14 -6.50
100.00 2235.96
706.20 -8.26 -8.29 -8.39 301.32 252.14 30.40 -6.10
100.00 2593.33
670.50 -10.86 -10.87 -10.94 301.67 258.47 29.14 -5.40
100.00 2994.23
632.30 -14.86 -14.93 -15.15 300.30 268.13 29.74 -4.40
100.00 3441.75
591.30 -17.36 -17.54 -18.11 302.22 261.41 37.72 -3.60
100.00 3946.69
548.00 -19.16 -19.42 -20.26 306.21 251.17 44.54 -2.70
100.00 4514.59
505.80 -23.16 -23.51 -24.98 307.11 255.84 43.67 -2.00
100.00 5106.10
467.50 -27.46 -27.80 -29.71 307.73 266.79 48.64 -1.60
100.00 5677.64
433.00 -30.56 -30.88 -33.03 310.08 268.58 62.57 -1.50
100.00 6225.70
401.70 -33.36 -33.64 -35.83 312.81 264.99 77.80 -1.30
100.00 6755.58
373.00 -37.56 -37.76 -39.90 313.46 261.45 86.23 -0.90
100.00 7271.44
347.00 -41.86 -41.93 -42.93 313.91 258.26 85.92 -0.50
100.00 7765.25
323.40 -42.96 -43.34 -50.93 318.25 263.94 88.29 -0.20
2.00 8241.02
302.00 -42.96 -43.57 -62.04 324.21 275.28 101.24 0.10
0.00 8702.34
282.50 -44.26 -44.78 -58.57 328.67 281.24 117.64 0.30
0.00 9150.83
264.90 -46.56 -46.98 -59.08 331.41 283.28 128.54 0.50
0.00 9579.66
248.40 -48.96 -49.30 -61.33 333.94 283.77 130.59 0.60
0.00 10003.97
233.40 -51.06 -51.38 -66.97 336.66 283.91 124.48 0.70
0.00 10410.81
219.60 -51.66 -52.01 -72.27 341.60 283.26 110.96 0.70
0.00 10806.48
205.60 -51.06 -9999.00 -9999.00 -9999.00 283.28 96.41 0.50
0.00 11234.15
191.70 -50.96 -9999.00 -9999.00 -9999.00 285.98 84.65 0.40
0.00 11689.32
177.70 -51.76 -9999.00 -9999.00 -9999.00 287.83 75.50 0.20
0.00 12181.65
163.80 -52.36 -9999.00 -9999.00 -9999.00 287.63 69.91 0.10
0.00 12708.77
149.80 -52.56 -9999.00 -9999.00 -9999.00 288.27 62.59 0.00
0.00 13285.93
135.90 -51.66 -9999.00 -9999.00 -9999.00 287.33 50.87 -0.10
0.00 13916.00
121.90 -49.56 -9999.00 -9999.00 -9999.00 289.33 39.32 -0.20
0.00 14624.20
108.00 -49.96 -9999.00 -9999.00 -9999.00 301.63 28.52 -0.20
0.00 15415.87
94.00 -52.46 -9999.00 -9999.00 -9999.00 289.52 22.67 0.00
0.00 16317.82
81.00 -50.76 -9999.00 -9999.00 -9999.00 283.54 27.37 0.10
0.00 17283.05
70.60 -49.36 -9999.00 -9999.00 -9999.00 287.91 20.20 0.00
0.00 18180.42
62.20 -50.86 -9999.00 -9999.00 -9999.00 294.23 12.78 0.00
0.00 19007.44
54.30 -52.36 -9999.00 -9999.00 -9999.00 282.76 10.55 0.00
0.00 19888.27
46.90 -51.56 -9999.00 -9999.00 -9999.00 292.29 12.80 0.00
0.00 20836.84
40.10 -51.46 -9999.00 -9999.00 -9999.00 319.40 5.38 0.00
0.00 21853.08
33.80 -52.36 -9999.00 -9999.00 -9999.00 23.20 2.95 0.00
0.00 22959.93
27.80 -53.66 -9999.00 -9999.00 -9999.00 98.37 6.68 0.00
0.00 24219.21
22.30 -53.26 -9999.00 -9999.00 -9999.00 66.80 5.92 0.00
0.00 25636.84
17.10 -53.46 -9999.00 -9999.00 -9999.00 75.96 13.62 0.00
0.00 27345.00
12.30 -55.06 -9999.00 -9999.00 -9999.00 78.29 16.26 0.00
0.00 29456.05

STID = PAJN STNM = 703810 TIME = 221026/1900 
SLAT = 58.37 SLON = -134.58 SELV = 367.0
STIM = 7

SHOW = 5.45 LIFT = 5.99 SWET = 155.47 KINX = 23.97
LCLP = 921.60 PWAT = 14.17 TOTL = 48.25 CAPE = 0.00
LCLT = 276.23 CINS = 0.00 EQLV = -9999.00 LFCT = -9999.00
BRCH = 0.00

PRES TMPC TMWC DWPC THTE DRCT SKNT OMEG
CFRL HGHT
932.90 4.04 3.69 3.25 297.42 200.56 3.32 0.10
0.00 375.72
930.00 3.94 3.68 3.34 297.71 187.13 7.83 -0.40
0.00 401.06
924.90 3.54 3.49 3.37 297.86 186.01 11.13 -1.10
0.00 445.77
916.10 3.14 3.11 3.02 298.03 194.98 14.28 -2.20
100.00 523.39
903.20 2.44 2.40 2.30 297.97 208.26 17.64 -3.60
100.00 638.29
886.70 1.54 1.53 1.47 298.03 221.04 21.89 -5.30
100.00 787.22
867.10 0.84 0.80 0.69 298.74 229.76 26.46 -6.60
100.00 967.23
845.90 -0.16 -0.19 -0.29 299.20 234.73 29.27 -7.40
100.00 1165.94
822.90 -1.56 -1.58 -1.65 299.17 238.18 31.31 -7.70
100.00 1386.22
797.40 -2.86 -2.86 -2.92 299.74 240.88 33.14 -7.80
100.00 1636.47
769.40 -4.26 -4.30 -4.40 300.47 242.27 34.23 -7.70
100.00 1919.19
738.80 -6.16 -6.19 -6.28 300.84 244.03 33.70 -7.20
100.00 2238.15
705.70 -8.46 -8.49 -8.58 301.04 246.43 31.59 -6.50
100.00 2595.49
670.10 -10.86 -10.89 -11.00 301.69 250.42 30.71 -5.60
100.00 2995.37
631.90 -13.96 -14.06 -14.34 301.79 259.28 26.09 -4.50
100.00 3443.96
591.00 -17.66 -17.88 -18.58 301.73 259.29 29.25 -3.60
100.00 3948.55
547.80 -20.06 -20.32 -21.21 304.81 248.55 40.91 -2.90
100.00 4514.02
505.60 -23.56 -23.89 -25.32 306.56 246.36 42.62 -2.20
100.00 5104.21
467.40 -27.76 -28.10 -30.02 307.31 255.38 46.17 -1.70
100.00 5673.61
432.90 -30.86 -31.16 -33.22 309.69 262.12 63.73 -1.50
100.00 6221.11
401.60 -34.06 -34.30 -36.28 311.85 260.42 79.39 -1.20
100.00 6750.02
372.90 -38.26 -38.40 -39.91 312.55 257.20 85.06 -0.80
49.00 7264.49
347.00 -41.36 -41.59 -45.00 314.41 257.39 88.97 -0.40
34.00 7756.25
323.40 -42.36 -42.92 -57.49 318.84 264.35 96.62 -0.20
0.00 8233.14
301.90 -43.36 -43.90 -58.05 323.76 272.91 107.17 0.10
0.00 8696.89
282.50 -44.96 -45.44 -58.57 327.67 278.32 118.18 0.30
0.00 9142.09
264.90 -46.96 -47.38 -60.83 330.78 280.41 126.81 0.50
0.00 9569.88
248.40 -48.96 -49.33 -63.52 333.89 280.85 126.98 0.60
0.00 9993.81
233.40 -50.66 -51.00 -66.97 337.27 281.05 118.55 0.60
0.00 10401.01
219.60 -51.06 -51.43 -72.27 342.53 280.48 105.69 0.60
0.00 10797.58
205.60 -50.56 -9999.00 -9999.00 -9999.00 280.07 93.32 0.50
0.00 11226.31
191.70 -50.06 -9999.00 -9999.00 -9999.00 282.33 83.70 0.40
0.00 11682.91
177.70 -50.56 -9999.00 -9999.00 -9999.00 285.07 75.45 0.20
0.00 12177.57
163.80 -51.46 -9999.00 -9999.00 -9999.00 286.23 68.78 0.10
0.00 12707.19
149.80 -52.06 -9999.00 -9999.00 -9999.00 287.76 62.41 0.00
0.00 13286.18
135.90 -52.26 -9999.00 -9999.00 -9999.00 287.05 50.99 -0.10
0.00 13916.11
121.90 -50.26 -9999.00 -9999.00 -9999.00 283.64 40.38 -0.20
0.00 14622.24
108.00 -49.56 -9999.00 -9999.00 -9999.00 295.53 28.85 -0.10
0.00 15413.38
94.00 -52.26 -9999.00 -9999.00 -9999.00 277.41 24.09 0.00
0.00 16316.55
81.00 -50.96 -9999.00 -9999.00 -9999.00 273.67 30.36 0.00
0.00 17281.78
70.60 -49.66 -9999.00 -9999.00 -9999.00 287.74 20.40 0.00
0.00 18178.14
62.20 -51.46 -9999.00 -9999.00 -9999.00 291.50 13.77 0.00
0.00 19003.50
54.30 -52.46 -9999.00 -9999.00 -9999.00 283.13 11.97 0.00
0.00 19882.94
46.90 -51.46 -9999.00 -9999.00 -9999.00 290.38 14.51 0.00
0.00 20831.50
40.10 -52.16 -9999.00 -9999.00 -9999.00 319.64 5.09 0.00
0.00 21846.37
33.80 -52.66 -9999.00 -9999.00 -9999.00 15.95 2.84 0.00
0.00 22950.72
27.80 -52.76 -9999.00 -9999.00 -9999.00 84.96 6.62 0.00
0.00 24211.71
22.30 -52.26 -9999.00 -9999.00 -9999.00 57.99 7.32 0.00
0.00 25635.47
17.10 -52.76 -9999.00 -9999.00 -9999.00 82.65 12.14 0.00
0.00 27350.24
12.30 -54.76 -9999.00 -9999.00 -9999.00 87.80 10.10 0.00
0.00 29466.11

STID = PAJN STNM = 703810 TIME = 221026/2000 
SLAT = 58.37 SLON = -134.58 SELV = 367.0
STIM = 8

SHOW = 4.61 LIFT = 4.91 SWET = 170.35 KINX = 25.03
LCLP = 921.40 PWAT = 14.26 TOTL = 49.63 CAPE = 0.00
LCLT = 276.76 CINS = 0.00 EQLV = -9999.00 LFCT = -9999.00
BRCH = 0.00

PRES TMPC TMWC DWPC THTE DRCT SKNT OMEG
CFRL HGHT
931.10 4.44 4.14 3.76 298.57 188.13 4.12 0.20
0.00 376.62
928.30 4.54 4.32 4.03 299.26 182.39 9.32 -0.50
0.00 401.18
923.20 4.14 4.09 3.98 299.33 184.21 13.25 -1.30
11.00 446.08
914.50 3.74 3.69 3.58 299.43 191.71 16.26 -2.30
100.00 523.13
901.60 3.04 3.00 2.90 299.40 202.75 19.58 -3.60
100.00 638.50
885.10 2.04 2.03 1.96 299.23 213.82 23.39 -5.10
100.00 788.02
865.60 1.04 1.03 0.96 299.39 222.05 26.69 -6.30
100.00 967.67
844.40 0.14 0.13 0.06 300.02 228.56 28.77 -7.00
100.00 1166.92
821.50 -1.26 -1.28 -1.35 299.92 233.20 29.84 -7.30
100.00 1386.88
796.00 -2.56 -2.57 -2.64 300.47 237.42 30.65 -7.20
100.00 1637.86
768.10 -4.06 -4.07 -4.13 301.07 237.56 32.23 -7.00
100.00 1920.33
737.60 -6.16 -6.18 -6.26 301.01 236.78 32.96 -6.40
100.00 2238.90
704.70 -8.66 -8.69 -8.78 300.82 238.44 31.92 -5.70
100.00 2594.49
669.20 -11.26 -11.29 -11.38 301.14 242.60 29.97 -4.80
100.00 2993.33
631.10 -14.36 -14.51 -14.91 301.17 245.92 28.09 -4.10
100.00 3440.62
590.30 -17.66 -17.87 -18.52 301.86 245.91 34.27 -3.80
100.00 3944.19
547.20 -20.36 -20.61 -21.49 304.45 240.22 41.84 -3.40
100.00 4508.66
505.20 -23.96 -24.24 -25.45 306.10 237.62 44.62 -2.80
100.00 5095.78
467.00 -27.86 -28.14 -29.72 307.32 251.57 50.99 -2.30
100.00 5665.08
432.60 -30.86 -31.12 -32.85 309.81 259.23 68.61 -2.10
100.00 6211.31
401.40 -34.56 -34.74 -36.29 311.24 255.25 79.35 -1.70
100.00 6738.30
372.80 -39.06 -39.13 -39.91 311.51 254.78 82.13 -1.20
0.00 7249.77
346.90 -41.56 -41.99 -50.33 313.83 259.71 88.05 -0.80
0.00 7740.59
323.30 -42.46 -43.07 -61.52 318.65 265.64 99.75 -0.40
0.00 8217.31
301.90 -43.86 -44.37 -58.05 323.06 270.82 108.99 -0.10
0.00 8678.36
282.50 -45.56 -46.00 -58.57 326.81 275.14 117.02 0.20
0.00 9122.49
264.90 -47.36 -47.78 -63.04 330.15 277.57 123.85 0.50
0.00 9549.34
248.40 -49.16 -49.54 -66.52 333.55 277.91 122.77 0.60
0.00 9972.71
233.40 -50.46 -50.83 -71.85 337.52 277.62 114.26 0.80
0.00 10379.91
219.60 -50.66 -9999.00 -9999.00 -9999.00 276.71 103.07 0.80
0.00 10777.00
205.60 -49.96 -9999.00 -9999.00 -9999.00 275.46 93.86 0.70
0.00 11206.70
191.70 -49.36 -9999.00 -9999.00 -9999.00 277.82 85.68 0.60
0.00 11664.63
177.70 -49.46 -9999.00 -9999.00 -9999.00 283.55 77.12 0.30
0.00 12161.29
163.80 -50.76 -9999.00 -9999.00 -9999.00 287.35 68.38 0.20
0.00 12693.05
149.80 -51.66 -9999.00 -9999.00 -9999.00 287.92 61.25 0.00
0.00 13273.48
135.90 -52.26 -9999.00 -9999.00 -9999.00 285.33 52.18 -0.10
0.00 13903.99
121.90 -50.66 -9999.00 -9999.00 -9999.00 277.67 40.77 -0.10
0.00 14609.48
108.00 -49.86 -9999.00 -9999.00 -9999.00 284.61 33.12 -0.10
0.00 15399.37
94.00 -51.96 -9999.00 -9999.00 -9999.00 270.00 25.64 0.00
0.00 16302.54
81.00 -51.86 -9999.00 -9999.00 -9999.00 267.34 33.45 0.00
0.00 17266.47
70.60 -49.26 -9999.00 -9999.00 -9999.00 295.52 23.89 0.00
0.00 18161.83
62.20 -51.56 -9999.00 -9999.00 -9999.00 291.95 14.02 0.00
0.00 18987.74
54.30 -51.56 -9999.00 -9999.00 -9999.00 279.83 14.78 0.00
0.00 19868.77
46.90 -51.16 -9999.00 -9999.00 -9999.00 286.26 14.57 0.00
0.00 20819.90
40.10 -51.56 -9999.00 -9999.00 -9999.00 287.74 5.09 0.00
0.00 21836.84
33.80 -51.96 -9999.00 -9999.00 -9999.00 284.93 3.01 0.00
0.00 22944.44
27.80 -51.76 -9999.00 -9999.00 -9999.00 103.24 3.40 0.00
0.00 24210.29
22.30 -51.76 -9999.00 -9999.00 -9999.00 68.20 5.23 0.00
0.00 25638.89
17.10 -53.16 -9999.00 -9999.00 -9999.00 112.25 9.23 0.00
0.00 27354.05
12.30 -55.06 -9999.00 -9999.00 -9999.00 72.35 8.97 0.00
0.00 29466.54

STID = PAJN STNM = 703810 TIME = 221026/2100 
SLAT = 58.37 SLON = -134.58 SELV = 367.0
STIM = 9

SHOW = 3.78 LIFT = 4.00 SWET = 227.35 KINX = 25.88
LCLP = 920.87 PWAT = 14.14 TOTL = 51.26 CAPE = 0.00
LCLT = 276.93 CINS = 0.00 EQLV = 872.16 LFCT = 890.21
BRCH = 0.00

PRES TMPC TMWC DWPC THTE DRCT SKNT OMEG
CFRL HGHT
929.70 4.54 4.26 3.92 298.99 193.39 4.20 -0.10
0.00 376.64
927.00 4.64 4.43 4.16 299.65 185.29 10.53 -0.70
0.00 400.37
921.90 4.24 4.21 4.13 299.74 185.26 14.82 -1.50
0.00 445.35
913.20 3.84 3.78 3.67 299.78 192.01 18.67 -2.50
100.00 522.54
900.30 3.04 3.02 2.94 299.59 200.03 22.13 -3.80
100.00 638.09
883.90 2.04 2.02 1.94 299.34 209.48 25.66 -5.10
100.00 786.91
864.40 1.04 1.00 0.91 299.48 217.57 28.67 -6.30
100.00 966.81
843.20 0.14 0.10 0.01 300.12 225.25 30.91 -7.30
100.00 1166.34
820.30 -1.26 -1.27 -1.34 300.08 231.50 32.77 -7.80
100.00 1386.62
795.00 -2.66 -2.68 -2.75 300.39 236.31 34.32 -8.10
100.00 1635.93
767.10 -4.26 -4.27 -4.33 300.81 239.68 35.78 -8.00
100.00 1918.59
736.70 -6.06 -6.11 -6.24 301.26 241.22 35.90 -7.40
100.00 2236.46
703.80 -8.46 -8.48 -8.57 301.30 242.00 34.75 -6.40
100.00 2592.70
668.40 -11.26 -11.29 -11.39 301.25 240.34 33.76 -5.30
100.00 2991.06
630.40 -14.46 -14.60 -14.99 301.11 240.12 31.59 -4.50
100.00 3437.61
589.70 -17.76 -17.98 -18.68 301.77 239.79 35.51 -4.30
100.00 3940.27
546.70 -21.06 -21.29 -22.16 303.47 239.97 43.08 -3.90
100.00 4503.08
504.80 -24.86 -25.13 -26.41 304.81 243.33 46.74 -3.30
100.00 5087.40
466.70 -28.16 -28.44 -30.03 306.94 251.90 52.53 -2.70
100.00 5654.23
432.40 -30.96 -31.20 -32.86 309.73 255.81 68.92 -2.30
100.00 6198.72
401.20 -34.86 -35.01 -36.29 310.89 251.03 78.88 -1.90
100.00 6725.53
372.70 -39.16 -39.27 -40.53 311.33 250.64 79.68 -1.40
0.00 7234.97
346.80 -41.16 -41.64 -51.15 314.36 258.64 85.80 -0.90
0.00 7726.24
323.20 -42.36 -42.97 -61.52 318.82 265.11 98.06 -0.50
0.00 8203.61
301.80 -44.16 -44.67 -59.82 322.63 268.85 106.08 -0.20
0.00 8664.61
282.40 -45.86 -46.31 -60.33 326.37 271.97 112.72 0.10
0.00 9108.31
264.90 -47.46 -47.90 -66.05 329.96 274.59 116.53 0.40
0.00 9532.43
248.40 -48.76 -49.19 -71.43 334.10 275.52 113.00 0.50
0.00 9956.07
233.40 -49.86 -50.26 -71.85 338.43 274.98 105.09 0.70
0.00 10364.18
219.60 -49.96 -9999.00 -9999.00 -9999.00 273.12 96.29 0.80
0.00 10762.44
205.60 -49.56 -9999.00 -9999.00 -9999.00 271.48 90.56 0.80
0.00 11193.19
191.70 -49.36 -9999.00 -9999.00 -9999.00 273.66 85.26 0.60
0.00 11651.54
177.70 -49.26 -9999.00 -9999.00 -9999.00 279.60 78.01 0.40
0.00 12148.42
163.80 -49.56 -9999.00 -9999.00 -9999.00 285.59 69.37 0.20
0.00 12681.85
149.80 -50.66 -9999.00 -9999.00 -9999.00 288.37 57.93 0.00
0.00 13265.16
135.90 -52.16 -9999.00 -9999.00 -9999.00 283.76 48.99 -0.10
0.00 13897.23
121.90 -50.96 -9999.00 -9999.00 -9999.00 276.00 42.77 -0.10
0.00 14602.40
108.00 -49.76 -9999.00 -9999.00 -9999.00 277.95 35.10 -0.10
0.00 15391.94
94.00 -51.56 -9999.00 -9999.00 -9999.00 281.23 27.93 0.00
0.00 16296.13
81.00 -51.96 -9999.00 -9999.00 -9999.00 268.38 34.40 0.10
0.00 17260.71
70.60 -49.26 -9999.00 -9999.00 -9999.00 285.89 27.66 0.00
0.00 18155.86
62.20 -51.26 -9999.00 -9999.00 -9999.00 290.14 12.41 0.00
0.00 18982.33
54.30 -51.26 -9999.00 -9999.00 -9999.00 276.89 17.81 0.00
0.00 19864.56
46.90 -50.86 -9999.00 -9999.00 -9999.00 278.25 13.54 0.00
0.00 20816.98
40.10 -50.66 -9999.00 -9999.00 -9999.00 257.32 7.96 0.00
0.00 21836.66
33.80 -50.96 -9999.00 -9999.00 -9999.00 265.24 4.68 0.00
0.00 22949.02
27.80 -51.26 -9999.00 -9999.00 -9999.00 175.91 2.72 0.00
0.00 24219.16
22.30 -51.66 -9999.00 -9999.00 -9999.00 81.47 3.92 0.00
0.00 25649.70
17.10 -53.16 -9999.00 -9999.00 -9999.00 99.78 5.71 0.00
0.00 27365.24
12.30 -55.06 -9999.00 -9999.00 -9999.00 49.90 9.65 0.00
0.00 29477.73

STID = PAJN STNM = 703810 TIME = 221026/2200 
SLAT = 58.37 SLON = -134.58 SELV = 367.0
STIM = 10

SHOW = 3.38 LIFT = 3.47 SWET = 221.80 KINX = 26.22
LCLP = 920.73 PWAT = 13.96 TOTL = 52.10 CAPE = 0.00
LCLT = 277.01 CINS = 0.00 EQLV = -9999.00 LFCT = -9999.00
BRCH = 0.00

PRES TMPC TMWC DWPC THTE DRCT SKNT OMEG
CFRL HGHT
928.70 4.54 4.29 3.98 299.17 226.40 5.63 -0.50
0.00 376.65
926.00 4.64 4.46 4.22 299.82 205.64 10.78 -1.40
0.00 400.40
920.90 4.24 4.21 4.12 299.84 200.38 14.51 -2.30
0.00 445.43
912.10 3.84 3.78 3.67 299.90 204.39 18.34 -3.40
100.00 523.60
899.30 3.04 3.02 2.95 299.71 211.31 22.05 -4.70
100.00 638.39
882.90 2.14 2.10 2.01 299.63 218.93 25.97 -6.10
100.00 787.41
863.40 1.14 1.10 0.99 299.78 225.27 28.98 -7.30
100.00 967.58
842.30 -0.06 -0.08 -0.16 299.84 231.12 30.94 -8.10
100.00 1166.36
819.50 -1.46 -1.47 -1.54 299.78 235.15 31.95 -8.40
100.00 1385.73
794.10 -2.96 -2.98 -3.05 299.92 237.81 32.83 -8.10
100.00 1636.04
766.30 -4.46 -4.50 -4.60 300.48 240.55 32.79 -7.60
100.00 1917.73
736.00 -6.36 -6.38 -6.45 300.86 241.89 32.15 -6.80
100.00 2234.56
703.10 -8.56 -8.60 -8.72 301.19 242.49 31.55 -6.00
100.00 2590.86
667.80 -11.46 -11.48 -11.56 301.00 241.72 31.97 -5.10
100.00 2988.25
629.90 -14.66 -14.75 -15.00 300.95 242.18 31.62 -4.40
100.00 3433.65
589.30 -17.86 -18.06 -18.69 301.71 240.41 34.62 -3.90
100.00 3935.16
546.40 -21.46 -21.68 -22.55 302.91 237.91 42.42 -3.50
100.00 4496.44
504.50 -25.36 -25.60 -26.80 304.15 238.63 46.64 -3.00
100.00 5080.03
466.50 -28.56 -28.80 -30.19 306.44 249.63 54.70 -2.60
100.00 5644.62
432.20 -31.86 -32.03 -33.24 308.55 251.62 70.20 -2.30
100.00 6187.90
401.10 -35.96 -35.99 -36.30 309.48 245.86 75.99 -1.90
100.00 6711.01
372.60 -39.46 -39.64 -41.89 310.81 248.20 77.41 -1.40
0.00 7219.07
346.70 -40.96 -41.55 -55.45 314.50 257.06 85.90 -1.00
0.00 7710.36
323.20 -42.46 -43.11 -69.60 318.60 263.43 95.03 -0.60
0.00 8185.87
301.80 -44.26 -44.79 -62.04 322.44 266.72 101.77 -0.20
0.00 8646.67
282.40 -45.66 -46.14 -62.55 326.61 269.49 110.14 0.10
0.00 9090.46
264.80 -47.06 -47.52 -66.06 330.58 271.28 113.27 0.40
0.00 9517.65
248.40 -48.36 -48.81 -71.43 334.70 271.44 108.24 0.50
0.00 9939.55
233.40 -49.36 -9999.00 -9999.00 -9999.00 270.67 99.65 0.60
0.00 10348.48
219.60 -49.36 -9999.00 -9999.00 -9999.00 268.67 92.09 0.70
0.00 10747.71
205.60 -49.06 -9999.00 -9999.00 -9999.00 267.35 88.29 0.70
0.00 11179.53
191.70 -48.86 -9999.00 -9999.00 -9999.00 269.21 84.30 0.60
0.00 11638.90
177.70 -48.86 -9999.00 -9999.00 -9999.00 276.26 76.61 0.40
0.00 12136.78
163.80 -49.66 -9999.00 -9999.00 -9999.00 285.30 66.26 0.20
0.00 12670.57
149.80 -50.56 -9999.00 -9999.00 -9999.00 285.53 55.85 0.10
0.00 13253.88
135.90 -50.86 -9999.00 -9999.00 -9999.00 281.58 48.39 0.00
0.00 13887.94
121.90 -51.36 -9999.00 -9999.00 -9999.00 277.02 41.30 -0.10
0.00 14594.55
108.00 -50.36 -9999.00 -9999.00 -9999.00 274.06 38.36 -0.10
0.00 15382.32
94.00 -50.96 -9999.00 -9999.00 -9999.00 285.26 31.00 0.00
0.00 16286.50
81.00 -51.86 -9999.00 -9999.00 -9999.00 274.04 33.10 0.10
0.00 17252.61
70.60 -49.86 -9999.00 -9999.00 -9999.00 281.61 28.96 0.00
0.00 18146.76
62.20 -51.06 -9999.00 -9999.00 -9999.00 298.47 13.03 0.00
0.00 18972.48
54.30 -52.46 -9999.00 -9999.00 -9999.00 278.22 17.66 0.00
0.00 19852.72
46.90 -51.16 -9999.00 -9999.00 -9999.00 286.26 14.57 0.00
0.00 20801.92
40.10 -51.46 -9999.00 -9999.00 -9999.00 265.60 7.60 0.00
0.00 21819.08
33.80 -51.46 -9999.00 -9999.00 -9999.00 323.13 2.91 0.00
0.00 22928.19
27.80 -52.06 -9999.00 -9999.00 -9999.00 146.31 0.70 0.00
0.00 24194.62
22.30 -51.76 -9999.00 -9999.00 -9999.00 60.02 5.83 0.00
0.00 25622.25
17.10 -52.06 -9999.00 -9999.00 -9999.00 36.47 5.56 0.00
0.00 27341.68
12.30 -55.06 -9999.00 -9999.00 -9999.00 40.31 8.41 0.00
0.00 29459.47

STID = PAJN STNM = 703810 TIME = 221026/2300 
SLAT = 58.37 SLON = -134.58 SELV = 367.0
STIM = 11

SHOW = 3.06 LIFT = 3.09 SWET = 230.38 KINX = 26.51
LCLP = 922.98 PWAT = 13.76 TOTL = 52.76 CAPE = 0.14
LCLT = 277.23 CINS = 0.00 EQLV = 855.71 LFCT = 884.53
BRCH = 0.00

PRES TMPC TMWC DWPC THTE DRCT SKNT OMEG
CFRL HGHT
928.40 4.54 4.38 4.16 299.39 233.84 6.25 -0.70
0.00 375.78
925.60 4.44 4.42 4.34 299.78 211.89 10.30 -1.70
0.00 400.41
920.60 4.34 4.29 4.19 300.06 205.87 14.24 -2.60
100.00 444.57
911.80 3.84 3.81 3.72 299.99 207.12 17.89 -3.70
100.00 522.77
899.00 3.14 3.11 3.02 299.93 211.50 21.19 -4.80
100.00 637.63
882.60 2.14 2.11 2.03 299.69 215.70 24.63 -6.00
100.00 786.72
863.10 1.04 1.01 0.92 299.64 219.97 26.61 -6.90
100.00 966.93
842.00 -0.06 -0.09 -0.17 299.87 224.42 27.19 -7.40
100.00 1165.73
819.20 -1.36 -1.39 -1.48 299.98 229.83 27.70 -7.60
100.00 1385.23
793.80 -2.86 -2.91 -3.02 300.10 235.01 28.46 -7.60
100.00 1635.73
766.00 -4.46 -4.50 -4.61 300.51 239.74 29.68 -7.30
100.00 1917.57
735.70 -6.36 -6.40 -6.50 300.86 242.46 30.67 -6.70
100.00 2234.53
702.90 -8.96 -9.01 -9.13 300.50 243.27 31.10 -5.80
100.00 2589.60
667.60 -11.96 -11.99 -12.10 300.16 241.25 31.90 -4.90
100.00 2986.39
629.70 -14.96 -15.07 -15.39 300.45 236.02 31.62 -4.20
100.00 3431.22
589.10 -18.16 -18.38 -19.10 301.23 231.29 33.86 -3.90
100.00 3932.30
546.30 -21.76 -21.98 -22.85 302.47 228.30 42.93 -3.70
100.00 4491.74
504.40 -25.66 -25.89 -27.06 303.74 233.27 46.78 -3.30
100.00 5074.73
466.50 -29.36 -29.58 -31.01 305.28 246.35 51.32 -2.70
100.00 5636.62
432.20 -32.86 -33.06 -34.65 307.04 248.66 66.72 -2.20
100.00 6177.87
401.00 -36.76 -36.81 -37.27 308.32 244.61 76.55 -1.70
30.00 6700.74
372.60 -39.56 -39.85 -43.89 310.50 246.78 78.85 -1.20
0.00 7206.09
346.70 -40.76 -41.41 -58.72 314.70 254.84 86.13 -0.80
0.00 7697.48
323.20 -42.26 -42.93 -69.60 318.87 261.08 95.16 -0.50
0.00 8173.40
301.80 -44.06 -44.60 -62.04 322.73 263.85 101.59 -0.10
0.00 8634.60
282.40 -45.46 -45.98 -65.58 326.86 265.72 106.74 0.20
0.00 9078.77
264.80 -46.86 -47.33 -66.06 330.88 267.33 108.31 0.30
0.00 9506.34
248.40 -48.06 -48.52 -71.43 335.14 267.32 103.85 0.50
0.00 9928.71
233.40 -48.66 -49.12 -71.85 340.25 266.11 94.42 0.60
0.00 10338.55
219.60 -48.36 -9999.00 -9999.00 -9999.00 263.80 86.36 0.60
0.00 10739.31
205.60 -47.96 -9999.00 -9999.00 -9999.00 263.66 82.67 0.50
0.00 11173.15
191.70 -48.46 -9999.00 -9999.00 -9999.00 267.05 79.35 0.40
0.00 11634.05
177.70 -49.16 -9999.00 -9999.00 -9999.00 273.01 73.91 0.30
0.00 12132.04
163.80 -49.66 -9999.00 -9999.00 -9999.00 279.86 64.67 0.20
0.00 12665.48
149.80 -49.66 -9999.00 -9999.00 -9999.00 280.77 52.99 0.10
0.00 13249.96
135.90 -49.76 -9999.00 -9999.00 -9999.00 275.93 45.10 0.00
0.00 13886.87
121.90 -50.56 -9999.00 -9999.00 -9999.00 275.29 42.13 -0.10
0.00 14596.50
108.00 -50.96 -9999.00 -9999.00 -9999.00 272.07 37.70 -0.10
0.00 15384.63
94.00 -51.06 -9999.00 -9999.00 -9999.00 284.69 32.93 0.00
0.00 16287.39
81.00 -50.96 -9999.00 -9999.00 -9999.00 277.43 31.55 0.10
0.00 17255.24
70.60 -49.36 -9999.00 -9999.00 -9999.00 279.46 27.18 0.00
0.00 18152.20
62.20 -50.46 -9999.00 -9999.00 -9999.00 297.76 16.69 0.00
0.00 18979.97
54.30 -52.06 -9999.00 -9999.00 -9999.00 277.21 17.04 0.00
0.00 19862.19
46.90 -50.76 -9999.00 -9999.00 -9999.00 293.10 14.36 0.00
0.00 20813.11
40.10 -51.16 -9999.00 -9999.00 -9999.00 261.87 6.88 0.00
0.00 21831.88
33.80 -51.86 -9999.00 -9999.00 -9999.00 272.73 4.08 0.00
0.00 22940.73
27.80 -53.36 -9999.00 -9999.00 -9999.00 209.36 3.57 0.00
0.00 24202.30
22.30 -53.26 -9999.00 -9999.00 -9999.00 99.46 4.72 0.00
0.00 25620.90
17.10 -53.26 -9999.00 -9999.00 -9999.00 63.43 9.13 0.00
0.00 27329.84
12.30 -55.56 -9999.00 -9999.00 -9999.00 70.46 12.78 0.00
0.00 29439.43

STID = PAJN STNM = 703810 TIME = 221027/0000 
SLAT = 58.37 SLON = -134.58 SELV = 367.0
STIM = 12

SHOW = 3.34 LIFT = 3.41 SWET = 234.43 KINX = 25.94
LCLP = 923.51 PWAT = 13.24 TOTL = 52.66 CAPE = 0.01
LCLT = 276.95 CINS = 0.00 EQLV = 869.94 LFCT = 898.02
BRCH = 0.00

PRES TMPC TMWC DWPC THTE DRCT SKNT OMEG
CFRL HGHT
927.50 4.14 4.03 3.86 298.73 243.43 6.51 -0.80
0.00 376.65
924.80 4.14 4.12 4.05 299.23 217.97 10.10 -1.80
0.00 400.39
919.70 3.94 3.89 3.79 299.30 209.05 14.01 -2.60
100.00 445.41
911.00 3.34 3.30 3.21 299.00 210.21 17.75 -3.60
100.00 522.67
898.10 2.34 2.32 2.25 298.38 214.56 21.23 -4.70
100.00 638.24
881.80 1.34 1.31 1.22 298.12 218.03 24.90 -5.90
100.00 786.11
862.30 0.54 0.49 0.37 298.67 220.69 27.41 -6.90
100.00 966.03
841.20 -0.76 -0.77 -0.83 298.60 222.51 28.46 -7.50
100.00 1164.56
818.50 -2.06 -2.09 -2.19 298.68 226.10 28.57 -7.70
100.00 1382.70
793.20 -3.56 -3.58 -3.66 298.88 231.59 27.53 -7.40
100.00 1631.74
765.40 -5.16 -5.18 -5.26 299.32 236.90 25.97 -7.00
100.00 1913.05
735.10 -6.96 -7.01 -7.13 299.83 239.71 25.43 -6.50
100.00 2229.45
702.40 -9.26 -9.29 -9.38 300.07 238.57 24.59 -6.10
100.00 2583.09
667.10 -11.76 -11.77 -11.84 300.60 233.60 23.89 -5.60
100.00 2980.10
629.20 -14.76 -14.77 -14.82 301.02 230.14 24.55 -5.00
100.00 3425.63
588.80 -18.56 -18.68 -19.10 300.80 228.54 26.69 -4.20
100.00 3924.38
545.90 -22.36 -22.52 -23.17 301.72 228.54 37.84 -3.50
100.00 4484.37
504.20 -26.16 -26.35 -27.33 303.09 237.61 42.79 -2.90
100.00 5063.62
466.30 -30.26 -30.42 -31.53 304.09 246.27 52.62 -2.40
100.00 5624.13
432.00 -34.26 -34.30 -34.66 305.28 244.41 66.12 -2.00
100.00 6163.04
400.90 -37.16 -37.45 -40.84 307.41 243.90 74.63 -1.60
0.00 6682.43
372.50 -39.26 -39.93 -54.86 310.37 246.50 77.95 -1.20
0.00 7187.77
346.60 -40.96 -41.67 -69.11 314.33 252.66 83.43 -0.80
0.00 7679.37
323.20 -42.36 -43.00 -64.59 318.78 257.76 91.63 -0.40
0.00 8153.02
301.80 -43.66 -44.25 -65.09 323.25 259.44 98.60 -0.10
0.00 8614.52
282.40 -44.96 -45.51 -65.58 327.58 260.41 102.64 0.20
0.00 9059.57
264.80 -46.46 -46.96 -66.06 331.46 261.76 103.05 0.40
0.00 9487.98
248.40 -47.36 -47.86 -71.43 336.19 261.93 98.29 0.50
0.00 9911.39
233.40 -47.46 -47.99 -71.85 342.07 260.16 90.89 0.60
0.00 10322.96
219.60 -47.26 -9999.00 -9999.00 -9999.00 258.11 86.75 0.60
0.00 10725.77
205.60 -47.46 -9999.00 -9999.00 -9999.00 259.48 85.16 0.50
0.00 11161.15
191.70 -48.16 -9999.00 -9999.00 -9999.00 264.92 81.12 0.40
0.00 11622.87
177.70 -48.86 -9999.00 -9999.00 -9999.00 271.52 73.45 0.30
0.00 12121.53
163.80 -49.76 -9999.00 -9999.00 -9999.00 276.62 62.37 0.10
0.00 12655.20
149.80 -49.86 -9999.00 -9999.00 -9999.00 274.60 50.85 0.00
0.00 13239.29
135.90 -49.16 -9999.00 -9999.00 -9999.00 270.77 43.12 -0.10
0.00 13876.78
121.90 -50.06 -9999.00 -9999.00 -9999.00 272.96 41.43 -0.10
0.00 14588.16
108.00 -51.16 -9999.00 -9999.00 -9999.00 274.33 38.58 -0.10
0.00 15376.81
94.00 -50.16 -9999.00 -9999.00 -9999.00 281.70 33.53 0.00
0.00 16281.00
81.00 -50.26 -9999.00 -9999.00 -9999.00 276.12 27.35 0.00
0.00 17252.33
70.60 -48.46 -9999.00 -9999.00 -9999.00 279.54 23.45 0.00
0.00 18152.51
62.20 -50.16 -9999.00 -9999.00 -9999.00 295.59 15.29 0.00
0.00 18982.50
54.30 -51.16 -9999.00 -9999.00 -9999.00 277.93 15.50 0.00
0.00 19867.12
46.90 -50.46 -9999.00 -9999.00 -9999.00 298.47 13.03 0.00
0.00 20820.61
40.10 -51.06 -9999.00 -9999.00 -9999.00 263.16 4.90 0.00
0.00 21840.29
33.80 -52.26 -9999.00 -9999.00 -9999.00 287.88 6.33 0.00
0.00 22948.39
27.80 -52.86 -9999.00 -9999.00 -9999.00 290.85 4.37 0.00
0.00 24210.25
22.30 -53.16 -9999.00 -9999.00 -9999.00 67.38 2.53 0.00
0.00 25630.78
17.10 -53.96 -9999.00 -9999.00 -9999.00 75.70 10.22 0.00
0.00 27337.39
12.30 -55.46 -9999.00 -9999.00 -9999.00 77.74 9.15 0.00
0.00 29444.09

STID = PAJN STNM = 703810 TIME = 221027/0100 
SLAT = 58.37 SLON = -134.58 SELV = 367.0
STIM = 13

SHOW = 2.89 LIFT = 3.04 SWET = 176.32 KINX = 26.22
LCLP = 924.67 PWAT = 12.62 TOTL = 53.77 CAPE = 0.00
LCLT = 276.57 CINS = 0.00 EQLV = 871.58 LFCT = 896.80
BRCH = 0.00

PRES TMPC TMWC DWPC THTE DRCT SKNT OMEG
CFRL HGHT
926.10 3.54 3.52 3.44 297.80 256.50 9.98 -1.10
0.00 375.77
923.30 3.64 3.59 3.48 298.25 244.26 12.08 -2.60
100.00 400.38
918.20 3.44 3.40 3.29 298.40 236.31 14.01 -3.50
100.00 445.38
909.50 2.84 2.81 2.73 298.14 234.38 16.01 -4.40
100.00 522.62
896.70 1.94 1.91 1.83 297.69 234.61 18.10 -5.30
100.00 637.28
880.40 0.94 0.93 0.87 297.52 234.59 19.77 -6.30
100.00 785.16
861.00 0.14 0.10 -0.01 298.03 234.96 20.65 -7.00
100.00 964.16
839.90 -1.06 -1.09 -1.18 298.12 234.83 20.90 -7.40
100.00 1162.72
817.20 -2.36 -2.41 -2.52 298.24 238.17 19.89 -7.40
100.00 1380.95
792.00 -3.86 -3.89 -3.98 298.45 245.66 17.91 -7.10
100.00 1629.10
764.30 -5.46 -5.50 -5.60 298.87 252.47 15.48 -6.40
100.00 1909.48
734.10 -7.36 -7.39 -7.49 299.26 253.71 13.15 -5.70
100.00 2224.85
701.40 -9.76 -9.79 -9.88 299.33 244.57 13.11 -5.10
100.00 2578.36
666.30 -12.46 -12.50 -12.63 299.49 224.58 18.82 -4.80
100.00 2972.71
628.50 -15.36 -15.42 -15.61 300.06 220.12 27.43 -4.60
100.00 3416.44
588.10 -18.86 -19.01 -19.53 300.40 223.51 31.60 -4.00
100.00 3914.86
545.40 -22.86 -23.06 -23.92 300.98 224.78 35.02 -3.30
100.00 4471.92
503.80 -26.96 -27.14 -28.17 301.99 231.47 38.99 -2.60
100.00 5048.74
466.00 -31.86 -32.00 -33.05 301.88 243.78 43.08 -2.00
100.00 5605.41
431.80 -35.86 -36.06 -38.18 302.81 250.07 56.41 -1.70
44.00 6139.44
400.80 -37.36 -38.10 -52.96 306.45 246.38 69.33 -1.50
0.00 6655.33
372.40 -39.16 -9999.00 -9999.00 -9999.00 244.58 74.20 -1.20
0.00 7160.66
346.60 -41.06 -41.74 -64.07 314.23 247.59 77.95 -1.00
0.00 7650.42
323.10 -42.46 -43.07 -61.52 318.71 251.03 85.45 -0.70
0.00 8125.96
301.80 -43.56 -44.16 -65.09 323.39 253.86 93.63 -0.30
0.00 8585.38
282.40 -44.76 -45.32 -65.58 327.86 256.46 97.11 0.00
0.00 9030.73
264.80 -45.86 -46.39 -66.06 332.34 257.38 95.14 0.30
0.00 9459.89
248.40 -46.66 -47.20 -71.43 337.23 256.56 91.06 0.50
0.00 9884.51
233.40 -46.86 -47.42 -71.85 342.98 255.23 88.38 0.60
0.00 10297.27
219.60 -46.86 -47.46 -72.27 349.01 254.59 88.46 0.70
0.00 10700.97
205.60 -47.16 -9999.00 -9999.00 -9999.00 258.24 87.70 0.60
0.00 11137.03
191.70 -47.66 -9999.00 -9999.00 -9999.00 265.07 81.31 0.50
0.00 11599.57
177.70 -48.36 -9999.00 -9999.00 -9999.00 271.09 71.50 0.40
0.00 12099.34
163.80 -48.76 -9999.00 -9999.00 -9999.00 273.32 60.31 0.30
0.00 12634.80
149.80 -49.06 -9999.00 -9999.00 -9999.00 269.55 49.34 0.10
0.00 13221.24
135.90 -49.36 -9999.00 -9999.00 -9999.00 265.11 45.63 -0.10
0.00 13859.58
121.90 -49.66 -9999.00 -9999.00 -9999.00 266.93 43.57 -0.20
0.00 14571.28
108.00 -50.36 -9999.00 -9999.00 -9999.00 274.82 34.69 -0.20
0.00 15362.06
94.00 -51.06 -9999.00 -9999.00 -9999.00 277.21 32.50 0.00
0.00 16266.05
81.00 -50.46 -9999.00 -9999.00 -9999.00 277.24 23.10 0.00
0.00 17234.98
70.60 -49.46 -9999.00 -9999.00 -9999.00 278.13 21.97 0.00
0.00 18132.75
62.20 -50.36 -9999.00 -9999.00 -9999.00 292.50 14.72 0.00
0.00 18960.52
54.30 -51.06 -9999.00 -9999.00 -9999.00 278.25 13.54 0.00
0.00 19844.93
46.90 -50.56 -9999.00 -9999.00 -9999.00 309.37 9.79 0.00
0.00 20798.42
40.10 -51.76 -9999.00 -9999.00 -9999.00 300.96 2.27 0.00
0.00 21816.27
33.80 -52.66 -9999.00 -9999.00 -9999.00 316.85 8.53 0.00
0.00 22921.62
27.80 -51.66 -9999.00 -9999.00 -9999.00 342.80 8.55 0.00
0.00 24185.76
22.30 -52.46 -9999.00 -9999.00 -9999.00 32.62 5.77 0.00
0.00 25612.43
17.10 -52.96 -9999.00 -9999.00 -9999.00 79.38 6.33 0.00
0.00 27325.64
12.30 -54.96 -9999.00 -9999.00 -9999.00 43.03 3.98 0.00
0.00 29439.58

STID = PAJN STNM = 703810 TIME = 221027/0200 
SLAT = 58.37 SLON = -134.58 SELV = 367.0
STIM = 14

SHOW = 3.36 LIFT = 3.71 SWET = 152.72 KINX = 25.05
LCLP = 922.97 PWAT = 11.73 TOTL = 53.68 CAPE = 0.00
LCLT = 274.77 CINS = 0.00 EQLV = -9999.00 LFCT = -9999.00
BRCH = 0.00

PRES TMPC TMWC DWPC THTE DRCT SKNT OMEG
CFRL HGHT
924.40 1.74 1.72 1.64 294.30 286.70 6.08 -0.60
92.00 375.72
921.70 1.74 1.70 1.60 294.55 295.94 7.98 -1.40
100.00 399.33
916.60 1.54 1.50 1.40 294.70 302.01 9.17 -1.80
100.00 444.08
907.90 1.14 1.12 1.03 294.86 307.30 10.26 -2.20
100.00 520.92
895.20 0.64 0.60 0.49 295.22 309.94 10.90 -2.50
100.00 634.23
878.90 -0.06 -0.10 -0.20 295.64 310.06 11.17 -2.70
100.00 781.70
859.50 -1.06 -1.09 -1.19 295.88 307.50 10.53 -2.80
100.00 960.25
838.50 -2.26 -2.28 -2.35 296.00 302.13 9.87 -2.90
100.00 1157.30
815.90 -3.46 -3.50 -3.62 296.32 293.36 9.30 -3.00
100.00 1373.96
790.70 -4.86 -4.89 -4.99 296.75 277.59 8.82 -3.20
100.00 1621.50
763.10 -6.46 -6.50 -6.61 297.20 259.46 8.49 -3.20
100.00 1900.23
733.00 -8.26 -8.28 -8.37 297.83 234.78 8.08 -3.20
100.00 2213.88
700.40 -10.16 -10.19 -10.29 298.77 215.68 9.32 -3.00
100.00 2565.93
665.40 -12.36 -12.45 -12.70 299.69 198.19 14.32 -2.70
100.00 2959.47
627.80 -15.06 -15.21 -15.63 300.50 203.20 25.16 -2.40
100.00 3401.73
587.50 -18.76 -18.98 -19.71 300.54 214.05 34.69 -2.10
100.00 3899.84
544.90 -23.16 -23.43 -24.61 300.51 225.58 40.79 -1.70
100.00 4455.90
503.40 -28.06 -28.27 -29.55 300.42 233.76 38.77 -1.40
100.00 5030.18
465.70 -33.06 -33.19 -34.34 300.23 242.65 38.05 -1.10
100.00 5583.13
431.60 -36.86 -37.13 -40.50 301.34 247.07 49.36 -1.00
0.00 6113.42
400.60 -38.06 -38.81 -57.57 305.47 245.02 63.01 -0.90
0.00 6627.69
372.20 -39.56 -40.32 -68.60 309.85 241.63 69.09 -0.90
0.00 7132.09
346.50 -41.16 -41.83 -64.07 314.12 241.90 74.65 -0.90
0.00 7619.63
323.00 -42.26 -42.90 -64.59 318.97 245.68 82.07 -0.90
0.00 8095.42
301.70 -43.46 -44.07 -65.10 323.56 249.83 85.06 -0.70
0.00 8555.28
282.40 -44.36 -44.95 -65.58 328.44 252.60 85.08 -0.50
0.00 8998.89
264.80 -44.86 -45.45 -66.06 333.80 252.37 83.37 -0.20
0.00 9429.37
248.40 -45.16 -45.80 -71.43 339.46 251.44 82.38 0.10
0.00 9856.33
233.40 -45.66 -46.30 -71.85 344.80 252.20 83.24 0.30
0.00 10271.55
219.60 -46.26 -46.90 -72.27 349.93 254.56 84.63 0.40
0.00 10676.85
205.60 -47.06 -9999.00 -9999.00 -9999.00 259.37 83.20 0.50
0.00 11113.59
191.70 -47.66 -9999.00 -9999.00 -9999.00 264.99 75.66 0.50
0.00 11576.24
177.70 -47.96 -9999.00 -9999.00 -9999.00 269.15 65.66 0.40
0.00 12076.44
163.80 -47.66 -9999.00 -9999.00 -9999.00 270.40 56.33 0.30
0.00 12613.69
149.80 -47.46 -9999.00 -9999.00 -9999.00 269.11 50.12 0.10
0.00 13203.67
135.90 -48.06 -9999.00 -9999.00 -9999.00 268.03 45.28 -0.10
0.00 13846.14
121.90 -49.26 -9999.00 -9999.00 -9999.00 267.50 40.05 -0.20
0.00 14560.54
108.00 -49.56 -9999.00 -9999.00 -9999.00 269.69 35.74 0.00
0.00 15353.45
94.00 -50.06 -9999.00 -9999.00 -9999.00 273.98 30.77 0.10
0.00 16261.09
81.00 -49.46 -9999.00 -9999.00 -9999.00 273.84 26.09 0.10
0.00 17234.38
70.60 -49.26 -9999.00 -9999.00 -9999.00 279.37 20.28 0.00
0.00 18134.57
62.20 -50.26 -9999.00 -9999.00 -9999.00 281.80 13.29 0.00
0.00 18962.89
54.30 -51.26 -9999.00 -9999.00 -9999.00 268.36 13.60 0.00
0.00 19847.10
46.90 -50.76 -9999.00 -9999.00 -9999.00 302.47 7.60 0.00
0.00 20799.74
40.10 -51.76 -9999.00 -9999.00 -9999.00 329.04 2.27 0.00
0.00 21817.13
33.80 -52.06 -9999.00 -9999.00 -9999.00 330.95 8.00 0.00
0.00 22923.98
27.80 -50.76 -9999.00 -9999.00 -9999.00 30.58 9.93 0.00
0.00 24192.41
22.30 -52.46 -9999.00 -9999.00 -9999.00 53.88 8.90 0.00
0.00 25621.98
17.10 -51.96 -9999.00 -9999.00 -9999.00 86.53 6.43 0.00
0.00 27339.08
12.30 -54.96 -9999.00 -9999.00 -9999.00 37.30 5.13 0.00
0.00 29457.84

STID = PAJN STNM = 703810 TIME = 221027/0300 
SLAT = 58.37 SLON = -134.58 SELV = 367.0
STIM = 15

SHOW = 4.70 LIFT = 4.92 SWET = 116.34 KINX = 22.48
LCLP = 923.41 PWAT = 10.95 TOTL = 51.51 CAPE = 0.00
LCLT = 273.98 CINS = 0.00 EQLV = -9999.00 LFCT = -9999.00
BRCH = 0.00

PRES TMPC TMWC DWPC THTE DRCT SKNT OMEG
CFRL HGHT
924.70 0.94 0.93 0.85 292.71 284.04 0.80 0.00
98.00 375.70
921.90 1.04 1.00 0.90 293.16 342.35 4.49 -0.40
100.00 400.10
916.90 0.94 0.90 0.79 293.48 344.88 7.44 -0.60
100.00 443.85
908.20 0.64 0.60 0.50 293.83 346.83 9.38 -0.60
100.00 520.50
895.50 0.14 0.10 -0.01 294.21 351.42 10.41 -0.50
95.00 633.56
879.20 -0.76 -0.85 -1.02 294.16 351.03 11.21 -0.20
81.00 780.64
859.80 -1.76 -1.95 -2.26 294.23 338.04 13.00 -0.10
74.00 958.63
838.80 -2.76 -3.04 -3.51 294.54 324.46 15.03 -0.10
71.00 1155.14
816.20 -3.96 -4.27 -4.81 294.88 314.53 16.90 -0.10
73.00 1371.28
791.00 -5.36 -5.68 -6.27 295.29 304.35 18.59 -0.40
75.00 1618.23
763.40 -6.86 -7.19 -7.84 295.94 294.02 19.56 -0.90
77.00 1896.33
733.30 -8.76 -9.03 -9.61 296.49 282.29 20.09 -1.70
78.00 2209.27
700.70 -10.86 -11.08 -11.61 297.21 267.73 19.64 -2.60
86.00 2560.32
665.60 -13.16 -13.38 -13.95 298.13 239.37 17.15 -3.50
100.00 2953.65
627.90 -15.86 -16.06 -16.66 299.11 204.89 20.77 -4.10
100.00 3395.57
587.70 -19.06 -19.30 -20.14 300.01 196.39 27.54 -4.10
100.00 3891.22
545.10 -23.16 -23.43 -24.61 300.48 206.71 33.28 -3.50
100.00 4446.75
503.50 -27.86 -28.12 -29.71 300.62 219.43 38.23 -2.80
100.00 5022.48
465.70 -32.66 -32.88 -34.80 300.67 230.09 40.27 -2.00
100.00 5577.52
431.60 -37.76 -37.89 -39.45 300.29 238.74 38.17 -1.40
0.00 6107.26
400.60 -41.66 -41.82 -44.65 301.30 240.95 42.00 -0.90
0.00 6616.64
372.30 -42.16 -42.70 -60.42 306.46 237.59 57.98 -0.70
0.00 7112.57
346.50 -42.16 -42.77 -64.07 312.77 238.61 72.36 -0.60
0.00 7598.17
323.00 -42.76 -43.37 -64.59 318.28 242.61 78.11 -0.50
0.00 8072.41
301.70 -43.06 -43.69 -65.10 324.12 246.61 78.30 -0.30
0.00 8532.18
282.40 -42.76 -43.48 -70.54 330.69 249.73 76.83 -0.20
0.00 8977.72
264.80 -42.66 -43.44 -70.99 336.97 249.83 74.92 -0.20
0.00 9411.78
248.40 -43.26 -44.04 -71.43 342.29 249.74 75.16 -0.10
0.00 9842.57
233.40 -44.36 -45.09 -71.85 346.77 252.73 75.27 -0.10
0.00 10260.71
219.60 -45.46 -46.15 -72.27 351.17 256.63 73.08 -0.10
0.00 10667.88
205.60 -46.66 -9999.00 -9999.00 -9999.00 260.33 69.37 0.00
0.00 11105.77
191.70 -47.46 -9999.00 -9999.00 -9999.00 264.22 63.66 0.10
0.00 11569.04
177.70 -47.96 -9999.00 -9999.00 -9999.00 268.00 55.79 0.10
0.00 12069.47
163.80 -48.26 -9999.00 -9999.00 -9999.00 267.20 47.65 0.10
0.00 12606.00
149.80 -47.96 -9999.00 -9999.00 -9999.00 263.79 48.47 0.10
0.00 13194.54
135.90 -47.56 -9999.00 -9999.00 -9999.00 267.32 49.79 0.00
0.00 13837.01
121.90 -47.46 -9999.00 -9999.00 -9999.00 270.00 40.60 0.00
0.00 14555.08
108.00 -48.36 -9999.00 -9999.00 -9999.00 263.66 31.66 -0.10
0.00 15353.30
94.00 -49.16 -9999.00 -9999.00 -9999.00 268.95 31.66 0.00
0.00 16265.21
81.00 -48.96 -9999.00 -9999.00 -9999.00 275.92 26.36 0.00
0.00 17241.55
70.60 -49.66 -9999.00 -9999.00 -9999.00 283.42 17.58 0.00
0.00 18141.93
62.20 -50.56 -9999.00 -9999.00 -9999.00 273.53 15.77 0.00
0.00 18968.96
54.30 -50.56 -9999.00 -9999.00 -9999.00 265.00 15.60 0.00
0.00 19853.96
46.90 -50.26 -9999.00 -9999.00 -9999.00 282.91 9.56 0.00
0.00 20809.17
40.10 -51.16 -9999.00 -9999.00 -9999.00 252.65 3.26 0.00
0.00 21829.09
33.80 -51.76 -9999.00 -9999.00 -9999.00 326.31 4.20 0.00
0.00 22938.19
27.80 -51.86 -9999.00 -9999.00 -9999.00 50.48 10.08 0.00
0.00 24204.33
22.30 -51.96 -9999.00 -9999.00 -9999.00 44.09 8.66 0.00
0.00 25631.96
17.10 -51.16 -9999.00 -9999.00 -9999.00 68.20 4.18 0.00
0.00 27354.12
12.30 -54.86 -9999.00 -9999.00 -9999.00 7.50 7.44 0.00
0.00 29477.21

STID = PAJN STNM = 703810 TIME = 221027/0400 
SLAT = 58.37 SLON = -134.58 SELV = 367.0
STIM = 16

SHOW = 3.74 LIFT = 4.23 SWET = 132.24 KINX = 22.81
LCLP = 917.91 PWAT = 10.37 TOTL = 53.18 CAPE = 0.00
LCLT = 273.32 CINS = 0.00 EQLV = -9999.00 LFCT = -9999.00
BRCH = 0.00

PRES TMPC TMWC DWPC THTE DRCT SKNT OMEG
CFRL HGHT
923.50 0.64 0.49 0.25 292.01 136.97 3.98 0.90
48.00 375.70
920.80 0.74 0.58 0.31 292.45 90.00 3.30 0.90
59.00 399.22
915.70 0.74 0.55 0.26 292.94 46.74 4.53 0.90
64.00 443.87
907.00 0.54 0.27 -0.13 293.32 31.50 7.07 0.70
55.00 520.57
894.30 0.04 -0.18 -0.52 293.81 26.57 9.13 0.60
45.00 633.72
878.10 -0.46 -0.90 -1.55 294.19 18.43 9.83 0.60
31.00 780.13
858.70 -1.36 -1.82 -2.53 294.58 1.12 9.91 0.60
24.00 958.57
837.80 -2.36 -2.85 -3.64 295.00 341.90 10.63 0.50
21.00 1154.67
815.20 -3.66 -4.08 -4.79 295.34 321.75 12.86 0.40
23.00 1371.35
790.10 -5.06 -5.47 -6.20 295.77 306.61 16.94 0.10
25.00 1617.88
762.50 -6.76 -7.17 -7.95 296.09 296.33 21.46 -0.20
27.00 1896.51
732.50 -8.86 -9.27 -10.14 296.18 287.86 24.69 -0.50
28.00 2208.76
699.90 -11.26 -11.67 -12.66 296.34 277.18 26.44 -1.00
36.00 2559.84
664.90 -13.86 -14.28 -15.41 296.77 262.43 28.03 -1.60
60.00 2951.60
627.40 -16.76 -17.14 -18.36 297.47 249.44 28.21 -2.40
77.00 3390.17
587.20 -20.16 -20.52 -21.93 298.20 233.30 25.68 -2.90
100.00 3884.22
544.70 -24.06 -24.41 -26.09 299.08 214.05 26.03 -3.20
100.00 4436.63
503.20 -28.56 -28.85 -30.74 299.62 210.96 28.32 -3.00
100.00 5009.47
465.50 -33.56 -33.78 -35.79 299.45 217.22 31.47 -2.40
100.00 5561.49
431.50 -38.46 -38.56 -39.79 299.39 213.10 31.29 -1.70
74.00 6088.07
400.50 -41.36 -41.61 -46.31 301.61 215.36 36.93 -1.20
0.00 6597.13
372.20 -42.06 -42.63 -63.53 306.57 224.70 51.92 -1.00
0.00 7093.61
346.40 -43.16 -43.70 -64.07 311.44 233.24 61.34 -0.80
0.00 7578.39
323.00 -43.76 -44.31 -64.59 316.90 238.38 67.06 -0.50
0.00 8048.64
301.70 -43.66 -44.25 -65.10 323.28 242.20 68.73 -0.20
0.00 8506.81
282.40 -42.86 -43.57 -70.54 330.55 246.09 69.48 -0.10
0.00 8951.67
264.80 -42.36 -43.16 -70.99 337.41 247.49 70.03 0.00
0.00 9385.92
248.40 -42.66 -43.48 -71.43 343.19 247.91 72.32 0.10
0.00 9817.55
233.40 -43.66 -44.45 -71.85 347.83 251.61 73.29 0.10
0.00 10236.88
219.60 -44.56 -45.32 -72.27 352.55 256.93 69.60 0.10
0.00 10645.48
205.70 -45.36 -9999.00 -9999.00 -9999.00 261.58 65.00 0.20
0.00 11082.25
191.70 -46.06 -9999.00 -9999.00 -9999.00 265.24 60.82 0.20
0.00 11551.51
177.70 -46.56 -9999.00 -9999.00 -9999.00 267.53 54.06 0.10
0.00 12055.05
163.80 -46.96 -9999.00 -9999.00 -9999.00 267.29 45.12 0.10
0.00 12594.80
149.80 -47.76 -9999.00 -9999.00 -9999.00 262.13 42.56 0.00
0.00 13185.30
135.90 -48.46 -9999.00 -9999.00 -9999.00 263.26 46.35 0.10
0.00 13826.78
121.90 -47.96 -9999.00 -9999.00 -9999.00 264.87 45.63 0.10
0.00 14542.62
108.00 -46.66 -9999.00 -9999.00 -9999.00 264.20 36.52 0.00
0.00 15342.96
94.00 -48.66 -9999.00 -9999.00 -9999.00 262.35 26.26 -0.10
0.00 16259.34
81.00 -49.96 -9999.00 -9999.00 -9999.00 266.79 24.32 0.00
0.00 17234.59
70.60 -49.96 -9999.00 -9999.00 -9999.00 282.60 16.92 0.00
0.00 18132.36
62.20 -50.16 -9999.00 -9999.00 -9999.00 268.67 16.71 0.00
0.00 18959.57
54.30 -50.16 -9999.00 -9999.00 -9999.00 269.23 14.37 0.00
0.00 19846.17
46.90 -51.26 -9999.00 -9999.00 -9999.00 273.18 10.51 0.00
0.00 20800.09
40.10 -51.26 -9999.00 -9999.00 -9999.00 244.89 6.86 0.00
0.00 21817.49
33.80 -50.76 -9999.00 -9999.00 -9999.00 352.23 4.31 0.00
0.00 22928.84
27.80 -52.66 -9999.00 -9999.00 -9999.00 70.25 8.04 0.00
0.00 24195.55
22.30 -52.46 -9999.00 -9999.00 -9999.00 75.96 8.82 0.00
0.00 25618.99
17.10 -53.16 -9999.00 -9999.00 -9999.00 62.65 6.33 0.00
0.00 27331.43
12.30 -54.96 -9999.00 -9999.00 -9999.00 42.61 13.19 0.00
0.00 29444.40

STID = PAJN STNM = 703810 TIME = 221027/0500 
SLAT = 58.37 SLON = -134.58 SELV = 367.0
STIM = 17

SHOW = 2.92 LIFT = 3.53 SWET = 174.98 KINX = 24.87
LCLP = 922.85 PWAT = 10.38 TOTL = 55.29 CAPE = 0.00
LCLT = 273.29 CINS = 0.00 EQLV = -9999.00 LFCT = -9999.00
BRCH = 0.00

PRES TMPC TMWC DWPC THTE DRCT SKNT OMEG
CFRL HGHT
924.00 0.24 0.23 0.16 291.46 251.57 8.61 -1.10
100.00 375.68
921.30 0.24 0.21 0.12 291.70 244.92 10.08 -2.20
100.00 399.16
916.20 0.14 0.11 0.01 292.03 242.97 10.68 -2.80
100.00 443.68
907.60 -0.16 -0.21 -0.32 292.34 243.90 10.61 -3.20
100.00 519.28
894.80 -0.76 -0.78 -0.85 292.62 251.20 9.63 -3.40
100.00 632.93
878.60 -1.36 -1.38 -1.47 293.22 258.93 9.11 -3.50
100.00 778.79
859.20 -2.16 -2.18 -2.27 293.85 264.17 9.58 -3.70
100.00 956.58
838.20 -3.16 -3.18 -3.26 294.35 266.93 10.90 -4.00
100.00 1152.94
815.60 -4.36 -4.37 -4.43 294.77 269.19 13.79 -4.60
100.00 1368.93
790.40 -5.76 -5.78 -5.85 295.19 273.11 17.89 -5.30
100.00 1615.70
762.80 -7.36 -7.40 -7.53 295.64 279.15 23.21 -5.90
100.00 1893.57
732.80 -9.46 -9.50 -9.62 295.76 286.62 27.16 -6.00
100.00 2205.00
700.20 -12.06 -12.09 -12.19 295.62 294.04 27.66 -5.30
100.00 2555.01
665.20 -14.86 -14.89 -14.99 295.76 299.58 24.79 -3.90
100.00 2945.27
627.60 -18.06 -18.22 -18.77 295.78 305.67 20.32 -2.60
100.00 3382.88
587.40 -21.56 -21.75 -22.55 296.34 267.56 18.28 -1.90
100.00 3874.14
544.90 -25.06 -25.40 -27.18 297.60 232.82 21.21 -1.40
100.00 4423.69
503.30 -29.86 -30.17 -32.46 297.72 227.20 28.59 -1.30
96.00 4995.04
465.60 -34.96 -35.15 -37.15 297.52 223.57 32.98 -1.40
100.00 5543.84
431.60 -39.16 -39.27 -40.87 298.37 216.33 32.79 -1.50
24.00 6067.96
400.60 -41.56 -41.90 -49.07 301.18 219.39 37.96 -1.40
0.00 6575.91
372.20 -43.46 -43.92 -60.43 304.76 227.46 41.67 -1.20
0.00 7072.36
346.50 -44.46 -44.95 -69.11 309.62 236.44 48.48 -0.70
0.00 7552.36
323.00 -44.66 -45.15 -64.59 315.66 240.58 55.75 -0.30
0.00 8022.29
301.70 -44.06 -44.65 -70.08 322.67 241.84 59.27 0.00
0.00 8479.16
282.40 -42.96 -43.67 -70.54 330.40 243.76 60.64 0.20
0.00 8923.53
264.80 -42.06 -42.88 -70.99 337.85 244.78 62.92 0.30
0.00 9357.97
248.40 -41.96 -42.84 -71.43 344.23 245.89 67.04 0.30
0.00 9790.54
233.40 -42.66 -43.53 -71.85 349.35 250.13 68.57 0.20
0.00 10211.41
219.60 -43.66 -9999.00 -9999.00 -9999.00 256.09 64.65 0.20
0.00 10621.71
205.70 -44.46 -9999.00 -9999.00 -9999.00 260.38 59.30 0.10
0.00 11060.20
191.70 -44.86 -9999.00 -9999.00 -9999.00 263.42 55.92 0.00
0.00 11531.63
177.70 -45.66 -9999.00 -9999.00 -9999.00 265.65 51.24 0.00
0.00 12037.50
163.80 -46.76 -9999.00 -9999.00 -9999.00 266.47 44.17 -0.10
0.00 12578.56
149.80 -47.56 -9999.00 -9999.00 -9999.00 265.33 40.54 -0.10
0.00 13169.58
135.90 -48.36 -9999.00 -9999.00 -9999.00 265.44 41.51 -0.10
0.00 13811.49
121.90 -48.46 -9999.00 -9999.00 -9999.00 264.40 41.76 -0.10
0.00 14526.69
108.00 -47.56 -9999.00 -9999.00 -9999.00 265.69 38.77 0.00
0.00 15324.56
94.00 -47.76 -9999.00 -9999.00 -9999.00 277.18 26.44 0.00
0.00 16240.93
81.00 -50.36 -9999.00 -9999.00 -9999.00 264.61 20.69 0.00
0.00 17217.28
70.60 -49.66 -9999.00 -9999.00 -9999.00 278.65 18.08 0.00
0.00 18114.84
62.20 -49.96 -9999.00 -9999.00 -9999.00 271.36 16.32 0.00
0.00 18942.98
54.30 -50.06 -9999.00 -9999.00 -9999.00 268.06 11.46 0.00
0.00 19830.17
46.90 -51.06 -9999.00 -9999.00 -9999.00 261.87 9.62 0.00
0.00 20784.74
40.10 -50.56 -9999.00 -9999.00 -9999.00 271.68 6.60 0.00
0.00 21804.20
33.80 -49.66 -9999.00 -9999.00 -9999.00 29.74 6.25 0.00
0.00 22920.05
27.80 -51.96 -9999.00 -9999.00 -9999.00 112.38 7.15 0.00
0.00 24191.91
22.30 -51.66 -9999.00 -9999.00 -9999.00 102.80 4.39 0.00
0.00 25620.19
17.10 -53.66 -9999.00 -9999.00 -9999.00 47.73 8.66 0.00
0.00 27333.79
12.30 -55.66 -9999.00 -9999.00 -9999.00 55.91 15.25 0.00
0.00 29440.98

STID = PAJN STNM = 703810 TIME = 221027/0600 
SLAT = 58.37 SLON = -134.58 SELV = 367.0
STIM = 18

SHOW = 1.26 LIFT = 1.99 SWET = 254.75 KINX = 26.13
LCLP = 922.45 PWAT = 10.12 TOTL = 58.21 CAPE = 0.00
LCLT = 273.71 CINS = 0.00 EQLV = -9999.00 LFCT = -9999.00
BRCH = 0.00

PRES TMPC TMWC DWPC THTE DRCT SKNT OMEG
CFRL HGHT
924.60 0.74 0.70 0.59 292.29 244.00 8.86 -0.90
100.00 375.69
921.90 0.74 0.69 0.58 292.56 231.67 10.64 -2.10
100.00 399.20
916.80 0.54 0.52 0.44 292.76 226.27 12.37 -2.90
100.00 443.77
908.10 0.24 0.19 0.08 293.05 226.70 13.87 -3.80
100.00 520.31
895.40 -0.36 -0.37 -0.44 293.32 234.62 16.43 -4.70
100.00 633.18
879.10 -0.86 -0.88 -0.95 294.12 249.44 18.26 -5.30
100.00 780.11
859.70 -1.56 -1.58 -1.66 294.93 263.42 20.34 -5.40
100.00 958.18
838.70 -2.56 -2.60 -2.70 295.38 271.03 21.56 -5.00
100.00 1154.87
816.10 -3.96 -4.00 -4.11 295.38 276.56 22.09 -4.20
100.00 1371.15
790.90 -5.76 -5.79 -5.89 295.10 280.04 22.30 -3.20
100.00 1617.96
763.30 -7.86 -7.92 -8.08 294.69 280.44 22.51 -2.50
100.00 1895.37
733.20 -10.06 -10.25 -10.71 294.44 279.38 22.65 -2.10
84.00 2206.98
700.70 -12.56 -12.81 -13.45 294.39 280.18 23.10 -1.90
90.00 2554.92
665.60 -15.46 -15.77 -16.71 294.32 277.93 23.93 -1.80
100.00 2945.16
628.00 -18.56 -18.91 -20.19 294.67 267.81 25.47 -1.80
100.00 3381.50
587.70 -22.16 -22.51 -24.12 295.16 255.66 26.67 -2.00
100.00 3872.59
545.10 -26.26 -26.57 -28.38 295.88 243.26 28.07 -2.30
100.00 4421.17
503.50 -30.76 -31.02 -33.10 296.49 230.19 28.83 -2.30
100.00 4989.84
465.80 -35.46 -35.65 -37.74 296.79 223.42 29.95 -2.00
100.00 5536.81
431.70 -40.76 -40.89 -42.98 296.14 219.61 29.25 -1.40
0.00 6059.95
400.70 -44.26 -44.33 -45.72 297.82 213.24 34.38 -0.80
0.00 6563.09
372.30 -44.86 -45.20 -56.36 302.95 224.46 43.82 -0.50
0.00 7055.00
346.50 -45.16 -45.62 -69.11 308.67 237.85 48.17 -0.30
0.00 7534.61
323.10 -44.46 -44.97 -64.59 315.90 243.05 51.86 -0.10
0.00 8001.95
301.70 -43.46 -44.09 -70.08 323.52 244.01 51.86 0.00
0.00 8461.69
282.40 -42.76 -43.48 -70.54 330.69 244.19 52.64 0.00
0.00 8906.84
264.80 -42.06 -42.88 -70.99 337.85 245.94 55.73 0.10
0.00 9341.47
248.40 -41.76 -42.66 -71.43 344.53 248.06 59.27 0.10
0.00 9774.23
233.40 -42.36 -43.26 -71.85 349.80 251.86 60.51 0.10
0.00 10195.56
219.60 -43.36 -9999.00 -9999.00 -9999.00 256.76 57.67 0.10
0.00 10606.39
205.60 -44.26 -9999.00 -9999.00 -9999.00 259.71 53.30 0.10
0.00 11048.62
191.70 -44.56 -9999.00 -9999.00 -9999.00 261.29 51.28 0.00
0.00 11517.31
177.70 -45.06 -9999.00 -9999.00 -9999.00 263.88 49.22 -0.10
0.00 12024.18
163.80 -46.26 -9999.00 -9999.00 -9999.00 266.69 43.78 -0.20
0.00 12566.55
149.80 -47.56 -9999.00 -9999.00 -9999.00 266.28 38.93 -0.20
0.00 13158.23
135.90 -48.56 -9999.00 -9999.00 -9999.00 264.81 38.62 -0.10
0.00 13799.85
121.90 -48.76 -9999.00 -9999.00 -9999.00 262.77 38.58 0.00
0.00 14514.25
108.00 -47.96 -9999.00 -9999.00 -9999.00 258.92 38.40 0.10
0.00 15310.88
94.00 -47.46 -9999.00 -9999.00 -9999.00 270.43 25.84 0.10
0.00 16227.06
81.00 -50.06 -9999.00 -9999.00 -9999.00 258.08 17.87 0.00
0.00 17204.70
70.60 -49.46 -9999.00 -9999.00 -9999.00 270.00 20.78 0.00
0.00 18103.28
62.20 -49.76 -9999.00 -9999.00 -9999.00 260.96 17.31 0.00
0.00 18932.16
54.30 -50.06 -9999.00 -9999.00 -9999.00 260.25 12.61 0.00
0.00 19819.75
46.90 -51.36 -9999.00 -9999.00 -9999.00 261.87 8.24 0.00
0.00 20773.67
40.10 -50.96 -9999.00 -9999.00 -9999.00 280.78 8.31 0.00
0.00 21791.52
33.80 -49.36 -9999.00 -9999.00 -9999.00 75.96 1.59 0.00
0.00 22907.13
27.80 -52.16 -9999.00 -9999.00 -9999.00 129.40 7.03 0.00
0.00 24179.28
22.30 -52.46 -9999.00 -9999.00 -9999.00 90.00 2.33 0.00
0.00 25604.33
17.10 -53.06 -9999.00 -9999.00 -9999.00 65.34 13.03 0.00
0.00 27317.15
12.30 -55.96 -9999.00 -9999.00 -9999.00 63.09 14.59 0.00
0.00 29425.79

STID = PAJN STNM = 703810 TIME = 221027/0700 
SLAT = 58.37 SLON = -134.58 SELV = 367.0
STIM = 19

SHOW = 0.65 LIFT = 0.81 SWET = 289.45 KINX = 27.23
LCLP = 924.35 PWAT = 10.08 TOTL = 59.69 CAPE = 9.32
LCLT = 274.39 CINS = -2.49 EQLV = 684.69 LFCT = 818.49
BRCH = 2.17

PRES TMPC TMWC DWPC THTE DRCT SKNT OMEG
CFRL HGHT
925.50 1.34 1.33 1.26 293.42 258.20 13.29 -1.70
100.00 374.83
922.70 1.34 1.31 1.22 293.68 250.14 14.88 -3.60
100.00 399.24
917.60 1.14 1.12 1.05 293.85 245.32 15.81 -4.70
100.00 443.88
908.90 0.84 0.80 0.70 294.14 243.73 17.11 -5.50
100.00 520.53
896.20 0.24 0.20 0.10 294.34 243.70 18.84 -6.10
100.00 633.56
879.80 -0.66 -0.70 -0.81 294.38 247.62 21.43 -6.50
100.00 781.49
860.50 -1.76 -1.80 -1.90 294.43 254.83 23.76 -6.60
100.00 958.48
839.40 -3.06 -3.10 -3.20 294.37 259.89 25.45 -6.60
100.00 1155.68
816.80 -4.66 -4.68 -4.76 294.07 263.57 25.99 -6.20
100.00 1371.27
791.60 -6.46 -6.50 -6.61 293.78 266.61 26.26 -5.70
100.00 1617.19
763.90 -8.46 -8.51 -8.65 293.61 267.86 26.05 -5.00
100.00 1894.68
733.80 -10.66 -10.68 -10.76 293.66 267.85 25.85 -4.40
100.00 2205.31
701.20 -13.06 -13.09 -13.19 293.87 267.78 25.08 -3.80
100.00 2553.33
666.00 -15.66 -15.75 -16.03 294.30 268.58 23.50 -3.30
100.00 2943.91
628.40 -18.86 -18.98 -19.45 294.51 270.00 23.70 -2.70
100.00 3379.58
588.00 -22.66 -22.90 -24.00 294.56 271.96 22.75 -2.10
100.00 3870.84
545.40 -27.16 -27.42 -29.02 294.63 259.32 24.11 -1.90
100.00 4417.58
503.80 -31.86 -32.06 -33.77 294.99 243.06 26.59 -1.70
100.00 4983.60
466.00 -36.56 -36.70 -38.37 295.31 231.15 26.94 -1.40
100.00 5529.22
431.80 -41.16 -41.26 -42.98 295.61 209.69 25.49 -1.00
100.00 6052.03
400.80 -44.86 -44.92 -46.30 296.99 212.24 29.86 -0.80
0.00 6553.96
372.40 -46.76 -47.02 -56.35 300.41 229.91 35.30 -0.50
0.00 7043.06
346.60 -46.76 -47.14 -69.11 306.48 240.45 41.76 -0.20
0.00 7518.85
323.10 -45.36 -45.82 -64.59 314.66 245.77 46.85 0.00
0.00 7985.55
301.80 -43.76 -44.37 -70.08 323.06 243.13 48.56 0.10
0.00 8441.87
282.40 -42.46 -43.20 -70.54 331.12 242.77 52.21 0.10
0.00 8889.26
264.80 -41.76 -42.61 -70.99 338.29 248.08 53.59 0.10
0.00 9324.45
248.40 -41.46 -42.39 -71.43 344.97 251.37 53.50 0.10
0.00 9757.77
233.40 -41.66 -9999.00 -9999.00 -9999.00 253.28 53.34 0.00
0.00 10180.01
219.60 -42.36 -9999.00 -9999.00 -9999.00 257.59 51.52 0.00
0.00 10592.35
205.70 -43.46 -9999.00 -9999.00 -9999.00 262.16 48.43 -0.10
0.00 11033.04
191.70 -44.66 -9999.00 -9999.00 -9999.00 264.48 46.45 -0.20
0.00 11505.71
177.70 -45.56 -9999.00 -9999.00 -9999.00 265.34 45.42 -0.20
0.00 12011.91
163.80 -46.46 -9999.00 -9999.00 -9999.00 265.82 42.66 -0.20
0.00 12553.45
149.80 -47.26 -9999.00 -9999.00 -9999.00 261.45 37.92 -0.10
0.00 13145.26
135.90 -47.56 -9999.00 -9999.00 -9999.00 256.54 37.55 0.00
0.00 13788.73
121.90 -47.56 -9999.00 -9999.00 -9999.00 255.82 38.87 0.00
0.00 14506.64
108.00 -47.06 -9999.00 -9999.00 -9999.00 251.27 35.68 0.10
0.00 15306.99
94.00 -47.56 -9999.00 -9999.00 -9999.00 261.87 23.35 0.10
0.00 16224.79
81.00 -49.16 -9999.00 -9999.00 -9999.00 254.41 17.35 0.00
0.00 17204.18
70.60 -49.46 -9999.00 -9999.00 -9999.00 261.40 23.39 0.00
0.00 18104.56
62.20 -49.66 -9999.00 -9999.00 -9999.00 260.54 18.90 0.00
0.00 18933.63
54.30 -50.36 -9999.00 -9999.00 -9999.00 278.37 13.34 0.00
0.00 19820.82
46.90 -50.46 -9999.00 -9999.00 -9999.00 277.31 7.63 0.00
0.00 20776.03
40.10 -50.86 -9999.00 -9999.00 -9999.00 284.47 6.22 0.00
0.00 21796.17
33.80 -50.16 -9999.00 -9999.00 -9999.00 60.95 2.00 0.00
0.00 22910.03
27.80 -52.46 -9999.00 -9999.00 -9999.00 103.39 4.20 0.00
0.00 24179.03
22.30 -51.86 -9999.00 -9999.00 -9999.00 93.18 3.50 0.00
0.00 25605.05
17.10 -52.36 -9999.00 -9999.00 -9999.00 80.10 12.43 0.00
0.00 27322.92
12.30 -55.86 -9999.00 -9999.00 -9999.00 56.31 8.41 0.00
0.00 29435.41

STID = PAJN STNM = 703810 TIME = 221027/0800 
SLAT = 58.37 SLON = -134.58 SELV = 367.0
STIM = 20

SHOW = 0.48 LIFT = 0.36 SWET = 300.39 KINX = 27.11
LCLP = 924.42 PWAT = 9.85 TOTL = 60.32 CAPE = 26.49
LCLT = 274.46 CINS = 0.00 EQLV = 667.49 LFCT = 870.20
BRCH = 2.21

PRES TMPC TMWC DWPC THTE DRCT SKNT OMEG
CFRL HGHT
926.00 1.44 1.42 1.33 293.53 254.32 11.50 -1.90
100.00 374.83
923.20 1.44 1.40 1.29 293.79 244.57 13.11 -3.50
100.00 399.24
918.10 1.24 1.20 1.09 293.94 239.04 14.72 -4.40
100.00 443.87
909.40 0.84 0.81 0.71 294.10 236.50 16.53 -5.00
100.00 520.49
896.70 0.24 0.22 0.14 294.32 237.15 18.26 -5.40
100.00 633.46
880.30 -0.76 -0.78 -0.87 294.17 243.67 21.02 -5.60
100.00 781.28
860.90 -2.06 -2.07 -2.14 293.87 252.20 22.24 -5.60
100.00 958.96
839.90 -3.56 -3.59 -3.69 293.41 260.61 23.82 -5.50
100.00 1154.81
817.20 -5.16 -5.21 -5.33 293.09 266.94 25.49 -5.30
100.00 1370.82
792.00 -6.96 -6.98 -7.05 292.90 270.83 26.81 -5.00
100.00 1616.15
764.30 -8.76 -8.79 -8.89 293.09 270.84 26.61 -4.50
100.00 1893.06
734.10 -10.76 -10.80 -10.92 293.43 267.80 25.27 -3.80
100.00 2204.34
701.50 -13.16 -13.19 -13.31 293.67 266.42 24.90 -3.10
100.00 2552.07
666.30 -15.86 -16.01 -16.47 293.86 265.63 25.52 -2.60
100.00 2942.24
628.60 -19.16 -19.35 -20.08 293.93 264.62 26.92 -2.30
100.00 3378.46
588.30 -22.86 -23.08 -24.11 294.25 261.22 26.73 -2.00
100.00 3867.80
545.60 -27.36 -27.57 -28.85 294.39 257.66 25.45 -1.50
100.00 4415.14
503.90 -32.56 -32.75 -34.48 294.03 253.34 27.78 -1.00
100.00 4981.31
466.10 -37.46 -37.65 -40.14 294.01 244.94 29.80 -0.50
99.00 5524.98
431.90 -41.96 -42.06 -43.95 294.51 234.10 32.13 -0.30
100.00 6045.77
400.80 -45.46 -45.59 -49.07 296.07 236.40 33.35 -0.30
0.00 6547.71
372.40 -46.76 -47.04 -58.15 300.37 244.42 35.53 -0.20
0.00 7036.16
346.60 -47.56 -47.91 -69.11 305.39 251.66 36.42 -0.10
0.00 7511.11
323.10 -46.66 -47.08 -69.60 312.82 248.66 40.03 0.00
0.00 7975.65
301.80 -44.06 -44.65 -70.08 322.64 244.30 46.13 0.10
0.00 8430.38
282.40 -42.46 -43.20 -70.54 331.12 246.86 49.44 0.10
0.00 8877.47
264.80 -41.86 -42.70 -70.99 338.14 252.36 48.72 0.00
0.00 9312.56
248.40 -41.56 -42.48 -71.43 344.82 255.07 48.25 0.00
0.00 9745.70
233.40 -41.56 -9999.00 -9999.00 -9999.00 256.52 48.35 0.00
0.00 10167.94
219.60 -42.16 -9999.00 -9999.00 -9999.00 259.48 46.81 0.00
0.00 10580.55
205.70 -43.26 -9999.00 -9999.00 -9999.00 263.44 44.19 -0.10
0.00 11021.62
191.70 -44.46 -9999.00 -9999.00 -9999.00 264.69 41.94 -0.10
0.00 11494.70
177.70 -45.56 -9999.00 -9999.00 -9999.00 262.98 41.30 -0.10
0.00 12001.13
163.80 -46.26 -9999.00 -9999.00 -9999.00 261.38 41.45 -0.10
0.00 12542.91
149.80 -46.76 -9999.00 -9999.00 -9999.00 258.58 38.25 0.00
0.00 13135.63
135.90 -47.26 -9999.00 -9999.00 -9999.00 253.76 36.83 0.00
0.00 13780.24
121.90 -47.26 -9999.00 -9999.00 -9999.00 253.33 37.92 0.00
0.00 14499.10
108.00 -46.86 -9999.00 -9999.00 -9999.00 253.27 33.06 0.00
0.00 15300.33
94.00 -47.26 -9999.00 -9999.00 -9999.00 261.22 26.73 0.00
0.00 16219.15
81.00 -48.36 -9999.00 -9999.00 -9999.00 257.47 17.91 0.00
0.00 17200.94
70.60 -48.96 -9999.00 -9999.00 -9999.00 252.78 20.34 0.00
0.00 18103.94
62.20 -49.86 -9999.00 -9999.00 -9999.00 258.54 14.67 0.00
0.00 18933.56
54.30 -51.06 -9999.00 -9999.00 -9999.00 263.77 10.74 0.00
0.00 19818.96
46.90 -50.66 -9999.00 -9999.00 -9999.00 265.60 7.60 0.00
0.00 20772.24
40.10 -51.86 -9999.00 -9999.00 -9999.00 280.62 6.33 0.00
0.00 21789.63
33.80 -51.46 -9999.00 -9999.00 -9999.00 329.04 1.13 0.00
0.00 22897.73
27.80 -52.36 -9999.00 -9999.00 -9999.00 129.81 3.03 0.00
0.00 24163.31
22.30 -50.96 -9999.00 -9999.00 -9999.00 74.29 6.45 0.00
0.00 25592.55
17.10 -52.46 -9999.00 -9999.00 -9999.00 69.15 13.09 0.00
0.00 27313.54
12.30 -55.86 -9999.00 -9999.00 -9999.00 48.81 8.26 0.00
0.00 29425.54

STID = PAJN STNM = 703810 TIME = 221027/0900 
SLAT = 58.37 SLON = -134.58 SELV = 367.0
STIM = 21

SHOW = 0.80 LIFT = 0.67 SWET = 294.37 KINX = 26.65
LCLP = 925.31 PWAT = 9.67 TOTL = 59.86 CAPE = 24.48
LCLT = 274.38 CINS = 0.00 EQLV = 644.60 LFCT = 877.23
BRCH = 1.21

PRES TMPC TMWC DWPC THTE DRCT SKNT OMEG
CFRL HGHT
926.60 1.34 1.33 1.25 293.29 248.46 7.94 -1.80
100.00 375.69
923.80 1.34 1.31 1.21 293.55 237.53 10.14 -3.10
100.00 400.07
918.70 1.14 1.11 1.01 293.70 233.50 12.08 -3.80
100.00 444.66
910.00 0.64 0.63 0.56 293.69 233.29 14.30 -4.20
100.00 521.19
897.30 -0.06 -0.07 -0.14 293.69 237.99 16.49 -4.60
100.00 633.97
880.90 -1.06 -1.07 -1.13 293.56 248.63 19.19 -4.90
100.00 781.52
861.50 -2.26 -2.30 -2.41 293.38 259.19 21.76 -5.20
100.00 958.91
840.50 -3.76 -3.80 -3.91 292.97 266.45 25.10 -5.20
100.00 1154.47
817.70 -5.36 -5.38 -5.45 292.73 269.16 26.61 -5.10
100.00 1371.12
792.50 -7.16 -7.20 -7.31 292.47 271.21 27.58 -4.80
100.00 1616.10
764.80 -8.96 -8.99 -9.08 292.70 271.21 27.58 -4.30
100.00 1892.62
734.60 -10.96 -10.97 -11.02 293.10 270.42 26.42 -3.70
100.00 2203.45
701.90 -13.36 -13.39 -13.49 293.31 270.43 25.84 -3.10
100.00 2551.76
666.70 -16.26 -16.28 -16.39 293.37 270.43 25.84 -2.50
100.00 2941.24
628.90 -19.46 -19.55 -19.89 293.60 269.58 26.61 -1.90
100.00 3377.79
588.50 -23.06 -23.37 -24.85 293.80 263.91 29.31 -1.30
100.00 3867.65
545.80 -27.56 -27.89 -30.06 293.90 254.65 30.83 -0.70
100.00 4414.34
504.10 -32.56 -32.84 -35.52 293.86 248.06 30.15 -0.40
96.00 4980.04
466.20 -37.56 -37.74 -40.14 293.86 250.02 29.56 -0.20
100.00 5524.86
432.00 -42.46 -42.56 -44.48 293.82 257.88 29.60 0.10
100.00 6044.86
400.90 -46.66 -46.74 -49.06 294.49 244.19 33.02 0.20
0.00 6544.82
372.50 -47.56 -47.81 -58.15 299.28 250.90 36.79 0.20
0.00 7030.99
346.70 -47.76 -48.10 -69.10 305.10 254.23 35.72 0.20
0.00 7504.76
323.20 -46.46 -46.89 -69.60 313.07 254.09 38.99 0.10
0.00 7969.17
301.80 -44.76 -45.31 -70.08 321.66 253.13 42.83 0.00
0.00 8425.45
282.40 -42.96 -43.67 -70.54 330.40 251.49 44.04 -0.10
0.00 8871.38
264.90 -41.66 -42.52 -70.98 338.40 253.37 44.79 -0.20
0.00 9303.64
248.40 -41.46 -42.39 -71.43 344.97 256.80 45.09 -0.30
0.00 9739.61
233.40 -41.86 -42.81 -71.85 350.56 259.52 44.85 -0.30
0.00 10161.67
219.60 -42.46 -9999.00 -9999.00 -9999.00 260.79 43.69 -0.30
0.00 10573.75
205.70 -43.36 -9999.00 -9999.00 -9999.00 261.01 42.29 -0.20
0.00 11014.44
191.70 -44.16 -9999.00 -9999.00 -9999.00 261.25 40.87 -0.20
0.00 11487.73
177.80 -45.16 -9999.00 -9999.00 -9999.00 261.75 39.26 -0.10
0.00 11991.17
163.80 -45.96 -9999.00 -9999.00 -9999.00 261.38 38.91 -0.10
0.00 12537.53
149.80 -46.76 -9999.00 -9999.00 -9999.00 259.80 37.30 -0.10
0.00 13130.64
135.90 -47.46 -9999.00 -9999.00 -9999.00 254.05 35.35 0.00
0.00 13774.97
121.90 -47.26 -9999.00 -9999.00 -9999.00 250.91 37.41 0.00
0.00 14493.51
108.00 -46.76 -9999.00 -9999.00 -9999.00 253.39 34.65 0.10
0.00 15294.92
94.00 -46.56 -9999.00 -9999.00 -9999.00 261.71 29.64 0.00
0.00 16215.36
81.00 -47.96 -9999.00 -9999.00 -9999.00 260.54 17.72 0.00
0.00 17199.55
70.60 -48.76 -9999.00 -9999.00 -9999.00 258.56 16.65 0.00
0.00 18103.75
62.20 -50.16 -9999.00 -9999.00 -9999.00 259.85 13.23 0.00
0.00 18933.19
54.30 -51.46 -9999.00 -9999.00 -9999.00 258.34 12.49 0.00
0.00 19817.20
46.90 -50.76 -9999.00 -9999.00 -9999.00 265.43 9.75 0.00
0.00 20769.41
40.10 -51.26 -9999.00 -9999.00 -9999.00 270.00 5.83 0.00
0.00 21787.95
33.80 -51.36 -9999.00 -9999.00 -9999.00 191.31 0.99 0.00
0.00 22897.80
27.80 -52.66 -9999.00 -9999.00 -9999.00 126.87 3.88 0.00
0.00 24162.80
22.30 -51.26 -9999.00 -9999.00 -9999.00 66.61 7.83 0.00
0.00 25590.11
17.10 -52.76 -9999.00 -9999.00 -9999.00 85.39 12.08 0.00
0.00 27308.76
12.30 -56.06 -9999.00 -9999.00 -9999.00 40.86 9.50 0.00
0.00 29418.36
STN YYMMDD/HHMM PMSL PRES SKTC STC1 SNFL WTNS
P01M C01M STC2 LCLD MCLD HCLD
SNRA UWND VWND R01M BFGR T2MS
Q2MS WXTS WXTP WXTZ WXTR USTM
VSTM HLCY SLLH WSYM CDBP VSBK
TD2M
703810 221026/1200 988.50 944.80 0.04 273.40 -9999.00 28.00
-9999.00 -9999.00 273.50 100.00 100.00 0.00
-9999.00 -4.70 4.40 -9999.00 -9999.00 0.14
3.91 0.00 0.00 0.00 0.00 9.40
1.80 752.60 -9999.00 999.00 897.10 20.00
-0.54
703810 221026/1300 985.90 942.20 0.14 273.50 -9999.00 28.00
1.59 0.00 273.60 100.00 100.00 0.00
-9999.00 -4.60 4.60 -9999.00 -9999.00 0.24
3.98 1.00 0.00 0.00 0.00 9.40
1.70 726.70 -9999.00 70.00 830.10 0.00
-0.33
703810 221026/1400 983.20 939.60 0.14 273.50 -9999.00 28.00
2.52 0.00 273.70 100.00 100.00 0.00
-9999.00 -4.10 4.70 -9999.00 -9999.00 0.24
4.05 1.00 0.00 0.00 0.00 9.50
1.80 698.10 -9999.00 70.00 851.00 0.00
-0.13
703810 221026/1500 982.00 938.60 0.34 273.20 -9999.00 29.00
3.08 0.00 273.30 100.00 100.00 0.00
-9999.00 -3.60 4.30 -9999.00 -9999.00 0.34
4.15 0.00 0.00 0.00 1.00 11.80
0.60 616.00 -9999.00 60.00 871.50 0.00
0.19
703810 221026/1600 981.20 937.80 0.54 273.20 -9999.00 30.00
3.40 0.00 273.30 100.00 100.00 0.00
-9999.00 -3.10 3.50 -9999.00 -9999.00 0.54
4.23 0.00 0.00 0.00 1.00 12.40
-1.00 429.10 -9999.00 60.00 890.40 0.00
0.44
703810 221026/1700 978.00 934.80 1.04 273.20 -9999.00 31.00
3.71 0.00 273.30 100.00 100.00 0.00
-9999.00 -2.80 3.50 -9999.00 -9999.00 1.04
4.40 0.00 0.00 0.00 1.00 13.50
-2.40 339.70 -9999.00 60.00 917.10 0.00
0.94
703810 221026/1800 977.50 934.50 2.04 273.20 136.20 33.00
3.65 0.00 273.30 100.00 100.00 0.00
-9999.00 -1.70 2.80 -9999.00 -9999.00 2.24
4.74 0.00 0.00 0.00 1.00 14.40
-2.20 258.80 -9999.00 60.00 916.80 0.00
1.96
703810 221026/1900 976.60 933.90 2.84 273.20 0.00 34.00
4.95 0.00 273.30 100.00 100.00 0.00
-9999.00 -0.60 1.80 -9999.00 -9999.00 3.04
5.06 0.00 0.00 0.00 1.00 15.10
-0.90 172.10 -9999.00 60.00 916.10 0.00
2.86
703810 221026/2000 974.80 932.20 3.04 273.20 0.00 35.00
4.39 0.00 273.30 100.00 100.00 0.00
-9999.00 -0.70 1.80 -9999.00 -9999.00 3.44
5.20 0.00 0.00 0.00 1.00 15.00
1.20 158.30 -9999.00 60.00 923.20 0.00
3.22
703810 221026/2100 973.40 930.80 3.44 273.20 0.00 35.00
3.67 0.00 273.30 100.00 100.00 0.00
-9999.00 -0.30 2.00 -9999.00 -9999.00 3.74
5.32 0.00 0.00 0.00 1.00 16.00
2.00 183.00 -9999.00 60.00 913.20 0.00
3.52
703810 221026/2200 972.30 929.80 3.34 273.20 0.00 35.00
4.05 0.00 273.30 100.00 100.00 0.00
-9999.00 0.70 1.80 -9999.00 -9999.00 3.64
5.30 0.00 0.00 0.00 1.00 16.90
1.90 127.20 -9999.00 60.00 920.90 0.00
3.45
703810 221026/2300 971.90 929.40 3.04 273.20 0.00 35.00
3.77 0.00 273.30 100.00 100.00 0.00
-9999.00 1.20 1.60 -9999.00 -9999.00 3.44
5.24 0.00 0.00 0.00 1.00 15.90
2.60 89.30 -9999.00 60.00 920.60 0.00
3.28
703810 221027/0000 971.10 928.60 2.94 273.20 0.00 36.00
5.06 0.00 273.30 100.00 100.00 0.00
-9999.00 1.50 1.70 -9999.00 -9999.00 3.24
5.16 0.00 0.00 0.00 1.00 15.10
2.30 58.70 -9999.00 60.00 919.70 0.00
3.06
703810 221027/0100 969.60 927.10 2.64 273.20 0.00 36.00
4.58 0.00 273.30 100.00 100.00 0.00
-9999.00 2.60 0.80 -9999.00 -9999.00 2.84
5.03 0.00 0.00 0.00 1.00 12.90
0.30 -19.40 -9999.00 60.00 923.30 0.00
2.68
703810 221027/0200 968.10 925.40 1.44 273.20 184.40 35.00
4.84 0.00 273.30 100.00 100.00 0.00
-9999.00 1.80 -1.60 -9999.00 -9999.00 1.44
4.55 0.00 0.00 0.00 1.00 12.70
-0.40 -33.30 -9999.00 60.00 924.40 0.00
1.26
703810 221027/0300 968.50 925.70 0.54 273.20 -9999.00 34.00
2.86 0.00 273.30 100.00 100.00 0.00
-9999.00 0.50 -1.30 -9999.00 -9999.00 0.54
4.27 1.00 0.00 0.00 0.00 13.10
-1.20 -174.50 -9999.00 70.00 924.70 0.00
0.39
703810 221027/0400 967.30 924.50 -0.06 273.20 -9999.00 33.00
2.23 0.00 273.20 77.00 100.00 0.00
-9999.00 -1.80 0.30 -9999.00 -9999.00 0.04
4.13 1.00 0.00 0.00 0.00 14.40
-1.10 -198.60 -9999.00 70.00 -9999.00 0.00
-0.09
703810 221027/0500 968.00 925.00 -0.26 273.20 -9999.00 33.00
2.14 0.00 273.20 100.00 100.00 0.00
-9999.00 2.40 1.10 -9999.00 -9999.00 -0.16
4.05 1.00 0.00 0.00 0.00 16.20
-1.40 96.30 -9999.00 70.00 924.00 0.00
-0.35
703810 221027/0600 968.50 925.60 0.04 273.20 -9999.00 32.00
2.33 0.00 273.20 100.00 100.00 0.00
-9999.00 1.60 2.20 -9999.00 -9999.00 0.14
4.15 1.00 0.00 0.00 0.00 18.10
0.20 62.10 -9999.00 70.00 924.60 0.00
0.00
703810 221027/0700 969.30 926.40 0.74 273.20 -9999.00 33.00
2.84 0.00 273.20 100.00 100.00 0.00
-9999.00 3.70 1.50 -9999.00 -9999.00 0.94
4.38 1.00 0.00 0.00 0.00 18.80
5.00 53.00 -9999.00 70.00 925.50 0.00
0.75
703810 221027/0800 969.80 926.90 1.04 273.20 101.00 32.00
0.65 0.00 273.20 100.00 100.00 0.00
-9999.00 3.80 2.20 -9999.00 -9999.00 1.14
4.44 1.00 0.00 0.00 0.00 17.90
-2.60 50.40 -9999.00 70.00 926.00 0.00
0.94
703810 221027/0900 970.50 927.60 0.64 273.40 19.70 32.00
0.14 0.00 273.50 100.00 100.00 0.00
-9999.00 3.40 2.30 -9999.00 -9999.00 0.84
4.35 1.00 0.00 0.00 0.00 12.60
-5.50 64.60 -9999.00 70.00 926.60 0.00
0.67


