
SNPARM = PRES;TMPC;TMWC;DWPC;THTE;DRCT;SKNT;OMEG;CFRL;HGHT 
STNPRM = SHOW;LIFT;SWET;KINX;LCLP;PWAT;TOTL;CAPE;LCLT;CINS;EQLV;LFCT;BRCH 

STID = KSLC STNM = 725720 TIME = 221026/1200 
SLAT = 40.78 SLON = -111.97 SELV = 1311.0
STIM = 0

SHOW = 2.72 LIFT = 2.37 SWET = 254.87 KINX = 24.37
LCLP = 784.88 PWAT = 9.34 TOTL = 50.56 CAPE = 0.00
LCLT = 271.74 CINS = 0.00 EQLV = -9999.00 LFCT = -9999.00
BRCH = 0.00

PRES TMPC TMWC DWPC THTE DRCT SKNT OMEG
CFRL HGHT
863.90 6.14 3.24 -0.09 304.25 163.50 5.48 1.20
0.00 1321.43
861.40 7.54 3.68 -0.74 305.50 157.80 10.28 1.00
0.00 1345.25
856.70 7.44 3.47 -1.14 305.59 161.32 14.55 0.90
0.00 1390.30
848.60 6.64 2.93 -1.47 305.37 165.40 19.27 0.60
0.00 1468.41
836.80 5.84 2.41 -1.69 305.70 170.09 20.32 0.20
0.00 1583.21
821.80 5.14 1.75 -2.41 306.12 177.73 19.64 -0.30
0.00 1731.09
804.10 4.34 0.86 -3.59 306.43 185.59 17.95 -0.80
0.00 1908.61
785.00 3.04 -0.31 -4.85 306.38 194.71 16.06 -1.20
0.00 2103.83
764.50 1.34 -1.71 -6.08 306.16 205.87 14.24 -1.40
0.00 2317.53
741.90 -0.56 -3.06 -6.80 306.43 221.27 12.67 -1.40
0.00 2558.26
717.20 -2.86 -4.65 -7.45 306.65 236.56 12.33 -1.10
0.00 2827.79
690.40 -5.26 -6.40 -8.28 307.02 249.08 14.14 -1.00
0.00 3128.31
661.50 -7.86 -8.71 -10.28 306.83 256.66 19.37 -1.00
1.00 3462.56
630.60 -10.86 -11.84 -14.00 305.78 254.88 22.34 -1.10
0.00 3832.48
597.40 -13.36 -15.37 -21.64 304.76 249.44 24.90 -1.10
0.00 4246.14
561.80 -15.86 -18.39 -29.39 305.45 250.11 29.12 -1.10
0.00 4711.36
524.00 -19.86 -22.18 -36.58 305.81 253.50 32.83 -1.10
0.00 5232.01
486.80 -24.16 -25.82 -37.62 306.98 256.17 39.01 -1.00
0.00 5773.45
452.70 -27.86 -28.71 -34.40 309.27 257.45 47.36 -0.80
0.00 6298.94
421.70 -31.76 -32.44 -38.42 310.14 263.23 57.71 -0.70
0.00 6804.33
393.10 -35.76 -36.39 -44.32 310.69 265.45 63.71 -0.60
0.00 7296.53
366.70 -39.96 -40.37 -47.10 311.17 266.82 66.53 -0.40
0.00 7775.38
342.50 -43.76 -44.08 -51.26 311.95 269.35 68.76 -0.30
0.00 8237.63
320.20 -46.56 -46.86 -56.10 313.97 272.69 70.40 -0.10
0.00 8686.96
299.80 -49.36 -49.59 -58.10 315.94 276.59 69.42 0.10
0.00 9120.90
281.20 -52.26 -52.43 -60.37 317.56 277.95 68.84 0.20
0.00 9537.76
264.10 -54.26 -54.41 -63.06 320.34 272.92 68.67 0.30
0.00 9941.58
248.00 -54.56 -54.75 -66.53 325.66 269.26 75.56 0.30
0.00 10344.32
233.20 -53.16 -53.43 -71.86 333.51 273.89 77.29 0.20
0.00 10739.30
219.50 -51.86 -52.20 -72.27 341.34 269.17 66.82 0.10
0.00 11130.32
205.60 -52.46 -52.80 -72.72 346.84 258.94 69.87 0.00
0.00 11553.50
191.70 -52.96 -53.30 -73.19 353.04 261.41 75.45 0.00
0.00 12005.19
177.70 -53.16 -9999.00 -9999.00 -9999.00 264.51 69.08 0.00
0.00 12493.75
163.80 -54.26 -9999.00 -9999.00 -9999.00 263.14 66.72 0.00
0.00 13016.93
149.80 -55.36 -9999.00 -9999.00 -9999.00 265.36 69.58 0.00
0.00 13587.95
135.90 -55.66 -9999.00 -9999.00 -9999.00 269.83 64.69 0.10
0.00 14208.33
121.90 -55.86 -9999.00 -9999.00 -9999.00 270.21 54.00 0.00
0.00 14900.14
107.90 -57.06 -9999.00 -9999.00 -9999.00 261.60 46.54 0.00
0.00 15673.94
94.00 -58.66 -9999.00 -9999.00 -9999.00 260.32 41.57 0.00
0.00 16543.02
81.00 -60.26 -9999.00 -9999.00 -9999.00 265.83 37.39 0.00
0.00 17474.06
70.60 -60.26 -9999.00 -9999.00 -9999.00 275.19 32.19 0.00
0.00 18330.40
62.20 -58.96 -9999.00 -9999.00 -9999.00 270.44 25.06 0.00
0.00 19122.19
54.30 -58.16 -9999.00 -9999.00 -9999.00 276.58 20.34 0.00
0.00 19975.39
46.90 -57.06 -9999.00 -9999.00 -9999.00 274.57 14.61 0.00
0.00 20899.73
40.10 -56.66 -9999.00 -9999.00 -9999.00 254.96 13.48 0.00
0.00 21891.44
33.80 -55.96 -9999.00 -9999.00 -9999.00 247.54 15.77 0.00
0.00 22976.28
27.80 -55.66 -9999.00 -9999.00 -9999.00 251.01 19.11 0.00
0.00 24219.54
22.30 -55.36 -9999.00 -9999.00 -9999.00 254.33 16.55 0.00
0.00 25623.94
17.10 -54.16 -9999.00 -9999.00 -9999.00 262.13 18.43 0.00
0.00 27321.22
12.30 -51.46 -9999.00 -9999.00 -9999.00 277.45 20.96 0.00
0.00 29446.25

STID = KSLC STNM = 725720 TIME = 221026/1300 
SLAT = 40.78 SLON = -111.97 SELV = 1311.0
STIM = 1

SHOW = 1.67 LIFT = 1.26 SWET = 296.46 KINX = 28.21
LCLP = 792.11 PWAT = 10.59 TOTL = 52.54 CAPE = 0.00
LCLT = 272.08 CINS = 0.00 EQLV = -9999.00 LFCT = -9999.00
BRCH = 0.00

PRES TMPC TMWC DWPC THTE DRCT SKNT OMEG
CFRL HGHT
864.80 5.84 3.18 0.14 304.02 149.04 3.40 1.10
0.00 1321.41
862.30 6.64 3.35 -0.43 304.68 147.34 8.99 0.90
0.00 1345.15
857.50 7.04 3.43 -0.73 305.41 159.25 13.71 0.80
0.00 1391.02
849.50 6.84 3.27 -0.83 306.04 168.93 18.20 0.60
0.00 1468.06
837.70 6.04 2.78 -0.99 306.42 178.39 20.78 0.10
0.00 1582.83
822.60 5.04 2.06 -1.46 306.72 191.73 21.04 -0.50
0.00 1731.60
804.90 3.94 1.16 -2.22 307.01 204.66 20.94 -1.20
0.00 1908.82
785.80 2.54 0.14 -2.88 307.28 213.25 20.90 -1.80
0.00 2103.59
765.20 1.04 -0.95 -3.54 307.69 219.67 20.69 -2.20
0.00 2317.88
742.60 -0.76 -2.31 -4.43 307.89 226.24 19.09 -2.30
0.00 2558.26
717.80 -3.06 -4.08 -5.57 307.72 234.46 16.71 -2.30
0.00 2828.53
691.00 -5.66 -5.78 -6.00 308.14 247.78 14.90 -2.10
6.00 3128.56
662.10 -7.86 -7.91 -8.03 308.25 261.79 19.04 -1.90
100.00 3462.37
631.00 -11.46 -11.51 -11.65 306.30 265.28 23.58 -1.80
100.00 3834.08
597.70 -14.56 -15.42 -17.76 304.69 259.85 26.44 -1.60
11.00 4247.43
562.10 -16.86 -19.08 -28.87 304.31 257.80 29.41 -1.50
0.00 4710.50
524.20 -20.56 -22.69 -35.97 305.00 259.38 34.79 -1.40
0.00 5230.56
487.00 -24.76 -26.02 -33.88 306.68 260.84 42.70 -1.30
0.00 5770.41
452.90 -28.56 -29.49 -36.59 308.04 266.69 53.90 -1.20
0.00 6294.30
421.80 -32.36 -33.35 -45.25 308.75 269.81 60.02 -1.00
0.00 6799.75
393.20 -36.26 -37.14 -54.41 309.54 272.66 62.80 -0.80
0.00 7290.66
366.80 -39.66 -40.33 -56.48 311.17 275.38 66.34 -0.60
0.00 7769.15
342.50 -42.76 -43.29 -58.82 313.08 278.41 67.73 -0.40
0.00 8234.53
320.30 -45.96 -46.34 -59.35 314.69 285.41 70.92 -0.20
0.00 8683.33
299.90 -49.26 -49.49 -58.10 316.05 291.10 76.61 -0.10
0.00 9117.80
281.20 -52.26 -52.43 -60.37 317.56 291.64 74.81 0.00
0.00 9536.93
264.10 -54.46 -54.61 -63.06 320.05 284.95 67.75 0.10
0.00 9940.56
248.00 -55.86 -56.01 -66.53 323.72 272.44 68.43 0.20
0.00 10341.92
233.20 -55.76 -55.93 -66.98 329.62 272.41 78.55 0.30
0.00 10733.39
219.50 -53.66 -53.93 -72.27 338.56 276.97 80.03 0.30
0.00 11120.51
205.60 -52.16 -52.51 -72.72 347.31 275.35 70.82 0.20
0.00 11542.26
191.70 -52.26 -52.63 -73.19 354.16 268.82 65.87 0.20
0.00 11994.97
177.70 -52.96 -9999.00 -9999.00 -9999.00 265.05 65.33 0.10
0.00 12484.53
163.80 -54.06 -9999.00 -9999.00 -9999.00 263.86 67.21 0.10
0.00 13008.19
149.80 -55.06 -9999.00 -9999.00 -9999.00 264.36 67.15 0.10
0.00 13579.85
135.90 -55.36 -9999.00 -9999.00 -9999.00 267.28 61.46 0.00
0.00 14201.09
121.90 -55.56 -9999.00 -9999.00 -9999.00 268.93 52.06 0.00
0.00 14893.86
107.90 -56.66 -9999.00 -9999.00 -9999.00 266.02 44.79 0.00
0.00 15668.91
94.00 -58.06 -9999.00 -9999.00 -9999.00 265.71 38.97 0.00
0.00 16540.01
81.00 -59.66 -9999.00 -9999.00 -9999.00 270.60 37.10 0.00
0.00 17473.66
70.60 -59.66 -9999.00 -9999.00 -9999.00 281.71 32.54 0.00
0.00 18332.41
62.20 -57.96 -9999.00 -9999.00 -9999.00 274.15 24.15 0.00
0.00 19127.17
54.30 -57.66 -9999.00 -9999.00 -9999.00 275.25 16.98 0.00
0.00 19983.35
46.90 -57.86 -9999.00 -9999.00 -9999.00 267.47 13.23 0.00
0.00 20907.04
40.10 -56.96 -9999.00 -9999.00 -9999.00 253.86 15.37 0.00
0.00 21896.23
33.80 -55.96 -9999.00 -9999.00 -9999.00 256.12 17.02 0.00
0.00 22980.32
27.80 -55.46 -9999.00 -9999.00 -9999.00 257.35 19.50 0.00
0.00 24224.15
22.30 -55.76 -9999.00 -9999.00 -9999.00 257.82 17.48 0.00
0.00 25627.91
17.10 -54.66 -9999.00 -9999.00 -9999.00 272.44 18.28 0.00
0.00 27321.70
12.30 -51.66 -9999.00 -9999.00 -9999.00 286.39 20.65 0.00
0.00 29443.35

STID = KSLC STNM = 725720 TIME = 221026/1400 
SLAT = 40.78 SLON = -111.97 SELV = 1311.0
STIM = 2

SHOW = 0.77 LIFT = 0.27 SWET = 331.69 KINX = 29.54
LCLP = 801.92 PWAT = 10.63 TOTL = 54.27 CAPE = 6.97
LCLT = 273.34 CINS = -87.51 EQLV = 614.88 LFCT = 670.89
BRCH = 0.06

PRES TMPC TMWC DWPC THTE DRCT SKNT OMEG
CFRL HGHT
864.70 6.14 3.79 1.24 305.41 149.04 3.40 1.20
0.00 1321.42
862.20 6.54 3.75 0.67 305.59 142.03 10.10 1.10
0.00 1345.18
857.40 6.74 3.65 0.21 305.95 152.42 14.69 1.10
0.00 1391.03
849.40 6.64 3.48 -0.05 306.54 165.07 18.08 0.70
0.00 1468.03
837.50 6.14 3.08 -0.36 307.13 177.73 19.64 0.10
0.00 1583.79
822.50 5.24 2.35 -0.98 307.39 194.32 18.84 -0.60
0.00 1731.69
804.80 4.14 1.42 -1.82 307.60 211.69 18.49 -1.40
0.00 1909.07
785.60 2.84 0.45 -2.48 307.99 225.42 18.82 -1.90
0.00 2105.09
765.10 1.14 -0.69 -3.00 308.27 235.20 19.41 -2.20
0.00 2318.56
742.50 -0.76 -1.96 -3.53 308.66 242.65 19.02 -2.20
0.00 2559.04
717.70 -2.96 -3.60 -4.50 308.71 245.97 17.66 -1.90
0.00 2829.45
690.90 -5.76 -5.98 -6.34 307.78 251.57 17.81 -1.60
90.00 3129.54
662.00 -9.06 -9.15 -9.35 305.96 256.85 21.35 -1.50
100.00 3462.55
630.90 -11.66 -12.78 -15.50 304.08 260.39 25.60 -1.60
86.00 3833.21
597.70 -13.76 -15.98 -23.58 303.69 262.04 28.05 -1.40
0.00 4245.67
562.00 -17.56 -18.26 -20.48 305.74 260.80 27.95 -1.20
96.00 4710.18
524.20 -21.26 -22.99 -32.68 304.59 261.18 36.75 -1.00
0.00 5227.62
487.00 -25.26 -26.43 -33.88 306.06 265.36 45.61 -0.80
0.00 5766.19
452.90 -28.96 -30.18 -42.07 306.99 269.79 52.64 -0.60
0.00 6289.11
421.70 -32.36 -33.46 -48.62 308.59 272.72 57.36 -0.30
0.00 6795.79
393.20 -35.56 -36.46 -51.99 310.53 274.48 64.69 -0.10
0.00 7285.75
366.80 -38.86 -39.57 -54.98 312.28 275.28 69.64 0.00
0.00 7765.77
342.50 -42.36 -42.89 -57.03 313.66 277.91 70.61 0.10
0.00 8232.36
320.30 -45.86 -46.20 -56.10 314.91 283.74 73.58 0.20
0.00 8681.65
299.90 -49.56 -49.78 -58.10 315.63 287.25 79.93 0.20
0.00 9115.94
281.20 -52.56 -52.72 -60.37 317.13 287.18 81.53 0.20
0.00 9534.49
264.10 -54.16 -54.32 -63.06 320.49 282.85 70.73 0.20
0.00 9938.13
248.00 -55.06 -55.23 -66.53 324.91 271.70 65.48 0.20
0.00 10340.50
233.20 -54.96 -55.15 -66.98 330.83 266.74 75.10 0.30
0.00 10733.41
219.50 -53.76 -54.03 -72.27 338.41 271.60 83.57 0.30
0.00 11121.16
205.60 -52.56 -52.89 -72.72 346.68 277.79 78.81 0.20
0.00 11542.42
191.70 -51.96 -52.34 -73.19 354.64 276.63 67.27 0.10
0.00 11995.03
177.70 -52.46 -9999.00 -9999.00 -9999.00 269.12 63.13 0.00
0.00 12485.48
163.80 -54.06 -9999.00 -9999.00 -9999.00 262.69 65.60 -0.10
0.00 13009.73
149.80 -55.86 -9999.00 -9999.00 -9999.00 264.16 66.78 -0.10
0.00 13580.35
135.90 -56.26 -9999.00 -9999.00 -9999.00 268.01 61.62 -0.10
0.00 14199.17
121.90 -55.76 -9999.00 -9999.00 -9999.00 269.37 52.84 -0.10
0.00 14890.18
107.90 -56.56 -9999.00 -9999.00 -9999.00 268.49 44.11 -0.10
0.00 15665.05
94.00 -57.86 -9999.00 -9999.00 -9999.00 270.29 38.07 -0.10
0.00 16536.76
81.00 -59.06 -9999.00 -9999.00 -9999.00 270.00 37.49 0.00
0.00 17472.15
70.60 -59.16 -9999.00 -9999.00 -9999.00 280.19 35.14 0.00
0.00 18333.12
62.20 -57.56 -9999.00 -9999.00 -9999.00 274.69 23.78 0.00
0.00 19129.55
54.30 -57.76 -9999.00 -9999.00 -9999.00 277.13 14.10 0.00
0.00 19986.33
46.90 -58.86 -9999.00 -9999.00 -9999.00 268.12 11.85 0.00
0.00 20907.66
40.10 -57.46 -9999.00 -9999.00 -9999.00 260.22 17.15 0.00
0.00 21893.41
33.80 -55.76 -9999.00 -9999.00 -9999.00 266.01 16.74 0.00
0.00 22976.75
27.80 -55.16 -9999.00 -9999.00 -9999.00 260.33 17.35 0.00
0.00 24222.01
22.30 -55.66 -9999.00 -9999.00 -9999.00 258.44 17.44 0.00
0.00 25627.06
17.10 -53.46 -9999.00 -9999.00 -9999.00 273.08 18.08 0.00
0.00 27325.89
12.30 -50.66 -9999.00 -9999.00 -9999.00 284.90 21.91 0.00
0.00 29458.15

STID = KSLC STNM = 725720 TIME = 221026/1500 
SLAT = 40.78 SLON = -111.97 SELV = 1311.0
STIM = 3

SHOW = 0.54 LIFT = 0.12 SWET = 343.58 KINX = 30.61
LCLP = 803.89 PWAT = 10.34 TOTL = 54.53 CAPE = 15.31
LCLT = 274.07 CINS = -69.23 EQLV = 536.49 LFCT = 677.64
BRCH = 0.13

PRES TMPC TMWC DWPC THTE DRCT SKNT OMEG
CFRL HGHT
864.20 6.64 4.34 1.93 306.71 169.38 3.17 1.10
0.00 1321.45
861.60 6.94 4.22 1.33 306.75 149.42 9.93 1.00
0.00 1346.22
856.90 6.94 4.01 0.85 306.84 153.09 14.59 1.10
0.00 1391.19
848.90 6.84 3.78 0.46 307.31 162.72 18.32 0.80
0.00 1468.30
837.10 6.14 3.24 0.03 307.54 176.57 19.46 0.10
0.00 1583.20
822.00 5.34 2.52 -0.68 307.83 196.76 18.86 -0.80
0.00 1732.21
804.30 4.24 1.65 -1.38 308.17 218.75 18.94 -1.70
0.00 1909.78
785.20 2.84 0.71 -1.83 308.61 233.81 19.74 -2.30
0.00 2104.94
764.70 1.04 -0.40 -2.16 308.95 243.18 19.81 -2.50
0.00 2318.51
742.00 -0.96 -1.70 -2.66 309.27 248.20 18.82 -2.40
0.00 2560.11
717.30 -3.26 -3.53 -3.93 308.91 248.68 17.09 -2.10
5.00 2829.38
690.50 -5.86 -5.90 -6.01 307.97 248.82 16.67 -1.80
100.00 3129.43
661.60 -8.86 -9.20 -9.85 305.92 253.24 18.86 -1.40
56.00 3462.70
630.60 -11.26 -13.34 -19.14 303.13 260.29 21.87 -1.20
36.00 3832.73
597.40 -14.06 -16.73 -27.55 302.46 258.95 25.33 -0.90
0.00 4245.37
561.80 -17.46 -19.55 -29.04 303.62 256.48 31.57 -0.70
46.00 4708.46
524.00 -21.16 -22.87 -32.25 304.81 261.99 40.40 -0.50
0.00 5226.18
486.80 -24.96 -26.52 -38.28 305.92 267.20 47.65 -0.40
0.00 5765.38
452.80 -28.16 -29.59 -44.05 307.87 271.67 53.44 -0.20
0.00 6288.06
421.70 -31.46 -32.74 -51.39 309.63 278.79 59.75 -0.10
0.00 6794.94
393.10 -35.06 -36.08 -55.91 311.09 281.48 63.42 0.00
0.00 7288.11
366.70 -38.76 -39.48 -54.99 312.44 279.05 66.69 0.10
0.00 7768.86
342.50 -42.46 -42.91 -53.16 313.64 276.43 69.39 0.20
0.00 8233.59
320.20 -46.06 -46.34 -53.72 314.74 274.96 71.95 0.20
0.00 8684.69
299.80 -49.46 -49.64 -55.37 315.88 276.97 78.48 0.20
1.00 9119.03
281.20 -52.26 -52.43 -60.37 317.56 281.21 87.92 0.20
0.00 9535.79
264.10 -53.86 -54.03 -63.06 320.93 281.04 89.26 0.20
0.00 9939.98
248.00 -54.36 -54.55 -66.53 325.96 274.44 80.26 0.20
0.00 10343.27
233.20 -54.46 -54.66 -66.98 331.59 265.54 77.35 0.10
0.00 10737.26
219.50 -54.26 -54.49 -67.42 337.68 265.51 81.84 0.10
0.00 11125.01
205.60 -53.66 -53.95 -72.72 344.95 273.61 77.08 0.10
0.00 11544.74
191.70 -52.96 -53.30 -73.19 353.04 276.23 68.01 0.00
0.00 11995.20
177.70 -52.76 -9999.00 -9999.00 -9999.00 269.64 60.99 0.00
0.00 12484.20
163.80 -54.06 -9999.00 -9999.00 -9999.00 261.51 60.49 -0.10
0.00 13008.10
149.80 -56.36 -9999.00 -9999.00 -9999.00 261.79 61.23 -0.10
0.00 13578.07
135.90 -57.46 -9999.00 -9999.00 -9999.00 267.69 57.93 0.00
0.00 14194.46
121.90 -56.66 -9999.00 -9999.00 -9999.00 270.21 52.25 0.00
0.00 14882.13
107.90 -55.86 -9999.00 -9999.00 -9999.00 270.25 44.48 0.00
0.00 15656.65
94.00 -56.96 -9999.00 -9999.00 -9999.00 274.09 35.45 0.00
0.00 16531.59
81.00 -58.66 -9999.00 -9999.00 -9999.00 272.53 35.20 0.00
0.00 17469.81
70.60 -58.76 -9999.00 -9999.00 -9999.00 282.46 36.01 0.00
0.00 18332.38
62.20 -57.46 -9999.00 -9999.00 -9999.00 283.57 23.17 0.00
0.00 19129.74
54.30 -57.86 -9999.00 -9999.00 -9999.00 278.88 12.59 0.00
0.00 19986.52
46.90 -59.06 -9999.00 -9999.00 -9999.00 269.03 11.46 0.00
0.00 20907.21
40.10 -57.66 -9999.00 -9999.00 -9999.00 257.54 17.11 0.00
0.00 21892.04
33.80 -55.86 -9999.00 -9999.00 -9999.00 252.47 15.48 0.00
0.00 22974.63
27.80 -55.16 -9999.00 -9999.00 -9999.00 236.12 16.38 0.00
0.00 24219.61
22.30 -55.16 -9999.00 -9999.00 -9999.00 245.97 17.66 0.00
0.00 25626.27
17.10 -52.76 -9999.00 -9999.00 -9999.00 275.51 16.20 0.00
0.00 27329.77
12.30 -50.36 -9999.00 -9999.00 -9999.00 283.39 20.96 0.00
0.00 29466.85

STID = KSLC STNM = 725720 TIME = 221026/1600 
SLAT = 40.78 SLON = -111.97 SELV = 1311.0
STIM = 4

SHOW = -0.12 LIFT = 0.04 SWET = 221.78 KINX = 29.55
LCLP = 795.44 PWAT = 10.05 TOTL = 55.57 CAPE = 63.98
LCLT = 274.66 CINS = -38.69 EQLV = 498.00 LFCT = 693.79
BRCH = 0.66

PRES TMPC TMWC DWPC THTE DRCT SKNT OMEG
CFRL HGHT
863.60 8.04 5.34 2.67 309.12 176.42 6.24 0.70
0.00 1321.51
861.10 7.84 4.99 2.10 308.60 171.42 10.41 0.60
0.00 1345.44
856.40 7.44 4.62 1.72 308.32 170.10 12.43 0.50
0.00 1390.57
848.30 6.84 4.09 1.20 308.11 175.60 15.19 0.20
0.00 1468.77
836.50 6.04 3.38 0.49 307.95 186.41 17.40 -0.40
0.00 1583.75
821.50 5.14 2.56 -0.35 307.98 204.39 18.34 -1.20
0.00 1731.80
803.80 3.84 1.46 -1.33 307.83 225.41 19.37 -2.10
0.00 1909.29
784.70 2.34 0.34 -2.10 307.87 240.46 20.09 -2.60
0.00 2104.25
764.20 0.54 -0.93 -2.81 307.87 249.44 19.91 -2.80
0.00 2317.56
741.60 -1.46 -2.46 -3.82 307.73 253.97 19.00 -2.70
0.00 2557.75
716.90 -3.66 -4.44 -5.59 307.14 253.54 17.83 -2.40
0.00 2826.66
690.10 -5.96 -6.94 -8.60 306.04 251.57 17.81 -2.10
59.00 3126.50
661.30 -8.76 -10.03 -12.67 304.45 251.75 19.23 -1.80
6.00 3458.67
630.30 -11.46 -13.38 -18.63 303.12 251.08 21.56 -1.40
0.00 3828.74
597.20 -14.36 -16.14 -21.94 303.53 249.59 26.73 -1.10
0.00 4239.98
561.60 -17.76 -19.50 -26.71 303.77 255.50 34.91 -0.80
0.00 4702.77
523.80 -21.56 -23.23 -32.69 304.29 261.80 42.19 -0.50
0.00 5219.99
486.70 -24.86 -26.46 -38.62 306.03 266.23 47.30 -0.20
0.00 5757.57
452.70 -27.96 -29.59 -49.76 307.85 272.88 50.17 0.00
0.00 6280.66
421.60 -31.46 -32.76 -52.53 309.62 277.02 54.02 0.10
0.00 6787.85
393.10 -35.26 -36.17 -50.98 310.98 276.34 59.81 0.20
0.00 7279.15
366.70 -39.06 -39.66 -50.67 312.19 274.76 65.50 0.20
0.00 7759.41
342.50 -42.66 -43.00 -49.68 313.52 272.73 69.42 0.20
0.00 8223.65
320.20 -46.06 -46.24 -50.26 314.89 271.07 73.06 0.20
16.00 8674.57
299.80 -49.06 -49.20 -53.28 316.52 272.26 78.92 0.20
19.00 9109.30
281.20 -51.86 -52.02 -58.61 318.18 274.15 85.90 0.30
0.00 9526.82
264.10 -53.76 -53.93 -63.06 321.07 274.41 90.99 0.30
0.00 9931.47
248.00 -54.26 -54.43 -63.53 326.15 271.77 88.03 0.20
0.00 10334.94
233.20 -53.96 -54.18 -66.98 332.35 266.03 81.39 0.20
0.00 10729.47
219.50 -53.96 -54.20 -67.42 338.14 267.29 78.17 0.10
0.00 11117.92
205.60 -53.26 -53.56 -72.72 345.58 272.80 71.56 0.10
0.00 11538.33
191.70 -53.26 -53.59 -73.19 352.56 273.08 65.17 0.00
0.00 11988.89
177.70 -53.16 -9999.00 -9999.00 -9999.00 268.06 63.17 0.00
0.00 12477.12
163.80 -53.96 -9999.00 -9999.00 -9999.00 265.82 61.34 -0.10
0.00 13000.66
149.80 -55.56 -9999.00 -9999.00 -9999.00 266.47 56.84 -0.10
0.00 13571.80
135.90 -57.06 -9999.00 -9999.00 -9999.00 270.64 52.06 -0.10
0.00 14189.91
121.90 -57.06 -9999.00 -9999.00 -9999.00 271.43 46.64 0.00
0.00 14877.58
107.90 -55.56 -9999.00 -9999.00 -9999.00 269.19 40.99 0.00
0.00 15651.91
94.00 -56.26 -9999.00 -9999.00 -9999.00 272.86 31.12 0.00
0.00 16528.87
81.00 -58.76 -9999.00 -9999.00 -9999.00 271.52 29.35 0.00
0.00 17468.40
70.60 -58.96 -9999.00 -9999.00 -9999.00 277.17 34.27 0.00
0.00 18330.37
62.20 -57.36 -9999.00 -9999.00 -9999.00 281.99 22.44 0.00
0.00 19127.54
54.30 -58.16 -9999.00 -9999.00 -9999.00 266.42 12.45 0.00
0.00 19983.92
46.90 -59.56 -9999.00 -9999.00 -9999.00 260.98 12.39 0.00
0.00 20902.90
40.10 -57.96 -9999.00 -9999.00 -9999.00 247.85 18.03 0.00
0.00 21885.90
33.80 -55.96 -9999.00 -9999.00 -9999.00 243.14 16.76 0.00
0.00 22967.48
27.80 -55.56 -9999.00 -9999.00 -9999.00 235.68 14.82 0.00
0.00 24211.03
22.30 -55.06 -9999.00 -9999.00 -9999.00 250.85 14.80 0.00
0.00 25616.72
17.10 -52.56 -9999.00 -9999.00 -9999.00 270.00 12.43 0.00
0.00 27321.39
12.30 -50.06 -9999.00 -9999.00 -9999.00 279.89 16.96 0.00
0.00 29460.88

STID = KSLC STNM = 725720 TIME = 221026/1700 
SLAT = 40.78 SLON = -111.97 SELV = 1311.0
STIM = 5

SHOW = -1.31 LIFT = -0.57 SWET = 253.39 KINX = 29.05
LCLP = 773.50 PWAT = 9.82 TOTL = 57.52 CAPE = 176.48
LCLT = 273.88 CINS = -6.65 EQLV = 469.27 LFCT = 737.66
BRCH = 2.87

PRES TMPC TMWC DWPC THTE DRCT SKNT OMEG
CFRL HGHT
864.20 9.54 5.87 2.28 310.30 212.47 7.60 -0.30
0.00 1321.56
861.70 9.14 5.49 1.83 309.69 214.33 9.63 -0.50
0.00 1345.59
857.00 8.64 5.12 1.54 309.40 214.56 10.61 -0.70
0.00 1390.88
848.90 7.94 4.64 1.24 309.30 215.31 11.42 -1.00
0.00 1469.35
837.10 6.74 3.88 0.85 309.01 217.23 12.20 -1.30
0.00 1584.62
822.10 5.34 2.90 0.22 308.68 221.50 13.48 -1.80
0.00 1732.82
804.30 3.64 1.57 -0.82 308.01 232.13 15.50 -2.40
0.00 1911.21
785.20 1.94 0.11 -2.16 307.30 242.00 17.39 -2.90
0.00 2105.84
764.70 0.14 -1.61 -3.97 306.38 252.32 18.55 -3.20
0.00 2318.68
742.00 -1.76 -3.42 -5.87 305.72 259.38 18.98 -3.30
0.00 2559.42
717.30 -3.86 -5.48 -8.14 305.03 262.88 18.78 -3.00
0.00 2827.83
690.60 -6.36 -7.89 -10.78 304.17 262.37 19.02 -2.70
9.00 3125.93
661.70 -8.96 -10.49 -13.84 303.57 255.83 19.83 -2.30
0.00 3458.59
630.70 -11.76 -13.04 -16.25 303.66 246.74 22.63 -1.90
0.00 3828.09
597.50 -14.76 -16.10 -20.21 303.57 247.35 29.25 -1.40
0.00 4239.84
561.90 -18.36 -19.91 -26.42 303.07 253.72 36.01 -1.00
0.00 4701.52
524.00 -22.06 -23.49 -31.24 303.89 257.76 42.13 -0.60
0.00 5218.76
486.90 -25.26 -26.77 -38.28 305.54 259.91 46.56 -0.30
0.00 5755.18
452.80 -28.16 -29.76 -49.76 307.58 264.00 50.19 -0.10
0.00 6279.01
421.70 -31.46 -32.69 -49.46 309.71 267.81 55.98 0.00
0.00 6785.88
393.20 -35.26 -36.05 -47.10 311.14 270.36 61.19 0.10
0.00 7277.07
366.70 -39.26 -39.70 -46.52 312.14 271.71 65.09 0.10
0.00 7758.89
342.50 -42.96 -43.16 -46.59 313.29 270.65 68.96 0.20
61.00 8222.66
320.30 -46.36 -46.47 -48.92 314.52 268.33 73.27 0.20
100.00 8670.90
299.80 -49.16 -49.25 -51.58 316.45 266.77 79.37 0.30
100.00 9107.31
281.20 -51.56 -51.68 -55.90 318.69 266.09 88.21 0.30
0.00 9525.02
264.10 -53.96 -54.07 -59.11 320.86 267.33 95.86 0.30
0.00 9929.77
248.00 -54.96 -55.11 -63.53 325.11 269.54 97.12 0.20
0.00 10332.42
233.20 -53.86 -54.08 -66.98 332.50 272.74 89.26 0.10
0.00 10726.40
219.50 -52.76 -53.04 -67.42 340.00 274.79 76.81 0.10
0.00 11116.01
205.60 -52.46 -52.80 -72.72 346.84 273.28 67.91 0.00
0.00 11538.33
191.70 -52.66 -53.01 -73.19 353.52 269.48 64.49 0.00
0.00 11990.33
177.70 -53.16 -9999.00 -9999.00 -9999.00 265.99 63.87 -0.10
0.00 12479.22
163.80 -54.26 -9999.00 -9999.00 -9999.00 266.36 61.11 -0.10
0.00 13002.40
149.80 -55.56 -9999.00 -9999.00 -9999.00 269.59 54.39 -0.20
0.00 13573.16
135.90 -56.86 -9999.00 -9999.00 -9999.00 270.47 47.01 -0.10
0.00 14191.54
121.90 -56.56 -9999.00 -9999.00 -9999.00 267.32 41.61 0.00
0.00 14880.33
108.00 -54.86 -9999.00 -9999.00 -9999.00 265.41 36.44 0.00
0.00 15650.91
94.00 -55.46 -9999.00 -9999.00 -9999.00 270.00 28.17 0.00
0.00 16536.81
81.00 -58.16 -9999.00 -9999.00 -9999.00 271.67 26.63 0.00
0.00 17479.38
70.60 -58.26 -9999.00 -9999.00 -9999.00 274.53 31.95 0.10
0.00 18343.97
62.20 -56.36 -9999.00 -9999.00 -9999.00 285.79 19.99 0.00
0.00 19144.29
54.30 -58.56 -9999.00 -9999.00 -9999.00 280.01 10.06 0.00
0.00 20001.87
46.90 -59.56 -9999.00 -9999.00 -9999.00 270.00 13.21 0.00
0.00 20919.98
40.10 -57.16 -9999.00 -9999.00 -9999.00 246.04 21.04 0.00
0.00 21904.82
33.80 -55.56 -9999.00 -9999.00 -9999.00 240.52 20.53 0.00
0.00 22989.41
27.80 -55.46 -9999.00 -9999.00 -9999.00 242.50 15.99 0.00
0.00 24234.38
22.30 -55.76 -9999.00 -9999.00 -9999.00 251.80 14.92 0.00
0.00 25638.14
17.10 -54.46 -9999.00 -9999.00 -9999.00 250.94 11.31 0.00
0.00 27332.70
12.30 -50.96 -9999.00 -9999.00 -9999.00 282.18 17.48 0.00
0.00 29458.70

STID = KSLC STNM = 725720 TIME = 221026/1800 
SLAT = 40.78 SLON = -111.97 SELV = 1311.0
STIM = 6

SHOW = -0.93 LIFT = -0.58 SWET = 236.75 KINX = 30.03
LCLP = 741.04 PWAT = 9.80 TOTL = 56.96 CAPE = 156.61
LCLT = 271.32 CINS = -2.17 EQLV = 475.87 LFCT = 725.13
BRCH = 5.34

PRES TMPC TMWC DWPC THTE DRCT SKNT OMEG
CFRL HGHT
864.10 10.34 5.44 0.28 309.20 264.61 10.33 -1.20
0.00 1321.59
861.50 9.84 4.98 -0.29 308.42 264.21 13.48 -1.80
0.00 1346.64
856.80 9.34 4.60 -0.62 308.13 264.14 15.23 -2.10
0.00 1392.03
848.80 8.54 4.07 -0.94 307.91 264.36 15.81 -2.40
0.00 1469.69
837.00 7.34 3.32 -1.29 307.68 263.88 16.41 -2.70
0.00 1585.17
821.90 5.94 2.42 -1.70 307.60 264.03 16.80 -3.10
0.00 1734.64
804.20 4.14 1.29 -2.16 307.38 263.37 16.82 -3.40
0.00 1912.36
785.10 2.24 -0.01 -2.85 307.06 263.37 16.82 -3.70
0.00 2107.27
764.60 0.24 -1.61 -4.12 306.38 263.96 16.61 -4.00
0.00 2320.27
742.00 -1.86 -3.65 -6.35 305.26 265.18 16.18 -4.00
17.00 2559.95
717.30 -4.36 -5.58 -7.58 304.83 267.17 15.75 -3.80
25.00 2828.06
690.50 -7.06 -7.72 -8.90 304.52 265.87 16.16 -3.40
40.00 3126.68
661.60 -9.56 -10.31 -11.84 303.93 257.86 18.47 -2.90
39.00 3458.65
630.60 -12.16 -13.01 -15.05 303.75 250.69 24.09 -2.40
39.00 3827.56
597.40 -15.26 -16.49 -20.30 302.96 251.45 30.54 -1.90
31.00 4238.69
561.80 -19.06 -20.24 -24.99 302.60 254.01 35.98 -1.40
25.00 4699.38
524.00 -22.56 -23.64 -29.12 303.67 254.31 42.37 -0.90
1.00 5214.12
486.80 -25.76 -26.99 -35.60 305.24 253.83 48.14 -0.60
0.00 5750.99
452.80 -28.76 -30.01 -42.07 307.26 256.57 53.52 -0.40
0.00 6272.20
421.70 -32.06 -33.09 -45.26 309.16 261.33 57.96 -0.20
0.00 6777.85
393.10 -35.86 -36.55 -45.89 310.45 265.95 60.57 -0.10
0.00 7269.61
366.70 -39.86 -40.26 -46.52 311.34 268.59 63.34 0.00
0.00 7748.46
342.50 -43.56 -43.72 -46.59 312.48 267.87 68.03 0.10
100.00 8211.02
320.30 -46.76 -46.83 -48.31 314.00 265.36 74.46 0.30
100.00 8658.28
299.80 -49.06 -49.15 -51.58 316.59 263.35 83.90 0.40
100.00 9094.40
281.20 -51.36 -51.44 -53.82 319.06 262.95 94.93 0.50
0.00 9512.40
264.10 -53.76 -53.85 -57.66 321.19 264.81 100.84 0.60
0.00 9917.52
248.00 -54.76 -54.92 -63.53 325.40 268.08 98.74 0.60
0.00 10320.54
233.20 -53.36 -53.60 -66.98 333.26 273.43 87.57 0.50
0.00 10715.15
219.50 -51.96 -52.29 -72.27 341.18 276.71 73.15 0.30
0.00 11105.91
205.60 -51.76 -52.13 -72.72 347.94 274.10 65.25 0.20
0.00 11529.67
191.70 -52.26 -52.63 -73.19 354.16 268.95 63.34 0.10
0.00 11982.79
177.70 -53.46 -9999.00 -9999.00 -9999.00 265.59 63.13 0.00
0.00 12471.79
163.80 -54.76 -9999.00 -9999.00 -9999.00 265.74 60.20 0.00
0.00 12994.02
149.80 -55.26 -9999.00 -9999.00 -9999.00 266.86 53.11 -0.10
0.00 13564.51
135.90 -55.56 -9999.00 -9999.00 -9999.00 266.75 44.56 -0.10
0.00 14185.18
121.90 -55.76 -9999.00 -9999.00 -9999.00 266.88 39.30 -0.10
0.00 14877.31
107.90 -55.36 -9999.00 -9999.00 -9999.00 264.54 34.73 -0.10
0.00 15654.32
94.00 -56.66 -9999.00 -9999.00 -9999.00 266.00 27.84 -0.10
0.00 16530.88
81.00 -58.66 -9999.00 -9999.00 -9999.00 265.73 26.11 0.00
0.00 17469.75
70.60 -58.06 -9999.00 -9999.00 -9999.00 269.60 27.97 0.00
0.00 18333.73
62.20 -56.26 -9999.00 -9999.00 -9999.00 288.15 12.47 0.00
0.00 19134.61
54.30 -59.96 -9999.00 -9999.00 -9999.00 248.63 4.80 -0.10
0.00 19989.60
46.90 -59.86 -9999.00 -9999.00 -9999.00 250.75 12.96 0.00
0.00 20904.07
40.10 -55.36 -9999.00 -9999.00 -9999.00 236.46 20.05 0.00
0.00 21892.35
33.80 -53.96 -9999.00 -9999.00 -9999.00 231.03 17.00 0.00
0.00 22985.44
27.80 -54.36 -9999.00 -9999.00 -9999.00 228.14 12.51 0.00
0.00 24238.14
22.30 -54.76 -9999.00 -9999.00 -9999.00 242.65 12.68 0.00
0.00 25648.67
17.10 -53.96 -9999.00 -9999.00 -9999.00 260.25 12.61 0.00
0.00 27349.06
12.30 -50.66 -9999.00 -9999.00 -9999.00 293.20 26.63 0.00
0.00 29478.92

STID = KSLC STNM = 725720 TIME = 221026/1900 
SLAT = 40.78 SLON = -111.97 SELV = 1311.0
STIM = 7

SHOW = 0.12 LIFT = 0.30 SWET = 205.97 KINX = 27.89
LCLP = 712.30 PWAT = 9.23 TOTL = 55.12 CAPE = 60.14
LCLT = 268.08 CINS = -2.04 EQLV = 506.38 LFCT = 693.44
BRCH = 1.69

PRES TMPC TMWC DWPC THTE DRCT SKNT OMEG
CFRL HGHT
864.10 10.14 4.36 -2.48 306.59 283.24 13.58 -1.50
0.00 1321.57
861.50 9.64 3.93 -3.00 305.94 283.24 16.96 -2.30
0.00 1346.59
856.80 9.14 3.58 -3.27 305.72 283.13 17.95 -2.70
0.00 1391.93
848.80 8.34 3.07 -3.51 305.59 282.72 18.51 -2.90
0.00 1469.50
837.00 7.14 2.33 -3.81 305.42 282.01 18.67 -3.00
0.00 1584.85
822.00 5.74 1.46 -4.13 305.40 281.31 18.82 -3.10
0.00 1733.16
804.30 3.94 0.34 -4.49 305.27 280.25 18.55 -3.20
0.00 1910.66
785.20 2.04 -0.87 -4.89 305.20 279.16 18.30 -3.20
0.00 2105.32
764.70 -0.06 -2.25 -5.39 305.06 276.20 17.97 -3.20
0.00 2318.04
742.10 -2.36 -3.83 -6.06 304.89 273.18 17.50 -3.20
0.00 2557.32
717.30 -4.76 -5.78 -7.45 304.46 268.67 16.71 -3.10
26.00 2826.06
690.60 -7.26 -7.92 -9.13 304.13 261.69 17.46 -3.00
33.00 3123.21
661.70 -9.86 -10.52 -11.89 303.54 255.20 21.29 -3.00
35.00 3454.81
630.70 -12.66 -13.55 -15.77 302.82 253.02 26.61 -3.10
30.00 3823.09
597.50 -15.76 -16.87 -20.39 302.33 252.92 31.10 -3.00
24.00 4233.34
561.90 -19.56 -20.39 -23.59 302.37 252.74 35.99 -2.80
23.00 4693.08
524.00 -22.96 -23.70 -27.18 303.60 251.07 42.50 -2.40
8.00 5208.24
486.90 -26.26 -27.07 -32.01 305.14 250.35 49.09 -2.00
0.00 5742.69
452.80 -29.36 -30.29 -38.02 306.88 253.50 54.70 -1.60
0.00 6264.26
421.70 -32.56 -33.46 -43.67 308.62 259.51 58.66 -1.20
0.00 6768.78
393.10 -36.16 -36.93 -49.24 309.88 264.79 62.02 -0.80
0.00 7259.72
366.70 -40.16 -40.70 -51.58 310.68 267.65 66.30 -0.50
0.00 7737.94
342.50 -44.06 -44.31 -49.68 311.61 267.33 70.98 -0.20
70.00 8199.69
320.30 -47.36 -47.43 -48.92 313.13 264.46 76.50 0.00
100.00 8645.86
299.90 -49.66 -49.70 -50.83 315.75 262.02 86.69 0.30
100.00 9078.63
281.20 -52.06 -52.11 -53.82 318.05 262.44 96.02 0.60
0.00 9497.58
264.10 -54.26 -54.34 -57.66 320.46 264.53 99.90 0.70
0.00 9901.59
248.00 -54.36 -54.53 -63.53 326.00 269.41 94.60 0.80
0.00 10304.52
233.20 -53.56 -53.82 -71.86 332.91 276.07 80.87 0.70
0.00 10699.31
219.50 -52.66 -52.97 -72.27 340.10 275.09 67.87 0.60
0.00 11089.27
205.60 -51.56 -51.93 -72.72 348.25 268.24 63.36 0.50
0.00 11512.55
191.70 -51.16 -9999.00 -9999.00 -9999.00 263.87 63.69 0.40
0.00 11967.01
177.70 -51.86 -9999.00 -9999.00 -9999.00 263.42 62.76 0.30
0.00 12459.00
163.80 -52.96 -9999.00 -9999.00 -9999.00 265.00 57.91 0.10
0.00 12985.28
149.80 -53.86 -9999.00 -9999.00 -9999.00 267.59 50.74 0.00
0.00 13559.96
135.90 -54.46 -9999.00 -9999.00 -9999.00 269.74 42.93 0.00
0.00 14184.19
121.90 -55.36 -9999.00 -9999.00 -9999.00 267.18 35.59 -0.10
0.00 14878.70
107.90 -55.86 -9999.00 -9999.00 -9999.00 262.92 31.51 -0.10
0.00 15655.54
94.00 -57.16 -9999.00 -9999.00 -9999.00 262.41 26.46 -0.10
0.00 16530.08
81.00 -58.56 -9999.00 -9999.00 -9999.00 270.00 27.19 0.10
0.00 17468.08
70.60 -56.96 -9999.00 -9999.00 -9999.00 268.97 21.56 0.10
0.00 18334.47
62.20 -56.66 -9999.00 -9999.00 -9999.00 261.25 2.56 0.00
0.00 19136.65
54.30 -60.86 -9999.00 -9999.00 -9999.00 210.53 8.80 0.00
0.00 19989.06
46.90 -58.76 -9999.00 -9999.00 -9999.00 252.28 19.77 0.00
0.00 20903.95
40.10 -54.36 -9999.00 -9999.00 -9999.00 245.01 22.07 0.00
0.00 21897.04
33.80 -54.66 -9999.00 -9999.00 -9999.00 237.76 14.94 0.00
0.00 22990.89
27.80 -55.86 -9999.00 -9999.00 -9999.00 217.03 13.87 0.00
0.00 24237.29
22.30 -55.36 -9999.00 -9999.00 -9999.00 228.81 14.45 0.00
0.00 25641.05
17.10 -54.46 -9999.00 -9999.00 -9999.00 252.43 12.22 0.00
0.00 27337.17
12.30 -51.76 -9999.00 -9999.00 -9999.00 278.21 19.04 0.00
0.00 29459.30

STID = KSLC STNM = 725720 TIME = 221026/2000 
SLAT = 40.78 SLON = -111.97 SELV = 1311.0
STIM = 8

SHOW = -0.38 LIFT = -0.23 SWET = 240.33 KINX = 28.24
LCLP = 725.87 PWAT = 9.79 TOTL = 56.47 CAPE = 110.75
LCLT = 268.92 CINS = -2.59 EQLV = 490.54 LFCT = 708.84
BRCH = 2.43

PRES TMPC TMWC DWPC THTE DRCT SKNT OMEG
CFRL HGHT
864.50 9.54 4.27 -1.87 306.38 295.92 15.56 -1.80
0.00 1320.59
861.90 8.94 3.88 -2.12 305.82 296.57 19.54 -2.60
0.00 1345.54
857.20 8.34 3.52 -2.26 305.59 296.33 21.02 -3.00
0.00 1390.75
849.20 7.54 3.02 -2.46 305.48 295.88 21.81 -3.20
0.00 1468.08
837.40 6.34 2.30 -2.69 305.35 295.66 21.99 -3.30
0.00 1583.06
822.40 4.94 1.44 -2.97 305.37 294.99 22.07 -3.40
0.00 1730.90
804.60 3.14 0.32 -3.33 305.24 293.86 22.09 -3.50
0.00 1908.84
785.50 1.24 -0.91 -3.79 305.11 291.99 21.79 -3.60
0.00 2102.91
765.00 -0.76 -2.28 -4.40 304.98 289.09 21.39 -3.60
0.00 2315.00
742.30 -2.96 -4.07 -5.74 304.41 284.42 21.06 -3.60
0.00 2554.71
717.60 -5.16 -6.11 -7.70 303.80 278.43 21.21 -3.50
32.00 2821.78
690.80 -7.46 -8.36 -10.07 303.29 270.00 22.73 -3.50
33.00 3119.57
661.90 -10.16 -10.95 -12.65 302.75 264.38 25.76 -3.40
38.00 3450.73
630.90 -13.16 -13.84 -15.57 302.30 261.49 28.87 -3.30
42.00 3818.32
597.70 -16.46 -16.88 -18.14 302.29 259.53 31.02 -3.10
60.00 4227.53
562.00 -20.26 -20.28 -20.39 302.53 257.30 34.44 -2.90
100.00 4687.25
524.20 -23.66 -23.79 -24.37 303.44 254.05 42.42 -2.70
100.00 5199.58
486.90 -26.76 -27.34 -30.73 304.75 253.39 50.27 -2.50
15.00 5735.56
452.80 -29.96 -30.76 -37.43 306.20 256.15 56.82 -2.30
0.00 6255.97
421.70 -33.26 -34.10 -44.17 307.69 259.79 61.38 -1.90
0.00 6759.14
393.20 -36.96 -37.59 -47.10 308.92 263.55 65.68 -1.50
0.00 7246.76
366.80 -40.76 -41.16 -48.37 310.01 266.36 70.45 -1.20
0.00 7723.44
342.50 -44.56 -44.83 -51.26 310.86 266.33 72.80 -0.90
0.00 8185.93
320.30 -48.16 -48.36 -54.83 311.76 263.37 75.68 -0.50
58.00 8630.82
299.90 -50.76 -50.89 -55.37 314.01 260.95 83.99 -0.20
67.00 9061.74
281.20 -52.86 -52.96 -57.15 316.78 261.40 93.51 0.20
0.00 9478.89
264.10 -54.46 -54.56 -59.11 320.13 263.89 96.70 0.40
0.00 9881.98
248.00 -54.66 -54.82 -63.53 325.55 269.12 88.60 0.50
0.00 10284.45
233.20 -53.76 -53.99 -66.98 332.65 273.11 75.10 0.60
0.00 10678.79
219.50 -52.36 -52.68 -72.27 340.57 269.66 64.88 0.60
0.00 11068.84
205.60 -50.76 -51.17 -72.72 349.51 264.10 64.26 0.60
0.00 11493.18
191.70 -50.06 -9999.00 -9999.00 -9999.00 263.13 64.96 0.50
0.00 11949.58
177.70 -50.46 -9999.00 -9999.00 -9999.00 264.87 60.86 0.40
0.00 12444.35
163.80 -51.46 -9999.00 -9999.00 -9999.00 267.56 54.84 0.20
0.00 12974.08
149.80 -52.56 -9999.00 -9999.00 -9999.00 270.00 48.37 0.10
0.00 13552.42
135.90 -54.06 -9999.00 -9999.00 -9999.00 271.87 41.59 -0.10
0.00 14179.08
121.90 -55.86 -9999.00 -9999.00 -9999.00 271.83 36.54 -0.20
0.00 14873.43
107.90 -57.06 -9999.00 -9999.00 -9999.00 267.32 33.26 -0.10
0.00 15647.23
94.00 -57.06 -9999.00 -9999.00 -9999.00 259.59 29.04 0.00
0.00 16519.55
81.00 -57.06 -9999.00 -9999.00 -9999.00 263.34 26.79 0.00
0.00 17461.03
70.60 -54.16 -9999.00 -9999.00 -9999.00 252.70 12.41 0.00
0.00 18336.08
62.20 -57.96 -9999.00 -9999.00 -9999.00 198.43 0.62 -0.10
0.00 19141.04
54.30 -62.56 -9999.00 -9999.00 -9999.00 235.56 8.24 -0.10
0.00 19987.48
46.90 -59.96 -9999.00 -9999.00 -9999.00 257.04 22.53 0.00
0.00 20896.16
40.10 -54.66 -9999.00 -9999.00 -9999.00 245.73 21.74 0.00
0.00 21885.81
33.80 -55.86 -9999.00 -9999.00 -9999.00 242.02 14.08 0.00
0.00 22975.90
27.80 -57.06 -9999.00 -9999.00 -9999.00 215.11 15.19 0.00
0.00 24215.45
22.30 -56.06 -9999.00 -9999.00 -9999.00 220.34 18.61 0.00
0.00 25613.07
17.10 -53.76 -9999.00 -9999.00 -9999.00 250.71 12.35 0.00
0.00 27309.19
12.30 -51.06 -9999.00 -9999.00 -9999.00 266.86 17.70 0.00
0.00 29438.07

STID = KSLC STNM = 725720 TIME = 221026/2100 
SLAT = 40.78 SLON = -111.97 SELV = 1311.0
STIM = 9

SHOW = -0.03 LIFT = 0.08 SWET = 239.86 KINX = 29.24
LCLP = 753.52 PWAT = 10.38 TOTL = 56.10 CAPE = 154.86
LCLT = 270.56 CINS = -0.55 EQLV = 499.82 LFCT = 748.82
BRCH = 2.39

PRES TMPC TMWC DWPC THTE DRCT SKNT OMEG
CFRL HGHT
865.60 8.34 4.10 -0.70 305.93 306.25 14.45 -1.40
0.00 1321.49
863.10 7.94 3.85 -0.84 305.66 306.41 19.31 -2.20
0.00 1345.37
858.40 7.44 3.53 -0.98 305.53 306.76 21.10 -2.60
0.00 1390.37
850.30 6.64 3.05 -1.14 305.46 306.36 21.95 -2.90
0.00 1468.32
838.50 5.54 2.39 -1.36 305.45 306.17 22.38 -3.00
0.00 1582.83
823.40 4.04 1.47 -1.64 305.35 305.77 22.26 -3.00
0.00 1731.05
805.70 2.34 0.43 -1.94 305.36 305.07 22.32 -3.10
0.00 1907.27
786.50 0.44 -0.77 -2.33 305.29 303.83 21.99 -3.00
0.00 2101.57
765.90 -1.56 -2.34 -3.43 304.74 300.00 21.76 -3.00
1.00 2313.86
743.30 -3.66 -4.22 -5.08 303.98 293.60 21.83 -3.00
10.00 2551.59
718.50 -5.76 -6.24 -7.05 303.43 284.52 22.47 -3.00
20.00 2818.77
691.60 -7.96 -8.53 -9.62 302.88 274.43 25.14 -3.00
16.00 3116.72
662.70 -10.56 -10.96 -11.82 302.62 269.20 27.97 -2.90
32.00 3446.94
631.60 -13.46 -13.66 -14.16 302.51 266.02 30.77 -2.60
100.00 3814.85
598.20 -16.96 -16.99 -17.10 302.05 263.00 33.47 -2.30
100.00 4225.52
562.50 -20.86 -20.88 -21.00 301.52 259.01 33.64 -2.10
100.00 4683.87
524.50 -23.76 -24.28 -26.77 302.64 261.31 47.55 -2.30
93.00 5197.77
487.20 -26.16 -27.37 -36.13 304.61 261.05 57.42 -2.50
0.00 5733.90
453.10 -29.66 -30.81 -42.53 306.03 259.97 61.34 -2.50
0.00 6254.87
421.90 -33.56 -34.23 -41.48 307.47 262.88 65.77 -2.40
0.00 6759.36
393.30 -37.06 -37.35 -40.68 309.26 265.48 71.50 -2.20
6.00 7248.13
366.90 -40.36 -40.53 -42.79 310.91 264.19 74.79 -1.80
100.00 7725.03
342.60 -44.46 -44.49 -45.11 311.33 264.96 77.41 -1.40
100.00 8187.92
320.30 -48.36 -48.38 -48.92 311.75 268.45 79.08 -1.00
100.00 8634.67
299.90 -51.26 -51.37 -55.37 313.30 263.73 74.65 -0.60
0.00 9064.93
281.20 -53.76 -53.89 -60.37 315.41 259.55 81.39 -0.30
0.00 9480.75
264.10 -55.36 -55.49 -63.06 318.73 263.17 88.23 0.00
0.00 9882.19
248.00 -54.16 -54.36 -66.53 326.26 268.88 79.47 0.30
0.00 10284.28
233.20 -52.76 -53.04 -71.86 334.12 269.83 65.46 0.40
0.00 10679.98
219.50 -51.76 -52.10 -72.27 341.49 265.25 63.34 0.50
0.00 11071.44
205.60 -50.06 -50.51 -72.72 350.61 263.64 66.65 0.60
0.00 11497.02
191.70 -49.16 -9999.00 -9999.00 -9999.00 265.91 65.44 0.50
0.00 11955.06
177.70 -49.36 -9999.00 -9999.00 -9999.00 269.62 59.05 0.30
0.00 12452.05
163.80 -50.86 -9999.00 -9999.00 -9999.00 273.01 51.75 0.10
0.00 12983.82
149.80 -52.86 -9999.00 -9999.00 -9999.00 275.91 45.30 0.00
0.00 13562.55
135.90 -55.06 -9999.00 -9999.00 -9999.00 275.27 40.19 0.00
0.00 14187.35
121.90 -56.76 -9999.00 -9999.00 -9999.00 268.46 36.15 0.00
0.00 14878.68
108.00 -57.36 -9999.00 -9999.00 -9999.00 260.74 36.21 -0.10
0.00 15644.48
94.00 -55.66 -9999.00 -9999.00 -9999.00 256.76 30.54 0.00
0.00 16524.89
81.00 -56.56 -9999.00 -9999.00 -9999.00 264.04 22.46 0.00
0.00 17470.51
70.60 -56.86 -9999.00 -9999.00 -9999.00 257.96 14.90 0.00
0.00 18341.13
62.20 -60.26 -9999.00 -9999.00 -9999.00 180.00 9.71 0.00
0.00 19136.82
54.30 -62.26 -9999.00 -9999.00 -9999.00 226.94 16.22 0.00
0.00 19979.29
46.90 -57.16 -9999.00 -9999.00 -9999.00 254.19 22.80 0.00
0.00 20894.62
40.10 -54.56 -9999.00 -9999.00 -9999.00 265.14 18.32 0.00
0.00 21890.92
33.80 -57.26 -9999.00 -9999.00 -9999.00 259.29 14.63 0.00
0.00 22977.75
27.80 -57.56 -9999.00 -9999.00 -9999.00 218.93 19.48 0.00
0.00 24211.86
22.30 -55.56 -9999.00 -9999.00 -9999.00 225.77 20.34 0.00
0.00 25609.49
17.10 -53.06 -9999.00 -9999.00 -9999.00 270.00 12.43 0.00
0.00 27310.27
12.30 -50.46 -9999.00 -9999.00 -9999.00 265.82 15.97 0.00
0.00 29445.42

STID = KSLC STNM = 725720 TIME = 221026/2200 
SLAT = 40.78 SLON = -111.97 SELV = 1311.0
STIM = 10

SHOW = 0.77 LIFT = 0.89 SWET = 214.86 KINX = 27.51
LCLP = 743.33 PWAT = 9.55 TOTL = 54.85 CAPE = 124.16
LCLT = 268.96 CINS = -4.12 EQLV = 517.66 LFCT = 722.57
BRCH = 1.40

PRES TMPC TMWC DWPC THTE DRCT SKNT OMEG
CFRL HGHT
866.30 7.84 3.34 -2.12 304.11 311.42 13.21 -1.30
0.00 1320.51
863.60 7.54 3.13 -2.27 303.97 312.78 17.74 -2.00
0.00 1346.23
859.00 7.04 2.81 -2.42 303.83 313.78 19.37 -2.30
0.00 1390.17
850.90 6.24 2.34 -2.54 303.79 313.45 20.34 -2.50
0.00 1467.94
839.00 5.04 1.60 -2.77 303.67 313.86 20.75 -2.60
0.00 1583.13
824.00 3.64 0.74 -3.01 303.70 313.49 20.88 -2.70
0.00 1730.00
806.20 1.84 -0.36 -3.30 303.61 312.74 20.90 -2.70
0.00 1906.76
787.00 -0.06 -1.56 -3.63 303.59 312.35 20.77 -2.70
0.00 2100.54
766.50 -1.96 -3.04 -4.63 303.25 306.22 20.71 -2.80
0.00 2311.26
743.80 -3.86 -4.81 -6.32 302.78 293.54 21.41 -2.80
2.00 2549.55
718.90 -6.16 -6.88 -8.16 302.18 283.92 23.41 -2.80
5.00 2817.29
692.00 -8.66 -9.19 -10.25 301.64 276.43 25.99 -2.60
16.00 3114.43
663.10 -11.46 -11.90 -12.92 300.94 272.00 27.80 -2.40
45.00 3443.42
631.90 -14.46 -14.67 -15.22 300.79 264.51 30.44 -2.20
100.00 3810.93
598.60 -17.76 -17.80 -17.97 300.69 257.93 34.36 -2.00
100.00 4218.68
562.80 -21.76 -21.79 -21.92 300.09 256.11 38.01 -1.90
100.00 4676.46
524.80 -23.86 -24.92 -31.03 301.61 263.42 50.84 -1.90
35.00 5189.00
487.40 -26.56 -27.89 -38.96 303.78 264.47 60.49 -1.80
0.00 5725.70
453.30 -30.26 -31.11 -38.64 305.59 265.14 66.47 -1.70
0.00 6245.39
422.10 -33.56 -33.89 -36.76 307.95 265.21 72.13 -1.60
78.00 6749.06
393.40 -36.56 -36.74 -38.52 310.14 264.61 76.48 -1.50
100.00 7239.91
366.90 -39.96 -40.06 -41.34 311.59 261.43 79.56 -1.30
100.00 7719.49
342.70 -43.86 -43.93 -45.11 312.12 258.39 80.11 -1.00
100.00 8181.41
320.40 -48.06 -48.09 -48.91 312.14 262.06 81.58 -0.70
100.00 8628.92
299.90 -51.26 -51.30 -52.39 313.42 263.69 79.55 -0.40
61.00 9061.50
281.20 -53.36 -53.47 -58.61 316.02 255.93 81.51 -0.10
0.00 9477.71
264.10 -54.66 -54.80 -63.06 319.75 259.10 85.26 0.00
0.00 9880.16
248.00 -52.16 -52.42 -66.53 329.24 268.48 73.45 0.10
0.00 10284.74
233.20 -50.26 -50.64 -71.86 337.91 270.37 60.02 0.20
0.00 10684.49
219.50 -50.46 -50.86 -72.27 343.50 263.43 59.44 0.30
0.00 11079.32
205.60 -50.56 -50.98 -72.72 349.82 266.03 64.45 0.40
0.00 11505.66
191.70 -50.16 -9999.00 -9999.00 -9999.00 271.74 63.95 0.30
0.00 11962.17
177.70 -50.36 -9999.00 -9999.00 -9999.00 275.92 58.39 0.30
0.00 12456.94
163.80 -51.36 -9999.00 -9999.00 -9999.00 276.08 51.38 0.20
0.00 12986.91
149.80 -52.86 -9999.00 -9999.00 -9999.00 273.22 44.95 0.10
0.00 13564.99
135.90 -54.56 -9999.00 -9999.00 -9999.00 272.85 39.08 0.10
0.00 14190.50
121.90 -56.26 -9999.00 -9999.00 -9999.00 270.62 35.74 0.00
0.00 14883.43
108.00 -57.46 -9999.00 -9999.00 -9999.00 266.21 35.24 -0.10
0.00 15649.93
94.00 -56.16 -9999.00 -9999.00 -9999.00 267.05 30.15 0.00
0.00 16529.12
81.00 -57.26 -9999.00 -9999.00 -9999.00 256.79 19.56 0.00
0.00 17472.14
70.60 -58.46 -9999.00 -9999.00 -9999.00 265.24 14.02 0.00
0.00 18338.13
62.20 -60.86 -9999.00 -9999.00 -9999.00 213.15 11.36 0.00
0.00 19129.74
54.30 -60.46 -9999.00 -9999.00 -9999.00 248.63 19.19 0.00
0.00 19974.59
46.90 -56.96 -9999.00 -9999.00 -9999.00 272.34 19.06 0.00
0.00 20894.21
40.10 -56.36 -9999.00 -9999.00 -9999.00 277.70 14.51 0.00
0.00 21886.84
33.80 -57.26 -9999.00 -9999.00 -9999.00 247.48 17.25 0.00
0.00 22969.17
27.80 -56.56 -9999.00 -9999.00 -9999.00 226.17 20.20 0.00
0.00 24206.14
22.30 -55.56 -9999.00 -9999.00 -9999.00 243.74 16.24 0.00
0.00 25607.00
17.10 -53.86 -9999.00 -9999.00 -9999.00 245.73 10.86 0.00
0.00 27304.67
12.30 -49.86 -9999.00 -9999.00 -9999.00 253.11 11.36 0.00
0.00 29438.86

STID = KSLC STNM = 725720 TIME = 221026/2300 
SLAT = 40.78 SLON = -111.97 SELV = 1311.0
STIM = 11

SHOW = 0.76 LIFT = 0.87 SWET = 234.71 KINX = 28.25
LCLP = 758.53 PWAT = 9.57 TOTL = 55.63 CAPE = 75.30
LCLT = 269.05 CINS = -4.01 EQLV = 514.20 LFCT = 716.30
BRCH = 0.69

PRES TMPC TMWC DWPC THTE DRCT SKNT OMEG
CFRL HGHT
866.60 6.34 2.51 -2.30 302.30 329.97 14.36 -1.00
0.00 1320.46
864.00 6.04 2.32 -2.37 302.21 329.98 20.18 -1.60
0.00 1345.08
859.30 5.54 2.01 -2.48 302.11 330.38 22.79 -1.90
0.00 1389.72
851.20 4.74 1.51 -2.65 302.02 329.97 24.46 -2.10
0.00 1467.04
839.40 3.54 0.78 -2.84 301.91 329.26 25.08 -2.20
0.00 1580.60
824.30 2.14 -0.09 -3.08 301.95 328.13 25.39 -2.30
0.00 1727.58
806.50 0.44 -1.16 -3.37 301.96 326.92 25.27 -2.40
0.00 1903.35
787.30 -1.46 -2.48 -3.95 301.73 323.39 25.41 -2.50
0.00 2096.06
766.70 -3.26 -3.90 -4.90 301.56 317.54 24.75 -2.60
2.00 2306.68
744.00 -5.06 -5.47 -6.15 301.51 306.28 22.65 -2.50
16.00 2543.80
719.20 -6.96 -7.23 -7.72 301.51 291.90 21.35 -2.40
46.00 2809.40
692.30 -9.26 -9.40 -9.70 301.24 277.56 22.14 -2.20
96.00 3105.64
663.30 -11.76 -11.80 -11.91 301.10 270.00 23.70 -1.90
100.00 3435.12
632.10 -14.66 -14.68 -14.77 300.73 263.19 26.22 -1.50
100.00 3802.18
598.70 -18.06 -18.08 -18.19 300.23 258.32 29.76 -1.20
100.00 4210.67
562.90 -22.16 -22.18 -22.31 299.47 254.60 33.64 -1.20
100.00 4667.73
524.90 -25.26 -25.78 -28.63 300.34 261.46 45.77 -1.20
37.00 5178.35
487.50 -27.66 -28.98 -41.84 302.16 263.94 57.03 -1.30
0.00 5712.25
453.30 -30.46 -31.73 -48.82 304.63 266.67 66.94 -1.30
0.00 6231.98
422.10 -33.46 -34.05 -40.00 307.70 267.54 77.00 -1.40
36.00 6735.50
393.50 -36.56 -36.67 -37.71 310.22 265.65 82.01 -1.30
100.00 7224.67
367.00 -39.96 -39.99 -40.36 311.67 261.91 82.79 -1.10
100.00 7704.13
342.70 -43.66 -43.72 -44.66 312.43 257.64 83.53 -0.70
100.00 8168.10
320.40 -47.86 -47.90 -48.91 312.41 256.03 82.87 -0.40
100.00 8616.00
299.90 -50.96 -51.03 -53.28 313.80 255.79 79.95 0.00
0.00 9049.07
281.20 -52.76 -52.89 -58.61 316.89 252.72 82.38 0.20
0.00 9466.13
264.10 -52.96 -53.15 -63.06 322.24 258.80 81.97 0.40
0.00 9870.69
248.00 -50.06 -50.43 -71.44 332.32 270.95 69.95 0.30
0.00 10278.77
233.20 -48.46 -48.93 -71.86 340.64 274.94 58.68 0.20
0.00 10682.02
219.50 -48.66 -49.15 -72.27 346.27 270.21 53.42 0.10
0.00 11080.05
205.60 -49.86 -50.32 -72.72 350.92 267.93 53.65 0.00
0.00 11508.78
191.70 -51.06 -9999.00 -9999.00 -9999.00 273.16 56.41 0.10
0.00 11965.08
177.70 -51.16 -9999.00 -9999.00 -9999.00 280.41 55.89 0.10
0.00 12457.96
163.80 -51.16 -9999.00 -9999.00 -9999.00 283.21 49.28 0.10
0.00 12987.23
149.80 -52.26 -9999.00 -9999.00 -9999.00 281.04 40.58 0.00
0.00 13566.35
135.90 -54.66 -9999.00 -9999.00 -9999.00 279.61 36.05 0.00
0.00 14192.58
121.90 -56.66 -9999.00 -9999.00 -9999.00 277.49 34.29 0.00
0.00 14884.70
108.00 -57.36 -9999.00 -9999.00 -9999.00 271.70 32.65 0.00
0.00 15650.67
94.00 -56.26 -9999.00 -9999.00 -9999.00 267.85 25.85 0.00
0.00 16529.87
81.00 -56.66 -9999.00 -9999.00 -9999.00 255.77 14.22 0.00
0.00 17473.97
70.60 -58.66 -9999.00 -9999.00 -9999.00 270.00 8.94 0.00
0.00 18340.76
62.20 -60.46 -9999.00 -9999.00 -9999.00 233.37 9.44 0.00
0.00 19132.75
54.30 -59.86 -9999.00 -9999.00 -9999.00 255.44 15.46 0.00
0.00 19979.59
46.90 -56.66 -9999.00 -9999.00 -9999.00 275.13 15.21 0.00
0.00 20901.13
40.10 -56.66 -9999.00 -9999.00 -9999.00 281.51 10.70 0.00
0.00 21893.76
33.80 -57.36 -9999.00 -9999.00 -9999.00 250.25 16.10 0.00
0.00 22975.10
27.80 -56.26 -9999.00 -9999.00 -9999.00 233.84 18.76 0.00
0.00 24212.64
22.30 -55.16 -9999.00 -9999.00 -9999.00 245.28 13.48 0.00
0.00 25615.75
17.10 -53.86 -9999.00 -9999.00 -9999.00 235.71 10.35 0.00
0.00 27314.97
12.30 -50.26 -9999.00 -9999.00 -9999.00 240.38 11.40 0.00
0.00 29447.23

STID = KSLC STNM = 725720 TIME = 221027/0000 
SLAT = 40.78 SLON = -111.97 SELV = 1311.0
STIM = 12

SHOW = -0.01 LIFT = 0.44 SWET = 236.11 KINX = 24.05
LCLP = 740.66 PWAT = 7.62 TOTL = 57.05 CAPE = 88.24
LCLT = 267.28 CINS = -12.92 EQLV = 501.65 LFCT = 710.58
BRCH = 1.01

PRES TMPC TMWC DWPC THTE DRCT SKNT OMEG
CFRL HGHT
866.00 6.34 2.00 -3.79 301.25 325.62 8.94 -0.30
0.00 1320.46
863.40 6.14 1.85 -3.91 301.24 323.50 12.08 -0.70
0.00 1345.10
858.70 5.64 1.52 -4.06 301.11 322.48 13.71 -1.00
0.00 1389.77
850.60 4.94 1.06 -4.27 301.11 322.39 14.96 -1.30
0.00 1467.18
838.80 3.84 0.34 -4.57 301.03 322.00 15.77 -1.50
0.00 1580.89
823.70 2.44 -0.64 -5.10 300.87 322.07 16.74 -1.70
0.00 1728.09
806.00 0.84 -1.87 -5.98 300.58 319.87 17.77 -1.60
0.00 1903.15
786.80 -0.96 -3.41 -7.41 299.95 316.22 19.37 -1.50
0.00 2096.21
766.30 -2.86 -5.22 -9.52 299.08 309.94 21.79 -1.30
0.00 2306.15
743.60 -4.96 -7.26 -11.97 298.24 303.69 23.82 -1.10
0.00 2543.47
718.80 -7.36 -9.24 -13.45 297.96 297.35 25.37 -1.10
3.00 2808.87
691.90 -10.06 -11.29 -14.25 298.01 291.64 26.34 -1.10
62.00 3104.45
663.00 -12.66 -13.38 -15.24 298.48 281.31 27.74 -1.30
78.00 3431.76
631.90 -15.46 -15.84 -16.95 298.88 271.16 28.75 -1.40
93.00 3796.49
598.50 -18.56 -18.85 -19.84 299.07 263.87 29.12 -1.40
100.00 4204.01
562.70 -22.66 -22.69 -22.82 298.75 258.03 29.99 -1.30
100.00 4660.29
524.70 -26.46 -26.63 -27.59 299.14 259.59 38.71 -1.20
100.00 5169.36
487.40 -29.16 -30.03 -37.61 300.70 264.95 48.56 -1.00
0.00 5699.10
453.20 -31.46 -32.60 -48.83 303.40 269.27 61.38 -0.90
0.00 6216.31
422.00 -33.96 -34.61 -41.88 306.90 268.68 75.78 -0.80
0.00 6718.36
393.40 -36.86 -37.01 -38.52 309.74 264.62 82.93 -0.50
100.00 7206.82
366.90 -40.26 -40.36 -41.68 311.15 258.40 84.07 -0.20
100.00 7685.78
342.70 -44.06 -44.17 -46.07 311.78 252.87 83.74 0.10
100.00 8147.20
320.40 -47.46 -47.60 -51.01 312.86 249.41 81.76 0.30
37.00 8595.10
299.90 -49.16 -49.40 -58.10 316.19 250.21 80.30 0.30
0.00 9030.28
281.20 -49.86 -50.17 -65.62 320.93 255.86 77.93 0.20
0.00 9451.76
264.10 -49.96 -50.29 -66.07 326.59 265.44 70.94 0.10
0.00 9861.73
248.00 -49.26 -49.67 -71.44 333.51 274.32 61.95 0.00
0.00 10273.31
233.20 -48.36 -48.84 -71.86 340.79 280.02 55.83 0.10
0.00 10677.37
219.50 -48.46 -48.96 -72.27 346.58 282.67 51.36 0.00
0.00 11075.66
205.60 -49.06 -9999.00 -9999.00 -9999.00 282.03 48.47 0.00
0.00 11505.36
191.70 -50.16 -9999.00 -9999.00 -9999.00 280.65 46.25 -0.10
0.00 11963.39
177.70 -51.66 -9999.00 -9999.00 -9999.00 282.48 44.97 -0.10
0.00 12456.72
163.80 -52.86 -9999.00 -9999.00 -9999.00 287.10 44.91 0.00
0.00 12983.36
149.80 -53.46 -9999.00 -9999.00 -9999.00 289.64 41.05 0.00
0.00 13558.69
135.90 -54.16 -9999.00 -9999.00 -9999.00 285.67 33.08 0.00
0.00 14183.92
121.90 -56.46 -9999.00 -9999.00 -9999.00 279.40 28.55 0.00
0.00 14877.16
108.00 -57.06 -9999.00 -9999.00 -9999.00 278.34 29.45 0.00
0.00 15644.02
94.00 -55.76 -9999.00 -9999.00 -9999.00 270.00 21.56 0.00
0.00 16524.84
81.00 -56.16 -9999.00 -9999.00 -9999.00 261.09 10.02 0.00
0.00 17471.12
70.60 -58.66 -9999.00 -9999.00 -9999.00 259.38 6.33 0.00
0.00 18338.92
62.20 -59.56 -9999.00 -9999.00 -9999.00 245.64 11.31 0.00
0.00 19132.57
54.30 -58.26 -9999.00 -9999.00 -9999.00 263.74 16.03 0.00
0.00 19984.38
46.90 -56.76 -9999.00 -9999.00 -9999.00 285.45 15.31 0.00
0.00 20909.14
40.10 -57.66 -9999.00 -9999.00 -9999.00 285.15 9.65 0.00
0.00 21899.25
33.80 -57.96 -9999.00 -9999.00 -9999.00 244.62 16.76 0.00
0.00 22976.59
27.80 -55.86 -9999.00 -9999.00 -9999.00 235.38 19.83 0.00
0.00 24213.56
22.30 -54.56 -9999.00 -9999.00 -9999.00 245.64 11.31 0.00
0.00 25619.89
17.10 -53.46 -9999.00 -9999.00 -9999.00 241.14 10.86 0.00
0.00 27323.00
12.30 -50.26 -9999.00 -9999.00 -9999.00 244.31 17.04 0.00
0.00 29457.20

STID = KSLC STNM = 725720 TIME = 221027/0100 
SLAT = 40.78 SLON = -111.97 SELV = 1311.0
STIM = 13

SHOW = -0.63 LIFT = -0.48 SWET = 234.22 KINX = 21.44
LCLP = 731.34 PWAT = 6.66 TOTL = 57.98 CAPE = 127.82
LCLT = 266.18 CINS = -11.91 EQLV = 486.49 LFCT = 695.41
BRCH = 3.14

PRES TMPC TMWC DWPC THTE DRCT SKNT OMEG
CFRL HGHT
866.40 6.24 1.65 -4.73 300.45 284.04 1.59 0.60
0.00 1321.40
863.90 6.34 1.61 -5.02 300.64 299.48 5.13 -0.30
0.00 1345.08
859.10 6.04 1.36 -5.27 300.68 301.43 8.20 -0.80
0.00 1390.72
851.10 5.44 0.93 -5.53 300.74 302.55 10.84 -1.30
0.00 1467.23
839.20 4.34 0.18 -5.93 300.62 303.69 12.61 -1.80
0.00 1582.04
824.20 3.04 -0.72 -6.39 300.62 305.26 13.79 -2.30
0.00 1728.45
806.40 1.34 -1.86 -6.86 300.52 305.18 14.49 -2.50
0.00 1904.72
787.20 -0.56 -3.12 -7.26 300.44 305.54 15.03 -2.60
0.00 2098.00
766.70 -2.56 -4.47 -7.65 300.46 305.71 15.31 -2.50
0.00 2308.13
744.00 -4.86 -6.50 -9.53 299.58 305.54 16.71 -2.20
0.00 2545.55
719.20 -7.06 -9.30 -14.53 297.77 305.89 18.22 -1.90
0.00 2811.03
692.30 -9.86 -11.86 -17.28 296.98 305.74 19.62 -1.40
12.00 3106.67
663.30 -12.76 -14.44 -19.65 296.69 302.35 20.69 -0.80
28.00 3434.91
632.10 -16.06 -17.28 -21.61 296.57 291.80 21.97 -0.20
43.00 3800.06
598.80 -19.66 -20.32 -22.98 296.76 277.87 24.13 0.30
81.00 4204.74
563.00 -23.46 -23.78 -25.34 297.08 266.78 27.62 0.30
100.00 4659.00
524.90 -27.06 -27.50 -30.29 297.84 267.06 30.34 0.10
97.00 5167.67
487.60 -30.16 -30.94 -38.26 299.37 272.63 33.84 -0.10
0.00 5695.45
453.30 -32.66 -33.62 -47.20 301.94 273.04 47.65 -0.30
0.00 6211.65
422.10 -34.86 -35.74 -50.37 305.23 266.64 66.36 -0.30
0.00 6711.38
393.50 -37.56 -38.06 -45.33 308.17 259.00 76.38 -0.20
53.00 7198.03
367.00 -40.66 -41.11 -49.84 310.02 252.24 77.72 -0.10
38.00 7675.69
342.70 -43.66 -44.11 -57.03 311.84 249.79 75.35 -0.20
20.00 8138.92
320.40 -46.16 -46.58 -64.65 314.31 252.42 70.10 -0.30
0.00 8588.45
300.00 -47.66 -48.04 -65.14 318.16 257.55 64.86 -0.30
0.00 9024.13
281.20 -48.16 -48.54 -65.62 323.38 263.82 61.34 -0.30
0.00 9450.81
264.10 -47.96 -48.40 -71.01 329.47 272.61 55.42 -0.30
0.00 9864.18
248.00 -48.06 -48.52 -71.44 335.30 283.27 49.09 -0.20
0.00 10278.70
233.20 -48.26 -48.74 -71.86 340.94 287.91 47.36 0.00
0.00 10683.94
219.50 -48.66 -49.15 -72.27 346.27 290.56 46.46 0.10
0.00 11082.14
205.60 -49.16 -9999.00 -9999.00 -9999.00 292.37 43.90 0.10
0.00 11511.54
191.70 -49.86 -9999.00 -9999.00 -9999.00 294.20 42.17 0.10
0.00 11969.79
177.70 -51.06 -9999.00 -9999.00 -9999.00 294.11 38.52 0.10
0.00 12464.11
163.80 -52.76 -9999.00 -9999.00 -9999.00 291.40 35.68 0.10
0.00 12991.59
149.80 -53.86 -9999.00 -9999.00 -9999.00 291.69 35.74 0.10
0.00 13566.52
135.90 -54.26 -9999.00 -9999.00 -9999.00 290.92 32.65 0.10
0.00 14191.04
121.90 -55.66 -9999.00 -9999.00 -9999.00 284.57 25.49 0.00
0.00 14885.40
108.00 -57.46 -9999.00 -9999.00 -9999.00 283.12 26.53 0.00
0.00 15652.96
94.00 -56.46 -9999.00 -9999.00 -9999.00 276.80 21.33 0.00
0.00 16531.55
81.00 -56.56 -9999.00 -9999.00 -9999.00 245.92 10.00 0.00
0.00 17475.43
70.60 -59.46 -9999.00 -9999.00 -9999.00 229.18 5.65 0.00
0.00 18340.82
62.20 -60.06 -9999.00 -9999.00 -9999.00 254.20 10.70 0.00
0.00 19132.06
54.30 -58.36 -9999.00 -9999.00 -9999.00 268.24 12.63 0.00
0.00 19982.68
46.90 -57.36 -9999.00 -9999.00 -9999.00 280.54 8.49 0.00
0.00 20905.94
40.10 -57.86 -9999.00 -9999.00 -9999.00 247.07 5.48 0.00
0.00 21894.21
33.80 -56.96 -9999.00 -9999.00 -9999.00 237.19 17.56 0.00
0.00 22973.55
27.80 -54.16 -9999.00 -9999.00 -9999.00 249.06 16.84 0.00
0.00 24218.24
22.30 -54.56 -9999.00 -9999.00 -9999.00 265.91 10.90 0.00
0.00 25630.06
17.10 -53.86 -9999.00 -9999.00 -9999.00 244.09 15.11 0.00
0.00 27331.62
12.30 -50.56 -9999.00 -9999.00 -9999.00 245.93 21.91 0.00
0.00 29462.43

STID = KSLC STNM = 725720 TIME = 221027/0200 
SLAT = 40.78 SLON = -111.97 SELV = 1311.0
STIM = 14

SHOW = -0.74 LIFT = -0.50 SWET = 224.17 KINX = 22.13
LCLP = 716.90 PWAT = 5.96 TOTL = 57.84 CAPE = 97.75
LCLT = 264.58 CINS = -14.03 EQLV = 481.43 LFCT = 671.88
BRCH = 11.54

PRES TMPC TMWC DWPC THTE DRCT SKNT OMEG
CFRL HGHT
867.50 6.24 1.25 -6.09 299.45 238.39 2.97 0.50
0.00 1319.49
864.80 6.34 1.19 -6.46 299.63 265.24 7.01 -0.70
0.00 1345.04
860.10 6.14 0.93 -6.97 299.62 277.39 10.59 -1.50
0.00 1389.68
852.00 5.64 0.51 -7.39 299.72 284.83 13.66 -2.20
0.00 1467.08
840.20 4.64 -0.25 -8.03 299.58 290.89 15.79 -2.90
0.00 1580.87
825.10 3.34 -1.20 -8.68 299.50 295.69 17.04 -3.40
0.00 1728.21
807.30 1.64 -2.41 -9.39 299.28 299.67 17.66 -3.70
0.00 1904.42
788.10 -0.26 -3.72 -9.91 299.15 302.14 17.89 -3.80
0.00 2097.64
767.50 -2.26 -5.05 -10.19 299.24 303.00 17.83 -3.70
0.00 2308.72
744.80 -4.66 -6.56 -10.14 299.37 303.00 17.83 -3.60
0.00 2546.07
720.00 -7.26 -8.74 -11.84 298.68 303.86 17.77 -3.30
0.00 2811.29
693.00 -9.86 -11.60 -16.07 297.34 304.89 18.01 -2.80
0.00 3107.64
663.90 -12.86 -14.56 -19.93 296.41 305.19 18.53 -2.30
0.00 3436.65
632.70 -16.26 -17.58 -22.47 296.02 302.88 18.96 -1.60
0.00 3801.24
599.30 -19.86 -20.84 -25.17 295.90 300.87 19.70 -0.90
31.00 4206.42
563.40 -23.76 -24.49 -28.51 295.98 307.50 21.06 -0.40
55.00 4661.09
525.30 -27.46 -28.21 -33.81 296.75 314.63 21.02 0.00
47.00 5168.62
487.90 -31.16 -31.98 -40.92 297.85 295.51 18.94 0.10
0.00 5695.89
453.60 -33.76 -34.51 -44.59 300.64 273.52 34.83 -0.10
0.00 6209.52
422.30 -36.46 -37.12 -47.84 303.25 266.40 49.44 -0.20
0.00 6707.75
393.60 -38.76 -39.38 -51.98 306.25 259.02 59.17 -0.20
0.00 7193.03
367.10 -41.06 -41.65 -58.27 309.20 256.28 58.99 -0.20
0.00 7668.91
342.80 -43.26 -43.78 -61.06 312.28 258.49 53.52 -0.20
0.00 8131.99
320.50 -44.96 -45.44 -64.65 315.94 263.84 48.85 -0.30
0.00 8582.96
300.00 -45.86 -46.35 -70.12 320.65 271.23 45.09 -0.40
0.00 9023.61
281.30 -46.76 -47.23 -70.57 325.31 279.07 41.90 -0.40
0.00 9450.96
264.20 -47.66 -48.12 -71.00 329.88 285.46 37.90 -0.20
0.00 9865.73
248.00 -47.86 -48.34 -71.44 335.60 293.75 37.14 -0.10
0.00 10283.21
233.20 -47.76 -48.27 -71.86 341.70 296.69 38.93 -0.10
0.00 10689.08
219.50 -48.06 -9999.00 -9999.00 -9999.00 299.55 41.76 0.00
0.00 11088.26
205.60 -48.66 -9999.00 -9999.00 -9999.00 302.87 41.16 0.00
0.00 11518.71
191.70 -49.26 -9999.00 -9999.00 -9999.00 302.74 38.79 0.00
0.00 11978.08
177.70 -50.56 -9999.00 -9999.00 -9999.00 302.70 37.39 0.00
0.00 12473.63
163.80 -52.46 -9999.00 -9999.00 -9999.00 303.14 33.41 -0.10
0.00 13002.06
149.80 -54.06 -9999.00 -9999.00 -9999.00 297.23 30.15 0.00
0.00 13577.13
135.90 -54.86 -9999.00 -9999.00 -9999.00 292.00 30.59 0.00
0.00 14200.50
121.90 -55.26 -9999.00 -9999.00 -9999.00 288.82 27.10 0.00
0.00 14894.54
108.00 -56.46 -9999.00 -9999.00 -9999.00 285.21 22.94 0.00
0.00 15664.59
94.00 -56.16 -9999.00 -9999.00 -9999.00 281.08 19.19 0.00
0.00 16545.81
81.00 -55.96 -9999.00 -9999.00 -9999.00 248.96 8.12 0.00
0.00 17491.66
70.60 -59.46 -9999.00 -9999.00 -9999.00 248.96 2.70 0.00
0.00 18358.25
62.20 -59.96 -9999.00 -9999.00 -9999.00 281.09 10.10 0.00
0.00 19149.68
54.30 -58.56 -9999.00 -9999.00 -9999.00 293.57 11.65 0.00
0.00 20000.10
46.90 -57.96 -9999.00 -9999.00 -9999.00 277.35 6.08 0.00
0.00 20921.64
40.10 -57.86 -9999.00 -9999.00 -9999.00 223.36 4.82 0.00
0.00 21908.54
33.80 -56.46 -9999.00 -9999.00 -9999.00 240.71 18.26 0.00
0.00 22989.13
27.80 -54.66 -9999.00 -9999.00 -9999.00 256.94 13.75 0.00
0.00 24233.82
22.30 -54.56 -9999.00 -9999.00 -9999.00 268.64 8.16 0.00
0.00 25644.03
17.10 -52.46 -9999.00 -9999.00 -9999.00 240.78 13.13 0.00
0.00 27351.03
12.30 -49.76 -9999.00 -9999.00 -9999.00 251.87 23.10 0.00
0.00 29492.45

STID = KSLC STNM = 725720 TIME = 221027/0300 
SLAT = 40.78 SLON = -111.97 SELV = 1311.0
STIM = 15

SHOW = -1.21 LIFT = -0.34 SWET = 308.37 KINX = 28.38
LCLP = 795.40 PWAT = 7.63 TOTL = 60.46 CAPE = 134.60
LCLT = 270.25 CINS = -28.59 EQLV = 448.40 LFCT = 707.86
BRCH = 4.30

PRES TMPC TMWC DWPC THTE DRCT SKNT OMEG
CFRL HGHT
868.10 3.94 1.47 -1.71 299.97 323.13 6.80 -0.50
0.00 1320.36
865.60 3.94 1.45 -1.75 300.22 334.72 15.46 -1.20
0.00 1343.81
860.90 3.64 1.25 -1.82 300.37 338.96 21.64 -1.70
0.00 1388.05
852.80 3.04 0.83 -2.05 300.44 340.91 26.73 -1.80
0.00 1464.74
840.90 1.94 0.03 -2.52 300.23 340.27 29.91 -1.90
0.00 1578.38
825.80 0.84 -1.20 -4.14 299.54 336.61 31.31 -1.90
0.00 1724.31
807.90 -0.36 -2.79 -6.70 298.57 330.74 31.39 -1.90
0.00 1900.02
788.70 -1.86 -4.10 -7.94 298.41 324.98 30.13 -2.00
0.00 2091.87
768.10 -3.66 -5.43 -8.58 298.50 319.57 27.56 -1.90
0.00 2301.68
745.30 -5.66 -6.90 -9.21 298.71 315.65 24.18 -1.70
0.00 2538.87
720.40 -7.76 -8.64 -10.40 298.82 311.40 19.68 -1.30
0.00 2804.28
693.40 -10.36 -10.97 -12.36 298.36 305.05 15.89 -1.00
86.00 3099.98
664.40 -13.16 -13.85 -15.70 297.52 300.83 14.02 -0.60
88.00 3427.25
633.10 -16.56 -17.23 -19.45 296.52 297.26 14.41 -0.20
24.00 3792.42
599.60 -19.96 -20.49 -22.64 296.39 298.56 17.46 0.10
77.00 4198.33
563.70 -23.26 -23.72 -25.98 297.05 302.36 23.23 0.20
69.00 4653.17
525.50 -26.96 -27.50 -31.02 297.74 303.35 27.21 0.20
5.00 5162.87
488.00 -31.36 -31.84 -36.12 298.05 302.88 22.90 0.10
1.00 5691.77
453.70 -35.36 -35.79 -41.19 298.85 288.28 22.92 -0.10
0.00 6203.40
422.40 -37.76 -38.26 -46.45 301.63 269.07 35.74 -0.30
0.00 6698.50
393.70 -38.96 -39.61 -54.40 305.90 261.48 44.58 -0.50
0.00 7182.11
367.20 -40.86 -41.49 -60.53 309.40 268.86 39.04 -0.50
0.00 7657.87
342.80 -42.66 -43.24 -64.15 313.05 285.70 37.33 -0.40
0.00 8123.59
320.50 -44.26 -44.78 -64.65 316.91 296.13 33.97 -0.30
0.00 8575.84
300.00 -45.26 -45.76 -65.14 321.54 305.02 27.76 -0.20
0.00 9017.74
281.30 -46.26 -46.76 -70.57 326.03 303.34 26.52 -0.10
0.00 9446.13
264.20 -47.16 -47.64 -71.00 330.61 303.46 26.77 0.00
0.00 9861.83
248.00 -47.86 -48.34 -71.44 335.60 308.38 30.98 0.00
0.00 10279.76
233.30 -48.06 -48.55 -71.86 341.20 311.69 35.63 0.00
0.00 10682.54
219.50 -48.26 -48.77 -72.27 346.89 315.21 36.67 0.10
0.00 11084.10
205.70 -48.66 -9999.00 -9999.00 -9999.00 311.81 37.00 0.10
0.00 11511.16
191.70 -49.76 -9999.00 -9999.00 -9999.00 308.98 37.98 0.10
0.00 11973.21
177.70 -51.26 -9999.00 -9999.00 -9999.00 309.84 38.21 0.10
0.00 12467.42
163.80 -52.16 -9999.00 -9999.00 -9999.00 311.76 36.46 0.00
0.00 12995.37
149.80 -53.26 -9999.00 -9999.00 -9999.00 303.92 26.46 0.00
0.00 13571.88
135.90 -54.86 -9999.00 -9999.00 -9999.00 294.00 27.21 0.00
0.00 14196.40
121.90 -55.76 -9999.00 -9999.00 -9999.00 294.92 27.19 0.00
0.00 14889.64
108.00 -55.66 -9999.00 -9999.00 -9999.00 295.37 20.86 0.00
0.00 15660.22
94.00 -57.16 -9999.00 -9999.00 -9999.00 293.11 15.83 0.00
0.00 16541.04
81.00 -57.06 -9999.00 -9999.00 -9999.00 262.88 7.83 0.00
0.00 17482.31
70.60 -60.06 -9999.00 -9999.00 -9999.00 236.89 5.34 0.00
0.00 18345.49
62.20 -59.86 -9999.00 -9999.00 -9999.00 276.77 11.54 0.00
0.00 19135.99
54.30 -58.46 -9999.00 -9999.00 -9999.00 295.71 11.64 0.00
0.00 19986.80
46.90 -58.36 -9999.00 -9999.00 -9999.00 257.74 4.56 0.00
0.00 20907.70
40.10 -58.46 -9999.00 -9999.00 -9999.00 223.53 5.36 0.00
0.00 21892.31
33.80 -57.26 -9999.00 -9999.00 -9999.00 243.43 16.94 0.00
0.00 22969.39
27.80 -55.56 -9999.00 -9999.00 -9999.00 248.37 12.12 0.00
0.00 24209.22
22.30 -54.46 -9999.00 -9999.00 -9999.00 254.41 8.66 0.00
0.00 25616.85
17.10 -52.56 -9999.00 -9999.00 -9999.00 248.04 13.00 0.00
0.00 27323.85
12.30 -50.16 -9999.00 -9999.00 -9999.00 250.18 22.92 0.00
0.00 29462.86

STID = KSLC STNM = 725720 TIME = 221027/0400 
SLAT = 40.78 SLON = -111.97 SELV = 1311.0
STIM = 16

SHOW = -0.81 LIFT = -0.14 SWET = 268.08 KINX = 21.24
LCLP = 795.05 PWAT = 6.42 TOTL = 59.99 CAPE = 93.91
LCLT = 269.51 CINS = -52.74 EQLV = 459.14 LFCT = 685.94
BRCH = 3.09

PRES TMPC TMWC DWPC THTE DRCT SKNT OMEG
CFRL HGHT
868.40 3.24 0.81 -2.45 298.59 10.30 4.35 0.70
0.00 1320.33
865.80 3.34 0.79 -2.64 298.85 7.13 7.83 0.50
0.00 1344.65
861.10 3.24 0.66 -2.82 299.13 4.16 10.70 0.30
0.00 1388.79
853.00 2.54 0.26 -2.84 299.26 358.32 13.21 -0.30
0.00 1465.33
841.10 1.44 -0.32 -2.74 299.48 352.27 15.87 -0.90
0.00 1578.73
826.10 0.34 -1.19 -3.34 299.55 343.58 19.23 -1.40
0.00 1723.39
808.30 -0.66 -2.75 -6.03 298.62 333.20 21.11 -1.60
0.00 1897.80
789.00 -1.86 -4.54 -9.41 297.54 326.16 21.29 -1.50
0.00 2090.45
768.40 -3.36 -6.39 -12.76 296.67 320.67 20.84 -1.10
0.00 2300.23
745.60 -5.26 -8.27 -15.50 296.16 316.15 20.47 -0.70
0.00 2537.51
720.70 -7.56 -10.21 -17.22 296.00 310.01 20.55 -0.20
0.00 2802.95
693.70 -10.26 -12.36 -18.38 295.97 303.25 20.90 0.10
36.00 3098.53
664.60 -13.26 -14.72 -19.25 296.07 297.98 21.11 0.40
38.00 3426.67
633.30 -16.46 -17.40 -20.67 296.22 297.01 22.24 0.50
0.00 3791.67
599.80 -19.76 -20.38 -22.85 296.53 300.49 24.13 0.70
27.00 4197.66
563.90 -23.36 -23.82 -26.11 296.87 303.69 25.91 0.80
52.00 4652.44
525.70 -27.36 -27.76 -30.28 297.35 301.21 23.62 0.80
80.00 5161.44
488.20 -31.66 -32.10 -36.11 297.65 294.73 19.04 0.70
10.00 5689.38
453.80 -35.36 -35.93 -44.03 298.63 284.53 21.68 0.40
0.00 6202.01
422.50 -37.56 -38.12 -47.83 301.80 275.82 30.65 0.00
0.00 6697.19
393.80 -39.16 -39.87 -59.99 305.50 285.72 27.23 -0.20
0.00 7180.68
367.20 -40.66 -41.35 -68.70 309.58 300.72 23.95 -0.30
0.00 7658.16
342.90 -41.76 -9999.00 -9999.00 -9999.00 313.34 23.78 -0.40
0.00 8123.01
320.50 -43.36 -43.96 -69.66 318.12 328.91 29.72 -0.40
0.00 8578.99
300.00 -44.36 -44.94 -70.12 322.77 351.25 33.22 -0.20
0.00 9022.63
281.30 -45.46 -46.01 -70.57 327.18 356.86 28.40 -0.10
0.00 9452.62
264.20 -46.96 -47.45 -71.00 330.90 334.93 23.37 0.10
0.00 9869.23
248.00 -47.56 -48.05 -71.44 336.04 316.94 28.46 0.20
0.00 10287.64
233.20 -47.46 -47.99 -71.86 342.16 318.99 35.53 0.20
0.00 10694.05
219.50 -48.06 -48.58 -72.27 347.20 320.19 40.97 0.20
0.00 11093.49
205.60 -49.56 -9999.00 -9999.00 -9999.00 323.33 45.53 0.20
0.00 11523.08
191.70 -50.76 -9999.00 -9999.00 -9999.00 325.95 43.38 0.20
0.00 11980.00
177.70 -51.36 -9999.00 -9999.00 -9999.00 326.72 37.88 0.10
0.00 12472.99
163.80 -52.36 -9999.00 -9999.00 -9999.00 325.71 31.04 0.00
0.00 13000.58
149.80 -53.46 -9999.00 -9999.00 -9999.00 314.09 25.97 -0.10
0.00 13576.57
135.90 -54.36 -9999.00 -9999.00 -9999.00 296.80 21.11 -0.20
0.00 14201.51
121.90 -56.26 -9999.00 -9999.00 -9999.00 297.55 25.19 -0.10
0.00 14894.75
108.00 -56.26 -9999.00 -9999.00 -9999.00 304.23 22.79 -0.10
0.00 15663.38
94.00 -57.36 -9999.00 -9999.00 -9999.00 296.57 15.64 0.00
0.00 16542.58
81.00 -57.16 -9999.00 -9999.00 -9999.00 270.00 11.07 0.10
0.00 17483.19
70.60 -59.26 -9999.00 -9999.00 -9999.00 248.20 10.47 0.10
0.00 18347.77
62.20 -59.16 -9999.00 -9999.00 -9999.00 279.06 13.58 0.00
0.00 19141.06
54.30 -58.66 -9999.00 -9999.00 -9999.00 302.55 10.84 0.00
0.00 19992.86
46.90 -59.66 -9999.00 -9999.00 -9999.00 239.04 3.40 0.00
0.00 20910.55
40.10 -59.06 -9999.00 -9999.00 -9999.00 226.74 9.07 0.00
0.00 21890.80
33.80 -56.86 -9999.00 -9999.00 -9999.00 234.03 14.88 0.00
0.00 22967.38
27.80 -56.06 -9999.00 -9999.00 -9999.00 211.43 8.20 0.00
0.00 24206.93
22.30 -56.66 -9999.00 -9999.00 -9999.00 218.88 7.73 0.00
0.00 25605.84
17.10 -52.66 -9999.00 -9999.00 -9999.00 242.04 17.81 0.00
0.00 27303.90
12.30 -49.26 -9999.00 -9999.00 -9999.00 270.58 19.23 0.00
0.00 29446.77

STID = KSLC STNM = 725720 TIME = 221027/0500 
SLAT = 40.78 SLON = -111.97 SELV = 1311.0
STIM = 17

SHOW = -0.18 LIFT = 0.50 SWET = 247.13 KINX = 21.34
LCLP = 809.04 PWAT = 6.39 TOTL = 59.02 CAPE = 20.80
LCLT = 270.13 CINS = -26.43 EQLV = 494.60 LFCT = 654.74
BRCH = 1.42

PRES TMPC TMWC DWPC THTE DRCT SKNT OMEG
CFRL HGHT
868.80 2.54 0.58 -2.05 298.09 8.13 4.12 0.30
0.00 1319.37
866.30 2.84 0.67 -2.23 298.56 11.00 7.13 0.20
0.00 1342.70
861.50 2.54 0.44 -2.38 298.65 7.52 10.39 0.10
0.00 1387.66
853.40 1.94 0.14 -2.29 298.98 4.27 13.05 0.00
0.00 1463.98
841.60 0.84 -0.50 -2.34 299.08 359.27 15.35 -0.10
0.00 1576.13
826.40 -0.36 -1.54 -3.23 298.82 351.16 17.70 -0.30
0.00 1722.32
808.60 -1.76 -3.07 -5.10 297.99 344.95 18.71 -0.50
0.00 1896.10
789.30 -3.16 -4.64 -7.18 297.36 337.62 17.85 -0.70
0.00 2087.87
768.70 -4.66 -6.40 -9.74 296.67 327.23 16.86 -0.90
0.00 2296.62
745.90 -6.36 -8.27 -12.42 296.19 321.34 17.40 -1.00
0.00 2532.82
721.00 -8.26 -10.31 -15.45 295.83 318.87 20.38 -1.00
0.00 2797.30
694.00 -10.36 -12.43 -18.38 295.82 313.95 22.40 -0.90
0.00 3092.33
664.80 -12.96 -14.83 -21.03 295.85 306.97 21.64 -0.80
0.00 3421.59
633.50 -15.96 -17.50 -23.40 296.01 304.56 21.23 -0.50
0.00 3786.99
600.00 -19.36 -20.48 -25.43 296.33 307.06 22.88 -0.10
0.00 4193.51
564.00 -22.96 -23.97 -29.71 296.62 309.81 22.77 0.20
2.00 4650.11
525.80 -26.86 -27.96 -37.19 297.00 311.86 20.09 0.40
30.00 5159.86
488.30 -31.26 -32.11 -41.82 297.59 321.25 18.94 0.40
0.00 5688.59
453.90 -35.06 -35.71 -45.17 298.92 341.06 20.94 0.30
0.00 6201.83
422.60 -37.96 -38.56 -50.36 301.16 344.70 21.35 0.30
0.00 6696.79
393.80 -39.16 -39.87 -59.99 305.50 348.58 20.61 0.20
0.00 7181.49
367.30 -39.96 -9999.00 -9999.00 -9999.00 4.73 25.93 0.10
0.00 7657.82
342.90 -41.06 -9999.00 -9999.00 -9999.00 1.19 28.17 0.10
0.00 8125.92
320.60 -42.86 -43.49 -69.66 318.78 2.01 33.24 0.10
0.00 8580.98
300.10 -43.56 -44.16 -65.14 323.91 6.59 38.91 0.10
0.00 9025.74
281.30 -43.66 -44.32 -70.57 329.77 349.95 31.18 0.00
0.00 9460.42
264.20 -45.06 -45.67 -71.00 333.68 336.33 30.96 -0.10
0.00 9880.43
248.00 -47.26 -47.77 -71.44 336.49 342.96 37.78 -0.10
0.00 10300.87
233.30 -48.76 -49.22 -71.86 340.14 343.35 41.36 0.00
0.00 10703.55
219.50 -49.66 -50.10 -72.27 344.73 338.11 44.79 0.10
0.00 11103.24
205.70 -50.46 -9999.00 -9999.00 -9999.00 336.09 46.97 0.20
0.00 11527.26
191.70 -51.26 -9999.00 -9999.00 -9999.00 335.46 46.78 0.10
0.00 11985.90
177.70 -51.76 -9999.00 -9999.00 -9999.00 336.07 39.74 0.00
0.00 12477.90
163.80 -52.56 -9999.00 -9999.00 -9999.00 328.51 32.34 -0.10
0.00 13004.78
149.80 -54.36 -9999.00 -9999.00 -9999.00 322.54 30.34 -0.10
0.00 13579.32
135.90 -55.76 -9999.00 -9999.00 -9999.00 304.48 23.33 -0.10
0.00 14200.99
121.90 -56.46 -9999.00 -9999.00 -9999.00 291.80 25.10 0.00
0.00 14891.68
108.00 -56.96 -9999.00 -9999.00 -9999.00 298.19 27.54 0.10
0.00 15658.72
94.00 -55.36 -9999.00 -9999.00 -9999.00 294.09 18.08 0.10
0.00 16540.55
81.00 -56.96 -9999.00 -9999.00 -9999.00 263.80 8.99 0.00
0.00 17485.96
70.60 -59.66 -9999.00 -9999.00 -9999.00 230.91 8.00 -0.10
0.00 18350.15
62.20 -60.36 -9999.00 -9999.00 -9999.00 278.82 11.40 0.00
0.00 19140.46
54.30 -59.26 -9999.00 -9999.00 -9999.00 304.70 9.21 0.00
0.00 19988.69
46.90 -58.86 -9999.00 -9999.00 -9999.00 204.90 6.00 0.00
0.00 20906.81
40.10 -58.36 -9999.00 -9999.00 -9999.00 215.94 9.60 0.00
0.00 21890.50
33.80 -56.46 -9999.00 -9999.00 -9999.00 226.25 12.65 0.00
0.00 22969.83
27.80 -56.56 -9999.00 -9999.00 -9999.00 222.05 13.34 0.00
0.00 24209.09
22.30 -56.46 -9999.00 -9999.00 -9999.00 235.91 15.25 0.00
0.00 25607.04
17.10 -52.06 -9999.00 -9999.00 -9999.00 256.24 19.60 0.00
0.00 27308.20
12.30 -49.56 -9999.00 -9999.00 -9999.00 292.09 14.47 0.00
0.00 29452.52

STID = KSLC STNM = 725720 TIME = 221027/0600 
SLAT = 40.78 SLON = -111.97 SELV = 1311.0
STIM = 18

SHOW = 0.89 LIFT = 1.80 SWET = 209.29 KINX = 21.78
LCLP = 813.04 PWAT = 6.26 TOTL = 57.07 CAPE = 0.00
LCLT = 270.02 CINS = 0.00 EQLV = -9999.00 LFCT = -9999.00
BRCH = 0.00

PRES TMPC TMWC DWPC THTE DRCT SKNT OMEG
CFRL HGHT
869.90 2.14 0.30 -2.21 297.41 17.53 3.87 0.30
0.00 1320.28
867.40 2.54 0.43 -2.43 297.96 13.24 6.78 0.20
0.00 1343.54
862.60 2.24 0.19 -2.62 298.02 8.65 9.03 0.10
0.00 1388.40
854.50 1.74 -0.17 -2.82 298.23 3.81 11.67 0.00
0.00 1464.55
842.60 0.84 -0.91 -3.41 298.14 359.23 14.37 0.00
0.00 1577.45
827.50 -0.36 -2.23 -5.12 297.34 355.29 16.57 0.10
0.00 1722.46
809.60 -1.86 -3.77 -6.99 296.54 349.81 17.56 0.10
0.00 1896.91
790.40 -3.36 -5.23 -8.66 296.13 341.18 18.07 0.00
0.00 2087.29
769.70 -5.06 -6.84 -10.38 295.77 332.90 18.76 -0.30
0.00 2296.51
746.80 -6.86 -8.59 -12.41 295.52 328.54 19.35 -0.50
0.00 2533.04
721.80 -8.96 -10.58 -14.56 295.30 327.23 20.10 -0.70
0.00 2797.69
694.80 -11.06 -12.65 -17.07 295.37 325.18 21.78 -0.70
0.00 3091.62
665.60 -13.46 -14.84 -19.14 295.75 315.68 23.08 -0.70
0.00 3419.77
634.20 -16.06 -17.42 -22.45 296.04 304.82 21.78 -0.50
0.00 3785.52
600.60 -19.36 -20.60 -26.26 296.06 306.14 21.41 -0.20
0.00 4192.76
564.50 -22.86 -24.12 -31.91 296.31 318.46 20.51 0.20
0.00 4650.25
526.20 -26.46 -27.66 -37.86 297.35 346.92 19.74 0.60
0.00 5161.41
488.60 -30.66 -31.24 -36.38 298.78 17.30 24.83 0.80
0.00 5692.30
454.20 -34.76 -35.30 -42.04 299.45 16.08 22.44 0.70
0.00 6206.20
422.80 -36.66 -37.42 -52.51 302.71 11.73 25.80 0.60
0.00 6704.15
394.00 -37.16 -38.05 -63.10 308.02 13.89 38.01 0.50
0.00 7192.01
367.40 -37.86 -38.77 -68.69 313.26 16.08 44.87 0.30
0.00 7674.15
343.00 -39.06 -39.90 -64.14 317.89 14.10 44.66 0.10
0.00 8146.24
320.60 -40.36 -41.15 -64.65 322.28 11.58 49.38 -0.20
0.00 8607.73
300.10 -42.66 -43.32 -65.14 325.18 11.72 53.55 -0.30
0.00 9055.78
281.30 -44.96 -45.51 -65.61 327.94 14.13 59.69 -0.30
0.00 9490.08
264.20 -46.66 -47.17 -71.00 331.34 12.42 55.09 -0.20
0.00 9907.43
248.10 -47.76 -48.24 -71.44 335.71 3.81 46.72 -0.10
0.00 10323.25
233.30 -48.76 -49.22 -71.86 340.14 353.39 45.57 -0.10
0.00 10728.15
219.50 -50.16 -50.57 -72.27 343.96 347.34 46.99 -0.10
0.00 11127.38
205.70 -51.66 -9999.00 -9999.00 -9999.00 343.58 48.80 0.00
0.00 11549.79
191.70 -52.96 -9999.00 -9999.00 -9999.00 339.55 50.58 0.00
0.00 12005.44
177.70 -53.66 -9999.00 -9999.00 -9999.00 338.16 48.54 0.00
0.00 12493.44
163.80 -53.86 -9999.00 -9999.00 -9999.00 338.42 38.01 0.00
0.00 13016.51
149.80 -54.46 -9999.00 -9999.00 -9999.00 327.34 27.00 0.00
0.00 13589.22
135.90 -55.56 -9999.00 -9999.00 -9999.00 302.51 20.96 0.00
0.00 14211.03
121.90 -56.26 -9999.00 -9999.00 -9999.00 292.75 26.13 0.10
0.00 14902.36
108.00 -56.16 -9999.00 -9999.00 -9999.00 298.14 28.42 0.00
0.00 15671.17
94.00 -55.56 -9999.00 -9999.00 -9999.00 310.75 16.67 -0.10
0.00 16554.22
81.00 -58.46 -9999.00 -9999.00 -9999.00 241.70 5.73 -0.10
0.00 17495.93
70.60 -60.66 -9999.00 -9999.00 -9999.00 236.93 9.97 0.00
0.00 18355.08
62.20 -60.36 -9999.00 -9999.00 -9999.00 272.42 13.81 0.00
0.00 19143.54
54.30 -57.76 -9999.00 -9999.00 -9999.00 253.74 4.86 0.00
0.00 19994.75
46.90 -58.46 -9999.00 -9999.00 -9999.00 172.28 11.56 0.00
0.00 20916.94
40.10 -57.86 -9999.00 -9999.00 -9999.00 216.55 14.02 0.00
0.00 21902.70
33.80 -55.76 -9999.00 -9999.00 -9999.00 237.75 19.29 0.00
0.00 22985.03
27.80 -55.66 -9999.00 -9999.00 -9999.00 248.00 20.75 0.00
0.00 24228.87
22.30 -55.26 -9999.00 -9999.00 -9999.00 257.62 16.32 0.00
0.00 25633.59
17.10 -53.06 -9999.00 -9999.00 -9999.00 268.29 13.01 0.00
0.00 27335.54
12.30 -50.96 -9999.00 -9999.00 -9999.00 277.13 10.96 0.00
0.00 29468.28

STID = KSLC STNM = 725720 TIME = 221027/0700 
SLAT = 40.78 SLON = -111.97 SELV = 1311.0
STIM = 19

SHOW = 1.81 LIFT = 2.47 SWET = 180.44 KINX = 20.23
LCLP = 813.87 PWAT = 6.23 TOTL = 55.33 CAPE = 0.00
LCLT = 269.52 CINS = 0.00 EQLV = -9999.00 LFCT = -9999.00
BRCH = 0.00

PRES TMPC TMWC DWPC THTE DRCT SKNT OMEG
CFRL HGHT
869.80 1.54 -0.23 -2.73 296.38 21.80 4.18 0.30
0.00 1319.33
867.30 2.24 0.08 -2.95 297.25 21.80 7.32 0.20
0.00 1342.56
862.50 2.14 -0.06 -3.14 297.53 17.35 9.77 0.20
0.00 1387.38
854.40 1.64 -0.46 -3.46 297.65 10.62 12.65 0.30
0.00 1463.51
842.50 0.64 -1.31 -4.19 297.37 5.06 15.40 0.40
0.00 1576.35
827.40 -0.66 -2.50 -5.38 296.85 1.27 17.48 0.50
0.00 1721.23
809.50 -2.26 -3.85 -6.49 296.42 357.05 18.86 0.60
0.00 1895.49
790.20 -3.86 -5.28 -7.82 296.09 351.38 19.44 0.50
0.00 2086.59
769.60 -5.56 -6.81 -9.20 295.85 344.69 19.13 0.30
0.00 2294.47
746.70 -7.36 -8.53 -10.98 295.67 339.66 18.43 0.00
0.00 2530.62
721.70 -9.26 -10.63 -13.94 295.24 335.10 17.99 -0.30
0.00 2794.94
694.70 -11.16 -12.86 -17.75 295.04 329.57 18.03 -0.50
0.00 3088.69
665.50 -13.46 -15.06 -20.30 295.40 318.50 20.22 -0.60
0.00 3416.81
634.10 -15.96 -17.67 -24.54 295.65 314.65 22.67 -0.60
0.00 3782.65
600.50 -18.76 -20.62 -30.62 295.99 322.21 24.09 -0.40
0.00 4190.46
564.50 -21.86 -23.35 -32.37 297.43 342.31 23.66 0.00
0.00 4648.14
526.20 -25.86 -26.77 -32.86 298.66 8.13 24.73 0.40
0.00 5160.96
488.60 -30.26 -30.98 -37.59 299.14 15.11 27.56 0.50
0.00 5692.96
454.20 -33.86 -34.51 -42.50 300.54 15.49 33.47 0.50
0.00 6208.25
422.80 -35.56 -36.39 -51.37 304.15 13.30 40.52 0.50
0.00 6708.29
394.00 -35.36 -36.42 -63.10 310.37 15.22 52.54 0.40
0.00 7199.15
367.40 -36.26 -37.27 -60.53 315.48 16.52 60.78 0.20
0.00 7684.77
343.00 -37.46 -38.42 -61.06 320.10 18.52 79.49 0.10
0.00 8160.08
320.60 -39.86 -40.64 -59.34 323.06 21.89 88.56 0.00
0.00 8623.65
300.10 -42.56 -43.18 -59.86 325.41 22.92 90.27 -0.10
0.00 9072.28
281.30 -45.16 -45.67 -62.58 327.70 23.13 85.55 -0.30
0.00 9506.50
264.20 -47.06 -47.52 -66.07 330.80 20.05 71.95 -0.40
0.00 9923.29
248.10 -48.36 -48.81 -71.44 334.81 11.05 58.78 -0.40
0.00 10338.20
233.30 -49.66 -50.07 -71.86 338.78 0.20 55.75 -0.40
0.00 10741.75
219.50 -51.16 -51.53 -72.27 342.42 354.40 57.77 -0.40
0.00 11139.29
205.70 -52.56 -9999.00 -9999.00 -9999.00 351.90 57.89 -0.30
0.00 11559.89
191.70 -54.16 -9999.00 -9999.00 -9999.00 351.31 56.59 -0.10
0.00 12013.37
177.70 -55.76 -9999.00 -9999.00 -9999.00 351.09 52.70 0.00
0.00 12497.71
163.80 -55.46 -9999.00 -9999.00 -9999.00 346.16 42.21 0.20
0.00 13016.36
149.80 -53.66 -9999.00 -9999.00 -9999.00 322.19 30.73 0.20
0.00 13588.03
135.90 -54.96 -9999.00 -9999.00 -9999.00 297.61 23.89 0.10
0.00 14211.84
121.90 -57.36 -9999.00 -9999.00 -9999.00 293.65 25.66 0.00
0.00 14902.37
108.00 -57.56 -9999.00 -9999.00 -9999.00 303.80 28.28 0.00
0.00 15666.75
94.00 -57.06 -9999.00 -9999.00 -9999.00 329.53 11.50 -0.10
0.00 16543.91
81.00 -60.36 -9999.00 -9999.00 -9999.00 260.13 4.53 -0.10
0.00 17478.21
70.60 -60.66 -9999.00 -9999.00 -9999.00 264.94 15.40 0.00
0.00 18333.54
62.20 -58.56 -9999.00 -9999.00 -9999.00 270.00 15.15 0.10
0.00 19125.34
54.30 -58.06 -9999.00 -9999.00 -9999.00 173.02 9.60 0.00
0.00 19979.54
46.90 -59.86 -9999.00 -9999.00 -9999.00 190.10 14.39 0.00
0.00 20898.08
40.10 -57.36 -9999.00 -9999.00 -9999.00 229.40 21.48 0.00
0.00 21881.77
33.80 -55.66 -9999.00 -9999.00 -9999.00 243.17 18.94 0.00
0.00 22965.61
27.80 -56.16 -9999.00 -9999.00 -9999.00 245.32 15.81 0.00
0.00 24208.29
22.30 -56.26 -9999.00 -9999.00 -9999.00 259.02 13.25 0.00
0.00 25608.18
17.10 -53.66 -9999.00 -9999.00 -9999.00 274.57 14.61 0.00
0.00 27303.91
12.30 -50.36 -9999.00 -9999.00 -9999.00 285.07 10.47 0.00
0.00 29436.65

STID = KSLC STNM = 725720 TIME = 221027/0800 
SLAT = 40.78 SLON = -111.97 SELV = 1311.0
STIM = 20

SHOW = 2.79 LIFT = 3.06 SWET = 143.57 KINX = 22.16
LCLP = 800.28 PWAT = 7.19 TOTL = 53.43 CAPE = 0.00
LCLT = 268.70 CINS = 0.00 EQLV = -9999.00 LFCT = -9999.00
BRCH = 0.00

PRES TMPC TMWC DWPC THTE DRCT SKNT OMEG
CFRL HGHT
870.00 2.04 -0.17 -3.33 296.46 14.04 1.59 0.40
0.00 1318.42
867.40 2.04 -0.25 -3.53 296.60 14.62 4.62 0.20
0.00 1342.58
862.70 1.94 -0.40 -3.80 296.82 13.67 7.40 0.20
0.00 1386.43
854.50 1.54 -0.80 -4.25 296.98 7.97 9.81 0.30
0.00 1463.43
842.70 0.54 -1.62 -4.93 296.73 5.81 11.52 0.30
0.00 1575.25
827.50 -0.76 -2.66 -5.68 296.53 2.53 13.23 0.30
0.00 1721.00
809.70 -2.36 -3.89 -6.44 296.32 357.80 15.17 0.20
0.00 1894.18
790.40 -3.86 -5.11 -7.30 296.38 354.35 17.75 0.20
0.00 2085.21
769.70 -5.46 -6.36 -8.02 296.63 352.44 19.21 0.10
0.00 2294.12
746.80 -7.26 -7.81 -8.89 296.91 350.54 18.90 -0.10
0.00 2530.37
721.90 -9.26 -9.66 -10.53 296.86 345.38 18.47 -0.30
17.00 2793.71
694.80 -11.06 -12.00 -14.33 296.46 338.84 19.37 -0.50
2.00 3088.63
665.60 -13.16 -14.62 -19.14 296.09 336.48 22.88 -0.60
0.00 3417.01
634.20 -15.46 -16.82 -21.57 296.98 340.02 27.29 -0.50
0.00 3783.40
600.60 -17.96 -18.94 -22.62 298.59 349.45 28.65 -0.20
0.00 4192.28
564.50 -21.26 -22.21 -26.65 299.16 359.22 28.36 0.00
0.00 4652.58
526.20 -25.36 -26.09 -30.45 299.65 4.46 30.01 0.10
0.00 5166.60
488.60 -29.76 -30.24 -33.85 300.22 6.24 35.76 0.20
10.00 5699.73
454.20 -33.06 -33.72 -41.18 301.65 2.34 42.77 0.20
0.00 6216.43
422.80 -33.46 -34.57 -55.32 306.73 8.52 52.45 0.40
0.00 6719.52
394.00 -33.26 -34.52 -59.98 313.16 18.68 70.94 0.60
0.00 7214.71
367.40 -33.46 -34.74 -56.46 319.29 21.32 85.49 0.80
0.00 7705.34
343.00 -36.16 -37.19 -55.54 321.99 19.92 96.91 0.70
0.00 8184.79
320.60 -39.96 -40.67 -54.82 323.04 17.75 98.12 0.40
0.00 8649.55
300.10 -42.96 -43.51 -56.63 324.92 21.56 101.52 0.20
0.00 9097.71
281.40 -45.66 -46.10 -58.61 327.03 23.97 101.83 0.00
0.00 9528.69
264.20 -47.96 -48.33 -60.85 329.57 23.21 96.60 0.00
0.00 9946.57
248.10 -49.96 -50.28 -63.53 332.52 17.66 86.44 0.00
0.00 10359.18
233.30 -51.56 -51.86 -66.98 335.94 7.13 79.88 0.00
0.00 10759.58
219.50 -53.56 -53.81 -67.42 338.76 1.10 81.22 0.00
0.00 11153.28
205.70 -55.16 -55.37 -67.88 342.59 0.70 80.03 0.10
0.00 11569.14
191.70 -55.16 -55.42 -73.19 349.51 1.05 63.73 0.00
0.00 12018.91
177.70 -54.76 -9999.00 -9999.00 -9999.00 356.20 46.91 0.00
0.00 12503.25
163.80 -55.66 -9999.00 -9999.00 -9999.00 349.59 38.71 0.00
0.00 13022.86
149.80 -55.96 -9999.00 -9999.00 -9999.00 335.15 31.90 0.10
0.00 13591.25
135.90 -55.96 -9999.00 -9999.00 -9999.00 307.41 29.10 0.10
0.00 14210.36
121.90 -56.96 -9999.00 -9999.00 -9999.00 277.67 27.64 0.00
0.00 14899.94
108.00 -58.76 -9999.00 -9999.00 -9999.00 306.87 26.22 0.00
0.00 15662.90
94.00 -57.76 -9999.00 -9999.00 -9999.00 328.82 8.62 0.00
0.00 16536.20
81.00 -60.96 -9999.00 -9999.00 -9999.00 261.35 9.03 0.00
0.00 17467.66
70.60 -59.26 -9999.00 -9999.00 -9999.00 266.67 20.05 0.00
0.00 18324.60
62.20 -56.46 -9999.00 -9999.00 -9999.00 255.43 10.04 0.00
0.00 19122.89
54.30 -59.36 -9999.00 -9999.00 -9999.00 162.65 16.28 0.00
0.00 19978.68
46.90 -59.46 -9999.00 -9999.00 -9999.00 225.00 17.04 0.00
0.00 20895.29
40.10 -56.76 -9999.00 -9999.00 -9999.00 247.19 22.55 0.00
0.00 21881.27
33.80 -56.26 -9999.00 -9999.00 -9999.00 250.56 14.01 0.00
0.00 22965.11
27.80 -56.36 -9999.00 -9999.00 -9999.00 237.99 10.99 0.00
0.00 24205.51
22.30 -57.06 -9999.00 -9999.00 -9999.00 259.78 12.04 0.00
0.00 25602.17
17.10 -55.36 -9999.00 -9999.00 -9999.00 262.67 13.71 0.00
0.00 27288.18
12.30 -51.06 -9999.00 -9999.00 -9999.00 259.70 8.68 0.00
0.00 29409.35

STID = KSLC STNM = 725720 TIME = 221027/0900 
SLAT = 40.78 SLON = -111.97 SELV = 1311.0
STIM = 21

SHOW = 4.31 LIFT = 4.34 SWET = 79.45 KINX = 23.18
LCLP = 792.21 PWAT = 7.90 TOTL = 50.37 CAPE = 0.00
LCLT = 268.17 CINS = 0.00 EQLV = -9999.00 LFCT = -9999.00
BRCH = 0.00

PRES TMPC TMWC DWPC THTE DRCT SKNT OMEG
CFRL HGHT
870.50 2.34 -0.14 -3.72 296.46 192.53 1.79 0.30
0.00 1319.35
867.90 2.14 -0.35 -4.00 296.33 18.43 0.62 0.20
0.00 1343.51
863.20 1.94 -0.58 -4.32 296.41 12.09 2.78 0.10
0.00 1387.34
855.10 1.54 -0.94 -4.65 296.64 4.76 4.68 0.10
0.00 1463.35
843.20 0.64 -1.65 -5.17 296.63 3.58 6.24 -0.10
0.00 1576.06
828.10 -0.76 -2.65 -5.67 296.47 1.43 7.77 -0.20
0.00 1720.78
810.20 -2.36 -3.77 -6.08 296.49 358.81 9.32 -0.30
0.00 1894.82
790.90 -4.06 -4.86 -6.22 296.78 359.12 12.63 -0.40
0.00 2085.67
770.20 -5.46 -5.95 -6.83 297.31 359.38 17.87 -0.50
0.00 2294.41
747.30 -6.96 -7.25 -7.80 297.84 358.90 20.20 -0.60
14.00 2530.67
722.30 -8.76 -8.80 -8.93 298.29 355.68 20.65 -0.60
100.00 2795.34
695.10 -10.96 -11.00 -11.11 298.10 350.46 22.26 -0.60
100.00 3091.63
665.90 -12.86 -13.04 -13.51 298.64 348.69 24.77 -0.60
100.00 3420.24
634.50 -14.76 -15.43 -17.35 299.17 351.41 27.31 -0.60
11.00 3787.31
600.80 -17.46 -18.39 -21.67 299.42 357.46 30.73 -0.60
0.00 4198.27
564.70 -20.96 -21.89 -26.09 299.61 5.97 33.59 -0.40
0.00 4659.15
526.40 -24.76 -25.78 -32.21 300.06 10.49 37.33 0.00
0.00 5173.91
488.70 -28.06 -29.27 -40.91 301.53 11.72 43.05 0.40
0.00 5710.74
454.30 -30.26 -31.53 -47.96 304.73 10.19 52.70 0.80
0.00 6232.09
422.90 -30.36 -31.87 -57.13 310.64 11.06 68.88 1.00
0.00 6741.22
394.10 -30.46 -32.01 -54.39 316.91 17.02 79.64 0.90
0.00 7242.39
367.40 -32.96 -34.23 -52.56 320.07 15.21 87.37 0.60
0.00 7738.20
343.00 -37.06 -37.90 -51.25 320.93 12.19 89.24 0.20
0.00 8217.26
320.60 -39.46 -40.16 -52.72 323.81 16.62 97.11 0.00
0.00 8681.63
300.10 -41.76 -42.37 -55.37 326.66 22.73 109.09 -0.10
0.00 9131.44
281.40 -44.56 -45.06 -58.61 328.61 25.49 115.56 -0.10
0.00 9564.59
264.20 -47.26 -47.66 -60.85 330.59 24.14 114.94 -0.20
0.00 9984.12
248.10 -50.06 -50.38 -63.53 332.37 17.84 107.13 -0.30
0.00 10397.29
233.30 -52.76 -52.99 -63.99 334.17 13.55 104.51 -0.30
0.00 10796.52
219.50 -55.26 -55.43 -64.45 336.18 12.79 104.37 -0.20
0.00 11187.64
205.70 -57.16 -57.29 -64.93 339.49 11.31 92.11 -0.10
0.00 11599.98
191.70 -58.16 -58.31 -68.39 344.75 8.51 74.83 0.00
0.00 12044.60
177.70 -57.26 -9999.00 -9999.00 -9999.00 358.79 55.38 0.10
0.00 12522.83
163.80 -55.36 -9999.00 -9999.00 -9999.00 345.83 41.28 0.10
0.00 13039.82
149.80 -55.56 -9999.00 -9999.00 -9999.00 334.28 29.55 0.00
0.00 13609.13
135.90 -57.66 -9999.00 -9999.00 -9999.00 323.57 30.42 -0.10
0.00 14226.38
121.90 -58.06 -9999.00 -9999.00 -9999.00 311.99 26.13 -0.10
0.00 14911.50
108.00 -59.16 -9999.00 -9999.00 -9999.00 308.90 21.97 0.00
0.00 15671.81
94.00 -58.36 -9999.00 -9999.00 -9999.00 330.95 8.00 0.00
0.00 16543.08
81.00 -60.66 -9999.00 -9999.00 -9999.00 262.65 12.14 0.00
0.00 17473.89
70.60 -57.66 -9999.00 -9999.00 -9999.00 267.09 22.96 0.00
0.00 18334.65
62.20 -55.96 -9999.00 -9999.00 -9999.00 237.99 9.17 0.00
0.00 19136.83
54.30 -60.26 -9999.00 -9999.00 -9999.00 179.14 13.01 0.00
0.00 19991.82
46.90 -59.16 -9999.00 -9999.00 -9999.00 244.56 17.64 0.00
0.00 20907.15
40.10 -56.46 -9999.00 -9999.00 -9999.00 245.56 18.78 0.00
0.00 21894.51
33.80 -56.56 -9999.00 -9999.00 -9999.00 233.65 12.78 0.00
0.00 22978.34
27.80 -57.06 -9999.00 -9999.00 -9999.00 232.59 12.47 0.00
0.00 24215.88
22.30 -57.46 -9999.00 -9999.00 -9999.00 244.44 9.91 0.00
0.00 25608.99
17.10 -56.06 -9999.00 -9999.00 -9999.00 260.13 9.07 0.00
0.00 27290.73
12.30 -51.96 -9999.00 -9999.00 -9999.00 255.96 8.82 0.00
0.00 29404.19
STN YYMMDD/HHMM PMSL PRES SKTC STC1 SNFL WTNS
P01M C01M STC2 LCLD MCLD HCLD
SNRA UWND VWND R01M BFGR T2MS
Q2MS WXTS WXTP WXTZ WXTR USTM
VSTM HLCY SLLH WSYM CDBP VSBK
TD2M
725720 221026/1200 1010.20 865.00 2.34 275.50 -9999.00 19.00
-9999.00 -9999.00 275.80 1.00 0.00 0.00
-9999.00 -3.30 1.90 -9999.00 -9999.00 4.24
4.58 0.00 0.00 0.00 0.00 10.80
-2.40 92.30 -9999.00 999.00 -9999.00 20.00
0.41
725720 221026/1300 1011.50 865.90 3.64 276.80 0.00 19.00
0.00 0.00 276.80 100.00 0.00 0.00
-9999.00 -2.80 2.00 -9999.00 -9999.00 4.44
4.67 0.00 0.00 0.00 0.00 11.50
-3.20 163.50 0.01 999.00 662.10 20.00
0.70
725720 221026/1400 1011.10 865.80 4.44 277.60 0.00 20.00
0.10 0.10 277.60 100.00 96.00 0.00
-9999.00 -3.10 2.20 -9999.00 -9999.00 4.94
5.03 0.00 0.00 0.00 1.00 12.10
-4.00 183.80 0.00 60.00 -9999.00 0.00
1.72
725720 221026/1500 1010.30 865.30 5.54 278.70 0.00 20.00
0.15 0.15 278.50 100.00 46.00 0.00
-9999.00 -2.50 2.30 -9999.00 -9999.00 5.84
5.30 0.00 0.00 0.00 1.00 11.50
-4.30 167.10 0.00 60.00 690.50 0.00
2.44
725720 221026/1600 1008.80 864.70 7.94 281.10 0.00 20.00
0.04 0.04 280.60 59.00 19.00 0.00
-9999.00 -1.60 3.50 -9999.00 -9999.00 7.94
5.64 0.00 0.00 0.00 1.00 12.10
-4.10 129.90 0.01 60.00 -9999.00 0.00
3.30
725720 221026/1700 1009.10 865.30 10.94 284.10 0.00 18.00
0.00 0.00 283.30 9.00 100.00 0.00
-9999.00 1.40 3.60 -9999.00 -9999.00 9.64
5.51 0.00 0.00 0.00 0.00 13.90
-4.00 44.60 0.02 999.00 -9999.00 20.00
2.98
725720 221026/1800 1008.80 865.20 12.54 285.70 0.00 15.00
0.00 0.00 285.00 40.00 100.00 0.00
-9999.00 4.60 0.70 -9999.00 -9999.00 10.64
4.79 0.00 0.00 0.00 0.00 16.20
-4.30 -16.10 0.01 999.00 -9999.00 20.00
1.04
725720 221026/1900 1008.90 865.20 11.94 285.10 0.00 12.00
0.00 0.00 284.70 35.00 100.00 0.00
-9999.00 5.90 -1.50 -9999.00 -9999.00 10.44
3.90 0.00 0.00 0.00 0.00 17.90
-4.30 -48.70 -0.01 999.00 -9999.00 20.00
-1.77
725720 221026/2000 1009.50 865.50 12.34 285.50 0.00 10.00
0.00 0.00 285.30 60.00 100.00 0.00
-9999.00 6.50 -3.50 -9999.00 -9999.00 9.94
3.96 0.00 0.00 0.00 0.00 20.10
-5.50 -94.70 -0.01 999.00 562.00 20.00
-1.56
725720 221026/2100 1011.10 866.70 9.34 282.50 0.00 10.00
0.00 0.00 282.70 100.00 100.00 0.00
-9999.00 5.30 -4.20 -9999.00 -9999.00 8.44
4.27 0.00 0.00 0.00 0.00 21.10
-7.10 -128.30 -0.01 999.00 598.20 20.00
-0.52
725720 221026/2200 1012.10 867.30 8.84 282.00 0.00 9.00
0.00 0.00 282.10 100.00 100.00 0.00
-9999.00 4.50 -4.70 -9999.00 -9999.00 7.94
3.85 0.00 0.00 0.00 0.00 21.80
-7.40 -162.20 0.00 999.00 562.80 0.27
-1.91
725720 221026/2300 1013.30 867.60 7.04 280.20 0.00 9.00
0.00 0.00 280.70 100.00 100.00 0.00
-9999.00 3.40 -6.90 -9999.00 -9999.00 6.44
3.77 0.00 0.00 0.00 0.00 21.10
-8.40 -191.50 0.00 999.00 663.30 0.19
-2.19
725720 221027/0000 1012.60 867.00 6.34 279.50 0.00 9.00
0.00 0.00 279.90 100.00 100.00 0.00
-9999.00 1.30 -3.40 -9999.00 -9999.00 6.24
3.40 0.00 0.00 0.00 0.00 19.50
-8.80 -183.60 0.00 999.00 562.70 0.75
-3.58
725720 221027/0100 1013.20 867.50 4.94 278.10 0.00 9.00
0.00 0.00 278.70 81.00 100.00 0.00
-9999.00 -1.30 -0.60 -9999.00 -9999.00 5.34
3.21 0.00 0.00 0.00 0.00 16.40
-9.10 -73.90 0.00 999.00 -9999.00 20.00
-4.34
725720 221027/0200 1014.30 868.40 2.44 275.60 0.00 10.00
0.00 0.00 276.50 31.00 55.00 0.00
-9999.00 -0.90 0.00 -9999.00 -9999.00 4.14
2.88 0.00 0.00 0.00 0.00 13.40
-10.90 35.30 0.00 999.00 -9999.00 20.00
-5.75
725720 221027/0300 1016.30 869.10 2.84 276.00 0.00 10.00
0.00 0.00 276.40 88.00 69.00 0.00
-9999.00 1.80 -4.90 -9999.00 -9999.00 3.24
3.91 0.00 0.00 0.00 0.00 14.90
-11.80 -107.30 0.00 999.00 -9999.00 11.05
-1.67
725720 221027/0400 1017.10 869.40 2.04 275.20 0.00 11.00
0.00 0.00 275.80 38.00 80.00 0.00
-9999.00 -2.10 -2.60 -9999.00 -9999.00 2.44
3.74 0.00 0.00 0.00 0.00 11.10
-13.10 -103.90 0.00 999.00 -9999.00 0.78
-2.27
725720 221027/0500 1017.80 869.70 0.84 274.00 0.00 11.00
0.00 0.00 274.70 0.00 30.00 0.00
-9999.00 -1.00 -2.30 -9999.00 -9999.00 1.44
3.85 0.00 0.00 0.00 0.00 -0.80
-11.70 -87.40 0.00 999.00 -9999.00 20.00
-1.87
725720 221027/0600 1019.40 870.90 -0.06 273.10 0.00 12.00
0.00 0.00 273.80 0.00 0.00 0.00
-9999.00 -1.00 -2.20 -9999.00 -9999.00 0.74
3.80 0.00 0.00 0.00 0.00 -4.20
-6.80 -91.60 0.00 999.00 -9999.00 20.00
-2.03
725720 221027/0700 1019.60 870.70 -0.56 272.60 0.00 13.00
0.00 0.00 273.10 0.00 0.00 0.00
-9999.00 -1.00 -2.30 -9999.00 -9999.00 0.24
3.66 0.00 0.00 0.00 0.00 -6.00
-9.30 -51.30 0.00 999.00 -9999.00 20.00
-2.54
725720 221027/0800 1019.50 870.80 -1.46 271.70 0.00 14.00
0.00 0.00 272.30 17.00 10.00 0.00
-9999.00 -1.00 -1.50 -9999.00 -9999.00 0.04
3.51 0.00 0.00 0.00 0.00 -6.90
-11.80 16.30 0.00 999.00 -9999.00 20.00
-3.10
725720 221027/0900 1019.90 871.40 -0.36 272.80 0.00 15.00
0.00 0.00 273.10 100.00 0.00 0.00
-9999.00 -0.70 0.20 -9999.00 -9999.00 0.64
3.46 0.00 0.00 0.00 0.00 -8.80
-13.90 26.20 0.00 999.00 695.10 20.00
-3.28


