
SNPARM = PRES;TMPC;TMWC;DWPC;THTE;DRCT;SKNT;OMEG;CFRL;HGHT 
STNPRM = SHOW;LIFT;SWET;KINX;LCLP;PWAT;TOTL;CAPE;LCLT;CINS;EQLV;LFCT;BRCH 

STID = KMAF STNM = 722650 TIME = 221026/1200 
SLAT = 31.95 SLON = -102.18 SELV = 857.0
STIM = 0

SHOW = 13.74 LIFT = 14.44 SWET = 45.11 KINX = -13.77
LCLP = 806.07 PWAT = 6.71 TOTL = 23.75 CAPE = 0.00
LCLT = 271.37 CINS = 0.00 EQLV = -9999.00 LFCT = -9999.00
BRCH = 0.00

PRES TMPC TMWC DWPC THTE DRCT SKNT OMEG
CFRL HGHT
916.30 8.34 4.48 -0.02 300.86 118.07 3.30 0.00
0.00 866.91
913.50 9.74 5.26 0.23 302.89 160.71 8.24 0.00
0.00 892.25
908.50 11.64 6.27 0.54 305.78 177.90 15.95 -0.10
0.00 937.97
899.90 13.64 6.53 -1.36 307.26 185.71 17.56 -0.10
0.00 1017.74
887.30 15.14 6.20 -4.67 307.80 189.58 15.17 -0.10
0.00 1136.67
871.20 15.84 5.72 -7.67 308.45 191.94 10.33 -0.10
0.00 1291.64
852.10 15.24 4.77 -10.39 308.47 187.13 4.70 -0.10
0.00 1479.22
831.40 13.54 3.57 -11.66 308.35 203.63 3.40 -0.20
0.00 1686.46
809.10 11.74 2.34 -12.74 308.47 221.50 6.74 -0.20
0.00 1914.16
784.30 9.54 0.91 -13.61 308.61 226.40 11.27 -0.30
0.00 2173.03
757.10 8.04 -0.65 -17.35 308.80 239.62 13.05 -0.20
0.00 2464.59
727.50 7.34 -1.66 -20.77 310.64 249.18 14.76 -0.20
0.00 2792.67
695.40 6.14 -2.65 -21.75 313.20 253.58 19.23 -0.10
0.00 3162.61
660.90 4.04 -3.95 -20.89 315.83 255.13 22.71 -0.10
0.00 3577.30
623.90 0.94 -5.89 -20.55 317.81 253.56 24.71 -0.10
0.00 4042.46
584.30 -2.86 -8.80 -23.49 318.64 251.44 27.47 -0.10
0.00 4565.27
542.30 -6.06 -11.70 -29.25 320.43 251.01 31.64 -0.10
0.00 5152.25
501.30 -9.46 -14.66 -35.30 322.65 253.03 35.96 -0.10
0.00 5763.14
464.00 -13.66 -17.97 -38.41 324.32 255.53 37.32 -0.10
0.00 6355.31
430.30 -18.46 -21.63 -38.22 325.36 257.54 36.01 -0.10
0.00 6922.85
399.60 -23.16 -25.47 -39.86 326.07 256.72 35.53 -0.10
0.00 7469.68
371.50 -27.26 -29.16 -45.34 327.02 255.12 38.60 -0.10
0.00 7998.94
345.90 -31.06 -32.65 -52.08 328.25 256.27 43.40 -0.10
0.00 8508.91
322.60 -34.66 -35.93 -56.04 329.76 258.00 47.67 -0.10
0.00 8999.44
301.40 -37.86 -38.89 -59.83 331.63 259.82 53.88 0.00
0.00 9470.79
282.20 -40.56 -41.39 -60.34 334.05 260.66 62.20 0.00
0.00 9921.54
264.70 -43.16 -43.85 -63.04 336.37 262.39 68.98 0.00
0.00 10354.97
248.30 -45.86 -46.40 -63.52 338.55 263.10 72.79 0.10
0.00 10783.03
233.30 -48.56 -49.00 -66.98 340.49 262.31 75.47 0.10
0.00 11195.15
219.50 -51.06 -51.41 -67.42 342.62 262.17 78.44 0.10
0.00 11593.76
205.60 -53.76 -54.05 -72.72 344.79 262.86 79.68 0.10
0.00 12016.47
191.70 -56.26 -56.48 -73.19 347.75 263.25 77.66 0.10
0.00 12463.45
177.70 -58.96 -59.13 -73.70 350.94 263.99 74.22 0.10
0.00 12941.90
163.80 -61.66 -61.78 -74.24 354.68 265.11 70.57 0.10
0.00 13449.35
149.80 -63.96 -9999.00 -9999.00 -9999.00 265.25 65.70 0.10
0.00 13999.45
135.90 -65.96 -9999.00 -9999.00 -9999.00 263.84 59.79 0.10
0.00 14592.89
121.90 -68.16 -9999.00 -9999.00 -9999.00 263.50 53.19 0.10
0.00 15248.74
107.90 -69.76 -9999.00 -9999.00 -9999.00 265.49 46.95 0.00
0.00 15977.90
94.00 -69.66 -9999.00 -9999.00 -9999.00 262.08 36.67 0.00
0.00 16799.15
81.00 -68.56 -9999.00 -9999.00 -9999.00 242.66 25.80 0.00
0.00 17688.14
70.60 -68.16 -9999.00 -9999.00 -9999.00 235.81 24.88 0.00
0.00 18511.90
62.20 -64.56 -9999.00 -9999.00 -9999.00 252.50 18.75 0.00
0.00 19278.67
54.30 -62.46 -9999.00 -9999.00 -9999.00 225.63 12.51 0.00
0.00 20112.19
46.90 -61.46 -9999.00 -9999.00 -9999.00 231.34 11.19 0.00
0.00 21017.87
40.10 -59.06 -9999.00 -9999.00 -9999.00 258.96 8.12 0.00
0.00 21993.99
33.80 -57.36 -9999.00 -9999.00 -9999.00 218.66 2.49 0.00
0.00 23069.32
27.80 -56.36 -9999.00 -9999.00 -9999.00 317.49 6.33 0.00
0.00 24306.58
22.30 -55.26 -9999.00 -9999.00 -9999.00 317.20 7.15 0.00
0.00 25709.04
17.10 -53.16 -9999.00 -9999.00 -9999.00 302.31 15.64 0.00
0.00 27410.60
12.30 -48.36 -9999.00 -9999.00 -9999.00 293.39 29.84 0.00
0.00 29555.40

STID = KMAF STNM = 722650 TIME = 221026/1300 
SLAT = 31.95 SLON = -102.18 SELV = 857.0
STIM = 1

SHOW = 13.28 LIFT = 14.15 SWET = 49.41 KINX = -12.77
LCLP = 818.60 PWAT = 6.73 TOTL = 24.85 CAPE = 0.00
LCLT = 271.87 CINS = 0.00 EQLV = -9999.00 LFCT = -9999.00
BRCH = 0.00

PRES TMPC TMWC DWPC THTE DRCT SKNT OMEG
CFRL HGHT
916.50 7.64 4.24 0.28 300.34 138.01 2.62 0.00
0.00 866.88
913.80 8.84 4.99 0.68 302.28 173.02 9.60 0.00
0.00 891.25
908.80 10.84 5.99 0.79 305.10 181.93 17.31 -0.10
0.00 936.82
900.20 13.14 6.28 -1.39 306.67 188.13 17.85 -0.10
0.00 1016.38
887.60 14.84 6.05 -4.71 307.42 188.75 15.33 -0.20
0.00 1135.10
871.50 15.64 5.63 -7.66 308.21 187.47 11.95 -0.20
0.00 1289.89
852.40 15.14 4.80 -9.96 308.54 180.00 7.58 -0.20
0.00 1477.31
831.60 13.44 3.60 -11.26 308.41 174.47 6.04 -0.30
0.00 1685.42
809.30 11.64 2.38 -12.26 308.55 195.52 7.26 -0.40
0.00 1912.99
784.50 9.44 0.94 -13.19 308.66 218.33 10.64 -0.40
0.00 2171.73
757.30 7.84 -0.70 -16.99 308.68 238.61 13.42 -0.30
0.00 2463.06
727.60 6.84 -1.92 -20.65 310.11 248.82 16.67 -0.30
0.00 2791.78
695.60 5.54 -3.02 -22.10 312.41 253.61 20.65 -0.20
0.00 3159.76
661.10 3.54 -4.31 -21.53 315.04 255.62 23.47 -0.20
0.00 3573.49
624.00 0.44 -6.24 -20.94 317.09 254.36 25.21 -0.10
0.00 4038.94
584.40 -3.26 -9.01 -23.26 318.22 251.82 28.01 -0.10
0.00 4560.80
542.40 -6.46 -11.87 -28.43 320.11 251.90 31.88 -0.10
0.00 5146.81
501.40 -9.86 -14.91 -35.04 322.18 255.03 34.58 -0.10
0.00 5756.68
464.10 -13.96 -18.25 -39.80 323.77 257.40 35.63 -0.10
0.00 6347.93
430.40 -18.66 -21.87 -39.81 324.90 258.32 35.51 -0.10
0.00 6914.77
399.70 -23.26 -25.63 -41.23 325.77 257.97 36.34 0.00
0.00 7461.13
371.50 -27.26 -29.22 -46.99 326.91 257.17 40.25 0.00
0.00 7992.09
345.90 -30.96 -32.59 -53.07 328.35 256.50 44.95 0.00
0.00 8502.16
322.70 -34.46 -35.77 -57.51 329.96 257.59 49.73 0.00
0.00 8990.81
301.40 -37.56 -38.62 -59.83 332.05 259.83 57.23 0.00
0.00 9464.81
282.20 -40.26 -41.12 -60.34 334.48 262.19 64.32 0.00
0.00 9916.14
264.70 -42.96 -43.66 -63.04 336.66 264.69 69.25 0.00
0.00 10350.03
248.30 -45.96 -46.50 -63.52 338.40 264.96 72.94 0.00
0.00 10778.19
233.30 -48.56 -49.00 -66.98 340.49 263.97 75.80 0.00
0.00 11190.22
219.50 -51.06 -51.41 -67.42 342.62 264.15 78.11 0.00
0.00 11588.83
205.60 -53.66 -53.95 -72.72 344.95 264.78 79.00 0.00
0.00 12011.63
191.70 -56.16 -56.39 -73.19 347.91 264.52 77.27 0.00
0.00 12458.81
177.70 -58.86 -59.03 -73.70 351.11 265.17 73.87 0.00
0.00 12937.49
163.80 -61.66 -61.78 -74.24 354.68 266.76 68.69 0.00
0.00 13445.06
149.80 -64.26 -9999.00 -9999.00 -9999.00 267.33 62.61 0.00
0.00 13994.76
135.90 -66.16 -9999.00 -9999.00 -9999.00 265.33 57.30 0.00
0.00 14587.50
121.90 -68.06 -9999.00 -9999.00 -9999.00 262.79 51.11 0.00
0.00 15243.19
107.90 -69.46 -9999.00 -9999.00 -9999.00 263.83 43.38 0.00
0.00 15973.06
94.00 -69.56 -9999.00 -9999.00 -9999.00 261.08 33.82 0.00
0.00 16795.12
81.00 -68.86 -9999.00 -9999.00 -9999.00 242.66 25.80 0.00
0.00 17683.67
70.60 -68.36 -9999.00 -9999.00 -9999.00 238.64 23.89 0.00
0.00 18506.42
62.20 -64.66 -9999.00 -9999.00 -9999.00 252.12 18.98 0.00
0.00 19272.64
54.30 -62.76 -9999.00 -9999.00 -9999.00 232.63 13.44 0.00
0.00 20105.36
46.90 -61.26 -9999.00 -9999.00 -9999.00 241.76 11.91 0.00
0.00 21010.83
40.10 -58.86 -9999.00 -9999.00 -9999.00 259.56 7.50 0.00
0.00 21987.87
33.80 -57.46 -9999.00 -9999.00 -9999.00 208.30 2.87 0.00
0.00 23063.45
27.80 -56.66 -9999.00 -9999.00 -9999.00 327.80 6.20 0.00
0.00 24299.56
22.30 -56.16 -9999.00 -9999.00 -9999.00 310.76 7.44 0.00
0.00 25698.15
17.10 -53.56 -9999.00 -9999.00 -9999.00 278.64 15.52 0.00
0.00 27394.66
12.30 -48.06 -9999.00 -9999.00 -9999.00 290.98 30.38 0.00
0.00 29538.98

STID = KMAF STNM = 722650 TIME = 221026/1400 
SLAT = 31.95 SLON = -102.18 SELV = 857.0
STIM = 2

SHOW = 13.45 LIFT = 14.36 SWET = 53.58 KINX = -13.10
LCLP = 828.21 PWAT = 6.57 TOTL = 24.77 CAPE = 0.00
LCLT = 272.31 CINS = 0.00 EQLV = -9999.00 LFCT = -9999.00
BRCH = 0.00

PRES TMPC TMWC DWPC THTE DRCT SKNT OMEG
CFRL HGHT
917.40 7.24 4.15 0.58 300.07 143.13 1.94 0.00
0.00 866.86
914.70 8.44 4.89 0.94 301.98 182.91 11.48 0.00
0.00 891.17
909.70 10.64 5.83 0.62 304.63 187.28 18.41 -0.10
0.00 936.65
901.10 12.94 6.08 -1.73 306.08 190.47 18.18 -0.10
0.00 1016.07
888.50 14.64 5.92 -4.87 307.00 188.80 16.51 -0.20
0.00 1134.58
872.30 15.34 5.51 -7.60 307.83 189.46 14.18 -0.20
0.00 1290.04
853.20 14.84 4.75 -9.53 308.35 187.39 10.59 -0.20
0.00 1477.10
832.40 13.44 3.68 -10.87 308.51 177.40 8.55 -0.30
0.00 1684.92
810.10 11.64 2.46 -11.85 308.65 185.08 8.78 -0.30
0.00 1912.28
785.20 9.44 0.93 -13.25 308.55 211.16 9.75 -0.30
0.00 2171.81
758.00 7.84 -0.79 -17.61 308.39 238.76 13.85 -0.20
0.00 2462.87
728.30 6.84 -2.00 -21.34 309.83 246.64 18.63 -0.10
0.00 2791.27
696.20 5.44 -3.12 -22.46 312.12 250.28 21.87 0.00
0.00 3159.98
661.60 3.24 -4.49 -21.63 314.59 252.01 23.89 0.00
0.00 3574.28
624.50 0.24 -6.34 -20.83 316.82 251.57 25.80 0.10
0.00 4038.95
584.70 -3.16 -9.00 -23.71 318.16 251.20 28.92 0.10
0.00 4562.99
542.70 -6.26 -11.87 -29.76 320.02 253.33 31.84 0.10
0.00 5149.00
501.60 -9.76 -14.96 -37.01 322.02 257.43 33.04 0.10
0.00 5760.38
464.30 -14.06 -18.41 -41.84 323.42 259.01 33.64 0.00
0.00 6351.36
430.50 -18.86 -22.11 -41.69 324.44 258.13 34.93 0.00
0.00 6919.35
399.80 -23.36 -25.81 -43.24 325.43 256.69 37.12 0.00
0.00 7465.24
371.60 -27.26 -29.29 -48.97 326.77 255.64 41.51 0.00
0.00 7995.94
346.00 -30.76 -32.44 -54.19 328.55 254.91 46.27 0.00
0.00 8506.07
322.70 -34.06 -35.43 -57.51 330.52 257.05 52.02 0.00
0.00 8997.36
301.50 -36.96 -38.08 -59.82 332.87 259.92 58.80 0.00
0.00 9470.06
282.20 -39.76 -40.66 -60.34 335.20 261.62 64.01 0.00
0.00 9924.72
264.70 -42.86 -43.57 -63.04 336.81 263.48 68.43 0.00
0.00 10359.18
248.30 -45.96 -46.50 -63.52 338.40 263.76 71.52 0.00
0.00 10787.43
233.30 -48.26 -48.72 -66.98 340.95 263.45 74.88 0.00
0.00 11199.73
219.50 -50.66 -51.02 -67.42 343.24 263.99 77.93 0.00
0.00 11598.97
205.60 -53.36 -53.66 -72.72 345.42 264.88 78.40 -0.10
0.00 12022.44
191.70 -55.96 -56.19 -73.19 348.23 264.75 76.46 -0.10
0.00 12470.13
177.70 -58.56 -58.74 -73.70 351.60 265.08 72.53 0.00
0.00 12949.36
163.80 -61.46 -61.59 -74.24 355.01 266.86 67.31 0.00
0.00 13457.53
149.80 -64.46 -9999.00 -9999.00 -9999.00 267.80 60.64 0.00
0.00 14007.23
135.90 -66.76 -9999.00 -9999.00 -9999.00 265.52 54.76 0.00
0.00 14598.83
121.90 -68.26 -9999.00 -9999.00 -9999.00 260.95 49.38 0.00
0.00 15253.24
107.90 -69.46 -9999.00 -9999.00 -9999.00 260.80 41.32 0.00
0.00 15982.76
94.00 -69.86 -9999.00 -9999.00 -9999.00 262.02 32.17 0.00
0.00 16804.21
81.00 -69.36 -9999.00 -9999.00 -9999.00 247.57 26.48 0.00
0.00 17691.02
70.60 -68.86 -9999.00 -9999.00 -9999.00 240.38 22.79 0.00
0.00 18511.76
62.20 -65.06 -9999.00 -9999.00 -9999.00 245.98 19.56 0.00
0.00 19276.31
54.30 -62.96 -9999.00 -9999.00 -9999.00 231.80 15.07 0.00
0.00 20107.84
46.90 -60.76 -9999.00 -9999.00 -9999.00 240.59 12.26 0.00
0.00 21013.95
40.10 -58.46 -9999.00 -9999.00 -9999.00 249.44 6.64 0.00
0.00 21993.05
33.80 -57.56 -9999.00 -9999.00 -9999.00 187.77 4.31 0.00
0.00 23069.38
27.80 -56.66 -9999.00 -9999.00 -9999.00 320.71 2.76 0.00
0.00 24305.21
22.30 -55.86 -9999.00 -9999.00 -9999.00 289.03 5.96 0.00
0.00 25704.77
17.10 -53.36 -9999.00 -9999.00 -9999.00 272.83 15.75 0.00
0.00 27403.22
12.30 -47.96 -9999.00 -9999.00 -9999.00 297.08 29.02 0.00
0.00 29548.98

STID = KMAF STNM = 722650 TIME = 221026/1500 
SLAT = 31.95 SLON = -102.18 SELV = 857.0
STIM = 3

SHOW = 13.68 LIFT = 14.42 SWET = 55.68 KINX = -12.48
LCLP = 775.43 PWAT = 6.54 TOTL = 24.55 CAPE = 0.00
LCLT = 271.41 CINS = 0.00 EQLV = -9999.00 LFCT = -9999.00
BRCH = 0.00

PRES TMPC TMWC DWPC THTE DRCT SKNT OMEG
CFRL HGHT
917.70 11.64 6.31 0.58 304.80 191.04 8.12 0.00
0.00 866.10
914.80 11.14 6.02 0.44 304.45 190.95 12.28 0.00
0.00 892.53
909.90 10.64 5.73 0.34 304.36 191.31 13.87 0.00
0.00 937.30
901.30 12.64 5.85 -2.02 305.50 191.44 16.65 -0.10
0.00 1016.66
888.60 14.54 5.80 -5.14 306.70 191.43 17.64 -0.20
0.00 1136.01
872.50 14.94 5.35 -7.44 307.47 192.68 15.93 -0.20
0.00 1290.35
853.40 14.34 4.55 -9.30 307.91 195.10 12.68 -0.30
0.00 1477.07
832.60 13.24 3.60 -10.80 308.30 191.73 10.51 -0.30
0.00 1684.59
810.20 11.74 2.49 -11.98 308.69 191.09 10.10 -0.20
0.00 1912.89
785.40 9.64 0.83 -14.41 308.25 214.56 10.61 -0.20
0.00 2171.45
758.10 8.24 -0.70 -18.58 308.50 237.85 16.06 -0.20
0.00 2463.82
728.40 7.04 -1.85 -20.98 310.14 244.16 20.51 -0.20
0.00 2792.51
696.30 5.44 -3.01 -21.50 312.37 246.67 23.06 -0.20
0.00 3161.32
661.70 3.04 -4.44 -20.46 314.71 248.11 24.49 -0.10
0.00 3575.43
624.60 0.14 -6.32 -20.34 316.85 248.59 26.09 0.00
0.00 4039.79
584.80 -2.86 -8.96 -24.79 318.20 250.48 29.06 0.00
0.00 4563.94
542.70 -5.86 -11.79 -31.89 320.11 255.35 30.71 0.00
0.00 5152.02
501.70 -9.76 -14.96 -37.01 322.00 262.07 30.98 -0.10
0.00 5762.29
464.30 -14.46 -18.53 -38.41 323.26 262.61 31.74 -0.20
0.00 6354.36
430.50 -19.26 -22.36 -40.52 324.04 258.04 33.76 -0.20
0.00 6921.49
399.80 -23.66 -26.04 -43.24 325.04 255.52 36.52 -0.20
0.00 7466.62
371.60 -27.36 -29.37 -48.97 326.63 254.24 40.77 -0.10
0.00 7996.89
346.00 -30.76 -32.46 -55.46 328.51 254.25 45.80 -0.10
0.00 8506.92
322.70 -33.86 -35.25 -57.51 330.79 257.26 51.98 -0.10
0.00 8998.41
301.50 -36.56 -37.73 -59.82 333.43 259.33 57.71 0.00
0.00 9471.70
282.20 -39.66 -40.57 -60.34 335.34 261.06 62.53 0.00
0.00 9926.85
264.70 -42.86 -43.57 -63.04 336.81 262.25 66.26 0.00
0.00 10361.41
248.30 -45.66 -46.22 -63.52 338.85 262.42 69.17 0.00
0.00 10789.94
233.30 -48.16 -48.60 -63.99 341.14 262.13 72.36 0.00
0.00 11202.60
219.50 -50.76 -51.12 -67.42 343.08 263.04 75.35 0.00
0.00 11601.84
205.60 -53.56 -53.83 -67.89 345.15 264.87 76.07 0.00
0.00 12025.03
191.70 -56.16 -56.39 -73.19 347.91 265.44 73.27 0.00
0.00 12472.31
177.70 -58.56 -58.74 -73.70 351.60 265.11 68.43 0.00
0.00 12951.32
163.80 -61.36 -61.49 -74.24 355.18 266.25 62.30 0.00
0.00 13459.61
149.80 -64.36 -9999.00 -9999.00 -9999.00 267.21 55.81 0.00
0.00 14009.57
135.90 -66.96 -9999.00 -9999.00 -9999.00 263.68 51.20 0.00
0.00 14601.02
121.90 -68.46 -9999.00 -9999.00 -9999.00 258.07 46.06 0.00
0.00 15254.80
108.00 -69.26 -9999.00 -9999.00 -9999.00 256.31 38.58 0.00
0.00 15978.78
94.00 -70.06 -9999.00 -9999.00 -9999.00 258.31 28.77 0.00
0.00 16805.75
81.00 -69.66 -9999.00 -9999.00 -9999.00 245.81 25.14 0.00
0.00 17691.47
70.60 -68.66 -9999.00 -9999.00 -9999.00 233.33 21.79 0.00
0.00 18512.01
62.20 -64.86 -9999.00 -9999.00 -9999.00 235.49 18.86 0.00
0.00 19277.29
54.30 -62.56 -9999.00 -9999.00 -9999.00 223.98 15.38 0.00
0.00 20110.02
46.90 -60.06 -9999.00 -9999.00 -9999.00 236.02 10.78 0.00
0.00 21018.48
40.10 -58.06 -9999.00 -9999.00 -9999.00 250.82 4.74 0.00
0.00 22000.11
33.80 -57.16 -9999.00 -9999.00 -9999.00 176.82 3.50 0.00
0.00 23078.44
27.80 -56.06 -9999.00 -9999.00 -9999.00 342.90 2.64 0.00
0.00 24317.13
22.30 -54.96 -9999.00 -9999.00 -9999.00 311.73 9.63 0.00
0.00 25721.53
17.10 -54.16 -9999.00 -9999.00 -9999.00 298.11 19.39 0.00
0.00 27420.37
12.30 -49.66 -9999.00 -9999.00 -9999.00 298.55 27.64 0.00
0.00 29554.07

STID = KMAF STNM = 722650 TIME = 221026/1600 
SLAT = 31.95 SLON = -102.18 SELV = 857.0
STIM = 4

SHOW = 13.59 LIFT = 13.97 SWET = 59.43 KINX = -10.15
LCLP = 721.65 PWAT = 7.05 TOTL = 25.09 CAPE = 0.00
LCLT = 269.28 CINS = 0.00 EQLV = -9999.00 LFCT = -9999.00
BRCH = 0.00

PRES TMPC TMWC DWPC THTE DRCT SKNT OMEG
CFRL HGHT
917.40 15.24 7.58 -0.61 307.69 194.62 9.23 0.00
0.00 868.06
914.70 14.74 7.31 -0.68 307.39 193.78 10.61 0.00
0.00 892.98
909.70 14.14 6.98 -0.79 307.20 194.50 11.64 0.00
0.00 939.24
901.10 13.24 6.48 -0.96 307.03 195.71 12.92 -0.10
0.00 1019.18
888.50 14.04 5.71 -4.57 306.55 197.31 15.68 -0.20
0.00 1137.64
872.30 14.44 5.17 -7.19 307.10 201.04 16.24 -0.20
0.00 1292.71
853.20 13.84 4.44 -8.68 307.73 202.38 14.28 -0.20
0.00 1479.16
832.40 13.04 3.54 -10.56 308.23 202.29 12.80 -0.20
0.00 1686.48
810.10 11.74 2.39 -12.52 308.45 200.77 12.04 -0.20
0.00 1913.72
785.20 9.74 0.72 -15.44 307.98 225.57 13.87 -0.20
0.00 2173.40
758.00 8.34 -0.61 -18.28 308.71 239.96 18.63 -0.20
0.00 2464.85
728.30 7.04 -1.73 -19.98 310.44 244.34 21.99 -0.20
0.00 2793.66
696.20 5.24 -2.87 -19.57 312.74 245.90 24.26 -0.20
0.00 3162.42
661.60 2.74 -4.28 -18.23 315.16 246.74 25.58 -0.10
0.00 3576.27
624.50 -0.06 -6.34 -19.70 316.86 247.51 26.90 0.00
0.00 4040.32
584.80 -2.76 -9.00 -25.71 318.08 250.37 29.49 0.10
0.00 4563.10
542.70 -5.66 -11.65 -31.68 320.39 258.40 29.93 0.10
0.00 5151.50
501.60 -9.96 -14.46 -28.96 323.11 267.87 31.29 0.00
0.00 5763.39
464.30 -15.06 -18.33 -30.56 323.75 265.12 31.97 -0.10
0.00 6353.16
430.50 -19.76 -22.49 -36.57 323.87 256.21 33.41 -0.10
0.00 6919.15
399.80 -23.96 -26.24 -42.39 324.72 252.43 36.67 -0.10
0.00 7463.44
371.60 -27.46 -29.45 -48.97 326.50 252.26 40.79 -0.10
0.00 7993.29
346.00 -30.96 -32.61 -54.19 328.28 254.62 46.13 -0.10
0.00 8503.00
322.70 -33.76 -35.16 -57.51 330.93 257.31 52.18 0.00
0.00 8994.40
301.50 -36.66 -37.82 -59.82 333.29 259.92 56.62 0.00
0.00 9467.69
282.20 -39.86 -40.75 -60.34 335.05 261.35 60.72 0.00
0.00 9922.55
264.70 -42.76 -43.48 -63.04 336.95 261.53 64.61 0.10
0.00 10357.01
248.30 -45.56 -46.12 -63.52 339.00 261.08 67.64 0.10
0.00 10785.73
233.30 -48.16 -48.60 -63.99 341.14 260.67 70.67 0.10
0.00 11198.48
219.50 -50.76 -51.12 -67.42 343.08 261.87 72.80 0.10
0.00 11597.72
205.60 -53.36 -53.64 -67.89 345.47 263.68 72.32 0.10
0.00 12021.10
191.70 -55.76 -56.00 -73.19 348.55 264.24 69.70 0.10
0.00 12469.00
177.70 -58.26 -58.45 -73.70 352.09 263.66 65.07 0.10
0.00 12948.79
163.80 -61.06 -61.20 -74.24 355.68 263.76 59.01 0.00
0.00 13457.79
149.80 -64.16 -9999.00 -9999.00 -9999.00 263.91 53.13 0.00
0.00 14008.40
135.90 -66.86 -9999.00 -9999.00 -9999.00 261.49 49.88 0.00
0.00 14600.28
121.90 -68.36 -9999.00 -9999.00 -9999.00 256.26 44.99 0.10
0.00 15254.38
108.00 -68.86 -9999.00 -9999.00 -9999.00 252.21 38.15 0.00
0.00 15979.25
94.00 -69.96 -9999.00 -9999.00 -9999.00 254.68 29.41 0.00
0.00 16807.23
81.00 -69.56 -9999.00 -9999.00 -9999.00 247.19 26.55 0.00
0.00 17693.39
70.60 -68.16 -9999.00 -9999.00 -9999.00 235.80 24.18 0.00
0.00 18515.13
62.20 -64.86 -9999.00 -9999.00 -9999.00 232.80 20.24 0.00
0.00 19281.34
54.30 -62.56 -9999.00 -9999.00 -9999.00 222.51 15.81 0.00
0.00 20114.07
46.90 -60.16 -9999.00 -9999.00 -9999.00 235.67 9.63 0.00
0.00 21022.32
40.10 -58.36 -9999.00 -9999.00 -9999.00 228.01 2.62 0.00
0.00 22003.03
33.80 -57.36 -9999.00 -9999.00 -9999.00 149.35 6.10 0.00
0.00 23080.11
27.80 -56.36 -9999.00 -9999.00 -9999.00 51.34 2.49 0.00
0.00 24317.37
22.30 -54.56 -9999.00 -9999.00 -9999.00 325.49 11.31 0.00
0.00 25722.09
17.10 -54.66 -9999.00 -9999.00 -9999.00 311.19 20.65 0.00
0.00 27420.54
12.30 -50.36 -9999.00 -9999.00 -9999.00 297.85 23.29 0.00
0.00 29548.46

STID = KMAF STNM = 722650 TIME = 221026/1700 
SLAT = 31.95 SLON = -102.18 SELV = 857.0
STIM = 5

SHOW = 13.29 LIFT = 13.13 SWET = 64.14 KINX = -6.93
LCLP = 678.23 PWAT = 7.43 TOTL = 25.88 CAPE = 0.00
LCLT = 267.17 CINS = 0.00 EQLV = -9999.00 LFCT = -9999.00
BRCH = 0.00

PRES TMPC TMWC DWPC THTE DRCT SKNT OMEG
CFRL HGHT
916.70 18.04 8.43 -1.94 309.70 194.86 9.85 0.00
0.00 867.24
913.90 17.44 8.11 -2.06 309.27 195.52 10.88 0.00
0.00 893.35
909.00 16.84 7.79 -2.17 309.07 195.42 11.69 0.00
0.00 939.13
900.40 15.84 7.23 -2.37 308.78 196.19 12.55 0.00
0.00 1019.86
887.80 14.64 6.56 -2.60 308.71 196.53 12.98 -0.10
0.00 1139.08
871.70 13.84 5.17 -5.98 307.26 198.95 13.75 -0.10
0.00 1293.33
852.50 13.54 4.35 -8.42 307.62 201.25 15.02 -0.10
0.00 1480.63
831.80 12.94 3.49 -10.57 308.18 200.11 14.69 -0.10
0.00 1686.97
809.40 11.44 2.16 -12.94 308.02 210.03 14.36 -0.10
0.00 1915.24
784.70 9.94 0.78 -15.70 308.16 231.55 16.86 -0.20
0.00 2172.98
757.40 8.64 -0.42 -18.00 309.21 242.45 20.16 -0.20
0.00 2465.97
727.80 7.24 -1.45 -18.66 311.14 245.60 23.04 -0.20
0.00 2794.22
695.70 5.04 -2.54 -16.65 313.63 245.26 24.59 -0.20
0.00 3163.29
661.20 2.44 -4.08 -16.12 315.73 245.01 25.29 -0.10
0.00 3575.92
624.10 -0.06 -6.38 -19.98 316.82 246.37 27.14 0.00
0.00 4040.05
584.40 -2.46 -8.97 -27.16 318.16 249.98 28.94 0.00
0.00 4563.44
542.40 -5.36 -11.15 -28.12 321.50 260.85 29.31 0.00
0.00 5151.47
501.40 -10.36 -14.44 -26.61 323.24 268.05 34.21 0.00
0.00 5762.12
464.10 -15.46 -18.55 -29.94 323.43 260.48 34.07 0.00
0.00 6351.27
430.40 -19.96 -22.58 -35.83 323.75 251.07 35.31 0.00
0.00 6915.12
399.70 -23.86 -26.22 -43.69 324.76 250.14 39.45 0.00
0.00 7459.44
371.60 -27.46 -29.49 -50.56 326.42 252.62 43.55 0.00
0.00 7987.58
346.00 -30.86 -32.55 -55.46 328.38 255.69 48.72 0.00
0.00 8497.39
322.70 -33.76 -35.16 -57.51 330.93 257.79 53.26 0.00
0.00 8988.88
301.50 -36.96 -38.06 -58.06 332.91 259.11 56.57 0.00
0.00 9461.88
282.20 -40.06 -40.94 -60.34 334.77 260.12 61.13 0.00
0.00 9916.25
264.70 -42.76 -43.48 -63.04 336.95 261.12 65.46 0.00
0.00 10350.52
248.30 -45.56 -46.12 -63.52 339.00 260.54 68.53 0.00
0.00 10779.24
233.30 -48.16 -48.60 -63.99 341.14 260.05 70.80 0.00
0.00 11192.00
219.50 -50.56 -50.93 -67.42 343.39 261.18 70.96 0.00
0.00 11591.42
205.60 -52.96 -53.28 -72.72 346.05 262.46 69.56 0.00
0.00 12015.37
191.70 -55.36 -55.61 -73.19 349.19 263.04 67.33 0.00
0.00 12464.08
177.70 -58.06 -58.25 -73.70 352.42 262.83 63.83 0.00
0.00 12944.54
163.80 -60.96 -61.10 -74.24 355.85 262.33 58.22 0.00
0.00 13453.90
149.80 -64.06 -9999.00 -9999.00 -9999.00 261.54 52.84 0.00
0.00 14004.77
135.90 -66.86 -9999.00 -9999.00 -9999.00 260.13 49.88 0.00
0.00 14596.80
121.90 -68.46 -9999.00 -9999.00 -9999.00 256.68 45.51 0.00
0.00 15250.73
107.90 -68.96 -9999.00 -9999.00 -9999.00 250.66 38.69 0.00
0.00 15980.79
94.00 -69.96 -9999.00 -9999.00 -9999.00 252.90 31.70 0.00
0.00 16803.05
81.00 -69.86 -9999.00 -9999.00 -9999.00 248.42 27.99 0.00
0.00 17688.55
70.60 -68.06 -9999.00 -9999.00 -9999.00 236.55 26.07 0.00
0.00 18509.89
62.20 -65.36 -9999.00 -9999.00 -9999.00 227.97 21.17 0.00
0.00 19275.36
54.30 -62.16 -9999.00 -9999.00 -9999.00 217.28 16.36 0.00
0.00 20107.89
46.90 -59.46 -9999.00 -9999.00 -9999.00 215.10 8.78 0.00
0.00 21018.50
40.10 -58.46 -9999.00 -9999.00 -9999.00 156.25 5.30 0.00
0.00 22000.58
33.80 -58.16 -9999.00 -9999.00 -9999.00 162.00 8.18 0.00
0.00 23075.41
27.80 -56.26 -9999.00 -9999.00 -9999.00 296.57 0.87 0.00
0.00 24310.67
22.30 -53.76 -9999.00 -9999.00 -9999.00 323.33 11.38 0.00
0.00 25718.29
17.10 -53.36 -9999.00 -9999.00 -9999.00 306.18 16.12 0.00
0.00 27424.90
12.30 -49.36 -9999.00 -9999.00 -9999.00 281.94 20.65 0.00
0.00 29563.92

STID = KMAF STNM = 722650 TIME = 221026/1800 
SLAT = 31.95 SLON = -102.18 SELV = 857.0
STIM = 6

SHOW = 12.58 LIFT = 12.36 SWET = 63.76 KINX = -2.76
LCLP = 644.51 PWAT = 7.65 TOTL = 27.59 CAPE = 0.00
LCLT = 265.07 CINS = 0.00 EQLV = -9999.00 LFCT = -9999.00
BRCH = 0.00

PRES TMPC TMWC DWPC THTE DRCT SKNT OMEG
CFRL HGHT
916.20 19.94 8.85 -3.44 310.66 195.80 10.70 0.00
0.00 868.25
913.50 19.24 8.50 -3.56 310.12 196.34 11.73 0.00
0.00 893.59
908.50 18.64 8.17 -3.68 309.93 197.04 12.59 0.00
0.00 940.61
899.90 17.64 7.64 -3.85 309.68 197.10 13.21 0.00
0.00 1021.86
887.30 16.34 6.90 -4.16 309.45 197.40 13.64 0.00
0.00 1141.85
871.20 14.84 6.05 -4.44 309.43 197.93 13.89 0.00
0.00 1296.91
852.10 13.64 4.70 -7.09 308.55 199.18 14.20 0.00
0.00 1483.72
831.40 12.74 3.45 -10.27 308.16 200.98 15.19 0.00
0.00 1690.15
809.10 11.34 2.03 -13.38 307.76 221.31 17.07 -0.10
0.00 1917.37
784.30 10.14 0.88 -15.70 308.43 238.24 19.19 -0.20
0.00 2176.31
757.10 8.94 -0.15 -17.26 309.83 245.30 21.39 -0.30
0.00 2468.62
727.50 7.14 -1.14 -16.20 311.95 246.86 23.23 -0.30
0.00 2797.16
695.40 4.74 -2.26 -14.25 314.37 245.29 24.16 -0.30
0.00 3166.19
660.90 2.14 -4.08 -15.28 315.81 244.82 25.12 -0.20
0.00 3578.61
623.90 -0.16 -6.49 -20.26 316.63 246.00 27.21 -0.10
0.00 4041.34
584.20 -2.26 -8.88 -27.47 318.36 249.68 27.97 -0.10
0.00 4564.99
542.30 -5.46 -10.94 -25.75 321.98 260.10 29.39 -0.10
0.00 5151.92
501.30 -10.56 -14.63 -27.00 322.91 264.60 35.12 -0.10
0.00 5762.37
464.00 -15.46 -18.65 -30.90 323.24 255.60 36.69 -0.10
0.00 6351.40
430.30 -19.96 -22.66 -36.83 323.62 249.85 38.91 -0.10
0.00 6915.36
399.60 -23.86 -26.28 -45.19 324.67 252.06 42.27 -0.10
0.00 7459.79
371.50 -27.46 -29.54 -52.47 326.37 255.73 45.71 0.00
0.00 7988.06
345.90 -30.66 -32.38 -55.47 328.67 257.64 49.92 0.00
0.00 8498.22
322.70 -33.86 -35.23 -56.03 330.83 258.08 53.61 0.00
0.00 8987.78
301.40 -37.16 -38.24 -58.06 332.66 258.01 57.98 0.10
0.00 9462.78
282.20 -40.16 -41.03 -60.34 334.62 260.25 64.26 0.10
0.00 9914.59
264.70 -42.86 -43.55 -60.84 336.85 261.39 68.76 0.10
0.00 10348.68
248.30 -45.56 -46.12 -63.52 339.00 260.56 71.10 0.10
0.00 10777.30
233.30 -48.06 -48.50 -63.99 341.29 260.15 71.56 0.10
0.00 11190.15
219.50 -50.36 -50.74 -67.42 343.70 260.98 70.61 0.00
0.00 11589.83
205.60 -52.86 -53.18 -72.72 346.21 262.03 68.65 0.00
0.00 12014.07
191.70 -55.46 -55.71 -73.19 349.03 262.32 66.84 0.00
0.00 12462.79
177.70 -58.06 -58.25 -73.70 352.42 261.77 63.79 0.00
0.00 12943.13
163.80 -60.96 -61.10 -74.24 355.85 260.10 58.76 0.00
0.00 13452.49
149.80 -63.96 -9999.00 -9999.00 -9999.00 258.69 54.47 0.00
0.00 14003.50
135.90 -66.76 -9999.00 -9999.00 -9999.00 258.23 52.39 0.00
0.00 14595.81
121.90 -68.56 -9999.00 -9999.00 -9999.00 256.64 47.92 0.00
0.00 15249.75
108.00 -69.26 -9999.00 -9999.00 -9999.00 250.68 39.94 0.00
0.00 15973.55
94.00 -69.86 -9999.00 -9999.00 -9999.00 251.36 34.03 0.00
0.00 16800.92
81.00 -70.06 -9999.00 -9999.00 -9999.00 247.52 30.48 0.00
0.00 17686.21
70.60 -68.06 -9999.00 -9999.00 -9999.00 238.50 28.24 0.00
0.00 18507.15
62.20 -65.36 -9999.00 -9999.00 -9999.00 227.40 22.96 0.00
0.00 19272.62
54.30 -61.46 -9999.00 -9999.00 -9999.00 221.58 18.43 0.00
0.00 20106.54
46.90 -59.06 -9999.00 -9999.00 -9999.00 208.61 9.73 0.00
0.00 21019.51
40.10 -59.26 -9999.00 -9999.00 -9999.00 156.19 7.23 0.00
0.00 22000.67
33.80 -59.16 -9999.00 -9999.00 -9999.00 186.52 6.84 0.00
0.00 23071.00
27.80 -56.86 -9999.00 -9999.00 -9999.00 266.42 3.11 0.00
0.00 24301.68
22.30 -54.56 -9999.00 -9999.00 -9999.00 330.80 7.56 0.00
0.00 25704.79
17.10 -53.66 -9999.00 -9999.00 -9999.00 290.90 11.44 0.00
0.00 27407.12
12.30 -49.06 -9999.00 -9999.00 -9999.00 266.93 21.79 0.00
0.00 29546.14

STID = KMAF STNM = 722650 TIME = 221026/1900 
SLAT = 31.95 SLON = -102.18 SELV = 857.0
STIM = 7

SHOW = 12.04 LIFT = 11.65 SWET = 64.18 KINX = -0.05
LCLP = 623.59 PWAT = 7.95 TOTL = 28.37 CAPE = 0.00
LCLT = 263.79 CINS = 0.00 EQLV = -9999.00 LFCT = -9999.00
BRCH = 0.00

PRES TMPC TMWC DWPC THTE DRCT SKNT OMEG
CFRL HGHT
915.70 21.24 9.19 -4.34 311.47 202.54 11.15 0.10
0.00 867.36
913.00 20.54 8.84 -4.47 310.93 203.32 12.28 0.10
0.00 892.83
908.00 19.94 8.52 -4.59 310.74 203.09 12.88 0.10
0.00 940.07
899.40 19.04 8.01 -4.84 310.55 202.87 13.50 0.10
0.00 1021.74
886.80 17.74 7.26 -5.21 310.29 204.04 13.83 0.00
0.00 1142.35
870.60 16.14 6.30 -5.77 310.00 204.44 14.08 -0.10
0.00 1299.18
851.70 14.34 4.93 -7.55 309.08 205.87 14.24 -0.10
0.00 1484.77
830.90 12.84 3.82 -8.75 309.14 206.92 14.16 0.00
0.00 1692.60
808.60 11.24 2.43 -10.93 308.84 226.49 15.79 -0.10
0.00 1920.01
783.90 10.34 1.07 -15.14 308.91 243.69 19.29 -0.10
0.00 2178.13
756.70 8.94 0.09 -15.64 310.47 248.96 21.64 -0.20
0.00 2470.72
727.10 6.84 -0.80 -13.44 312.86 248.02 22.82 -0.20
0.00 2799.32
695.10 4.44 -2.07 -12.57 314.91 245.75 23.64 -0.20
0.00 3167.05
660.60 1.94 -4.11 -14.88 315.81 246.04 24.86 -0.10
0.00 3579.33
623.60 -0.36 -6.64 -20.46 316.38 247.82 27.27 -0.10
0.00 4041.94
584.00 -2.26 -8.82 -26.86 318.52 250.05 27.89 -0.10
0.00 4564.30
542.10 -5.66 -11.04 -25.51 321.84 258.84 30.09 0.00
0.00 5151.23
501.10 -10.76 -14.76 -27.00 322.70 260.59 35.64 0.00
0.00 5761.45
463.90 -15.56 -18.74 -31.07 323.10 253.50 38.29 0.00
0.00 6348.75
430.20 -19.96 -22.71 -37.64 323.54 251.31 41.22 0.00
0.00 6912.71
399.50 -23.86 -26.30 -45.75 324.66 255.28 43.59 0.00
0.00 7457.27
371.50 -27.46 -29.51 -51.47 326.41 258.16 45.45 0.10
0.00 7983.73
345.90 -30.66 -32.36 -54.19 328.71 258.38 49.18 0.10
0.00 8493.89
322.60 -33.86 -35.23 -56.04 330.86 257.20 54.39 0.10
0.00 8985.63
301.40 -37.06 -38.15 -58.06 332.80 258.58 61.83 0.10
0.00 9458.58
282.20 -40.16 -41.00 -58.58 334.66 261.34 68.38 0.10
0.00 9910.49
264.70 -43.06 -43.71 -59.09 336.60 261.85 71.23 0.10
0.00 10344.39
248.30 -45.56 -46.12 -63.52 339.00 260.59 72.46 0.10
0.00 10772.83
233.30 -47.76 -48.25 -66.98 341.70 260.11 72.36 0.10
0.00 11185.95
219.50 -50.16 -50.55 -67.42 344.01 260.51 70.71 0.10
0.00 11586.08
205.60 -52.76 -53.08 -72.72 346.36 261.39 68.76 0.10
0.00 12010.61
191.70 -55.36 -55.61 -73.19 349.19 261.68 67.13 0.10
0.00 12459.53
177.70 -57.96 -58.15 -73.70 352.58 261.36 64.65 0.10
0.00 12940.09
163.80 -60.86 -61.00 -74.24 356.02 259.70 60.80 0.00
0.00 13449.69
149.80 -63.96 -9999.00 -9999.00 -9999.00 258.23 57.15 0.00
0.00 14000.83
135.90 -66.96 -9999.00 -9999.00 -9999.00 258.33 54.74 0.00
0.00 14592.85
121.90 -69.06 -9999.00 -9999.00 -9999.00 256.99 50.04 -0.10
0.00 15245.68
107.90 -69.86 -9999.00 -9999.00 -9999.00 251.05 40.68 0.00
0.00 15973.05
94.00 -70.16 -9999.00 -9999.00 -9999.00 247.83 33.97 0.00
0.00 16793.09
81.00 -70.06 -9999.00 -9999.00 -9999.00 244.54 31.62 0.00
0.00 17677.72
70.60 -67.56 -9999.00 -9999.00 -9999.00 241.45 30.07 0.00
0.00 18499.67
62.20 -64.46 -9999.00 -9999.00 -9999.00 234.46 25.06 0.00
0.00 19267.74
54.30 -60.46 -9999.00 -9999.00 -9999.00 232.70 20.51 0.00
0.00 20105.43
46.90 -58.56 -9999.00 -9999.00 -9999.00 227.73 11.56 0.00
0.00 21021.62
40.10 -59.16 -9999.00 -9999.00 -9999.00 185.53 6.04 0.00
0.00 22004.16
33.80 -58.86 -9999.00 -9999.00 -9999.00 252.18 5.71 0.00
0.00 23075.49
27.80 -57.06 -9999.00 -9999.00 -9999.00 301.22 7.50 0.00
0.00 24306.45
22.30 -56.36 -9999.00 -9999.00 -9999.00 347.91 8.35 0.00
0.00 25703.11
17.10 -54.86 -9999.00 -9999.00 -9999.00 289.13 10.08 0.00
0.00 27393.78
12.30 -48.86 -9999.00 -9999.00 -9999.00 270.00 24.09 0.00
0.00 29527.97

STID = KMAF STNM = 722650 TIME = 221026/2000 
SLAT = 31.95 SLON = -102.18 SELV = 857.0
STIM = 8

SHOW = 11.22 LIFT = 11.28 SWET = 64.24 KINX = 2.43
LCLP = 600.98 PWAT = 8.11 TOTL = 29.77 CAPE = 0.00
LCLT = 261.95 CINS = 0.00 EQLV = -9999.00 LFCT = -9999.00
BRCH = 0.00

PRES TMPC TMWC DWPC THTE DRCT SKNT OMEG
CFRL HGHT
914.00 22.14 9.24 -5.79 311.66 206.11 11.03 0.10
0.00 867.41
911.30 21.44 8.89 -5.93 311.12 206.57 12.16 0.10
0.00 893.00
906.30 20.84 8.57 -6.05 310.94 207.35 12.68 0.10
0.00 940.47
897.80 19.94 8.08 -6.22 310.80 207.32 13.11 0.10
0.00 1021.57
885.20 18.64 7.37 -6.45 310.64 208.02 13.64 0.10
0.00 1142.75
869.20 17.04 6.48 -6.74 310.51 209.05 14.01 0.00
0.00 1298.37
850.10 15.24 5.45 -7.12 310.50 210.14 13.93 0.00
0.00 1486.82
829.50 13.54 4.05 -9.21 309.81 211.92 13.97 0.00
0.00 1693.60
807.20 11.64 2.83 -9.95 309.95 222.80 14.30 0.00
0.00 1921.85
782.50 10.44 1.40 -13.43 309.89 242.59 17.72 0.00
0.00 2180.68
755.40 8.94 0.51 -13.17 311.69 248.30 20.49 0.00
0.00 2472.81
725.90 6.74 -0.41 -11.34 313.98 246.80 22.18 0.00
0.00 2800.85
694.00 4.24 -2.02 -11.90 315.20 245.36 23.29 0.00
0.00 3167.89
659.60 1.84 -4.23 -15.16 315.70 247.45 24.83 0.00
0.00 3579.39
622.70 -0.26 -6.70 -21.26 316.37 250.54 27.41 0.00
0.00 4041.42
583.30 -2.16 -8.68 -26.01 318.95 251.20 28.92 0.00
0.00 4562.02
541.50 -5.86 -11.15 -25.39 321.73 255.79 31.66 0.00
0.00 5148.13
500.60 -10.76 -14.78 -27.14 322.76 255.44 36.32 0.10
0.00 5757.27
463.50 -15.66 -18.84 -31.25 323.02 251.13 40.23 0.10
0.00 6343.42
429.90 -20.06 -22.81 -37.94 323.44 252.46 43.18 0.10
0.00 6905.93
399.30 -23.76 -26.23 -45.75 324.83 257.08 43.45 0.10
0.00 7449.04
371.30 -27.36 -29.43 -51.47 326.59 257.96 44.70 0.10
0.00 7975.98
345.80 -30.56 -32.27 -54.19 328.88 256.23 49.81 0.10
0.00 8484.56
322.50 -33.66 -35.08 -57.52 331.13 256.62 57.91 0.20
0.00 8976.76
301.40 -36.76 -37.88 -58.06 333.22 259.18 66.26 0.20
0.00 9448.05
282.10 -40.06 -40.91 -58.59 334.84 260.80 70.45 0.20
0.00 9902.77
264.70 -42.76 -43.46 -60.84 337.00 261.01 73.35 0.20
0.00 10334.65
248.30 -44.96 -45.56 -63.52 339.89 260.80 75.37 0.20
0.00 10763.93
233.30 -47.26 -47.78 -66.98 342.46 260.44 74.86 0.20
0.00 11178.05
219.50 -49.76 -50.17 -67.42 344.62 260.01 72.79 0.20
0.00 11578.98
205.60 -52.56 -52.89 -72.72 346.68 260.67 70.67 0.20
0.00 12004.08
191.70 -55.36 -55.61 -73.19 349.19 261.44 69.15 0.10
0.00 12453.21
177.70 -58.06 -58.25 -73.70 352.42 261.03 67.25 0.10
0.00 12933.66
163.80 -61.06 -61.20 -74.24 355.68 259.77 64.55 0.00
0.00 13442.90
149.80 -64.06 -9999.00 -9999.00 -9999.00 258.58 60.84 0.00
0.00 13993.65
135.90 -67.06 -9999.00 -9999.00 -9999.00 257.13 55.79 -0.10
0.00 14585.39
121.90 -69.46 -9999.00 -9999.00 -9999.00 254.42 50.62 -0.10
0.00 15237.42
107.90 -70.56 -9999.00 -9999.00 -9999.00 249.97 41.98 0.00
0.00 15962.83
94.00 -70.36 -9999.00 -9999.00 -9999.00 244.59 34.40 0.00
0.00 16781.05
81.00 -70.06 -9999.00 -9999.00 -9999.00 243.13 33.10 0.00
0.00 17665.25
70.60 -68.16 -9999.00 -9999.00 -9999.00 244.06 31.97 0.00
0.00 18485.99
62.20 -64.86 -9999.00 -9999.00 -9999.00 241.48 28.07 0.00
0.00 19252.20
54.30 -60.86 -9999.00 -9999.00 -9999.00 237.45 21.66 0.00
0.00 20088.30
46.90 -59.46 -9999.00 -9999.00 -9999.00 227.49 12.65 0.00
0.00 21001.70
40.10 -59.56 -9999.00 -9999.00 -9999.00 174.81 8.59 0.00
0.00 21981.26
33.80 -58.36 -9999.00 -9999.00 -9999.00 223.03 3.98 0.00
0.00 23052.84
27.80 -56.66 -9999.00 -9999.00 -9999.00 327.99 1.83 0.00
0.00 24286.38
22.30 -56.46 -9999.00 -9999.00 -9999.00 30.47 3.83 0.00
0.00 25684.00
17.10 -52.66 -9999.00 -9999.00 -9999.00 268.06 11.46 0.00
0.00 27382.84
12.30 -46.86 -9999.00 -9999.00 -9999.00 275.23 27.70 0.00
0.00 29537.28

STID = KMAF STNM = 722650 TIME = 221026/2100 
SLAT = 31.95 SLON = -102.18 SELV = 857.0
STIM = 9

SHOW = 10.69 LIFT = 10.76 SWET = 66.37 KINX = 2.77
LCLP = 588.48 PWAT = 8.12 TOTL = 30.39 CAPE = 0.00
LCLT = 261.12 CINS = 0.00 EQLV = -9999.00 LFCT = -9999.00
BRCH = 0.00

PRES TMPC TMWC DWPC THTE DRCT SKNT OMEG
CFRL HGHT
913.60 22.94 9.46 -6.39 312.18 210.26 10.80 0.10
0.00 867.45
910.90 22.24 9.11 -6.53 311.64 210.32 11.93 0.10
0.00 893.11
905.90 21.74 8.84 -6.60 311.61 210.96 12.45 0.10
0.00 940.73
897.40 20.84 8.36 -6.77 311.46 211.55 13.00 0.10
0.00 1022.11
884.80 19.54 7.65 -7.00 311.31 211.39 13.42 0.10
0.00 1143.71
868.80 17.94 6.77 -7.29 311.20 212.78 13.64 0.10
0.00 1299.87
849.70 16.14 5.75 -7.63 311.21 213.47 13.73 0.10
0.00 1488.99
829.10 14.24 4.33 -9.50 310.46 215.91 13.91 0.10
0.00 1696.43
806.90 12.34 3.22 -9.73 310.87 222.75 14.02 0.10
0.00 1924.31
782.20 10.84 1.89 -11.90 311.08 241.07 16.86 0.10
0.00 2183.76
755.10 9.04 0.94 -11.30 312.77 246.95 19.85 0.10
0.00 2476.31
725.60 6.84 -0.17 -10.52 314.60 246.40 21.83 0.10
0.00 2804.65
693.70 4.34 -2.04 -12.19 315.20 247.93 23.27 0.10
0.00 3171.99
659.40 2.14 -4.32 -16.44 315.51 252.80 25.62 0.10
0.00 3582.71
622.50 0.24 -6.51 -22.00 316.74 255.96 28.83 0.10
0.00 4045.53
583.10 -1.96 -8.44 -24.95 319.49 255.96 31.24 0.10
0.00 4566.97
541.30 -5.96 -11.23 -25.52 321.61 256.28 34.40 0.10
0.00 5153.41
500.50 -10.86 -14.88 -27.41 322.59 253.74 38.85 0.00
0.00 5761.00
463.40 -15.66 -18.85 -31.42 323.00 251.89 43.12 0.00
0.00 6347.15
429.80 -20.06 -22.83 -38.23 323.42 255.12 44.62 0.00
0.00 6909.78
399.30 -23.86 -26.33 -46.34 324.66 258.69 43.59 0.00
0.00 7451.07
371.30 -27.46 -29.49 -50.56 326.50 257.63 45.34 0.10
0.00 7977.80
345.70 -30.76 -32.44 -54.20 328.63 255.86 51.69 0.10
0.00 8488.14
322.50 -33.76 -35.17 -57.52 330.99 257.13 60.18 0.10
0.00 8977.99
301.40 -36.96 -38.04 -56.59 332.98 258.98 67.09 0.10
0.00 9448.99
282.10 -40.06 -40.91 -58.59 334.84 259.61 71.10 0.20
0.00 9903.52
264.60 -42.46 -43.18 -60.84 337.47 260.69 74.42 0.20
0.00 10338.23
248.30 -44.16 -44.84 -66.52 341.04 261.30 77.04 0.20
0.00 10766.00
233.30 -46.26 -46.84 -66.98 343.98 260.16 78.46 0.20
0.00 11181.76
219.50 -49.06 -49.53 -72.27 345.66 259.73 77.39 0.10
0.00 11584.21
205.60 -52.16 -52.51 -72.72 347.31 260.59 74.83 0.10
0.00 12010.36
191.70 -55.36 -55.61 -73.19 349.19 261.80 72.22 0.00
0.00 12459.90
177.70 -58.36 -58.54 -73.70 351.93 261.98 69.64 0.00
0.00 12940.02
163.80 -61.46 -61.59 -74.24 355.01 261.19 67.23 0.00
0.00 13448.43
149.80 -64.56 -64.65 -74.84 358.86 260.02 63.91 -0.10
0.00 13998.00
135.90 -67.36 -9999.00 -9999.00 -9999.00 257.68 58.26 -0.10
0.00 14588.60
121.90 -69.76 -9999.00 -9999.00 -9999.00 252.67 50.87 0.00
0.00 15239.67
107.90 -70.76 -9999.00 -9999.00 -9999.00 248.05 43.14 0.00
0.00 15964.19
94.00 -70.16 -9999.00 -9999.00 -9999.00 243.29 35.00 0.00
0.00 16782.42
81.00 -69.96 -9999.00 -9999.00 -9999.00 243.86 34.83 0.00
0.00 17667.26
70.60 -68.86 -9999.00 -9999.00 -9999.00 249.52 34.42 0.00
0.00 18486.80
62.20 -65.66 -9999.00 -9999.00 -9999.00 250.27 29.91 0.00
0.00 19250.23
54.30 -61.56 -9999.00 -9999.00 -9999.00 247.91 21.17 0.00
0.00 20083.35
46.90 -60.56 -9999.00 -9999.00 -9999.00 238.39 11.87 0.00
0.00 20992.89
40.10 -60.26 -9999.00 -9999.00 -9999.00 203.70 8.70 0.00
0.00 21968.32
33.80 -58.56 -9999.00 -9999.00 -9999.00 233.47 6.53 0.00
0.00 23037.65
27.80 -56.36 -9999.00 -9999.00 -9999.00 246.04 1.90 0.00
0.00 24271.47
22.30 -55.86 -9999.00 -9999.00 -9999.00 277.13 1.57 0.00
0.00 25672.00
17.10 -51.36 -9999.00 -9999.00 -9999.00 265.03 13.46 0.00
0.00 27378.22
12.30 -45.96 -9999.00 -9999.00 -9999.00 279.66 27.78 0.00
0.00 29543.28

STID = KMAF STNM = 722650 TIME = 221026/2200 
SLAT = 31.95 SLON = -102.18 SELV = 857.0
STIM = 10

SHOW = 10.32 LIFT = 10.37 SWET = 69.49 KINX = 2.29
LCLP = 584.63 PWAT = 8.21 TOTL = 30.89 CAPE = 0.00
LCLT = 260.90 CINS = 0.00 EQLV = -9999.00 LFCT = -9999.00
BRCH = 0.00

PRES TMPC TMWC DWPC THTE DRCT SKNT OMEG
CFRL HGHT
913.60 23.24 9.56 -6.54 312.41 207.47 10.96 0.10
0.00 867.46
910.90 22.74 9.30 -6.68 312.09 208.18 12.33 0.10
0.00 893.15
905.90 22.24 9.03 -6.75 312.05 208.47 13.03 0.10
0.00 940.86
897.30 21.34 8.55 -6.92 311.92 208.41 13.48 0.10
0.00 1023.34
884.80 20.14 7.90 -7.11 311.89 209.05 14.01 0.10
0.00 1144.20
868.80 18.54 7.02 -7.39 311.78 209.74 14.10 0.10
0.00 1300.68
849.70 16.74 6.01 -7.73 311.80 210.43 14.20 0.10
0.00 1490.19
829.10 14.84 4.70 -9.11 311.32 212.83 14.34 0.10
0.00 1698.07
806.80 12.84 3.62 -9.02 311.82 217.94 14.53 0.00
0.00 1927.44
782.20 11.24 2.37 -10.52 312.22 235.39 16.76 0.00
0.00 2186.29
755.10 9.24 1.41 -9.70 313.88 240.55 18.96 0.00
0.00 2479.20
725.60 6.94 -0.08 -10.36 314.80 243.43 21.29 -0.10
0.00 2807.75
693.70 4.64 -2.09 -13.13 315.05 250.18 22.92 -0.10
0.00 3175.33
659.30 2.64 -4.22 -17.45 315.68 257.85 25.84 0.00
0.00 3587.84
622.50 0.64 -6.22 -21.57 317.34 262.08 29.62 0.00
0.00 4050.18
583.10 -2.06 -8.38 -23.97 319.64 261.54 32.98 0.10
0.00 4571.94
541.30 -6.06 -11.28 -25.40 321.52 258.81 37.02 0.10
0.00 5158.17
500.50 -10.86 -14.93 -27.82 322.49 254.91 41.05 0.10
0.00 5765.65
463.40 -15.76 -19.02 -32.33 322.70 255.05 44.42 0.00
0.00 6351.67
429.80 -19.96 -22.81 -39.16 323.44 258.15 44.46 0.10
0.00 6914.29
399.30 -23.86 -26.35 -46.96 324.63 259.99 43.59 0.10
0.00 7455.68
371.20 -27.56 -29.58 -50.57 326.39 258.09 47.05 0.10
0.00 7984.25
345.70 -30.76 -32.44 -54.20 328.63 257.65 54.49 0.10
0.00 8492.56
322.50 -33.76 -35.17 -57.52 330.99 258.62 63.01 0.10
0.00 8982.41
301.30 -37.16 -38.22 -56.59 332.73 259.07 68.65 0.00
0.00 9455.52
282.10 -40.16 -41.00 -58.59 334.70 259.83 72.63 0.00
0.00 9907.48
264.60 -42.06 -42.84 -63.04 338.01 262.14 75.29 0.00
0.00 10342.47
248.30 -43.86 -44.57 -66.52 341.48 262.75 78.52 0.00
0.00 10770.89
233.30 -46.26 -46.86 -71.86 343.93 262.17 82.75 0.00
0.00 11186.93
219.50 -49.16 -49.62 -72.27 345.50 261.96 83.37 0.00
0.00 11589.29
205.60 -52.26 -52.60 -72.72 347.15 262.09 79.04 -0.10
0.00 12015.25
191.70 -55.46 -55.71 -73.19 349.03 262.46 74.07 -0.10
0.00 12464.58
177.70 -58.66 -58.84 -73.70 351.43 261.78 70.65 -0.10
0.00 12944.26
163.80 -61.86 -61.98 -74.24 354.34 259.90 68.67 -0.10
0.00 13451.83
149.80 -65.06 -65.14 -74.84 358.00 258.95 66.90 -0.10
0.00 14000.22
135.90 -67.86 -9999.00 -9999.00 -9999.00 258.65 61.23 -0.10
0.00 14589.39
121.90 -69.96 -9999.00 -9999.00 -9999.00 254.99 52.49 -0.10
0.00 15239.35
107.90 -71.16 -9999.00 -9999.00 -9999.00 249.03 44.52 0.00
0.00 15962.80
94.00 -71.06 -9999.00 -9999.00 -9999.00 244.11 36.93 0.00
0.00 16778.40
81.00 -70.66 -9999.00 -9999.00 -9999.00 242.87 35.35 0.00
0.00 17659.76
70.60 -69.36 -9999.00 -9999.00 -9999.00 249.29 34.05 0.00
0.00 18476.88
62.20 -65.36 -9999.00 -9999.00 -9999.00 254.17 27.06 0.00
0.00 19239.94
54.30 -61.26 -9999.00 -9999.00 -9999.00 246.45 16.53 0.00
0.00 20074.26
46.90 -60.36 -9999.00 -9999.00 -9999.00 223.36 9.62 0.00
0.00 20984.87
40.10 -60.76 -9999.00 -9999.00 -9999.00 214.02 9.38 0.00
0.00 21959.62
33.80 -58.56 -9999.00 -9999.00 -9999.00 225.00 8.51 0.00
0.00 23027.69
27.80 -55.56 -9999.00 -9999.00 -9999.00 237.53 5.07 0.00
0.00 24263.80
22.30 -55.46 -9999.00 -9999.00 -9999.00 287.65 4.49 0.00
0.00 25668.20
17.10 -52.06 -9999.00 -9999.00 -9999.00 283.69 15.60 0.00
0.00 27373.26
12.30 -46.86 -9999.00 -9999.00 -9999.00 289.42 28.63 0.00
0.00 29530.60

STID = KMAF STNM = 722650 TIME = 221026/2300 
SLAT = 31.95 SLON = -102.18 SELV = 857.0
STIM = 11

SHOW = 9.84 LIFT = 9.90 SWET = 69.89 KINX = 2.30
LCLP = 588.48 PWAT = 8.38 TOTL = 31.89 CAPE = 0.00
LCLT = 261.32 CINS = 0.00 EQLV = -9999.00 LFCT = -9999.00
BRCH = 0.00

PRES TMPC TMWC DWPC THTE DRCT SKNT OMEG
CFRL HGHT
913.40 23.14 9.59 -6.19 312.54 207.65 9.21 0.10
0.00 868.41
910.80 22.84 9.41 -6.33 312.41 208.37 11.03 0.10
0.00 893.15
905.80 22.34 9.14 -6.45 312.35 208.24 11.91 0.10
0.00 940.88
897.20 21.44 8.67 -6.57 312.25 208.54 12.61 0.10
0.00 1023.40
884.70 20.34 8.05 -6.80 312.30 208.47 13.03 0.10
0.00 1144.35
868.70 18.74 7.19 -7.04 312.22 208.81 13.31 0.10
0.00 1300.96
849.60 16.94 6.19 -7.33 312.27 209.85 13.66 0.10
0.00 1490.62
829.00 15.04 4.92 -8.51 311.89 210.83 14.02 0.10
0.00 1698.68
806.80 13.04 3.86 -8.40 312.41 220.28 15.02 0.00
0.00 1927.21
782.10 11.54 2.93 -8.69 313.61 231.95 17.02 0.00
0.00 2187.40
755.00 9.44 1.70 -8.89 314.61 237.30 18.71 -0.10
0.00 2480.65
725.50 7.14 -0.05 -10.68 314.86 243.92 20.34 -0.10
0.00 2809.49
693.60 4.94 -2.05 -13.70 315.12 253.92 22.44 -0.10
0.00 3177.43
659.30 2.84 -4.09 -17.37 315.94 262.12 25.49 0.00
0.00 3589.14
622.40 0.54 -6.18 -20.87 317.47 266.57 29.20 0.20
0.00 4052.87
583.00 -2.46 -8.56 -23.51 319.32 265.07 33.92 0.30
0.00 4574.25
541.30 -6.36 -11.49 -25.52 321.13 260.73 38.58 0.30
0.00 5158.37
500.50 -11.06 -15.15 -28.53 322.07 257.61 42.56 0.30
0.00 5765.27
463.40 -15.66 -19.09 -33.94 322.55 258.74 44.76 0.30
0.00 6351.15
429.80 -19.76 -22.76 -40.91 323.51 261.08 43.84 0.30
0.00 6914.08
399.30 -23.86 -26.35 -46.96 324.63 260.87 44.08 0.30
0.00 7455.67
371.20 -27.66 -29.66 -50.57 326.26 258.96 48.68 0.30
0.00 7984.13
345.70 -30.86 -32.53 -54.20 328.50 259.31 56.55 0.20
0.00 8492.24
322.50 -33.96 -35.32 -56.04 330.75 259.71 64.16 0.20
0.00 8981.79
301.30 -37.36 -38.37 -55.33 332.49 260.38 68.57 0.10
0.00 9454.50
282.10 -39.76 -40.64 -58.59 335.27 263.90 71.31 0.10
0.00 9906.65
264.60 -41.36 -42.22 -66.06 338.99 264.57 73.95 0.00
0.00 10342.68
248.20 -43.66 -44.38 -66.53 341.82 263.26 79.41 0.00
0.00 10774.65
233.30 -46.36 -46.93 -66.98 343.83 263.11 87.45 0.00
0.00 11188.09
219.50 -49.36 -49.79 -67.42 345.24 263.88 91.04 0.00
0.00 11590.18
205.60 -52.46 -52.80 -72.72 346.84 263.90 85.96 0.00
0.00 12015.76
191.70 -55.46 -55.71 -73.19 349.03 262.52 77.58 0.00
0.00 12464.89
177.70 -58.66 -58.84 -73.70 351.43 261.24 72.73 0.00
0.00 12944.57
163.80 -62.06 -62.18 -74.24 354.01 260.51 70.71 0.00
0.00 13451.90
149.80 -65.26 -9999.00 -9999.00 -9999.00 261.18 68.41 0.00
0.00 13999.77
135.90 -67.66 -9999.00 -9999.00 -9999.00 260.30 62.28 0.00
0.00 14588.94
121.90 -69.46 -9999.00 -9999.00 -9999.00 254.76 53.96 0.00
0.00 15240.01
107.90 -71.06 -9999.00 -9999.00 -9999.00 249.20 47.59 0.00
0.00 15964.53
94.00 -71.56 -9999.00 -9999.00 -9999.00 246.35 39.24 0.00
0.00 16779.33
81.00 -70.46 -9999.00 -9999.00 -9999.00 245.46 36.95 0.00
0.00 17660.03
70.60 -67.36 -9999.00 -9999.00 -9999.00 251.09 37.16 0.00
0.00 18481.58
62.20 -63.36 -9999.00 -9999.00 -9999.00 258.77 26.94 0.00
0.00 19252.05
54.30 -60.86 -9999.00 -9999.00 -9999.00 254.60 13.91 0.00
0.00 20091.14
46.90 -60.66 -9999.00 -9999.00 -9999.00 231.77 8.16 0.00
0.00 21001.96
40.10 -61.66 -9999.00 -9999.00 -9999.00 215.54 6.68 0.00
0.00 21973.96
33.80 -57.96 -9999.00 -9999.00 -9999.00 209.58 8.26 0.00
0.00 23041.29
27.80 -54.76 -9999.00 -9999.00 -9999.00 165.96 2.41 0.00
0.00 24281.40
22.30 -54.96 -9999.00 -9999.00 -9999.00 349.88 5.52 0.00
0.00 25690.00
17.10 -53.76 -9999.00 -9999.00 -9999.00 299.93 14.80 0.00
0.00 27390.39
12.30 -47.96 -9999.00 -9999.00 -9999.00 288.15 24.94 0.00
0.00 29534.22

STID = KMAF STNM = 722650 TIME = 221027/0000 
SLAT = 31.95 SLON = -102.18 SELV = 857.0
STIM = 12

SHOW = 9.51 LIFT = 9.57 SWET = 70.17 KINX = 3.61
LCLP = 607.49 PWAT = 8.64 TOTL = 32.70 CAPE = 0.00
LCLT = 262.37 CINS = 0.00 EQLV = -9999.00 LFCT = -9999.00
BRCH = 0.00

PRES TMPC TMWC DWPC THTE DRCT SKNT OMEG
CFRL HGHT
913.40 21.64 9.08 -5.51 311.37 202.62 5.05 0.00
0.00 868.35
910.80 22.24 9.29 -5.69 312.17 203.55 8.26 0.00
0.00 893.01
905.70 22.14 9.18 -5.86 312.51 204.18 10.43 0.10
0.00 941.64
897.20 21.44 8.79 -5.98 312.61 204.06 11.91 0.10
0.00 1023.18
884.70 20.24 8.15 -6.17 312.58 203.43 12.70 0.10
0.00 1144.12
868.60 18.74 7.33 -6.41 312.62 202.11 13.42 0.10
0.00 1301.70
849.60 16.94 6.34 -6.69 312.67 201.21 13.97 0.00
0.00 1490.40
828.90 15.14 5.18 -7.55 312.59 204.57 14.96 -0.10
0.00 1699.53
806.70 13.44 4.29 -7.41 313.47 221.12 16.24 -0.30
0.00 1928.32
782.00 11.64 3.27 -7.53 314.47 229.54 17.37 -0.40
0.00 2188.80
754.90 9.54 1.81 -8.65 314.89 234.32 18.65 -0.50
0.00 2482.22
725.40 7.14 0.01 -10.42 315.02 239.42 19.85 -0.50
0.00 2811.17
693.50 4.84 -1.99 -13.14 315.30 252.07 20.82 -0.40
0.00 3179.11
659.20 2.54 -4.15 -16.75 315.86 261.25 23.00 -0.20
0.00 3590.61
622.40 0.24 -6.33 -20.67 317.19 265.10 27.29 0.20
0.00 4052.62
583.00 -2.66 -8.70 -23.62 319.05 263.70 33.61 0.40
0.00 4573.52
541.20 -6.56 -11.68 -26.03 320.77 260.54 38.99 0.50
0.00 5158.66
500.40 -11.16 -15.36 -29.77 321.69 259.67 42.25 0.60
0.00 5765.30
463.40 -15.46 -19.07 -35.58 322.55 261.47 43.22 0.50
0.00 6349.75
429.80 -19.56 -22.68 -42.56 323.62 262.46 42.91 0.40
0.00 6913.10
399.20 -23.66 -26.19 -46.96 324.91 261.03 44.83 0.30
0.00 7456.97
371.20 -27.16 -29.25 -50.57 326.92 260.47 51.61 0.20
0.00 7984.36
345.70 -30.26 -32.02 -54.20 329.31 260.75 60.41 0.10
0.00 8493.61
322.50 -33.76 -35.12 -54.77 331.07 261.24 65.05 0.00
0.00 8983.97
301.30 -36.66 -37.77 -56.59 333.44 263.53 67.25 0.00
0.00 9457.58
282.10 -38.46 -39.52 -62.56 337.05 264.32 70.67 -0.10
0.00 9911.66
264.60 -40.76 -41.67 -66.06 339.87 263.61 76.83 -0.20
0.00 10349.46
248.20 -43.56 -44.29 -66.53 341.97 263.12 84.32 -0.20
0.00 10782.09
233.30 -46.36 -46.93 -66.98 343.83 263.28 92.91 -0.30
0.00 11195.62
219.50 -49.46 -49.88 -67.42 345.09 263.84 95.94 -0.30
0.00 11597.62
205.60 -52.56 -52.87 -67.89 346.73 263.29 89.78 -0.30
0.00 12023.01
191.70 -55.56 -55.81 -73.19 348.87 260.93 80.07 -0.20
0.00 12471.93
177.70 -58.76 -58.93 -73.70 351.27 258.31 73.80 -0.30
0.00 12951.39
163.80 -62.26 -62.37 -74.24 353.67 257.77 71.56 -0.20
0.00 13458.36
149.80 -65.66 -65.73 -74.84 356.97 259.32 69.19 -0.20
0.00 14005.45
135.90 -68.36 -9999.00 -9999.00 -9999.00 259.96 63.52 -0.10
0.00 14593.06
121.90 -70.46 -9999.00 -9999.00 -9999.00 256.40 56.16 0.00
0.00 15241.43
107.90 -71.36 -9999.00 -9999.00 -9999.00 250.57 49.65 0.00
0.00 15963.62
94.00 -70.96 -9999.00 -9999.00 -9999.00 244.46 43.71 0.00
0.00 16779.02
81.00 -69.86 -9999.00 -9999.00 -9999.00 244.56 39.80 0.00
0.00 17662.34
70.60 -67.06 -9999.00 -9999.00 -9999.00 254.25 39.36 0.00
0.00 18485.70
62.20 -62.56 -9999.00 -9999.00 -9999.00 267.22 28.01 0.00
0.00 19258.21
54.30 -61.56 -9999.00 -9999.00 -9999.00 276.12 10.94 0.00
0.00 20097.50
46.90 -61.36 -9999.00 -9999.00 -9999.00 237.99 7.32 0.00
0.00 21005.32
40.10 -61.76 -9999.00 -9999.00 -9999.00 208.50 7.73 0.00
0.00 21975.49
33.80 -57.76 -9999.00 -9999.00 -9999.00 216.66 10.41 0.00
0.00 23043.06
27.80 -55.46 -9999.00 -9999.00 -9999.00 125.54 1.67 0.00
0.00 24281.75
22.30 -55.06 -9999.00 -9999.00 -9999.00 335.56 4.70 0.00
0.00 25687.76
17.10 -54.16 -9999.00 -9999.00 -9999.00 285.95 14.14 0.00
0.00 27386.21
12.30 -47.96 -9999.00 -9999.00 -9999.00 279.53 25.80 0.00
0.00 29528.12

STID = KMAF STNM = 722650 TIME = 221027/0100 
SLAT = 31.95 SLON = -102.18 SELV = 857.0
STIM = 13

SHOW = 8.57 LIFT = 8.75 SWET = 71.23 KINX = 7.74
LCLP = 638.20 PWAT = 9.51 TOTL = 35.11 CAPE = 0.00
LCLT = 264.17 CINS = 0.00 EQLV = -9999.00 LFCT = -9999.00
BRCH = 0.00

PRES TMPC TMWC DWPC THTE DRCT SKNT OMEG
CFRL HGHT
913.70 19.54 8.45 -4.28 309.91 187.59 5.89 0.00
0.00 868.27
911.00 21.14 9.20 -4.02 312.09 188.30 9.42 0.00
0.00 893.74
906.10 21.54 9.44 -3.63 313.34 188.75 12.78 -0.10
0.00 940.32
897.50 21.04 9.30 -3.15 314.11 187.21 15.46 -0.30
0.00 1022.67
885.00 19.94 8.80 -2.99 314.46 185.97 16.80 -0.60
0.00 1143.48
868.90 18.44 8.01 -3.19 314.53 186.19 16.22 -0.80
0.00 1300.92
849.80 16.74 6.96 -3.88 314.39 189.21 14.57 -1.00
0.00 1490.47
829.20 14.94 5.83 -4.65 314.30 197.10 13.21 -1.00
0.00 1698.47
806.90 13.04 4.51 -5.83 314.07 216.38 13.75 -1.00
0.00 1928.05
782.20 11.14 3.18 -6.94 314.28 237.69 15.64 -0.90
0.00 2188.10
755.10 9.04 1.76 -7.89 314.79 248.43 17.97 -0.80
0.00 2480.94
725.60 6.64 0.10 -9.06 315.26 248.61 20.24 -0.50
0.00 2809.26
693.70 4.44 -1.93 -11.96 315.44 256.70 21.95 -0.10
0.00 3176.57
659.30 2.24 -4.25 -16.37 315.67 267.09 22.96 0.30
0.00 3588.68
622.50 0.04 -6.47 -20.87 316.87 268.33 26.63 0.80
0.00 4050.20
583.10 -2.76 -8.80 -23.97 318.82 264.72 33.74 1.10
0.00 4570.72
541.30 -6.66 -11.82 -26.69 320.46 261.83 39.65 1.20
0.00 5155.52
500.50 -11.06 -15.42 -31.15 321.51 261.23 42.06 1.10
0.00 5762.02
463.40 -15.26 -19.06 -37.49 322.54 261.87 42.58 0.80
0.00 6348.31
429.80 -19.46 -22.66 -44.00 323.63 261.18 43.05 0.50
0.00 6911.97
399.30 -23.46 -26.05 -47.62 325.11 260.06 46.15 0.10
0.00 7454.31
371.20 -26.86 -29.02 -51.47 327.28 260.92 52.91 -0.10
0.00 7984.05
345.70 -30.26 -32.00 -53.08 329.35 261.31 59.15 -0.30
0.00 8493.61
322.50 -33.36 -34.77 -54.77 331.63 260.98 61.95 -0.50
0.00 8984.38
301.30 -35.66 -36.93 -59.83 334.76 261.94 66.51 -0.60
0.00 9459.38
282.10 -37.86 -39.00 -65.59 337.87 262.67 74.61 -0.70
0.00 9915.00
264.60 -40.76 -41.67 -66.06 339.87 262.98 81.02 -0.80
0.00 10353.36
248.20 -43.76 -44.47 -66.53 341.67 262.60 85.99 -0.90
0.00 10785.80
233.30 -46.66 -47.19 -63.99 343.42 262.48 93.45 -0.90
0.00 11198.88
219.50 -49.66 -50.05 -64.45 344.82 262.03 96.70 -0.90
0.00 11600.44
205.60 -52.66 -52.96 -67.89 346.57 260.18 92.27 -0.90
0.00 12025.54
191.70 -56.16 -56.39 -73.19 347.91 257.75 87.86 -0.80
0.00 12473.75
177.70 -59.86 -60.01 -73.70 349.47 257.46 83.18 -0.60
0.00 12951.32
163.80 -63.36 -63.45 -74.24 351.83 258.55 75.31 -0.50
0.00 13455.67
149.80 -66.26 -66.32 -74.84 355.93 260.06 68.63 -0.30
0.00 14000.53
135.90 -68.46 -9999.00 -9999.00 -9999.00 259.32 62.86 -0.10
0.00 14587.14
121.90 -70.36 -9999.00 -9999.00 -9999.00 255.50 58.18 0.00
0.00 15235.51
107.90 -71.46 -9999.00 -9999.00 -9999.00 251.43 53.69 0.20
0.00 15957.71
94.00 -70.36 -9999.00 -9999.00 -9999.00 246.53 48.29 0.20
0.00 16774.11
81.00 -68.26 -9999.00 -9999.00 -9999.00 247.17 44.06 0.10
0.00 17662.23
70.60 -65.36 -9999.00 -9999.00 -9999.00 255.59 35.90 0.00
0.00 18492.22
62.20 -63.16 -9999.00 -9999.00 -9999.00 271.94 22.94 0.00
0.00 19266.78
54.30 -62.06 -9999.00 -9999.00 -9999.00 286.09 10.51 0.00
0.00 20103.87
46.90 -61.56 -9999.00 -9999.00 -9999.00 241.11 6.43 0.00
0.00 21010.20
40.10 -60.06 -9999.00 -9999.00 -9999.00 221.73 9.63 0.00
0.00 21983.80
33.80 -57.06 -9999.00 -9999.00 -9999.00 246.80 8.88 0.00
0.00 23057.38
27.80 -56.26 -9999.00 -9999.00 -9999.00 320.91 4.00 0.00
0.00 24295.78
22.30 -56.66 -9999.00 -9999.00 -9999.00 302.20 6.20 0.00
0.00 25694.05
17.10 -54.96 -9999.00 -9999.00 -9999.00 282.76 10.55 0.00
0.00 27383.17
12.30 -48.46 -9999.00 -9999.00 -9999.00 277.93 23.93 0.00
0.00 29518.81

STID = KMAF STNM = 722650 TIME = 221027/0200 
SLAT = 31.95 SLON = -102.18 SELV = 857.0
STIM = 14

SHOW = 7.42 LIFT = 7.80 SWET = 221.14 KINX = 9.07
LCLP = 712.67 PWAT = 10.61 TOTL = 37.64 CAPE = 0.00
LCLT = 270.33 CINS = 0.00 EQLV = -9999.00 LFCT = -9999.00
BRCH = 0.00

PRES TMPC TMWC DWPC THTE DRCT SKNT OMEG
CFRL HGHT
914.50 17.14 8.82 0.60 311.13 165.62 7.83 0.00
0.00 867.24
911.70 18.44 9.59 1.24 313.46 167.74 18.28 0.00
0.00 893.43
906.70 18.74 9.89 1.81 314.93 168.19 21.83 0.00
0.00 940.52
898.20 18.54 9.97 2.36 316.27 170.94 27.14 0.00
0.00 1021.21
885.50 17.64 9.51 2.27 316.70 172.78 27.80 0.00
0.00 1142.99
869.50 16.74 8.73 1.34 316.67 176.85 24.71 0.00
0.00 1298.42
850.40 15.84 7.78 0.00 316.67 183.77 17.72 0.00
0.00 1487.14
829.70 14.34 6.51 -1.54 316.13 194.47 12.43 0.10
0.00 1695.60
807.40 12.74 4.82 -4.25 314.85 217.69 10.80 0.10
0.00 1924.76
782.60 11.14 3.34 -6.36 314.63 249.89 14.69 0.10
0.00 2185.61
755.50 9.14 1.97 -7.30 315.25 258.80 19.02 0.20
0.00 2478.38
726.00 6.94 0.31 -8.86 315.67 256.82 22.14 0.20
0.00 2806.77
694.00 4.94 -1.93 -13.13 315.35 261.08 23.80 0.10
0.00 3175.56
659.60 3.04 -4.19 -18.62 315.64 269.05 23.50 0.10
0.00 3588.40
622.80 0.54 -6.39 -22.43 316.92 268.77 27.19 0.10
0.00 4050.74
583.30 -2.56 -8.82 -25.08 318.72 264.36 33.57 0.10
0.00 4573.00
541.50 -6.56 -11.93 -28.29 320.17 260.88 37.98 0.10
0.00 5157.88
500.60 -10.86 -15.49 -33.60 321.32 259.35 39.92 0.00
0.00 5766.00
463.50 -15.26 -19.18 -39.81 322.27 258.90 41.38 -0.20
0.00 6352.35
429.90 -19.56 -22.76 -44.52 323.45 257.41 42.79 -0.40
0.00 6915.76
399.30 -23.66 -26.21 -47.62 324.85 257.50 45.77 -0.50
0.00 7459.49
371.30 -27.26 -29.33 -50.56 326.76 259.89 50.91 -0.60
0.00 7986.64
345.80 -30.66 -32.34 -53.08 328.78 260.07 55.23 -0.60
0.00 8495.23
322.50 -33.56 -34.97 -56.04 331.31 259.10 58.55 -0.60
0.00 8987.43
301.30 -35.76 -37.05 -62.06 334.58 260.59 65.37 -0.70
0.00 9462.12
282.10 -38.26 -39.34 -62.56 337.34 263.50 77.23 -0.70
0.00 9917.26
264.60 -41.06 -41.88 -59.09 339.56 264.70 86.23 -0.60
0.00 10354.97
248.20 -44.16 -44.72 -56.91 341.29 263.58 90.31 -0.60
0.00 10786.77
233.30 -47.36 -47.75 -57.41 342.53 261.25 95.71 -0.50
0.00 11198.86
219.50 -50.06 -50.38 -60.56 344.30 260.04 100.00 -0.40
0.00 11599.44
205.60 -52.96 -53.23 -64.93 346.14 259.46 99.79 -0.40
0.00 12023.88
191.70 -56.36 -56.56 -68.39 347.64 259.64 96.17 -0.30
0.00 12471.58
177.70 -60.06 -60.20 -73.70 349.14 260.64 89.57 -0.20
0.00 12948.70
163.80 -63.56 -63.65 -74.24 351.49 260.54 81.53 0.00
0.00 13452.58
149.80 -66.36 -66.42 -74.84 355.76 259.11 73.00 0.10
0.00 13997.05
135.90 -68.46 -9999.00 -9999.00 -9999.00 258.43 66.82 0.10
0.00 14583.51
121.90 -70.16 -9999.00 -9999.00 -9999.00 257.10 61.77 0.20
0.00 15232.20
107.90 -70.36 -9999.00 -9999.00 -9999.00 252.85 54.68 0.20
0.00 15956.72
94.00 -68.96 -9999.00 -9999.00 -9999.00 244.86 48.93 0.10
0.00 16778.17
81.00 -67.26 -9999.00 -9999.00 -9999.00 246.04 44.00 0.00
0.00 17671.52
70.60 -64.36 -9999.00 -9999.00 -9999.00 253.92 32.94 -0.10
0.00 18505.53
62.20 -63.66 -9999.00 -9999.00 -9999.00 275.59 17.95 -0.10
0.00 19281.01
54.30 -63.46 -9999.00 -9999.00 -9999.00 288.15 12.47 0.00
0.00 20114.33
46.90 -61.16 -9999.00 -9999.00 -9999.00 206.57 6.95 0.00
0.00 21018.51
40.10 -59.96 -9999.00 -9999.00 -9999.00 218.09 9.13 0.00
0.00 21993.26
33.80 -57.56 -9999.00 -9999.00 -9999.00 295.56 4.95 0.00
0.00 23065.84
27.80 -56.96 -9999.00 -9999.00 -9999.00 347.20 4.39 0.00
0.00 24300.81
22.30 -57.66 -9999.00 -9999.00 -9999.00 307.88 4.43 0.00
0.00 25693.59
17.10 -53.16 -9999.00 -9999.00 -9999.00 279.02 12.39 0.00
0.00 27385.82
12.30 -48.46 -9999.00 -9999.00 -9999.00 277.90 26.86 0.00
0.00 29530.14

STID = KMAF STNM = 722650 TIME = 221027/0300 
SLAT = 31.95 SLON = -102.18 SELV = 857.0
STIM = 15

SHOW = 7.30 LIFT = 7.64 SWET = 224.07 KINX = 8.87
LCLP = 750.24 PWAT = 10.68 TOTL = 37.86 CAPE = 0.00
LCLT = 273.63 CINS = 0.00 EQLV = -9999.00 LFCT = -9999.00
BRCH = 0.00

PRES TMPC TMWC DWPC THTE DRCT SKNT OMEG
CFRL HGHT
914.90 16.44 9.49 3.27 312.99 172.75 10.76 0.00
0.00 868.15
912.20 17.04 9.74 3.28 313.97 172.74 19.97 0.00
0.00 893.31
907.20 17.04 9.73 3.28 314.56 172.82 23.29 0.00
0.00 940.15
898.60 16.94 9.72 3.44 315.64 173.50 30.89 0.00
0.00 1021.30
886.00 16.34 9.35 3.26 316.29 174.29 33.18 0.10
0.00 1141.48
869.90 16.14 8.57 1.60 316.22 178.54 30.52 0.10
0.00 1297.32
850.80 16.24 7.69 -0.78 316.32 185.09 19.70 0.10
0.00 1485.87
830.10 14.74 6.58 -1.87 316.23 191.00 14.24 0.10
0.00 1694.50
807.80 13.24 5.00 -4.44 315.21 215.34 13.09 0.10
0.00 1923.90
783.00 11.74 3.70 -6.10 315.44 249.21 16.41 0.10
0.00 2185.13
755.90 9.44 2.29 -6.69 315.96 251.39 20.09 0.00
0.00 2478.23
726.30 7.14 0.45 -8.72 315.95 247.49 23.35 0.00
0.00 2807.89
694.30 5.04 -1.87 -13.12 315.42 251.41 23.15 -0.10
0.00 3176.72
659.90 2.74 -4.38 -18.79 315.20 262.30 21.76 -0.20
0.00 3589.22
623.00 0.04 -6.73 -22.76 316.21 267.34 25.08 -0.10
0.00 4051.96
583.50 -3.16 -9.24 -25.60 317.84 265.27 30.59 0.00
0.00 4572.97
541.60 -6.96 -12.31 -29.61 319.40 262.99 35.02 0.10
0.00 5157.99
500.80 -11.16 -15.80 -35.05 320.70 261.87 38.46 0.20
0.00 5763.62
463.60 -15.46 -19.38 -40.99 321.89 260.45 40.97 0.20
0.00 6350.78
430.00 -19.86 -23.01 -45.08 323.00 258.18 42.68 0.20
0.00 6913.51
399.40 -23.86 -26.37 -47.62 324.56 258.79 44.95 0.20
0.00 7456.57
371.30 -27.36 -29.41 -50.56 326.63 262.03 49.03 0.20
0.00 7985.21
345.80 -30.66 -32.31 -52.08 328.82 261.25 53.65 0.10
0.00 8493.70
322.50 -33.36 -34.80 -56.04 331.58 258.43 58.10 0.10
0.00 8986.10
301.40 -35.86 -37.09 -58.06 334.49 259.18 67.25 0.00
0.00 9458.58
282.10 -38.86 -39.78 -55.87 336.65 262.81 80.67 -0.10
0.00 9915.34
264.60 -41.86 -42.61 -59.09 338.39 264.38 87.26 -0.20
0.00 10351.75
248.20 -44.56 -45.21 -66.53 340.48 263.87 87.33 -0.20
0.00 10782.42
233.30 -47.26 -47.78 -66.98 342.46 262.04 93.96 -0.20
0.00 11194.22
219.50 -50.06 -50.43 -64.45 344.21 259.37 102.18 -0.20
0.00 11594.89
205.60 -52.86 -53.16 -67.89 346.25 260.22 104.08 -0.20
0.00 12019.42
191.70 -55.86 -56.10 -73.19 348.39 261.85 98.70 -0.20
0.00 12467.73
177.70 -59.66 -59.81 -73.70 349.80 261.90 91.04 -0.20
0.00 12945.85
163.80 -63.06 -63.16 -74.24 352.33 260.69 84.05 -0.20
0.00 13450.80
149.80 -65.66 -65.73 -74.84 356.97 258.92 75.82 -0.10
0.00 13996.84
135.90 -67.66 -9999.00 -9999.00 -9999.00 258.47 69.00 -0.10
0.00 14585.44
121.90 -69.46 -9999.00 -9999.00 -9999.00 258.72 62.59 0.00
0.00 15236.52
107.90 -70.16 -9999.00 -9999.00 -9999.00 256.66 53.90 0.10
0.00 15962.64
94.00 -69.06 -9999.00 -9999.00 -9999.00 249.86 47.38 0.10
0.00 16784.30
81.00 -67.56 -9999.00 -9999.00 -9999.00 249.08 42.42 0.00
0.00 17676.77
70.60 -65.26 -9999.00 -9999.00 -9999.00 259.90 34.32 0.00
0.00 18508.37
62.20 -63.86 -9999.00 -9999.00 -9999.00 272.83 15.75 0.00
0.00 19281.81
54.30 -65.06 -9999.00 -9999.00 -9999.00 271.40 7.96 0.00
0.00 20111.56
46.90 -62.56 -9999.00 -9999.00 -9999.00 180.00 13.79 0.00
0.00 21009.30
40.10 -61.16 -9999.00 -9999.00 -9999.00 204.62 10.26 0.00
0.00 21978.09
33.80 -57.76 -9999.00 -9999.00 -9999.00 132.27 2.89 0.00
0.00 23047.17
27.80 -58.36 -9999.00 -9999.00 -9999.00 108.43 4.91 0.00
0.00 24277.56
22.30 -56.26 -9999.00 -9999.00 -9999.00 265.36 7.21 0.00
0.00 25670.34
17.10 -51.06 -9999.00 -9999.00 -9999.00 289.70 16.71 0.00
0.00 27376.17
12.30 -47.96 -9999.00 -9999.00 -9999.00 281.93 28.19 0.00
0.00 29533.03

STID = KMAF STNM = 722650 TIME = 221027/0400 
SLAT = 31.95 SLON = -102.18 SELV = 857.0
STIM = 16

SHOW = 6.82 LIFT = 7.18 SWET = 227.70 KINX = 10.19
LCLP = 771.19 PWAT = 11.09 TOTL = 38.77 CAPE = 0.00
LCLT = 275.17 CINS = 0.00 EQLV = -9999.00 LFCT = -9999.00
BRCH = 0.00

PRES TMPC TMWC DWPC THTE DRCT SKNT OMEG
CFRL HGHT
914.40 15.74 9.67 4.44 313.59 177.09 11.48 0.00
0.00 868.13
911.60 16.14 9.83 4.43 314.35 176.60 19.66 0.00
0.00 894.17
906.70 16.04 9.74 4.37 314.75 176.58 22.77 0.00
0.00 939.96
898.10 15.84 9.60 4.29 315.46 176.78 31.14 0.00
0.00 1020.89
885.50 15.44 9.33 4.14 316.37 177.17 35.39 0.00
0.00 1140.75
869.40 15.74 9.06 3.30 317.71 181.26 35.35 0.00
0.00 1296.37
850.30 16.24 7.86 -0.28 316.86 191.04 24.34 0.00
0.00 1484.95
829.60 15.14 6.77 -1.81 316.79 193.39 16.76 0.00
0.00 1693.86
807.30 13.44 5.20 -4.06 315.79 214.08 15.95 0.00
0.00 1923.64
782.60 11.84 3.92 -5.49 316.05 247.33 16.63 -0.10
0.00 2184.12
755.40 9.44 2.55 -5.79 316.69 247.71 21.00 -0.10
0.00 2478.56
725.90 7.14 0.61 -8.13 316.40 243.43 24.77 0.00
0.00 2807.34
693.90 4.84 -1.90 -12.77 315.43 246.80 23.68 -0.10
0.00 3176.27
659.60 2.54 -4.54 -19.06 314.91 259.32 20.96 -0.10
0.00 3587.49
622.70 -0.26 -6.92 -22.88 315.87 264.34 23.62 -0.10
0.00 4050.02
583.20 -3.46 -9.44 -25.74 317.50 263.31 28.36 0.00
0.00 4570.72
541.40 -7.26 -12.56 -30.15 318.97 261.92 33.16 0.10
0.00 5153.93
500.60 -11.36 -16.02 -36.43 320.31 260.15 37.45 0.20
0.00 5759.20
463.50 -15.56 -19.53 -42.79 321.63 257.83 40.54 0.20
0.00 6344.62
429.90 -19.76 -22.97 -46.29 323.08 256.22 42.40 0.20
0.00 6907.47
399.30 -23.66 -26.21 -47.62 324.85 258.34 44.23 0.20
0.00 7450.97
371.30 -27.26 -29.29 -48.97 326.84 260.92 48.00 0.20
0.00 7978.12
345.80 -30.36 -32.08 -53.08 329.19 258.77 53.87 0.10
0.00 8487.03
322.50 -33.16 -34.65 -57.52 331.82 257.11 60.98 0.00
0.00 8979.94
301.30 -36.26 -37.42 -56.59 334.00 260.38 70.92 0.00
0.00 9454.54
282.10 -39.26 -40.21 -60.34 335.95 264.66 83.51 -0.10
0.00 9908.24
264.60 -42.06 -42.84 -63.04 338.01 266.88 89.30 -0.10
0.00 10344.07
248.20 -44.76 -45.38 -63.53 340.23 267.10 92.00 -0.10
0.00 10774.36
233.30 -47.46 -47.91 -61.81 342.25 263.84 95.94 -0.20
0.00 11185.81
219.50 -50.36 -50.69 -62.28 343.79 259.57 104.10 -0.20
0.00 11586.04
205.60 -53.36 -53.61 -64.93 345.51 259.41 109.87 -0.30
0.00 12009.80
191.70 -56.46 -56.65 -68.39 347.48 261.42 105.50 -0.30
0.00 12456.99
177.70 -59.76 -59.91 -73.70 349.63 263.03 96.10 -0.30
0.00 12934.33
163.80 -63.06 -63.16 -74.24 352.33 261.26 85.68 -0.20
0.00 13439.16
149.80 -65.66 -65.73 -74.84 356.97 259.09 76.96 -0.10
0.00 13985.20
135.90 -67.46 -9999.00 -9999.00 -9999.00 258.24 68.65 -0.10
0.00 14574.09
121.90 -68.86 -9999.00 -9999.00 -9999.00 258.94 60.76 0.00
0.00 15226.44
107.90 -69.66 -9999.00 -9999.00 -9999.00 258.35 51.96 0.00
0.00 15954.53
94.00 -69.36 -9999.00 -9999.00 -9999.00 253.62 46.15 0.00
0.00 16776.59
81.00 -67.46 -9999.00 -9999.00 -9999.00 250.59 39.74 0.00
0.00 17668.62
70.60 -65.76 -9999.00 -9999.00 -9999.00 257.28 30.87 0.00
0.00 18499.42
62.20 -63.86 -9999.00 -9999.00 -9999.00 264.37 13.85 0.00
0.00 19271.93
54.30 -64.66 -9999.00 -9999.00 -9999.00 214.51 7.54 0.00
0.00 20102.47
46.90 -62.46 -9999.00 -9999.00 -9999.00 188.56 18.26 0.00
0.00 21001.29
40.10 -59.26 -9999.00 -9999.00 -9999.00 212.38 9.42 0.00
0.00 21974.66
33.80 -57.56 -9999.00 -9999.00 -9999.00 164.05 5.65 0.00
0.00 23048.99
27.80 -58.86 -9999.00 -9999.00 -9999.00 200.56 1.65 0.00
0.00 24278.53
22.30 -54.76 -9999.00 -9999.00 -9999.00 270.00 12.04 0.00
0.00 25674.54
17.10 -50.66 -9999.00 -9999.00 -9999.00 300.17 19.33 0.00
0.00 27387.75
12.30 -47.66 -9999.00 -9999.00 -9999.00 290.60 29.25 0.00
0.00 29547.98

STID = KMAF STNM = 722650 TIME = 221027/0500 
SLAT = 31.95 SLON = -102.18 SELV = 857.0
STIM = 17

SHOW = 5.29 LIFT = 6.63 SWET = 255.51 KINX = 11.41
LCLP = 776.78 PWAT = 11.37 TOTL = 41.51 CAPE = 0.00
LCLT = 275.25 CINS = 0.00 EQLV = -9999.00 LFCT = -9999.00
BRCH = 0.00

PRES TMPC TMWC DWPC THTE DRCT SKNT OMEG
CFRL HGHT
915.60 15.34 9.50 4.44 313.01 178.98 10.88 0.00
0.00 867.17
912.90 15.74 9.63 4.35 313.66 178.83 19.04 0.00
0.00 892.22
907.90 15.64 9.52 4.24 314.01 179.00 22.34 0.00
0.00 938.81
899.30 15.64 9.37 3.93 314.68 178.22 31.29 0.00
0.00 1019.54
886.60 15.34 9.04 3.53 315.41 177.92 37.51 -0.10
0.00 1140.12
870.50 15.44 9.07 3.62 317.61 180.28 39.24 -0.10
0.00 1295.43
851.40 15.84 8.69 2.42 319.08 192.28 29.22 0.00
0.00 1483.60
830.60 15.54 7.15 -1.23 317.63 199.23 17.70 0.00
0.00 1693.33
808.30 13.84 5.59 -3.41 316.64 210.47 15.33 0.00
0.00 1923.18
783.50 11.94 4.17 -4.80 316.57 249.27 15.37 0.00
0.00 2184.66
756.30 9.54 2.72 -5.42 316.97 248.10 20.30 0.00
0.00 2478.88
726.70 7.34 0.60 -8.52 316.26 242.22 24.59 0.00
0.00 2808.57
694.70 5.04 -2.01 -13.81 315.02 248.65 22.94 0.00
0.00 3177.32
660.20 2.74 -4.60 -20.29 314.64 259.01 20.38 0.00
0.00 3590.77
623.30 -0.26 -6.93 -22.99 315.75 260.54 22.46 0.00
0.00 4053.02
583.70 -3.66 -9.52 -25.33 317.29 259.51 26.67 0.00
0.00 4574.37
541.90 -7.56 -12.70 -29.60 318.63 258.20 31.35 0.00
0.00 5156.53
500.90 -11.66 -16.19 -35.85 319.96 256.35 35.37 0.10
0.00 5763.62
463.80 -15.76 -19.67 -42.79 321.32 253.22 38.34 0.10
0.00 6348.12
430.10 -19.86 -23.04 -46.29 322.91 251.92 40.05 0.10
0.00 6911.99
399.50 -23.66 -26.21 -47.62 324.80 253.69 41.49 0.10
0.00 7455.12
371.40 -27.26 -29.29 -48.97 326.82 255.91 46.27 0.00
0.00 7983.95
345.80 -30.36 -32.08 -53.08 329.19 255.31 53.61 0.00
0.00 8494.79
322.60 -33.26 -34.71 -56.04 331.69 256.05 62.84 0.00
0.00 8985.41
301.40 -36.16 -37.35 -58.06 334.07 260.31 73.89 0.00
0.00 9459.85
282.10 -38.66 -39.60 -55.87 336.94 265.41 84.96 0.00
0.00 9916.52
264.70 -41.66 -42.19 -49.98 339.06 268.51 97.16 -0.10
0.00 10350.73
248.20 -45.36 -45.57 -48.95 339.95 268.38 103.38 -0.10
80.00 10783.41
233.30 -48.66 -48.88 -53.70 340.72 264.97 99.65 -0.10
21.00 11193.26
219.50 -50.76 -51.10 -64.45 343.13 258.03 103.05 -0.10
0.00 11592.06
205.60 -53.66 -53.90 -64.93 345.04 258.53 111.38 -0.10
0.00 12015.15
191.70 -56.66 -56.82 -65.45 347.20 259.64 110.18 -0.10
0.00 12461.83
177.70 -59.56 -59.71 -73.70 349.96 261.78 100.49 -0.10
0.00 12939.18
163.80 -62.66 -62.77 -74.24 353.00 263.13 87.65 -0.10
0.00 13444.72
149.80 -65.66 -65.73 -74.84 356.97 259.48 77.64 -0.10
0.00 13991.29
135.90 -67.36 -9999.00 -9999.00 -9999.00 258.41 69.60 0.00
0.00 14580.32
121.90 -68.66 -9999.00 -9999.00 -9999.00 259.99 60.35 0.00
0.00 15233.14
108.00 -69.36 -9999.00 -9999.00 -9999.00 258.00 50.45 0.00
0.00 15956.59
94.00 -69.76 -9999.00 -9999.00 -9999.00 251.65 43.80 0.00
0.00 16783.96
81.00 -68.66 -9999.00 -9999.00 -9999.00 248.52 38.21 0.00
0.00 17672.51
70.60 -66.06 -9999.00 -9999.00 -9999.00 248.36 26.34 0.00
0.00 18500.29
62.20 -63.86 -9999.00 -9999.00 -9999.00 237.89 11.69 0.00
0.00 19272.25
54.30 -63.76 -9999.00 -9999.00 -9999.00 183.63 12.26 0.00
0.00 20104.58
46.90 -61.76 -9999.00 -9999.00 -9999.00 196.64 17.64 0.00
0.00 21006.83
40.10 -57.66 -9999.00 -9999.00 -9999.00 197.20 8.55 0.00
0.00 21985.48
33.80 -57.36 -9999.00 -9999.00 -9999.00 184.57 4.88 0.00
0.00 23064.31
27.80 -56.96 -9999.00 -9999.00 -9999.00 282.80 4.39 0.00
0.00 24299.85
22.30 -54.46 -9999.00 -9999.00 -9999.00 292.14 12.37 0.00
0.00 25702.96
17.10 -53.66 -9999.00 -9999.00 -9999.00 319.55 15.58 0.00
0.00 27405.68
12.30 -48.86 -9999.00 -9999.00 -9999.00 286.09 21.02 0.00
0.00 29545.66

STID = KMAF STNM = 722650 TIME = 221027/0600 
SLAT = 31.95 SLON = -102.18 SELV = 857.0
STIM = 18

SHOW = 4.69 LIFT = 6.38 SWET = 262.07 KINX = 10.34
LCLP = 774.40 PWAT = 11.26 TOTL = 42.61 CAPE = 0.00
LCLT = 274.66 CINS = 0.00 EQLV = -9999.00 LFCT = -9999.00
BRCH = 0.00

PRES TMPC TMWC DWPC THTE DRCT SKNT OMEG
CFRL HGHT
914.10 14.84 9.04 3.86 311.97 184.09 10.90 0.00
0.00 868.10
911.50 15.24 9.17 3.77 312.62 183.47 19.27 0.00
0.00 892.20
906.40 15.14 9.06 3.64 312.96 182.96 22.57 0.00
0.00 939.72
897.90 15.14 8.90 3.32 313.60 180.71 31.27 -0.10
0.00 1019.49
885.30 14.74 8.52 2.91 314.21 179.71 38.46 -0.20
0.00 1139.05
869.20 14.84 8.72 3.40 316.84 181.61 41.39 -0.20
0.00 1294.26
850.10 15.54 8.72 2.84 319.39 194.98 31.57 -0.10
0.00 1482.43
829.40 15.64 7.49 -0.34 318.74 210.12 18.18 -0.10
0.00 1691.41
807.10 14.04 5.65 -3.47 316.96 223.88 14.01 -0.10
0.00 1921.74
782.40 11.84 4.33 -4.10 317.16 253.50 16.41 -0.10
0.00 2182.60
755.20 9.64 2.56 -6.08 316.73 247.26 22.11 -0.10
0.00 2477.24
725.70 7.54 0.38 -9.74 315.84 245.22 25.04 -0.20
0.00 2806.42
693.80 5.24 -2.26 -15.61 314.55 252.02 23.29 -0.20
0.00 3174.71
659.40 2.74 -4.71 -21.02 314.52 256.33 22.18 -0.10
0.00 3587.59
622.60 -0.36 -6.97 -22.77 315.80 256.63 24.36 -0.10
0.00 4049.03
583.10 -4.06 -9.71 -24.82 317.05 256.35 27.99 -0.10
0.00 4569.16
541.40 -7.96 -12.90 -28.93 318.37 254.87 31.99 -0.10
0.00 5149.64
500.60 -12.06 -16.42 -35.06 319.63 251.86 35.57 -0.10
0.00 5753.33
463.40 -15.96 -19.78 -41.85 321.23 248.09 38.52 -0.10
0.00 6339.16
429.90 -19.96 -23.12 -46.29 322.82 246.98 40.73 -0.10
0.00 6899.73
399.30 -23.76 -26.27 -46.96 324.76 248.83 42.50 -0.10
0.00 7442.91
371.30 -27.36 -29.35 -48.27 326.75 251.04 47.24 -0.10
0.00 7969.86
345.70 -30.56 -32.23 -52.08 328.98 253.89 57.42 0.00
0.00 8480.52
322.50 -33.26 -34.69 -54.77 331.76 257.35 70.09 0.00
0.00 8971.09
301.30 -35.56 -36.67 -50.79 335.23 262.41 80.92 0.10
0.00 9446.30
282.10 -38.06 -38.68 -45.22 338.48 267.78 95.26 0.20
0.00 9901.86
264.60 -41.86 -42.23 -47.01 339.04 266.73 98.83 0.20
0.00 10339.06
248.20 -45.76 -46.07 -51.77 339.16 263.05 96.27 0.20
39.00 10768.64
233.30 -48.76 -49.04 -56.33 340.45 259.07 98.33 0.10
0.00 11178.02
219.50 -51.36 -51.59 -59.13 342.33 257.70 107.56 0.10
0.00 11576.20
205.60 -54.16 -54.36 -62.77 344.30 258.08 113.75 0.10
0.00 11998.24
191.70 -56.96 -57.14 -68.39 346.67 258.61 112.16 0.10
0.00 12444.10
177.70 -59.66 -59.81 -73.70 349.80 260.91 104.47 0.10
0.00 12921.00
163.80 -62.56 -9999.00 -9999.00 -9999.00 263.10 93.73 0.00
0.00 13426.54
149.80 -65.36 -65.44 -74.84 357.48 260.83 81.66 0.00
0.00 13973.63
135.90 -67.66 -9999.00 -9999.00 -9999.00 258.90 73.64 0.00
0.00 14562.66
121.90 -68.86 -9999.00 -9999.00 -9999.00 260.59 64.18 0.00
0.00 15214.69
107.90 -69.96 -9999.00 -9999.00 -9999.00 257.58 53.30 -0.10
0.00 15942.24
94.00 -70.46 -9999.00 -9999.00 -9999.00 248.93 45.38 -0.10
0.00 16761.48
81.00 -69.96 -9999.00 -9999.00 -9999.00 246.94 41.16 0.00
0.00 17645.67
70.60 -66.66 -9999.00 -9999.00 -9999.00 247.99 29.55 0.00
0.00 18469.63
62.20 -63.46 -9999.00 -9999.00 -9999.00 223.56 16.36 0.00
0.00 19241.22
54.30 -63.66 -9999.00 -9999.00 -9999.00 178.78 18.26 0.00
0.00 20074.54
46.90 -61.76 -9999.00 -9999.00 -9999.00 213.54 20.05 0.00
0.00 20977.00
40.10 -57.86 -9999.00 -9999.00 -9999.00 217.65 8.59 0.00
0.00 21955.19
33.80 -57.66 -9999.00 -9999.00 -9999.00 209.98 5.83 0.00
0.00 23032.77
27.80 -55.96 -9999.00 -9999.00 -9999.00 259.88 5.52 0.00
0.00 24270.31
22.30 -54.66 -9999.00 -9999.00 -9999.00 309.09 12.00 0.00
0.00 25676.01
17.10 -54.56 -9999.00 -9999.00 -9999.00 318.43 13.75 0.00
0.00 27374.45
12.30 -49.06 -9999.00 -9999.00 -9999.00 273.51 22.18 0.00
0.00 29509.13

STID = KMAF STNM = 722650 TIME = 221027/0700 
SLAT = 31.95 SLON = -102.18 SELV = 857.0
STIM = 19

SHOW = 4.70 LIFT = 6.48 SWET = 233.68 KINX = 9.51
LCLP = 774.36 PWAT = 11.12 TOTL = 42.67 CAPE = 0.00
LCLT = 274.09 CINS = 0.00 EQLV = -9999.00 LFCT = -9999.00
BRCH = 0.00

PRES TMPC TMWC DWPC THTE DRCT SKNT OMEG
CFRL HGHT
914.00 14.24 8.54 3.28 310.69 182.16 10.30 0.00
0.00 868.07
911.20 14.64 8.68 3.21 311.38 182.36 18.86 0.00
0.00 893.98
906.30 14.64 8.62 3.11 311.84 182.01 22.16 0.00
0.00 939.55
897.70 14.54 8.48 2.92 312.53 180.36 30.50 -0.10
0.00 1020.11
885.10 14.34 8.33 2.86 313.74 180.29 38.27 -0.10
0.00 1139.49
869.00 14.84 8.78 3.55 317.04 183.59 40.29 -0.10
0.00 1294.62
849.90 15.74 8.59 2.31 319.03 202.34 27.10 0.00
0.00 1482.89
829.20 15.94 7.30 -1.29 318.20 223.42 14.98 0.00
0.00 1692.08
807.00 14.14 5.62 -3.73 316.87 239.17 14.02 0.00
0.00 1921.55
782.20 11.84 4.33 -4.11 317.18 251.77 16.76 -0.10
0.00 2183.55
755.10 9.74 2.52 -6.41 316.61 249.39 22.63 -0.20
0.00 2477.21
725.60 7.54 0.32 -10.00 315.70 250.25 24.15 -0.20
0.00 2806.48
693.70 5.24 -2.41 -16.45 314.21 255.04 23.33 -0.20
0.00 3174.81
659.40 2.64 -4.72 -20.71 314.50 256.19 23.60 -0.10
0.00 3586.43
622.50 -0.66 -7.04 -22.00 315.70 256.71 25.35 -0.10
0.00 4048.84
583.10 -4.36 -9.80 -24.09 316.89 255.77 28.46 0.00
0.00 4567.14
541.30 -8.26 -13.05 -28.45 318.13 253.67 31.78 0.00
0.00 5148.43
500.50 -12.26 -16.52 -34.55 319.48 249.08 35.35 0.00
0.00 5751.67
463.40 -16.16 -19.89 -40.99 321.05 245.37 38.68 0.00
0.00 6335.54
429.80 -20.06 -23.16 -45.08 322.79 244.77 41.01 0.00
0.00 6897.53
399.30 -23.86 -26.35 -46.96 324.63 246.33 43.07 0.00
0.00 7438.79
371.20 -27.46 -29.45 -48.98 326.60 249.65 49.73 0.10
0.00 7967.46
345.70 -30.46 -32.12 -51.18 329.16 254.39 63.54 0.20
0.00 8476.20
322.50 -32.66 -34.08 -50.96 332.76 256.18 76.42 0.20
0.00 8967.49
301.30 -35.16 -36.21 -47.74 336.00 258.92 83.92 0.30
0.00 9443.70
282.10 -38.56 -39.12 -45.22 337.76 264.73 93.05 0.30
0.00 9899.18
264.60 -42.16 -42.62 -49.42 338.41 264.88 97.90 0.30
0.00 10335.62
248.20 -45.16 -45.70 -59.60 339.72 261.52 100.16 0.30
0.00 10765.47
233.30 -47.96 -48.39 -61.81 341.49 258.90 104.91 0.20
0.00 11176.10
219.50 -50.86 -51.14 -60.56 343.06 257.80 110.30 0.10
0.00 11575.43
205.60 -54.16 -54.33 -61.06 344.34 257.16 112.76 0.10
0.00 11997.96
191.70 -57.66 -57.79 -65.45 345.60 257.24 112.53 0.10
0.00 12443.10
177.70 -60.76 -60.86 -68.92 348.04 259.05 109.42 0.10
0.00 12918.01
163.80 -62.76 -62.86 -74.24 352.83 261.84 99.88 0.10
0.00 13422.00
149.80 -65.26 -65.34 -74.84 357.65 261.72 85.00 0.00
0.00 13968.96
135.90 -67.66 -9999.00 -9999.00 -9999.00 259.15 75.35 0.00
0.00 14558.13
121.90 -69.36 -9999.00 -9999.00 -9999.00 259.68 66.14 -0.10
0.00 15209.36
107.90 -70.16 -9999.00 -9999.00 -9999.00 254.78 54.76 -0.10
0.00 15935.67
94.00 -70.76 -9999.00 -9999.00 -9999.00 245.21 47.71 -0.10
0.00 16753.89
81.00 -69.76 -9999.00 -9999.00 -9999.00 248.10 41.67 0.00
0.00 17637.87
70.60 -65.76 -9999.00 -9999.00 -9999.00 251.81 28.63 0.10
0.00 18464.04
62.20 -63.16 -9999.00 -9999.00 -9999.00 217.93 18.96 0.00
0.00 19237.85
54.30 -63.86 -9999.00 -9999.00 -9999.00 184.44 20.07 0.00
0.00 20071.37
46.90 -62.06 -9999.00 -9999.00 -9999.00 214.73 20.80 0.00
0.00 20972.76
40.10 -57.46 -9999.00 -9999.00 -9999.00 248.75 7.50 0.00
0.00 21951.18
33.80 -57.46 -9999.00 -9999.00 -9999.00 222.88 3.71 0.00
0.00 23030.26
27.80 -55.46 -9999.00 -9999.00 -9999.00 299.36 7.13 0.00
0.00 24269.81
22.30 -54.96 -9999.00 -9999.00 -9999.00 328.63 9.32 0.00
0.00 25676.14
17.10 -52.96 -9999.00 -9999.00 -9999.00 293.39 7.83 0.00
0.00 27379.64
12.30 -48.36 -9999.00 -9999.00 -9999.00 270.86 25.84 0.00
0.00 29525.41

STID = KMAF STNM = 722650 TIME = 221027/0800 
SLAT = 31.95 SLON = -102.18 SELV = 857.0
STIM = 20

SHOW = 4.80 LIFT = 6.46 SWET = 199.98 KINX = 8.25
LCLP = 777.69 PWAT = 11.19 TOTL = 42.54 CAPE = 0.00
LCLT = 273.97 CINS = 0.00 EQLV = -9999.00 LFCT = -9999.00
BRCH = 0.00

PRES TMPC TMWC DWPC THTE DRCT SKNT OMEG
CFRL HGHT
913.80 13.74 8.24 3.09 309.96 182.05 10.88 0.00
0.00 867.14
911.00 14.14 8.39 3.05 310.68 181.74 19.23 0.00
0.00 893.01
906.00 14.14 8.35 2.97 311.17 181.48 22.53 0.00
0.00 939.44
897.50 14.04 8.25 2.89 311.97 180.71 31.27 -0.10
0.00 1018.94
884.90 14.34 8.52 3.32 314.27 181.47 37.90 -0.10
0.00 1138.25
868.80 15.54 9.18 3.79 318.14 187.20 37.20 0.00
0.00 1293.62
849.70 16.24 8.48 1.47 318.70 209.44 22.53 0.00
0.00 1482.31
829.00 16.04 7.02 -2.29 317.44 231.10 14.22 0.00
0.00 1691.72
806.80 14.04 5.66 -3.44 317.03 244.72 15.46 0.00
0.00 1921.23
782.00 11.84 4.42 -3.82 317.45 250.43 18.55 -0.20
0.00 2183.27
754.90 9.64 2.73 -5.52 317.20 251.09 22.18 -0.20
0.00 2476.98
725.40 7.44 -0.02 -11.23 314.90 256.90 23.14 -0.30
0.00 2806.22
693.50 5.14 -2.65 -17.59 313.68 257.94 23.23 -0.20
0.00 3174.48
659.20 2.44 -4.74 -20.01 314.53 257.87 24.05 -0.10
0.00 3586.00
622.40 -0.96 -7.10 -21.17 315.63 256.88 26.53 -0.10
0.00 4046.86
583.00 -4.66 -9.96 -23.86 316.62 254.11 29.08 0.00
0.00 4564.68
541.20 -8.36 -13.10 -28.30 318.06 250.25 32.19 -0.10
0.00 5145.64
500.40 -12.36 -16.56 -34.07 319.44 245.91 36.17 -0.10
0.00 5748.78
463.40 -16.36 -19.98 -39.82 320.91 243.94 39.78 -0.20
0.00 6330.80
429.80 -20.16 -23.22 -44.53 322.70 244.50 41.96 -0.10
0.00 6892.47
399.20 -23.86 -26.35 -46.96 324.65 246.09 45.05 0.00
0.00 7435.46
371.20 -27.16 -29.21 -48.98 327.00 250.91 54.06 0.10
0.00 7962.64
345.70 -29.76 -31.43 -47.63 330.31 252.96 68.26 0.10
0.00 8472.43
322.50 -32.06 -33.24 -43.25 334.17 254.34 81.29 0.20
0.00 8965.07
301.30 -35.36 -36.11 -42.86 336.18 258.72 87.35 0.30
0.00 9441.72
282.10 -38.86 -39.30 -43.80 337.49 263.49 96.00 0.30
1.00 9896.74
264.60 -41.86 -42.32 -48.89 338.89 262.54 103.24 0.30
0.00 10333.19
248.20 -44.76 -45.26 -55.83 340.44 258.73 106.37 0.30
0.00 10763.69
233.30 -47.96 -48.34 -58.64 341.58 257.09 110.41 0.20
0.00 11174.69
219.50 -51.06 -51.31 -59.13 342.79 256.58 114.63 0.20
0.00 11573.85
205.60 -54.36 -54.55 -62.77 343.99 255.87 116.98 0.20
0.00 11995.99
191.70 -57.76 -57.92 -68.39 345.39 256.59 115.62 0.20
0.00 12440.82
177.70 -60.56 -60.69 -73.70 348.32 259.57 109.42 0.10
0.00 12915.84
163.80 -63.26 -63.36 -74.24 351.99 261.78 100.49 0.00
0.00 13419.48
149.80 -65.76 -65.83 -74.84 356.79 260.99 89.30 0.00
0.00 13965.13
135.90 -68.06 -9999.00 -9999.00 -9999.00 258.91 77.80 0.00
0.00 14553.02
121.90 -69.76 -9999.00 -9999.00 -9999.00 258.11 67.89 -0.10
0.00 15202.98
107.90 -70.56 -9999.00 -9999.00 -9999.00 253.24 56.60 0.00
0.00 15927.85
94.00 -70.56 -9999.00 -9999.00 -9999.00 245.68 50.95 0.00
0.00 16745.67
81.00 -68.06 -9999.00 -9999.00 -9999.00 252.42 41.16 0.00
0.00 17633.79
70.60 -64.36 -9999.00 -9999.00 -9999.00 252.69 28.07 0.00
0.00 18466.19
62.20 -62.86 -9999.00 -9999.00 -9999.00 215.71 22.96 0.00
0.00 19243.16
54.30 -63.46 -9999.00 -9999.00 -9999.00 210.76 19.00 0.00
0.00 20078.07
46.90 -61.96 -9999.00 -9999.00 -9999.00 221.40 19.68 0.00
0.00 20980.53
40.10 -57.06 -9999.00 -9999.00 -9999.00 271.55 7.19 0.00
0.00 21960.10
33.80 -58.06 -9999.00 -9999.00 -9999.00 302.01 1.83 0.00
0.00 23038.68
27.80 -56.26 -9999.00 -9999.00 -9999.00 331.39 7.30 0.00
0.00 24274.22
22.30 -55.76 -9999.00 -9999.00 -9999.00 357.27 4.08 0.00
0.00 25675.39
17.10 -52.16 -9999.00 -9999.00 -9999.00 273.90 8.57 0.00
0.00 27378.89
12.30 -48.06 -9999.00 -9999.00 -9999.00 277.62 27.84 0.00
0.00 29529.96

STID = KMAF STNM = 722650 TIME = 221027/0900 
SLAT = 31.95 SLON = -102.18 SELV = 857.0
STIM = 21

SHOW = 4.70 LIFT = 6.33 SWET = 183.98 KINX = 7.07
LCLP = 782.05 PWAT = 11.08 TOTL = 42.75 CAPE = 0.00
LCLT = 274.10 CINS = 0.00 EQLV = -9999.00 LFCT = -9999.00
BRCH = 0.00

PRES TMPC TMWC DWPC THTE DRCT SKNT OMEG
CFRL HGHT
914.00 13.44 8.13 3.15 309.68 183.81 11.67 0.00
0.00 868.04
911.40 13.84 8.29 3.11 310.37 183.33 20.05 0.00
0.00 892.03
906.30 13.74 8.20 3.03 310.76 183.34 23.35 0.00
0.00 939.31
897.80 13.74 8.13 2.92 311.64 182.43 32.07 -0.10
0.00 1018.70
885.20 14.34 8.54 3.38 314.30 183.30 37.16 -0.10
0.00 1137.90
869.10 15.74 9.24 3.75 318.27 191.25 34.85 -0.10
0.00 1293.27
850.00 16.44 8.43 1.09 318.48 213.55 21.45 -0.10
0.00 1482.02
829.30 15.94 6.92 -2.46 317.14 227.58 15.27 0.00
0.00 1691.38
807.00 13.94 5.76 -2.97 317.29 243.43 16.51 0.00
0.00 1921.78
782.30 11.84 4.65 -3.11 318.02 246.43 19.93 -0.10
0.00 2182.66
755.10 9.64 2.18 -7.44 315.77 254.19 22.80 -0.20
0.00 2477.34
725.60 7.54 -0.69 -14.78 313.23 261.25 23.00 -0.30
0.00 2806.45
693.80 5.14 -2.73 -18.11 313.45 261.18 22.80 -0.30
0.00 3173.42
659.40 2.04 -4.74 -18.53 314.56 258.42 24.18 -0.20
0.00 3585.70
622.60 -1.36 -7.21 -20.29 315.42 255.96 27.23 -0.20
0.00 4045.78
583.10 -4.86 -10.04 -23.51 316.46 251.57 30.11 -0.20
0.00 4564.23
541.30 -8.56 -13.21 -28.14 317.83 246.80 34.03 -0.20
0.00 5144.66
500.50 -12.56 -16.64 -33.38 319.29 244.74 38.23 -0.20
0.00 5747.22
463.40 -16.36 -19.94 -39.10 320.99 244.89 41.18 -0.20
0.00 6330.55
429.90 -20.06 -23.12 -44.00 322.84 245.73 43.47 -0.20
0.00 6890.59
399.30 -23.66 -26.21 -47.62 324.85 248.28 48.29 -0.20
0.00 7433.78
371.20 -27.06 -29.08 -47.61 327.21 250.77 57.19 -0.10
0.00 7963.10
345.70 -29.76 -31.21 -42.97 330.69 252.46 70.90 -0.10
0.00 8473.01
322.50 -32.36 -33.32 -40.72 334.06 254.61 81.99 0.00
0.00 8965.37
301.30 -35.76 -36.44 -42.54 335.66 258.37 87.67 0.10
0.00 9441.34
282.10 -38.66 -39.26 -46.01 337.54 261.79 97.94 0.10
0.00 9896.15
264.60 -41.66 -42.14 -48.89 339.18 259.73 104.62 0.00
0.00 10332.97
248.20 -44.76 -45.23 -54.86 340.48 255.61 107.89 0.00
0.00 10763.66
233.30 -48.16 -48.53 -58.64 341.27 254.01 110.72 0.00
0.00 11174.49
219.50 -51.36 -51.59 -59.13 342.33 254.43 114.34 0.00
0.00 11573.20
205.60 -54.56 -54.72 -61.06 343.72 255.76 116.84 0.00
0.00 11994.86
191.60 -57.86 -57.99 -65.45 345.33 257.49 116.59 0.00
0.00 12442.70
177.70 -61.06 -61.18 -73.70 347.50 260.59 114.01 0.00
0.00 12913.79
163.80 -63.56 -63.65 -74.24 351.49 263.17 102.91 0.00
0.00 13416.47
149.80 -65.86 -65.93 -74.84 356.62 261.74 87.94 0.00
0.00 13961.60
135.90 -68.26 -9999.00 -9999.00 -9999.00 258.30 77.56 0.00
0.00 14549.06
121.90 -70.16 -9999.00 -9999.00 -9999.00 256.44 67.93 0.00
0.00 15198.07
107.90 -70.86 -9999.00 -9999.00 -9999.00 251.86 59.29 0.00
0.00 15921.69
94.00 -70.16 -9999.00 -9999.00 -9999.00 248.53 55.73 0.00
0.00 16739.72
81.00 -66.66 -9999.00 -9999.00 -9999.00 258.54 43.01 0.00
0.00 17631.75
70.60 -64.06 -9999.00 -9999.00 -9999.00 255.65 25.87 0.00
0.00 18467.58
62.20 -63.86 -9999.00 -9999.00 -9999.00 212.37 25.76 0.00
0.00 19243.24
54.30 -62.86 -9999.00 -9999.00 -9999.00 223.43 20.07 0.00
0.00 20077.36
46.90 -60.96 -9999.00 -9999.00 -9999.00 209.45 18.96 0.00
0.00 20983.25
40.10 -58.26 -9999.00 -9999.00 -9999.00 255.96 5.61 0.00
0.00 21962.36
33.80 -58.96 -9999.00 -9999.00 -9999.00 344.05 4.23 0.00
0.00 23035.69
27.80 -55.66 -9999.00 -9999.00 -9999.00 351.87 5.50 0.00
0.00 24270.37
22.30 -55.46 -9999.00 -9999.00 -9999.00 34.70 3.07 0.00
0.00 25674.45
17.10 -53.36 -9999.00 -9999.00 -9999.00 276.46 10.35 0.00
0.00 27374.45
12.30 -49.36 -9999.00 -9999.00 -9999.00 269.15 26.22 0.00
0.00 29513.46
STN YYMMDD/HHMM PMSL PRES SKTC STC1 SNFL WTNS
P01M C01M STC2 LCLD MCLD HCLD
SNRA UWND VWND R01M BFGR T2MS
Q2MS WXTS WXTP WXTZ WXTR USTM
VSTM HLCY SLLH WSYM CDBP VSBK
TD2M
722650 221026/1200 1015.60 917.40 5.14 278.30 -9999.00 8.00
-9999.00 -9999.00 279.00 0.00 0.00 0.00
-9999.00 -1.60 1.20 -9999.00 -9999.00 6.54
4.20 0.00 0.00 0.00 0.00 8.50
-3.40 60.30 -9999.00 999.00 -9999.00 20.00
0.04
722650 221026/1300 1016.20 917.60 4.54 277.70 0.00 8.00
0.00 0.00 278.40 0.00 0.00 0.00
-9999.00 -1.20 0.90 -9999.00 -9999.00 5.74
4.28 0.00 0.00 0.00 0.00 7.80
-3.10 61.30 0.00 999.00 -9999.00 20.00
0.30
722650 221026/1400 1017.30 918.50 6.84 280.00 0.00 8.00
0.00 0.00 279.90 0.00 0.00 0.00
-9999.00 -0.90 0.70 -9999.00 -9999.00 6.94
4.38 0.00 0.00 0.00 0.00 7.20
-2.60 54.50 0.00 999.00 -9999.00 20.00
0.63
722650 221026/1500 1016.00 918.70 13.04 286.20 0.00 8.00
0.00 0.00 285.20 0.00 0.00 0.00
-9999.00 0.70 3.90 -9999.00 -9999.00 11.74
4.39 0.00 0.00 0.00 0.00 6.60
-2.20 50.50 0.00 999.00 -9999.00 20.00
0.66
722650 221026/1600 1015.20 918.60 18.84 292.00 0.00 7.00
0.00 0.00 290.50 0.00 0.00 0.00
-9999.00 1.10 4.30 -9999.00 -9999.00 15.74
4.04 0.00 0.00 0.00 0.00 7.30
-2.30 58.70 0.00 999.00 -9999.00 20.00
-0.48
722650 221026/1700 1014.00 917.80 23.24 296.40 0.00 7.00
0.00 0.00 294.80 0.00 0.00 0.00
-9999.00 1.30 4.80 -9999.00 -9999.00 18.84
3.67 0.00 0.00 0.00 0.00 8.80
-2.60 61.20 0.00 999.00 -9999.00 20.00
-1.79
722650 221026/1800 1013.20 917.40 26.14 299.30 0.00 7.00
0.00 0.00 297.80 0.00 0.00 0.00
-9999.00 1.50 5.30 -9999.00 -9999.00 20.94
3.30 0.00 0.00 0.00 0.00 9.80
-2.40 66.40 0.00 999.00 -9999.00 20.00
-3.22
722650 221026/1900 1012.40 916.80 27.64 300.80 0.00 7.00
0.00 0.00 299.50 0.00 0.00 0.00
-9999.00 2.20 5.40 -9999.00 -9999.00 22.24
3.08 0.00 0.00 0.00 0.00 10.60
-2.60 53.90 0.00 999.00 -9999.00 20.00
-4.15
722650 221026/2000 1010.40 915.10 28.04 301.20 0.00 7.00
0.00 0.00 300.20 0.00 0.00 0.00
-9999.00 2.50 5.10 -9999.00 -9999.00 23.04
2.77 0.00 0.00 0.00 0.00 10.60
-2.40 50.70 0.00 999.00 -9999.00 20.00
-5.57
722650 221026/2100 1009.90 914.70 27.54 300.70 0.00 7.00
0.00 0.00 300.00 0.00 0.00 0.00
-9999.00 2.80 4.80 -9999.00 -9999.00 23.64
2.64 0.00 0.00 0.00 0.00 11.20
-2.70 61.00 0.00 999.00 -9999.00 20.00
-6.21
722650 221026/2200 1009.80 914.70 26.04 299.20 0.00 7.00
0.00 0.00 298.80 0.00 0.00 0.00
-9999.00 2.60 5.00 -9999.00 -9999.00 23.74
2.62 0.00 0.00 0.00 0.00 12.00
-2.90 85.10 0.00 999.00 -9999.00 20.00
-6.30
722650 221026/2300 1009.70 914.60 23.54 296.70 0.00 7.00
0.00 0.00 296.80 0.00 0.00 0.00
-9999.00 2.30 4.20 -9999.00 -9999.00 23.14
2.68 0.00 0.00 0.00 0.00 11.40
-3.50 94.70 0.00 999.00 -9999.00 20.00
-6.01
722650 221027/0000 1009.90 914.60 19.14 292.30 0.00 7.00
0.00 0.00 293.10 0.00 0.00 0.00
-9999.00 1.00 2.40 -9999.00 -9999.00 20.04
2.82 0.00 0.00 0.00 0.00 10.90
-3.40 96.70 0.00 999.00 -9999.00 20.00
-5.34
722650 221027/0100 1010.50 914.90 16.34 289.50 0.00 7.00
0.00 0.00 290.20 0.00 0.00 0.00
-9999.00 0.20 3.00 -9999.00 -9999.00 17.64
3.07 0.00 0.00 0.00 0.00 10.30
-3.70 101.80 0.00 999.00 -9999.00 20.00
-4.22
722650 221027/0200 1011.60 915.60 15.24 288.40 0.00 7.00
0.00 0.00 289.00 0.00 0.00 0.00
-9999.00 -1.00 3.70 -9999.00 -9999.00 15.84
4.38 0.00 0.00 0.00 0.00 8.50
-3.00 129.80 0.00 999.00 -9999.00 20.00
0.59
722650 221027/0300 1012.30 916.10 14.84 288.00 0.00 7.00
0.00 0.00 288.50 0.00 0.00 0.00
-9999.00 -0.70 5.30 -9999.00 -9999.00 15.34
5.32 0.00 0.00 0.00 0.00 7.40
-2.00 140.40 0.00 999.00 -9999.00 20.00
3.29
722650 221027/0400 1011.80 915.60 14.44 287.60 0.00 7.00
0.00 0.00 288.00 0.00 0.00 0.00
-9999.00 -0.40 5.80 -9999.00 -9999.00 14.84
5.79 0.00 0.00 0.00 0.00 7.30
-1.20 165.30 0.00 999.00 -9999.00 20.00
4.48
722650 221027/0500 1013.10 916.70 13.94 287.10 0.00 7.00
0.00 0.00 287.50 0.00 80.00 0.00
-9999.00 -0.20 5.50 -9999.00 -9999.00 14.34
5.78 0.00 0.00 0.00 0.00 6.70
-0.60 169.90 0.00 999.00 -9999.00 20.00
4.47
722650 221027/0600 1011.70 915.30 13.44 286.60 0.00 7.00
0.00 0.00 287.00 0.00 39.00 0.00
-9999.00 0.20 5.40 -9999.00 -9999.00 13.84
5.56 0.00 0.00 0.00 0.00 7.40
-0.30 177.30 0.00 999.00 -9999.00 20.00
3.90
722650 221027/0700 1011.60 915.20 12.84 286.00 0.00 7.00
0.00 0.00 286.40 0.00 0.00 0.00
-9999.00 0.10 5.00 -9999.00 -9999.00 13.24
5.34 0.00 0.00 0.00 0.00 8.00
-0.70 189.50 0.00 999.00 -9999.00 20.00
3.33
722650 221027/0800 1011.50 914.90 12.24 285.40 0.00 7.00
0.00 0.00 285.90 0.00 1.00 0.00
-9999.00 0.10 5.20 -9999.00 -9999.00 12.74
5.26 0.00 0.00 0.00 0.00 8.60
-0.90 188.70 0.00 999.00 -9999.00 20.00
3.12
722650 221027/0900 1011.80 915.20 11.94 285.10 0.00 7.00
0.00 0.00 285.50 0.00 0.00 0.00
-9999.00 0.30 5.50 -9999.00 -9999.00 12.44
5.28 0.00 0.00 0.00 0.00 9.20
-0.80 190.10 0.00 999.00 -9999.00 20.00
3.17


