
SNPARM = PRES;TMPC;TMWC;DWPC;THTE;DRCT;SKNT;OMEG;CFRL;HGHT 
STNPRM = SHOW;LIFT;SWET;KINX;LCLP;PWAT;TOTL;CAPE;LCLT;CINS;EQLV;LFCT;BRCH 

STID = KSPI STNM = 724390 TIME = 221026/1200 
SLAT = 39.84 SLON = -89.67 SELV = 180.0
STIM = 0

SHOW = 15.84 LIFT = 19.41 SWET = 116.79 KINX = -7.70
LCLP = 955.86 PWAT = 8.10 TOTL = 23.73 CAPE = 0.00
LCLT = 274.54 CINS = 0.00 EQLV = -9999.00 LFCT = -9999.00
BRCH = 0.00

PRES TMPC TMWC DWPC THTE DRCT SKNT OMEG
CFRL HGHT
991.00 4.24 3.21 1.90 290.49 286.39 6.88 0.00
0.00 190.67
988.10 4.14 3.00 1.54 290.36 291.48 12.74 0.00
0.00 214.53
982.70 3.84 2.75 1.34 290.40 293.20 14.80 0.00
0.00 259.10
973.30 4.04 2.58 0.68 290.99 304.29 20.69 0.00
0.00 337.26
959.50 4.44 2.34 -0.45 291.89 317.37 23.23 0.00
0.00 453.49
941.80 4.24 1.51 -2.35 292.05 337.88 25.80 0.10
0.00 605.06
920.70 4.64 1.03 -4.36 293.25 345.70 30.67 0.20
0.00 789.53
897.70 5.54 0.88 -6.37 295.34 345.17 37.18 0.40
0.00 995.92
872.70 5.44 0.21 -8.40 296.73 340.92 38.03 0.50
0.00 1226.64
844.80 5.04 -0.96 -12.13 297.51 333.97 37.18 0.60
0.00 1491.74
813.90 3.84 -2.79 -17.95 297.48 323.95 40.60 0.50
0.00 1794.79
780.20 3.14 -4.17 -24.96 298.79 314.63 42.31 0.50
0.00 2137.40
743.60 1.54 -5.20 -23.46 301.58 308.94 37.70 0.40
0.00 2525.02
704.00 -1.56 -6.58 -18.21 304.51 303.78 33.18 0.30
0.00 2962.83
661.50 -4.96 -9.02 -18.94 306.09 294.23 34.09 0.30
0.00 3455.14
616.10 -6.76 -11.52 -27.22 308.26 286.33 31.78 0.20
0.00 4011.76
568.30 -8.46 -13.60 -36.09 312.22 292.72 33.70 0.30
0.00 4639.68
521.90 -12.56 -16.69 -35.73 315.10 288.27 42.13 0.20
0.00 5294.61
480.00 -17.36 -20.13 -32.55 317.38 284.36 42.31 0.20
0.00 5927.27
442.60 -22.16 -24.14 -34.85 318.48 282.33 42.75 0.10
0.00 6529.12
408.90 -26.56 -28.23 -41.01 319.38 275.19 45.07 0.00
0.00 7105.98
378.30 -29.86 -31.43 -48.81 321.66 269.41 56.92 0.10
0.00 7663.73
350.80 -33.76 -34.97 -51.96 323.29 269.51 67.79 0.30
0.00 8196.92
326.10 -37.86 -38.72 -53.57 324.41 269.29 78.48 0.40
0.00 8704.18
303.70 -41.56 -42.20 -56.53 325.79 267.32 87.32 0.50
0.00 9190.47
283.60 -43.86 -44.43 -60.30 328.84 264.73 90.91 0.50
0.00 9652.37
265.60 -45.26 -45.80 -63.02 332.97 262.28 91.14 0.40
0.00 10091.14
248.70 -46.76 -47.27 -66.51 337.01 261.46 83.68 0.40
0.00 10528.26
233.50 -47.96 -48.46 -71.85 341.27 260.15 76.11 0.40
0.00 10945.08
219.60 -48.76 -49.24 -72.27 346.08 257.99 71.89 0.30
0.00 11348.92
205.60 -49.56 -50.03 -72.72 351.39 256.70 70.07 0.30
0.00 11780.83
191.70 -50.96 -51.39 -73.19 356.25 255.88 66.90 0.20
0.00 12237.54
177.70 -53.26 -9999.00 -9999.00 -9999.00 253.54 62.39 0.20
0.00 12728.20
163.80 -55.06 -9999.00 -9999.00 -9999.00 250.36 55.48 0.10
0.00 13250.31
149.80 -56.66 -9999.00 -9999.00 -9999.00 245.08 42.40 0.00
0.00 13818.58
135.90 -59.36 -9999.00 -9999.00 -9999.00 226.28 30.63 -0.10
0.00 14431.84
121.90 -62.16 -9999.00 -9999.00 -9999.00 210.82 38.68 0.00
0.00 15107.73
107.90 -63.26 -9999.00 -9999.00 -9999.00 217.44 46.97 0.00
0.00 15859.22
94.00 -62.36 -9999.00 -9999.00 -9999.00 225.58 40.79 0.00
0.00 16708.32
81.00 -61.76 -9999.00 -9999.00 -9999.00 212.42 31.53 0.00
0.00 17628.02
70.60 -61.16 -9999.00 -9999.00 -9999.00 209.53 31.92 0.00
0.00 18479.54
62.20 -60.26 -9999.00 -9999.00 -9999.00 211.31 27.29 0.00
0.00 19267.25
54.30 -59.66 -9999.00 -9999.00 -9999.00 205.13 17.39 0.00
0.00 20114.89
46.90 -61.06 -9999.00 -9999.00 -9999.00 215.54 8.35 0.00
0.00 21027.43
40.10 -62.26 -9999.00 -9999.00 -9999.00 108.43 0.62 0.00
0.00 21997.13
33.80 -63.16 -9999.00 -9999.00 -9999.00 87.95 5.44 0.00
0.00 23049.95
27.80 -62.56 -9999.00 -9999.00 -9999.00 360.00 1.36 0.00
0.00 24252.89
22.30 -59.56 -9999.00 -9999.00 -9999.00 331.07 8.43 0.00
0.00 25621.47
17.10 -54.46 -9999.00 -9999.00 -9999.00 299.05 6.00 0.00
0.00 27301.27
12.30 -50.46 -9999.00 -9999.00 -9999.00 233.37 9.44 0.00
0.00 29429.67

STID = KSPI STNM = 724390 TIME = 221026/1300 
SLAT = 39.84 SLON = -89.67 SELV = 180.0
STIM = 1

SHOW = 16.98 LIFT = 19.86 SWET = 117.14 KINX = -17.35
LCLP = 958.89 PWAT = 6.77 TOTL = 20.51 CAPE = 0.00
LCLT = 274.40 CINS = 0.00 EQLV = -9999.00 LFCT = -9999.00
BRCH = 0.00

PRES TMPC TMWC DWPC THTE DRCT SKNT OMEG
CFRL HGHT
993.40 4.04 3.04 1.75 289.92 288.43 8.61 0.00
0.00 189.00
990.40 3.94 2.83 1.38 289.80 290.65 14.32 0.00
0.00 213.60
984.90 3.74 2.59 1.07 289.86 292.31 16.38 0.00
0.00 258.87
975.60 3.94 2.32 0.16 290.26 302.59 22.36 0.00
1.00 335.99
961.70 4.54 2.21 -0.96 291.40 315.00 24.18 0.00
0.00 452.77
944.00 4.54 1.53 -2.80 291.84 334.82 25.12 0.10
0.00 604.09
922.80 4.84 0.91 -5.14 292.78 344.27 28.65 0.10
0.00 789.16
899.70 5.24 0.55 -6.99 294.47 344.14 34.13 0.10
0.00 995.93
874.60 5.04 -0.28 -9.51 295.54 339.08 35.35 0.10
0.00 1226.74
846.60 4.64 -1.68 -14.78 295.86 332.33 35.98 0.10
0.00 1491.80
815.70 3.54 -3.41 -21.57 296.03 325.15 39.76 0.20
0.00 1793.75
781.80 2.54 -4.82 -28.95 297.32 318.37 42.09 0.20
0.00 2137.05
745.10 0.94 -6.21 -32.10 299.36 312.14 38.50 0.20
0.00 2524.02
705.40 -1.96 -7.77 -25.41 301.97 306.87 32.05 0.20
0.00 2961.12
662.70 -5.36 -10.04 -24.19 303.97 296.42 33.18 0.20
0.00 3453.91
617.10 -6.26 -11.83 -36.29 307.39 292.51 31.95 0.30
0.00 4011.98
569.10 -8.76 -13.98 -40.37 311.35 292.36 36.75 0.40
0.00 4641.71
522.50 -12.66 -16.65 -34.11 315.09 280.18 46.17 0.40
0.00 5298.11
480.60 -17.06 -19.96 -33.14 317.53 276.23 44.76 0.30
0.00 5930.26
443.00 -21.96 -24.16 -37.08 318.33 272.36 42.39 0.10
0.00 6535.25
409.20 -25.86 -27.78 -43.48 320.00 264.58 45.26 0.10
0.00 7114.37
378.60 -29.66 -31.26 -48.80 321.85 264.10 52.91 0.10
0.00 7672.71
351.00 -33.66 -34.81 -49.47 323.49 267.01 63.40 0.30
0.00 8207.81
326.20 -38.06 -38.80 -50.10 324.26 266.45 75.31 0.40
0.00 8716.81
303.80 -41.96 -42.50 -53.17 325.31 263.95 81.06 0.40
0.00 9202.33
283.70 -44.86 -45.27 -54.73 327.54 261.72 83.62 0.40
0.00 9662.68
265.60 -46.66 -47.04 -57.61 331.05 260.41 82.75 0.40
0.00 10101.50
248.70 -47.66 -48.10 -63.51 335.71 259.87 79.53 0.40
0.00 10536.42
233.50 -48.26 -48.74 -71.85 340.82 258.57 74.51 0.40
0.00 10952.12
219.60 -49.16 -49.62 -72.27 345.46 257.16 69.93 0.40
0.00 11355.34
205.60 -49.86 -50.32 -72.72 350.92 255.44 66.43 0.40
0.00 11786.57
191.70 -51.36 -51.77 -73.19 355.61 253.48 64.22 0.30
0.00 12242.57
177.70 -53.56 -9999.00 -9999.00 -9999.00 251.91 61.93 0.30
0.00 12732.45
163.80 -55.46 -9999.00 -9999.00 -9999.00 250.22 57.38 0.20
0.00 13253.73
149.80 -56.76 -9999.00 -9999.00 -9999.00 246.64 46.54 0.10
0.00 13821.34
135.90 -58.56 -9999.00 -9999.00 -9999.00 233.97 34.34 0.00
0.00 14435.60
121.90 -61.56 -9999.00 -9999.00 -9999.00 213.96 33.72 -0.10
0.00 15113.72
108.00 -63.66 -9999.00 -9999.00 -9999.00 217.03 41.61 0.00
0.00 15859.85
94.00 -62.86 -9999.00 -9999.00 -9999.00 230.64 41.96 0.00
0.00 16712.83
81.00 -60.66 -9999.00 -9999.00 -9999.00 223.36 28.87 0.00
0.00 17633.84
70.60 -60.86 -9999.00 -9999.00 -9999.00 212.66 27.00 0.00
0.00 18488.17
62.20 -60.96 -9999.00 -9999.00 -9999.00 207.94 25.29 0.00
0.00 19275.15
54.30 -60.16 -9999.00 -9999.00 -9999.00 202.86 17.50 0.00
0.00 20120.39
46.90 -61.66 -9999.00 -9999.00 -9999.00 188.82 11.40 0.00
0.00 21030.58
40.10 -61.56 -9999.00 -9999.00 -9999.00 172.09 7.05 0.00
0.00 22000.51
33.80 -61.96 -9999.00 -9999.00 -9999.00 146.31 6.29 0.00
0.00 23058.08
27.80 -60.76 -9999.00 -9999.00 -9999.00 252.90 5.28 0.00
0.00 24269.59
22.30 -57.36 -9999.00 -9999.00 -9999.00 311.08 10.04 0.00
0.00 25651.09
17.10 -54.66 -9999.00 -9999.00 -9999.00 326.31 5.59 0.00
0.00 27338.65
12.30 -51.56 -9999.00 -9999.00 -9999.00 248.20 8.37 0.00
0.00 29460.79

STID = KSPI STNM = 724390 TIME = 221026/1400 
SLAT = 39.84 SLON = -89.67 SELV = 180.0
STIM = 2

SHOW = 17.39 LIFT = 20.30 SWET = 110.88 KINX = -17.80
LCLP = 945.51 PWAT = 6.92 TOTL = 20.59 CAPE = 0.00
LCLT = 274.33 CINS = 0.00 EQLV = -9999.00 LFCT = -9999.00
BRCH = 0.00

PRES TMPC TMWC DWPC THTE DRCT SKNT OMEG
CFRL HGHT
994.20 5.14 3.69 1.88 291.12 299.60 9.83 0.00
0.00 189.03
991.20 4.94 3.39 1.42 290.81 300.26 13.50 0.00
0.00 213.71
985.80 4.54 3.00 1.02 290.58 302.08 15.37 0.00
0.00 258.26
976.40 4.04 2.39 0.18 290.30 308.22 19.77 0.00
1.00 336.26
962.50 4.84 2.07 -1.82 291.02 316.41 22.26 0.10
1.00 453.03
944.80 5.04 1.54 -3.62 291.75 333.85 24.24 0.10
0.00 604.41
923.60 5.24 1.08 -5.32 293.01 342.74 26.85 0.10
0.00 789.61
900.40 5.04 0.61 -6.38 294.53 342.58 31.16 0.20
0.00 997.19
875.30 4.74 -0.22 -8.58 295.61 335.90 32.34 0.20
0.00 1227.63
847.30 4.24 -1.59 -13.03 296.01 329.77 33.95 0.20
0.00 1492.17
816.30 3.34 -3.23 -19.09 296.36 325.40 37.30 0.30
0.00 1794.57
782.40 2.44 -4.66 -25.82 297.63 317.56 40.02 0.40
0.00 2137.46
745.60 0.84 -5.99 -27.69 299.78 309.51 38.77 0.40
0.00 2525.10
705.80 -2.06 -7.89 -26.07 301.68 302.52 34.32 0.40
0.00 2962.89
663.10 -4.66 -9.99 -28.17 303.91 294.36 31.57 0.40
0.00 3455.90
617.50 -6.06 -11.83 -39.58 307.28 295.52 33.37 0.50
0.00 4014.51
569.40 -8.86 -14.00 -39.01 311.30 290.09 44.68 0.60
0.00 4645.28
522.80 -12.06 -16.05 -31.86 316.11 274.91 45.44 0.50
0.00 5301.98
480.70 -16.56 -19.68 -34.24 317.96 267.59 41.61 0.40
0.00 5938.26
443.10 -21.26 -23.73 -38.86 318.99 259.58 41.88 0.30
0.00 6544.53
409.30 -25.36 -27.36 -43.02 320.66 257.62 47.13 0.30
0.00 7124.90
378.60 -29.46 -30.96 -45.16 322.35 262.16 54.12 0.40
0.00 7685.80
351.10 -33.76 -34.76 -45.85 323.56 265.26 65.89 0.40
0.00 8219.02
326.20 -38.06 -38.76 -48.75 324.34 261.93 73.37 0.40
0.00 8729.89
303.80 -41.86 -42.34 -50.72 325.57 257.60 77.76 0.30
0.00 9215.53
283.70 -44.86 -45.22 -52.86 327.62 256.20 81.41 0.30
0.00 9675.99
265.60 -46.56 -46.97 -59.06 331.16 256.59 82.07 0.20
0.00 10114.91
248.80 -47.46 -47.91 -63.51 335.97 256.00 77.87 0.10
0.00 10547.45
233.50 -47.96 -48.46 -71.85 341.27 254.57 73.76 0.00
0.00 10966.27
219.60 -48.66 -49.15 -72.27 346.23 253.47 70.32 0.00
0.00 11370.20
205.60 -49.56 -50.03 -72.72 351.39 252.37 65.42 0.00
0.00 11802.21
191.70 -51.36 -51.77 -73.19 355.61 251.57 61.42 0.00
0.00 12258.51
177.70 -53.86 -9999.00 -9999.00 -9999.00 251.57 59.58 0.00
0.00 12748.06
163.80 -56.06 -9999.00 -9999.00 -9999.00 251.38 57.19 0.00
0.00 13268.27
149.80 -57.26 -9999.00 -9999.00 -9999.00 247.28 49.28 0.00
0.00 13834.44
135.90 -58.56 -9999.00 -9999.00 -9999.00 235.99 38.19 -0.10
0.00 14447.98
121.90 -61.46 -9999.00 -9999.00 -9999.00 222.71 34.36 -0.20
0.00 15126.27
108.00 -64.06 -9999.00 -9999.00 -9999.00 218.70 38.83 -0.10
0.00 15871.86
94.00 -63.86 -9999.00 -9999.00 -9999.00 229.28 42.29 0.00
0.00 16722.00
81.00 -61.26 -9999.00 -9999.00 -9999.00 227.45 32.17 0.00
0.00 17639.52
70.60 -60.46 -9999.00 -9999.00 -9999.00 209.70 28.63 0.00
0.00 18493.45
62.20 -60.96 -9999.00 -9999.00 -9999.00 204.64 28.42 0.00
0.00 19281.17
54.30 -59.96 -9999.00 -9999.00 -9999.00 207.51 21.02 0.00
0.00 20126.81
46.90 -60.46 -9999.00 -9999.00 -9999.00 187.70 14.51 0.00
0.00 21040.00
40.10 -59.86 -9999.00 -9999.00 -9999.00 172.41 8.82 0.00
0.00 22016.58
33.80 -60.66 -9999.00 -9999.00 -9999.00 119.93 7.40 0.00
0.00 23081.65
27.80 -59.86 -9999.00 -9999.00 -9999.00 350.54 2.37 0.00
0.00 24299.46
22.30 -58.16 -9999.00 -9999.00 -9999.00 20.85 8.72 0.00
0.00 25681.28
17.10 -57.66 -9999.00 -9999.00 -9999.00 55.92 7.96 0.00
0.00 27354.08
12.30 -53.16 -9999.00 -9999.00 -9999.00 258.91 10.10 0.00
0.00 29454.03

STID = KSPI STNM = 724390 TIME = 221026/1500 
SLAT = 39.84 SLON = -89.67 SELV = 180.0
STIM = 3

SHOW = 17.56 LIFT = 20.06 SWET = 106.05 KINX = -18.14
LCLP = 938.69 PWAT = 7.25 TOTL = 20.59 CAPE = 0.00
LCLT = 274.97 CINS = 0.00 EQLV = -9999.00 LFCT = -9999.00
BRCH = 0.00

PRES TMPC TMWC DWPC THTE DRCT SKNT OMEG
CFRL HGHT
995.10 6.44 4.69 2.64 293.07 305.27 9.75 0.00
0.00 189.89
992.10 6.14 4.29 2.07 292.54 307.04 12.90 0.00
0.00 214.66
986.70 5.64 3.86 1.68 292.21 307.48 14.69 0.00
0.00 259.36
977.30 4.84 3.27 1.29 291.95 309.09 16.03 0.10
0.00 337.56
963.40 4.94 2.17 -1.69 291.13 315.40 19.64 0.10
1.00 454.43
945.60 5.24 1.67 -3.57 291.92 328.87 22.92 0.10
0.00 606.62
924.40 5.24 1.27 -4.71 293.30 336.86 24.71 0.20
0.00 791.73
901.20 4.94 0.78 -5.59 294.80 338.79 27.91 0.20
0.00 999.11
876.10 4.54 -0.13 -7.81 295.72 332.43 29.80 0.20
0.00 1229.24
848.00 4.04 -1.57 -12.37 295.99 329.74 32.38 0.30
0.00 1494.32
817.00 3.34 -3.31 -19.78 296.10 326.05 35.82 0.30
0.00 1796.35
783.00 2.54 -4.68 -26.96 297.48 315.40 39.01 0.30
0.00 2140.03
746.20 1.24 -5.59 -25.80 300.47 303.85 37.67 0.30
0.00 2527.73
706.30 -1.76 -7.67 -25.72 302.02 298.07 33.02 0.40
0.00 2966.86
663.60 -4.26 -9.98 -31.66 303.77 298.16 31.29 0.50
0.00 3460.13
617.90 -6.36 -12.03 -39.58 306.88 298.30 37.28 0.60
0.00 4019.65
569.70 -8.46 -13.67 -37.81 311.83 284.65 43.76 0.50
0.00 4651.48
523.00 -11.76 -15.80 -31.46 316.51 267.64 42.39 0.40
0.00 5310.17
480.90 -16.46 -19.59 -34.01 318.08 260.23 41.20 0.20
0.00 5946.70
443.30 -21.36 -23.57 -35.53 319.25 257.31 46.00 0.20
0.00 6552.73
409.40 -25.66 -27.25 -37.32 320.87 259.54 51.36 0.20
0.00 7134.20
378.70 -29.76 -30.91 -39.76 322.44 261.47 58.94 0.30
0.00 7694.33
351.10 -33.86 -34.76 -44.01 323.57 259.18 66.26 0.30
0.00 8229.00
326.30 -37.96 -38.62 -47.57 324.53 256.19 72.42 0.20
0.00 8737.76
303.90 -41.96 -42.43 -50.72 325.40 253.41 76.20 0.20
0.00 9223.24
283.70 -44.96 -45.34 -53.75 327.43 253.35 80.69 0.10
0.00 9685.71
265.60 -46.76 -47.16 -59.06 330.87 254.21 79.93 0.10
0.00 10124.34
248.80 -47.96 -48.38 -63.51 335.23 253.20 77.31 0.00
0.00 10556.21
233.50 -48.76 -49.22 -71.85 340.06 251.52 75.99 0.00
0.00 10973.82
219.60 -49.26 -49.72 -72.27 345.30 250.80 73.83 0.00
0.00 11376.50
205.60 -49.86 -50.32 -72.72 350.92 250.64 68.57 0.00
0.00 11807.64
191.70 -51.36 -51.77 -73.19 355.61 249.55 62.82 0.00
0.00 12263.63
177.70 -53.56 -9999.00 -9999.00 -9999.00 248.86 59.77 0.00
0.00 12753.52
163.80 -56.26 -9999.00 -9999.00 -9999.00 248.49 57.21 0.00
0.00 13273.84
149.80 -58.36 -9999.00 -9999.00 -9999.00 245.84 51.73 0.00
0.00 13838.32
135.90 -59.66 -9999.00 -9999.00 -9999.00 236.93 44.50 0.00
0.00 14448.72
121.90 -61.86 -9999.00 -9999.00 -9999.00 226.72 41.08 0.00
0.00 15124.62
108.00 -63.76 -9999.00 -9999.00 -9999.00 225.40 39.84 0.00
0.00 15870.04
94.00 -63.56 -9999.00 -9999.00 -9999.00 228.25 41.14 0.10
0.00 16721.39
81.00 -60.96 -9999.00 -9999.00 -9999.00 226.62 33.94 0.10
0.00 17640.22
70.60 -59.46 -9999.00 -9999.00 -9999.00 203.96 28.69 0.00
0.00 18496.76
62.20 -60.46 -9999.00 -9999.00 -9999.00 200.27 26.92 0.00
0.00 19287.26
54.30 -59.66 -9999.00 -9999.00 -9999.00 203.77 17.83 0.00
0.00 20134.50
46.90 -60.76 -9999.00 -9999.00 -9999.00 177.51 13.42 0.00
0.00 21047.68
40.10 -61.06 -9999.00 -9999.00 -9999.00 160.25 8.04 0.00
0.00 22020.83
33.80 -61.66 -9999.00 -9999.00 -9999.00 131.76 7.28 0.00
0.00 23080.40
27.80 -59.66 -9999.00 -9999.00 -9999.00 326.31 0.70 0.00
0.00 24295.92
22.30 -58.16 -9999.00 -9999.00 -9999.00 45.00 3.30 0.00
0.00 25678.38
17.10 -54.26 -9999.00 -9999.00 -9999.00 243.43 1.73 0.00
0.00 27364.39
12.30 -50.96 -9999.00 -9999.00 -9999.00 288.43 8.61 0.00
0.00 29491.35

STID = KSPI STNM = 724390 TIME = 221026/1600 
SLAT = 39.84 SLON = -89.67 SELV = 180.0
STIM = 4

SHOW = 17.43 LIFT = 19.09 SWET = 103.50 KINX = -19.25
LCLP = 926.86 PWAT = 7.56 TOTL = 21.33 CAPE = 0.00
LCLT = 275.34 CINS = 0.00 EQLV = -9999.00 LFCT = -9999.00
BRCH = 0.00

PRES TMPC TMWC DWPC THTE DRCT SKNT OMEG
CFRL HGHT
995.10 7.84 5.65 3.20 295.06 307.97 10.10 0.00
0.00 189.94
992.10 7.44 5.15 2.50 294.30 309.47 12.84 0.00
0.00 214.83
986.60 6.94 4.71 2.09 293.95 310.60 14.34 0.00
0.00 260.57
977.20 6.14 4.10 1.64 293.64 311.46 15.56 0.00
0.00 339.16
963.40 5.04 3.30 1.13 293.40 313.12 16.76 0.00
2.00 455.52
945.60 5.14 1.89 -2.73 292.37 323.86 21.41 0.00
2.00 607.75
924.40 4.94 1.27 -4.17 293.32 332.37 23.47 0.00
0.00 792.75
901.20 4.54 0.71 -5.09 294.68 336.97 25.33 0.00
0.00 999.88
876.00 4.04 -0.19 -6.98 295.65 333.61 27.97 0.00
0.00 1230.59
847.90 3.54 -1.76 -11.88 295.67 332.14 30.77 0.00
0.00 1495.24
816.90 3.14 -3.57 -20.89 295.63 327.86 33.95 0.10
0.00 1796.93
783.00 2.54 -4.67 -26.76 297.51 313.07 36.69 0.10
0.00 2139.48
746.10 1.04 -5.64 -24.96 300.42 299.82 35.16 0.10
0.00 2528.12
706.30 -2.26 -8.15 -27.49 301.14 299.32 32.54 0.20
0.00 2965.62
663.60 -4.96 -10.64 -35.21 302.57 302.94 32.87 0.30
0.00 3457.76
617.90 -6.66 -12.21 -39.10 306.57 295.43 39.36 0.20
0.00 4016.21
569.70 -8.46 -13.76 -39.89 311.65 279.13 44.08 0.00
0.00 4647.68
523.00 -12.06 -16.03 -31.66 316.11 265.26 42.29 -0.10
0.00 5305.99
480.90 -16.86 -19.51 -30.19 318.28 258.69 42.60 -0.10
0.00 5941.69
443.30 -21.96 -23.63 -31.38 319.21 260.85 47.61 0.00
0.00 6546.60
409.40 -26.26 -27.61 -35.86 320.30 259.80 54.88 0.10
0.00 7126.72
378.70 -30.26 -31.40 -40.70 321.67 256.45 61.34 0.10
0.00 7685.60
351.10 -33.76 -34.92 -50.22 323.29 256.32 68.18 0.10
0.00 8219.80
326.30 -37.86 -38.72 -53.56 324.35 254.74 73.10 0.20
0.00 8728.75
303.90 -42.06 -42.57 -52.28 325.18 253.50 76.57 0.10
0.00 9214.22
283.70 -45.06 -45.45 -54.73 327.25 254.51 80.03 0.10
0.00 9676.48
265.60 -46.76 -47.19 -60.81 330.82 254.72 80.34 0.10
0.00 10115.01
248.80 -47.86 -48.31 -66.51 335.33 254.07 79.99 0.10
0.00 10546.97
233.50 -48.86 -49.29 -66.97 339.95 252.65 78.15 0.10
0.00 10964.59
219.60 -49.56 -50.00 -72.27 344.84 251.24 74.88 0.10
0.00 11366.90
205.60 -49.86 -50.32 -72.72 350.92 250.46 70.28 0.10
0.00 11797.76
191.70 -50.96 -51.39 -73.19 356.25 249.24 65.23 0.10
0.00 12254.16
177.70 -53.26 -9999.00 -9999.00 -9999.00 247.97 62.67 0.10
0.00 12744.82
163.80 -55.86 -9999.00 -9999.00 -9999.00 247.96 60.57 0.10
0.00 13265.98
149.80 -58.06 -9999.00 -9999.00 -9999.00 246.37 54.27 0.00
0.00 13831.37
135.90 -60.16 -9999.00 -9999.00 -9999.00 236.98 46.33 0.00
0.00 14441.49
121.90 -62.16 -9999.00 -9999.00 -9999.00 228.09 43.34 0.00
0.00 15116.12
108.00 -63.36 -9999.00 -9999.00 -9999.00 230.67 41.69 0.00
0.00 15861.71
94.00 -62.76 -9999.00 -9999.00 -9999.00 229.69 36.93 0.00
0.00 16715.50
81.00 -60.96 -9999.00 -9999.00 -9999.00 222.18 30.67 0.00
0.00 17636.08
70.60 -59.46 -9999.00 -9999.00 -9999.00 199.74 27.04 0.00
0.00 18492.62
62.20 -60.76 -9999.00 -9999.00 -9999.00 197.04 25.19 0.00
0.00 19282.56
54.30 -60.26 -9999.00 -9999.00 -9999.00 204.44 18.78 0.00
0.00 20128.01
46.90 -61.36 -9999.00 -9999.00 -9999.00 179.27 15.15 0.00
0.00 21038.62
40.10 -61.66 -9999.00 -9999.00 -9999.00 174.51 10.14 0.00
0.00 22009.01
33.80 -62.16 -9999.00 -9999.00 -9999.00 152.30 8.78 0.00
0.00 23065.83
27.80 -60.06 -9999.00 -9999.00 -9999.00 296.57 1.73 0.00
0.00 24278.78
22.30 -58.76 -9999.00 -9999.00 -9999.00 33.69 3.50 0.00
0.00 25658.01
17.10 -54.56 -9999.00 -9999.00 -9999.00 56.31 1.40 0.00
0.00 27340.53
12.30 -51.56 -9999.00 -9999.00 -9999.00 320.19 1.52 0.00
0.00 29463.14

STID = KSPI STNM = 724390 TIME = 221026/1700 
SLAT = 39.84 SLON = -89.67 SELV = 180.0
STIM = 5

SHOW = 17.04 LIFT = 17.77 SWET = 97.17 KINX = -19.27
LCLP = 921.49 PWAT = 7.71 TOTL = 22.10 CAPE = 0.00
LCLT = 276.03 CINS = 0.00 EQLV = -9999.00 LFCT = -9999.00
BRCH = 0.00

PRES TMPC TMWC DWPC THTE DRCT SKNT OMEG
CFRL HGHT
995.50 9.04 6.58 3.98 297.04 310.97 9.77 0.00
0.00 189.98
992.50 8.64 6.05 3.22 296.19 311.86 12.51 0.00
0.00 214.97
987.10 8.04 5.56 2.79 295.69 313.30 13.87 0.00
0.00 260.05
977.70 7.24 4.98 2.39 295.41 313.94 14.84 0.00
0.00 338.92
963.80 6.04 4.13 1.86 295.06 315.00 15.66 0.00
0.00 456.52
946.10 4.84 2.86 0.35 294.29 321.53 18.10 0.10
4.00 608.07
924.80 4.74 1.32 -3.65 293.40 329.22 21.25 0.10
1.00 793.74
901.60 4.14 0.55 -4.86 294.35 335.84 22.79 0.20
0.00 1000.56
876.40 3.64 -0.32 -6.63 295.38 336.40 25.23 0.20
0.00 1230.84
848.30 3.44 -1.86 -12.08 295.44 334.86 27.89 0.20
0.00 1495.13
817.20 3.24 -3.65 -22.25 295.39 330.03 30.71 0.30
0.00 1797.66
783.30 2.34 -4.79 -26.76 297.26 315.48 32.96 0.40
0.00 2140.01
746.40 0.54 -6.20 -28.10 299.30 300.74 33.45 0.50
0.00 2527.98
706.60 -2.96 -8.69 -28.69 300.13 296.41 31.45 0.50
0.00 2964.31
663.80 -5.86 -11.21 -34.53 301.60 299.83 32.01 0.50
0.00 3455.95
618.10 -6.86 -12.38 -40.07 306.24 293.39 39.16 0.40
0.00 4013.08
569.90 -8.86 -14.00 -39.00 311.22 279.16 42.70 0.30
0.00 4643.63
523.10 -12.56 -16.31 -30.88 315.62 263.39 40.48 0.20
0.00 5302.04
481.00 -17.46 -19.67 -27.97 318.02 260.07 42.79 0.10
0.00 5936.30
443.30 -22.36 -24.14 -33.17 318.36 258.91 49.49 0.10
0.00 6541.57
409.40 -26.46 -28.02 -39.00 319.61 256.06 55.63 0.10
0.00 7120.96
378.70 -29.96 -31.47 -47.43 321.51 256.55 60.12 0.10
0.00 7679.90
351.10 -33.56 -34.88 -56.83 323.32 258.72 65.56 0.10
0.00 8214.63
326.30 -38.26 -39.03 -51.67 323.88 257.26 68.71 0.10
0.00 8723.35
303.90 -42.36 -42.87 -53.17 324.72 255.14 71.95 0.10
0.00 9208.09
283.70 -45.16 -45.57 -55.83 327.07 254.15 77.54 0.10
0.00 9669.95
265.60 -46.36 -46.81 -60.81 331.41 253.81 82.93 0.10
0.00 10108.77
248.80 -47.46 -47.93 -66.51 335.93 252.88 83.14 0.00
0.00 10541.50
233.50 -48.46 -48.91 -66.97 340.56 252.40 79.68 0.00
0.00 10959.85
219.60 -49.46 -49.91 -72.27 345.00 252.17 75.50 0.00
0.00 11362.62
205.60 -50.36 -50.79 -72.72 350.14 251.08 71.87 0.00
0.00 11793.08
191.70 -51.56 -51.96 -73.19 355.29 249.43 69.09 0.00
0.00 12248.36
177.70 -53.66 -9999.00 -9999.00 -9999.00 247.45 65.83 0.00
0.00 12737.91
163.80 -56.46 -9999.00 -9999.00 -9999.00 246.29 62.80 0.00
0.00 13257.88
149.80 -58.76 -9999.00 -9999.00 -9999.00 245.68 57.56 0.00
0.00 13821.57
135.90 -60.46 -9999.00 -9999.00 -9999.00 237.72 48.02 0.00
0.00 14430.27
121.90 -63.06 -9999.00 -9999.00 -9999.00 227.16 43.71 0.00
0.00 15102.98
108.00 -64.06 -9999.00 -9999.00 -9999.00 227.22 42.62 0.00
0.00 15845.74
94.00 -62.66 -9999.00 -9999.00 -9999.00 226.33 35.45 0.00
0.00 16698.32
81.00 -61.66 -9999.00 -9999.00 -9999.00 214.20 30.07 0.00
0.00 17617.58
70.60 -60.16 -9999.00 -9999.00 -9999.00 201.01 28.71 0.00
0.00 18471.31
62.20 -60.76 -9999.00 -9999.00 -9999.00 196.53 25.93 0.00
0.00 19259.95
54.30 -60.36 -9999.00 -9999.00 -9999.00 199.58 21.45 0.00
0.00 20105.20
46.90 -60.56 -9999.00 -9999.00 -9999.00 177.51 17.89 0.00
0.00 21017.31
40.10 -60.76 -9999.00 -9999.00 -9999.00 177.09 11.48 0.00
0.00 21991.61
33.80 -60.86 -9999.00 -9999.00 -9999.00 165.62 7.83 0.00
0.00 23053.93
27.80 -58.26 -9999.00 -9999.00 -9999.00 303.02 4.64 0.00
0.00 24275.74
22.30 -56.76 -9999.00 -9999.00 -9999.00 79.11 5.15 0.00
0.00 25667.23
17.10 -54.96 -9999.00 -9999.00 -9999.00 108.43 6.14 0.00
0.00 27355.97
12.30 -52.86 -9999.00 -9999.00 -9999.00 239.83 9.65 0.00
0.00 29470.39

STID = KSPI STNM = 724390 TIME = 221026/1800 
SLAT = 39.84 SLON = -89.67 SELV = 180.0
STIM = 6

SHOW = 16.86 LIFT = 16.55 SWET = 93.56 KINX = -26.55
LCLP = 914.12 PWAT = 7.47 TOTL = 20.86 CAPE = 0.00
LCLT = 276.26 CINS = 0.00 EQLV = -9999.00 LFCT = -9999.00
BRCH = 0.00

PRES TMPC TMWC DWPC THTE DRCT SKNT OMEG
CFRL HGHT
995.70 9.94 7.17 4.33 298.33 313.45 10.16 0.00
0.00 190.01
992.70 9.54 6.63 3.54 297.43 313.78 12.92 0.00
0.00 215.08
987.30 8.94 6.14 3.09 296.91 315.00 14.28 0.00
0.00 260.30
977.90 8.14 5.57 2.72 296.65 315.52 15.25 0.00
0.00 339.41
964.00 6.94 4.76 2.28 296.38 316.97 15.95 0.10
0.00 457.37
946.20 5.44 3.75 1.75 296.12 317.86 16.51 0.10
0.00 610.19
924.90 4.24 1.95 -1.09 294.68 325.49 18.86 0.20
5.00 795.93
901.70 4.14 0.35 -5.54 293.93 332.27 21.29 0.30
1.00 1002.58
876.50 4.04 -0.64 -8.67 294.69 336.23 23.14 0.30
0.00 1232.96
848.40 4.14 -1.99 -14.93 295.09 335.19 25.47 0.30
0.00 1497.69
817.40 3.54 -3.59 -23.46 295.44 331.48 28.07 0.40
0.00 1799.69
783.40 2.24 -4.88 -27.16 297.08 317.08 30.24 0.50
0.00 2143.10
746.50 0.14 -6.73 -32.69 298.26 301.45 31.64 0.50
0.00 2530.65
706.70 -3.16 -9.19 -34.93 299.14 298.23 29.99 0.50
0.00 2966.37
663.90 -5.36 -10.99 -37.09 301.91 296.89 30.92 0.40
0.00 3458.18
618.10 -6.46 -12.23 -44.39 306.45 288.99 38.21 0.40
0.00 4017.40
569.90 -9.26 -14.18 -37.07 310.92 275.41 41.16 0.30
0.00 4647.95
523.20 -13.16 -16.69 -30.51 314.94 262.14 41.18 0.20
0.00 5303.65
481.10 -17.76 -19.91 -28.11 317.59 258.64 44.39 0.20
0.00 5936.68
443.40 -22.46 -24.39 -35.06 317.90 254.90 50.70 0.20
0.00 6541.33
409.50 -26.26 -27.99 -41.00 319.63 252.90 55.48 0.10
0.00 7120.66
378.80 -29.56 -31.24 -51.30 321.82 254.14 56.14 0.10
0.00 7680.13
351.10 -33.56 -34.81 -52.95 323.44 256.15 59.23 0.10
0.00 8217.16
326.30 -38.36 -39.03 -48.75 323.90 255.17 64.51 0.10
0.00 8725.79
303.90 -42.66 -43.08 -50.72 324.42 253.24 71.41 0.10
0.00 9210.13
283.70 -45.66 -46.02 -54.73 326.39 252.65 80.79 0.10
0.00 9671.19
265.60 -46.76 -47.16 -59.06 330.87 251.48 86.25 0.10
0.00 10109.14
248.80 -47.76 -48.19 -63.51 335.53 251.40 86.50 0.00
0.00 10541.20
233.50 -48.96 -49.38 -66.97 339.80 253.47 83.27 0.00
0.00 10958.82
219.60 -50.06 -50.45 -67.41 344.12 253.54 76.77 0.00
0.00 11360.59
205.60 -50.76 -51.17 -72.72 349.51 252.44 72.75 0.00
0.00 11790.10
191.70 -51.76 -52.15 -73.19 354.97 249.58 69.02 0.00
0.00 12244.76
177.70 -53.86 -9999.00 -9999.00 -9999.00 244.49 66.30 0.00
0.00 12733.87
163.80 -56.76 -9999.00 -9999.00 -9999.00 241.59 64.92 0.00
0.00 13253.24
149.80 -59.46 -9999.00 -9999.00 -9999.00 241.96 60.74 0.00
0.00 13815.62
135.90 -61.36 -9999.00 -9999.00 -9999.00 238.28 53.21 0.00
0.00 14422.04
121.90 -63.06 -9999.00 -9999.00 -9999.00 229.89 46.74 0.00
0.00 15093.32
108.00 -64.16 -9999.00 -9999.00 -9999.00 224.82 43.26 0.00
0.00 15835.90
94.00 -62.56 -9999.00 -9999.00 -9999.00 224.78 36.40 0.00
0.00 16688.48
81.00 -61.86 -9999.00 -9999.00 -9999.00 212.56 29.95 0.00
0.00 17607.53
70.60 -61.06 -9999.00 -9999.00 -9999.00 204.60 30.34 0.00
0.00 18459.04
62.20 -60.86 -9999.00 -9999.00 -9999.00 201.55 24.84 0.00
0.00 19245.83
54.30 -60.56 -9999.00 -9999.00 -9999.00 201.25 22.51 0.00
0.00 20090.48
46.90 -60.26 -9999.00 -9999.00 -9999.00 187.43 18.03 0.00
0.00 21002.81
40.10 -60.36 -9999.00 -9999.00 -9999.00 194.28 11.03 0.00
0.00 21978.70
33.80 -59.76 -9999.00 -9999.00 -9999.00 207.18 8.08 0.00
0.00 23044.78
27.80 -58.66 -9999.00 -9999.00 -9999.00 300.38 6.53 0.00
0.00 24268.59
22.30 -58.56 -9999.00 -9999.00 -9999.00 84.56 4.10 0.00
0.00 25652.99
17.10 -56.46 -9999.00 -9999.00 -9999.00 180.00 1.36 0.00
0.00 27328.90
12.30 -53.26 -9999.00 -9999.00 -9999.00 259.70 8.68 0.00
0.00 29434.16

STID = KSPI STNM = 724390 TIME = 221026/1900 
SLAT = 39.84 SLON = -89.67 SELV = 180.0
STIM = 7

SHOW = 16.84 LIFT = 15.52 SWET = 91.19 KINX = -31.97
LCLP = 915.90 PWAT = 7.52 TOTL = 19.20 CAPE = 0.00
LCLT = 276.93 CINS = 0.00 EQLV = -9999.00 LFCT = -9999.00
BRCH = 0.00

PRES TMPC TMWC DWPC THTE DRCT SKNT OMEG
CFRL HGHT
996.60 10.54 7.75 4.99 299.55 317.23 10.59 0.00
0.00 190.03
993.70 10.04 7.17 4.22 298.53 317.29 13.75 0.00
0.00 214.28
988.20 9.54 6.73 3.79 298.12 318.12 15.13 0.00
0.00 260.39
978.80 8.64 6.13 3.43 297.77 318.42 16.10 0.00
0.00 339.60
964.90 7.54 5.40 3.06 297.66 318.75 16.80 0.10
0.00 457.70
947.00 6.04 4.42 2.59 297.45 319.12 17.21 0.20
0.00 611.59
925.70 4.54 2.57 0.09 295.86 320.36 17.66 0.20
6.00 797.51
902.50 4.04 0.32 -5.44 293.80 330.90 21.56 0.30
3.00 1004.08
877.30 4.64 -0.81 -10.92 294.19 334.11 22.24 0.40
0.00 1234.43
849.10 4.54 -2.15 -17.55 294.61 335.94 23.83 0.40
0.00 1500.30
818.10 3.64 -3.57 -23.93 295.39 332.26 25.47 0.40
0.00 1802.29
784.10 2.04 -5.01 -27.36 296.76 317.86 27.51 0.50
0.00 2145.34
747.10 -0.16 -7.00 -34.36 297.70 303.37 28.61 0.50
0.00 2533.24
707.20 -3.16 -9.32 -38.27 298.81 300.34 27.68 0.40
0.00 2969.47
664.30 -4.96 -10.84 -40.45 302.07 293.74 29.91 0.40
0.00 3462.45
618.50 -6.56 -12.36 -48.05 306.13 285.31 36.05 0.30
0.00 4021.62
570.20 -9.96 -14.61 -36.06 310.16 271.99 39.06 0.20
0.00 4652.14
523.40 -13.76 -16.99 -29.29 314.42 260.76 41.12 0.20
0.00 5307.35
481.30 -17.86 -19.93 -27.70 317.53 255.26 45.80 0.20
0.00 5939.28
443.50 -22.16 -24.22 -35.77 318.15 252.40 54.62 0.20
0.00 6545.58
409.60 -25.96 -27.76 -41.37 319.96 252.23 58.55 0.30
0.00 7125.47
378.80 -29.36 -31.05 -50.39 322.12 252.79 60.39 0.30
0.00 7687.26
351.20 -33.46 -34.57 -47.49 323.82 253.32 64.28 0.20
0.00 8222.63
326.30 -38.26 -38.78 -45.11 324.30 252.84 69.11 0.20
0.00 8733.47
303.90 -42.36 -42.70 -48.20 324.99 250.88 77.10 0.10
0.00 9218.24
283.70 -45.46 -45.76 -52.05 326.80 250.97 82.19 0.10
0.00 9679.81
265.60 -47.16 -47.57 -60.81 330.24 250.42 85.76 0.00
0.00 10117.57
248.80 -48.36 -48.76 -63.51 334.63 250.44 87.61 0.00
0.00 10548.67
233.50 -49.26 -49.64 -63.98 339.39 253.47 86.71 0.00
0.00 10965.46
219.60 -49.86 -50.26 -67.41 344.43 254.97 83.88 0.00
0.00 11367.14
205.60 -50.86 -51.27 -72.72 349.35 254.60 78.98 0.00
0.00 11796.75
191.70 -51.96 -52.34 -73.19 354.64 251.85 72.98 0.00
0.00 12251.10
177.70 -53.56 -9999.00 -9999.00 -9999.00 244.83 67.60 0.00
0.00 12740.32
163.80 -56.86 -9999.00 -9999.00 -9999.00 238.89 66.92 0.10
0.00 13259.92
149.80 -59.86 -9999.00 -9999.00 -9999.00 238.77 64.06 0.10
0.00 13821.66
135.90 -61.86 -9999.00 -9999.00 -9999.00 236.94 58.41 0.10
0.00 14426.79
121.90 -62.86 -9999.00 -9999.00 -9999.00 230.50 51.61 0.10
0.00 15097.59
108.00 -63.26 -9999.00 -9999.00 -9999.00 223.25 45.07 0.10
0.00 15842.13
94.00 -61.76 -9999.00 -9999.00 -9999.00 222.10 37.96 0.00
0.00 16698.15
81.00 -61.06 -9999.00 -9999.00 -9999.00 211.77 30.61 0.00
0.00 17620.69
70.60 -60.96 -9999.00 -9999.00 -9999.00 204.68 31.64 0.00
0.00 18474.01
62.20 -59.96 -9999.00 -9999.00 -9999.00 207.97 24.84 0.00
0.00 19262.66
54.30 -60.06 -9999.00 -9999.00 -9999.00 205.05 22.94 0.00
0.00 20110.09
46.90 -59.76 -9999.00 -9999.00 -9999.00 197.65 17.93 0.00
0.00 21024.56
40.10 -60.36 -9999.00 -9999.00 -9999.00 200.43 10.57 0.00
0.00 22001.60
33.80 -60.06 -9999.00 -9999.00 -9999.00 221.31 8.53 0.00
0.00 23066.93
27.80 -60.26 -9999.00 -9999.00 -9999.00 296.57 5.21 0.00
0.00 24285.31
22.30 -59.36 -9999.00 -9999.00 -9999.00 199.65 2.89 0.00
0.00 25661.96
17.10 -55.36 -9999.00 -9999.00 -9999.00 245.77 4.25 0.00
0.00 27339.04
12.30 -52.26 -9999.00 -9999.00 -9999.00 233.13 0.97 0.00
0.00 29454.42

STID = KSPI STNM = 724390 TIME = 221026/2000 
SLAT = 39.84 SLON = -89.67 SELV = 180.0
STIM = 8

SHOW = 16.64 LIFT = 14.68 SWET = 86.28 KINX = -35.06
LCLP = 914.69 PWAT = 7.69 TOTL = 18.28 CAPE = 0.00
LCLT = 277.04 CINS = 0.00 EQLV = -9999.00 LFCT = -9999.00
BRCH = 0.00

PRES TMPC TMWC DWPC THTE DRCT SKNT OMEG
CFRL HGHT
995.10 10.64 7.85 5.10 299.93 319.14 9.50 0.00
0.00 190.05
992.10 10.24 7.34 4.39 299.07 320.08 12.41 0.00
0.00 215.19
986.70 9.74 6.90 3.96 298.66 321.22 13.95 0.00
0.00 260.57
977.30 8.94 6.34 3.60 298.41 321.34 14.92 0.00
0.00 339.97
963.40 7.74 5.56 3.20 298.16 321.56 15.62 0.00
0.00 458.36
945.60 6.24 4.60 2.77 297.99 322.31 16.20 0.10
0.00 611.75
924.30 4.44 3.40 2.19 297.75 322.59 16.63 0.10
16.00 798.02
901.10 4.04 0.52 -4.77 294.35 328.12 18.76 0.20
4.00 1004.92
876.00 5.14 -1.36 -15.42 293.16 336.59 20.53 0.20
0.00 1234.88
847.90 4.94 -2.17 -19.47 294.64 339.38 20.96 0.30
0.00 1500.56
816.90 3.64 -3.59 -24.11 295.48 333.66 22.32 0.30
0.00 1803.19
783.00 1.94 -5.11 -27.80 296.70 318.60 24.09 0.40
0.00 2145.65
746.10 -0.36 -7.15 -34.75 297.56 307.41 24.94 0.40
0.00 2532.82
706.30 -2.96 -9.24 -39.86 299.03 303.06 24.57 0.30
0.00 2968.53
663.60 -4.76 -10.77 -42.99 302.24 292.10 27.87 0.20
0.00 3460.13
617.90 -6.96 -12.60 -46.06 305.83 282.67 33.64 0.20
0.00 4018.43
569.70 -10.66 -15.00 -34.28 309.62 269.70 37.10 0.10
0.00 4646.94
523.00 -14.26 -16.96 -26.15 314.62 259.91 41.05 0.10
0.00 5299.83
480.90 -17.96 -20.15 -28.81 317.21 253.12 47.49 0.10
0.00 5931.57
443.30 -22.16 -24.22 -35.77 318.20 251.26 56.82 0.10
0.00 6534.91
409.40 -25.96 -27.78 -41.76 319.97 251.33 59.46 0.10
0.00 7115.07
378.70 -29.66 -31.13 -45.16 322.06 251.68 62.41 0.10
0.00 7674.92
351.10 -33.86 -34.65 -42.10 323.76 252.20 66.71 0.10
0.00 8209.69
326.30 -38.36 -38.73 -42.79 324.39 249.43 70.75 0.00
0.00 8718.04
303.90 -42.16 -42.33 -44.54 325.58 246.25 74.28 0.00
100.00 9202.93
283.70 -45.86 -46.06 -49.98 326.34 247.30 78.54 0.10
0.00 9664.32
265.60 -47.56 -47.90 -57.61 329.74 247.75 83.12 0.10
0.00 10101.32
248.70 -48.46 -48.83 -61.32 334.57 249.32 86.36 0.10
0.00 10534.60
233.50 -49.06 -49.48 -66.97 339.65 252.93 88.00 0.10
0.00 10948.83
219.60 -49.56 -50.00 -72.27 344.84 254.80 88.17 0.10
0.00 11350.97
205.60 -50.76 -51.17 -72.72 349.51 255.42 84.09 0.10
0.00 11780.95
191.70 -52.26 -52.63 -73.19 354.16 252.08 75.74 0.00
0.00 12235.10
177.70 -53.86 -54.19 -73.70 359.30 244.66 69.00 0.00
0.00 12723.66
163.80 -56.66 -9999.00 -9999.00 -9999.00 236.53 68.69 0.00
0.00 13243.14
149.80 -59.86 -9999.00 -9999.00 -9999.00 236.04 67.44 0.00
0.00 13805.14
135.90 -61.96 -9999.00 -9999.00 -9999.00 235.60 61.21 0.00
0.00 14410.13
121.90 -63.26 -9999.00 -9999.00 -9999.00 231.02 54.97 0.00
0.00 15080.14
108.00 -63.06 -9999.00 -9999.00 -9999.00 224.52 49.32 0.00
0.00 15824.32
94.00 -61.36 -9999.00 -9999.00 -9999.00 221.61 41.82 0.00
0.00 16681.56
81.00 -60.76 -9999.00 -9999.00 -9999.00 215.50 30.77 0.00
0.00 17605.62
70.60 -61.26 -9999.00 -9999.00 -9999.00 207.68 31.37 0.00
0.00 18458.94
62.20 -59.66 -9999.00 -9999.00 -9999.00 209.90 26.88 0.00
0.00 19247.59
54.30 -59.66 -9999.00 -9999.00 -9999.00 201.71 23.62 0.00
0.00 20096.42
46.90 -59.56 -9999.00 -9999.00 -9999.00 191.08 19.19 0.00
0.00 21012.17
40.10 -59.66 -9999.00 -9999.00 -9999.00 180.00 10.68 0.00
0.00 21991.28
33.80 -59.86 -9999.00 -9999.00 -9999.00 215.54 6.68 0.00
0.00 23058.86
27.80 -60.36 -9999.00 -9999.00 -9999.00 300.07 4.27 0.00
0.00 24277.52
22.30 -58.86 -9999.00 -9999.00 -9999.00 234.46 6.68 0.00
0.00 25655.46
17.10 -55.76 -9999.00 -9999.00 -9999.00 225.00 3.57 0.00
0.00 27332.93
12.30 -52.46 -9999.00 -9999.00 -9999.00 146.31 5.59 0.00
0.00 29445.42

STID = KSPI STNM = 724390 TIME = 221026/2100 
SLAT = 39.84 SLON = -89.67 SELV = 180.0
STIM = 9

SHOW = 16.47 LIFT = 14.25 SWET = 84.00 KINX = -37.18
LCLP = 921.75 PWAT = 7.77 TOTL = 17.56 CAPE = 0.00
LCLT = 277.45 CINS = 0.00 EQLV = -9999.00 LFCT = -9999.00
BRCH = 0.00

PRES TMPC TMWC DWPC THTE DRCT SKNT OMEG
CFRL HGHT
996.40 10.54 7.95 5.42 300.02 325.22 8.51 0.00
0.00 189.19
993.30 10.24 7.51 4.78 299.35 326.04 11.48 0.00
0.00 215.14
987.80 9.84 7.13 4.36 299.05 326.55 13.03 0.00
0.00 261.32
978.40 9.04 6.56 3.98 298.77 327.17 14.34 0.00
0.00 340.66
964.50 7.84 5.78 3.58 298.52 327.53 15.19 0.00
0.00 458.97
946.70 6.34 4.82 3.15 298.35 327.48 15.89 0.00
0.00 612.25
925.40 4.54 3.67 2.67 298.20 328.21 16.22 0.10
24.00 798.39
902.10 4.44 0.52 -5.53 294.21 329.60 16.90 0.20
4.00 1006.12
877.00 5.64 -1.47 -18.25 292.76 339.30 18.69 0.20
0.00 1236.17
848.90 5.14 -2.19 -20.71 294.45 343.41 19.06 0.20
0.00 1501.84
817.80 3.74 -3.47 -23.45 295.62 335.19 19.91 0.30
0.00 1805.26
783.80 2.04 -5.07 -28.23 296.66 320.39 21.93 0.40
0.00 2148.50
746.90 -0.36 -7.14 -34.74 297.47 311.47 22.30 0.40
0.00 2535.33
707.00 -2.56 -8.99 -40.43 299.36 304.95 22.05 0.40
0.00 2972.00
664.20 -4.36 -10.54 -44.53 302.54 291.16 25.84 0.30
0.00 3465.01
618.40 -7.06 -12.63 -44.39 305.72 280.62 31.62 0.20
0.00 4024.37
570.10 -11.16 -15.21 -32.26 309.24 268.76 35.94 0.20
0.00 4653.02
523.30 -14.66 -17.04 -24.83 314.44 262.41 41.16 0.20
0.00 5305.80
481.20 -18.06 -20.55 -31.57 316.45 253.81 50.16 0.10
0.00 5936.53
443.50 -22.26 -24.25 -35.29 318.10 251.63 57.93 0.10
0.00 6540.88
409.50 -25.96 -27.66 -39.63 320.17 250.20 61.93 0.00
0.00 7122.45
378.80 -29.66 -30.87 -40.38 322.48 249.24 63.56 0.00
0.00 7682.19
351.20 -33.96 -34.65 -40.79 323.74 247.56 65.15 0.00
0.00 8216.72
326.30 -38.36 -38.68 -42.11 324.46 246.35 68.28 0.00
16.00 8726.96
303.90 -42.46 -42.65 -45.34 325.08 247.11 71.91 0.00
94.00 9211.53
283.70 -45.76 -46.04 -52.05 326.37 247.49 76.11 0.10
0.00 9672.71
265.60 -47.46 -47.80 -57.61 329.88 248.20 81.58 0.10
0.00 10109.90
248.70 -48.36 -48.73 -61.32 334.71 248.82 86.03 0.20
0.00 10543.37
233.50 -48.76 -49.19 -66.97 340.11 250.14 89.22 0.20
0.00 10957.97
219.60 -49.26 -49.69 -67.41 345.35 252.66 89.94 0.20
0.00 11360.65
205.60 -50.86 -51.27 -72.72 349.35 254.39 87.33 0.10
0.00 11790.83
191.70 -52.66 -53.01 -73.19 353.52 251.57 79.86 0.10
0.00 12244.46
177.70 -54.16 -54.48 -73.70 358.81 243.64 72.18 0.10
0.00 12732.24
163.80 -56.56 -9999.00 -9999.00 -9999.00 235.71 71.72 0.10
0.00 13251.49
149.80 -59.66 -9999.00 -9999.00 -9999.00 234.89 71.95 0.10
0.00 13813.88
135.90 -61.86 -9999.00 -9999.00 -9999.00 236.50 65.46 0.00
0.00 14419.30
121.90 -63.16 -9999.00 -9999.00 -9999.00 234.30 56.93 0.00
0.00 15089.62
107.90 -63.56 -9999.00 -9999.00 -9999.00 228.27 50.49 0.00
0.00 15838.78
94.00 -62.16 -9999.00 -9999.00 -9999.00 224.12 44.93 0.00
0.00 16687.69
81.00 -60.96 -9999.00 -9999.00 -9999.00 221.35 32.34 0.00
0.00 17609.57
70.60 -61.66 -9999.00 -9999.00 -9999.00 210.90 28.75 0.00
0.00 18461.68
62.20 -60.76 -9999.00 -9999.00 -9999.00 213.36 27.91 0.00
0.00 19247.55
54.30 -60.46 -9999.00 -9999.00 -9999.00 204.96 24.86 0.00
0.00 20092.60
46.90 -60.56 -9999.00 -9999.00 -9999.00 195.31 19.13 0.00
0.00 21004.50
40.10 -60.76 -9999.00 -9999.00 -9999.00 178.21 12.43 0.00
0.00 21978.79
33.80 -60.86 -9999.00 -9999.00 -9999.00 202.62 5.05 0.00
0.00 23041.11
27.80 -61.06 -9999.00 -9999.00 -9999.00 315.00 3.03 0.00
0.00 24254.91
22.30 -59.76 -9999.00 -9999.00 -9999.00 233.13 7.77 0.00
0.00 25627.70
17.10 -55.86 -9999.00 -9999.00 -9999.00 223.88 7.01 0.00
0.00 27301.27
12.30 -51.66 -9999.00 -9999.00 -9999.00 219.29 5.52 0.00
0.00 29417.14

STID = KSPI STNM = 724390 TIME = 221026/2200 
SLAT = 39.84 SLON = -89.67 SELV = 180.0
STIM = 10

SHOW = 15.77 LIFT = 14.26 SWET = 81.08 KINX = -36.18
LCLP = 931.39 PWAT = 7.65 TOTL = 19.51 CAPE = 0.00
LCLT = 277.83 CINS = 0.00 EQLV = -9999.00 LFCT = -9999.00
BRCH = 0.00

PRES TMPC TMWC DWPC THTE DRCT SKNT OMEG
CFRL HGHT
997.10 10.14 7.87 5.66 299.78 328.50 7.07 0.00
0.00 190.01
994.10 9.94 7.50 5.08 299.26 329.04 10.20 0.00
0.00 215.07
988.70 9.54 7.09 4.61 298.89 329.81 12.35 0.00
0.00 260.32
979.20 8.84 6.52 4.10 298.60 330.55 13.83 0.00
0.00 340.38
965.30 7.74 5.74 3.59 298.34 330.44 14.96 0.00
0.00 458.53
947.50 6.24 4.75 3.11 298.12 331.22 15.73 0.00
0.00 611.62
926.20 4.44 3.56 2.54 297.88 330.95 16.01 0.10
17.00 797.53
902.90 4.94 0.06 -8.24 293.17 333.73 16.69 0.10
0.00 1005.20
877.70 6.24 -1.57 -22.50 292.35 344.74 17.72 0.20
0.00 1236.37
849.50 5.34 -1.94 -19.56 294.88 346.58 17.58 0.20
0.00 1503.14
818.50 3.94 -3.34 -23.44 295.76 334.23 18.76 0.30
0.00 1805.57
784.40 2.14 -5.04 -28.68 296.64 320.75 20.57 0.30
0.00 2149.73
747.40 -0.16 -6.98 -34.00 297.70 313.83 20.20 0.30
0.00 2537.55
707.50 -2.16 -8.73 -40.42 299.74 304.16 19.72 0.40
0.00 2974.40
664.60 -3.96 -10.29 -45.40 302.90 288.87 24.01 0.40
0.00 3468.97
618.80 -7.06 -12.63 -44.38 305.66 279.28 30.11 0.40
0.00 4028.39
570.40 -11.36 -15.31 -31.81 309.02 269.68 34.77 0.30
0.00 4657.74
523.60 -14.96 -17.26 -24.82 314.02 265.08 40.75 0.30
0.00 5309.54
481.40 -18.46 -20.83 -31.38 315.95 256.18 50.41 0.20
0.00 5940.59
443.60 -22.56 -24.41 -34.39 317.84 251.69 56.27 0.20
0.00 6545.52
409.70 -26.16 -27.69 -37.85 320.08 250.03 62.00 0.10
0.00 7124.61
378.90 -29.96 -30.99 -38.61 322.27 247.43 64.78 0.10
0.00 7685.41
351.20 -34.06 -34.64 -39.62 323.75 246.12 66.71 0.10
0.00 8221.38
326.30 -38.36 -38.66 -41.79 324.50 246.84 68.67 0.10
61.00 8731.51
303.90 -42.56 -42.79 -46.20 324.86 247.07 71.29 0.10
26.00 9215.99
283.70 -45.66 -45.90 -50.62 326.59 247.76 75.97 0.10
0.00 9677.17
265.60 -47.06 -47.42 -57.61 330.47 247.49 82.21 0.10
0.00 10114.84
248.80 -47.76 -48.19 -63.51 335.53 246.48 85.16 0.10
0.00 10546.61
233.50 -48.26 -48.72 -66.97 340.86 245.75 86.07 0.10
0.00 10964.88
219.60 -49.06 -49.50 -67.41 345.66 246.68 85.88 0.10
0.00 11368.18
205.60 -50.76 -51.17 -72.72 349.51 248.49 84.77 0.10
0.00 11798.65
191.70 -52.86 -53.20 -73.19 353.20 247.43 80.98 0.10
0.00 12252.18
177.70 -54.66 -54.96 -73.70 357.99 241.40 75.89 0.00
0.00 12739.19
163.80 -56.96 -9999.00 -9999.00 -9999.00 234.32 74.61 0.00
0.00 13257.37
149.80 -59.76 -9999.00 -9999.00 -9999.00 233.95 75.91 0.00
0.00 13819.10
135.90 -61.66 -9999.00 -9999.00 -9999.00 236.98 69.50 0.00
0.00 14424.66
121.90 -62.56 -9999.00 -9999.00 -9999.00 235.73 58.29 0.00
0.00 15096.26
108.00 -63.06 -9999.00 -9999.00 -9999.00 230.00 50.47 0.00
0.00 15841.68
94.00 -62.56 -9999.00 -9999.00 -9999.00 226.60 44.39 0.00
0.00 16696.49
81.00 -61.46 -9999.00 -9999.00 -9999.00 222.47 34.23 0.00
0.00 17616.41
70.60 -61.36 -9999.00 -9999.00 -9999.00 206.57 27.37 0.00
0.00 18468.12
62.20 -60.86 -9999.00 -9999.00 -9999.00 208.24 26.69 0.00
0.00 19254.35
54.30 -60.76 -9999.00 -9999.00 -9999.00 202.05 25.35 0.00
0.00 20098.61
46.90 -60.56 -9999.00 -9999.00 -9999.00 196.76 18.86 0.00
0.00 21009.86
40.10 -61.36 -9999.00 -9999.00 -9999.00 194.44 13.25 0.00
0.00 21982.78
33.80 -60.86 -9999.00 -9999.00 -9999.00 220.36 5.09 0.00
0.00 23043.60
27.80 -59.96 -9999.00 -9999.00 -9999.00 293.20 2.95 0.00
0.00 24260.55
22.30 -58.56 -9999.00 -9999.00 -9999.00 248.50 6.90 0.00
0.00 25640.75
17.10 -54.76 -9999.00 -9999.00 -9999.00 262.09 7.05 0.00
0.00 27323.27
12.30 -51.26 -9999.00 -9999.00 -9999.00 253.07 9.34 0.00
0.00 29446.37

STID = KSPI STNM = 724390 TIME = 221026/2300 
SLAT = 39.84 SLON = -89.67 SELV = 180.0
STIM = 11

SHOW = 15.08 LIFT = 14.37 SWET = 77.44 KINX = -34.60
LCLP = 954.30 PWAT = 7.52 TOTL = 21.58 CAPE = 0.00
LCLT = 278.59 CINS = 0.00 EQLV = -9999.00 LFCT = -9999.00
BRCH = 0.00

PRES TMPC TMWC DWPC THTE DRCT SKNT OMEG
CFRL HGHT
998.20 9.04 7.55 6.09 298.96 329.93 4.27 0.00
0.00 189.96
995.20 9.34 7.36 5.38 298.82 331.19 8.88 0.00
0.00 214.92
989.80 9.24 6.96 4.63 298.48 333.00 11.56 0.00
0.00 260.05
980.30 8.64 6.27 3.76 297.93 334.50 13.99 0.00
0.00 339.94
966.40 7.54 5.43 3.11 297.55 334.72 15.46 0.00
0.00 457.87
948.50 6.04 4.48 2.73 297.43 334.98 16.08 0.00
0.00 611.52
927.20 4.54 2.86 0.79 296.29 335.22 16.69 0.00
5.00 797.16
903.90 5.24 0.10 -8.80 293.11 341.15 16.82 0.00
0.00 1004.71
878.70 6.54 -1.36 -22.17 292.63 351.20 16.51 0.10
0.00 1235.86
850.50 5.44 -1.73 -18.39 295.19 346.61 16.76 0.10
0.00 1502.53
819.30 3.84 -3.35 -22.96 295.66 335.02 18.86 0.10
0.00 1806.60
785.20 2.04 -5.06 -28.21 296.51 322.22 19.66 0.10
0.00 2150.29
748.20 -0.16 -6.91 -32.67 297.74 315.42 18.82 0.10
0.00 2537.64
708.10 -1.96 -8.60 -40.42 299.89 302.28 17.46 0.10
0.00 2976.42
665.20 -3.86 -10.20 -44.52 302.97 285.88 22.01 0.20
0.00 3470.84
619.20 -7.06 -12.61 -43.64 305.64 279.99 28.01 0.20
0.00 4032.38
570.80 -11.36 -15.33 -32.02 308.92 273.05 32.87 0.30
0.00 4661.30
523.90 -15.26 -17.63 -25.88 313.31 270.00 38.85 0.30
0.00 5313.68
481.60 -18.96 -21.16 -31.02 315.36 259.55 48.19 0.30
0.00 5944.92
443.80 -22.96 -24.70 -34.17 317.32 251.96 53.94 0.30
0.00 6548.52
409.80 -26.76 -28.08 -36.56 319.46 249.73 59.42 0.30
0.00 7127.95
379.00 -30.46 -31.31 -37.33 321.76 247.46 64.36 0.30
0.00 7687.37
351.30 -34.36 -34.82 -38.57 323.46 245.91 68.51 0.30
2.00 8222.32
326.40 -38.46 -38.77 -42.11 324.29 244.71 70.47 0.20
37.00 8731.87
303.90 -42.76 -42.98 -46.20 324.58 244.19 72.73 0.20
0.00 9218.12
283.80 -45.66 -45.90 -50.62 326.55 245.38 79.27 0.10
0.00 9676.74
265.60 -46.56 -46.97 -59.06 331.16 245.72 85.02 0.10
0.00 10117.23
248.80 -47.46 -47.91 -63.51 335.97 244.74 87.84 0.00
0.00 10549.77
233.50 -48.06 -48.50 -63.98 341.21 243.49 88.79 0.00
0.00 10968.50
219.60 -49.06 -49.50 -67.41 345.66 243.26 86.79 0.00
0.00 11371.99
205.60 -50.76 -51.17 -72.72 349.51 244.09 84.01 0.00
0.00 11802.45
191.70 -52.76 -53.11 -73.19 353.36 243.01 81.31 0.00
0.00 12256.09
177.70 -54.86 -55.15 -73.70 357.66 239.06 78.59 0.00
0.00 12742.98
163.80 -57.36 -9999.00 -9999.00 -9999.00 235.00 77.54 0.00
0.00 13260.45
149.80 -59.86 -9999.00 -9999.00 -9999.00 234.91 77.39 0.00
0.00 13821.52
135.90 -61.46 -9999.00 -9999.00 -9999.00 237.38 72.42 0.00
0.00 14427.23
121.90 -62.36 -9999.00 -9999.00 -9999.00 236.75 62.70 0.00
0.00 15099.46
107.90 -62.86 -9999.00 -9999.00 -9999.00 232.07 52.45 0.00
0.00 15851.30
94.00 -63.06 -9999.00 -9999.00 -9999.00 229.88 45.22 0.00
0.00 16699.80
81.00 -61.96 -9999.00 -9999.00 -9999.00 222.32 35.20 0.00
0.00 17617.54
70.60 -60.76 -9999.00 -9999.00 -9999.00 207.29 27.54 0.00
0.00 18469.46
62.20 -60.36 -9999.00 -9999.00 -9999.00 202.65 26.73 0.00
0.00 19257.73
54.30 -59.76 -9999.00 -9999.00 -9999.00 201.39 25.04 0.00
0.00 20104.97
46.90 -59.56 -9999.00 -9999.00 -9999.00 202.57 16.20 0.00
0.00 21020.51
40.10 -60.36 -9999.00 -9999.00 -9999.00 212.55 10.84 0.00
0.00 21998.01
33.80 -59.76 -9999.00 -9999.00 -9999.00 261.87 5.50 0.00
0.00 23064.09
27.80 -59.16 -9999.00 -9999.00 -9999.00 315.00 5.23 0.00
0.00 24286.47
22.30 -58.36 -9999.00 -9999.00 -9999.00 290.56 6.64 0.00
0.00 25669.90
17.10 -55.16 -9999.00 -9999.00 -9999.00 287.65 8.97 0.00
0.00 27351.63
12.30 -51.76 -9999.00 -9999.00 -9999.00 257.69 10.94 0.00
0.00 29470.39

STID = KSPI STNM = 724390 TIME = 221027/0000 
SLAT = 39.84 SLON = -89.67 SELV = 180.0
STIM = 12

SHOW = 14.80 LIFT = 14.24 SWET = 72.21 KINX = -33.02
LCLP = 966.92 PWAT = 7.66 TOTL = 22.43 CAPE = 0.00
LCLT = 278.51 CINS = 0.00 EQLV = -9999.00 LFCT = -9999.00
BRCH = 0.00

PRES TMPC TMWC DWPC THTE DRCT SKNT OMEG
CFRL HGHT
998.60 7.94 6.90 5.83 297.45 333.43 3.48 0.00
0.00 189.92
995.60 8.94 7.01 5.05 298.00 337.75 9.23 0.00
0.00 214.80
990.10 9.04 6.72 4.31 297.91 338.75 11.25 0.00
0.00 260.70
980.70 8.54 6.04 3.34 297.38 341.05 13.75 0.00
0.00 339.67
966.80 7.54 5.24 2.68 297.10 342.03 15.11 0.10
0.00 457.51
948.90 6.04 4.28 2.27 296.96 342.01 15.73 0.10
0.00 611.09
927.50 4.64 2.62 0.08 295.77 343.50 16.41 0.10
3.00 797.54
904.20 5.04 0.13 -8.22 293.16 350.99 16.12 0.10
0.00 1004.98
879.00 6.34 -1.28 -20.18 292.82 359.26 14.96 0.20
0.00 1235.90
850.80 5.24 -1.80 -18.06 295.04 353.50 15.44 0.20
0.00 1502.30
819.60 3.54 -3.46 -22.22 295.47 343.97 17.58 0.20
0.00 1805.99
785.50 1.84 -5.08 -26.73 296.49 328.06 17.62 0.20
0.00 2149.26
748.40 -0.46 -7.05 -31.76 297.49 320.28 16.41 0.20
0.00 2537.19
708.40 -2.16 -8.69 -39.28 299.70 302.41 14.49 0.10
0.00 2974.33
665.40 -4.06 -10.33 -44.52 302.72 283.89 18.61 0.10
0.00 3469.36
619.40 -7.16 -12.68 -43.63 305.50 280.09 23.29 0.20
0.00 4030.41
571.00 -11.26 -15.18 -31.15 309.15 274.25 28.83 0.20
0.00 4659.12
524.00 -15.36 -17.58 -25.04 313.40 273.03 36.77 0.30
0.00 5312.74
481.70 -19.56 -21.43 -29.39 314.94 262.08 45.10 0.20
0.00 5943.02
443.90 -23.46 -25.06 -33.75 316.74 251.22 50.68 0.10
0.00 6545.19
409.80 -27.26 -28.37 -35.19 319.02 248.16 56.92 0.10
0.00 7125.11
379.00 -30.86 -31.49 -35.76 321.48 245.91 64.26 0.20
0.00 7683.52
351.30 -34.36 -34.77 -38.08 323.53 245.27 70.57 0.20
20.00 8218.04
326.40 -38.56 -38.86 -42.11 324.16 243.03 73.23 0.20
73.00 8727.49
304.00 -42.96 -43.19 -46.66 324.23 243.24 78.09 0.10
0.00 9211.19
283.80 -45.86 -46.11 -51.31 326.23 245.03 84.21 0.10
0.00 9671.60
265.60 -47.46 -47.80 -57.61 329.88 245.08 87.61 0.10
0.00 10111.03
248.80 -47.96 -48.35 -61.32 335.27 244.09 91.57 0.00
0.00 10542.23
233.50 -48.16 -48.62 -66.97 341.02 242.84 91.47 0.00
0.00 10960.41
219.60 -48.96 -49.43 -72.27 345.77 242.42 88.09 0.00
0.00 11363.89
205.60 -50.76 -51.17 -72.72 349.51 242.56 85.59 0.10
0.00 11794.45
191.70 -52.86 -53.20 -73.19 353.20 241.66 84.30 0.10
0.00 12247.98
177.70 -54.96 -9999.00 -9999.00 -9999.00 239.58 81.31 0.10
0.00 12734.65
163.80 -57.56 -9999.00 -9999.00 -9999.00 236.19 78.55 0.00
0.00 13251.76
149.80 -60.06 -9999.00 -9999.00 -9999.00 236.23 77.58 0.00
0.00 13812.31
135.90 -61.76 -9999.00 -9999.00 -9999.00 237.18 74.20 0.00
0.00 14417.30
121.90 -62.66 -9999.00 -9999.00 -9999.00 236.93 64.43 0.00
0.00 15088.58
107.90 -62.96 -9999.00 -9999.00 -9999.00 232.68 54.47 0.00
0.00 15839.71
94.00 -62.96 -9999.00 -9999.00 -9999.00 230.89 46.81 0.00
0.00 16688.21
81.00 -62.16 -9999.00 -9999.00 -9999.00 220.78 33.61 0.00
0.00 17605.73
70.60 -60.56 -9999.00 -9999.00 -9999.00 209.44 31.24 0.00
0.00 18457.64
62.20 -59.96 -9999.00 -9999.00 -9999.00 204.09 26.17 0.00
0.00 19247.03
54.30 -59.06 -9999.00 -9999.00 -9999.00 206.57 26.50 0.00
0.00 20096.45
46.90 -58.76 -9999.00 -9999.00 -9999.00 207.20 15.73 0.00
0.00 21015.21
40.10 -59.86 -9999.00 -9999.00 -9999.00 225.00 10.72 0.00
0.00 21995.69
33.80 -60.36 -9999.00 -9999.00 -9999.00 285.64 5.05 0.00
0.00 23061.52
27.80 -60.16 -9999.00 -9999.00 -9999.00 348.31 5.75 0.00
0.00 24279.33
22.30 -59.26 -9999.00 -9999.00 -9999.00 305.13 6.41 0.00
0.00 25656.62
17.10 -55.26 -9999.00 -9999.00 -9999.00 299.93 7.40 0.00
0.00 27334.48
12.30 -51.36 -9999.00 -9999.00 -9999.00 270.00 8.55 0.00
0.00 29454.69

STID = KSPI STNM = 724390 TIME = 221027/0100 
SLAT = 39.84 SLON = -89.67 SELV = 180.0
STIM = 13

SHOW = 14.56 LIFT = 14.26 SWET = 64.66 KINX = -33.54
LCLP = 971.61 PWAT = 7.75 TOTL = 22.64 CAPE = 0.00
LCLT = 278.18 CINS = 0.00 EQLV = -9999.00 LFCT = -9999.00
BRCH = 0.00

PRES TMPC TMWC DWPC THTE DRCT SKNT OMEG
CFRL HGHT
998.90 7.24 6.37 5.43 296.24 334.80 3.65 0.00
2.00 190.71
996.00 8.44 6.70 4.90 297.27 343.54 8.92 0.00
0.00 214.70
990.50 8.84 6.55 4.15 297.50 345.20 10.64 0.00
0.00 260.53
981.10 8.44 5.92 3.18 297.08 348.20 13.29 0.00
0.00 339.42
967.10 7.44 5.12 2.51 296.81 349.90 14.39 0.00
0.00 458.02
949.20 5.94 4.12 2.01 296.58 351.03 14.94 0.00
0.00 611.49
927.90 4.74 2.28 -0.94 295.02 353.50 15.44 0.10
2.00 796.98
904.60 5.44 0.04 -9.57 292.89 359.26 14.96 0.10
0.00 1004.47
879.30 6.44 -1.09 -19.04 293.17 5.79 13.48 0.10
0.00 1236.42
851.10 5.24 -1.86 -18.49 294.89 0.80 13.99 0.10
0.00 1502.79
819.90 3.54 -3.47 -22.36 295.40 349.38 15.81 0.20
0.00 1806.36
785.80 1.84 -5.05 -26.33 296.52 332.47 15.56 0.20
0.00 2149.50
748.70 -0.26 -6.96 -32.35 297.60 321.34 13.68 0.20
0.00 2537.42
708.60 -2.06 -8.64 -39.83 299.75 296.16 12.33 0.20
0.00 2975.74
665.60 -4.06 -10.31 -43.71 302.73 277.94 16.86 0.30
0.00 3470.72
619.60 -7.16 -12.66 -42.94 305.50 273.21 20.82 0.30
0.00 4031.59
571.10 -11.46 -15.20 -29.77 309.13 270.83 26.81 0.30
0.00 4661.23
524.10 -15.86 -17.48 -22.45 313.58 273.23 34.44 0.30
0.00 5313.91
481.80 -19.76 -21.27 -27.17 315.20 254.17 39.16 0.10
0.00 5943.28
443.90 -23.76 -25.18 -32.59 316.56 250.69 48.17 0.00
0.00 6546.42
409.90 -27.66 -28.55 -33.78 318.72 245.91 54.25 0.10
0.00 7123.77
379.10 -31.06 -31.60 -35.15 321.30 243.76 61.95 0.10
4.00 7681.37
351.40 -34.36 -34.82 -38.56 323.44 242.73 70.38 0.20
9.00 8215.53
326.40 -38.66 -39.02 -43.14 323.91 241.47 76.05 0.20
10.00 8726.84
304.00 -43.06 -43.28 -46.66 324.09 242.77 81.93 0.20
0.00 9210.32
283.80 -46.26 -46.54 -52.86 325.58 244.72 85.51 0.10
0.00 9670.23
265.60 -47.46 -47.78 -56.36 329.92 244.20 91.49 0.10
0.00 10109.26
248.80 -47.86 -48.24 -59.58 335.46 243.17 93.82 0.10
0.00 10540.57
233.50 -47.96 -48.43 -66.97 341.32 240.78 91.92 0.10
0.00 10959.02
219.60 -48.76 -49.24 -72.27 346.08 240.33 89.86 0.10
0.00 11362.86
205.60 -50.66 -51.08 -72.72 349.66 241.14 88.95 0.10
0.00 11793.71
191.70 -52.96 -53.30 -73.19 353.04 241.12 88.07 0.10
0.00 12247.25
177.70 -55.06 -9999.00 -9999.00 -9999.00 239.93 85.30 0.10
0.00 12733.69
163.80 -57.16 -9999.00 -9999.00 -9999.00 237.83 81.00 0.00
0.00 13251.15
149.80 -59.76 -9999.00 -9999.00 -9999.00 237.44 79.06 0.00
0.00 13812.62
135.90 -61.76 -9999.00 -9999.00 -9999.00 238.25 74.92 0.00
0.00 14418.04
121.90 -62.66 -9999.00 -9999.00 -9999.00 237.39 65.95 0.00
0.00 15089.32
107.90 -63.16 -9999.00 -9999.00 -9999.00 234.89 54.37 0.00
0.00 15840.09
94.00 -63.26 -9999.00 -9999.00 -9999.00 231.63 47.57 0.00
0.00 16687.58
81.00 -62.06 -9999.00 -9999.00 -9999.00 225.49 32.15 0.00
0.00 17604.67
70.60 -62.16 -9999.00 -9999.00 -9999.00 209.09 31.57 0.00
0.00 18453.57
62.20 -59.76 -9999.00 -9999.00 -9999.00 211.63 28.52 0.00
0.00 19240.36
54.30 -60.16 -9999.00 -9999.00 -9999.00 208.02 23.99 0.00
0.00 20087.99
46.90 -58.76 -9999.00 -9999.00 -9999.00 205.97 16.86 0.00
0.00 21004.39
40.10 -59.86 -9999.00 -9999.00 -9999.00 210.96 9.05 0.00
0.00 21984.87
33.80 -60.56 -9999.00 -9999.00 -9999.00 14.04 2.41 0.00
0.00 23050.20
27.80 -60.86 -9999.00 -9999.00 -9999.00 39.56 5.79 0.00
0.00 24265.43
22.30 -59.16 -9999.00 -9999.00 -9999.00 326.31 5.59 0.00
0.00 25640.79
17.10 -55.56 -9999.00 -9999.00 -9999.00 331.61 8.18 0.00
0.00 27317.87
12.30 -51.96 -9999.00 -9999.00 -9999.00 301.22 7.50 0.00
0.00 29433.74

STID = KSPI STNM = 724390 TIME = 221027/0200 
SLAT = 39.84 SLON = -89.67 SELV = 180.0
STIM = 14

SHOW = 14.21 LIFT = 13.93 SWET = 59.53 KINX = -34.37
LCLP = 975.89 PWAT = 8.11 TOTL = 22.64 CAPE = 0.00
LCLT = 277.91 CINS = 0.00 EQLV = -9999.00 LFCT = -9999.00
BRCH = 0.00

PRES TMPC TMWC DWPC THTE DRCT SKNT OMEG
CFRL HGHT
999.20 6.64 5.91 5.10 295.22 338.75 3.75 0.00
3.00 189.86
996.20 8.04 6.46 4.80 296.72 347.91 8.35 0.00
0.00 214.63
990.70 8.64 6.38 3.99 297.10 350.36 10.45 0.00
0.00 260.39
981.30 8.34 5.79 2.98 296.77 355.60 12.67 0.10
0.00 339.23
967.30 7.34 4.97 2.27 296.46 358.36 13.60 0.10
0.00 457.76
949.40 5.94 4.01 1.74 296.32 360.00 14.37 0.10
0.00 611.16
928.10 4.74 2.13 -1.33 294.70 360.00 14.96 0.20
1.00 796.60
904.80 5.34 -0.12 -10.01 292.57 2.39 14.01 0.20
0.00 1004.00
879.50 6.14 -1.10 -17.77 293.16 6.55 11.93 0.30
0.00 1235.73
851.30 5.24 -2.00 -19.66 294.56 1.79 12.43 0.30
0.00 1501.89
820.10 3.54 -3.42 -21.93 295.48 350.91 14.76 0.30
0.00 1805.39
785.90 1.74 -5.08 -25.95 296.46 334.13 14.24 0.30
0.00 2149.41
748.80 -0.26 -6.96 -32.35 297.59 319.09 11.56 0.30
0.00 2537.21
708.70 -1.96 -8.58 -39.83 299.85 288.12 11.25 0.20
0.00 2975.55
665.70 -3.96 -10.26 -44.51 302.80 271.43 15.54 0.10
0.00 3470.64
619.70 -7.06 -12.50 -40.04 305.78 267.11 19.25 0.10
0.00 4031.64
571.20 -11.56 -14.64 -24.44 310.18 267.88 26.24 0.10
0.00 4661.25
524.20 -16.26 -17.08 -19.30 314.29 261.38 32.42 0.10
0.00 5313.33
481.80 -20.46 -21.71 -26.56 314.49 249.73 36.44 0.00
0.00 5942.85
444.00 -23.96 -25.24 -31.70 316.46 245.65 47.13 -0.10
0.00 6543.28
409.90 -27.76 -28.50 -32.70 318.80 241.85 53.54 0.00
0.00 7121.93
379.10 -30.96 -31.47 -34.76 321.50 240.84 61.40 0.00
10.00 7679.54
351.40 -34.56 -34.92 -37.84 323.27 240.04 70.40 0.00
59.00 8213.59
326.40 -38.96 -39.25 -42.44 323.57 239.99 73.80 0.00
76.00 8724.37
304.00 -43.16 -43.66 -55.26 323.48 243.82 77.49 0.00
0.00 9207.42
283.80 -46.06 -46.37 -53.74 325.82 243.90 86.52 0.10
0.00 9667.41
265.60 -48.06 -48.27 -53.42 329.17 244.35 92.02 0.10
0.00 10106.06
248.80 -48.26 -48.61 -59.58 334.87 241.01 90.17 0.10
0.00 10536.41
233.50 -47.86 -48.34 -66.97 341.47 237.93 89.63 0.10
0.00 10954.59
219.60 -48.66 -49.15 -72.27 346.23 237.93 89.63 0.10
0.00 11358.61
205.60 -50.66 -51.08 -72.72 349.66 239.08 89.22 0.10
0.00 11789.56
191.70 -52.96 -53.30 -73.19 353.04 240.15 89.36 0.10
0.00 12243.09
177.70 -54.96 -9999.00 -9999.00 -9999.00 240.16 88.23 0.10
0.00 12729.65
163.80 -56.76 -9999.00 -9999.00 -9999.00 238.20 84.79 0.10
0.00 13247.71
149.80 -59.26 -9999.00 -9999.00 -9999.00 237.10 81.90 0.10
0.00 13810.35
135.90 -61.56 -9999.00 -9999.00 -9999.00 238.21 78.17 0.10
0.00 14416.77
121.90 -62.16 -9999.00 -9999.00 -9999.00 237.72 69.85 0.00
0.00 15089.16
107.90 -62.06 -9999.00 -9999.00 -9999.00 236.48 55.92 0.00
0.00 15842.79
94.00 -62.46 -9999.00 -9999.00 -9999.00 233.69 43.63 0.00
0.00 16694.11
81.00 -61.76 -9999.00 -9999.00 -9999.00 227.75 34.38 0.00
0.00 17613.60
70.60 -60.86 -9999.00 -9999.00 -9999.00 204.11 30.44 0.00
0.00 18465.71
62.20 -59.66 -9999.00 -9999.00 -9999.00 218.71 32.61 0.00
0.00 19255.10
54.30 -59.36 -9999.00 -9999.00 -9999.00 215.31 22.84 0.00
0.00 20104.52
46.90 -59.16 -9999.00 -9999.00 -9999.00 216.74 17.21 0.00
0.00 21021.78
40.10 -59.96 -9999.00 -9999.00 -9999.00 218.85 8.97 0.00
0.00 22001.12
33.80 -60.86 -9999.00 -9999.00 -9999.00 340.02 2.27 0.00
0.00 23065.44
27.80 -61.56 -9999.00 -9999.00 -9999.00 19.98 2.27 0.00
0.00 24277.81
22.30 -59.36 -9999.00 -9999.00 -9999.00 321.34 4.97 0.00
0.00 25650.27
17.10 -56.36 -9999.00 -9999.00 -9999.00 1.74 6.41 0.00
0.00 27323.46
12.30 -52.96 -9999.00 -9999.00 -9999.00 336.80 1.48 0.00
0.00 29430.65

STID = KSPI STNM = 724390 TIME = 221027/0300 
SLAT = 39.84 SLON = -89.67 SELV = 180.0
STIM = 15

SHOW = 13.94 LIFT = 13.86 SWET = 56.21 KINX = -35.75
LCLP = 978.06 PWAT = 8.06 TOTL = 22.53 CAPE = 0.00
LCLT = 277.66 CINS = 0.00 EQLV = -9999.00 LFCT = -9999.00
BRCH = 0.00

PRES TMPC TMWC DWPC THTE DRCT SKNT OMEG
CFRL HGHT
999.60 6.24 5.57 4.82 294.47 353.29 3.32 0.00
5.00 189.84
996.60 7.74 6.27 4.70 296.25 1.43 7.77 0.00
0.00 214.57
991.10 8.54 6.29 3.88 296.85 4.40 10.14 0.00
0.00 260.28
981.70 8.24 5.67 2.81 296.46 9.31 12.00 0.00
0.00 339.05
967.80 7.34 4.90 2.10 296.26 11.14 13.07 0.00
0.00 456.66
949.80 5.84 3.91 1.62 296.06 10.67 13.64 0.00
0.00 610.81
928.50 4.84 2.05 -1.70 294.49 7.70 14.51 0.00
1.00 796.16
905.20 5.44 -0.20 -10.66 292.35 8.37 13.34 0.00
0.00 1003.54
879.90 6.24 -1.04 -17.77 293.23 8.43 10.61 0.10
0.00 1235.24
851.60 5.44 -1.98 -20.54 294.53 3.01 11.09 0.10
0.00 1502.37
820.40 3.64 -3.33 -21.64 295.62 351.75 13.54 0.10
0.00 1805.92
786.20 1.74 -5.07 -25.95 296.43 334.23 12.51 0.10
0.00 2149.88
749.10 -0.06 -6.86 -32.97 297.71 308.66 9.95 0.10
0.00 2537.66
709.00 -1.56 -8.33 -40.40 300.22 272.73 12.26 0.10
0.00 2976.31
665.90 -3.86 -10.21 -45.38 302.85 262.79 17.04 0.10
0.00 3472.82
619.90 -7.26 -12.61 -39.07 305.60 259.74 20.73 0.10
0.00 4033.55
571.40 -12.06 -15.00 -24.56 309.52 260.39 25.60 0.10
0.00 4662.11
524.30 -16.86 -17.45 -19.08 313.63 259.86 29.80 0.00
2.00 5314.01
481.90 -20.46 -21.55 -25.63 314.74 247.31 37.26 -0.10
0.00 5942.69
444.00 -24.36 -25.37 -30.25 316.25 244.56 44.31 -0.10
0.00 6544.19
409.90 -28.16 -28.64 -31.24 318.59 239.90 50.74 0.00
40.00 7121.94
379.10 -31.46 -31.78 -33.84 321.01 238.26 61.67 0.10
100.00 7678.55
351.40 -35.46 -35.96 -40.78 321.66 239.22 71.00 0.20
31.00 8211.04
326.40 -38.96 -39.74 -54.67 322.77 241.12 75.21 0.20
0.00 8720.79
304.00 -42.86 -43.31 -52.28 324.03 242.90 84.01 0.20
0.00 9204.13
283.80 -46.36 -46.53 -49.97 325.59 243.27 91.12 0.10
0.00 9664.13
265.60 -48.46 -48.65 -53.42 328.58 242.17 90.29 0.10
0.00 10102.11
248.80 -48.16 -48.54 -61.32 334.97 239.14 89.37 0.10
0.00 10532.17
233.50 -47.56 -48.08 -71.85 341.88 237.33 90.70 0.00
0.00 10950.71
219.60 -48.76 -49.24 -72.27 346.08 236.85 91.65 0.00
0.00 11354.91
205.60 -50.76 -51.17 -72.72 349.51 237.42 91.98 0.00
0.00 11785.67
191.70 -52.86 -53.20 -73.19 353.20 239.43 92.06 0.00
0.00 12239.21
177.70 -54.86 -9999.00 -9999.00 -9999.00 240.73 90.19 0.00
0.00 12725.99
163.80 -56.96 -9999.00 -9999.00 -9999.00 239.63 86.46 0.00
0.00 13243.92
149.80 -59.06 -9999.00 -9999.00 -9999.00 237.69 82.50 0.00
0.00 13806.57
135.90 -61.36 -9999.00 -9999.00 -9999.00 237.06 78.22 0.00
0.00 14413.55
121.90 -62.46 -9999.00 -9999.00 -9999.00 238.19 72.22 0.00
0.00 15085.79
107.90 -61.56 -9999.00 -9999.00 -9999.00 238.55 59.21 0.00
0.00 15839.77
94.00 -61.66 -9999.00 -9999.00 -9999.00 235.48 40.79 0.00
0.00 16693.72
81.00 -62.46 -9999.00 -9999.00 -9999.00 226.14 34.48 0.00
0.00 17613.42
70.60 -60.06 -9999.00 -9999.00 -9999.00 208.47 31.37 0.00
0.00 18465.74
62.20 -60.06 -9999.00 -9999.00 -9999.00 216.17 34.89 0.00
0.00 19255.87
54.30 -58.46 -9999.00 -9999.00 -9999.00 223.97 22.94 0.00
0.00 20106.29
46.90 -59.46 -9999.00 -9999.00 -9999.00 215.54 15.03 0.00
0.00 21024.83
40.10 -60.56 -9999.00 -9999.00 -9999.00 213.69 9.11 0.00
0.00 22002.10
33.80 -61.16 -9999.00 -9999.00 -9999.00 298.61 2.43 0.00
0.00 23064.17
27.80 -61.16 -9999.00 -9999.00 -9999.00 263.66 1.77 0.00
0.00 24276.83
22.30 -58.66 -9999.00 -9999.00 -9999.00 312.71 3.44 0.00
0.00 25652.84
17.10 -55.66 -9999.00 -9999.00 -9999.00 21.80 3.15 0.00
0.00 27331.47
12.30 -52.76 -9999.00 -9999.00 -9999.00 136.74 4.53 0.00
0.00 29443.00

STID = KSPI STNM = 724390 TIME = 221027/0400 
SLAT = 39.84 SLON = -89.67 SELV = 180.0
STIM = 16

SHOW = 13.93 LIFT = 13.72 SWET = 53.90 KINX = -36.17
LCLP = 981.43 PWAT = 8.68 TOTL = 22.52 CAPE = 0.00
LCLT = 277.63 CINS = 0.00 EQLV = -9999.00 LFCT = -9999.00
BRCH = 0.00

PRES TMPC TMWC DWPC THTE DRCT SKNT OMEG
CFRL HGHT
1000.90 6.04 5.45 4.76 294.07 14.04 2.41 0.00
5.00 190.64
998.00 7.44 6.11 4.69 295.78 21.16 6.45 0.00
0.00 214.49
992.50 8.24 6.11 3.82 296.33 24.34 8.95 0.00
0.00 260.09
983.10 8.14 5.55 2.65 296.07 28.37 11.03 0.00
0.00 338.69
969.10 7.24 4.82 2.02 295.95 26.15 11.91 -0.10
0.00 456.93
951.20 5.84 3.87 1.52 295.83 20.66 12.67 -0.10
0.00 609.98
929.80 4.64 2.11 -1.24 294.49 14.78 14.47 -0.10
1.00 795.87
906.40 4.94 -0.04 -8.71 292.59 15.04 13.48 -0.10
0.00 1003.62
881.10 5.94 -1.15 -17.32 292.92 13.17 9.38 -0.10
0.00 1234.71
852.80 5.34 -2.06 -20.79 294.25 8.30 9.42 -0.10
0.00 1501.28
821.50 3.54 -3.28 -20.70 295.61 359.06 11.85 -0.10
0.00 1805.28
787.20 1.44 -5.13 -24.53 296.25 341.24 10.88 -0.10
0.00 2149.55
750.00 -0.16 -6.87 -32.03 297.60 307.41 8.31 -0.10
0.00 2537.63
709.80 -1.66 -8.37 -39.81 300.05 270.92 12.04 0.00
0.00 2976.71
666.70 -3.76 -10.19 -48.57 302.75 261.20 16.51 0.10
0.00 3472.64
620.50 -7.36 -12.35 -32.61 306.05 256.58 21.78 0.20
0.00 4035.22
571.90 -12.26 -13.80 -17.56 311.64 260.26 26.42 0.20
0.00 4664.32
524.70 -17.06 -17.92 -20.44 312.75 258.76 29.91 0.10
0.00 5316.69
482.20 -20.56 -21.57 -25.29 314.66 245.63 38.60 0.00
0.00 5946.01
444.30 -24.76 -25.47 -28.69 316.05 243.90 43.26 -0.10
2.00 6546.55
410.10 -28.46 -28.87 -31.09 318.18 237.43 49.79 0.00
98.00 7124.86
379.20 -32.26 -32.47 -33.84 319.92 236.00 59.75 0.10
100.00 7681.80
351.50 -36.06 -36.38 -39.34 321.00 237.41 67.09 0.20
69.00 8212.60
326.50 -39.66 -40.26 -50.10 321.97 238.38 73.00 0.30
0.00 8720.81
304.00 -42.96 -43.33 -50.02 324.00 240.04 85.20 0.30
0.00 9205.40
283.80 -46.46 -46.60 -49.37 325.48 238.97 90.44 0.30
0.00 9665.21
265.60 -48.16 -48.42 -55.27 328.94 239.44 89.78 0.30
0.00 10103.38
248.80 -47.46 -47.93 -66.51 335.93 238.78 88.81 0.30
0.00 10534.39
233.50 -47.06 -47.61 -71.85 342.64 236.89 90.68 0.20
0.00 10954.05
219.60 -48.36 -48.87 -72.27 346.69 236.21 92.56 0.20
0.00 11359.06
205.60 -50.26 -50.70 -72.72 350.29 237.04 92.83 0.10
0.00 11790.68
191.70 -52.46 -9999.00 -9999.00 -9999.00 238.71 92.75 0.10
0.00 12245.14
177.70 -54.76 -9999.00 -9999.00 -9999.00 240.41 90.48 0.00
0.00 12732.47
163.80 -56.86 -9999.00 -9999.00 -9999.00 240.00 85.47 0.00
0.00 13250.65
149.80 -58.76 -9999.00 -9999.00 -9999.00 236.88 80.71 0.00
0.00 13813.82
135.90 -60.66 -9999.00 -9999.00 -9999.00 235.42 76.67 0.00
0.00 14422.23
121.90 -62.26 -9999.00 -9999.00 -9999.00 236.92 70.47 0.00
0.00 15095.90
107.90 -61.66 -9999.00 -9999.00 -9999.00 239.04 57.77 0.00
0.00 15850.05
94.00 -61.46 -9999.00 -9999.00 -9999.00 234.43 39.41 0.00
0.00 16704.21
81.00 -62.86 -9999.00 -9999.00 -9999.00 219.81 33.37 0.00
0.00 17623.47
70.60 -60.46 -9999.00 -9999.00 -9999.00 213.30 31.84 0.00
0.00 18474.18
62.20 -60.36 -9999.00 -9999.00 -9999.00 210.40 33.78 0.00
0.00 19263.01
54.30 -58.26 -9999.00 -9999.00 -9999.00 228.50 20.22 0.00
0.00 20113.23
46.90 -60.26 -9999.00 -9999.00 -9999.00 190.92 11.29 0.00
0.00 21030.49
40.10 -61.16 -9999.00 -9999.00 -9999.00 181.36 8.16 0.00
0.00 22004.55
33.80 -60.96 -9999.00 -9999.00 -9999.00 165.96 0.80 0.00
0.00 23065.62
27.80 -60.06 -9999.00 -9999.00 -9999.00 261.25 2.56 0.00
0.00 24282.00
22.30 -57.96 -9999.00 -9999.00 -9999.00 312.51 6.33 0.00
0.00 25663.81
17.10 -54.76 -9999.00 -9999.00 -9999.00 329.93 4.27 0.00
0.00 27348.66
12.30 -51.96 -9999.00 -9999.00 -9999.00 165.96 4.00 0.00
0.00 29468.38

STID = KSPI STNM = 724390 TIME = 221027/0500 
SLAT = 39.84 SLON = -89.67 SELV = 180.0
STIM = 17

SHOW = 13.65 LIFT = 13.53 SWET = 50.72 KINX = -36.12
LCLP = 984.66 PWAT = 9.21 TOTL = 23.16 CAPE = 0.00
LCLT = 277.64 CINS = 0.00 EQLV = -9999.00 LFCT = -9999.00
BRCH = 0.00

PRES TMPC TMWC DWPC THTE DRCT SKNT OMEG
CFRL HGHT
1000.20 5.74 5.27 4.72 293.78 32.01 1.83 0.00
7.00 189.82
997.30 7.14 5.92 4.60 295.44 41.99 5.23 0.00
1.00 213.66
991.80 7.84 5.79 3.53 295.70 46.97 7.96 0.00
0.00 259.23
982.30 7.84 5.27 2.34 295.55 45.78 10.02 0.00
0.00 338.63
968.40 6.94 4.61 1.89 295.58 38.33 10.64 0.00
0.00 455.98
950.50 5.64 3.65 1.26 295.46 27.00 11.56 0.10
0.00 609.00
929.10 4.44 2.08 -1.03 294.50 19.44 14.01 0.10
0.00 794.90
905.70 4.54 -0.09 -7.98 292.60 17.88 12.65 0.20
0.00 1002.59
880.40 5.74 -1.29 -17.44 292.75 8.53 7.85 0.20
0.00 1233.62
852.20 5.24 -2.13 -20.80 294.20 1.47 7.58 0.20
0.00 1499.30
820.90 3.24 -3.36 -19.84 295.56 356.70 10.12 0.30
0.00 1803.31
786.70 1.14 -5.23 -23.57 296.17 336.04 9.56 0.20
0.00 2146.45
749.50 -0.56 -7.06 -30.91 297.35 292.31 8.20 0.10
0.00 2534.30
709.40 -1.96 -8.56 -39.26 299.80 264.29 13.66 0.10
0.00 2972.00
666.30 -3.96 -10.37 -53.40 302.46 257.82 17.48 0.10
0.00 3467.75
620.20 -7.46 -11.51 -23.40 307.74 256.45 22.38 0.20
0.00 4029.19
571.60 -12.56 -13.39 -15.25 312.45 259.58 26.86 0.30
0.00 4658.31
524.40 -17.36 -18.25 -20.94 312.24 251.13 32.44 0.20
1.00 5310.33
482.00 -20.96 -21.64 -24.06 314.58 245.16 37.45 -0.10
10.00 5937.63
444.10 -25.16 -25.62 -27.68 315.85 244.16 41.43 -0.10
94.00 6537.51
410.00 -28.76 -29.16 -31.39 317.75 237.25 49.20 -0.10
100.00 7113.52
379.20 -32.56 -32.82 -34.57 319.38 234.93 58.14 0.00
100.00 7668.03
351.40 -36.66 -36.85 -38.56 320.32 234.64 64.78 0.00
100.00 8199.81
326.50 -40.26 -40.69 -47.02 321.33 235.52 70.69 0.10
1.00 8704.79
304.00 -43.16 -43.54 -50.71 323.68 236.89 84.63 0.20
0.00 9188.55
283.80 -46.46 -46.68 -51.31 325.37 236.55 88.46 0.20
0.00 9648.15
265.60 -47.76 -48.11 -59.06 329.40 237.59 86.99 0.20
0.00 10086.70
248.80 -47.06 -47.55 -66.51 336.52 237.63 88.54 0.10
0.00 10518.48
233.50 -47.06 -47.61 -71.85 342.64 237.18 92.46 0.10
0.00 10938.50
219.60 -48.26 -48.77 -72.27 346.85 236.73 94.56 0.00
0.00 11343.60
205.60 -50.16 -50.60 -72.72 350.45 236.86 95.57 0.00
0.00 11775.42
191.70 -52.36 -9999.00 -9999.00 -9999.00 238.22 95.51 0.00
0.00 12230.08
177.70 -54.76 -9999.00 -9999.00 -9999.00 239.96 93.12 0.00
0.00 12717.52
163.80 -56.96 -9999.00 -9999.00 -9999.00 240.18 87.10 0.00
0.00 13235.58
149.80 -58.76 -9999.00 -9999.00 -9999.00 236.50 80.59 0.00
0.00 13798.62
135.90 -60.76 -9999.00 -9999.00 -9999.00 234.26 76.83 0.00
0.00 14406.89
121.90 -62.36 -9999.00 -9999.00 -9999.00 235.56 69.72 0.00
0.00 15080.24
107.90 -62.86 -9999.00 -9999.00 -9999.00 237.69 58.14 0.00
0.00 15832.07
94.00 -62.26 -9999.00 -9999.00 -9999.00 233.34 41.65 0.00
0.00 16682.19
81.00 -63.26 -9999.00 -9999.00 -9999.00 215.39 34.56 0.00
0.00 17598.84
70.60 -62.16 -9999.00 -9999.00 -9999.00 213.78 34.60 0.00
0.00 18445.33
62.20 -60.46 -9999.00 -9999.00 -9999.00 208.56 34.95 0.00
0.00 19230.82
54.30 -58.16 -9999.00 -9999.00 -9999.00 220.27 18.34 0.00
0.00 20081.04
46.90 -60.66 -9999.00 -9999.00 -9999.00 174.21 13.48 0.00
0.00 20997.65
40.10 -61.26 -9999.00 -9999.00 -9999.00 174.40 9.95 0.00
0.00 21970.57
33.80 -61.06 -9999.00 -9999.00 -9999.00 140.53 4.27 0.00
0.00 23031.14
27.80 -59.96 -9999.00 -9999.00 -9999.00 206.57 1.30 0.00
0.00 24247.52
22.30 -57.76 -9999.00 -9999.00 -9999.00 323.62 4.58 0.00
0.00 25630.30
17.10 -54.36 -9999.00 -9999.00 -9999.00 303.69 3.50 0.00
0.00 27317.48
12.30 -51.46 -9999.00 -9999.00 -9999.00 216.25 7.23 0.00
0.00 29441.54

STID = KSPI STNM = 724390 TIME = 221027/0600 
SLAT = 39.84 SLON = -89.67 SELV = 180.0
STIM = 18

SHOW = 13.02 LIFT = 13.45 SWET = 49.21 KINX = -35.36
LCLP = 987.21 PWAT = 9.53 TOTL = 24.75 CAPE = 0.00
LCLT = 277.53 CINS = 0.00 EQLV = -9999.00 LFCT = -9999.00
BRCH = 0.00

PRES TMPC TMWC DWPC THTE DRCT SKNT OMEG
CFRL HGHT
1000.50 5.44 5.05 4.57 293.28 68.96 2.70 0.00
8.00 189.81
997.50 6.64 5.63 4.50 294.79 69.23 6.02 0.00
2.00 214.43
992.10 7.34 5.50 3.45 295.06 72.35 8.97 0.00
0.00 259.08
982.60 7.34 5.07 2.46 295.09 67.22 10.53 -0.10
0.00 338.31
968.70 6.64 4.44 1.86 295.21 54.34 10.99 -0.10
0.00 455.46
950.80 5.54 3.49 0.98 295.08 40.40 11.99 -0.10
0.00 608.32
929.40 4.24 1.95 -1.10 294.20 27.98 14.08 -0.10
1.00 794.05
906.00 4.84 -0.14 -8.89 292.44 24.06 11.91 0.00
0.00 1001.70
880.70 6.24 -1.18 -18.90 292.85 10.71 7.32 0.00
0.00 1232.96
852.40 5.44 -1.94 -20.15 294.54 5.71 7.81 0.10
0.00 1499.84
821.20 3.34 -3.23 -19.25 295.79 360.00 9.52 0.10
0.00 1802.95
786.90 1.34 -5.15 -24.04 296.27 335.22 8.35 0.10
0.00 2147.19
749.70 -0.26 -6.92 -31.74 297.56 285.26 8.86 0.10
0.00 2535.28
709.60 -1.56 -8.39 -43.12 300.01 267.93 16.14 0.10
0.00 2973.41
666.50 -3.96 -10.14 -39.86 302.94 262.81 20.16 0.10
0.00 3469.40
620.40 -8.46 -11.23 -17.93 308.35 258.60 24.57 0.20
0.00 4029.74
571.70 -12.56 -13.14 -14.39 312.89 261.05 28.71 0.10
0.00 4658.92
524.50 -17.56 -18.07 -19.52 312.54 245.22 30.59 -0.10
36.00 5310.65
482.10 -21.46 -21.97 -23.77 314.04 247.79 35.45 -0.10
82.00 5937.00
444.20 -25.56 -26.03 -28.18 315.18 248.04 40.00 -0.10
82.00 6535.66
410.10 -29.26 -29.62 -31.70 317.01 238.29 48.41 -0.10
100.00 7110.47
379.20 -33.06 -33.32 -35.15 318.61 236.92 55.87 -0.10
100.00 7665.56
351.40 -37.36 -37.57 -39.61 319.23 234.89 60.78 0.00
100.00 8195.99
326.50 -40.66 -41.10 -48.14 320.71 234.59 71.74 0.00
1.00 8699.78
304.00 -43.66 -44.15 -56.52 322.74 235.09 80.77 0.00
0.00 9182.59
283.80 -46.16 -46.54 -57.08 325.56 234.67 82.63 0.00
0.00 9641.97
265.60 -47.16 -47.59 -63.02 330.20 235.68 83.72 0.00
0.00 10081.39
248.80 -47.06 -47.58 -71.42 336.48 237.46 88.48 0.00
0.00 10513.73
233.50 -47.06 -47.61 -71.85 342.64 238.49 93.65 0.00
0.00 10933.75
219.60 -48.16 -48.68 -72.27 347.00 239.17 97.05 0.00
0.00 11338.94
205.60 -50.06 -50.51 -72.72 350.61 239.73 99.42 -0.10
0.00 11770.95
191.70 -52.46 -52.82 -73.19 353.84 239.85 98.62 -0.10
0.00 12225.61
177.70 -54.96 -9999.00 -9999.00 -9999.00 239.56 93.94 -0.10
0.00 12712.73
163.80 -57.26 -9999.00 -9999.00 -9999.00 238.82 86.29 0.00
0.00 13230.19
149.80 -59.06 -9999.00 -9999.00 -9999.00 236.04 78.92 0.00
0.00 13792.44
135.90 -60.86 -9999.00 -9999.00 -9999.00 232.68 74.01 0.00
0.00 14400.14
121.90 -62.56 -9999.00 -9999.00 -9999.00 234.67 67.85 0.10
0.00 15073.01
108.00 -63.46 -9999.00 -9999.00 -9999.00 236.47 57.32 0.10
0.00 15817.72
94.00 -62.86 -9999.00 -9999.00 -9999.00 231.53 44.66 0.10
0.00 16671.11
81.00 -62.86 -9999.00 -9999.00 -9999.00 213.04 37.76 0.00
0.00 17587.33
70.60 -62.86 -9999.00 -9999.00 -9999.00 213.10 36.64 0.00
0.00 18433.21
62.20 -60.06 -9999.00 -9999.00 -9999.00 214.80 33.35 0.00
0.00 19218.15
54.30 -57.96 -9999.00 -9999.00 -9999.00 219.12 18.78 0.00
0.00 20069.56
46.90 -60.56 -9999.00 -9999.00 -9999.00 178.55 15.35 0.00
0.00 20986.82
40.10 -60.96 -9999.00 -9999.00 -9999.00 185.60 9.95 0.00
0.00 21960.65
33.80 -60.36 -9999.00 -9999.00 -9999.00 141.84 6.92 0.00
0.00 23023.72
27.80 -59.16 -9999.00 -9999.00 -9999.00 159.44 1.65 0.00
0.00 24244.39
22.30 -57.66 -9999.00 -9999.00 -9999.00 6.71 3.32 0.00
0.00 25630.08
17.10 -54.56 -9999.00 -9999.00 -9999.00 319.40 1.79 0.00
0.00 27316.87
12.30 -51.26 -9999.00 -9999.00 -9999.00 225.86 9.21 0.00
0.00 29440.93

STID = KSPI STNM = 724390 TIME = 221027/0700 
SLAT = 39.84 SLON = -89.67 SELV = 180.0
STIM = 19

SHOW = 12.79 LIFT = 13.62 SWET = 47.30 KINX = -27.80
LCLP = 989.11 PWAT = 10.63 TOTL = 25.70 CAPE = 0.00
LCLT = 277.23 CINS = 0.00 EQLV = -9999.00 LFCT = -9999.00
BRCH = 0.00

PRES TMPC TMWC DWPC THTE DRCT SKNT OMEG
CFRL HGHT
1001.20 5.04 4.69 4.25 292.47 79.22 4.16 0.00
3.00 189.78
998.30 5.84 5.14 4.32 293.68 86.10 8.57 0.00
1.00 213.51
992.80 6.54 5.29 3.88 294.54 89.06 11.85 0.00
0.00 258.83
983.30 6.34 4.81 3.06 294.50 92.49 13.42 0.00
0.00 337.75
969.40 5.94 4.21 2.18 294.67 82.01 11.19 0.10
0.00 454.48
951.40 5.24 3.41 1.18 294.87 54.93 11.15 0.20
0.00 607.82
930.00 4.24 1.89 -1.27 294.01 34.85 13.25 0.40
2.00 793.33
906.60 5.34 -0.11 -9.99 292.40 24.27 10.86 0.40
0.00 1001.02
881.30 6.64 -1.03 -19.63 293.04 13.24 6.78 0.50
0.00 1232.48
853.00 5.44 -1.84 -19.40 294.67 12.20 7.36 0.60
0.00 1499.37
821.70 3.34 -3.16 -18.79 295.86 6.95 8.02 0.60
0.00 1803.26
787.50 1.34 -5.13 -23.87 296.24 333.43 6.51 0.50
0.00 2146.26
750.20 -0.26 -6.92 -31.74 297.50 279.27 9.63 0.40
0.00 2535.12
710.00 -1.46 -8.26 -40.39 300.21 273.95 16.94 0.20
0.00 2974.16
666.90 -4.46 -8.83 -19.87 305.61 265.43 19.48 0.20
0.00 3469.65
620.60 -8.46 -8.96 -9.82 312.64 260.81 26.77 0.20
0.00 4032.05
571.90 -13.26 -13.83 -15.13 311.61 255.96 28.83 0.10
10.00 4660.44
524.70 -17.56 -18.03 -19.36 312.57 248.27 30.94 0.00
56.00 5311.01
482.20 -21.66 -22.10 -23.67 313.80 250.41 33.61 0.00
100.00 5938.41
444.30 -25.86 -26.29 -28.30 314.75 247.20 37.08 0.00
99.00 6536.35
410.10 -29.36 -29.71 -31.70 316.88 244.52 46.06 0.00
100.00 7112.31
379.20 -33.56 -33.84 -35.97 317.81 241.24 52.08 0.00
100.00 7666.71
351.50 -38.16 -38.29 -39.61 318.12 235.42 59.21 0.00
100.00 8193.70
326.50 -40.86 -41.48 -54.67 320.12 236.27 69.60 0.00
0.00 8698.35
304.00 -43.46 -44.04 -61.99 322.90 235.88 72.03 0.00
0.00 9181.14
283.80 -45.86 -46.33 -62.51 325.87 236.23 73.39 0.00
0.00 9641.02
265.60 -47.26 -47.69 -63.02 330.05 237.58 77.54 0.00
0.00 10080.62
248.80 -47.16 -47.67 -71.42 336.33 238.17 86.19 0.00
0.00 10512.77
233.50 -46.96 -47.52 -71.85 342.79 239.55 93.51 0.00
0.00 10932.80
219.60 -48.16 -48.68 -72.27 347.00 240.81 98.80 0.00
0.00 11338.08
205.60 -50.26 -50.70 -72.72 350.29 240.89 101.83 0.00
0.00 11769.90
191.70 -52.86 -53.20 -73.19 353.20 241.07 101.20 0.00
0.00 12223.94
177.70 -55.36 -9999.00 -9999.00 -9999.00 241.57 96.31 0.00
0.00 12710.17
163.80 -57.26 -9999.00 -9999.00 -9999.00 239.32 87.18 0.00
0.00 13227.15
149.80 -59.46 -9999.00 -9999.00 -9999.00 234.77 80.15 0.00
0.00 13788.88
135.90 -61.06 -9999.00 -9999.00 -9999.00 232.86 75.29 0.10
0.00 14395.73
121.90 -62.26 -9999.00 -9999.00 -9999.00 231.55 66.22 0.10
0.00 15068.76
107.90 -63.06 -9999.00 -9999.00 -9999.00 233.46 53.19 0.10
0.00 15820.42
94.00 -62.86 -9999.00 -9999.00 -9999.00 226.66 42.74 0.00
0.00 16668.92
81.00 -62.56 -9999.00 -9999.00 -9999.00 212.80 41.59 0.00
0.00 17585.79
70.60 -61.86 -9999.00 -9999.00 -9999.00 214.01 38.19 0.00
0.00 18434.28
62.20 -60.16 -9999.00 -9999.00 -9999.00 217.81 30.73 0.00
0.00 19220.89
54.30 -58.76 -9999.00 -9999.00 -9999.00 218.93 19.48 0.00
0.00 20070.51
46.90 -60.06 -9999.00 -9999.00 -9999.00 183.73 17.91 0.00
0.00 20987.12
40.10 -60.46 -9999.00 -9999.00 -9999.00 195.52 10.88 0.00
0.00 21963.25
33.80 -59.76 -9999.00 -9999.00 -9999.00 169.22 8.31 0.00
0.00 23029.08
27.80 -58.86 -9999.00 -9999.00 -9999.00 239.74 2.70 0.00
0.00 24252.32
22.30 -57.76 -9999.00 -9999.00 -9999.00 38.66 3.73 0.00
0.00 25638.65
17.10 -54.86 -9999.00 -9999.00 -9999.00 308.66 2.49 0.00
0.00 27323.89
12.30 -51.46 -9999.00 -9999.00 -9999.00 250.67 11.73 0.00
0.00 29445.54

STID = KSPI STNM = 724390 TIME = 221027/0800 
SLAT = 39.84 SLON = -89.67 SELV = 180.0
STIM = 20

SHOW = 12.72 LIFT = 13.88 SWET = 45.20 KINX = -8.21
LCLP = 988.78 PWAT = 11.49 TOTL = 26.04 CAPE = 0.00
LCLT = 277.03 CINS = 0.00 EQLV = -9999.00 LFCT = -9999.00
BRCH = 0.00

PRES TMPC TMWC DWPC THTE DRCT SKNT OMEG
CFRL HGHT
1002.10 4.94 4.56 4.07 292.10 102.99 2.58 0.00
0.00 188.96
999.10 5.44 4.80 4.03 292.89 103.09 8.57 0.00
0.00 213.46
993.60 5.84 4.86 3.72 293.56 102.09 11.13 0.00
0.00 258.65
984.10 5.74 4.28 2.54 293.31 102.70 14.14 -0.10
0.00 337.32
970.20 5.14 3.74 2.04 293.61 101.13 12.08 -0.20
0.00 453.65
952.20 4.74 3.32 1.59 294.61 70.43 9.29 -0.30
0.00 606.51
930.80 4.04 1.89 -0.97 293.95 41.01 11.85 -0.30
4.00 791.64
907.40 5.44 0.00 -9.78 292.52 25.64 10.78 -0.30
0.00 999.12
882.00 6.54 -1.04 -19.25 292.95 16.56 7.50 -0.30
0.00 1231.30
853.70 5.44 -1.81 -19.15 294.66 17.45 7.13 -0.40
0.00 1497.93
822.40 3.24 -3.17 -18.46 295.77 15.95 7.07 -0.40
0.00 1801.52
788.10 1.44 -5.05 -23.71 296.31 344.93 5.23 -0.30
0.00 2145.25
750.80 0.14 -6.78 -34.31 297.60 293.36 9.30 -0.20
0.00 2534.16
710.50 -1.56 -6.64 -18.75 303.49 289.32 15.85 0.10
0.00 2974.33
667.20 -4.76 -6.61 -9.70 309.98 269.50 22.14 0.30
0.00 3471.86
620.90 -8.76 -9.91 -12.11 310.77 259.14 28.88 0.30
0.00 4033.55
572.10 -13.46 -13.98 -15.18 311.31 252.32 28.13 0.10
23.00 4662.26
524.90 -17.66 -18.05 -19.14 312.51 249.89 29.37 0.10
100.00 5312.23
482.40 -21.66 -22.08 -23.57 313.79 251.67 32.13 0.10
100.00 5939.27
444.40 -25.66 -26.09 -28.05 315.05 245.40 35.47 0.10
99.00 6538.83
410.20 -29.86 -30.32 -33.22 315.90 244.73 50.06 0.20
77.00 7114.29
379.30 -34.16 -34.41 -36.40 316.92 236.37 53.65 0.20
100.00 7667.27
351.50 -37.96 -38.64 -49.45 317.55 238.88 61.27 0.10
67.00 8195.61
326.50 -40.46 -41.20 -61.44 320.51 240.93 59.56 0.10
0.00 8700.86
304.00 -43.26 -43.85 -61.99 323.18 239.22 63.75 0.00
0.00 9184.28
283.80 -46.36 -46.80 -62.51 325.15 239.88 65.79 0.00
0.00 9643.85
265.70 -47.96 -48.37 -66.03 328.95 239.51 72.36 0.00
0.00 10079.80
248.80 -47.56 -48.05 -71.42 335.73 240.47 82.38 0.00
0.00 10513.38
233.50 -47.26 -47.80 -71.85 342.33 241.36 91.18 0.00
0.00 10932.76
219.60 -48.46 -48.96 -72.27 346.54 241.16 96.25 0.00
0.00 11337.50
205.60 -50.66 -51.08 -72.72 349.66 240.52 99.07 0.00
0.00 11768.64
191.70 -53.26 -53.59 -73.19 352.56 240.35 98.56 0.00
0.00 12221.87
177.70 -55.76 -9999.00 -9999.00 -9999.00 240.39 94.74 0.00
0.00 12707.21
163.80 -57.36 -9999.00 -9999.00 -9999.00 238.42 86.42 0.00
0.00 13223.59
149.80 -58.96 -9999.00 -9999.00 -9999.00 233.36 78.44 0.00
0.00 13785.85
135.90 -60.86 -9999.00 -9999.00 -9999.00 231.71 75.23 0.00
0.00 14393.69
121.90 -61.86 -9999.00 -9999.00 -9999.00 232.52 66.08 0.00
0.00 15067.67
108.00 -62.86 -9999.00 -9999.00 -9999.00 231.37 53.21 0.00
0.00 15814.69
94.00 -62.86 -9999.00 -9999.00 -9999.00 223.52 42.60 0.00
0.00 16669.29
81.00 -62.56 -9999.00 -9999.00 -9999.00 212.83 43.01 0.00
0.00 17586.17
70.60 -61.36 -9999.00 -9999.00 -9999.00 214.17 38.73 0.00
0.00 18435.67
62.20 -59.26 -9999.00 -9999.00 -9999.00 218.98 27.49 0.00
0.00 19224.87
54.30 -58.36 -9999.00 -9999.00 -9999.00 213.86 18.47 0.00
0.00 20077.07
46.90 -59.26 -9999.00 -9999.00 -9999.00 188.04 18.05 0.00
0.00 20996.26
40.10 -59.86 -9999.00 -9999.00 -9999.00 219.81 9.11 0.00
0.00 21975.60
33.80 -59.66 -9999.00 -9999.00 -9999.00 214.59 6.84 0.00
0.00 23043.17
27.80 -59.96 -9999.00 -9999.00 -9999.00 279.73 6.90 0.00
0.00 24263.55
22.30 -58.66 -9999.00 -9999.00 -9999.00 36.25 3.61 0.00
0.00 25643.43
17.10 -56.26 -9999.00 -9999.00 -9999.00 323.53 5.56 0.00
0.00 27319.73
12.30 -52.56 -9999.00 -9999.00 -9999.00 271.68 13.21 0.00
0.00 29429.33

STID = KSPI STNM = 724390 TIME = 221027/0900 
SLAT = 39.84 SLON = -89.67 SELV = 180.0
STIM = 21

SHOW = 12.81 LIFT = 14.15 SWET = 42.57 KINX = -2.35
LCLP = 989.07 PWAT = 11.56 TOTL = 26.31 CAPE = 0.00
LCLT = 277.03 CINS = 0.00 EQLV = -9999.00 LFCT = -9999.00
BRCH = 0.00

PRES TMPC TMWC DWPC THTE DRCT SKNT OMEG
CFRL HGHT
1002.40 4.94 4.56 4.07 292.07 93.37 3.30 0.00
1.00 189.77
999.40 5.44 4.69 3.81 292.65 102.01 9.34 0.00
0.00 214.26
993.90 5.64 4.55 3.27 292.90 102.31 10.94 0.00
0.00 259.42
984.50 5.54 3.93 1.97 292.56 100.10 14.39 0.10
0.00 337.17
970.50 4.94 3.45 1.61 293.00 94.09 13.64 0.10
0.00 454.20
952.50 4.34 3.23 1.87 294.40 75.70 10.22 0.10
1.00 606.85
931.10 3.94 1.93 -0.72 294.00 48.29 11.97 0.10
5.00 791.76
907.70 5.54 -0.04 -10.23 292.39 30.96 11.32 0.20
0.00 999.17
882.30 6.54 -1.02 -19.12 292.96 21.80 8.37 0.10
0.00 1231.31
854.00 5.24 -1.85 -18.57 294.57 23.63 6.78 0.10
0.00 1497.76
822.60 3.24 -3.13 -18.13 295.84 23.20 5.92 0.10
0.00 1802.13
788.30 1.44 -5.06 -23.86 296.26 351.47 3.92 0.00
0.00 2145.77
751.00 0.14 -6.55 -29.86 298.07 303.69 8.41 -0.10
0.00 2534.59
710.70 -1.56 -4.98 -10.94 306.84 292.19 15.95 0.00
0.00 2974.81
667.30 -4.56 -6.98 -11.31 309.21 270.00 20.40 0.10
0.00 3473.69
621.00 -9.06 -10.39 -13.05 309.86 256.37 26.38 0.10
0.00 4035.10
572.20 -13.56 -14.14 -15.48 311.02 251.81 29.23 0.10
5.00 4663.18
524.90 -17.56 -17.96 -19.07 312.66 251.44 29.29 0.10
100.00 5314.46
482.40 -21.66 -22.00 -23.20 313.92 252.17 29.18 0.10
100.00 5941.63
444.40 -26.36 -26.76 -28.69 313.99 244.96 35.80 0.10
100.00 6540.36
410.20 -30.06 -30.97 -38.11 314.88 239.33 52.18 0.20
18.00 7114.71
379.30 -33.96 -34.98 -48.79 316.00 241.05 54.18 0.10
68.00 7667.60
351.50 -36.86 -37.86 -60.87 318.68 248.76 47.73 0.10
4.00 8197.32
326.60 -40.46 -41.18 -59.19 320.53 244.24 49.61 0.10
0.00 8701.65
304.10 -43.96 -44.50 -61.99 322.17 241.63 58.06 0.00
0.00 9184.18
283.80 -47.06 -47.46 -62.51 324.15 241.10 61.91 0.00
0.00 9644.53
265.70 -48.56 -48.94 -66.03 328.07 241.04 68.61 0.00
0.00 10079.23
248.80 -48.26 -48.71 -71.42 334.69 242.43 78.88 0.10
0.00 10511.56
233.50 -48.06 -48.55 -71.85 341.12 242.41 87.24 0.10
0.00 10929.54
219.60 -49.16 -49.62 -72.27 345.46 240.78 91.92 0.10
0.00 11332.94
205.60 -50.76 -51.17 -72.72 349.51 239.74 97.14 0.10
0.00 11763.31
191.70 -53.16 -53.49 -73.19 352.72 239.64 98.39 0.00
0.00 12216.53
177.70 -55.56 -9999.00 -9999.00 -9999.00 238.82 94.91 0.00
0.00 12702.20
163.80 -57.36 -9999.00 -9999.00 -9999.00 237.30 87.72 0.00
0.00 13218.83
149.80 -58.86 -9999.00 -9999.00 -9999.00 232.68 79.14 0.00
0.00 13781.21
135.90 -60.46 -9999.00 -9999.00 -9999.00 230.06 74.75 0.00
0.00 14389.77
121.90 -61.66 -9999.00 -9999.00 -9999.00 233.30 65.66 0.00
0.00 15064.71
107.90 -62.86 -9999.00 -9999.00 -9999.00 229.56 53.59 0.00
0.00 15817.80
94.00 -63.06 -9999.00 -9999.00 -9999.00 223.77 44.93 0.00
0.00 16666.30
81.00 -62.26 -9999.00 -9999.00 -9999.00 215.96 46.31 0.00
0.00 17583.38
70.60 -60.86 -9999.00 -9999.00 -9999.00 217.09 39.94 0.00
0.00 18434.49
62.20 -58.86 -9999.00 -9999.00 -9999.00 218.66 28.61 0.00
0.00 19225.36
54.30 -59.06 -9999.00 -9999.00 -9999.00 204.20 18.96 0.00
0.00 20076.97
46.90 -59.16 -9999.00 -9999.00 -9999.00 188.79 19.08 0.00
0.00 20994.87
40.10 -60.16 -9999.00 -9999.00 -9999.00 235.01 9.48 0.00
0.00 21973.75
33.80 -59.86 -9999.00 -9999.00 -9999.00 249.44 4.97 0.00
0.00 23040.08
27.80 -60.26 -9999.00 -9999.00 -9999.00 302.47 7.60 0.00
0.00 24259.03
22.30 -58.96 -9999.00 -9999.00 -9999.00 40.91 3.85 0.00
0.00 25636.97
17.10 -57.36 -9999.00 -9999.00 -9999.00 348.31 5.75 0.00
0.00 27307.83
12.30 -53.46 -9999.00 -9999.00 -9999.00 266.50 9.54 0.00
0.00 29407.78
STN YYMMDD/HHMM PMSL PRES SKTC STC1 SNFL WTNS
P01M C01M STC2 LCLD MCLD HCLD
SNRA UWND VWND R01M BFGR T2MS
Q2MS WXTS WXTP WXTZ WXTR USTM
VSTM HLCY SLLH WSYM CDBP VSBK
TD2M
724390 221026/1200 1014.30 992.30 3.44 276.60 -9999.00 35.00
-9999.00 -9999.00 277.40 0.00 0.00 0.00
-9999.00 4.10 -1.70 -9999.00 -9999.00 3.74
4.54 0.00 0.00 0.00 0.00 14.70
-17.80 -181.60 -9999.00 999.00 -9999.00 20.00
2.20
724390 221026/1300 1016.60 994.50 3.54 276.70 0.00 35.00
0.00 0.00 277.20 1.00 0.00 0.00
-9999.00 4.30 -1.50 -9999.00 -9999.00 3.64
4.47 0.00 0.00 0.00 0.00 16.10
-17.30 -131.90 0.01 999.00 -9999.00 20.00
2.01
724390 221026/1400 1017.40 995.30 5.44 278.60 0.00 35.00
0.00 0.00 278.60 1.00 0.00 0.00
-9999.00 4.60 -2.60 -9999.00 -9999.00 5.14
4.59 0.00 0.00 0.00 0.00 17.70
-15.80 -165.40 0.01 999.00 -9999.00 20.00
2.39
724390 221026/1500 1018.20 996.30 7.74 280.90 0.00 35.00
0.00 0.00 280.60 1.00 0.00 0.00
-9999.00 4.30 -3.10 -9999.00 -9999.00 6.64
4.90 0.00 0.00 0.00 0.00 18.30
-14.30 -169.90 0.01 999.00 -9999.00 20.00
3.32
724390 221026/1600 1018.10 996.30 9.74 282.90 0.00 34.00
0.00 0.00 282.50 2.00 0.00 0.00
-9999.00 4.20 -3.40 -9999.00 -9999.00 8.14
5.10 0.00 0.00 0.00 0.00 18.10
-13.70 -141.00 0.02 999.00 -9999.00 20.00
3.89
724390 221026/1700 1018.50 996.70 11.34 284.50 0.00 34.00
0.00 0.00 284.00 4.00 0.00 0.00
-9999.00 4.00 -3.50 -9999.00 -9999.00 9.44
5.39 0.00 0.00 0.00 0.00 17.10
-13.30 -138.50 0.01 999.00 -9999.00 20.00
4.67
724390 221026/1800 1018.60 996.90 12.14 285.30 0.00 33.00
0.00 0.00 284.80 5.00 0.00 0.00
-9999.00 4.00 -3.80 -9999.00 -9999.00 10.24
5.53 0.00 0.00 0.00 0.00 16.80
-12.50 -119.40 0.01 999.00 -9999.00 20.00
5.04
724390 221026/1900 1019.50 997.80 12.24 285.40 0.00 33.00
0.00 0.00 285.10 6.00 0.00 0.00
-9999.00 3.90 -4.10 -9999.00 -9999.00 10.74
5.78 0.00 0.00 0.00 0.00 16.80
-11.50 -96.70 0.00 999.00 -9999.00 20.00
5.69
724390 221026/2000 1017.90 996.30 11.64 284.80 0.00 32.00
0.00 0.00 284.80 16.00 100.00 0.00
-9999.00 3.40 -4.00 -9999.00 -9999.00 10.74
5.84 0.00 0.00 0.00 0.00 16.00
-10.80 -76.60 -0.01 999.00 -9999.00 20.00
5.81
724390 221026/2100 1019.10 997.50 10.84 284.00 0.00 32.00
0.00 0.00 284.20 24.00 94.00 0.00
-9999.00 2.70 -3.90 -9999.00 -9999.00 10.54
5.96 0.00 0.00 0.00 0.00 15.00
-10.70 -68.60 -0.01 999.00 -9999.00 20.00
6.12
724390 221026/2200 1020.00 998.30 9.64 282.80 0.00 33.00
0.00 0.00 283.20 17.00 61.00 0.00
-9999.00 2.00 -3.30 -9999.00 -9999.00 9.74
6.01 0.00 0.00 0.00 0.00 14.20
-10.70 -65.10 -0.02 999.00 -9999.00 20.00
6.25
724390 221026/2300 1021.20 999.40 7.84 281.00 0.00 33.00
0.00 0.00 281.60 5.00 37.00 0.00
-9999.00 1.20 -2.00 -9999.00 -9999.00 8.14
6.09 0.00 0.00 0.00 0.00 13.20
-11.10 -65.50 -0.02 999.00 -9999.00 20.00
6.46
724390 221027/0000 1021.70 999.80 6.54 279.70 0.00 33.00
0.00 0.00 280.40 3.00 73.00 0.00
-9999.00 0.90 -1.60 -9999.00 -9999.00 7.04
5.90 0.00 0.00 0.00 0.00 11.50
-11.20 -56.50 0.00 999.00 -9999.00 20.00
6.01
724390 221027/0100 1022.10 1000.20 5.74 278.90 0.00 33.00
0.00 0.00 279.50 2.00 10.00 0.00
-9999.00 0.90 -1.80 -9999.00 -9999.00 6.24
5.68 0.00 0.00 0.00 0.00 11.30
-9.80 -51.20 0.00 999.00 -9999.00 20.00
5.47
724390 221027/0200 1022.40 1000.40 5.14 278.30 0.00 33.00
0.00 0.00 278.90 3.00 76.00 0.00
-9999.00 0.80 -1.70 -9999.00 -9999.00 5.64
5.50 0.00 0.00 0.00 0.00 10.90
-8.60 -48.90 0.00 999.00 -9999.00 20.00
5.01
724390 221027/0300 1022.80 1000.80 4.74 277.90 0.00 34.00
0.00 0.00 278.50 5.00 100.00 0.00
-9999.00 0.20 -1.80 -9999.00 -9999.00 5.24
5.37 0.00 0.00 0.00 0.00 10.60
-7.80 -57.50 0.00 999.00 -9999.00 20.00
4.68
724390 221027/0400 1024.30 1002.20 5.04 278.20 0.00 34.00
0.00 0.00 278.60 5.00 100.00 0.00
-9999.00 -0.40 -1.30 -9999.00 -9999.00 5.34
5.41 0.00 0.00 0.00 0.00 9.90
-7.50 -58.10 0.00 999.00 -9999.00 20.00
4.81
724390 221027/0500 1023.50 1001.40 4.64 277.80 0.00 34.00
0.00 0.00 278.40 7.00 100.00 0.00
-9999.00 -0.40 -0.70 -9999.00 -9999.00 5.04
5.33 0.00 0.00 0.00 0.00 9.80
-6.90 -64.40 0.00 999.00 -9999.00 20.00
4.58
724390 221027/0600 1023.90 1001.70 4.24 277.40 0.00 34.00
0.00 0.00 277.90 8.00 100.00 0.00
-9999.00 -1.50 -0.50 -9999.00 -9999.00 4.54
5.20 0.00 0.00 0.00 0.00 9.20
-7.10 -76.00 0.00 999.00 -9999.00 20.00
4.24
724390 221027/0700 1024.60 1002.40 4.24 277.40 0.00 34.00
0.00 0.00 277.80 3.00 100.00 0.00
-9999.00 -2.00 -0.30 -9999.00 -9999.00 4.44
5.16 0.00 0.00 0.00 0.00 8.20
-7.20 -74.10 0.00 999.00 -9999.00 20.00
4.14
724390 221027/0800 1025.50 1003.20 4.14 277.30 0.00 34.00
0.00 0.00 277.80 4.00 100.00 0.00
-9999.00 -1.40 0.30 -9999.00 -9999.00 4.34
5.12 0.00 0.00 0.00 0.00 7.40
-7.30 -75.10 0.00 999.00 -9999.00 20.00
4.04
724390 221027/0900 1025.80 1003.60 4.54 277.70 0.00 34.00
0.00 0.00 278.10 5.00 100.00 0.00
-9999.00 -1.60 0.20 -9999.00 -9999.00 4.64
5.17 0.00 0.00 0.00 0.00 6.80
-7.30 -77.50 0.00 999.00 -9999.00 20.00
4.18


