
SNPARM = PRES;TMPC;TMWC;DWPC;THTE;DRCT;SKNT;OMEG;CFRL;HGHT 
STNPRM = SHOW;LIFT;SWET;KINX;LCLP;PWAT;TOTL;CAPE;LCLT;CINS;EQLV;LFCT;BRCH 

STID = KMFR STNM = 725970 TIME = 221026/1200 
SLAT = 42.37 SLON = -122.87 SELV = 563.0
STIM = 0

SHOW = 9.58 LIFT = 8.81 SWET = 90.86 KINX = 2.32
LCLP = 921.76 PWAT = 9.81 TOTL = 39.88 CAPE = 24.08
LCLT = 277.28 CINS = -10.34 EQLV = 724.03 LFCT = 841.79
BRCH = 0.31

PRES TMPC TMWC DWPC THTE DRCT SKNT OMEG
CFRL HGHT
952.50 6.74 5.70 4.60 299.64 248.20 5.23 0.10
0.00 572.49
949.70 7.14 5.82 4.45 300.22 263.37 8.41 -0.20
0.00 596.71
944.50 7.04 5.64 4.17 300.38 270.97 11.46 -0.50
0.00 641.90
935.50 6.74 5.27 3.72 300.56 286.70 14.20 -0.90
0.00 720.64
922.30 5.94 4.57 3.09 300.48 299.48 15.40 -1.20
0.00 837.27
905.40 4.84 3.62 2.25 300.31 308.00 15.77 -1.50
0.00 988.52
885.30 3.54 2.20 0.59 299.57 317.16 14.57 -1.70
0.00 1171.29
863.40 1.84 0.81 -0.51 299.20 319.47 15.85 -1.80
0.00 1374.08
839.80 -0.06 -0.95 -2.19 298.41 325.95 17.35 -1.80
2.00 1596.94
813.40 -2.06 -3.31 -5.31 296.96 333.69 19.72 -1.60
0.00 1851.88
784.40 -4.16 -5.36 -7.49 296.64 341.41 23.15 -1.10
24.00 2139.36
752.80 -6.46 -8.41 -12.76 295.09 339.75 25.25 -0.60
0.00 2462.20
718.50 -7.76 -10.96 -20.68 294.99 328.97 27.87 0.00
0.00 2825.68
681.60 -9.16 -13.18 -30.88 296.02 323.00 33.57 0.60
0.00 3234.35
642.00 -11.06 -15.19 -39.70 298.16 326.31 40.62 1.30
0.00 3695.29
599.60 -12.46 -16.62 -47.28 302.06 332.31 48.48 1.90
0.00 4218.11
554.80 -15.26 -18.71 -40.14 305.95 334.26 54.12 2.30
0.00 4807.55
511.30 -19.06 -21.46 -34.59 309.21 332.31 57.69 2.30
0.00 5419.49
471.80 -23.46 -25.11 -35.15 310.96 325.34 57.38 2.20
0.00 6012.45
436.30 -27.76 -28.94 -37.79 312.27 318.80 56.02 1.90
0.00 6579.38
404.10 -32.06 -32.94 -41.50 313.27 315.44 53.71 1.70
0.00 7125.35
374.90 -36.56 -37.25 -46.90 313.72 313.61 50.97 1.50
0.00 7649.78
348.40 -41.06 -41.59 -53.01 314.01 323.32 47.47 1.30
0.00 8152.67
324.30 -45.56 -45.91 -55.99 314.21 335.03 46.93 1.10
0.00 8634.95
302.60 -49.36 -49.56 -56.56 315.14 334.55 44.76 0.80
0.00 9092.49
282.90 -52.06 -52.21 -58.56 317.34 329.38 44.25 0.50
0.00 9530.83
265.10 -54.06 -54.19 -60.83 320.33 333.02 47.51 0.20
0.00 9949.50
248.50 -55.16 -55.30 -63.52 324.62 340.75 47.73 0.00
0.00 10363.17
233.40 -55.86 -56.02 -66.97 329.38 336.91 40.11 -0.20
0.00 10762.54
219.60 -55.96 -56.16 -72.27 334.97 320.26 41.94 -0.30
0.00 11150.10
205.60 -56.36 -56.56 -72.72 340.71 318.50 49.53 -0.40
0.00 11568.51
191.70 -56.86 -57.07 -73.19 346.79 322.93 54.78 -0.50
0.00 12012.21
177.70 -57.26 -9999.00 -9999.00 -9999.00 323.46 53.19 -0.50
0.00 12491.89
163.80 -57.46 -9999.00 -9999.00 -9999.00 323.00 51.32 -0.40
0.00 13006.37
149.80 -57.96 -9999.00 -9999.00 -9999.00 317.03 50.45 -0.30
0.00 13569.80
135.90 -58.46 -9999.00 -9999.00 -9999.00 312.60 55.67 -0.10
0.00 14182.49
121.90 -58.46 -9999.00 -9999.00 -9999.00 314.19 57.96 0.10
0.00 14865.70
108.00 -56.86 -9999.00 -9999.00 -9999.00 315.00 54.39 0.20
0.00 15629.37
94.00 -54.66 -9999.00 -9999.00 -9999.00 319.24 38.99 0.20
0.00 16512.83
81.00 -54.76 -9999.00 -9999.00 -9999.00 321.15 8.97 0.00
0.00 17464.56
70.60 -59.46 -9999.00 -9999.00 -9999.00 312.88 3.71 -0.10
0.00 18333.57
62.20 -61.56 -9999.00 -9999.00 -9999.00 311.76 14.59 0.00
0.00 19122.03
54.30 -60.36 -9999.00 -9999.00 -9999.00 309.47 21.39 0.00
0.00 19965.69
46.90 -57.06 -9999.00 -9999.00 -9999.00 299.39 19.39 0.10
0.00 20885.30
40.10 -55.76 -9999.00 -9999.00 -9999.00 322.43 6.37 0.00
0.00 21879.08
33.80 -57.66 -9999.00 -9999.00 -9999.00 353.09 6.45 0.00
0.00 22961.92
27.80 -55.66 -9999.00 -9999.00 -9999.00 311.88 7.56 0.00
0.00 24200.32
22.30 -54.06 -9999.00 -9999.00 -9999.00 325.71 5.17 0.00
0.00 25608.91
17.10 -53.36 -9999.00 -9999.00 -9999.00 330.26 9.40 0.00
0.00 27314.36
12.30 -51.76 -9999.00 -9999.00 -9999.00 283.35 11.77 0.00
0.00 29441.79

STID = KMFR STNM = 725970 TIME = 221026/1300 
SLAT = 42.37 SLON = -122.87 SELV = 563.0
STIM = 1

SHOW = 10.55 LIFT = 10.12 SWET = 85.56 KINX = 6.99
LCLP = 923.13 PWAT = 10.42 TOTL = 38.13 CAPE = 30.06
LCLT = 277.04 CINS = -7.95 EQLV = 710.67 LFCT = 852.54
BRCH = 0.40

PRES TMPC TMWC DWPC THTE DRCT SKNT OMEG
CFRL HGHT
953.20 6.44 5.43 4.35 298.98 235.18 5.44 0.20
0.00 572.47
950.30 6.74 5.53 4.26 299.52 247.93 7.75 -0.10
0.00 597.50
945.10 6.54 5.32 4.02 299.61 260.73 9.63 -0.40
0.00 642.59
936.10 6.14 5.00 3.78 299.90 283.35 11.77 -0.80
0.00 721.13
922.90 5.44 4.38 3.21 299.99 300.26 13.50 -1.20
0.00 837.45
906.00 4.44 3.41 2.23 299.79 310.10 14.47 -1.60
0.00 988.36
885.90 3.14 1.93 0.44 298.93 315.00 14.01 -1.90
0.00 1170.75
864.00 1.44 0.48 -0.79 298.45 322.19 14.26 -2.20
0.00 1373.10
840.30 -0.66 -0.75 -0.91 298.75 327.58 17.04 -2.30
5.00 1596.37
813.90 -2.56 -2.58 -2.65 298.30 335.60 20.69 -2.20
100.00 1850.72
784.90 -4.46 -5.29 -6.72 296.72 341.71 23.52 -1.80
7.00 2137.67
753.20 -6.56 -8.59 -13.21 294.73 342.11 25.93 -1.10
0.00 2461.11
718.90 -8.56 -11.04 -17.96 294.86 333.98 27.45 -0.40
0.00 2823.80
682.00 -9.96 -13.07 -24.01 296.26 327.58 31.53 0.30
0.00 3231.08
642.30 -10.86 -14.70 -32.78 298.98 329.34 37.70 1.00
0.00 3692.50
599.90 -11.96 -16.12 -41.99 302.84 333.32 44.13 1.50
0.00 4215.81
555.00 -14.36 -17.89 -36.99 307.26 333.83 49.79 1.90
0.00 4807.93
511.40 -18.16 -20.70 -33.61 310.43 330.54 53.32 2.00
0.00 5423.28
471.90 -22.56 -24.53 -37.02 311.82 326.93 55.17 2.00
0.00 6018.23
436.40 -27.16 -28.68 -41.56 312.62 325.30 55.28 1.90
0.00 6586.73
404.20 -31.96 -33.05 -45.64 313.05 325.38 53.34 1.70
0.00 7133.32
374.90 -36.86 -37.61 -49.65 313.17 329.07 50.27 1.50
0.00 7659.23
348.40 -41.76 -42.24 -53.01 313.06 338.62 49.03 1.20
0.00 8161.04
324.40 -45.96 -46.26 -54.72 313.67 345.69 49.51 1.00
0.00 8640.10
302.60 -49.26 -49.49 -58.03 315.24 348.98 52.84 0.70
0.00 9099.38
282.90 -51.96 -52.11 -58.56 317.49 353.53 58.64 0.40
0.00 9537.91
265.10 -53.56 -53.71 -60.83 321.06 357.74 59.09 0.20
0.00 9957.16
248.50 -53.66 -53.85 -63.52 326.86 354.07 50.78 0.00
0.00 10372.71
233.40 -53.86 -54.08 -66.97 332.42 341.03 46.02 -0.10
0.00 10775.30
219.60 -55.46 -55.67 -72.27 335.74 332.73 49.61 -0.30
0.00 11165.09
205.60 -56.46 -56.66 -72.72 340.55 331.63 52.33 -0.40
0.00 11583.89
191.70 -56.76 -56.97 -73.19 346.95 330.02 52.47 -0.50
0.00 12027.58
177.70 -57.56 -9999.00 -9999.00 -9999.00 328.06 54.70 -0.50
0.00 12507.04
163.80 -58.16 -9999.00 -9999.00 -9999.00 329.07 54.80 -0.40
0.00 13020.33
149.80 -58.06 -9999.00 -9999.00 -9999.00 323.63 53.07 -0.20
0.00 13582.71
135.90 -58.06 -9999.00 -9999.00 -9999.00 317.26 55.81 0.00
0.00 14195.83
121.90 -57.96 -9999.00 -9999.00 -9999.00 318.43 57.38 0.10
0.00 14880.47
108.00 -56.66 -9999.00 -9999.00 -9999.00 319.78 51.15 0.20
0.00 15645.39
94.00 -54.96 -9999.00 -9999.00 -9999.00 320.50 37.26 0.10
0.00 16528.64
81.00 -55.46 -9999.00 -9999.00 -9999.00 320.53 8.55 -0.10
0.00 17478.19
70.60 -61.26 -9999.00 -9999.00 -9999.00 284.04 4.00 -0.10
0.00 18342.17
62.20 -61.86 -9999.00 -9999.00 -9999.00 303.39 20.47 0.00
0.00 19126.74
54.30 -58.86 -9999.00 -9999.00 -9999.00 307.50 28.40 0.10
0.00 19972.78
46.90 -55.96 -9999.00 -9999.00 -9999.00 307.35 18.57 0.00
0.00 20897.97
40.10 -57.46 -9999.00 -9999.00 -9999.00 17.35 3.26 0.00
0.00 21890.37
33.80 -58.96 -9999.00 -9999.00 -9999.00 330.95 6.00 0.00
0.00 22965.70
27.80 -54.86 -9999.00 -9999.00 -9999.00 303.69 7.71 0.00
0.00 24202.68
22.30 -53.86 -9999.00 -9999.00 -9999.00 56.31 4.20 0.00
0.00 25614.50
17.10 -53.66 -9999.00 -9999.00 -9999.00 3.69 6.04 0.00
0.00 27319.55
12.30 -51.66 -9999.00 -9999.00 -9999.00 276.52 6.84 0.00
0.00 29446.03

STID = KMFR STNM = 725970 TIME = 221026/1400 
SLAT = 42.37 SLON = -122.87 SELV = 563.0
STIM = 2

SHOW = 11.06 LIFT = 10.51 SWET = 80.62 KINX = 9.44
LCLP = 927.94 PWAT = 10.59 TOTL = 37.26 CAPE = 49.45
LCLT = 277.25 CINS = -11.46 EQLV = 692.49 LFCT = 846.89
BRCH = 0.76

PRES TMPC TMWC DWPC THTE DRCT SKNT OMEG
CFRL HGHT
954.50 6.34 5.45 4.50 298.89 233.13 3.88 0.10
0.00 571.59
951.70 6.44 5.40 4.28 299.07 247.25 6.53 -0.10
0.00 595.71
946.40 6.34 5.21 3.99 299.22 261.67 8.04 -0.30
0.00 641.56
937.40 5.84 4.83 3.72 299.37 285.64 10.08 -0.60
0.00 719.92
924.20 5.14 4.16 3.06 299.37 308.66 12.43 -1.10
0.00 835.95
907.30 4.34 3.23 1.94 299.25 321.46 14.65 -1.50
0.00 986.53
887.10 3.14 1.89 0.34 298.70 326.11 15.68 -1.80
0.00 1169.53
865.20 1.54 0.35 -1.24 298.05 335.17 14.34 -2.00
0.00 1371.62
841.40 -0.66 -1.08 -1.68 297.98 337.14 17.50 -2.00
0.00 1595.55
815.00 -2.96 -2.98 -3.05 297.41 339.75 21.33 -2.00
100.00 1849.35
785.90 -5.06 -5.45 -6.14 296.31 340.56 24.51 -1.80
27.00 2136.38
754.20 -7.16 -8.27 -10.58 295.18 341.96 26.96 -1.30
1.00 2458.73
719.80 -9.46 -11.19 -15.69 294.54 336.60 28.36 -0.60
0.00 2821.06
682.70 -10.96 -13.42 -21.50 295.66 330.30 31.76 0.00
0.00 3228.67
642.90 -11.46 -15.02 -31.25 298.41 329.14 37.10 0.60
0.00 3689.42
600.40 -12.26 -16.36 -42.59 302.39 329.57 42.58 1.00
0.00 4212.61
555.50 -14.86 -18.13 -34.81 306.83 327.94 45.38 1.30
0.00 4803.32
511.80 -18.16 -20.83 -35.36 310.12 326.83 47.57 1.50
0.00 5418.97
472.20 -22.16 -24.49 -42.14 311.76 329.66 48.83 1.60
0.00 6015.43
436.60 -26.86 -28.72 -50.07 312.45 334.28 47.01 1.70
0.00 6585.97
404.40 -31.86 -33.10 -49.82 312.92 340.70 44.66 1.60
0.00 7132.72
375.00 -36.36 -37.07 -46.90 313.96 349.14 48.47 1.40
0.00 7660.89
348.50 -40.46 -40.87 -47.56 315.05 355.81 58.43 1.10
0.00 8164.50
324.40 -44.66 -44.98 -52.62 315.54 358.46 64.90 0.70
0.00 8648.23
302.70 -48.16 -48.36 -54.19 316.88 359.03 68.78 0.40
0.00 9107.77
283.00 -50.86 -51.00 -55.85 319.11 0.89 74.79 0.10
0.00 9548.32
265.20 -53.46 -53.56 -57.62 321.25 1.02 76.36 0.00
0.00 9968.56
248.50 -54.96 -55.08 -61.32 324.96 359.69 71.68 0.00
0.00 10385.40
233.40 -55.66 -55.80 -63.99 329.73 356.50 66.74 0.00
0.00 10785.15
219.60 -56.36 -56.52 -67.41 334.40 351.94 65.13 -0.10
0.00 11172.52
205.60 -56.46 -56.66 -72.72 340.55 344.03 61.42 -0.10
0.00 11590.46
191.70 -56.16 -56.39 -73.19 347.91 339.06 57.61 -0.30
0.00 12034.77
177.70 -56.76 -9999.00 -9999.00 -9999.00 335.37 54.06 -0.30
0.00 12515.78
163.80 -58.16 -9999.00 -9999.00 -9999.00 332.77 52.21 -0.30
0.00 13030.02
149.80 -58.76 -9999.00 -9999.00 -9999.00 327.20 52.00 -0.20
0.00 13591.49
135.90 -58.36 -9999.00 -9999.00 -9999.00 320.67 54.25 -0.10
0.00 14203.18
121.90 -57.96 -9999.00 -9999.00 -9999.00 319.64 54.29 0.00
0.00 14887.35
108.00 -57.06 -9999.00 -9999.00 -9999.00 322.43 47.79 0.10
0.00 15651.55
94.00 -55.66 -9999.00 -9999.00 -9999.00 324.02 35.04 0.00
0.00 16532.57
81.00 -56.36 -9999.00 -9999.00 -9999.00 329.53 11.50 -0.10
0.00 17478.64
70.60 -61.96 -9999.00 -9999.00 -9999.00 303.69 7.01 -0.10
0.00 18339.40
62.20 -61.76 -9999.00 -9999.00 -9999.00 309.93 23.31 0.00
0.00 19122.85
54.30 -58.16 -9999.00 -9999.00 -9999.00 320.04 28.13 0.00
0.00 19970.49
46.90 -55.66 -9999.00 -9999.00 -9999.00 340.91 10.68 0.00
0.00 20897.82
40.10 -59.56 -9999.00 -9999.00 -9999.00 84.47 6.04 0.00
0.00 21886.10
33.80 -58.16 -9999.00 -9999.00 -9999.00 322.13 6.64 0.00
0.00 22958.18
27.80 -54.06 -9999.00 -9999.00 -9999.00 329.93 4.27 0.00
0.00 24199.73
22.30 -55.06 -9999.00 -9999.00 -9999.00 90.00 2.91 0.00
0.00 25610.26
17.10 -53.76 -9999.00 -9999.00 -9999.00 281.77 4.76 0.00
0.00 27310.26
12.30 -51.66 -9999.00 -9999.00 -9999.00 250.20 10.31 0.00
0.00 29436.25

STID = KMFR STNM = 725970 TIME = 221026/1500 
SLAT = 42.37 SLON = -122.87 SELV = 563.0
STIM = 3

SHOW = 10.82 LIFT = 10.33 SWET = 72.95 KINX = 9.81
LCLP = 930.73 PWAT = 10.75 TOTL = 37.70 CAPE = 46.18
LCLT = 277.21 CINS = -10.08 EQLV = 700.20 LFCT = 841.40
BRCH = 0.62

PRES TMPC TMWC DWPC THTE DRCT SKNT OMEG
CFRL HGHT
953.00 5.94 5.21 4.40 298.51 210.58 4.97 0.20
0.00 571.60
950.10 6.14 5.25 4.28 298.91 214.70 6.14 0.20
0.00 596.59
944.90 6.24 5.10 3.86 299.14 237.26 6.47 0.10
0.00 641.61
935.90 5.64 4.58 3.40 298.99 268.21 6.22 -0.20
0.00 720.04
922.70 4.84 3.92 2.88 299.03 308.16 6.92 -0.50
0.00 836.16
905.80 4.04 3.15 2.11 299.25 328.84 9.75 -0.90
0.00 986.82
885.70 2.84 2.02 1.01 299.14 335.56 11.73 -1.10
0.00 1169.03
863.80 1.24 0.54 -0.38 298.60 342.10 13.27 -1.40
0.00 1371.25
840.10 -0.66 -1.19 -1.94 297.91 347.39 15.13 -1.50
0.00 1594.49
813.80 -3.06 -3.22 -3.51 297.09 348.45 18.43 -1.40
58.00 1847.64
784.80 -5.06 -5.55 -6.41 296.27 347.08 21.72 -1.10
11.00 2134.03
753.10 -7.46 -8.24 -9.84 295.37 344.25 23.62 -0.50
4.00 2456.67
718.80 -9.66 -11.13 -14.82 294.78 337.80 26.22 0.20
0.00 2818.15
681.80 -10.46 -13.18 -22.21 296.15 333.59 31.88 0.80
0.00 3225.45
642.20 -10.36 -14.48 -35.19 299.30 332.27 38.40 1.10
0.00 3685.81
599.80 -11.66 -15.80 -38.94 303.42 329.44 42.40 1.20
0.00 4210.00
555.00 -15.06 -18.02 -31.45 307.14 324.31 43.28 1.20
0.00 4800.45
511.30 -18.36 -20.95 -34.84 310.03 323.33 44.56 1.10
0.00 5416.22
471.90 -22.16 -24.49 -42.14 311.82 327.72 43.65 1.00
0.00 6009.93
436.40 -26.56 -28.30 -44.39 313.17 340.77 44.23 1.00
0.00 6579.53
404.20 -31.16 -32.25 -43.14 314.28 0.58 57.50 1.00
0.00 7127.69
374.90 -35.46 -36.28 -47.52 315.14 9.90 74.53 1.00
0.00 7656.04
348.40 -39.36 -40.00 -52.01 316.34 11.23 83.78 0.80
0.00 8161.94
324.40 -42.66 -43.08 -51.72 318.34 10.17 93.55 0.60
0.00 8646.95
302.60 -46.26 -46.58 -55.30 319.55 8.67 96.68 0.40
0.00 9112.65
282.90 -49.56 -49.78 -57.10 320.97 6.24 94.77 0.20
0.00 9556.51
265.10 -52.36 -52.52 -59.08 322.85 4.28 93.69 0.10
0.00 9979.18
248.50 -54.46 -54.60 -61.32 325.71 3.01 92.60 -0.10
0.00 10395.12
233.40 -56.06 -56.19 -63.99 329.12 2.27 88.46 -0.20
0.00 10794.96
219.60 -57.56 -57.70 -67.41 332.55 359.73 81.78 -0.30
0.00 11180.91
205.60 -57.86 -58.03 -72.72 338.35 354.79 74.90 -0.40
0.00 11596.33
191.70 -57.26 -57.46 -73.19 346.15 351.16 70.77 -0.50
0.00 12038.09
177.70 -57.26 -9999.00 -9999.00 -9999.00 351.67 63.01 -0.50
0.00 12517.32
163.80 -58.46 -9999.00 -9999.00 -9999.00 348.21 54.18 -0.40
0.00 13030.61
149.80 -59.86 -9999.00 -9999.00 -9999.00 337.43 48.60 -0.20
0.00 13590.25
135.90 -59.66 -9999.00 -9999.00 -9999.00 326.13 50.54 0.00
0.00 14198.51
121.90 -58.76 -9999.00 -9999.00 -9999.00 321.37 53.21 0.10
0.00 14879.34
108.00 -57.86 -9999.00 -9999.00 -9999.00 324.85 46.56 0.10
0.00 15640.71
94.00 -56.96 -9999.00 -9999.00 -9999.00 328.35 33.31 0.10
0.00 16517.46
81.00 -57.16 -9999.00 -9999.00 -9999.00 332.99 11.11 0.00
0.00 17458.95
70.60 -62.06 -9999.00 -9999.00 -9999.00 290.38 7.25 0.00
0.00 18317.90
62.20 -61.56 -9999.00 -9999.00 -9999.00 312.88 22.26 0.00
0.00 19101.54
54.30 -57.16 -9999.00 -9999.00 -9999.00 327.94 22.69 0.00
0.00 19951.56
46.90 -55.86 -9999.00 -9999.00 -9999.00 77.01 5.19 0.00
0.00 20880.61
40.10 -60.26 -9999.00 -9999.00 -9999.00 99.46 2.37 0.00
0.00 21866.83
33.80 -56.06 -9999.00 -9999.00 -9999.00 307.18 7.07 0.00
0.00 22942.41
27.80 -54.36 -9999.00 -9999.00 -9999.00 56.31 3.50 0.00
0.00 24189.10
22.30 -55.06 -9999.00 -9999.00 -9999.00 348.23 4.76 0.00
0.00 25598.67
17.10 -52.16 -9999.00 -9999.00 -9999.00 318.01 10.45 0.00
0.00 27304.88
12.30 -51.46 -9999.00 -9999.00 -9999.00 293.78 12.53 0.00
0.00 29439.56

STID = KMFR STNM = 725970 TIME = 221026/1600 
SLAT = 42.37 SLON = -122.87 SELV = 563.0
STIM = 4

SHOW = 10.53 LIFT = 9.99 SWET = 73.51 KINX = 7.41
LCLP = 920.57 PWAT = 10.75 TOTL = 38.28 CAPE = 23.85
LCLT = 277.08 CINS = -8.26 EQLV = 720.53 LFCT = 845.08
BRCH = 0.30

PRES TMPC TMWC DWPC THTE DRCT SKNT OMEG
CFRL HGHT
953.60 6.74 5.62 4.44 299.36 228.81 4.14 0.10
0.00 572.48
950.80 6.54 5.39 4.16 299.15 236.89 5.34 0.10
0.00 596.64
945.60 6.44 4.99 3.41 298.83 249.44 6.64 0.10
0.00 641.67
936.60 5.94 4.48 2.86 298.71 263.99 7.42 0.00
0.00 720.11
923.40 5.04 3.92 2.64 298.93 291.25 7.50 -0.20
0.00 836.23
906.50 4.14 3.33 2.40 299.57 314.17 9.48 -0.50
0.00 986.86
886.30 2.84 2.32 1.67 299.69 324.69 11.42 -0.70
1.00 1169.89
864.40 1.14 0.81 0.35 299.07 333.81 13.21 -0.90
11.00 1371.97
840.70 -0.66 -1.14 -1.83 297.93 341.33 15.17 -0.90
8.00 1595.02
814.30 -2.66 -3.31 -4.33 296.87 342.94 17.87 -0.90
8.00 1849.15
785.30 -4.76 -5.86 -7.86 295.64 340.38 20.82 -0.60
0.00 2135.68
753.60 -6.96 -8.24 -10.93 295.30 336.18 23.56 -0.20
0.00 2458.54
719.30 -8.56 -10.66 -16.09 295.46 335.84 28.96 0.30
0.00 2820.83
682.30 -9.06 -12.42 -23.86 297.27 338.14 34.95 0.60
0.00 3229.73
642.60 -9.46 -13.79 -34.22 300.37 337.94 39.82 0.90
0.00 3692.95
600.10 -11.36 -15.36 -34.61 304.13 333.43 42.13 1.10
0.00 4219.31
555.20 -14.96 -17.85 -30.44 307.40 326.74 43.20 1.20
0.00 4811.30
511.60 -18.46 -20.92 -33.61 310.03 325.21 44.95 1.30
0.00 5425.40
472.00 -22.46 -24.59 -39.27 311.68 326.80 44.35 1.20
0.00 6021.43
436.50 -26.96 -28.42 -40.03 313.00 329.36 41.55 1.00
0.00 6590.14
404.30 -31.36 -32.22 -39.75 314.31 348.64 43.40 0.80
0.00 7137.52
375.00 -34.96 -35.61 -42.59 316.15 7.23 63.25 0.70
0.00 7666.10
348.40 -38.76 -39.33 -48.17 317.35 10.75 81.25 0.60
0.00 8175.04
324.40 -41.46 -41.94 -50.90 320.04 10.21 97.51 0.50
0.00 8661.95
302.60 -44.86 -45.18 -52.32 321.63 9.06 104.84 0.30
0.00 9130.30
283.00 -48.66 -48.89 -55.85 322.27 11.62 105.11 0.20
0.00 9574.08
265.20 -51.56 -51.72 -57.62 324.03 12.04 108.04 0.00
0.00 9998.22
248.50 -54.16 -54.28 -59.59 326.19 11.37 114.32 0.00
1.00 10417.64
233.50 -56.66 -56.73 -60.07 328.26 10.11 118.40 -0.10
0.00 10814.47
219.60 -58.56 -58.65 -64.44 331.05 8.69 114.37 -0.20
0.00 11201.70
205.70 -59.06 -59.20 -72.71 336.42 4.28 93.69 -0.30
0.00 11611.96
191.70 -58.76 -58.92 -73.19 343.74 357.29 77.97 -0.40
0.00 12053.99
177.70 -59.06 -59.23 -73.70 350.78 358.75 71.50 -0.40
0.00 12529.57
163.80 -59.26 -9999.00 -9999.00 -9999.00 359.59 54.20 -0.30
0.00 13039.76
149.80 -60.06 -9999.00 -9999.00 -9999.00 345.84 42.07 -0.10
0.00 13598.09
135.90 -59.76 -9999.00 -9999.00 -9999.00 328.05 44.41 0.10
0.00 14205.93
121.90 -58.86 -9999.00 -9999.00 -9999.00 321.48 49.90 0.10
0.00 14886.44
108.00 -57.86 -9999.00 -9999.00 -9999.00 326.45 44.99 0.10
0.00 15647.63
94.00 -57.26 -9999.00 -9999.00 -9999.00 330.68 28.96 0.00
0.00 16523.77
81.00 -58.46 -9999.00 -9999.00 -9999.00 322.79 13.17 -0.10
0.00 17461.77
70.60 -61.56 -9999.00 -9999.00 -9999.00 284.78 14.47 0.00
0.00 18319.12
62.20 -59.06 -9999.00 -9999.00 -9999.00 315.00 25.27 0.10
0.00 19108.32
54.30 -55.06 -9999.00 -9999.00 -9999.00 344.68 14.70 0.10
0.00 19967.48
46.90 -58.46 -9999.00 -9999.00 -9999.00 143.13 11.65 0.00
0.00 20895.46
40.10 -59.46 -9999.00 -9999.00 -9999.00 250.35 5.77 0.00
0.00 21877.55
33.80 -55.16 -9999.00 -9999.00 -9999.00 308.66 6.22 0.00
0.00 22957.38
27.80 -55.66 -9999.00 -9999.00 -9999.00 75.96 4.00 0.00
0.00 24202.93
22.30 -53.96 -9999.00 -9999.00 -9999.00 330.26 7.83 0.00
0.00 25611.85
17.10 -50.96 -9999.00 -9999.00 -9999.00 345.38 9.23 0.00
0.00 27327.01
12.30 -51.46 -9999.00 -9999.00 -9999.00 313.83 13.46 0.00
0.00 29467.47

STID = KMFR STNM = 725970 TIME = 221026/1700 
SLAT = 42.37 SLON = -122.87 SELV = 563.0
STIM = 5

SHOW = 10.97 LIFT = 10.12 SWET = 78.03 KINX = 9.39
LCLP = 896.15 PWAT = 11.03 TOTL = 37.39 CAPE = 18.67
LCLT = 276.17 CINS = -6.08 EQLV = 711.77 LFCT = 850.47
BRCH = 0.22

PRES TMPC TMWC DWPC THTE DRCT SKNT OMEG
CFRL HGHT
955.60 8.14 6.08 3.94 300.14 253.30 4.06 0.00
0.00 571.64
952.70 7.74 5.75 3.65 299.72 259.11 5.15 -0.10
0.00 596.73
947.50 7.34 5.47 3.47 299.66 262.15 5.69 -0.10
0.00 641.84
938.50 6.54 4.96 3.25 299.54 266.42 6.24 -0.20
0.00 720.33
925.30 5.44 4.21 2.83 299.35 284.74 7.63 -0.30
0.00 836.43
908.30 4.34 3.48 2.49 299.68 310.97 9.77 -0.60
0.00 987.81
888.10 3.04 2.44 1.72 299.76 324.57 12.39 -0.90
7.00 1170.61
866.10 1.34 0.97 0.47 299.21 333.43 14.76 -1.10
31.00 1373.36
842.40 -0.36 -1.10 -2.15 297.81 341.36 17.02 -1.20
17.00 1596.16
815.90 -2.06 -3.46 -5.73 296.39 344.28 20.78 -1.20
1.00 1851.13
786.80 -4.16 -5.82 -8.92 295.53 343.30 24.34 -0.90
0.00 2138.69
755.00 -6.36 -8.14 -11.96 295.30 342.96 27.84 -0.50
0.00 2462.64
720.60 -8.56 -10.45 -15.15 295.66 346.48 31.57 0.00
0.00 2825.72
683.40 -9.96 -12.55 -20.50 296.98 348.24 34.32 0.50
0.00 3235.49
643.60 -10.36 -13.89 -27.41 300.19 341.28 37.53 0.90
0.00 3697.64
600.90 -11.56 -15.30 -31.72 304.15 330.63 40.79 1.00
0.00 4224.67
555.90 -14.66 -17.50 -29.16 307.87 324.25 43.55 1.20
0.00 4817.36
512.10 -18.06 -20.63 -33.83 310.40 325.09 45.47 1.30
0.00 5434.43
472.50 -22.06 -24.17 -37.60 312.26 325.23 45.65 1.30
0.00 6030.80
436.80 -26.46 -27.77 -36.68 313.96 329.26 42.95 1.10
0.00 6603.28
404.60 -30.66 -31.40 -36.93 315.51 348.53 42.02 0.80
0.00 7151.66
375.20 -34.56 -35.23 -42.20 316.67 7.17 56.00 0.60
0.00 7682.93
348.60 -37.56 -38.15 -45.91 319.07 8.41 73.04 0.50
0.00 8193.32
324.50 -40.46 -40.85 -46.56 321.66 6.47 86.21 0.30
0.00 8684.36
302.70 -44.46 -44.76 -50.75 322.25 9.72 93.22 0.10
0.00 9154.01
283.00 -47.36 -47.65 -55.85 324.14 16.53 107.19 -0.10
0.00 9601.65
265.20 -49.96 -50.18 -57.62 326.37 17.83 116.72 -0.20
0.00 10028.55
248.60 -52.96 -53.12 -59.58 327.94 16.95 123.27 -0.30
0.00 10448.02
233.50 -56.16 -56.24 -60.07 329.02 15.99 128.32 -0.40
59.00 10848.98
219.60 -59.16 -59.21 -62.27 330.17 15.81 126.18 -0.40
0.00 11236.12
205.70 -62.56 -62.59 -64.93 331.00 12.45 117.17 -0.40
0.00 11642.45
191.70 -63.36 -63.41 -68.39 336.41 4.66 102.89 -0.30
0.00 12076.14
177.70 -59.26 -9999.00 -9999.00 -9999.00 359.13 76.73 -0.30
0.00 12546.38
163.80 -57.96 -9999.00 -9999.00 -9999.00 359.33 49.73 -0.30
0.00 13057.88
149.80 -59.06 -9999.00 -9999.00 -9999.00 342.03 37.78 -0.20
0.00 13619.22
135.90 -59.86 -9999.00 -9999.00 -9999.00 328.16 43.45 0.00
0.00 14228.34
121.90 -59.26 -9999.00 -9999.00 -9999.00 325.32 46.78 0.10
0.00 14908.06
108.00 -57.86 -9999.00 -9999.00 -9999.00 328.99 42.60 0.10
0.00 15668.54
94.00 -56.96 -9999.00 -9999.00 -9999.00 333.97 27.89 0.00
0.00 16545.29
81.00 -58.76 -9999.00 -9999.00 -9999.00 320.44 17.39 0.00
0.00 17483.30
70.60 -60.46 -9999.00 -9999.00 -9999.00 297.46 22.32 0.00
0.00 18342.25
62.20 -57.66 -9999.00 -9999.00 -9999.00 322.41 27.70 0.00
0.00 19136.09
54.30 -55.46 -9999.00 -9999.00 -9999.00 37.09 9.98 -0.10
0.00 19997.24
46.90 -61.06 -9999.00 -9999.00 -9999.00 95.19 8.59 -0.10
0.00 20918.78
40.10 -59.56 -9999.00 -9999.00 -9999.00 285.26 8.86 0.00
0.00 21894.68
33.80 -55.26 -9999.00 -9999.00 -9999.00 353.83 7.23 0.00
0.00 22974.01
27.80 -56.66 -9999.00 -9999.00 -9999.00 115.64 5.38 0.00
0.00 24216.42
22.30 -54.46 -9999.00 -9999.00 -9999.00 315.00 2.20 0.00
0.00 25620.50
17.10 -52.36 -9999.00 -9999.00 -9999.00 34.29 5.17 0.00
0.00 27328.27
12.30 -52.26 -9999.00 -9999.00 -9999.00 328.11 10.30 0.00
0.00 29458.12

STID = KMFR STNM = 725970 TIME = 221026/1800 
SLAT = 42.37 SLON = -122.87 SELV = 563.0
STIM = 6

SHOW = 11.40 LIFT = 10.38 SWET = 76.80 KINX = 11.56
LCLP = 885.07 PWAT = 11.66 TOTL = 36.46 CAPE = 37.94
LCLT = 276.03 CINS = -2.84 EQLV = 708.10 LFCT = 858.65
BRCH = 0.51

PRES TMPC TMWC DWPC THTE DRCT SKNT OMEG
CFRL HGHT
955.00 8.94 6.47 3.96 301.10 273.37 3.30 -0.20
0.00 571.67
952.10 8.54 6.15 3.67 300.67 283.39 4.20 -0.20
0.00 596.84
946.90 8.04 5.82 3.49 300.51 286.93 4.66 -0.20
0.00 642.10
937.90 7.24 5.33 3.30 300.41 287.74 5.09 -0.30
0.00 720.85
924.70 6.04 4.59 3.02 300.26 292.93 5.48 -0.30
0.00 837.29
907.70 4.64 3.58 2.37 299.95 311.76 7.28 -0.40
0.00 989.02
887.50 3.14 2.23 1.13 299.38 328.11 10.30 -0.60
17.00 1172.06
865.60 1.54 0.73 -0.32 298.78 338.50 13.77 -0.90
18.00 1374.09
841.80 -0.26 -1.08 -2.23 297.93 344.69 16.92 -1.00
26.00 1598.09
815.40 -2.26 -3.21 -4.71 296.92 347.17 20.12 -1.00
28.00 1852.23
786.30 -4.26 -5.96 -9.19 295.33 345.48 22.47 -0.80
17.00 2139.82
754.60 -6.46 -8.06 -11.43 295.49 345.74 23.66 -0.30
12.00 2462.83
720.20 -8.46 -9.96 -13.43 296.55 351.51 26.32 0.20
1.00 2826.15
683.10 -9.46 -11.43 -16.48 298.93 350.72 30.11 0.70
1.00 3235.57
643.20 -9.96 -13.01 -22.63 301.77 342.59 34.40 1.00
0.00 3700.03
600.70 -11.26 -14.86 -29.04 304.96 331.37 38.50 1.10
0.00 4225.62
555.70 -14.26 -17.10 -28.17 308.58 326.82 42.25 1.20
0.00 4819.34
511.90 -17.66 -20.26 -32.93 311.05 328.65 44.81 1.30
0.00 5437.63
472.30 -21.66 -23.61 -34.42 313.21 328.79 46.11 1.30
0.00 6035.22
436.70 -25.86 -27.09 -34.55 315.06 335.39 43.38 1.00
0.00 6607.46
404.50 -29.86 -30.71 -36.93 316.57 351.10 42.66 0.70
0.00 7157.55
375.10 -33.76 -34.46 -41.13 317.86 359.78 51.48 0.30
0.00 7690.73
348.50 -37.06 -37.42 -41.17 320.21 356.79 65.95 -0.10
4.00 8202.69
324.50 -40.76 -40.94 -43.19 321.54 358.76 71.89 -0.30
100.00 8692.00
302.70 -44.16 -44.45 -50.06 322.71 10.32 81.35 -0.40
6.00 9161.66
283.00 -46.56 -46.89 -55.85 325.29 18.98 102.72 -0.50
0.00 9610.39
265.20 -48.86 -49.16 -59.07 327.94 19.60 118.14 -0.60
0.00 10039.09
248.60 -52.06 -52.27 -61.32 329.24 18.66 122.61 -0.60
0.00 10460.45
233.50 -55.16 -55.32 -63.98 330.45 17.81 123.23 -0.70
0.00 10863.15
219.60 -58.16 -58.26 -64.44 331.67 17.65 121.70 -0.70
0.00 11252.08
205.70 -61.36 -61.41 -64.93 332.89 17.41 116.24 -0.70
0.00 11660.52
191.70 -64.76 -64.77 -65.45 334.21 13.53 107.09 -0.60
0.00 12094.00
177.70 -64.86 -64.90 -68.92 341.32 5.73 91.38 -0.40
0.00 12556.48
163.80 -59.26 -9999.00 -9999.00 -9999.00 357.58 64.36 -0.20
0.00 13059.76
149.80 -58.86 -9999.00 -9999.00 -9999.00 347.75 39.36 -0.10
0.00 13619.66
135.90 -59.96 -9999.00 -9999.00 -9999.00 331.37 40.95 0.00
0.00 14228.92
121.90 -59.76 -9999.00 -9999.00 -9999.00 327.60 45.32 0.10
0.00 14907.69
108.00 -58.46 -9999.00 -9999.00 -9999.00 329.65 40.75 0.10
0.00 15666.22
94.00 -57.26 -9999.00 -9999.00 -9999.00 337.31 25.68 0.00
0.00 16541.14
81.00 -58.96 -9999.00 -9999.00 -9999.00 320.19 15.17 -0.10
0.00 17478.06
70.60 -60.56 -9999.00 -9999.00 -9999.00 298.19 21.39 0.00
0.00 18336.41
62.20 -58.06 -9999.00 -9999.00 -9999.00 322.84 23.15 0.00
0.00 19129.32
54.30 -57.56 -9999.00 -9999.00 -9999.00 124.33 9.63 0.00
0.00 19985.50
46.90 -61.86 -9999.00 -9999.00 -9999.00 55.30 3.07 0.00
0.00 20900.83
40.10 -57.66 -9999.00 -9999.00 -9999.00 290.96 9.77 0.00
0.00 21879.24
33.80 -54.76 -9999.00 -9999.00 -9999.00 76.50 4.99 0.00
0.00 22964.58
27.80 -56.06 -9999.00 -9999.00 -9999.00 187.35 6.08 0.00
0.00 24210.13
22.30 -53.96 -9999.00 -9999.00 -9999.00 281.31 3.96 0.00
0.00 25617.76
17.10 -53.66 -9999.00 -9999.00 -9999.00 59.74 2.70 0.00
0.00 27322.42
12.30 -52.56 -9999.00 -9999.00 -9999.00 319.97 6.33 0.00
0.00 29444.56

STID = KMFR STNM = 725970 TIME = 221026/1900 
SLAT = 42.37 SLON = -122.87 SELV = 563.0
STIM = 7

SHOW = 11.39 LIFT = 10.48 SWET = 67.57 KINX = 11.36
LCLP = 864.67 PWAT = 12.20 TOTL = 36.28 CAPE = 38.73
LCLT = 274.96 CINS = -1.75 EQLV = 710.56 LFCT = 848.20
BRCH = 0.57

PRES TMPC TMWC DWPC THTE DRCT SKNT OMEG
CFRL HGHT
955.10 9.74 6.54 3.22 301.20 259.38 3.17 -0.20
0.00 571.69
952.20 9.34 6.21 2.93 300.79 272.86 3.88 -0.20
0.00 596.93
947.00 8.84 5.88 2.74 300.62 277.77 4.31 -0.30
0.00 642.31
938.00 8.04 5.39 2.54 300.52 282.26 4.56 -0.40
0.00 721.25
924.80 6.94 4.71 2.26 300.48 286.26 4.86 -0.60
0.00 838.02
907.90 5.44 3.79 1.92 300.37 300.26 5.40 -0.70
0.00 989.27
887.70 3.64 2.51 1.16 299.93 325.12 7.81 -0.90
0.00 1172.69
865.70 1.94 0.98 -0.25 299.27 338.59 10.64 -0.90
8.00 1375.95
842.00 0.04 -0.78 -1.91 298.49 345.96 13.62 -0.90
14.00 1599.26
815.60 -2.16 -2.85 -3.92 297.57 347.39 15.13 -0.90
24.00 1853.55
786.50 -4.06 -5.34 -7.60 296.43 348.69 16.84 -0.70
14.00 2141.27
754.70 -6.46 -7.20 -8.61 296.99 349.03 19.39 -0.40
14.00 2465.44
720.20 -8.46 -9.11 -10.46 298.02 351.15 23.99 0.10
25.00 2829.90
683.10 -8.46 -11.21 -18.74 299.26 349.49 29.84 0.50
1.00 3240.13
643.30 -8.96 -12.84 -26.75 301.96 340.94 33.92 0.70
0.00 3705.07
600.70 -10.66 -14.09 -25.83 306.31 332.38 37.70 1.00
0.00 4233.44
555.70 -13.86 -16.63 -26.68 309.39 330.12 40.56 1.20
0.00 4828.36
512.00 -17.26 -19.65 -29.86 312.06 327.33 42.46 1.20
0.00 5446.18
472.40 -21.36 -23.10 -31.58 314.04 330.26 42.29 1.10
0.00 6044.53
436.70 -25.36 -26.60 -33.72 315.83 340.88 40.91 1.00
0.00 6619.27
404.50 -28.96 -29.74 -34.70 318.10 346.60 46.93 0.70
0.00 7170.96
375.10 -33.06 -33.40 -35.87 319.50 343.36 56.97 0.50
100.00 7705.95
348.50 -37.46 -37.64 -39.42 319.88 344.85 57.96 0.30
100.00 8218.27
324.50 -40.76 -41.01 -44.33 321.43 358.88 59.85 0.30
77.00 8707.17
302.70 -42.96 -43.40 -52.31 324.28 17.12 80.50 0.20
0.00 9178.04
283.00 -44.86 -45.29 -55.85 327.73 19.68 104.39 0.10
0.00 9629.63
265.20 -47.66 -48.02 -59.07 329.69 16.97 115.15 -0.10
0.00 10061.09
248.60 -50.86 -51.14 -63.51 330.99 16.83 124.81 -0.20
0.00 10484.71
233.50 -53.96 -54.15 -63.98 332.27 16.64 131.58 -0.40
0.00 10889.61
219.60 -57.46 -57.57 -64.44 332.75 17.23 131.18 -0.60
0.00 11280.25
205.70 -60.96 -61.01 -64.93 333.52 19.42 125.64 -0.60
0.00 11689.75
191.70 -63.96 -63.98 -65.45 335.49 20.14 113.38 -0.60
0.00 12124.46
177.70 -66.76 -66.78 -68.92 338.21 16.51 95.03 -0.50
0.00 12585.72
163.80 -63.66 -63.75 -74.24 351.32 3.14 70.80 -0.30
0.00 13081.49
149.80 -59.16 -9999.00 -9999.00 -9999.00 350.77 47.22 -0.20
0.00 13635.24
135.90 -60.06 -9999.00 -9999.00 -9999.00 335.15 40.68 0.00
0.00 14243.94
121.90 -61.16 -9999.00 -9999.00 -9999.00 330.71 42.09 0.10
0.00 14920.31
108.00 -59.36 -9999.00 -9999.00 -9999.00 329.18 38.68 0.10
0.00 15674.77
94.00 -57.56 -9999.00 -9999.00 -9999.00 332.37 23.47 0.00
0.00 16547.26
81.00 -59.46 -9999.00 -9999.00 -9999.00 314.48 15.25 -0.10
0.00 17482.43
70.60 -60.86 -9999.00 -9999.00 -9999.00 300.80 23.52 0.00
0.00 18339.17
62.20 -58.06 -9999.00 -9999.00 -9999.00 322.31 21.60 0.00
0.00 19131.52
54.30 -57.96 -9999.00 -9999.00 -9999.00 149.04 7.93 0.00
0.00 19986.91
46.90 -60.96 -9999.00 -9999.00 -9999.00 338.63 4.80 0.00
0.00 20903.31
40.10 -56.16 -9999.00 -9999.00 -9999.00 292.71 9.05 0.00
0.00 21887.22
33.80 -55.66 -9999.00 -9999.00 -9999.00 127.57 3.19 0.00
0.00 22974.06
27.80 -55.86 -9999.00 -9999.00 -9999.00 236.89 5.34 0.00
0.00 24217.61
22.30 -54.76 -9999.00 -9999.00 -9999.00 35.84 4.31 0.00
0.00 25623.30
17.10 -54.86 -9999.00 -9999.00 -9999.00 70.02 2.27 0.00
0.00 27320.20
12.30 -52.06 -9999.00 -9999.00 -9999.00 346.50 4.99 0.00
0.00 29438.96

STID = KMFR STNM = 725970 TIME = 221026/2000 
SLAT = 42.37 SLON = -122.87 SELV = 563.0
STIM = 8

SHOW = 11.86 LIFT = 11.23 SWET = 60.63 KINX = 11.96
LCLP = 845.79 PWAT = 12.89 TOTL = 35.13 CAPE = 39.77
LCLT = 273.86 CINS = -1.57 EQLV = 705.68 LFCT = 832.68
BRCH = 0.62

PRES TMPC TMWC DWPC THTE DRCT SKNT OMEG
CFRL HGHT
954.50 10.34 6.49 2.41 301.13 246.80 2.95 -0.20
0.00 570.84
951.60 9.94 6.16 2.10 300.72 259.99 3.36 -0.20
0.00 596.15
946.40 9.44 5.83 1.91 300.55 266.99 3.69 -0.30
0.00 641.64
937.40 8.64 5.34 1.71 300.46 272.86 3.88 -0.40
0.00 720.79
924.20 7.44 4.62 1.45 300.33 278.53 3.92 -0.60
0.00 837.84
907.20 5.94 3.69 1.11 300.24 288.43 4.29 -0.80
0.00 990.34
887.10 4.14 2.56 0.67 300.09 308.99 5.24 -1.00
0.00 1173.29
865.10 2.24 1.17 -0.17 299.74 333.43 8.26 -1.00
0.00 1376.97
841.40 0.34 -0.59 -1.85 298.94 344.58 11.69 -1.00
13.00 1600.69
815.00 -1.96 -2.39 -3.05 298.52 349.62 14.02 -0.80
34.00 1855.42
786.00 -4.06 -4.67 -5.68 297.73 352.63 16.65 -0.50
34.00 2142.52
754.20 -6.46 -6.89 -7.68 297.62 353.46 18.76 -0.10
40.00 2466.96
719.80 -9.26 -9.46 -9.90 297.48 353.40 23.66 0.30
91.00 2830.07
682.70 -8.26 -10.96 -18.12 299.75 351.51 30.24 0.50
1.00 3240.09
643.00 -8.56 -12.29 -24.39 302.97 339.44 31.53 0.70
0.00 3704.66
600.40 -10.36 -13.91 -26.12 306.64 334.42 35.53 0.80
0.00 4234.01
555.50 -13.06 -15.70 -24.17 311.02 329.97 38.81 0.80
0.00 4829.15
511.80 -16.36 -18.34 -25.08 314.36 320.26 40.42 0.70
0.00 5449.35
472.20 -20.86 -22.09 -26.90 315.78 326.71 38.58 0.60
0.00 6049.71
436.60 -25.16 -25.70 -28.11 317.33 337.74 40.50 0.50
21.00 6623.95
404.40 -28.86 -29.27 -31.54 318.87 343.77 47.94 0.40
100.00 7176.20
375.00 -32.16 -32.86 -38.44 320.34 342.51 55.59 0.30
71.00 7712.45
348.50 -36.06 -36.64 -42.89 321.39 344.11 58.16 0.20
50.00 8225.34
324.50 -39.76 -40.21 -46.56 322.63 1.29 60.24 0.20
10.00 8716.73
302.70 -42.16 -42.64 -51.50 325.45 15.22 82.13 0.20
0.00 9189.42
283.00 -44.46 -44.89 -54.75 328.34 17.15 98.80 0.20
0.00 9642.19
265.20 -47.56 -47.87 -56.38 329.92 14.71 107.85 0.10
0.00 10074.13
248.60 -51.06 -51.29 -59.58 330.77 15.12 114.69 0.10
0.00 10497.67
233.50 -54.36 -54.54 -63.98 331.66 13.83 117.83 0.10
0.00 10902.02
219.60 -57.76 -57.87 -64.44 332.28 13.92 119.48 0.00
0.00 11292.03
205.70 -61.26 -61.33 -67.88 333.00 19.16 125.45 -0.20
0.00 11700.95
191.70 -64.26 -64.30 -68.39 334.97 26.31 114.84 -0.20
0.00 12135.04
177.70 -66.66 -66.68 -68.92 338.37 22.73 90.99 -0.20
0.00 12596.08
163.80 -64.46 -64.54 -74.24 349.98 3.95 67.75 -0.10
0.00 13091.01
149.80 -60.96 -9999.00 -9999.00 -9999.00 354.99 53.42 -0.10
0.00 13641.37
135.90 -59.06 -9999.00 -9999.00 -9999.00 333.43 41.71 -0.10
0.00 14248.93
121.90 -60.56 -9999.00 -9999.00 -9999.00 329.96 41.51 0.00
0.00 14927.85
108.00 -60.66 -9999.00 -9999.00 -9999.00 330.58 38.36 0.00
0.00 15681.06
94.00 -58.36 -9999.00 -9999.00 -9999.00 333.24 25.45 0.00
0.00 16549.28
81.00 -59.46 -9999.00 -9999.00 -9999.00 306.35 12.78 0.00
0.00 17482.71
70.60 -60.66 -9999.00 -9999.00 -9999.00 306.25 21.68 0.00
0.00 18339.85
62.20 -57.36 -9999.00 -9999.00 -9999.00 326.98 18.53 0.00
0.00 19133.87
54.30 -58.16 -9999.00 -9999.00 -9999.00 187.31 7.63 0.00
0.00 19990.25
46.90 -60.46 -9999.00 -9999.00 -9999.00 303.34 8.84 0.00
0.00 20907.30
40.10 -57.06 -9999.00 -9999.00 -9999.00 297.05 10.26 0.00
0.00 21890.30
33.80 -57.46 -9999.00 -9999.00 -9999.00 233.13 0.97 0.00
0.00 22970.38
27.80 -55.76 -9999.00 -9999.00 -9999.00 279.16 6.10 0.00
0.00 24209.07
22.30 -55.86 -9999.00 -9999.00 -9999.00 84.09 5.67 0.00
0.00 25611.53
17.10 -55.86 -9999.00 -9999.00 -9999.00 248.75 3.75 0.00
0.00 27300.27
12.30 -51.86 -9999.00 -9999.00 -9999.00 129.81 3.03 0.00
0.00 29415.17

STID = KMFR STNM = 725970 TIME = 221026/2100 
SLAT = 42.37 SLON = -122.87 SELV = 563.0
STIM = 9

SHOW = 11.66 LIFT = 11.42 SWET = 53.44 KINX = 15.52
LCLP = 831.59 PWAT = 13.61 TOTL = 35.33 CAPE = 25.25
LCLT = 272.85 CINS = -0.62 EQLV = 702.36 LFCT = 821.91
BRCH = 0.40

PRES TMPC TMWC DWPC THTE DRCT SKNT OMEG
CFRL HGHT
954.20 10.64 6.32 1.62 300.76 233.97 2.64 -0.20
0.00 571.72
951.40 10.34 6.06 1.33 300.47 248.96 2.70 -0.20
0.00 596.19
946.20 9.84 5.72 1.13 300.30 254.05 2.84 -0.30
0.00 641.75
937.20 9.04 5.24 0.94 300.22 266.19 2.91 -0.50
0.00 721.02
924.00 7.94 4.56 0.68 300.20 270.00 3.11 -0.70
0.00 838.26
907.10 6.44 3.64 0.36 300.12 283.24 3.40 -0.90
0.00 990.14
886.90 4.64 2.52 -0.05 300.03 311.42 4.41 -1.10
0.00 1174.34
865.00 2.64 1.23 -0.55 299.86 330.64 7.13 -1.30
0.00 1377.44
841.30 0.54 -0.25 -1.32 299.61 342.26 10.20 -1.20
0.00 1601.42
814.90 -1.76 -2.09 -2.59 299.12 348.69 13.87 -1.00
23.00 1856.39
785.80 -3.86 -4.41 -5.31 298.23 355.79 18.51 -0.50
15.00 2144.77
754.10 -6.16 -6.60 -7.41 298.14 358.54 22.92 0.00
14.00 2468.57
719.70 -8.96 -9.00 -9.12 298.29 358.78 27.39 0.40
100.00 2832.17
682.70 -9.56 -10.84 -13.77 300.02 355.94 30.19 0.50
6.00 3240.42
642.90 -9.46 -12.56 -21.96 302.57 343.79 28.52 0.60
0.00 3704.38
600.40 -10.46 -13.72 -24.13 307.00 333.89 32.67 0.60
0.00 4231.59
555.50 -12.86 -14.86 -20.27 312.55 325.48 37.02 0.60
0.00 4826.94
511.70 -16.46 -17.74 -21.47 315.45 323.81 35.86 0.60
0.00 5448.88
472.20 -20.16 -21.32 -25.52 317.05 332.14 34.50 0.50
0.00 6048.58
436.60 -23.86 -24.85 -29.28 318.69 337.40 38.93 0.40
0.00 6625.13
404.40 -27.06 -27.98 -33.01 320.91 344.34 48.21 0.30
48.00 7180.82
375.00 -30.26 -31.02 -36.08 323.22 346.10 59.03 0.30
4.00 7721.16
348.50 -34.36 -35.10 -42.17 323.77 348.50 57.48 0.20
0.00 8237.94
324.40 -37.86 -38.51 -47.08 325.24 7.64 64.28 0.10
0.00 8735.22
302.70 -40.56 -41.10 -49.41 327.82 12.98 82.13 0.00
0.00 9209.37
283.00 -43.76 -44.12 -50.64 329.55 10.90 91.39 0.00
0.00 9664.42
265.20 -47.36 -47.58 -52.62 330.37 5.56 96.21 -0.10
0.00 10097.22
248.60 -51.36 -51.50 -55.81 330.45 5.04 95.16 -0.20
12.00 10520.67
233.50 -54.56 -54.68 -60.07 331.44 12.75 104.76 -0.20
13.00 10924.57
219.60 -57.46 -57.60 -67.41 332.70 15.23 117.58 -0.20
0.00 11314.67
205.70 -60.86 -60.97 -72.71 333.59 17.27 117.77 -0.20
0.00 11724.26
191.70 -63.86 -63.90 -68.39 335.61 25.23 108.45 -0.20
0.00 12159.18
177.70 -66.86 -66.88 -68.92 338.04 26.90 88.44 -0.20
0.00 12620.44
163.80 -67.26 -67.28 -69.50 345.33 11.94 69.48 -0.10
0.00 13111.79
149.80 -63.66 -9999.00 -9999.00 -9999.00 355.24 58.47 -0.10
0.00 13654.96
135.90 -60.26 -9999.00 -9999.00 -9999.00 340.57 49.65 0.00
0.00 14256.96
121.90 -60.36 -9999.00 -9999.00 -9999.00 333.20 43.08 0.00
0.00 14934.29
108.00 -60.96 -9999.00 -9999.00 -9999.00 334.56 35.28 0.00
0.00 15687.33
94.00 -60.16 -9999.00 -9999.00 -9999.00 334.96 26.17 0.00
0.00 16551.28
81.00 -59.06 -9999.00 -9999.00 -9999.00 301.61 14.82 0.00
0.00 17481.66
70.60 -60.96 -9999.00 -9999.00 -9999.00 303.83 22.69 0.00
0.00 18339.00
62.20 -58.56 -9999.00 -9999.00 -9999.00 321.99 21.45 0.00
0.00 19130.24
54.30 -58.96 -9999.00 -9999.00 -9999.00 210.53 8.80 0.00
0.00 19982.65
46.90 -60.66 -9999.00 -9999.00 -9999.00 286.44 12.35 0.00
0.00 20897.54
40.10 -57.56 -9999.00 -9999.00 -9999.00 291.41 10.64 0.00
0.00 21878.94
33.80 -57.46 -9999.00 -9999.00 -9999.00 206.57 2.60 0.00
0.00 22957.78
27.80 -55.86 -9999.00 -9999.00 -9999.00 293.75 5.30 0.00
0.00 24196.18
22.30 -55.46 -9999.00 -9999.00 -9999.00 132.88 3.71 0.00
0.00 25599.61
17.10 -54.06 -9999.00 -9999.00 -9999.00 267.80 5.05 0.00
0.00 27296.89
12.30 -51.76 -9999.00 -9999.00 -9999.00 243.43 4.35 0.00
0.00 29420.95

STID = KMFR STNM = 725970 TIME = 221026/2200 
SLAT = 42.37 SLON = -122.87 SELV = 563.0
STIM = 10

SHOW = 12.46 LIFT = 12.41 SWET = 46.38 KINX = 16.41
LCLP = 822.38 PWAT = 14.68 TOTL = 33.58 CAPE = 13.75
LCLT = 272.24 CINS = -1.07 EQLV = 703.33 LFCT = 813.53
BRCH = 0.25

PRES TMPC TMWC DWPC THTE DRCT SKNT OMEG
CFRL HGHT
954.60 10.94 6.29 1.16 300.63 225.00 2.47 -0.20
0.00 571.73
951.80 10.64 6.04 0.89 300.37 241.39 2.43 -0.20
0.00 596.21
946.60 10.14 5.70 0.69 300.20 247.38 2.53 -0.30
0.00 641.79
937.60 9.44 5.26 0.49 300.22 261.25 2.56 -0.50
0.00 721.12
924.40 8.24 4.55 0.26 300.12 265.91 2.72 -0.70
0.00 838.45
907.40 6.74 3.63 -0.06 300.05 278.13 2.74 -1.00
0.00 991.32
887.30 4.94 2.53 -0.40 300.01 298.07 3.30 -1.30
0.00 1174.72
865.40 3.04 1.34 -0.80 300.04 320.19 4.55 -1.60
0.00 1377.97
841.70 0.84 -0.06 -1.25 299.96 335.56 7.03 -1.80
0.00 1602.13
815.20 -1.56 -1.72 -1.98 299.81 345.72 11.03 -1.60
32.00 1858.21
786.20 -3.76 -3.79 -3.89 299.33 354.14 15.23 -1.20
100.00 2145.67
754.40 -5.96 -5.99 -6.09 299.21 358.89 20.01 -0.50
100.00 2470.60
720.00 -8.36 -8.39 -8.50 299.31 360.00 24.86 0.20
100.00 2834.64
682.90 -10.26 -10.60 -11.34 300.42 355.41 26.69 0.60
71.00 3243.85
643.10 -9.86 -12.34 -19.09 302.98 344.56 27.00 0.60
0.00 3706.80
600.50 -10.56 -13.26 -20.80 307.86 332.10 29.90 0.50
0.00 4234.72
555.60 -12.86 -14.10 -17.02 313.92 322.73 33.68 0.30
0.00 4829.99
511.80 -15.66 -16.92 -20.33 316.88 325.28 33.08 0.20
0.00 5452.89
472.20 -18.66 -20.15 -25.20 319.04 332.49 37.00 0.00
0.00 6056.79
436.60 -22.26 -23.46 -28.36 320.98 339.90 42.40 -0.20
0.00 6636.91
404.40 -25.46 -26.48 -31.38 323.35 345.12 51.46 -0.30
0.00 7196.22
375.10 -28.86 -29.60 -33.78 325.49 344.08 60.20 -0.30
0.00 7737.99
348.50 -33.16 -33.85 -39.42 325.73 349.49 57.50 -0.30
0.00 8259.48
324.50 -36.96 -37.55 -43.93 326.73 6.38 59.42 -0.30
0.00 8756.84
302.70 -40.06 -40.43 -44.97 328.87 4.32 72.28 -0.30
1.00 9234.55
283.00 -43.66 -43.91 -47.79 329.89 357.68 81.64 -0.40
30.00 9690.21
265.20 -47.26 -47.49 -52.62 330.52 5.68 84.32 -0.40
52.00 10123.21
248.60 -50.56 -50.73 -55.81 331.64 15.43 92.70 -0.40
2.00 10547.51
233.50 -53.66 -53.79 -58.64 332.85 16.99 105.01 -0.50
14.00 10952.97
219.60 -57.16 -57.25 -62.27 333.25 16.69 108.90 -0.50
9.00 11344.15
205.70 -60.36 -60.45 -67.88 334.42 16.67 111.73 -0.40
0.00 11754.51
191.70 -63.26 -63.34 -73.19 336.53 18.50 107.75 -0.40
0.00 12190.56
177.70 -67.06 -67.08 -68.92 337.72 24.84 86.48 -0.40
0.00 12652.26
163.80 -68.56 -68.57 -69.50 343.15 15.83 66.22 -0.30
0.00 13141.83
149.80 -67.36 -67.41 -74.84 354.04 359.62 58.66 -0.10
0.00 13678.46
135.90 -63.96 -9999.00 -9999.00 -9999.00 345.30 52.82 0.00
0.00 14269.92
121.90 -61.46 -9999.00 -9999.00 -9999.00 339.62 43.51 0.10
0.00 14939.61
108.00 -60.76 -9999.00 -9999.00 -9999.00 339.83 30.42 0.10
0.00 15691.05
94.00 -60.36 -9999.00 -9999.00 -9999.00 327.12 22.90 0.00
0.00 16555.00
81.00 -59.06 -9999.00 -9999.00 -9999.00 304.73 17.74 -0.10
0.00 17484.94
70.60 -61.36 -9999.00 -9999.00 -9999.00 301.86 23.56 -0.10
0.00 18341.49
62.20 -59.86 -9999.00 -9999.00 -9999.00 318.90 24.22 0.00
0.00 19129.58
54.30 -59.16 -9999.00 -9999.00 -9999.00 215.71 7.65 0.00
0.00 19979.00
46.90 -60.66 -9999.00 -9999.00 -9999.00 288.15 12.47 0.00
0.00 20893.47
40.10 -57.46 -9999.00 -9999.00 -9999.00 308.85 8.97 0.00
0.00 21875.10
33.80 -57.66 -9999.00 -9999.00 -9999.00 216.87 0.97 0.00
0.00 22953.68
27.80 -56.36 -9999.00 -9999.00 -9999.00 329.35 6.10 0.00
0.00 24190.08
22.30 -55.46 -9999.00 -9999.00 -9999.00 231.34 1.24 0.00
0.00 25591.90
17.10 -53.86 -9999.00 -9999.00 -9999.00 263.66 3.52 0.00
0.00 27289.95
12.30 -52.26 -9999.00 -9999.00 -9999.00 273.37 6.62 0.00
0.00 29412.57

STID = KMFR STNM = 725970 TIME = 221026/2300 
SLAT = 42.37 SLON = -122.87 SELV = 563.0
STIM = 11

SHOW = 12.92 LIFT = 12.85 SWET = 45.28 KINX = 15.69
LCLP = 821.41 PWAT = 15.29 TOTL = 32.65 CAPE = 7.25
LCLT = 272.16 CINS = -1.70 EQLV = 712.40 LFCT = 793.51
BRCH = 0.16

PRES TMPC TMWC DWPC THTE DRCT SKNT OMEG
CFRL HGHT
954.50 10.94 6.26 1.09 300.58 230.19 1.52 -0.10
0.00 572.60
951.70 10.74 6.06 0.83 300.43 255.96 1.59 -0.20
0.00 597.09
946.50 10.24 5.73 0.62 300.26 262.88 1.57 -0.20
0.00 642.69
937.50 9.44 5.24 0.43 300.18 282.53 1.79 -0.30
0.00 722.04
924.30 8.34 4.56 0.16 300.16 293.96 1.90 -0.50
0.00 839.41
907.40 6.84 3.66 -0.12 300.11 302.47 2.53 -0.60
0.00 991.43
887.30 5.04 2.56 -0.46 300.07 315.00 3.30 -0.80
0.00 1174.89
865.30 3.04 1.31 -0.87 299.99 330.26 4.70 -1.00
0.00 1379.12
841.60 0.84 -0.06 -1.25 299.97 339.62 7.25 -1.00
0.00 1603.31
815.20 -1.36 -1.63 -2.04 299.98 347.47 10.74 -0.80
19.00 1858.52
786.10 -3.46 -3.63 -3.93 299.65 353.75 14.26 -0.30
78.00 2147.26
754.40 -5.86 -5.89 -5.97 299.40 357.71 19.44 0.40
100.00 2471.43
720.00 -8.16 -8.19 -8.28 299.68 357.36 25.27 1.00
100.00 2835.69
682.90 -9.86 -10.37 -11.44 300.83 354.73 27.51 1.20
25.00 3245.37
643.10 -10.36 -12.18 -16.74 303.29 347.66 25.45 1.00
0.00 3708.27
600.50 -11.16 -13.02 -17.63 308.33 330.47 25.23 0.60
0.00 4235.18
555.60 -12.96 -13.81 -15.71 314.45 321.28 30.13 0.10
0.00 4829.77
511.80 -15.26 -16.62 -20.26 317.40 323.34 32.21 -0.20
0.00 5453.07
472.20 -18.06 -19.56 -24.39 320.06 330.05 33.86 -0.40
0.00 6058.16
436.60 -21.26 -22.51 -27.16 322.60 334.45 39.18 -0.60
0.00 6640.15
404.40 -24.46 -25.17 -27.99 325.55 339.31 50.04 -0.70
5.00 7201.77
375.10 -28.06 -28.90 -33.44 326.63 344.29 51.65 -0.70
0.00 7745.57
348.50 -31.86 -32.65 -38.40 327.64 353.03 52.84 -0.80
0.00 8269.33
324.50 -35.76 -36.14 -39.34 328.94 353.08 61.25 -0.90
25.00 8769.33
302.70 -39.66 -39.88 -42.19 329.74 355.32 69.00 -0.90
100.00 9248.70
283.00 -42.96 -43.23 -47.30 330.93 3.21 76.26 -0.90
28.00 9705.46
265.20 -46.36 -46.59 -51.20 331.92 4.76 81.88 -0.90
5.00 10139.98
248.60 -49.96 -50.11 -53.97 332.62 10.75 86.40 -0.90
35.00 10565.71
233.50 -53.66 -53.76 -57.41 332.89 15.20 90.38 -0.80
95.00 10971.72
219.60 -56.96 -57.03 -60.55 333.60 16.06 94.79 -0.70
59.00 11363.09
205.70 -60.36 -60.42 -64.93 334.46 14.04 103.32 -0.70
24.00 11773.64
191.70 -64.06 -64.10 -68.39 335.29 13.67 109.34 -0.60
6.00 12208.87
177.70 -66.76 -66.80 -73.70 338.16 20.19 100.17 -0.50
0.00 12670.01
163.80 -69.56 -69.56 -69.50 341.47 25.72 76.98 -0.30
0.00 13158.75
149.80 -69.86 -69.89 -74.84 349.74 11.43 54.90 0.00
0.00 13690.80
135.90 -64.86 -9999.00 -9999.00 -9999.00 343.82 51.57 0.20
0.00 14277.41
121.90 -61.76 -9999.00 -9999.00 -9999.00 337.17 48.06 0.20
0.00 14945.19
108.00 -60.56 -9999.00 -9999.00 -9999.00 338.27 30.94 0.10
0.00 15696.46
94.00 -60.66 -9999.00 -9999.00 -9999.00 319.50 22.73 0.00
0.00 16560.20
81.00 -60.96 -9999.00 -9999.00 -9999.00 313.81 19.93 -0.10
0.00 17485.35
70.60 -62.66 -9999.00 -9999.00 -9999.00 309.47 21.39 0.00
0.00 18335.46
62.20 -61.06 -9999.00 -9999.00 -9999.00 315.34 23.21 0.00
0.00 19118.91
54.30 -59.16 -9999.00 -9999.00 -9999.00 226.68 9.34 0.00
0.00 19965.95
46.90 -60.86 -9999.00 -9999.00 -9999.00 286.77 14.80 0.00
0.00 20879.99
40.10 -58.56 -9999.00 -9999.00 -9999.00 316.64 9.62 0.00
0.00 21858.64
33.80 -58.36 -9999.00 -9999.00 -9999.00 143.13 0.97 0.00
0.00 22932.72
27.80 -56.06 -9999.00 -9999.00 -9999.00 30.96 3.40 0.00
0.00 24167.97
22.30 -53.66 -9999.00 -9999.00 -9999.00 201.80 4.18 0.00
0.00 25576.56
17.10 -51.66 -9999.00 -9999.00 -9999.00 239.53 3.83 0.00
0.00 27290.17
12.30 -51.56 -9999.00 -9999.00 -9999.00 299.90 8.95 0.00
0.00 29426.77

STID = KMFR STNM = 725970 TIME = 221027/0000 
SLAT = 42.37 SLON = -122.87 SELV = 563.0
STIM = 12

SHOW = 12.72 LIFT = 12.78 SWET = 43.80 KINX = 16.32
LCLP = 823.00 PWAT = 16.15 TOTL = 32.93 CAPE = 0.15
LCLT = 272.35 CINS = -4.59 EQLV = 750.19 LFCT = 766.84
BRCH = 0.00

PRES TMPC TMWC DWPC THTE DRCT SKNT OMEG
CFRL HGHT
954.00 10.94 6.32 1.25 300.77 239.04 1.13 -0.10
0.00 571.74
951.20 10.64 6.07 0.98 300.51 261.87 1.38 -0.20
0.00 596.23
946.00 10.24 5.79 0.78 300.45 270.00 1.36 -0.20
0.00 641.85
937.00 9.44 5.30 0.58 300.36 284.04 1.59 -0.30
0.00 721.24
923.80 8.34 4.63 0.35 300.37 293.96 1.90 -0.50
0.00 838.68
906.90 6.84 3.72 0.03 300.29 304.99 2.37 -0.60
0.00 990.79
886.80 5.04 2.62 -0.31 300.25 317.49 3.17 -0.80
0.00 1174.36
864.80 3.04 1.39 -0.68 300.21 333.43 5.21 -1.00
0.00 1378.71
841.20 1.04 0.16 -0.99 300.46 341.57 7.98 -1.00
0.00 1602.16
814.80 -1.26 -1.57 -2.02 300.16 348.27 10.51 -0.80
20.00 1857.65
785.70 -3.26 -3.59 -4.12 299.78 354.43 16.01 -0.20
28.00 2146.69
754.00 -5.46 -5.57 -5.78 300.04 354.76 23.41 0.60
62.00 2471.39
719.60 -7.56 -7.57 -7.62 300.84 351.76 28.46 1.10
100.00 2836.55
682.60 -9.16 -9.53 -10.27 302.34 350.20 27.41 1.10
29.00 3246.38
642.80 -9.96 -11.07 -13.47 305.30 347.47 21.48 0.80
0.00 3710.56
600.30 -11.06 -12.32 -15.14 309.62 330.32 20.78 0.40
0.00 4237.09
555.40 -12.96 -13.93 -16.14 314.27 324.22 26.57 -0.10
0.00 4832.05
511.70 -15.26 -16.41 -19.36 317.80 323.28 29.56 -0.40
0.00 5454.11
472.10 -17.86 -19.14 -22.99 320.82 326.01 30.92 -0.50
0.00 6059.61
436.50 -20.46 -21.49 -24.87 324.39 334.97 39.02 -0.70
0.00 6642.94
404.30 -23.86 -24.64 -27.65 326.47 340.95 45.82 -0.70
3.00 7206.30
375.00 -28.06 -28.63 -31.44 327.11 337.20 47.63 -0.70
20.00 7750.93
348.50 -31.66 -32.07 -34.53 328.59 337.75 55.40 -0.80
100.00 8273.06
324.40 -34.96 -35.29 -37.73 330.34 351.15 59.36 -0.80
100.00 8776.31
302.60 -38.66 -38.93 -41.61 331.26 356.98 62.63 -0.70
100.00 9257.68
283.00 -42.56 -42.77 -45.58 331.66 359.52 68.96 -0.60
100.00 9713.57
265.20 -46.16 -46.38 -50.56 332.25 5.54 72.40 -0.50
84.00 10148.68
248.50 -49.76 -49.94 -54.85 332.91 15.13 76.67 -0.40
77.00 10577.44
233.50 -53.36 -53.50 -58.64 333.30 17.61 81.53 -0.30
40.00 10981.29
219.60 -56.76 -56.86 -62.27 333.87 15.01 88.48 -0.30
15.00 11373.11
205.70 -60.36 -60.42 -64.93 334.46 14.27 93.80 -0.30
29.00 11783.85
191.70 -64.36 -64.40 -68.39 334.81 12.10 99.13 -0.30
84.00 12218.77
177.70 -67.76 -67.80 -73.70 336.52 15.74 98.08 -0.20
0.00 12678.47
163.80 -69.86 -69.88 -74.24 340.93 24.19 73.47 -0.10
0.00 13165.65
149.80 -69.66 -69.69 -74.84 350.09 7.33 47.20 0.00
0.00 13697.57
135.90 -65.76 -65.84 -75.48 366.86 342.01 47.79 0.20
0.00 14283.18
121.90 -61.86 -9999.00 -9999.00 -9999.00 336.14 46.10 0.20
0.00 14949.38
108.00 -59.66 -9999.00 -9999.00 -9999.00 335.42 32.69 0.00
0.00 15702.06
94.00 -60.36 -9999.00 -9999.00 -9999.00 319.34 19.97 -0.10
0.00 16568.25
81.00 -61.66 -9999.00 -9999.00 -9999.00 317.76 19.93 0.00
0.00 17492.53
70.60 -61.76 -9999.00 -9999.00 -9999.00 312.88 22.26 0.00
0.00 18343.03
62.20 -60.16 -9999.00 -9999.00 -9999.00 314.38 25.54 0.00
0.00 19129.82
54.30 -59.36 -9999.00 -9999.00 -9999.00 289.54 6.39 0.00
0.00 19978.25
46.90 -60.76 -9999.00 -9999.00 -9999.00 307.79 12.04 0.00
0.00 20892.08
40.10 -57.46 -9999.00 -9999.00 -9999.00 358.64 8.16 0.00
0.00 21873.48
33.80 -56.46 -9999.00 -9999.00 -9999.00 97.13 1.57 0.00
0.00 22955.06
27.80 -54.06 -9999.00 -9999.00 -9999.00 7.43 4.51 0.00
0.00 24201.47
22.30 -53.46 -9999.00 -9999.00 -9999.00 275.19 6.43 0.00
0.00 25617.16
17.10 -52.36 -9999.00 -9999.00 -9999.00 287.24 5.91 0.00
0.00 27328.82
12.30 -51.66 -9999.00 -9999.00 -9999.00 271.51 7.38 0.00
0.00 29461.57

STID = KMFR STNM = 725970 TIME = 221027/0100 
SLAT = 42.37 SLON = -122.87 SELV = 563.0
STIM = 13

SHOW = 12.71 LIFT = 12.75 SWET = 44.42 KINX = 16.15
LCLP = 832.59 PWAT = 16.71 TOTL = 32.97 CAPE = 0.42
LCLT = 273.06 CINS = -2.02 EQLV = 777.21 LFCT = 802.63
BRCH = 0.01

PRES TMPC TMWC DWPC THTE DRCT SKNT OMEG
CFRL HGHT
954.00 10.74 6.44 1.81 301.06 192.53 1.79 0.00
0.00 571.73
951.20 10.54 6.19 1.43 300.79 218.66 1.24 -0.10
0.00 596.21
946.00 10.14 5.83 1.03 300.56 270.00 0.97 -0.30
0.00 641.82
937.00 9.44 5.36 0.74 300.49 303.69 1.40 -0.50
0.00 721.20
923.80 8.24 4.63 0.48 300.38 318.81 2.06 -0.70
0.00 838.62
906.90 6.84 3.78 0.20 300.44 328.39 2.97 -0.90
0.00 990.71
886.80 5.04 2.69 -0.14 300.40 338.20 4.18 -1.10
0.00 1174.29
864.90 3.04 1.45 -0.52 300.34 343.50 5.48 -1.30
0.00 1377.70
841.20 0.84 0.20 -0.64 300.54 348.02 6.55 -1.30
0.00 1602.01
814.80 -1.36 -1.40 -1.49 300.50 352.41 8.82 -1.10
100.00 1857.38
785.80 -3.36 -3.37 -3.43 300.19 356.86 14.20 -0.60
100.00 2145.33
754.00 -5.06 -5.08 -5.15 300.95 351.87 21.97 0.10
100.00 2471.25
719.70 -7.26 -7.27 -7.32 301.37 345.96 27.23 0.70
100.00 2835.83
682.60 -8.76 -9.30 -10.37 302.74 344.98 24.73 0.80
18.00 3247.29
642.90 -9.26 -10.56 -13.30 306.19 348.45 18.43 0.60
0.00 3711.24
600.30 -10.76 -12.03 -14.78 310.16 334.98 19.29 0.20
0.00 4239.98
555.40 -13.06 -14.07 -16.39 314.02 327.12 26.83 -0.10
0.00 4835.17
511.70 -15.26 -16.30 -18.94 317.99 324.34 31.31 -0.30
0.00 5457.12
472.10 -17.66 -18.56 -21.03 321.87 327.75 34.23 -0.30
1.00 6062.91
436.50 -20.56 -21.04 -22.47 325.20 330.49 40.62 -0.30
100.00 6646.45
404.30 -23.96 -24.25 -25.26 327.15 336.77 46.29 -0.20
100.00 7209.68
375.00 -27.46 -27.79 -29.26 328.51 346.24 48.99 -0.10
100.00 7754.92
348.50 -30.56 -31.14 -34.53 330.09 358.05 56.95 0.00
89.00 8278.90
324.40 -33.66 -34.36 -39.85 331.81 4.68 66.65 0.00
37.00 8784.66
302.70 -37.56 -38.18 -44.97 332.40 7.74 67.83 0.00
36.00 9266.15
283.00 -41.86 -42.34 -50.00 332.32 14.36 66.57 0.00
30.00 9726.03
265.20 -45.76 -46.13 -54.31 332.63 15.90 69.48 0.00
3.00 10162.16
248.60 -49.66 -49.85 -54.84 333.02 13.45 73.50 0.00
0.00 10588.74
233.50 -53.36 -53.50 -58.64 333.30 13.01 75.95 0.00
11.00 10995.30
219.60 -56.56 -56.64 -60.55 334.22 14.20 84.75 0.00
99.00 11387.29
205.70 -60.36 -60.40 -62.77 334.51 11.51 87.63 0.00
97.00 11798.22
191.70 -64.36 -64.40 -68.39 334.81 11.60 89.82 0.00
36.00 12233.15
177.70 -67.66 -67.70 -73.70 336.69 16.73 91.08 0.10
0.00 12692.96
163.80 -69.36 -69.39 -74.24 341.76 23.47 70.73 0.10
0.00 13180.86
149.80 -69.66 -69.69 -74.84 350.09 5.40 43.32 0.10
0.00 13713.43
135.90 -66.76 -66.83 -75.48 365.09 339.47 47.09 0.10
0.00 14297.62
121.90 -62.86 -9999.00 -9999.00 -9999.00 334.63 45.78 0.10
0.00 14960.63
108.00 -60.76 -9999.00 -9999.00 -9999.00 334.76 33.72 -0.10
0.00 15709.59
94.00 -60.76 -9999.00 -9999.00 -9999.00 322.65 18.57 -0.10
0.00 16572.73
81.00 -62.36 -9999.00 -9999.00 -9999.00 315.36 21.83 -0.10
0.00 17494.61
70.60 -62.16 -9999.00 -9999.00 -9999.00 318.77 25.06 0.00
0.00 18342.90
62.20 -60.26 -9999.00 -9999.00 -9999.00 317.07 22.82 0.00
0.00 19128.77
54.30 -59.46 -9999.00 -9999.00 -9999.00 314.03 8.10 0.00
0.00 19976.80
46.90 -59.76 -9999.00 -9999.00 -9999.00 310.96 13.64 0.00
0.00 20892.56
40.10 -56.96 -9999.00 -9999.00 -9999.00 350.31 8.08 0.00
0.00 21877.39
33.80 -57.06 -9999.00 -9999.00 -9999.00 219.81 1.52 0.00
0.00 22958.73
27.80 -55.16 -9999.00 -9999.00 -9999.00 66.04 1.90 0.00
0.00 24200.27
22.30 -54.26 -9999.00 -9999.00 -9999.00 248.20 4.18 0.00
0.00 25609.84
17.10 -51.76 -9999.00 -9999.00 -9999.00 282.88 6.97 0.00
0.00 27320.72
12.30 -51.06 -9999.00 -9999.00 -9999.00 274.24 5.26 0.00
0.00 29459.25

STID = KMFR STNM = 725970 TIME = 221027/0200 
SLAT = 42.37 SLON = -122.87 SELV = 563.0
STIM = 14

SHOW = 13.04 LIFT = 13.05 SWET = 44.12 KINX = 13.49
LCLP = 842.48 PWAT = 16.47 TOTL = 32.36 CAPE = 0.00
LCLT = 273.52 CINS = 0.00 EQLV = -9999.00 LFCT = -9999.00
BRCH = 0.00

PRES TMPC TMWC DWPC THTE DRCT SKNT OMEG
CFRL HGHT
955.00 10.34 6.37 2.12 300.81 263.66 1.77 -0.10
0.00 571.71
952.20 10.24 6.19 1.81 300.71 275.19 2.14 -0.30
0.00 596.14
947.00 9.94 5.95 1.58 300.72 309.81 3.03 -0.50
0.00 641.67
938.00 9.14 5.43 1.32 300.58 327.09 3.92 -0.70
0.00 720.90
924.80 8.04 4.74 1.00 300.51 335.56 4.70 -1.00
0.00 838.10
907.90 6.54 3.81 0.65 300.40 342.90 5.28 -1.30
0.00 989.90
887.70 4.84 2.77 0.31 300.47 348.69 5.94 -1.50
0.00 1174.05
865.80 2.84 1.47 -0.22 300.28 350.84 6.10 -1.50
0.00 1377.12
842.00 0.74 0.23 -0.44 300.52 350.54 5.91 -1.50
0.00 1602.04
815.60 -1.26 -1.28 -1.35 300.63 354.56 8.20 -1.40
100.00 1857.17
786.50 -3.06 -3.07 -3.14 300.67 356.73 13.62 -1.00
100.00 2146.07
754.70 -4.86 -4.91 -5.03 301.18 354.35 19.72 -0.20
100.00 2472.01
720.30 -7.56 -7.90 -8.54 300.16 356.52 22.38 0.40
87.00 2837.23
683.20 -8.06 -9.69 -13.20 301.94 4.36 20.45 0.60
0.00 3248.55
643.40 -9.26 -10.81 -14.18 305.67 358.65 16.51 0.50
0.00 3713.80
600.70 -10.86 -12.22 -15.26 309.74 344.74 17.72 0.20
0.00 4243.27
555.70 -12.86 -14.05 -16.83 313.99 332.20 24.16 -0.10
0.00 4839.51
512.00 -14.96 -15.96 -18.39 318.57 330.48 30.36 -0.30
0.00 5461.70
472.30 -17.26 -18.06 -20.15 322.72 339.66 36.87 -0.20
6.00 6069.59
436.70 -19.46 -20.40 -23.18 326.28 351.50 47.34 0.00
61.00 6654.59
404.50 -22.26 -23.38 -27.43 328.59 359.40 55.75 0.20
55.00 7220.64
375.10 -25.96 -26.86 -30.89 330.03 1.62 61.79 0.30
40.00 7771.02
348.50 -29.66 -30.40 -34.53 331.32 3.07 65.37 0.40
16.00 8299.47
324.50 -33.56 -34.21 -39.09 332.03 5.56 64.22 0.40
0.00 8804.10
302.70 -37.56 -38.11 -43.84 332.51 7.68 59.60 0.40
0.00 9287.84
283.00 -41.66 -42.13 -49.40 332.64 9.06 59.21 0.40
0.00 9747.93
265.20 -45.66 -45.93 -51.20 332.94 11.04 63.93 0.30
0.00 10184.35
248.60 -49.46 -49.61 -53.17 333.40 11.79 68.45 0.20
86.00 10611.22
233.50 -53.16 -53.25 -56.32 333.69 10.28 71.85 0.10
100.00 11018.15
219.60 -56.76 -56.84 -60.55 333.91 10.36 73.47 0.10
95.00 11410.15
205.70 -60.26 -60.33 -64.93 334.62 10.74 77.12 0.10
85.00 11820.98
191.70 -64.36 -64.40 -68.39 334.81 11.31 80.23 0.10
0.00 12256.01
177.70 -68.16 -68.19 -73.70 335.87 14.94 80.61 0.10
0.00 12715.26
163.80 -69.66 -69.69 -74.24 341.26 21.86 68.86 0.10
0.00 13202.21
149.80 -70.06 -70.09 -74.84 349.40 12.30 41.96 0.10
0.00 13733.87
135.90 -67.26 -67.32 -75.48 364.21 337.56 42.25 0.10
0.00 14316.77
121.90 -63.76 -9999.00 -9999.00 -9999.00 335.69 42.00 0.00
0.00 14977.55
108.00 -61.16 -9999.00 -9999.00 -9999.00 336.89 33.16 -0.10
0.00 15724.21
94.00 -61.46 -9999.00 -9999.00 -9999.00 332.89 18.34 -0.10
0.00 16585.12
81.00 -63.06 -9999.00 -9999.00 -9999.00 317.46 22.42 0.00
0.00 17503.95
70.60 -62.06 -9999.00 -9999.00 -9999.00 321.66 27.23 0.00
0.00 18351.04
62.20 -59.86 -9999.00 -9999.00 -9999.00 324.34 20.32 0.00
0.00 19137.83
54.30 -60.36 -9999.00 -9999.00 -9999.00 316.74 9.07 0.00
0.00 19984.86
46.90 -60.16 -9999.00 -9999.00 -9999.00 310.91 11.56 0.00
0.00 20897.83
40.10 -57.06 -9999.00 -9999.00 -9999.00 360.00 6.41 0.00
0.00 21881.52
33.80 -57.36 -9999.00 -9999.00 -9999.00 256.61 4.20 0.00
0.00 22961.86
27.80 -55.16 -9999.00 -9999.00 -9999.00 306.25 3.61 0.00
0.00 24202.54
22.30 -55.26 -9999.00 -9999.00 -9999.00 291.04 5.42 0.00
0.00 25608.88
17.10 -53.46 -9999.00 -9999.00 -9999.00 313.03 3.98 0.00
0.00 27309.27
12.30 -51.46 -9999.00 -9999.00 -9999.00 248.96 5.42 0.00
0.00 29437.68

STID = KMFR STNM = 725970 TIME = 221027/0300 
SLAT = 42.37 SLON = -122.87 SELV = 563.0
STIM = 15

SHOW = 13.32 LIFT = 13.28 SWET = 46.01 KINX = 10.65
LCLP = 862.73 PWAT = 16.22 TOTL = 31.86 CAPE = 1.80
LCLT = 274.77 CINS = -13.72 EQLV = 748.14 LFCT = 772.68
BRCH = 0.08

PRES TMPC TMWC DWPC THTE DRCT SKNT OMEG
CFRL HGHT
955.30 9.74 6.47 3.06 301.03 293.20 1.48 -0.10
0.00 572.56
952.50 9.64 6.28 2.73 300.89 311.19 2.06 -0.20
0.00 596.93
947.30 9.34 5.99 2.42 300.82 341.57 3.69 -0.40
0.00 642.36
938.30 8.64 5.50 2.08 300.70 356.05 5.65 -0.60
0.00 721.42
925.10 7.54 4.74 1.62 300.50 4.90 6.82 -0.80
0.00 838.39
908.20 6.14 3.75 1.00 300.24 8.13 6.88 -1.00
0.00 989.92
888.00 4.54 2.68 0.47 300.25 8.62 6.49 -1.10
0.00 1173.78
866.00 2.74 1.49 -0.06 300.29 7.85 5.69 -1.10
0.00 1377.58
842.30 0.64 0.16 -0.47 300.34 1.79 6.22 -1.10
0.00 1601.41
815.90 -1.16 -1.19 -1.28 300.77 358.90 10.10 -0.90
100.00 1856.45
786.70 -2.86 -2.90 -3.00 300.99 356.33 15.19 -0.40
100.00 2146.42
754.90 -5.66 -5.67 -5.72 299.74 6.34 19.35 0.40
100.00 2471.89
720.50 -6.06 -7.95 -11.77 300.01 20.18 24.22 1.00
37.00 2837.41
683.40 -7.36 -9.24 -13.20 302.72 18.28 22.30 1.10
0.00 3250.23
643.50 -9.26 -10.84 -14.30 305.60 4.97 17.93 0.90
0.00 3717.16
600.90 -11.26 -12.62 -15.76 308.99 350.54 18.90 0.40
0.00 4244.84
555.90 -13.06 -14.27 -17.15 313.56 339.98 24.40 0.00
0.00 4840.17
512.10 -14.96 -15.94 -18.32 318.58 343.47 31.41 -0.20
0.00 5463.36
472.40 -16.56 -17.53 -20.01 323.65 350.81 40.15 -0.10
2.00 6071.96
436.80 -18.86 -20.02 -23.43 326.93 358.56 46.25 0.10
7.00 6658.33
404.50 -21.86 -23.04 -27.22 329.18 2.64 54.84 0.40
0.00 7227.19
375.10 -24.96 -26.14 -31.30 331.27 4.01 61.15 0.50
0.00 7779.11
348.50 -28.86 -30.03 -37.24 331.90 4.53 59.03 0.50
0.00 8309.47
324.50 -33.16 -34.11 -42.17 332.18 6.66 56.92 0.50
0.00 8815.31
302.70 -37.46 -38.07 -44.57 332.58 7.53 57.81 0.50
0.00 9299.55
283.00 -41.76 -42.11 -46.84 332.70 8.26 60.84 0.40
0.00 9759.64
265.20 -45.66 -45.86 -49.40 333.06 8.38 64.01 0.30
69.00 10195.98
248.60 -49.56 -49.70 -53.17 333.25 8.78 67.42 0.30
98.00 10622.75
233.50 -53.26 -53.38 -57.41 333.50 8.99 69.62 0.30
96.00 11029.50
219.60 -56.76 -56.84 -60.55 333.91 9.51 70.51 0.30
88.00 11421.41
205.70 -60.46 -60.52 -64.93 334.31 8.66 70.94 0.30
83.00 11832.05
191.70 -64.26 -64.30 -68.39 334.97 8.77 71.35 0.20
0.00 12266.97
177.70 -67.66 -67.70 -73.70 336.69 14.89 72.55 0.20
0.00 12726.90
163.80 -68.76 -68.79 -74.24 342.77 23.13 60.84 0.10
0.00 13215.51
149.80 -69.96 -69.99 -74.84 349.57 359.41 37.88 0.10
0.00 13748.48
135.90 -68.46 -68.51 -75.48 362.09 334.11 44.06 0.10
0.00 14329.81
121.90 -64.76 -9999.00 -9999.00 -9999.00 336.37 40.71 0.00
0.00 14987.09
108.00 -62.36 -9999.00 -9999.00 -9999.00 337.02 33.33 -0.10
0.00 15729.85
94.00 -62.46 -9999.00 -9999.00 -9999.00 331.89 19.39 -0.10
0.00 16586.29
81.00 -63.96 -9999.00 -9999.00 -9999.00 314.28 21.97 0.00
0.00 17500.98
70.60 -61.76 -9999.00 -9999.00 -9999.00 323.40 24.44 0.10
0.00 18346.86
62.20 -58.26 -9999.00 -9999.00 -9999.00 331.26 13.73 0.00
0.00 19137.17
54.30 -59.66 -9999.00 -9999.00 -9999.00 312.18 8.39 0.00
0.00 19988.78
46.90 -59.76 -9999.00 -9999.00 -9999.00 319.24 14.88 0.00
0.00 20904.11
40.10 -58.26 -9999.00 -9999.00 -9999.00 8.75 7.67 0.00
0.00 21885.97
33.80 -58.96 -9999.00 -9999.00 -9999.00 281.31 0.99 0.00
0.00 22959.30
27.80 -56.46 -9999.00 -9999.00 -9999.00 149.04 1.13 0.00
0.00 24191.69
22.30 -54.96 -9999.00 -9999.00 -9999.00 189.46 1.18 0.00
0.00 25594.80
17.10 -52.46 -9999.00 -9999.00 -9999.00 324.16 4.31 0.00
0.00 27300.25
12.30 -51.16 -9999.00 -9999.00 -9999.00 265.91 5.46 0.00
0.00 29434.92

STID = KMFR STNM = 725970 TIME = 221027/0400 
SLAT = 42.37 SLON = -122.87 SELV = 563.0
STIM = 16

SHOW = 14.23 LIFT = 14.24 SWET = 46.67 KINX = 9.61
LCLP = 865.64 PWAT = 15.98 TOTL = 30.18 CAPE = 0.00
LCLT = 274.87 CINS = 0.00 EQLV = -9999.00 LFCT = -9999.00
BRCH = 0.00

PRES TMPC TMWC DWPC THTE DRCT SKNT OMEG
CFRL HGHT
954.90 9.54 6.39 3.11 300.90 216.87 1.94 0.10
0.00 571.69
952.00 9.34 6.19 2.87 300.76 206.57 1.73 0.00
0.00 596.92
946.80 9.04 5.90 2.56 300.69 135.00 0.27 -0.10
0.00 642.32
937.80 8.34 5.37 2.14 300.49 53.13 1.94 -0.20
0.00 721.35
924.60 7.24 4.56 1.55 300.16 53.13 3.88 -0.40
0.00 838.26
907.70 5.84 3.48 0.71 299.71 58.24 4.80 -0.50
0.00 989.70
887.60 4.24 2.30 -0.07 299.49 59.04 4.53 -0.70
0.00 1172.53
865.60 2.44 1.18 -0.41 299.69 45.00 4.12 -0.80
0.00 1376.18
841.90 0.54 -0.02 -0.76 300.02 17.35 6.51 -0.70
0.00 1599.94
815.50 -1.16 -1.20 -1.29 300.81 1.97 11.27 -0.30
100.00 1855.05
786.40 -2.96 -3.39 -4.07 300.07 9.46 16.55 0.40
87.00 2144.07
754.60 -3.36 -5.41 -9.05 300.22 23.32 24.53 0.90
53.00 2470.90
720.20 -4.56 -6.55 -10.20 302.59 23.65 25.66 1.20
0.00 2839.11
683.10 -6.46 -8.42 -12.32 304.24 20.25 21.33 1.20
0.00 3254.03
643.30 -8.56 -10.48 -14.68 306.26 9.27 19.29 0.90
0.00 3721.38
600.70 -10.86 -12.46 -16.16 309.30 356.12 22.98 0.50
0.00 4250.32
555.70 -13.16 -14.24 -16.76 313.66 352.46 29.58 0.10
0.00 4846.19
511.90 -14.46 -15.42 -17.67 319.56 353.80 34.19 -0.10
1.00 5470.14
472.30 -15.66 -16.91 -20.01 324.82 357.42 38.89 -0.10
0.00 6079.05
436.70 -18.36 -19.63 -23.27 327.66 4.10 46.15 -0.10
0.00 6667.16
404.40 -21.26 -22.35 -25.91 330.44 5.25 55.21 0.00
1.00 7237.42
375.10 -24.56 -25.98 -32.47 331.52 5.63 55.44 0.10
0.00 7788.65
348.50 -28.66 -29.91 -37.69 332.10 10.71 58.53 0.20
0.00 8319.64
324.50 -33.36 -34.12 -40.11 332.16 11.27 60.61 0.20
0.00 8825.49
302.70 -37.76 -38.29 -43.84 332.23 7.89 59.42 0.20
0.00 9309.23
283.00 -41.86 -42.17 -46.40 332.59 5.51 60.68 0.30
54.00 9768.93
265.20 -45.56 -45.82 -50.56 333.13 4.97 62.78 0.30
55.00 10205.27
248.60 -49.46 -49.66 -54.84 333.32 4.79 65.11 0.20
23.00 10632.23
233.50 -53.16 -53.30 -58.64 333.61 4.46 64.88 0.10
20.00 11039.15
219.60 -56.56 -56.67 -62.27 334.18 4.99 62.59 0.00
13.00 11431.33
205.70 -60.06 -60.15 -67.88 334.89 5.80 63.46 0.00
7.00 11842.54
191.70 -63.86 -63.90 -68.39 335.61 8.82 68.41 0.10
100.00 12278.29
177.70 -67.96 -67.97 -68.92 336.24 12.31 71.97 0.10
0.00 12738.32
163.80 -69.86 -69.88 -74.24 340.93 20.37 61.95 0.20
0.00 13225.27
149.80 -70.66 -70.68 -74.84 348.36 1.87 35.76 0.10
0.00 13755.88
135.90 -69.76 -69.79 -75.48 359.79 337.84 40.70 0.10
0.00 14334.37
121.90 -66.26 -9999.00 -9999.00 -9999.00 337.26 41.71 0.00
0.00 14987.19
108.00 -62.16 -9999.00 -9999.00 -9999.00 341.21 29.55 -0.10
0.00 15727.65
94.00 -62.46 -9999.00 -9999.00 -9999.00 332.35 18.41 -0.10
0.00 16584.49
81.00 -63.46 -9999.00 -9999.00 -9999.00 319.64 25.49 0.00
0.00 17500.27
70.60 -61.16 -9999.00 -9999.00 -9999.00 329.11 27.62 0.00
0.00 18348.37
62.20 -58.86 -9999.00 -9999.00 -9999.00 340.40 15.05 0.00
0.00 19138.68
54.30 -61.16 -9999.00 -9999.00 -9999.00 323.75 7.23 0.00
0.00 19986.12
46.90 -61.16 -9999.00 -9999.00 -9999.00 327.99 10.99 0.00
0.00 20895.23
40.10 -58.06 -9999.00 -9999.00 -9999.00 67.62 3.57 0.00
0.00 21874.33
33.80 -58.16 -9999.00 -9999.00 -9999.00 233.13 2.91 0.00
0.00 22950.17
27.80 -55.36 -9999.00 -9999.00 -9999.00 234.46 3.34 0.00
0.00 24187.99
22.30 -54.36 -9999.00 -9999.00 -9999.00 282.99 2.58 0.00
0.00 25596.59
17.10 -52.16 -9999.00 -9999.00 -9999.00 286.50 5.48 0.00
0.00 27305.53
12.30 -51.26 -9999.00 -9999.00 -9999.00 270.00 14.57 0.00
0.00 29441.16

STID = KMFR STNM = 725970 TIME = 221027/0500 
SLAT = 42.37 SLON = -122.87 SELV = 563.0
STIM = 17

SHOW = 15.74 LIFT = 15.83 SWET = 50.61 KINX = 6.96
LCLP = 873.61 PWAT = 15.71 TOTL = 27.20 CAPE = 0.00
LCLT = 275.16 CINS = 0.00 EQLV = -9999.00 LFCT = -9999.00
BRCH = 0.00

PRES TMPC TMWC DWPC THTE DRCT SKNT OMEG
CFRL HGHT
955.40 9.14 6.27 3.28 300.58 237.99 1.83 0.00
0.00 570.80
952.50 9.14 6.12 2.93 300.55 210.26 2.70 0.00
0.00 596.00
947.30 8.74 5.80 2.65 300.40 195.26 2.21 0.00
0.00 641.34
938.30 8.14 5.29 2.17 300.25 135.00 1.38 -0.10
0.00 720.25
925.10 7.04 4.44 1.50 299.85 97.59 2.93 -0.10
0.00 837.01
908.10 5.74 3.36 0.56 299.43 90.00 4.08 -0.20
0.00 989.19
888.00 4.14 2.12 -0.39 299.07 78.23 4.76 -0.30
0.00 1171.86
866.00 2.44 0.97 -0.92 299.21 46.47 5.36 -0.30
0.00 1375.37
842.30 0.64 -0.06 -0.98 299.90 15.12 7.44 -0.20
0.00 1599.06
815.80 -1.06 -1.49 -2.10 300.19 8.13 10.99 0.00
71.00 1855.09
786.70 -1.66 -3.45 -6.29 299.91 22.28 17.42 0.30
37.00 2144.68
755.00 -2.46 -4.76 -8.70 301.39 25.25 22.77 0.40
3.00 2471.61
720.50 -3.96 -6.24 -10.40 303.12 21.11 21.04 0.50
0.00 2841.75
683.40 -5.96 -8.29 -13.02 304.41 15.36 18.34 0.50
0.00 3257.32
643.60 -8.36 -10.43 -15.00 306.30 3.40 19.66 0.40
0.00 3725.05
600.90 -10.76 -12.24 -15.57 309.67 355.01 24.57 0.30
0.00 4255.33
555.90 -12.36 -13.51 -16.07 314.94 355.91 29.99 0.20
0.00 4852.06
512.10 -12.96 -14.40 -17.60 321.42 359.68 35.16 0.10
0.00 5478.56
472.40 -14.66 -16.14 -19.66 326.23 5.94 43.16 0.10
0.00 6091.79
436.80 -17.56 -18.78 -22.00 329.21 5.71 50.76 0.10
0.00 6681.87
404.50 -20.66 -22.15 -27.22 330.76 5.04 50.89 0.10
0.00 7253.58
375.10 -24.46 -26.08 -33.95 331.33 14.79 54.04 0.20
0.00 7807.35
348.50 -29.36 -30.49 -37.69 331.15 19.97 57.46 0.20
0.00 8337.68
324.50 -33.86 -34.58 -40.38 331.43 13.06 55.03 0.20
0.00 8842.28
302.70 -37.56 -38.18 -44.97 332.40 4.43 55.34 0.10
0.00 9325.70
283.00 -41.66 -41.97 -45.98 332.92 1.61 62.37 0.10
2.00 9785.80
265.20 -45.76 -45.95 -49.40 332.91 1.25 62.57 0.10
94.00 10222.14
248.60 -49.66 -49.82 -53.97 333.06 359.63 60.41 0.10
52.00 10648.72
233.50 -53.26 -53.40 -58.64 333.46 1.27 61.60 0.20
13.00 11055.37
219.60 -56.56 -56.64 -60.55 334.22 5.56 64.22 0.20
40.00 11447.46
205.70 -60.06 -60.13 -64.93 334.93 6.60 62.57 0.30
83.00 11858.68
191.70 -63.86 -63.90 -68.39 335.61 7.37 62.08 0.30
93.00 12294.42
177.70 -67.96 -67.99 -73.70 336.20 8.68 63.07 0.30
0.00 12754.46
163.80 -70.36 -70.38 -74.24 340.09 12.46 56.70 0.30
0.00 13240.81
149.80 -69.86 -69.89 -74.84 349.74 1.65 33.82 0.20
0.00 13771.81
135.90 -69.76 -69.79 -75.48 359.79 336.01 40.62 0.10
0.00 14351.44
121.90 -67.76 -9999.00 -9999.00 -9999.00 335.30 42.75 0.00
0.00 15001.88
108.00 -63.46 -9999.00 -9999.00 -9999.00 341.08 28.75 -0.10
0.00 15737.37
94.00 -63.06 -9999.00 -9999.00 -9999.00 335.28 13.48 0.00
0.00 16590.35
81.00 -63.36 -9999.00 -9999.00 -9999.00 318.81 24.79 0.00
0.00 17505.05
70.60 -60.76 -9999.00 -9999.00 -9999.00 330.08 23.76 0.00
0.00 18354.14
62.20 -59.06 -9999.00 -9999.00 -9999.00 352.57 9.01 0.00
0.00 19144.83
54.30 -61.66 -9999.00 -9999.00 -9999.00 338.96 2.70 0.00
0.00 19990.87
46.90 -60.76 -9999.00 -9999.00 -9999.00 321.84 10.37 0.00
0.00 20899.77
40.10 -57.46 -9999.00 -9999.00 -9999.00 189.46 2.37 0.00
0.00 21881.16
33.80 -57.66 -9999.00 -9999.00 -9999.00 280.01 6.70 0.00
0.00 22959.75
27.80 -55.66 -9999.00 -9999.00 -9999.00 295.35 4.08 0.00
0.00 24198.15
22.30 -54.66 -9999.00 -9999.00 -9999.00 326.31 2.80 0.00
0.00 25604.81
17.10 -52.46 -9999.00 -9999.00 -9999.00 279.46 5.91 0.00
0.00 27311.42
12.30 -51.56 -9999.00 -9999.00 -9999.00 280.52 13.83 0.00
0.00 29444.16

STID = KMFR STNM = 725970 TIME = 221027/0600 
SLAT = 42.37 SLON = -122.87 SELV = 563.0
STIM = 18

SHOW = 16.50 LIFT = 16.64 SWET = 52.00 KINX = 5.85
LCLP = 883.00 PWAT = 15.51 TOTL = 25.62 CAPE = 0.00
LCLT = 275.31 CINS = 0.00 EQLV = -9999.00 LFCT = -9999.00
BRCH = 0.00

PRES TMPC TMWC DWPC THTE DRCT SKNT OMEG
CFRL HGHT
955.50 8.44 5.93 3.28 299.82 228.01 2.62 0.10
0.00 570.78
952.60 8.64 5.93 3.07 300.13 214.51 3.77 0.00
0.00 595.92
947.40 8.34 5.69 2.86 300.15 206.57 3.48 0.00
0.00 641.19
938.40 7.74 5.16 2.35 299.97 180.00 2.14 0.00
0.00 719.98
925.20 6.84 4.32 1.47 299.59 120.96 2.27 0.00
0.00 836.61
908.20 5.74 3.21 0.18 299.09 93.01 3.69 0.10
0.00 988.71
888.10 4.24 1.92 -1.02 298.64 68.96 5.42 0.10
0.00 1171.38
866.10 2.64 0.86 -1.46 298.98 50.19 6.06 0.30
0.00 1374.95
842.40 1.04 -0.19 -1.84 299.61 37.87 6.64 0.30
0.00 1598.83
815.90 -0.26 -1.76 -3.92 299.64 40.36 10.20 0.40
21.00 1855.33
786.80 -1.16 -3.35 -6.86 300.08 37.82 16.47 0.30
0.00 2145.52
755.10 -2.26 -4.55 -8.41 301.77 27.07 19.64 0.20
0.00 2472.82
720.60 -3.86 -6.20 -10.45 303.19 16.93 18.69 0.10
0.00 2843.12
683.50 -6.06 -8.40 -13.19 304.20 8.13 17.85 0.20
0.00 3258.63
643.60 -8.56 -10.46 -14.61 306.25 4.72 21.25 0.40
0.00 3727.24
601.00 -10.46 -11.86 -14.89 310.35 3.76 26.67 0.60
0.00 4256.36
555.90 -11.06 -12.58 -15.83 316.65 3.86 31.74 0.60
0.00 4856.22
512.10 -12.06 -13.66 -17.05 322.82 5.98 37.30 0.40
0.00 5485.39
472.50 -14.86 -15.87 -18.12 326.74 7.95 43.55 0.10
0.00 6097.91
436.80 -17.46 -18.67 -21.85 329.41 4.40 43.07 0.00
1.00 6689.51
404.50 -20.26 -22.28 -29.96 330.48 11.36 41.41 0.10
0.00 7261.75
375.10 -24.46 -26.30 -36.08 330.92 20.25 46.58 0.20
0.00 7815.90
348.60 -29.06 -30.20 -37.24 331.60 7.76 50.39 0.20
0.00 8344.47
324.50 -33.36 -34.15 -40.38 332.12 0.21 53.81 0.10
0.00 8851.94
302.70 -37.96 -38.44 -43.49 331.99 358.61 55.96 0.00
0.00 9335.47
283.00 -41.96 -42.27 -46.40 332.45 356.59 58.76 0.00
8.00 9794.88
265.20 -45.86 -46.07 -49.96 332.73 355.11 59.27 0.00
29.00 10230.84
248.60 -49.76 -49.92 -53.97 332.92 353.89 58.41 0.00
86.00 10657.24
233.50 -53.46 -53.57 -57.41 333.19 353.89 58.41 0.10
100.00 11063.61
219.60 -57.06 -57.13 -60.55 333.45 354.74 59.30 0.10
100.00 11455.07
205.70 -60.46 -60.52 -64.93 334.31 356.82 59.54 0.20
97.00 11865.43
191.70 -63.76 -63.81 -68.39 335.77 2.58 56.00 0.30
95.00 12300.86
177.70 -67.66 -67.70 -73.70 336.69 6.28 56.88 0.30
0.00 12761.34
163.80 -69.16 -69.19 -74.24 342.10 5.62 49.57 0.30
0.00 13249.48
149.80 -68.86 -68.90 -74.84 351.46 347.16 31.47 0.20
0.00 13783.36
135.90 -69.56 -69.60 -75.48 360.14 336.29 40.09 0.00
0.00 14364.70
121.90 -68.66 -9999.00 -9999.00 -9999.00 338.96 40.58 -0.10
0.00 15014.02
108.00 -65.16 -9999.00 -9999.00 -9999.00 346.76 27.14 -0.10
0.00 15744.91
94.00 -63.46 -9999.00 -9999.00 -9999.00 325.58 12.72 0.00
0.00 16593.63
81.00 -63.46 -9999.00 -9999.00 -9999.00 310.70 25.62 0.00
0.00 17507.23
70.60 -60.96 -9999.00 -9999.00 -9999.00 318.32 21.33 0.00
0.00 18355.72
62.20 -59.46 -9999.00 -9999.00 -9999.00 291.80 2.10 0.00
0.00 19145.29
54.30 -61.56 -9999.00 -9999.00 -9999.00 270.00 4.86 0.00
0.00 19990.74
46.90 -59.26 -9999.00 -9999.00 -9999.00 298.24 11.91 0.00
0.00 20903.07
40.10 -57.56 -9999.00 -9999.00 -9999.00 214.29 5.17 0.00
0.00 21887.68
33.80 -57.66 -9999.00 -9999.00 -9999.00 311.50 6.74 0.00
0.00 22966.01
27.80 -55.86 -9999.00 -9999.00 -9999.00 9.46 3.54 0.00
0.00 24203.84
22.30 -56.06 -9999.00 -9999.00 -9999.00 25.02 3.22 0.00
0.00 25605.33
17.10 -53.96 -9999.00 -9999.00 -9999.00 323.13 3.88 0.00
0.00 27300.67
12.30 -51.76 -9999.00 -9999.00 -9999.00 293.46 11.23 0.00
0.00 29425.22

STID = KMFR STNM = 725970 TIME = 221027/0700 
SLAT = 42.37 SLON = -122.87 SELV = 563.0
STIM = 19

SHOW = 17.31 LIFT = 17.35 SWET = 54.35 KINX = 5.28
LCLP = 891.55 PWAT = 15.47 TOTL = 23.85 CAPE = 0.00
LCLT = 275.40 CINS = 0.00 EQLV = -9999.00 LFCT = -9999.00
BRCH = 0.00

PRES TMPC TMWC DWPC THTE DRCT SKNT OMEG
CFRL HGHT
955.30 7.74 5.57 3.23 299.03 255.96 3.21 0.10
0.00 571.63
952.60 8.04 5.64 3.07 299.49 242.24 4.18 0.00
0.00 594.98
947.30 7.84 5.47 2.91 299.67 238.57 4.10 -0.10
0.00 641.03
938.30 7.34 5.02 2.49 299.68 231.34 2.49 -0.20
0.00 719.71
925.10 6.64 4.27 1.59 299.50 153.43 0.43 -0.20
0.00 836.22
908.20 5.74 3.11 -0.08 298.87 74.05 2.84 -0.20
0.00 987.38
888.00 4.54 1.82 -1.72 298.42 62.45 5.03 -0.10
0.00 1171.05
866.10 3.04 0.75 -2.31 298.74 64.29 5.83 0.00
0.00 1373.95
842.30 1.64 -0.45 -3.38 299.08 71.11 7.81 0.00
0.00 1599.14
815.90 0.44 -1.88 -5.39 299.37 64.75 11.38 0.00
0.00 1855.24
786.80 -0.96 -3.25 -6.91 300.27 49.16 15.15 -0.10
0.00 2145.87
755.00 -2.66 -4.68 -8.08 301.54 31.08 16.55 -0.30
0.00 2474.11
720.60 -4.26 -6.32 -10.04 302.97 17.59 16.71 -0.30
0.00 2842.84
683.50 -6.16 -8.32 -12.66 304.35 10.70 17.79 -0.10
0.00 3257.98
643.60 -8.16 -10.04 -13.99 307.02 9.89 21.48 0.10
0.00 3726.88
601.00 -9.26 -11.07 -14.89 311.77 12.12 26.83 0.50
0.00 4257.62
555.90 -9.76 -11.60 -15.30 318.51 16.39 34.42 0.60
0.00 4860.36
512.10 -11.56 -13.04 -16.00 324.03 15.72 40.15 0.60
0.00 5491.74
472.40 -14.36 -15.57 -18.25 327.33 5.82 40.23 0.30
0.00 6107.08
436.80 -17.26 -18.69 -22.54 329.36 0.60 37.10 0.10
0.00 6697.87
404.50 -20.36 -22.39 -30.23 330.28 10.39 35.55 0.00
0.00 7270.20
375.10 -24.76 -26.46 -35.26 330.67 10.80 42.52 -0.10
0.00 7823.92
348.60 -29.66 -30.48 -35.23 331.15 360.00 48.17 -0.10
0.00 8351.54
324.50 -34.16 -34.48 -36.71 331.60 349.60 50.56 -0.10
100.00 8857.58
302.70 -38.46 -38.66 -40.51 331.66 346.23 51.40 -0.10
100.00 9339.83
283.00 -42.26 -42.52 -45.98 332.05 348.69 50.52 0.00
85.00 9798.47
265.20 -45.96 -46.24 -51.88 332.46 350.28 50.64 0.00
3.00 10234.05
248.60 -49.56 -49.80 -56.90 333.09 350.03 50.49 0.10
31.00 10660.53
233.50 -53.16 -53.33 -60.07 333.57 349.89 50.91 0.20
49.00 11067.36
219.60 -56.56 -56.67 -62.27 334.18 352.90 51.86 0.20
45.00 11459.53
205.70 -59.96 -60.03 -64.93 335.09 355.94 52.19 0.20
87.00 11870.84
191.70 -63.56 -63.61 -68.39 336.09 358.03 50.93 0.20
34.00 12307.00
177.70 -67.26 -67.27 -68.92 337.39 358.67 50.14 0.20
0.00 12768.15
163.80 -68.86 -68.89 -74.24 342.60 359.49 43.51 0.20
0.00 13257.12
149.80 -69.16 -69.19 -74.84 350.95 349.56 30.03 0.10
0.00 13791.00
135.90 -70.86 -70.89 -75.48 357.84 338.03 35.82 -0.10
0.00 14370.06
121.90 -70.16 -70.20 -76.19 370.41 343.18 34.91 -0.10
0.00 15014.93
108.00 -66.86 -9999.00 -9999.00 -9999.00 349.15 23.74 -0.10
0.00 15740.15
94.00 -63.76 -9999.00 -9999.00 -9999.00 317.68 14.70 0.00
0.00 16584.80
81.00 -63.26 -9999.00 -9999.00 -9999.00 303.55 22.84 0.00
0.00 17498.18
70.60 -60.46 -9999.00 -9999.00 -9999.00 312.36 17.87 0.00
0.00 18348.09
62.20 -59.96 -9999.00 -9999.00 -9999.00 261.47 3.92 0.00
0.00 19137.66
54.30 -60.76 -9999.00 -9999.00 -9999.00 290.96 9.77 0.00
0.00 19983.70
46.90 -58.96 -9999.00 -9999.00 -9999.00 297.32 13.11 0.00
0.00 20898.39
40.10 -58.96 -9999.00 -9999.00 -9999.00 214.22 5.87 0.00
0.00 21880.47
33.80 -58.06 -9999.00 -9999.00 -9999.00 300.58 4.97 0.00
0.00 22954.30
27.80 -55.76 -9999.00 -9999.00 -9999.00 172.87 1.57 0.00
0.00 24191.27
22.30 -55.96 -9999.00 -9999.00 -9999.00 183.81 2.91 0.00
0.00 25593.41
17.10 -52.86 -9999.00 -9999.00 -9999.00 360.00 1.55 0.00
0.00 27293.42
12.30 -51.06 -9999.00 -9999.00 -9999.00 315.62 12.78 0.00
0.00 29426.64

STID = KMFR STNM = 725970 TIME = 221027/0800 
SLAT = 42.37 SLON = -122.87 SELV = 563.0
STIM = 20

SHOW = 17.84 LIFT = 17.83 SWET = 52.23 KINX = 4.99
LCLP = 900.06 PWAT = 15.55 TOTL = 22.65 CAPE = 0.00
LCLT = 275.50 CINS = 0.00 EQLV = -9999.00 LFCT = -9999.00
BRCH = 0.00

PRES TMPC TMWC DWPC THTE DRCT SKNT OMEG
CFRL HGHT
954.80 7.04 5.20 3.19 298.29 296.57 3.05 0.00
0.00 571.61
952.00 7.34 5.27 3.01 298.73 284.93 3.01 -0.10
0.00 595.78
946.80 7.24 5.13 2.82 298.99 294.78 2.78 -0.20
0.00 640.88
937.80 6.94 4.81 2.45 299.27 318.81 2.06 -0.20
0.00 719.46
924.60 6.34 4.23 1.85 299.46 5.71 1.94 -0.20
0.00 835.90
907.70 5.54 3.16 0.30 299.03 49.76 3.30 -0.10
0.00 987.01
887.50 4.54 1.80 -1.76 298.44 60.52 5.13 0.00
0.00 1170.73
865.60 3.24 0.64 -2.90 298.57 69.86 6.22 0.00
0.00 1373.80
841.90 1.94 -0.59 -4.24 298.83 76.29 8.20 0.10
0.00 1598.34
815.50 0.74 -1.94 -6.09 299.29 67.31 11.58 0.10
0.00 1854.81
786.40 -0.76 -3.18 -7.05 300.45 50.49 14.36 0.10
0.00 2145.84
754.70 -2.76 -4.71 -7.99 301.52 32.69 15.46 0.10
0.00 2473.26
720.30 -4.36 -6.32 -9.84 303.01 16.96 16.65 0.00
0.00 2842.00
683.20 -6.26 -8.21 -12.04 304.60 9.76 18.34 0.10
0.00 3257.18
643.30 -8.06 -9.88 -13.64 307.36 12.83 20.12 0.30
0.00 3726.32
600.70 -8.86 -10.67 -14.36 312.57 21.48 25.47 0.50
0.00 4257.85
555.70 -9.36 -11.06 -14.30 319.60 21.92 34.34 0.60
0.00 4860.47
511.90 -11.26 -12.73 -15.62 324.66 15.23 38.46 0.60
0.00 5492.98
472.30 -13.86 -15.46 -19.07 327.56 358.11 35.37 0.40
0.00 6107.89
436.70 -16.56 -18.66 -24.77 329.41 356.19 32.13 0.30
0.00 6700.12
404.40 -20.36 -22.34 -29.83 330.41 0.32 34.97 0.30
0.00 7273.33
375.10 -25.66 -26.47 -29.86 330.72 345.46 42.54 0.30
0.00 7824.31
348.50 -30.06 -30.52 -32.93 331.13 336.64 46.54 0.40
100.00 8352.68
324.50 -34.46 -34.83 -37.51 331.04 338.60 46.31 0.40
100.00 8855.98
302.70 -38.46 -38.84 -42.82 331.36 342.34 45.45 0.40
82.00 9337.90
283.00 -42.26 -42.61 -47.79 331.90 346.38 45.38 0.40
31.00 9796.52
265.20 -45.96 -46.29 -53.43 332.38 346.08 46.04 0.30
0.00 10232.09
248.60 -49.26 -49.59 -61.32 333.41 343.96 48.50 0.20
0.00 10658.85
233.50 -52.86 -53.06 -61.80 333.98 344.73 50.14 0.10
0.00 11066.22
219.60 -56.36 -56.47 -62.27 334.49 347.13 48.82 0.00
0.00 11458.84
205.70 -59.96 -60.01 -62.77 335.13 350.89 46.62 0.10
100.00 11870.35
191.70 -63.66 -63.68 -65.45 335.97 353.92 42.19 0.10
100.00 12306.41
177.70 -67.26 -67.27 -68.92 337.39 351.83 42.39 0.20
0.00 12767.44
163.80 -69.16 -69.19 -74.24 342.10 353.47 39.30 0.10
0.00 13256.06
149.80 -69.66 -69.69 -74.84 350.09 349.58 26.86 0.00
0.00 13788.90
135.90 -71.76 -71.78 -75.48 356.25 338.55 29.22 -0.10
0.00 14365.96
121.90 -70.76 -70.79 -76.19 369.31 345.05 32.36 -0.10
0.00 15008.44
108.00 -67.16 -9999.00 -9999.00 -9999.00 343.11 22.73 0.00
0.00 15732.07
94.00 -64.06 -9999.00 -9999.00 -9999.00 315.00 18.69 0.00
0.00 16575.50
81.00 -63.36 -9999.00 -9999.00 -9999.00 299.88 21.06 0.00
0.00 17488.01
70.60 -61.56 -9999.00 -9999.00 -9999.00 309.56 17.39 0.00
0.00 18335.50
62.20 -60.96 -9999.00 -9999.00 -9999.00 289.36 7.61 0.00
0.00 19121.18
54.30 -61.06 -9999.00 -9999.00 -9999.00 289.44 14.01 0.00
0.00 19964.64
46.90 -59.46 -9999.00 -9999.00 -9999.00 287.05 15.23 0.00
0.00 20877.61
40.10 -59.56 -9999.00 -9999.00 -9999.00 238.39 8.90 0.00
0.00 21857.17
33.80 -58.26 -9999.00 -9999.00 -9999.00 273.95 5.65 0.00
0.00 22929.00
27.80 -56.16 -9999.00 -9999.00 -9999.00 180.00 1.75 0.00
0.00 24164.25
22.30 -55.96 -9999.00 -9999.00 -9999.00 194.04 3.21 0.00
0.00 25565.11
17.10 -54.36 -9999.00 -9999.00 -9999.00 198.43 1.85 0.00
0.00 27259.28
12.30 -52.56 -9999.00 -9999.00 -9999.00 300.82 12.90 0.00
0.00 29378.04

STID = KMFR STNM = 725970 TIME = 221027/0900 
SLAT = 42.37 SLON = -122.87 SELV = 563.0
STIM = 21

SHOW = 19.36 LIFT = 19.30 SWET = 49.29 KINX = 3.79
LCLP = 904.93 PWAT = 15.30 TOTL = 19.58 CAPE = 0.00
LCLT = 275.47 CINS = 0.00 EQLV = -9999.00 LFCT = -9999.00
BRCH = 0.00

PRES TMPC TMWC DWPC THTE DRCT SKNT OMEG
CFRL HGHT
955.60 6.64 4.95 3.09 297.68 280.01 3.36 0.10
0.00 571.59
952.70 7.04 5.08 2.93 298.26 273.58 3.11 0.00
0.00 596.58
947.50 6.94 4.93 2.71 298.49 292.62 2.53 -0.10
0.00 641.59
938.50 6.64 4.59 2.29 298.72 336.04 1.90 -0.10
0.00 720.03
925.30 6.14 4.07 1.71 299.04 15.26 2.21 -0.10
0.00 836.27
908.40 5.54 3.18 0.35 299.00 45.00 3.03 0.00
0.00 987.21
888.20 4.64 1.84 -1.79 298.45 65.77 4.25 0.10
0.00 1170.82
866.20 3.34 0.54 -3.35 298.28 79.88 5.52 0.10
0.00 1374.73
842.50 2.04 -0.73 -4.80 298.49 76.68 7.60 0.00
0.00 1599.17
816.10 0.84 -1.91 -6.16 299.28 62.97 10.68 0.00
0.00 1855.54
787.00 -0.76 -3.18 -7.08 300.36 50.09 13.93 0.10
0.00 2146.41
755.20 -2.66 -4.64 -7.94 301.60 36.57 15.00 0.10
0.00 2474.68
720.70 -4.46 -6.24 -9.39 303.11 22.31 16.38 0.10
0.00 2844.28
683.60 -6.26 -8.04 -11.43 304.88 17.06 17.87 0.10
0.00 3259.18
643.70 -7.76 -9.56 -13.17 307.89 22.44 19.33 0.20
0.00 3728.33
601.00 -8.36 -10.13 -13.56 313.56 27.55 25.19 0.40
0.00 4261.64
556.00 -8.56 -10.62 -14.51 320.40 25.56 34.67 0.60
0.00 4865.45
512.10 -9.96 -12.42 -17.48 325.21 10.41 36.54 0.60
0.00 5501.57
472.50 -12.56 -15.16 -21.48 328.04 347.13 34.87 0.50
0.00 6119.17
436.80 -16.36 -18.63 -25.35 329.43 344.15 31.29 0.30
0.00 6714.52
404.50 -20.86 -22.48 -28.33 330.15 340.07 33.06 0.20
0.00 7287.27
375.10 -26.06 -26.68 -29.26 330.36 330.89 39.12 0.30
12.00 7839.09
348.50 -30.16 -30.85 -34.88 330.57 335.77 42.60 0.30
49.00 8366.91
324.50 -33.96 -34.77 -41.85 331.11 337.15 41.53 0.30
50.00 8870.58
302.70 -38.16 -38.76 -45.79 331.48 337.36 41.88 0.30
31.00 9353.29
283.00 -42.06 -42.57 -51.33 331.95 339.30 46.72 0.30
0.00 9812.38
265.20 -46.06 -46.36 -52.62 332.28 339.86 49.65 0.30
0.00 10248.04
248.60 -49.76 -49.99 -56.90 332.79 338.96 48.70 0.30
0.00 10674.23
233.50 -52.96 -53.14 -60.07 333.87 337.57 45.80 0.30
0.00 11081.06
219.60 -56.06 -56.18 -62.27 334.95 340.29 41.47 0.20
0.00 11473.86
205.70 -59.46 -59.54 -64.93 335.88 345.30 36.75 0.20
61.00 11886.13
191.70 -63.06 -63.12 -68.39 336.89 345.00 33.78 0.10
52.00 12323.32
177.70 -66.46 -66.51 -73.70 338.65 341.86 35.57 0.00
0.00 12785.91
163.80 -68.96 -68.99 -74.24 342.44 343.06 35.33 0.00
0.00 13275.72
149.80 -70.96 -70.98 -74.84 347.85 345.26 30.54 -0.10
0.00 13807.11
135.90 -72.26 -72.28 -75.48 355.36 342.99 27.21 -0.10
0.00 14381.61
121.90 -71.16 -71.19 -76.19 368.58 341.69 28.44 0.00
0.00 15022.66
108.00 -67.06 -9999.00 -9999.00 -9999.00 330.26 20.36 0.00
0.00 15745.76
94.00 -64.66 -9999.00 -9999.00 -9999.00 306.97 21.64 0.00
0.00 16588.17
81.00 -63.16 -9999.00 -9999.00 -9999.00 298.01 20.69 0.00
0.00 17499.81
70.60 -61.76 -9999.00 -9999.00 -9999.00 306.54 20.55 0.00
0.00 18347.30
62.20 -61.16 -9999.00 -9999.00 -9999.00 300.96 12.45 0.00
0.00 19132.24
54.30 -62.16 -9999.00 -9999.00 -9999.00 289.18 14.20 0.00
0.00 19973.12
46.90 -61.06 -9999.00 -9999.00 -9999.00 291.10 11.87 0.00
0.00 20880.30
40.10 -60.06 -9999.00 -9999.00 -9999.00 228.58 4.41 0.00
0.00 21855.04
33.80 -57.26 -9999.00 -9999.00 -9999.00 230.19 4.55 0.00
0.00 22928.12
27.80 -55.86 -9999.00 -9999.00 -9999.00 226.85 4.25 0.00
0.00 24167.10
22.30 -55.66 -9999.00 -9999.00 -9999.00 226.47 5.36 0.00
0.00 25569.88
17.10 -54.46 -9999.00 -9999.00 -9999.00 182.60 4.27 0.00
0.00 27264.84
12.30 -52.16 -9999.00 -9999.00 -9999.00 312.09 16.22 0.00
0.00 29385.04
STN YYMMDD/HHMM PMSL PRES SKTC STC1 SNFL WTNS
P01M C01M STC2 LCLD MCLD HCLD
SNRA UWND VWND R01M BFGR T2MS
Q2MS WXTS WXTP WXTZ WXTR USTM
VSTM HLCY SLLH WSYM CDBP VSBK
TD2M
725970 221026/1200 1020.30 953.60 4.54 277.70 -9999.00 21.00
-9999.00 -9999.00 278.30 24.00 0.00 0.00
-9999.00 1.80 1.10 -9999.00 -9999.00 5.34
5.49 0.00 0.00 0.00 0.00 3.10
-19.40 32.70 -9999.00 999.00 -9999.00 20.00
4.31
725970 221026/1300 1021.10 954.30 3.74 276.90 0.00 21.00
0.00 0.00 277.40 100.00 0.00 0.00
-9999.00 1.30 1.60 -9999.00 -9999.00 4.74
5.33 0.00 0.00 0.00 0.00 1.40
-17.60 36.60 0.00 999.00 813.90 20.00
3.90
725970 221026/1400 1022.50 955.50 5.54 278.70 0.00 21.00
0.00 0.00 278.80 100.00 0.00 0.00
-9999.00 1.30 1.10 -9999.00 -9999.00 5.74
5.63 0.00 0.00 0.00 0.00 0.40
-14.90 16.70 0.00 999.00 815.00 20.00
4.69
725970 221026/1500 1021.00 954.00 4.84 278.00 0.00 21.00
0.00 0.00 278.40 58.00 0.00 0.00
-9999.00 0.90 2.10 -9999.00 -9999.00 5.14
5.55 0.00 0.00 0.00 0.00 -0.50
-11.90 -9.10 0.00 999.00 -9999.00 20.00
4.47
725970 221026/1600 1021.40 954.70 6.94 280.10 0.00 21.00
0.00 0.00 279.80 11.00 1.00 0.00
-9999.00 1.40 1.50 -9999.00 -9999.00 6.64
5.65 0.00 0.00 0.00 0.00 -0.40
-13.40 35.90 0.01 999.00 -9999.00 20.00
4.73
725970 221026/1700 1023.20 956.60 9.44 282.60 0.00 20.00
0.00 0.00 282.10 31.00 59.00 0.00
-9999.00 2.10 0.60 -9999.00 -9999.00 8.24
5.54 0.00 0.00 0.00 0.00 -0.70
-13.80 45.00 0.01 999.00 -9999.00 20.00
4.48
725970 221026/1800 1022.30 956.00 11.74 284.90 0.00 19.00
0.00 0.00 284.20 28.00 100.00 0.00
-9999.00 2.00 -0.50 -9999.00 -9999.00 9.24
5.60 0.00 0.00 0.00 0.00 -1.80
-13.30 21.70 0.01 999.00 -9999.00 20.00
4.62
725970 221026/1900 1022.30 956.10 11.94 285.10 0.00 18.00
0.00 0.00 284.70 25.00 100.00 0.00
-9999.00 2.00 -0.60 -9999.00 -9999.00 10.04
5.32 0.00 0.00 0.00 0.00 -2.20
-12.90 3.80 0.00 999.00 -9999.00 20.00
3.90
725970 221026/2000 1021.40 955.40 12.74 285.90 0.00 17.00
0.00 0.00 285.50 91.00 100.00 0.00
-9999.00 1.80 -0.50 -9999.00 -9999.00 10.64
5.04 0.00 0.00 0.00 0.00 -2.40
-12.50 -7.10 0.00 999.00 -9999.00 20.00
3.13
725970 221026/2100 1021.20 955.20 12.14 285.30 0.00 16.00
0.00 0.00 285.10 100.00 48.00 0.00
-9999.00 1.60 -0.60 -9999.00 -9999.00 10.84
4.76 0.00 0.00 0.00 0.00 -3.20
-12.30 -3.20 -0.01 999.00 719.70 20.00
2.33
725970 221026/2200 1021.50 955.60 11.14 284.30 0.00 15.00
0.00 0.00 284.40 100.00 52.00 0.00
-9999.00 1.20 -0.60 -9999.00 -9999.00 10.84
4.60 0.00 0.00 0.00 0.00 -2.90
-12.70 -3.70 -0.01 999.00 754.40 20.00
1.86
725970 221026/2300 1021.40 955.60 11.04 284.20 0.00 15.00
0.00 0.00 284.20 100.00 100.00 0.00
-9999.00 0.90 -0.50 -9999.00 -9999.00 10.84
4.58 0.00 0.00 0.00 0.00 -2.90
-12.60 -2.80 0.00 999.00 754.40 20.00
1.80
725970 221027/0000 1020.90 955.00 10.84 284.00 0.00 15.00
0.00 0.00 284.10 100.00 100.00 0.00
-9999.00 0.70 -0.60 -9999.00 -9999.00 10.74
4.63 0.00 0.00 0.00 0.00 -2.80
-12.80 -6.30 0.00 999.00 719.60 20.00
1.94
725970 221027/0100 1020.90 955.00 9.94 283.10 0.00 15.00
0.00 0.00 283.30 100.00 100.00 0.00
-9999.00 0.40 0.00 -9999.00 -9999.00 10.04
4.82 0.00 0.00 0.00 0.00 -2.90
-12.50 -16.10 -0.01 999.00 814.80 0.07
2.50
725970 221027/0200 1022.10 956.00 9.34 282.50 0.00 16.00
0.00 0.00 282.70 100.00 100.00 0.00
-9999.00 1.00 -0.60 -9999.00 -9999.00 9.54
4.92 0.00 0.00 0.00 0.00 -4.90
-11.00 21.40 0.00 999.00 815.60 0.04
2.80
725970 221027/0300 1022.60 956.40 8.94 282.10 0.00 17.00
0.00 0.00 282.30 100.00 98.00 0.00
-9999.00 0.80 -0.60 -9999.00 -9999.00 9.04
5.27 0.00 0.00 0.00 0.00 -6.90
-10.70 29.50 0.00 999.00 815.90 0.07
3.77
725970 221027/0400 1022.10 955.90 8.44 281.60 0.00 17.00
0.00 0.00 281.80 100.00 100.00 0.00
-9999.00 0.60 0.80 -9999.00 -9999.00 8.64
5.29 0.00 0.00 0.00 0.00 -8.60
-10.60 6.20 0.00 999.00 815.50 1.12
3.82
725970 221027/0500 1022.70 956.30 7.54 280.70 0.00 18.00
0.00 0.00 281.00 71.00 94.00 0.00
-9999.00 0.90 0.50 -9999.00 -9999.00 8.04
5.35 0.00 0.00 0.00 0.00 -8.90
-9.30 -25.40 0.00 999.00 -9999.00 20.00
3.98
725970 221027/0600 1022.90 956.40 5.64 278.80 0.00 18.00
0.00 0.00 279.40 21.00 100.00 0.00
-9999.00 0.80 0.90 -9999.00 -9999.00 6.64
5.23 0.00 0.00 0.00 0.00 -9.60
-8.80 -61.70 0.00 999.00 -9999.00 20.00
3.66
725970 221027/0700 1023.00 956.30 4.54 277.70 0.00 18.00
0.00 0.00 278.30 0.00 100.00 0.00
-9999.00 1.00 0.50 -9999.00 -9999.00 5.84
5.14 0.00 0.00 0.00 0.00 -10.60
-8.40 -63.70 0.00 999.00 -9999.00 20.00
3.42
725970 221027/0800 1022.60 955.80 4.14 277.30 0.00 18.00
0.00 0.00 277.80 0.00 100.00 0.00
-9999.00 0.70 -0.10 -9999.00 -9999.00 5.24
5.11 0.00 0.00 0.00 0.00 -10.80
-9.00 -54.60 0.00 999.00 -9999.00 20.00
3.33
725970 221027/0900 1023.50 956.60 3.24 276.40 0.00 18.00
0.00 0.00 277.00 0.00 61.00 0.00
-9999.00 0.80 0.50 -9999.00 -9999.00 4.64
5.02 0.00 0.00 0.00 0.00 -10.60
-10.10 -41.40 0.00 999.00 -9999.00 20.00
3.09


