
SNPARM = PRES;TMPC;TMWC;DWPC;THTE;DRCT;SKNT;OMEG;CFRL;HGHT 
STNPRM = SHOW;LIFT;SWET;KINX;LCLP;PWAT;TOTL;CAPE;LCLT;CINS;EQLV;LFCT;BRCH 

STID = DVN STNM = 744550 TIME = 221026/1200 
SLAT = 41.61 SLON = -90.57 SELV = 215.0
STIM = 0

SHOW = 17.36 LIFT = 20.07 SWET = 120.38 KINX = -20.14
LCLP = 944.80 PWAT = 7.47 TOTL = 23.72 CAPE = 0.00
LCLT = 273.00 CINS = 0.00 EQLV = -9999.00 LFCT = -9999.00
BRCH = 0.00

PRES TMPC TMWC DWPC THTE DRCT SKNT OMEG
CFRL HGHT
987.70 3.34 2.13 0.47 288.70 290.77 6.02 0.10
0.00 224.85
984.80 3.54 2.05 0.01 288.84 298.54 12.61 0.10
0.00 248.71
979.40 3.64 1.94 -0.42 289.13 302.41 14.49 0.20
0.00 293.36
970.10 4.54 2.00 -1.56 290.15 324.52 20.75 0.20
0.00 370.96
956.30 4.94 1.92 -2.38 291.34 337.59 23.95 0.30
0.00 487.74
938.70 4.54 1.51 -2.83 292.34 345.43 25.49 0.40
0.00 639.15
917.70 3.54 1.01 -2.58 293.57 346.94 27.53 0.40
0.00 823.10
894.70 2.34 0.15 -3.00 294.37 341.34 31.57 0.40
0.00 1028.66
869.80 1.84 -0.75 -4.68 295.34 332.29 34.67 0.30
0.00 1256.51
842.00 1.64 -1.99 -8.16 296.05 322.58 36.44 0.20
0.00 1518.33
811.40 1.34 -3.64 -14.09 296.36 315.42 37.92 0.10
0.00 1816.29
777.80 0.44 -5.52 -21.85 296.78 309.81 39.45 0.00
0.00 2155.79
741.40 -0.96 -7.26 -29.28 298.06 302.62 40.37 0.00
0.00 2538.79
702.10 -3.16 -9.11 -32.71 299.93 296.16 36.58 0.00
0.00 2971.09
659.90 -6.56 -11.45 -30.51 301.81 290.35 31.27 0.20
0.00 3458.01
614.70 -9.06 -13.44 -31.25 305.11 285.56 31.86 0.40
0.00 4009.25
567.10 -10.86 -15.39 -38.64 309.33 281.49 37.06 0.40
0.00 4630.31
521.00 -12.36 -16.84 -41.70 314.93 272.64 46.48 0.30
0.00 5279.49
479.40 -16.86 -20.04 -36.02 317.59 266.08 51.20 0.20
0.00 5909.35
442.10 -21.76 -24.15 -39.21 318.52 266.78 44.95 0.10
0.00 6511.31
408.50 -26.76 -28.57 -44.47 318.91 267.18 39.47 0.10
0.00 7087.26
378.10 -31.26 -32.65 -49.58 319.82 268.59 39.45 0.10
0.00 7639.96
350.70 -35.46 -36.56 -56.84 320.86 265.52 42.29 0.10
0.00 8168.01
325.90 -39.76 -40.59 -64.52 321.60 266.20 46.91 0.10
0.00 8673.67
303.70 -43.86 -44.41 -62.00 322.43 267.04 48.82 0.10
0.00 9151.42
283.60 -46.86 -47.28 -62.52 324.50 263.76 48.27 0.10
0.00 9608.00
265.50 -47.96 -48.35 -63.02 329.06 261.39 55.79 0.00
0.00 10043.79
248.70 -47.56 -48.05 -71.42 335.77 258.97 54.82 0.00
0.00 10475.05
233.50 -48.76 -49.22 -71.85 340.06 250.33 48.48 0.00
0.00 10890.39
219.60 -50.76 -51.14 -72.27 342.99 242.95 50.82 0.10
0.00 11291.72
205.60 -51.76 -52.13 -72.72 347.94 242.08 58.92 0.20
0.00 11719.58
191.70 -51.76 -52.15 -73.19 354.97 245.02 65.79 0.30
0.00 12173.22
177.70 -52.06 -9999.00 -9999.00 -9999.00 248.29 65.66 0.30
0.00 12664.32
163.80 -52.96 -9999.00 -9999.00 -9999.00 246.53 54.64 0.20
0.00 13190.37
149.80 -55.26 -9999.00 -9999.00 -9999.00 235.71 41.38 0.10
0.00 13763.21
135.90 -57.56 -9999.00 -9999.00 -9999.00 222.23 34.11 0.00
0.00 14381.03
121.90 -61.06 -9999.00 -9999.00 -9999.00 206.69 41.08 -0.10
0.00 15061.54
107.90 -61.86 -9999.00 -9999.00 -9999.00 216.03 44.91 0.00
0.00 15817.49
94.00 -60.86 -9999.00 -9999.00 -9999.00 225.91 34.62 0.00
0.00 16672.44
81.00 -61.86 -9999.00 -9999.00 -9999.00 203.50 29.23 0.00
0.00 17595.20
70.60 -61.36 -9999.00 -9999.00 -9999.00 209.26 31.39 0.00
0.00 18446.10
62.20 -59.56 -9999.00 -9999.00 -9999.00 208.71 27.91 0.00
0.00 19234.75
54.30 -60.16 -9999.00 -9999.00 -9999.00 202.05 25.35 0.00
0.00 20082.78
46.90 -59.36 -9999.00 -9999.00 -9999.00 215.42 21.45 0.00
0.00 20997.90
40.10 -58.76 -9999.00 -9999.00 -9999.00 218.45 8.43 0.00
0.00 21979.52
33.80 -60.36 -9999.00 -9999.00 -9999.00 155.77 4.25 0.00
0.00 23048.10
27.80 -60.96 -9999.00 -9999.00 -9999.00 282.53 1.79 0.00
0.00 24263.62
22.30 -59.66 -9999.00 -9999.00 -9999.00 312.51 3.17 0.00
0.00 25637.04
17.10 -55.76 -9999.00 -9999.00 -9999.00 294.44 2.35 0.00
0.00 27311.40
12.30 -52.06 -9999.00 -9999.00 -9999.00 268.57 7.77 0.00
0.00 29425.82

STID = DVN STNM = 744550 TIME = 221026/1300 
SLAT = 41.61 SLON = -90.57 SELV = 215.0
STIM = 1

SHOW = 17.10 LIFT = 20.09 SWET = 120.48 KINX = -19.70
LCLP = 950.48 PWAT = 7.14 TOTL = 24.32 CAPE = 0.00
LCLT = 273.16 CINS = 0.00 EQLV = -9999.00 LFCT = -9999.00
BRCH = 0.00

PRES TMPC TMWC DWPC THTE DRCT SKNT OMEG
CFRL HGHT
989.20 3.14 2.05 0.56 288.42 297.47 5.48 0.10
0.00 224.83
986.30 3.34 1.96 0.07 288.53 306.10 11.54 0.10
0.00 248.64
980.90 3.64 1.92 -0.47 288.95 309.17 13.54 0.20
0.00 293.20
971.60 4.64 2.08 -1.50 290.16 332.43 19.72 0.30
0.00 370.69
957.80 4.74 1.90 -2.12 291.16 342.20 22.24 0.40
0.00 487.28
940.10 4.04 1.37 -2.45 291.93 348.60 23.58 0.40
0.00 639.13
919.10 2.94 0.68 -2.56 292.80 348.34 25.00 0.40
0.00 822.45
896.00 1.74 -0.12 -2.82 293.72 341.82 28.01 0.40
0.00 1028.14
871.10 1.44 -0.42 -3.08 295.87 332.49 31.55 0.30
0.00 1255.28
843.20 1.64 -2.02 -8.30 295.85 323.58 35.00 0.20
0.00 1517.49
812.50 1.54 -4.00 -16.79 295.51 318.70 36.21 0.10
0.00 1816.09
778.80 0.34 -5.78 -23.69 296.15 312.71 37.80 0.10
0.00 2156.16
742.30 -1.06 -7.43 -31.01 297.62 299.00 38.87 0.00
0.00 2539.58
702.90 -3.46 -9.30 -32.70 299.50 288.82 36.11 0.10
0.00 2972.13
660.60 -7.06 -12.06 -34.91 300.62 287.18 33.55 0.30
0.00 3458.92
615.40 -9.76 -14.37 -39.14 303.35 288.15 37.41 0.40
0.00 4008.24
567.70 -11.16 -15.88 -48.81 308.31 280.98 46.89 0.40
0.00 4628.67
521.40 -12.56 -17.17 -49.56 314.20 269.16 52.84 0.30
0.00 5279.38
479.70 -17.16 -20.32 -36.86 317.05 264.84 51.88 0.30
0.00 5909.68
442.30 -21.86 -24.21 -38.88 318.39 261.80 47.69 0.40
0.00 6512.46
408.70 -26.76 -28.59 -44.99 318.83 256.49 40.75 0.40
0.00 7088.02
378.20 -31.46 -32.75 -47.44 319.65 256.18 38.21 0.30
0.00 7642.10
350.80 -35.86 -36.85 -52.95 320.41 256.03 38.64 0.30
0.00 8169.35
326.00 -40.26 -40.97 -57.43 321.01 256.88 41.08 0.20
0.00 8673.91
303.70 -44.36 -44.88 -62.00 321.73 256.08 46.04 0.20
0.00 9152.70
283.60 -47.26 -47.63 -60.30 323.97 255.43 55.59 0.10
0.00 9608.38
265.50 -47.46 -47.85 -60.81 329.84 256.37 65.97 0.10
0.00 10044.27
248.70 -47.06 -47.55 -66.51 336.56 255.33 68.28 0.10
0.00 10476.50
233.50 -47.76 -48.27 -71.85 341.58 251.62 60.39 0.00
0.00 10893.22
219.60 -49.46 -49.91 -72.27 345.00 246.46 55.94 0.00
0.00 11296.61
205.60 -50.96 -51.36 -72.72 349.19 244.22 57.17 0.00
0.00 11726.50
191.70 -52.06 -52.44 -73.19 354.48 245.43 59.81 0.10
0.00 12180.65
177.70 -52.86 -9999.00 -9999.00 -9999.00 247.80 62.72 0.10
0.00 12670.53
163.80 -53.66 -9999.00 -9999.00 -9999.00 247.75 60.02 0.10
0.00 13194.79
149.80 -55.26 -9999.00 -9999.00 -9999.00 241.62 46.58 0.00
0.00 13766.72
135.90 -58.36 -9999.00 -9999.00 -9999.00 229.07 36.77 0.00
0.00 14383.40
121.90 -60.46 -9999.00 -9999.00 -9999.00 214.19 37.33 0.00
0.00 15063.59
108.00 -61.96 -9999.00 -9999.00 -9999.00 214.86 42.13 0.00
0.00 15814.68
94.00 -60.56 -9999.00 -9999.00 -9999.00 224.59 38.19 0.00
0.00 16675.79
81.00 -60.26 -9999.00 -9999.00 -9999.00 208.77 27.04 0.00
0.00 17602.68
70.60 -60.76 -9999.00 -9999.00 -9999.00 209.62 32.61 0.00
0.00 18458.01
62.20 -59.56 -9999.00 -9999.00 -9999.00 214.18 31.47 0.00
0.00 19247.77
54.30 -59.56 -9999.00 -9999.00 -9999.00 204.19 25.14 0.00
0.00 20097.00
46.90 -59.86 -9999.00 -9999.00 -9999.00 210.30 20.03 0.00
0.00 21012.32
40.10 -59.56 -9999.00 -9999.00 -9999.00 206.57 9.13 0.00
0.00 21990.97
33.80 -61.66 -9999.00 -9999.00 -9999.00 197.35 6.51 0.00
0.00 23054.29
27.80 -61.16 -9999.00 -9999.00 -9999.00 270.00 7.58 0.00
0.00 24265.52
22.30 -57.86 -9999.00 -9999.00 -9999.00 300.14 6.95 0.00
0.00 25644.11
17.10 -54.86 -9999.00 -9999.00 -9999.00 302.47 2.53 0.00
0.00 27328.96
12.30 -52.46 -9999.00 -9999.00 -9999.00 252.12 6.33 0.00
0.00 29445.79

STID = DVN STNM = 744550 TIME = 221026/1400 
SLAT = 41.61 SLON = -90.57 SELV = 215.0
STIM = 2

SHOW = 17.36 LIFT = 20.07 SWET = 115.37 KINX = -21.41
LCLP = 932.26 PWAT = 7.12 TOTL = 23.41 CAPE = 0.00
LCLT = 273.03 CINS = 0.00 EQLV = -9999.00 LFCT = -9999.00
BRCH = 0.00

PRES TMPC TMWC DWPC THTE DRCT SKNT OMEG
CFRL HGHT
990.40 4.64 2.94 0.72 290.01 313.88 7.01 0.10
0.00 224.05
987.40 4.44 2.66 0.30 289.76 317.42 9.75 0.10
0.00 248.77
982.00 4.14 2.30 -0.20 289.58 319.94 11.17 0.20
0.00 293.41
972.70 4.44 2.05 -1.29 289.99 337.07 16.45 0.30
0.00 370.86
958.90 4.54 1.83 -1.99 290.93 344.54 18.94 0.40
0.00 487.23
941.20 3.74 1.23 -2.36 291.57 349.84 20.92 0.40
0.00 638.77
920.10 2.54 0.50 -2.43 292.36 346.93 22.34 0.40
0.00 822.52
897.00 1.44 -0.17 -2.50 293.52 338.61 25.04 0.40
0.00 1027.74
872.00 1.34 -0.55 -3.30 295.50 331.60 29.82 0.30
2.00 1255.37
844.10 1.94 -2.23 -9.79 295.31 326.69 32.54 0.30
0.00 1517.38
813.30 1.74 -4.22 -19.14 294.95 322.27 33.64 0.20
0.00 1816.87
779.70 0.24 -5.85 -23.83 295.92 315.66 35.59 0.20
0.00 2155.61
743.10 -1.36 -7.54 -29.73 297.37 300.21 35.51 0.10
0.00 2539.37
703.60 -3.86 -9.61 -33.61 298.87 288.23 34.77 0.20
0.00 2972.02
661.20 -7.86 -12.77 -38.45 299.34 289.68 34.03 0.30
0.00 3458.38
615.90 -10.56 -14.99 -40.62 302.26 292.41 40.75 0.40
0.00 4006.77
568.10 -11.16 -15.79 -44.43 308.43 282.26 50.29 0.40
0.00 4627.08
521.70 -12.66 -17.08 -42.73 314.37 270.43 52.25 0.30
0.00 5278.68
479.90 -17.26 -20.28 -35.23 317.10 264.96 50.89 0.30
0.00 5909.96
442.50 -22.06 -24.26 -37.37 318.27 260.76 48.41 0.20
0.00 6512.14
408.80 -26.96 -28.61 -41.78 318.81 253.98 43.65 0.10
0.00 7088.77
378.30 -31.46 -32.71 -46.24 319.70 249.57 40.64 0.00
0.00 7642.50
350.80 -35.76 -36.78 -54.07 320.51 243.43 39.53 -0.10
0.00 8171.72
326.10 -39.96 -40.72 -59.21 321.35 241.22 42.77 -0.10
0.00 8674.59
303.70 -44.16 -44.67 -59.77 322.05 246.18 47.14 -0.10
0.00 9155.97
283.60 -47.26 -47.61 -58.54 324.01 251.25 56.22 0.00
0.00 9611.86
265.60 -47.76 -48.16 -63.02 329.32 252.58 69.42 0.10
0.00 10044.97
248.70 -47.56 -48.03 -66.51 335.82 251.81 72.79 0.10
0.00 10478.91
233.50 -48.06 -48.55 -71.85 341.12 248.81 67.72 0.00
0.00 10894.90
219.60 -49.06 -49.53 -72.27 345.61 246.26 61.75 0.00
0.00 11298.38
205.60 -50.16 -50.60 -72.72 350.45 244.37 58.39 0.00
0.00 11729.42
191.70 -51.26 -51.68 -73.19 355.77 242.92 57.60 0.00
0.00 12185.21
177.70 -52.46 -9999.00 -9999.00 -9999.00 242.68 59.25 0.00
0.00 12676.43
163.80 -53.86 -9999.00 -9999.00 -9999.00 243.10 60.12 0.00
0.00 13200.92
149.80 -55.66 -9999.00 -9999.00 -9999.00 241.09 53.03 0.00
0.00 13772.07
135.90 -58.06 -9999.00 -9999.00 -9999.00 233.97 39.63 0.00
0.00 14388.61
121.90 -60.76 -9999.00 -9999.00 -9999.00 222.38 36.03 0.00
0.00 15068.80
108.00 -61.96 -9999.00 -9999.00 -9999.00 215.76 40.21 0.00
0.00 15819.36
94.00 -60.96 -9999.00 -9999.00 -9999.00 223.10 41.51 0.00
0.00 16679.65
81.00 -59.96 -9999.00 -9999.00 -9999.00 222.88 29.68 0.00
0.00 17606.33
70.60 -60.76 -9999.00 -9999.00 -9999.00 209.24 29.84 0.00
0.00 18462.26
62.20 -59.66 -9999.00 -9999.00 -9999.00 213.50 31.68 0.10
0.00 19251.84
54.30 -58.36 -9999.00 -9999.00 -9999.00 206.36 24.49 0.00
0.00 20103.25
46.90 -58.56 -9999.00 -9999.00 -9999.00 199.70 16.71 0.00
0.00 21023.94
40.10 -58.86 -9999.00 -9999.00 -9999.00 186.07 9.19 0.00
0.00 22007.17
33.80 -61.36 -9999.00 -9999.00 -9999.00 173.48 6.84 0.00
0.00 23072.99
27.80 -61.16 -9999.00 -9999.00 -9999.00 260.54 1.18 0.00
0.00 24285.08
22.30 -57.96 -9999.00 -9999.00 -9999.00 8.13 2.74 0.00
0.00 25663.34
17.10 -54.26 -9999.00 -9999.00 -9999.00 245.56 2.35 0.00
0.00 27350.13
12.30 -52.36 -9999.00 -9999.00 -9999.00 249.44 3.32 0.00
0.00 29470.34

STID = DVN STNM = 744550 TIME = 221026/1500 
SLAT = 41.61 SLON = -90.57 SELV = 215.0
STIM = 3

SHOW = 17.22 LIFT = 19.18 SWET = 111.27 KINX = -23.10
LCLP = 915.73 PWAT = 7.06 TOTL = 22.41 CAPE = 0.00
LCLT = 273.21 CINS = 0.00 EQLV = -9999.00 LFCT = -9999.00
BRCH = 0.00

PRES TMPC TMWC DWPC THTE DRCT SKNT OMEG
CFRL HGHT
991.50 6.34 4.03 1.17 292.06 326.31 7.01 0.10
0.00 224.92
988.60 5.94 3.66 0.76 291.59 330.10 8.95 0.10
0.00 248.93
983.20 5.44 3.27 0.48 291.36 331.48 10.18 0.20
0.00 293.74
973.80 4.64 2.67 0.07 291.10 334.29 11.64 0.20
0.00 372.16
960.00 4.34 1.86 -1.62 290.88 341.78 16.16 0.30
0.00 488.42
942.30 3.54 1.28 -1.91 291.56 343.54 17.83 0.40
0.00 639.68
921.20 2.24 0.54 -1.88 292.32 340.20 20.65 0.40
0.00 823.06
898.10 1.44 -0.05 -2.18 293.63 333.84 24.67 0.40
3.00 1027.93
873.00 1.84 -0.87 -5.06 294.75 332.24 29.20 0.40
4.00 1256.39
845.10 2.64 -2.47 -12.70 294.66 330.12 30.01 0.30
0.00 1518.59
814.20 1.94 -4.27 -20.55 294.71 323.48 31.66 0.30
0.00 1819.15
780.50 0.34 -5.84 -24.46 295.81 315.24 33.37 0.20
0.00 2158.71
743.80 -1.56 -7.63 -29.24 297.13 302.11 33.26 0.10
0.00 2543.07
704.30 -4.46 -10.04 -34.26 298.05 292.38 32.15 0.10
0.00 2974.65
661.80 -8.26 -13.06 -38.91 298.77 294.13 32.79 0.20
0.00 3460.79
616.40 -10.46 -14.91 -40.61 302.30 291.85 41.22 0.20
0.00 4009.60
568.50 -11.06 -15.73 -45.16 308.45 279.95 48.31 0.30
0.00 4630.97
522.00 -13.46 -17.58 -40.73 313.50 269.57 51.86 0.30
0.00 5282.69
480.20 -17.66 -20.57 -35.22 316.55 264.35 51.34 0.30
0.00 5912.14
442.70 -22.36 -24.46 -36.81 317.92 260.39 50.04 0.30
0.00 6514.77
409.00 -27.46 -28.85 -39.01 318.41 254.80 48.91 0.20
0.00 7090.22
378.40 -32.06 -32.96 -41.05 319.32 246.59 47.42 0.00
0.00 7644.33
350.90 -35.86 -36.80 -51.05 320.46 236.45 44.99 -0.10
0.00 8172.65
326.10 -40.06 -40.77 -55.95 321.30 241.62 46.58 -0.20
0.00 8677.28
303.80 -44.16 -44.64 -58.00 322.06 245.08 48.41 -0.10
0.00 9156.34
283.70 -46.96 -47.32 -58.54 324.40 246.00 58.26 0.00
0.00 9612.38
265.60 -47.76 -48.16 -63.02 329.32 248.35 67.93 0.00
0.00 10048.10
248.70 -48.36 -48.78 -66.51 334.63 248.64 70.92 0.10
0.00 10481.28
233.50 -48.76 -49.22 -71.85 340.06 246.09 71.41 0.10
0.00 10895.88
219.60 -49.06 -49.53 -72.27 345.61 244.67 68.55 0.20
0.00 11298.73
205.60 -49.46 -49.94 -72.72 351.55 243.43 65.15 0.20
0.00 11730.45
191.70 -50.66 -51.11 -73.19 356.73 241.20 62.51 0.20
0.00 12187.57
177.70 -52.16 -9999.00 -9999.00 -9999.00 239.25 61.93 0.20
0.00 12679.79
163.80 -53.86 -9999.00 -9999.00 -9999.00 239.34 62.10 0.20
0.00 13204.64
149.80 -55.96 -9999.00 -9999.00 -9999.00 238.47 57.21 0.10
0.00 13775.39
135.90 -58.16 -9999.00 -9999.00 -9999.00 236.50 47.51 0.10
0.00 14391.36
121.90 -60.36 -9999.00 -9999.00 -9999.00 227.42 39.04 0.00
0.00 15072.03
108.00 -61.76 -9999.00 -9999.00 -9999.00 220.02 39.57 0.00
0.00 15823.65
94.00 -61.76 -9999.00 -9999.00 -9999.00 221.06 42.00 0.00
0.00 16682.72
81.00 -60.66 -9999.00 -9999.00 -9999.00 229.26 35.12 0.00
0.00 17606.13
70.60 -60.06 -9999.00 -9999.00 -9999.00 206.57 26.92 0.00
0.00 18462.07
62.20 -59.46 -9999.00 -9999.00 -9999.00 207.69 30.92 0.00
0.00 19253.31
54.30 -57.66 -9999.00 -9999.00 -9999.00 202.23 24.13 0.00
0.00 20106.51
46.90 -58.06 -9999.00 -9999.00 -9999.00 188.90 16.32 0.00
0.00 21029.77
40.10 -59.26 -9999.00 -9999.00 -9999.00 181.79 12.43 0.00
0.00 22013.23
33.80 -60.96 -9999.00 -9999.00 -9999.00 191.94 10.33 0.00
0.00 23079.06
27.80 -60.36 -9999.00 -9999.00 -9999.00 196.39 3.44 0.00
0.00 24294.58
22.30 -57.46 -9999.00 -9999.00 -9999.00 90.00 3.69 0.00
0.00 25677.04
17.10 -55.16 -9999.00 -9999.00 -9999.00 80.54 1.18 0.00
0.00 27362.28
12.30 -53.46 -9999.00 -9999.00 -9999.00 281.31 2.97 0.00
0.00 29472.84

STID = DVN STNM = 744550 TIME = 221026/1600 
SLAT = 41.61 SLON = -90.57 SELV = 215.0
STIM = 4

SHOW = 17.04 LIFT = 17.81 SWET = 110.90 KINX = -24.38
LCLP = 907.24 PWAT = 7.05 TOTL = 21.53 CAPE = 0.00
LCLT = 273.56 CINS = 0.00 EQLV = -9999.00 LFCT = -9999.00
BRCH = 0.00

PRES TMPC TMWC DWPC THTE DRCT SKNT OMEG
CFRL HGHT
991.50 7.44 4.80 1.65 293.62 318.95 7.98 0.10
0.00 224.96
988.60 6.94 4.35 1.19 292.99 321.34 9.95 0.10
0.00 249.06
983.20 6.44 3.98 0.92 292.77 322.93 10.96 0.10
0.00 294.04
973.80 5.64 3.42 0.62 292.59 323.70 11.81 0.20
0.00 372.74
960.00 4.44 2.63 0.29 292.42 325.08 12.55 0.20
0.00 489.26
942.30 3.34 1.50 -1.02 292.00 326.31 14.01 0.30
0.00 640.53
921.20 2.04 0.52 -1.62 292.30 327.99 20.16 0.30
0.00 823.80
898.00 1.44 -0.14 -2.41 293.48 327.70 24.36 0.30
8.00 1029.49
873.00 2.14 -1.23 -6.78 294.04 330.75 27.84 0.30
5.00 1257.15
845.00 2.74 -2.97 -15.77 293.66 330.07 29.58 0.20
0.00 1520.44
814.20 1.74 -4.42 -20.80 294.43 323.69 31.82 0.20
0.00 1819.95
780.50 0.34 -5.84 -24.46 295.81 315.24 32.83 0.20
0.00 2159.38
743.80 -1.56 -7.63 -29.24 297.13 302.63 32.07 0.20
0.00 2543.74
704.30 -4.86 -10.31 -34.26 297.61 296.57 30.40 0.20
0.00 2975.00
661.80 -8.66 -13.31 -37.98 298.39 298.72 32.34 0.30
0.00 3460.41
616.40 -10.56 -15.04 -42.34 302.08 291.49 40.29 0.40
0.00 4008.70
568.50 -11.76 -16.25 -45.95 307.59 276.92 46.78 0.40
0.00 4629.12
522.00 -14.56 -18.25 -37.94 312.42 267.43 51.92 0.40
0.00 5278.60
480.20 -18.36 -21.02 -34.25 315.82 262.82 52.86 0.30
0.00 5905.87
442.70 -22.76 -24.73 -36.29 317.49 259.03 51.05 0.30
0.00 6507.20
409.00 -27.56 -29.06 -41.01 318.06 257.40 48.97 0.30
0.00 7082.07
378.40 -32.36 -33.27 -41.75 318.85 257.19 50.80 0.30
0.00 7635.71
350.90 -36.36 -37.13 -47.50 319.98 253.00 49.16 0.20
0.00 8163.16
326.10 -40.06 -40.74 -54.68 321.34 249.72 51.57 0.10
0.00 8667.26
303.80 -43.96 -44.46 -58.00 322.34 247.68 56.27 0.00
0.00 9146.53
283.70 -47.06 -47.44 -60.30 324.22 250.03 62.00 0.00
0.00 9602.66
265.60 -48.16 -48.54 -63.02 328.74 249.35 66.63 0.00
0.00 10037.90
248.70 -48.46 -48.88 -66.51 334.48 247.31 72.01 0.00
0.00 10470.60
233.50 -48.36 -48.84 -71.85 340.67 245.47 73.45 0.00
0.00 10885.47
219.60 -48.86 -49.34 -72.27 345.92 245.17 74.48 0.00
0.00 11288.86
205.60 -49.46 -49.94 -72.72 351.55 246.22 73.23 0.10
0.00 11720.78
191.70 -50.46 -50.92 -73.19 357.05 245.10 68.75 0.10
0.00 12178.10
177.70 -52.16 -9999.00 -9999.00 -9999.00 240.76 65.23 0.10
0.00 12670.54
163.80 -54.16 -9999.00 -9999.00 -9999.00 239.38 66.36 0.10
0.00 13195.04
149.80 -55.76 -9999.00 -9999.00 -9999.00 239.38 61.40 0.10
0.00 13765.66
135.90 -57.96 -9999.00 -9999.00 -9999.00 234.95 50.06 0.00
0.00 14382.19
121.90 -60.06 -9999.00 -9999.00 -9999.00 227.32 40.70 0.00
0.00 15063.66
108.00 -61.66 -9999.00 -9999.00 -9999.00 220.54 38.85 0.00
0.00 15815.99
94.00 -62.06 -9999.00 -9999.00 -9999.00 219.29 38.66 0.00
0.00 16674.66
81.00 -60.66 -9999.00 -9999.00 -9999.00 224.33 35.30 0.00
0.00 17597.41
70.60 -58.76 -9999.00 -9999.00 -9999.00 205.76 24.59 0.00
0.00 18455.96
62.20 -59.66 -9999.00 -9999.00 -9999.00 196.63 31.22 0.00
0.00 19249.24
54.30 -58.26 -9999.00 -9999.00 -9999.00 199.23 26.53 0.00
0.00 20100.85
46.90 -58.76 -9999.00 -9999.00 -9999.00 182.63 16.92 0.00
0.00 21021.33
40.10 -60.26 -9999.00 -9999.00 -9999.00 175.36 14.41 0.00
0.00 22000.89
33.80 -61.06 -9999.00 -9999.00 -9999.00 201.97 11.95 0.00
0.00 23063.96
27.80 -59.66 -9999.00 -9999.00 -9999.00 245.56 4.70 0.00
0.00 24281.20
22.30 -57.26 -9999.00 -9999.00 -9999.00 78.69 2.97 0.00
0.00 25666.56
17.10 -55.66 -9999.00 -9999.00 -9999.00 78.69 1.98 0.00
0.00 27350.63
12.30 -53.46 -9999.00 -9999.00 -9999.00 279.46 4.72 0.00
0.00 29458.78

STID = DVN STNM = 744550 TIME = 221026/1700 
SLAT = 41.61 SLON = -90.57 SELV = 215.0
STIM = 5

SHOW = 17.17 LIFT = 16.45 SWET = 108.04 KINX = -26.35
LCLP = 898.36 PWAT = 6.88 TOTL = 19.82 CAPE = 0.00
LCLT = 273.68 CINS = 0.00 EQLV = -9999.00 LFCT = -9999.00
BRCH = 0.00

PRES TMPC TMWC DWPC THTE DRCT SKNT OMEG
CFRL HGHT
991.30 8.34 5.36 1.91 294.81 308.45 8.43 0.10
0.00 224.16
988.30 7.84 4.91 1.42 294.16 311.19 10.33 0.10
0.00 249.18
982.90 7.24 4.48 1.14 293.82 312.14 10.99 0.10
0.00 294.31
973.50 6.44 3.95 0.88 293.68 312.98 11.67 0.10
0.00 373.27
959.70 5.24 3.16 0.55 293.51 313.73 12.37 0.10
0.00 490.16
942.00 3.74 2.18 0.16 293.37 315.00 12.92 0.10
0.00 641.82
920.90 2.14 0.89 -0.83 293.03 317.68 14.70 0.10
4.00 825.35
897.80 1.14 -0.72 -3.55 292.38 324.92 19.93 0.20
11.00 1030.13
872.80 2.04 -2.50 -11.59 291.60 330.59 24.53 0.20
2.00 1257.60
844.90 2.34 -3.63 -18.58 292.42 331.17 28.59 0.20
0.00 1519.67
814.00 1.24 -4.58 -19.58 294.22 323.95 30.03 0.20
0.00 1819.70
780.30 0.14 -5.89 -23.67 295.77 315.26 29.80 0.20
0.00 2158.80
743.70 -1.66 -7.73 -29.72 296.97 300.90 28.75 0.10
0.00 2541.97
704.10 -5.16 -10.49 -33.93 297.33 297.80 28.32 0.20
0.00 2974.10
661.60 -8.46 -13.13 -37.13 298.71 298.92 31.74 0.30
0.00 3459.57
616.20 -10.56 -15.09 -44.42 302.00 291.04 37.88 0.30
0.00 4008.23
568.40 -12.76 -16.99 -46.81 306.39 277.13 43.84 0.40
0.00 4626.32
522.00 -15.66 -19.04 -37.59 311.12 266.94 50.97 0.40
0.00 5271.85
480.10 -19.06 -21.50 -33.58 315.08 260.03 53.85 0.30
0.00 5898.49
442.70 -23.16 -24.97 -35.31 317.12 255.81 51.50 0.20
0.00 6496.99
408.90 -27.66 -29.08 -39.97 318.06 255.22 47.20 0.20
0.00 7073.05
378.40 -31.86 -32.97 -44.20 319.29 250.90 47.49 0.30
0.00 7625.41
350.90 -35.86 -36.78 -50.23 320.50 251.63 53.01 0.30
0.00 8153.94
326.10 -40.56 -41.16 -52.58 320.73 258.13 62.33 0.30
0.00 8658.04
303.70 -44.46 -44.90 -56.53 321.71 261.49 69.52 0.20
0.00 9138.50
283.60 -47.26 -47.61 -58.54 324.01 257.45 68.86 0.00
0.00 9594.09
265.60 -48.86 -49.21 -63.02 327.71 249.96 70.30 -0.10
0.00 10026.14
248.70 -49.46 -49.83 -66.51 332.99 247.38 75.76 -0.10
0.00 10457.20
233.50 -49.16 -49.60 -71.85 339.45 246.46 77.33 0.00
0.00 10870.41
219.60 -49.46 -49.91 -72.27 345.00 247.33 78.11 0.00
0.00 11272.55
205.60 -49.76 -50.22 -72.72 351.08 247.43 74.88 0.00
0.00 11703.59
191.70 -50.56 -51.01 -73.19 356.89 243.51 70.10 0.00
0.00 12160.51
177.70 -52.36 -9999.00 -9999.00 -9999.00 237.89 68.34 0.00
0.00 12652.61
163.80 -54.76 -9999.00 -9999.00 -9999.00 236.49 69.66 0.00
0.00 13176.15
149.80 -56.66 -9999.00 -9999.00 -9999.00 237.87 65.38 0.00
0.00 13744.82
135.90 -58.26 -9999.00 -9999.00 -9999.00 234.27 52.89 0.00
0.00 14359.64
121.90 -60.46 -9999.00 -9999.00 -9999.00 224.11 44.09 0.00
0.00 15039.99
108.00 -61.86 -9999.00 -9999.00 -9999.00 217.31 40.05 0.00
0.00 15791.26
94.00 -61.86 -9999.00 -9999.00 -9999.00 218.75 39.10 0.00
0.00 16649.93
81.00 -60.06 -9999.00 -9999.00 -9999.00 221.85 34.95 0.00
0.00 17574.42
70.60 -58.16 -9999.00 -9999.00 -9999.00 207.52 26.07 0.00
0.00 18435.39
62.20 -59.46 -9999.00 -9999.00 -9999.00 193.86 30.81 0.00
0.00 19230.15
54.30 -58.76 -9999.00 -9999.00 -9999.00 203.00 29.33 0.00
0.00 20081.17
46.90 -58.66 -9999.00 -9999.00 -9999.00 195.62 18.76 0.00
0.00 21000.78
40.10 -59.86 -9999.00 -9999.00 -9999.00 190.30 17.37 0.00
0.00 21981.49
33.80 -59.36 -9999.00 -9999.00 -9999.00 207.76 12.51 0.00
0.00 23049.82
27.80 -58.26 -9999.00 -9999.00 -9999.00 251.57 0.62 0.00
0.00 24275.92
22.30 -58.26 -9999.00 -9999.00 -9999.00 90.00 5.83 0.00
0.00 25662.57
17.10 -56.16 -9999.00 -9999.00 -9999.00 137.73 2.89 0.00
0.00 27340.81
12.30 -52.46 -9999.00 -9999.00 -9999.00 216.87 5.83 0.00
0.00 29451.38

STID = DVN STNM = 744550 TIME = 221026/1800 
SLAT = 41.61 SLON = -90.57 SELV = 215.0
STIM = 6

SHOW = 16.26 LIFT = 15.16 SWET = 107.18 KINX = -23.35
LCLP = 887.70 PWAT = 7.25 TOTL = 23.02 CAPE = 0.00
LCLT = 273.48 CINS = 0.00 EQLV = -9999.00 LFCT = -9999.00
BRCH = 0.00

PRES TMPC TMWC DWPC THTE DRCT SKNT OMEG
CFRL HGHT
991.90 9.14 5.76 1.88 295.58 303.34 8.84 0.10
0.00 225.02
989.00 8.64 5.31 1.39 294.92 306.03 10.57 0.10
0.00 249.25
983.50 8.04 4.90 1.15 294.62 307.45 11.50 0.10
0.00 295.32
974.10 7.24 4.36 0.86 294.46 307.79 12.04 0.10
0.00 374.46
960.30 6.04 3.58 0.53 294.28 308.80 12.70 0.10
0.00 491.61
942.60 4.54 2.62 0.17 294.18 309.59 13.11 0.10
0.00 643.61
921.40 2.74 1.43 -0.31 294.04 311.50 13.48 0.10
0.00 828.37
898.30 1.24 -0.25 -2.40 293.24 313.30 13.87 0.10
13.00 1033.33
873.30 1.54 -2.53 -10.39 291.53 331.87 22.24 0.20
3.00 1260.54
845.30 2.04 -3.44 -16.04 292.80 332.15 27.02 0.20
0.00 1523.06
814.50 1.14 -4.36 -17.63 294.60 323.29 28.59 0.20
0.00 1821.78
780.70 -0.06 -5.94 -22.91 295.67 313.35 28.57 0.20
0.00 2161.53
744.00 -1.86 -7.79 -28.78 296.85 299.79 27.76 0.20
0.00 2545.31
704.40 -5.16 -10.46 -33.29 297.36 297.10 28.15 0.20
0.00 2977.10
661.90 -8.16 -12.96 -37.98 298.94 299.16 30.69 0.30
0.00 3462.63
616.50 -10.56 -15.16 -48.08 301.82 292.09 35.64 0.40
0.00 4011.34
568.60 -13.26 -17.36 -46.81 305.77 277.77 43.12 0.40
0.00 4629.86
522.10 -16.26 -19.47 -37.26 310.42 266.16 52.18 0.40
0.00 5275.23
480.20 -19.76 -21.86 -31.77 314.50 259.07 57.38 0.30
0.00 5900.17
442.80 -23.56 -25.21 -34.41 316.73 254.65 51.36 0.30
0.00 6497.26
409.00 -27.66 -29.12 -40.65 317.97 248.29 46.21 0.20
0.00 7072.73
378.40 -31.76 -32.95 -45.69 319.31 244.96 49.11 0.20
0.00 7626.93
350.90 -35.76 -36.62 -48.11 320.75 249.11 58.84 0.20
0.00 8155.68
326.10 -39.96 -40.56 -50.86 321.63 254.87 69.21 0.20
0.00 8660.54
303.80 -44.06 -44.48 -54.16 322.32 254.58 75.97 0.20
0.00 9139.82
283.70 -47.36 -47.70 -58.54 323.83 250.55 79.93 0.10
0.00 9595.56
265.60 -49.26 -49.54 -59.06 327.21 249.37 83.24 0.10
0.00 10029.45
248.70 -49.86 -50.19 -63.51 332.44 249.52 84.40 0.10
0.00 10459.75
233.50 -49.76 -50.17 -71.85 338.54 249.13 82.32 0.10
0.00 10872.04
219.60 -49.96 -50.38 -72.27 344.22 247.88 78.42 0.10
0.00 11273.19
205.60 -50.16 -50.60 -72.72 350.45 246.72 75.70 0.10
0.00 11703.36
191.70 -50.86 -51.30 -73.19 356.41 243.71 73.66 0.10
0.00 12159.56
177.70 -52.36 -9999.00 -9999.00 -9999.00 239.53 72.79 0.10
0.00 12651.33
163.80 -54.86 -9999.00 -9999.00 -9999.00 235.55 72.79 0.10
0.00 13174.76
149.80 -57.46 -9999.00 -9999.00 -9999.00 235.69 69.62 0.10
0.00 13742.24
135.90 -58.86 -9999.00 -9999.00 -9999.00 234.28 57.91 0.00
0.00 14355.07
121.90 -60.76 -9999.00 -9999.00 -9999.00 223.51 47.67 0.00
0.00 15033.99
108.00 -61.96 -9999.00 -9999.00 -9999.00 217.79 43.75 0.00
0.00 15784.55
94.00 -61.36 -9999.00 -9999.00 -9999.00 218.62 39.53 0.00
0.00 16644.03
81.00 -59.66 -9999.00 -9999.00 -9999.00 219.81 34.89 0.00
0.00 17570.49
70.60 -58.06 -9999.00 -9999.00 -9999.00 210.23 28.55 0.00
0.00 18432.46
62.20 -58.96 -9999.00 -9999.00 -9999.00 197.49 29.74 0.00
0.00 19228.33
54.30 -58.86 -9999.00 -9999.00 -9999.00 205.20 29.20 0.00
0.00 20080.14
46.90 -58.26 -9999.00 -9999.00 -9999.00 207.65 18.41 0.00
0.00 21000.40
40.10 -60.06 -9999.00 -9999.00 -9999.00 203.47 16.10 0.00
0.00 21981.57
33.80 -59.26 -9999.00 -9999.00 -9999.00 225.00 10.72 0.00
0.00 23049.65
27.80 -59.36 -9999.00 -9999.00 -9999.00 315.00 1.92 0.00
0.00 24272.89
22.30 -58.96 -9999.00 -9999.00 -9999.00 210.96 1.13 0.00
0.00 25653.74
17.10 -56.06 -9999.00 -9999.00 -9999.00 184.57 4.88 0.00
0.00 27329.65
12.30 -52.56 -9999.00 -9999.00 -9999.00 198.43 6.76 0.00
0.00 29440.21

STID = DVN STNM = 744550 TIME = 221026/1900 
SLAT = 41.61 SLON = -90.57 SELV = 215.0
STIM = 7

SHOW = 14.99 LIFT = 13.90 SWET = 102.11 KINX = -20.87
LCLP = 880.58 PWAT = 7.53 TOTL = 26.41 CAPE = 0.00
LCLT = 273.46 CINS = 0.00 EQLV = -9999.00 LFCT = -9999.00
BRCH = 0.00

PRES TMPC TMWC DWPC THTE DRCT SKNT OMEG
CFRL HGHT
992.70 9.84 6.15 1.99 296.34 299.90 8.95 0.10
0.00 225.03
989.70 9.34 5.73 1.57 295.74 302.23 10.57 0.10
0.00 250.15
984.30 8.74 5.33 1.33 295.43 303.15 11.36 0.10
0.00 295.46
974.90 7.94 4.80 1.06 295.29 304.46 12.02 0.10
0.00 374.73
961.10 6.74 4.03 0.74 295.12 305.43 12.39 0.10
0.00 492.08
943.30 5.24 3.09 0.41 295.05 305.64 12.67 0.20
0.00 645.22
922.10 3.44 1.92 -0.03 294.95 307.04 12.90 0.20
0.00 830.31
899.00 2.04 0.11 -2.66 293.84 308.40 13.13 0.30
4.00 1035.67
873.90 1.04 -1.91 -6.91 292.69 325.82 19.02 0.40
5.00 1263.78
845.90 2.24 -3.00 -14.21 293.57 327.99 23.82 0.50
0.00 1526.05
815.00 1.44 -4.28 -18.35 294.66 321.47 26.83 0.50
0.00 1825.82
781.20 0.14 -5.79 -22.76 295.86 310.65 27.14 0.40
0.00 2165.66
744.50 -1.96 -7.79 -27.92 296.81 297.11 27.27 0.40
0.00 2549.26
704.90 -5.16 -10.46 -33.28 297.30 295.67 27.80 0.40
0.00 2980.69
662.30 -8.06 -12.95 -39.93 298.87 296.73 29.37 0.40
0.00 3467.12
616.80 -10.46 -15.07 -47.03 301.92 289.05 34.52 0.40
0.00 4016.94
568.80 -13.36 -17.41 -45.95 305.66 276.65 43.61 0.30
0.00 4636.50
522.30 -16.86 -19.96 -37.93 309.59 267.23 52.31 0.30
0.00 5280.76
480.40 -20.46 -22.43 -32.15 313.52 261.34 59.34 0.30
0.00 5903.85
442.90 -23.96 -25.57 -34.85 316.13 256.81 54.47 0.20
0.00 6501.02
409.10 -27.96 -29.37 -40.65 317.56 247.40 49.03 0.10
0.00 7075.54
378.50 -31.86 -32.99 -44.67 319.23 242.96 52.56 0.00
0.00 7629.15
350.90 -35.86 -36.64 -46.37 320.73 247.44 62.26 0.00
0.00 8159.54
326.10 -39.96 -40.46 -48.15 321.78 248.26 70.26 0.10
0.00 8664.30
303.80 -44.06 -44.38 -50.72 322.47 245.35 75.45 0.10
0.00 9143.59
283.70 -47.56 -47.79 -53.75 323.70 246.32 81.24 0.10
0.00 9599.14
265.60 -49.46 -49.68 -56.36 327.00 248.06 87.33 0.10
0.00 10032.66
248.70 -49.96 -50.26 -61.32 332.33 249.44 87.96 0.10
0.00 10462.66
233.50 -49.56 -49.95 -66.97 338.89 249.24 84.96 0.10
0.00 10875.05
219.60 -49.76 -50.19 -72.27 344.53 248.15 82.46 0.10
0.00 11276.56
205.60 -50.46 -50.89 -72.72 349.98 247.86 78.85 0.00
0.00 11706.64
191.70 -51.16 -51.58 -73.19 355.93 244.24 74.63 0.00
0.00 12162.22
177.70 -52.06 -9999.00 -9999.00 -9999.00 238.78 74.96 0.10
0.00 12654.00
163.80 -54.36 -9999.00 -9999.00 -9999.00 234.79 75.14 0.10
0.00 13178.37
149.80 -57.36 -9999.00 -9999.00 -9999.00 234.13 70.96 0.10
0.00 13746.64
135.90 -59.16 -9999.00 -9999.00 -9999.00 233.17 60.92 0.10
0.00 14359.19
121.90 -60.66 -9999.00 -9999.00 -9999.00 225.62 51.11 0.10
0.00 15037.79
108.00 -61.76 -9999.00 -9999.00 -9999.00 218.62 46.99 0.10
0.00 15788.88
94.00 -60.66 -9999.00 -9999.00 -9999.00 219.08 41.30 0.10
0.00 16650.19
81.00 -59.46 -9999.00 -9999.00 -9999.00 215.79 35.20 0.00
0.00 17578.60
70.60 -58.26 -9999.00 -9999.00 -9999.00 211.46 30.52 0.00
0.00 18440.58
62.20 -59.06 -9999.00 -9999.00 -9999.00 204.28 28.34 0.00
0.00 19235.90
54.30 -58.76 -9999.00 -9999.00 -9999.00 208.19 27.54 0.00
0.00 20087.70
46.90 -57.86 -9999.00 -9999.00 -9999.00 213.52 17.95 0.00
0.00 21009.04
40.10 -59.96 -9999.00 -9999.00 -9999.00 209.12 15.56 0.00
0.00 21991.35
33.80 -59.66 -9999.00 -9999.00 -9999.00 239.35 12.20 0.00
0.00 23058.68
27.80 -59.96 -9999.00 -9999.00 -9999.00 262.41 5.89 0.00
0.00 24279.06
22.30 -58.16 -9999.00 -9999.00 -9999.00 225.00 5.77 0.00
0.00 25660.55
17.10 -56.16 -9999.00 -9999.00 -9999.00 142.52 7.34 0.00
0.00 27339.18
12.30 -53.76 -9999.00 -9999.00 -9999.00 258.11 3.77 0.00
0.00 29443.47

STID = DVN STNM = 744550 TIME = 221026/2000 
SLAT = 41.61 SLON = -90.57 SELV = 215.0
STIM = 8

SHOW = 14.47 LIFT = 13.05 SWET = 93.65 KINX = -20.57
LCLP = 869.78 PWAT = 7.51 TOTL = 27.27 CAPE = 0.00
LCLT = 273.11 CINS = 0.00 EQLV = -9999.00 LFCT = -9999.00
BRCH = 0.00

PRES TMPC TMWC DWPC THTE DRCT SKNT OMEG
CFRL HGHT
991.10 10.34 6.31 1.78 296.84 299.05 8.00 0.10
0.00 225.91
988.20 9.84 5.91 1.38 296.26 302.38 9.42 0.10
0.00 250.27
982.80 9.34 5.57 1.18 296.09 304.00 10.08 0.10
0.00 295.73
973.40 8.44 5.00 0.94 295.87 304.56 10.61 0.10
0.00 375.28
959.60 7.24 4.25 0.65 295.73 304.82 10.88 0.10
0.00 493.02
941.90 5.74 3.32 0.33 295.67 305.88 11.27 0.10
0.00 645.80
920.80 3.94 2.16 -0.12 295.55 307.45 11.50 0.20
0.00 830.62
897.70 2.54 0.33 -2.83 294.39 308.21 11.62 0.20
2.00 1036.64
872.60 1.44 -1.59 -6.64 293.41 323.92 16.82 0.30
4.00 1265.46
844.70 2.44 -3.00 -14.89 293.67 327.30 21.93 0.40
0.00 1527.45
813.90 1.44 -4.38 -19.02 294.60 323.65 25.56 0.40
0.00 1826.77
780.20 0.04 -5.80 -22.22 295.99 309.75 25.52 0.40
0.00 2165.99
743.60 -2.26 -7.97 -27.72 296.61 296.95 26.15 0.40
0.00 2548.74
704.00 -5.26 -10.55 -33.61 297.27 294.89 26.77 0.30
0.00 2980.38
661.50 -8.06 -12.96 -39.94 298.97 294.41 27.74 0.30
0.00 3466.18
616.20 -10.36 -15.00 -47.04 302.12 286.76 33.68 0.30
0.00 4014.29
568.30 -13.46 -17.50 -46.82 305.58 278.62 41.45 0.40
0.00 4633.13
521.90 -17.26 -20.42 -41.19 308.89 271.17 47.61 0.40
0.00 5275.89
480.10 -20.96 -22.84 -32.35 312.92 263.42 55.92 0.40
0.00 5896.81
442.60 -24.46 -25.85 -33.58 315.77 253.94 54.78 0.30
0.00 6493.19
408.90 -28.56 -29.73 -38.43 317.07 242.76 51.34 0.10
0.00 7065.09
378.30 -32.46 -33.42 -42.90 318.63 242.20 56.22 0.00
0.00 7617.64
350.80 -36.26 -36.88 -44.02 320.40 248.01 64.32 0.00
0.00 8145.23
326.10 -40.06 -40.48 -46.52 321.76 246.92 72.84 0.00
0.00 8647.51
303.70 -44.26 -44.52 -49.38 322.30 247.46 75.50 0.00
1.00 9128.72
283.60 -47.76 -47.96 -52.86 323.49 248.71 80.26 0.00
0.00 9584.03
265.50 -49.76 -49.94 -55.27 326.64 248.30 85.10 0.00
0.00 10017.22
248.70 -50.06 -50.33 -59.58 332.22 248.72 87.76 0.00
0.00 10444.39
233.50 -49.46 -49.83 -63.98 339.09 249.41 88.40 0.00
0.00 10856.78
219.60 -50.06 -50.45 -67.41 344.12 249.87 85.24 0.00
0.00 11258.11
205.60 -50.76 -51.17 -72.72 349.51 247.51 80.73 0.00
0.00 11687.61
191.70 -51.26 -9999.00 -9999.00 -9999.00 243.43 76.88 0.00
0.00 12142.78
177.70 -51.96 -52.37 -73.70 362.41 237.37 75.66 0.10
0.00 12634.56
163.80 -54.16 -54.51 -74.24 367.26 232.61 76.77 0.10
0.00 13159.29
149.80 -56.96 -9999.00 -9999.00 -9999.00 230.70 73.29 0.10
0.00 13728.35
135.90 -58.86 -9999.00 -9999.00 -9999.00 230.46 65.00 0.10
0.00 14341.89
121.90 -59.56 -9999.00 -9999.00 -9999.00 226.82 56.22 0.10
0.00 15022.72
107.90 -60.26 -9999.00 -9999.00 -9999.00 223.53 48.23 0.00
0.00 15784.20
94.00 -60.26 -9999.00 -9999.00 -9999.00 222.46 43.45 0.00
0.00 16643.60
81.00 -59.16 -9999.00 -9999.00 -9999.00 215.54 36.77 0.00
0.00 17573.54
70.60 -59.36 -9999.00 -9999.00 -9999.00 210.11 33.68 0.00
0.00 18433.90
62.20 -59.86 -9999.00 -9999.00 -9999.00 207.27 28.40 0.00
0.00 19225.70
54.30 -59.26 -9999.00 -9999.00 -9999.00 204.97 28.07 0.00
0.00 20074.92
46.90 -58.06 -9999.00 -9999.00 -9999.00 204.08 20.01 0.00
0.00 20994.75
40.10 -59.66 -9999.00 -9999.00 -9999.00 196.96 16.65 0.00
0.00 21977.29
33.80 -59.66 -9999.00 -9999.00 -9999.00 225.73 10.86 0.00
0.00 23045.37
27.80 -59.96 -9999.00 -9999.00 -9999.00 218.05 5.67 0.00
0.00 24265.75
22.30 -57.96 -9999.00 -9999.00 -9999.00 195.46 9.48 0.00
0.00 25647.89
17.10 -55.46 -9999.00 -9999.00 -9999.00 151.31 11.73 0.00
0.00 27330.02
12.30 -53.06 -9999.00 -9999.00 -9999.00 213.69 2.80 0.00
0.00 29441.06

STID = DVN STNM = 744550 TIME = 221026/2100 
SLAT = 41.61 SLON = -90.57 SELV = 215.0
STIM = 9

SHOW = 14.09 LIFT = 12.38 SWET = 85.00 KINX = -20.05
LCLP = 864.75 PWAT = 7.63 TOTL = 27.72 CAPE = 0.00
LCLT = 272.87 CINS = 0.00 EQLV = -9999.00 LFCT = -9999.00
BRCH = 0.00

PRES TMPC TMWC DWPC THTE DRCT SKNT OMEG
CFRL HGHT
992.10 10.64 6.41 1.63 296.93 296.57 7.81 0.10
0.00 225.07
989.20 10.24 6.09 1.33 296.54 299.74 9.40 0.10
0.00 249.43
983.70 9.74 5.75 1.12 296.38 300.58 9.93 0.10
0.00 295.76
974.40 8.94 5.26 0.93 296.29 301.89 10.30 0.10
0.00 374.51
960.60 7.74 4.53 0.70 296.21 303.11 10.66 0.00
0.00 492.34
942.80 6.24 3.60 0.37 296.14 303.41 10.94 0.00
0.00 646.10
921.70 4.44 2.49 0.03 296.12 304.82 10.88 0.00
0.00 831.08
898.50 3.14 0.50 -3.30 294.63 306.47 11.11 0.10
2.00 1038.21
873.50 1.84 -1.53 -7.22 293.42 324.71 15.46 0.20
2.00 1266.29
845.50 2.54 -2.97 -15.05 293.64 328.94 19.95 0.30
0.00 1529.19
814.70 1.64 -4.27 -19.12 294.70 325.92 23.91 0.40
0.00 1828.38
780.90 0.04 -5.69 -21.28 296.13 310.10 24.13 0.40
0.00 2168.41
744.20 -2.26 -7.92 -27.12 296.64 297.55 25.19 0.40
0.00 2551.90
704.60 -5.16 -10.44 -32.98 297.37 295.59 25.62 0.30
0.00 2983.27
662.10 -7.66 -12.66 -39.41 299.38 292.49 26.90 0.30
0.00 3469.10
616.60 -9.96 -14.68 -45.21 302.60 288.54 32.98 0.30
0.00 4020.04
568.70 -13.36 -17.52 -52.85 305.45 285.15 36.42 0.30
0.00 4639.04
522.20 -17.56 -20.74 -43.89 308.30 274.97 40.37 0.30
0.00 5282.52
480.30 -21.36 -23.06 -31.40 312.56 265.13 52.64 0.30
0.00 5903.75
442.80 -24.96 -25.94 -30.90 315.60 256.58 56.92 0.20
0.00 6498.84
409.00 -29.36 -30.25 -36.58 316.26 244.49 51.86 0.10
0.00 7070.76
378.40 -33.06 -33.74 -39.77 318.14 246.22 55.40 0.10
0.00 7621.60
350.90 -36.56 -37.04 -42.10 320.15 246.58 66.47 0.10
0.00 8148.08
326.10 -40.26 -40.55 -44.28 321.67 245.43 74.75 0.10
17.00 8651.79
303.80 -44.26 -44.47 -48.20 322.35 246.02 76.96 0.10
44.00 9130.58
283.70 -47.86 -48.00 -51.31 323.39 246.44 81.16 0.00
0.00 9585.64
265.60 -49.86 -50.04 -55.27 326.46 246.53 85.35 0.00
0.00 10018.49
248.70 -50.06 -50.35 -61.32 332.18 246.64 88.66 0.00
0.00 10448.02
233.50 -49.76 -50.14 -66.97 338.59 248.86 89.98 0.00
0.00 10860.13
219.60 -50.06 -50.45 -67.41 344.12 249.44 86.31 0.00
0.00 11261.18
205.60 -50.46 -50.89 -72.72 349.98 246.70 85.45 0.00
0.00 11690.98
191.70 -50.96 -51.39 -73.19 356.25 243.67 83.22 0.00
0.00 12146.77
177.70 -52.06 -52.47 -73.70 362.25 239.06 78.59 0.00
0.00 12638.76
163.80 -54.26 -54.60 -74.24 367.09 233.71 77.12 0.10
0.00 13163.26
149.80 -57.26 -9999.00 -9999.00 -9999.00 230.71 74.53 0.10
0.00 13731.79
135.90 -59.86 -9999.00 -9999.00 -9999.00 229.43 69.29 0.10
0.00 14343.48
121.90 -60.16 -9999.00 -9999.00 -9999.00 228.51 62.74 0.10
0.00 15021.77
107.90 -59.66 -9999.00 -9999.00 -9999.00 229.63 52.78 0.00
0.00 15783.25
94.00 -60.46 -9999.00 -9999.00 -9999.00 227.41 42.48 0.00
0.00 16643.45
81.00 -60.56 -9999.00 -9999.00 -9999.00 222.44 36.85 0.00
0.00 17569.91
70.60 -60.46 -9999.00 -9999.00 -9999.00 211.40 35.04 0.00
0.00 18425.24
62.20 -60.16 -9999.00 -9999.00 -9999.00 210.90 29.88 0.00
0.00 19214.44
54.30 -58.86 -9999.00 -9999.00 -9999.00 203.30 27.49 0.00
0.00 20063.87
46.90 -58.16 -9999.00 -9999.00 -9999.00 199.62 20.82 0.00
0.00 20984.34
40.10 -59.46 -9999.00 -9999.00 -9999.00 192.24 16.49 0.00
0.00 21967.11
33.80 -59.76 -9999.00 -9999.00 -9999.00 218.09 9.13 0.00
0.00 23035.44
27.80 -60.16 -9999.00 -9999.00 -9999.00 200.85 4.37 0.00
0.00 24254.96
22.30 -59.36 -9999.00 -9999.00 -9999.00 215.10 8.78 0.00
0.00 25631.94
17.10 -55.06 -9999.00 -9999.00 -9999.00 209.74 9.40 0.00
0.00 27310.18
12.30 -51.56 -9999.00 -9999.00 -9999.00 251.57 3.69 0.00
0.00 29430.39

STID = DVN STNM = 744550 TIME = 221026/2200 
SLAT = 41.61 SLON = -90.57 SELV = 215.0
STIM = 10

SHOW = 13.55 LIFT = 11.73 SWET = 80.45 KINX = -19.72
LCLP = 868.79 PWAT = 7.51 TOTL = 27.92 CAPE = 0.00
LCLT = 273.05 CINS = 0.00 EQLV = -9999.00 LFCT = -9999.00
BRCH = 0.00

PRES TMPC TMWC DWPC THTE DRCT SKNT OMEG
CFRL HGHT
993.10 10.54 6.41 1.77 296.85 299.36 7.13 0.10
0.00 225.89
990.20 10.24 6.15 1.48 296.57 302.66 8.99 0.10
0.00 250.23
984.80 9.74 5.81 1.27 296.39 304.62 9.91 0.10
0.00 295.67
975.40 8.94 5.30 1.04 296.28 305.17 10.45 0.10
0.00 375.18
961.60 7.84 4.63 0.81 296.30 306.25 10.84 0.10
0.00 492.91
943.80 6.34 3.70 0.48 296.24 307.07 10.96 0.10
0.00 646.57
922.60 4.54 2.58 0.14 296.22 308.66 11.19 0.10
0.00 832.30
899.50 3.24 0.38 -3.81 294.28 310.06 11.17 0.20
2.00 1038.39
874.40 2.64 -1.77 -9.94 292.80 330.16 15.23 0.30
0.00 1267.47
846.40 2.74 -3.01 -16.02 293.44 331.89 19.39 0.40
0.00 1530.52
815.50 1.74 -4.10 -18.34 294.93 326.58 22.57 0.40
0.00 1830.54
781.60 -0.06 -5.58 -19.94 296.28 309.56 23.17 0.40
0.00 2171.28
744.90 -2.36 -7.88 -25.99 296.64 297.78 24.59 0.30
0.00 2554.29
705.20 -5.06 -10.32 -32.09 297.51 296.15 24.24 0.30
0.00 2986.37
662.60 -7.16 -12.24 -37.53 300.01 292.75 26.13 0.30
0.00 3473.52
617.00 -9.36 -14.22 -43.67 303.31 289.68 31.16 0.20
0.00 4026.44
569.00 -13.26 -17.46 -54.71 305.48 284.36 32.89 0.10
0.00 4647.20
522.50 -18.16 -21.26 -45.93 307.41 273.38 36.19 0.10
0.00 5289.68
480.50 -22.06 -23.72 -32.53 311.45 265.90 48.87 0.20
0.00 5910.48
443.00 -25.56 -26.59 -32.24 314.53 262.22 58.82 0.20
0.00 6503.74
409.20 -30.06 -30.89 -37.07 315.24 252.62 53.32 0.10
0.00 7073.87
378.50 -33.66 -34.24 -39.47 317.35 249.02 55.34 0.10
0.00 7624.81
351.00 -36.86 -37.31 -42.10 319.72 246.65 66.65 0.10
0.00 8150.15
326.20 -40.36 -40.66 -44.69 321.47 245.52 74.07 0.10
11.00 8653.29
303.80 -44.06 -44.31 -48.77 322.59 243.76 76.88 0.00
10.00 9134.25
283.70 -47.66 -47.86 -52.86 323.60 243.19 80.54 0.00
0.00 9589.70
265.60 -49.96 -50.16 -56.36 326.27 244.60 85.16 0.00
0.00 10022.64
248.70 -50.36 -50.67 -63.51 331.69 244.78 88.89 0.00
0.00 10451.78
233.50 -49.66 -50.05 -66.97 338.74 246.01 90.79 0.00
0.00 10863.71
219.60 -49.96 -50.36 -67.41 344.27 246.13 88.79 0.00
0.00 11264.95
205.60 -50.36 -50.79 -72.72 350.14 244.33 89.22 0.00
0.00 11694.93
191.70 -51.06 -51.49 -73.19 356.09 241.90 87.43 0.10
0.00 12150.72
177.70 -52.46 -52.83 -68.92 361.64 238.83 84.46 0.10
0.00 12642.16
163.80 -54.46 -54.79 -74.24 366.75 236.62 79.80 0.10
0.00 13165.95
149.80 -57.16 -9999.00 -9999.00 -9999.00 232.34 76.30 0.10
0.00 13734.35
135.90 -59.66 -9999.00 -9999.00 -9999.00 230.17 71.58 0.10
0.00 14346.47
121.90 -60.56 -9999.00 -9999.00 -9999.00 227.91 64.92 0.10
0.00 15024.43
108.00 -59.26 -9999.00 -9999.00 -9999.00 230.27 55.32 0.10
0.00 15780.13
94.00 -59.56 -9999.00 -9999.00 -9999.00 228.55 39.92 0.00
0.00 16648.75
81.00 -60.86 -9999.00 -9999.00 -9999.00 221.12 32.50 0.00
0.00 17576.52
70.60 -60.56 -9999.00 -9999.00 -9999.00 209.95 33.86 0.00
0.00 18431.05
62.20 -59.36 -9999.00 -9999.00 -9999.00 210.05 31.41 0.00
0.00 19221.55
54.30 -57.46 -9999.00 -9999.00 -9999.00 199.39 25.74 0.00
0.00 20075.34
46.90 -57.66 -9999.00 -9999.00 -9999.00 203.91 20.61 0.00
0.00 20999.89
40.10 -59.16 -9999.00 -9999.00 -9999.00 203.01 15.40 0.00
0.00 21984.50
33.80 -60.26 -9999.00 -9999.00 -9999.00 235.71 10.35 0.00
0.00 23052.32
27.80 -60.06 -9999.00 -9999.00 -9999.00 242.45 5.03 0.00
0.00 24270.70
22.30 -59.46 -9999.00 -9999.00 -9999.00 250.82 9.46 0.00
0.00 25647.68
17.10 -54.76 -9999.00 -9999.00 -9999.00 249.44 11.62 0.00
0.00 27326.70
12.30 -51.36 -9999.00 -9999.00 -9999.00 270.00 4.66 0.00
0.00 29449.31

STID = DVN STNM = 744550 TIME = 221026/2300 
SLAT = 41.61 SLON = -90.57 SELV = 215.0
STIM = 11

SHOW = 13.19 LIFT = 11.89 SWET = 76.42 KINX = -18.75
LCLP = 892.16 PWAT = 7.46 TOTL = 28.13 CAPE = 0.00
LCLT = 273.79 CINS = 0.00 EQLV = -9999.00 LFCT = -9999.00
BRCH = 0.00

PRES TMPC TMWC DWPC THTE DRCT SKNT OMEG
CFRL HGHT
994.10 9.24 5.92 2.16 295.71 296.57 4.35 0.00
0.00 225.00
991.10 9.54 5.86 1.65 295.88 302.01 7.32 0.10
0.00 250.06
985.70 9.44 5.66 1.28 296.00 304.99 9.48 0.10
0.00 295.38
976.30 8.64 5.14 1.02 295.86 307.50 10.53 0.10
0.00 374.73
962.50 7.54 4.47 0.79 295.88 307.88 11.07 0.20
0.00 492.23
944.70 6.04 3.56 0.53 295.87 307.88 11.07 0.20
0.00 645.58
923.40 4.34 2.30 -0.32 295.54 308.50 10.92 0.20
0.00 831.85
900.30 3.54 -0.13 -5.99 293.16 312.14 10.99 0.20
0.00 1037.75
875.20 3.44 -1.89 -12.71 292.40 333.77 14.94 0.30
0.00 1267.02
847.10 2.94 -2.93 -16.29 293.49 334.23 18.76 0.30
0.00 1531.23
816.20 1.64 -3.90 -16.64 295.26 326.89 21.33 0.30
0.00 1831.06
782.30 -0.26 -5.50 -18.52 296.38 309.43 22.63 0.30
0.00 2171.34
745.50 -2.66 -7.90 -24.18 296.59 299.69 23.93 0.20
0.00 2554.75
705.70 -5.16 -10.32 -31.01 297.47 297.46 22.32 0.20
0.00 2987.29
663.00 -6.96 -12.07 -36.70 300.26 294.48 23.91 0.20
0.00 3475.36
617.40 -9.16 -14.09 -44.40 303.44 290.15 28.77 0.20
0.00 4028.35
569.30 -13.36 -17.46 -48.79 305.47 282.61 30.26 0.20
0.00 4650.16
522.70 -18.46 -21.43 -43.88 307.13 271.04 32.25 0.20
0.00 5293.25
480.70 -22.36 -23.88 -31.76 311.17 265.20 46.39 0.20
0.00 5913.07
443.10 -26.06 -26.94 -31.72 313.97 265.19 60.24 0.30
0.00 6506.78
409.30 -30.56 -31.31 -37.07 314.56 258.65 58.26 0.30
0.00 7075.62
378.60 -34.26 -34.84 -40.38 316.43 247.64 55.65 0.30
0.00 7625.16
351.00 -37.36 -37.75 -42.10 319.04 245.88 65.13 0.20
4.00 8151.12
326.20 -40.66 -40.99 -45.56 320.98 246.43 74.81 0.20
4.00 8653.39
303.80 -44.16 -44.43 -49.38 322.41 244.48 80.71 0.20
1.00 9133.94
283.70 -47.86 -48.05 -52.86 323.31 244.27 83.66 0.10
0.00 9589.09
265.60 -50.36 -50.57 -57.61 325.64 244.24 86.27 0.10
0.00 10021.45
248.70 -50.66 -50.95 -63.51 331.25 243.76 91.82 0.00
0.00 10449.91
233.50 -49.66 -50.05 -66.97 338.74 244.90 92.04 0.00
0.00 10861.56
219.60 -49.86 -50.29 -72.27 344.38 243.00 90.70 0.00
0.00 11262.89
205.60 -50.26 -50.70 -72.72 350.29 241.22 91.98 0.00
0.00 11693.07
191.70 -51.26 -51.68 -73.19 355.77 239.46 90.21 0.00
0.00 12148.75
177.70 -52.76 -53.14 -73.70 361.10 236.83 88.42 0.00
0.00 12639.64
163.80 -54.76 -55.08 -74.24 366.25 235.65 84.69 0.00
0.00 13162.71
149.80 -57.06 -57.32 -74.84 371.76 232.61 77.74 0.00
0.00 13730.85
135.90 -59.56 -9999.00 -9999.00 -9999.00 230.73 74.26 0.10
0.00 14343.25
121.90 -60.06 -9999.00 -9999.00 -9999.00 230.28 67.17 0.10
0.00 15022.17
108.00 -59.06 -9999.00 -9999.00 -9999.00 228.78 56.29 0.10
0.00 15779.11
94.00 -58.96 -9999.00 -9999.00 -9999.00 228.58 39.63 0.00
0.00 16649.36
81.00 -60.66 -9999.00 -9999.00 -9999.00 217.97 30.30 0.00
0.00 17578.87
70.60 -60.26 -9999.00 -9999.00 -9999.00 211.25 32.94 0.00
0.00 18434.40
62.20 -58.76 -9999.00 -9999.00 -9999.00 212.15 32.13 0.00
0.00 19226.57
54.30 -56.56 -9999.00 -9999.00 -9999.00 203.78 25.04 0.00
0.00 20083.35
46.90 -57.76 -9999.00 -9999.00 -9999.00 214.18 19.02 0.00
0.00 21009.61
40.10 -58.56 -9999.00 -9999.00 -9999.00 217.57 12.74 0.00
0.00 21995.37
33.80 -60.06 -9999.00 -9999.00 -9999.00 253.50 10.94 0.00
0.00 23065.19
27.80 -59.56 -9999.00 -9999.00 -9999.00 280.78 4.16 0.00
0.00 24285.57
22.30 -58.76 -9999.00 -9999.00 -9999.00 273.37 6.62 0.00
0.00 25666.42
17.10 -54.86 -9999.00 -9999.00 -9999.00 265.33 9.56 0.00
0.00 27347.77
12.30 -52.16 -9999.00 -9999.00 -9999.00 266.82 3.50 0.00
0.00 29466.05

STID = DVN STNM = 744550 TIME = 221027/0000 
SLAT = 41.61 SLON = -90.57 SELV = 215.0
STIM = 12

SHOW = 12.77 LIFT = 12.46 SWET = 72.49 KINX = -17.04
LCLP = 911.03 PWAT = 7.45 TOTL = 29.33 CAPE = 0.00
LCLT = 273.97 CINS = 0.00 EQLV = -9999.00 LFCT = -9999.00
BRCH = 0.00

PRES TMPC TMWC DWPC THTE DRCT SKNT OMEG
CFRL HGHT
994.20 7.74 5.11 2.04 294.01 311.19 4.14 0.00
0.00 224.94
991.30 8.84 5.43 1.43 294.94 317.91 8.12 0.10
0.00 249.07
985.80 8.94 5.35 1.12 295.32 320.48 10.08 0.20
0.00 295.12
976.40 8.24 4.89 0.89 295.32 321.34 11.19 0.20
0.00 374.34
962.60 7.14 4.23 0.72 295.38 319.94 11.17 0.30
0.00 491.65
944.80 5.64 3.29 0.37 295.29 317.17 10.86 0.30
0.00 644.76
923.60 4.34 1.61 -2.14 294.13 315.00 10.16 0.40
0.00 829.96
900.40 4.24 -0.55 -9.08 292.27 326.89 10.66 0.40
0.00 1036.92
875.30 4.04 -1.77 -13.96 292.56 342.51 14.86 0.40
0.00 1266.65
847.30 3.04 -2.69 -15.20 293.93 339.59 17.83 0.40
0.00 1530.20
816.30 1.54 -3.75 -15.39 295.56 327.93 19.02 0.40
0.00 1830.97
782.40 -0.46 -5.46 -17.52 296.45 310.36 20.40 0.30
0.00 2171.05
745.60 -2.96 -7.99 -23.29 296.43 299.61 21.23 0.30
0.00 2554.07
705.80 -5.16 -10.27 -30.27 297.55 293.12 18.80 0.20
0.00 2986.32
663.10 -6.86 -12.00 -36.70 300.36 291.70 20.49 0.10
0.00 3474.41
617.50 -9.16 -14.07 -43.66 303.47 287.43 24.63 0.10
0.00 4027.43
569.40 -13.46 -17.46 -45.15 305.48 278.19 25.91 0.00
0.00 4649.03
522.80 -18.56 -21.41 -41.18 307.17 262.25 28.83 0.10
0.00 5291.76
480.80 -22.46 -23.54 -28.39 311.73 263.80 44.95 0.20
0.00 5911.27
443.10 -26.26 -27.10 -31.72 313.71 261.28 56.41 0.30
0.00 6506.17
409.30 -31.06 -31.55 -34.99 314.23 256.30 56.59 0.30
7.00 7074.21
378.60 -35.16 -35.59 -39.76 315.31 247.74 54.37 0.30
5.00 7622.17
351.00 -38.06 -38.36 -41.76 318.13 244.78 62.92 0.30
36.00 8146.36
326.20 -40.86 -41.19 -46.03 320.66 245.34 75.87 0.40
5.00 8647.67
303.80 -44.66 -44.89 -49.38 321.71 244.33 82.96 0.40
9.00 9127.48
283.70 -48.36 -48.53 -52.86 322.59 243.09 85.39 0.30
0.00 9581.63
265.60 -50.16 -50.40 -59.06 325.90 242.34 90.79 0.20
0.00 10013.70
248.70 -49.96 -50.31 -66.51 332.25 244.12 93.92 0.10
0.00 10443.03
233.50 -49.66 -50.05 -66.97 338.74 243.70 92.52 0.10
0.00 10855.33
219.60 -49.76 -50.17 -67.41 344.58 242.06 94.11 0.00
0.00 11256.74
205.60 -50.26 -50.67 -67.89 350.34 241.04 93.47 0.00
0.00 11687.02
191.70 -51.16 -51.58 -73.19 355.93 238.77 91.78 -0.10
0.00 12142.81
177.70 -52.86 -53.23 -73.70 360.94 236.68 91.59 -0.10
0.00 12633.70
163.80 -54.96 -9999.00 -9999.00 -9999.00 236.28 88.52 -0.10
0.00 13156.40
149.80 -57.26 -9999.00 -9999.00 -9999.00 234.14 79.58 0.00
0.00 13724.02
135.90 -59.66 -9999.00 -9999.00 -9999.00 231.16 75.56 0.00
0.00 14335.99
121.90 -60.26 -9999.00 -9999.00 -9999.00 232.50 70.51 0.10
0.00 15014.44
107.90 -59.26 -9999.00 -9999.00 -9999.00 230.09 57.23 0.00
0.00 15776.45
94.00 -59.46 -9999.00 -9999.00 -9999.00 226.74 40.81 0.00
0.00 16639.48
81.00 -60.66 -9999.00 -9999.00 -9999.00 216.94 30.38 0.00
0.00 17567.90
70.60 -60.46 -9999.00 -9999.00 -9999.00 208.69 32.77 0.00
0.00 18423.03
62.20 -58.86 -9999.00 -9999.00 -9999.00 214.05 34.69 0.00
0.00 19214.64
54.30 -56.96 -9999.00 -9999.00 -9999.00 206.76 25.89 0.00
0.00 20070.43
46.90 -58.06 -9999.00 -9999.00 -9999.00 215.54 20.05 0.00
0.00 20995.19
40.10 -58.56 -9999.00 -9999.00 -9999.00 219.43 11.32 0.00
0.00 21980.26
33.80 -59.96 -9999.00 -9999.00 -9999.00 253.44 7.50 0.00
0.00 23050.33
27.80 -59.26 -9999.00 -9999.00 -9999.00 311.19 2.06 0.00
0.00 24271.86
22.30 -58.56 -9999.00 -9999.00 -9999.00 287.10 5.28 0.00
0.00 25654.32
17.10 -55.06 -9999.00 -9999.00 -9999.00 282.80 8.76 0.00
0.00 27335.67
12.30 -52.56 -9999.00 -9999.00 -9999.00 266.82 3.50 0.00
0.00 29451.05

STID = DVN STNM = 744550 TIME = 221027/0100 
SLAT = 41.61 SLON = -90.57 SELV = 215.0
STIM = 13

SHOW = 11.96 LIFT = 12.73 SWET = 67.47 KINX = -15.26
LCLP = 927.64 PWAT = 7.39 TOTL = 31.63 CAPE = 0.00
LCLT = 274.16 CINS = 0.00 EQLV = -9999.00 LFCT = -9999.00
BRCH = 0.00

PRES TMPC TMWC DWPC THTE DRCT SKNT OMEG
CFRL HGHT
994.80 6.54 4.47 1.99 292.64 328.57 4.10 0.10
0.00 224.90
991.80 8.04 5.07 1.56 294.15 333.43 9.13 0.10
0.00 249.76
986.40 8.44 5.21 1.42 294.98 334.32 11.21 0.20
0.00 294.84
977.00 7.74 4.79 1.29 295.06 334.70 11.81 0.20
0.00 373.87
963.10 6.64 4.11 1.06 295.08 332.99 11.11 0.30
0.00 491.77
945.30 5.54 2.88 -0.55 294.40 329.83 9.65 0.40
0.00 644.63
924.10 5.14 0.99 -5.45 292.78 335.66 8.95 0.40
0.00 829.90
900.90 5.24 -0.53 -11.62 292.16 349.44 11.65 0.30
0.00 1037.34
875.80 4.54 -1.31 -13.08 293.36 350.77 15.73 0.30
0.00 1267.54
847.80 3.14 -2.33 -13.55 294.58 342.20 16.53 0.30
0.00 1531.25
816.70 1.54 -3.67 -14.97 295.67 325.76 16.92 0.30
0.00 1832.90
782.80 -0.56 -5.48 -17.23 296.39 309.42 18.36 0.30
0.00 2172.76
745.90 -2.86 -7.96 -23.57 296.45 296.30 18.84 0.30
0.00 2556.65
706.10 -4.96 -10.13 -30.26 297.74 284.85 16.69 0.30
0.00 2988.96
663.40 -6.76 -11.93 -36.70 300.43 282.53 17.91 0.20
0.00 3477.11
617.70 -9.16 -14.07 -43.66 303.44 276.86 21.13 0.10
0.00 4031.22
569.60 -13.76 -17.66 -44.41 305.14 266.82 24.51 0.00
0.00 4652.26
522.90 -18.86 -21.50 -38.28 307.03 250.82 28.38 0.00
0.00 5295.46
480.90 -22.76 -23.63 -27.45 311.56 264.76 40.38 0.10
0.00 5914.14
443.20 -26.96 -27.51 -30.42 313.07 258.60 51.13 0.20
11.00 6507.74
409.40 -31.26 -31.63 -34.18 314.08 255.23 54.84 0.10
92.00 7074.63
378.70 -35.66 -35.97 -38.89 314.72 250.85 53.88 0.00
86.00 7621.66
351.10 -38.76 -39.02 -42.10 317.12 244.01 60.30 0.00
75.00 8144.38
326.20 -41.46 -41.75 -46.03 319.83 243.30 73.06 0.10
16.00 8646.24
303.80 -45.36 -45.55 -49.38 320.72 241.58 80.40 0.20
22.00 9124.70
283.70 -48.86 -49.01 -52.86 321.88 239.78 84.52 0.20
0.00 9577.65
265.60 -50.36 -50.64 -63.02 325.52 241.72 89.78 0.20
0.00 10009.04
248.70 -50.36 -50.69 -66.51 331.65 242.39 90.54 0.20
0.00 10437.78
233.50 -49.96 -50.33 -66.97 338.29 241.19 93.10 0.20
0.00 10849.43
219.60 -49.86 -50.26 -67.41 344.43 240.75 94.62 0.10
0.00 11250.49
205.60 -50.26 -50.70 -72.72 350.29 240.31 94.13 0.10
0.00 11680.67
191.70 -51.26 -51.68 -73.19 355.77 239.24 93.80 0.00
0.00 12136.35
177.70 -52.96 -53.33 -73.70 360.77 238.12 93.78 0.00
0.00 12627.02
163.80 -54.76 -9999.00 -9999.00 -9999.00 238.55 90.85 0.00
0.00 13149.85
149.80 -56.26 -9999.00 -9999.00 -9999.00 236.54 81.02 0.00
0.00 13719.03
135.90 -58.46 -9999.00 -9999.00 -9999.00 230.78 74.96 0.00
0.00 14334.14
121.90 -60.06 -9999.00 -9999.00 -9999.00 234.35 71.00 0.00
0.00 15014.81
107.90 -59.66 -9999.00 -9999.00 -9999.00 232.93 56.72 0.00
0.00 15776.47
94.00 -59.36 -9999.00 -9999.00 -9999.00 230.16 42.75 0.00
0.00 16638.90
81.00 -60.86 -9999.00 -9999.00 -9999.00 218.72 30.13 0.00
0.00 17567.09
70.60 -59.76 -9999.00 -9999.00 -9999.00 210.73 32.32 0.00
0.00 18423.23
62.20 -58.36 -9999.00 -9999.00 -9999.00 216.22 34.19 0.00
0.00 19217.07
54.30 -57.26 -9999.00 -9999.00 -9999.00 215.93 26.15 0.00
0.00 20073.25
46.90 -58.66 -9999.00 -9999.00 -9999.00 223.41 19.79 0.00
0.00 20996.09
40.10 -58.96 -9999.00 -9999.00 -9999.00 230.36 8.84 0.00
0.00 21978.86
33.80 -60.36 -9999.00 -9999.00 -9999.00 258.11 3.77 0.00
0.00 23046.94
27.80 -60.16 -9999.00 -9999.00 -9999.00 28.61 2.43 0.00
0.00 24264.74
22.30 -59.56 -9999.00 -9999.00 -9999.00 335.38 5.13 0.00
0.00 25641.07
17.10 -56.46 -9999.00 -9999.00 -9999.00 333.43 4.78 0.00
0.00 27313.10
12.30 -53.46 -9999.00 -9999.00 -9999.00 154.80 3.65 0.00
0.00 29417.39

STID = DVN STNM = 744550 TIME = 221027/0200 
SLAT = 41.61 SLON = -90.57 SELV = 215.0
STIM = 14

SHOW = 11.42 LIFT = 12.68 SWET = 65.56 KINX = -12.96
LCLP = 938.33 PWAT = 7.91 TOTL = 33.58 CAPE = 0.00
LCLT = 274.44 CINS = 0.00 EQLV = -9999.00 LFCT = -9999.00
BRCH = 0.00

PRES TMPC TMWC DWPC THTE DRCT SKNT OMEG
CFRL HGHT
995.10 5.94 4.21 2.12 292.08 319.76 3.30 0.00
0.00 224.87
992.10 7.44 4.93 1.98 293.84 336.97 8.45 0.10
0.00 249.67
986.70 7.94 5.15 1.90 294.83 338.81 10.22 0.20
0.00 294.66
977.30 7.34 4.71 1.61 294.88 339.93 10.76 0.20
0.00 373.55
963.40 6.34 3.83 0.74 294.47 340.43 9.29 0.30
0.00 491.26
945.60 5.74 2.47 -1.98 293.52 339.27 7.69 0.20
0.00 644.02
924.40 5.54 0.81 -6.90 292.36 350.31 8.08 0.20
0.00 829.39
901.20 5.54 -0.20 -10.85 292.77 357.27 12.26 0.20
0.00 1037.02
876.10 4.54 -0.81 -10.61 294.35 355.82 15.97 0.20
0.00 1267.30
848.00 2.84 -2.17 -11.88 294.91 345.78 15.03 0.10
0.00 1531.77
817.00 1.24 -3.74 -14.40 295.52 326.51 15.13 0.10
0.00 1832.06
783.00 -0.86 -5.52 -16.41 296.31 310.88 17.21 0.20
0.00 2172.46
746.10 -3.06 -7.99 -22.72 296.39 296.57 17.81 0.20
0.00 2555.91
706.30 -4.86 -10.01 -29.56 297.92 282.00 15.89 0.20
0.00 2988.04
663.60 -6.76 -11.89 -35.92 300.47 276.04 16.61 0.20
0.00 3476.14
617.90 -9.16 -14.11 -45.20 303.34 265.43 19.48 0.10
0.00 4030.08
569.70 -13.86 -17.90 -54.70 304.67 255.96 25.62 0.10
0.00 4652.12
523.00 -19.06 -20.07 -23.65 309.47 252.29 33.86 0.10
0.00 5294.97
480.90 -23.06 -23.71 -26.46 311.45 264.59 37.08 0.30
6.00 5914.61
443.30 -27.26 -27.75 -30.42 312.67 254.33 44.58 0.20
42.00 6505.87
409.40 -31.36 -31.76 -34.57 313.88 249.21 50.91 0.20
68.00 7073.90
378.70 -35.56 -35.86 -38.62 314.89 247.36 54.51 0.10
94.00 7620.93
351.10 -39.26 -39.45 -41.76 316.48 243.52 57.52 0.10
100.00 8143.21
326.20 -42.36 -42.56 -45.56 318.63 242.12 68.12 0.10
94.00 8643.57
303.80 -46.26 -46.38 -48.77 319.49 241.27 75.97 0.20
32.00 9120.15
283.70 -49.26 -49.44 -54.73 321.22 240.92 79.14 0.20
0.00 9571.80
265.60 -50.16 -50.47 -66.03 325.77 241.02 82.60 0.10
0.00 10002.99
248.70 -49.96 -50.31 -66.51 332.25 239.75 87.92 0.10
0.00 10432.32
233.50 -49.76 -50.14 -66.97 338.59 239.87 92.09 0.10
0.00 10844.52
219.60 -49.96 -50.33 -64.44 344.32 239.61 93.69 0.10
0.00 11245.67
205.60 -50.36 -50.72 -62.77 350.28 238.77 94.04 0.10
0.00 11675.66
191.70 -51.26 -51.63 -65.45 355.86 237.79 93.67 0.00
0.00 12131.25
177.70 -52.76 -53.11 -68.92 361.15 237.47 92.85 0.00
0.00 12622.14
163.80 -54.26 -9999.00 -9999.00 -9999.00 238.42 89.39 0.00
0.00 13145.80
149.80 -55.76 -9999.00 -9999.00 -9999.00 237.71 81.80 0.00
0.00 13716.29
135.90 -57.86 -9999.00 -9999.00 -9999.00 233.68 76.42 0.00
0.00 14332.97
121.90 -59.16 -9999.00 -9999.00 -9999.00 237.15 73.06 0.00
0.00 15016.03
107.90 -58.46 -9999.00 -9999.00 -9999.00 238.89 53.77 0.00
0.00 15781.44
94.00 -60.36 -9999.00 -9999.00 -9999.00 226.65 43.01 0.00
0.00 16644.27
81.00 -59.76 -9999.00 -9999.00 -9999.00 221.69 33.29 0.00
0.00 17572.68
70.60 -59.46 -9999.00 -9999.00 -9999.00 216.94 32.32 0.00
0.00 18431.64
62.20 -57.86 -9999.00 -9999.00 -9999.00 213.60 32.65 0.00
0.00 19226.96
54.30 -57.36 -9999.00 -9999.00 -9999.00 219.59 26.22 0.00
0.00 20083.93
46.90 -58.96 -9999.00 -9999.00 -9999.00 225.41 19.37 0.00
0.00 21005.91
40.10 -58.76 -9999.00 -9999.00 -9999.00 226.85 8.53 0.00
0.00 21988.45
33.80 -59.66 -9999.00 -9999.00 -9999.00 215.54 3.34 0.00
0.00 23058.78
27.80 -60.46 -9999.00 -9999.00 -9999.00 90.00 1.17 0.00
0.00 24277.73
22.30 -60.06 -9999.00 -9999.00 -9999.00 330.02 5.83 0.00
0.00 25651.48
17.10 -56.86 -9999.00 -9999.00 -9999.00 360.00 4.86 0.00
0.00 27320.01
12.30 -53.66 -9999.00 -9999.00 -9999.00 166.61 4.20 0.00
0.00 29421.41

STID = DVN STNM = 744550 TIME = 221027/0300 
SLAT = 41.61 SLON = -90.57 SELV = 215.0
STIM = 15

SHOW = 11.16 LIFT = 12.55 SWET = 61.11 KINX = -13.13
LCLP = 948.34 PWAT = 8.48 TOTL = 34.37 CAPE = 0.00
LCLT = 274.75 CINS = 0.00 EQLV = -9999.00 LFCT = -9999.00
BRCH = 0.00

PRES TMPC TMWC DWPC THTE DRCT SKNT OMEG
CFRL HGHT
995.60 5.44 4.02 2.28 291.64 340.35 2.89 0.00
0.00 224.03
992.60 7.04 4.83 2.24 293.60 349.82 7.69 0.10
0.00 248.78
987.10 7.64 4.99 1.88 294.46 353.29 9.98 0.20
0.00 294.52
977.70 7.14 4.46 1.23 294.30 355.52 9.95 0.20
0.00 373.30
963.90 6.44 3.57 -0.07 293.87 360.00 8.35 0.20
0.00 490.08
946.10 5.94 2.26 -2.93 293.03 3.09 7.21 0.20
0.00 642.82
924.80 5.94 1.00 -7.05 292.67 5.08 8.78 0.20
0.00 829.16
901.70 5.84 0.44 -8.77 293.98 4.83 13.85 0.20
0.00 1036.07
876.50 4.54 -0.32 -8.56 295.28 1.40 15.93 0.20
0.00 1267.32
848.40 2.84 -2.04 -11.27 295.13 346.94 13.75 0.20
0.00 1531.71
817.40 1.24 -3.71 -14.23 295.54 325.20 13.95 0.20
0.00 1831.87
783.40 -0.86 -5.54 -16.49 296.24 309.81 16.69 0.30
0.00 2172.09
746.50 -2.66 -7.81 -23.42 296.63 292.42 16.80 0.20
0.00 2555.62
706.60 -4.36 -9.69 -29.79 298.41 274.18 15.97 0.20
0.00 2989.34
663.80 -6.36 -11.67 -37.09 300.80 264.70 18.92 0.10
0.00 3479.23
618.10 -9.36 -14.23 -44.39 303.12 257.32 23.89 0.10
0.00 4033.20
569.90 -14.86 -17.08 -25.08 306.29 249.13 28.90 0.20
0.00 4653.76
523.10 -18.96 -19.57 -21.56 310.28 254.20 32.09 0.20
2.00 5296.89
481.00 -23.26 -23.85 -26.34 311.21 255.34 34.54 0.20
18.00 5916.33
443.40 -27.56 -28.00 -30.42 312.27 249.97 41.98 0.20
61.00 6506.87
409.40 -31.36 -31.74 -34.37 313.92 244.85 49.36 0.20
74.00 7076.16
378.70 -35.56 -35.83 -38.35 314.93 243.34 52.82 0.20
100.00 7623.19
351.10 -39.46 -39.64 -41.76 316.21 242.57 57.77 0.10
100.00 8145.25
326.30 -43.06 -43.21 -45.56 317.63 243.36 65.85 0.10
100.00 8642.56
303.90 -46.86 -46.97 -49.38 318.58 240.92 71.13 0.00
0.00 9117.64
283.70 -49.26 -49.51 -58.54 321.10 240.31 73.35 0.00
0.00 9570.84
265.60 -49.66 -50.00 -66.03 326.50 239.72 77.82 0.00
0.00 10002.52
248.70 -49.56 -49.93 -66.51 332.84 239.08 82.42 -0.10
0.00 10432.71
233.50 -50.36 -50.71 -66.97 337.68 238.99 86.34 -0.10
0.00 10844.72
219.60 -50.66 -51.02 -67.41 343.19 238.30 90.19 -0.10
0.00 11244.70
205.60 -50.56 -50.98 -72.72 349.82 237.78 92.54 -0.10
0.00 11673.82
191.70 -51.46 -9999.00 -9999.00 -9999.00 237.66 91.51 -0.10
0.00 12128.99
177.70 -52.76 -53.14 -73.70 361.10 237.53 88.64 0.00
0.00 12619.66
163.80 -54.06 -54.41 -74.24 367.42 237.45 86.65 0.00
0.00 13143.56
149.80 -55.56 -9999.00 -9999.00 -9999.00 237.66 82.07 0.00
0.00 13714.57
135.90 -57.66 -9999.00 -9999.00 -9999.00 236.43 76.24 0.00
0.00 14331.82
121.90 -59.46 -9999.00 -9999.00 -9999.00 237.06 73.60 0.10
0.00 15014.72
107.90 -59.16 -9999.00 -9999.00 -9999.00 241.02 57.73 0.00
0.00 15778.34
94.00 -59.36 -9999.00 -9999.00 -9999.00 226.14 41.49 0.00
0.00 16641.78
81.00 -60.56 -9999.00 -9999.00 -9999.00 227.09 33.95 0.00
0.00 17570.63
70.60 -59.46 -9999.00 -9999.00 -9999.00 215.27 33.31 0.00
0.00 18427.97
62.20 -57.76 -9999.00 -9999.00 -9999.00 221.47 33.45 0.00
0.00 19223.48
54.30 -58.46 -9999.00 -9999.00 -9999.00 215.39 25.49 0.00
0.00 20078.47
46.90 -58.46 -9999.00 -9999.00 -9999.00 214.66 19.13 0.00
0.00 20999.16
40.10 -58.76 -9999.00 -9999.00 -9999.00 206.10 10.61 0.00
0.00 21982.85
33.80 -60.26 -9999.00 -9999.00 -9999.00 184.76 4.68 0.00
0.00 23051.68
27.80 -61.16 -9999.00 -9999.00 -9999.00 150.64 3.57 0.00
0.00 24266.91
22.30 -58.86 -9999.00 -9999.00 -9999.00 305.22 4.04 0.00
0.00 25642.27
17.10 -55.36 -9999.00 -9999.00 -9999.00 351.87 2.74 0.00
0.00 27321.29
12.30 -53.36 -9999.00 -9999.00 -9999.00 184.57 4.88 0.00
0.00 29431.37

STID = DVN STNM = 744550 TIME = 221027/0400 
SLAT = 41.61 SLON = -90.57 SELV = 215.0
STIM = 16

SHOW = 11.05 LIFT = 12.26 SWET = 56.91 KINX = -12.69
LCLP = 953.04 PWAT = 9.08 TOTL = 34.56 CAPE = 0.00
LCLT = 274.87 CINS = 0.00 EQLV = -9999.00 LFCT = -9999.00
BRCH = 0.00

PRES TMPC TMWC DWPC THTE DRCT SKNT OMEG
CFRL HGHT
996.40 5.24 3.94 2.35 291.41 8.13 1.38 0.00
0.00 225.65
993.50 6.94 4.79 2.25 293.41 8.88 6.29 0.10
0.00 249.54
988.10 7.64 4.84 1.51 294.05 10.84 9.30 0.10
0.00 294.40
978.60 7.14 4.29 0.79 293.85 17.28 9.15 0.10
0.00 373.94
964.80 6.54 3.54 -0.30 293.71 26.57 7.81 0.10
0.00 490.62
947.00 6.04 2.36 -2.79 293.14 26.57 6.51 0.20
0.00 643.27
925.70 6.14 1.32 -6.26 293.22 19.65 8.66 0.20
0.00 829.55
902.50 6.04 1.00 -7.00 295.03 15.40 13.91 0.20
0.00 1037.33
877.30 4.64 -0.07 -7.79 295.71 7.22 13.91 0.30
0.00 1268.53
849.10 2.94 -1.97 -11.26 295.17 351.47 11.79 0.30
0.00 1533.74
818.10 1.24 -3.64 -13.91 295.58 326.82 12.06 0.30
0.00 1833.70
784.00 -0.76 -5.49 -16.57 296.25 310.28 15.02 0.30
0.00 2174.72
747.10 -2.46 -7.73 -23.85 296.69 288.89 15.60 0.30
0.00 2558.15
707.20 -4.36 -9.65 -29.32 298.40 268.59 15.73 0.20
0.00 2991.67
664.30 -6.46 -11.73 -37.09 300.62 261.21 19.08 0.10
0.00 3482.22
618.50 -9.76 -13.73 -29.11 304.09 257.11 23.50 0.20
0.00 4036.57
570.20 -14.86 -16.06 -19.48 308.01 243.27 30.67 0.20
0.00 4657.76
523.40 -18.96 -19.55 -21.47 310.26 252.76 29.49 0.20
16.00 5300.65
481.20 -23.36 -23.91 -26.21 311.09 251.95 36.36 0.20
36.00 5921.14
443.50 -27.46 -27.92 -30.42 312.37 244.94 43.10 0.10
61.00 6513.06
409.60 -31.36 -31.71 -34.17 313.91 242.22 49.18 0.10
94.00 7080.59
378.80 -35.66 -35.92 -38.35 314.77 242.76 51.79 0.10
100.00 7629.09
351.20 -39.66 -39.87 -42.45 315.84 242.20 56.22 0.10
100.00 8150.67
326.30 -43.66 -43.79 -46.02 316.77 242.07 61.79 0.10
100.00 8649.04
303.90 -47.06 -47.26 -52.28 318.14 238.69 66.16 0.10
0.00 9123.28
283.70 -48.96 -49.28 -62.52 321.45 238.68 69.13 0.00
0.00 9576.58
265.60 -49.26 -49.61 -66.03 327.09 239.17 72.40 0.00
0.00 10008.93
248.70 -50.06 -50.40 -66.51 332.10 239.39 76.28 0.00
0.00 10439.02
233.50 -50.96 -51.29 -66.97 336.77 239.29 81.78 0.00
0.00 10850.02
219.60 -50.96 -51.34 -72.27 342.68 238.49 86.58 0.00
0.00 11249.19
205.60 -51.06 -51.46 -72.72 349.04 238.06 89.96 0.00
0.00 11677.54
191.70 -51.86 -9999.00 -9999.00 -9999.00 237.85 88.33 0.00
0.00 12131.79
177.70 -52.96 -9999.00 -9999.00 -9999.00 237.03 85.66 0.00
0.00 12621.78
163.80 -54.16 -9999.00 -9999.00 -9999.00 236.13 84.69 0.00
0.00 13145.32
149.80 -55.56 -9999.00 -9999.00 -9999.00 235.94 82.54 0.00
0.00 13716.21
135.90 -57.36 -9999.00 -9999.00 -9999.00 236.91 77.21 0.00
0.00 14333.88
121.90 -58.76 -9999.00 -9999.00 -9999.00 237.32 70.16 0.00
0.00 15018.37
107.90 -59.06 -9999.00 -9999.00 -9999.00 240.57 57.32 0.00
0.00 15783.42
94.00 -58.76 -9999.00 -9999.00 -9999.00 226.30 36.27 0.00
0.00 16648.27
81.00 -61.06 -9999.00 -9999.00 -9999.00 225.23 34.75 0.00
0.00 17577.34
70.60 -58.76 -9999.00 -9999.00 -9999.00 218.66 31.10 0.00
0.00 18435.09
62.20 -57.96 -9999.00 -9999.00 -9999.00 212.69 30.92 0.00
0.00 19231.52
54.30 -58.06 -9999.00 -9999.00 -9999.00 205.32 19.99 0.00
0.00 20086.91
46.90 -57.76 -9999.00 -9999.00 -9999.00 217.93 16.74 0.00
0.00 21009.95
40.10 -59.06 -9999.00 -9999.00 -9999.00 196.99 7.30 0.00
0.00 21994.56
33.80 -60.66 -9999.00 -9999.00 -9999.00 180.00 3.88 0.00
0.00 23061.64
27.80 -60.46 -9999.00 -9999.00 -9999.00 190.89 5.15 0.00
0.00 24277.73
22.30 -57.06 -9999.00 -9999.00 -9999.00 304.29 5.17 0.00
0.00 25661.16
17.10 -53.66 -9999.00 -9999.00 -9999.00 8.13 2.74 0.00
0.00 27353.78
12.30 -52.36 -9999.00 -9999.00 -9999.00 230.19 4.55 0.00
0.00 29476.87

STID = DVN STNM = 744550 TIME = 221027/0500 
SLAT = 41.61 SLON = -90.57 SELV = 215.0
STIM = 17

SHOW = 11.00 LIFT = 12.18 SWET = 56.25 KINX = -11.10
LCLP = 957.24 PWAT = 9.46 TOTL = 35.01 CAPE = 0.00
LCLT = 274.96 CINS = 0.00 EQLV = -9999.00 LFCT = -9999.00
BRCH = 0.00

PRES TMPC TMWC DWPC THTE DRCT SKNT OMEG
CFRL HGHT
995.90 4.94 3.79 2.37 291.16 255.96 0.80 0.00
0.00 224.83
992.90 6.54 4.52 2.12 292.93 18.43 4.29 0.00
0.00 249.53
987.50 7.34 4.54 1.14 293.48 23.81 7.23 0.00
0.00 294.36
978.10 7.04 4.13 0.51 293.57 36.25 7.23 0.00
0.00 373.04
964.20 6.24 3.48 -0.03 293.66 47.49 6.33 0.00
0.00 490.55
946.40 5.64 2.45 -1.89 293.40 48.58 4.41 0.00
0.00 643.12
925.20 5.74 1.34 -5.39 293.34 29.05 6.00 0.00
0.00 828.38
901.90 5.74 1.02 -6.31 295.16 21.61 11.07 0.00
0.00 1036.95
876.80 4.44 -0.04 -7.27 295.83 8.97 11.21 0.00
0.00 1267.19
848.70 2.64 -2.02 -10.69 295.14 355.52 9.95 0.00
0.00 1531.36
817.60 0.94 -3.75 -13.54 295.46 325.38 9.91 0.10
0.00 1832.14
783.60 -0.86 -5.54 -16.49 296.21 308.02 13.56 0.10
0.00 2172.11
746.70 -2.56 -7.74 -23.41 296.72 286.05 14.76 0.10
0.00 2555.60
706.80 -4.66 -9.81 -28.68 298.22 265.76 15.77 0.00
0.00 2989.05
664.00 -6.76 -11.85 -35.20 300.49 263.60 19.15 0.00
0.00 3478.17
618.30 -10.36 -13.27 -21.97 305.05 251.57 22.11 0.10
0.00 4030.68
570.00 -14.96 -16.57 -21.58 307.17 237.08 32.17 0.10
0.00 4651.29
523.20 -18.76 -19.33 -21.13 310.67 256.67 34.54 0.10
15.00 5294.51
481.10 -23.66 -24.12 -26.10 310.76 246.19 38.01 0.10
75.00 5913.59
443.40 -27.36 -27.77 -29.97 312.62 241.80 45.63 0.10
92.00 6505.41
409.50 -31.46 -31.82 -34.37 313.77 245.04 46.50 0.10
83.00 7073.08
378.80 -35.96 -36.24 -38.89 314.30 243.43 51.26 0.10
98.00 7619.40
351.10 -40.16 -40.30 -42.10 315.23 242.53 55.17 0.10
100.00 8142.05
326.30 -44.36 -44.50 -47.03 315.73 240.74 59.23 0.10
82.00 8637.21
303.90 -47.16 -47.50 -59.76 317.77 239.16 62.90 0.10
0.00 9110.60
283.70 -48.66 -49.01 -65.55 321.84 240.86 65.83 0.10
0.00 9564.09
265.60 -49.76 -50.07 -63.02 326.40 240.49 69.41 0.10
0.00 9996.25
248.70 -50.96 -51.27 -66.51 330.76 240.45 76.81 0.10
0.00 10424.99
233.50 -51.36 -51.67 -66.97 336.16 239.85 81.99 0.10
0.00 10834.79
219.60 -51.16 -51.53 -72.27 342.37 237.40 87.63 0.00
0.00 11233.43
205.60 -51.66 -52.03 -72.72 348.09 238.62 92.15 0.00
0.00 11661.00
191.70 -52.26 -52.63 -73.19 354.16 238.02 90.23 -0.10
0.00 12114.23
177.70 -53.56 -9999.00 -9999.00 -9999.00 236.88 86.05 -0.10
0.00 12603.12
163.80 -54.86 -9999.00 -9999.00 -9999.00 235.60 82.87 -0.10
0.00 13125.11
149.80 -55.86 -9999.00 -9999.00 -9999.00 234.41 81.45 -0.10
0.00 13694.68
135.90 -57.36 -9999.00 -9999.00 -9999.00 234.66 76.90 -0.10
0.00 14311.93
121.90 -58.86 -9999.00 -9999.00 -9999.00 235.48 67.19 0.00
0.00 14996.26
108.00 -59.56 -9999.00 -9999.00 -9999.00 237.70 55.61 0.00
0.00 15754.44
94.00 -59.56 -9999.00 -9999.00 -9999.00 226.50 36.69 0.00
0.00 16622.45
81.00 -60.96 -9999.00 -9999.00 -9999.00 215.02 39.61 0.00
0.00 17550.00
70.60 -59.06 -9999.00 -9999.00 -9999.00 222.25 28.59 0.00
0.00 18407.34
62.20 -58.56 -9999.00 -9999.00 -9999.00 205.33 32.25 0.00
0.00 19202.11
54.30 -57.76 -9999.00 -9999.00 -9999.00 220.60 19.70 0.00
0.00 20056.90
46.90 -58.66 -9999.00 -9999.00 -9999.00 224.47 14.98 0.00
0.00 20978.66
40.10 -59.66 -9999.00 -9999.00 -9999.00 180.00 8.94 0.00
0.00 21959.83
33.80 -61.26 -9999.00 -9999.00 -9999.00 196.31 8.29 0.00
0.00 23023.90
27.80 -60.26 -9999.00 -9999.00 -9999.00 199.75 8.04 0.00
0.00 24238.85
22.30 -57.06 -9999.00 -9999.00 -9999.00 306.03 2.64 0.00
0.00 25622.92
17.10 -54.36 -9999.00 -9999.00 -9999.00 156.80 1.48 0.00
0.00 27312.82
12.30 -52.26 -9999.00 -9999.00 -9999.00 231.71 4.70 0.00
0.00 29433.03

STID = DVN STNM = 744550 TIME = 221027/0600 
SLAT = 41.61 SLON = -90.57 SELV = 215.0
STIM = 18

SHOW = 10.90 LIFT = 12.15 SWET = 55.80 KINX = -10.72
LCLP = 962.10 PWAT = 9.38 TOTL = 35.23 CAPE = 0.00
LCLT = 275.04 CINS = 0.00 EQLV = -9999.00 LFCT = -9999.00
BRCH = 0.00

PRES TMPC TMWC DWPC THTE DRCT SKNT OMEG
CFRL HGHT
996.20 4.64 3.64 2.38 290.82 45.00 2.47 0.00
2.00 224.82
993.20 6.34 4.33 1.90 292.50 43.92 7.28 0.00
0.00 249.48
987.80 7.04 4.28 0.88 292.92 50.48 10.08 0.00
0.00 294.26
978.40 6.74 3.88 0.27 293.03 60.64 10.70 0.00
0.00 372.83
964.50 6.04 3.39 0.01 293.45 62.90 9.38 0.10
0.00 490.19
946.70 5.34 2.52 -1.25 293.52 63.43 6.51 0.10
0.00 642.59
925.40 5.64 1.41 -4.97 293.47 42.88 7.42 0.20
0.00 828.56
902.20 5.64 1.06 -5.96 295.23 30.96 11.32 0.30
0.00 1036.11
877.00 4.44 -0.04 -7.27 295.81 19.06 11.31 0.30
0.00 1267.16
848.90 2.64 -2.01 -10.62 295.15 5.83 9.58 0.40
0.00 1531.27
817.80 1.04 -3.72 -13.69 295.48 331.29 9.30 0.40
0.00 1832.04
783.80 -0.56 -5.52 -17.50 296.19 308.11 12.59 0.40
0.00 2172.15
746.90 -2.26 -7.63 -24.15 296.87 279.21 14.57 0.40
0.00 2555.95
707.00 -4.76 -9.89 -28.89 298.05 260.03 17.95 0.20
0.00 2989.43
664.20 -7.16 -12.02 -33.28 300.21 256.24 19.60 0.00
0.00 3477.96
618.40 -10.66 -14.38 -29.30 303.03 239.51 24.13 -0.10
0.00 4030.74
570.10 -15.26 -15.97 -17.88 308.20 241.65 30.67 0.00
0.00 4650.52
523.30 -19.06 -19.61 -21.38 310.19 255.88 34.25 0.10
32.00 5292.95
481.20 -23.56 -24.02 -25.98 310.90 243.56 38.83 0.10
84.00 5911.66
443.40 -27.16 -27.63 -30.12 312.84 243.79 42.66 0.10
48.00 6505.34
409.50 -31.56 -31.98 -34.98 313.53 246.83 45.44 0.20
39.00 7073.12
378.80 -36.16 -36.44 -39.17 314.00 241.71 52.06 0.10
88.00 7619.10
351.20 -40.56 -40.77 -43.60 314.52 242.06 54.31 0.10
93.00 8139.12
326.30 -43.76 -44.20 -55.94 316.14 243.98 54.91 0.00
16.00 8636.39
303.90 -46.16 -46.58 -61.99 319.13 248.72 55.65 0.00
0.00 9111.43
283.70 -48.66 -48.99 -62.52 321.88 245.82 58.33 0.10
0.00 9565.93
265.60 -50.46 -50.74 -63.02 325.37 240.82 66.53 0.10
0.00 9997.41
248.70 -51.66 -51.94 -66.51 329.71 242.06 76.30 0.20
0.00 10424.81
233.50 -51.36 -51.70 -71.85 336.12 242.41 82.63 0.10
0.00 10833.96
219.60 -51.36 -51.72 -72.27 342.07 241.08 86.77 0.10
0.00 11232.41
205.60 -52.16 -52.51 -72.72 347.31 240.43 89.34 0.10
0.00 11659.31
191.70 -53.06 -53.40 -73.19 352.88 238.91 90.29 0.10
0.00 12111.21
177.70 -54.26 -9999.00 -9999.00 -9999.00 237.67 88.27 0.10
0.00 12598.43
163.80 -55.26 -9999.00 -9999.00 -9999.00 235.20 83.74 0.10
0.00 13119.11
149.80 -56.16 -9999.00 -9999.00 -9999.00 232.67 82.32 0.00
0.00 13687.77
135.90 -57.36 -9999.00 -9999.00 -9999.00 233.33 79.68 0.00
0.00 14304.59
121.90 -58.56 -9999.00 -9999.00 -9999.00 234.83 66.78 0.00
0.00 14989.40
107.90 -59.26 -9999.00 -9999.00 -9999.00 235.72 52.43 0.00
0.00 15754.45
94.00 -60.26 -9999.00 -9999.00 -9999.00 228.14 37.55 0.00
0.00 16615.87
81.00 -60.86 -9999.00 -9999.00 -9999.00 212.15 40.15 0.00
0.00 17542.10
70.60 -59.26 -9999.00 -9999.00 -9999.00 215.54 36.77 0.00
0.00 18399.25
62.20 -58.06 -9999.00 -9999.00 -9999.00 205.87 28.50 0.00
0.00 19194.57
54.30 -57.36 -9999.00 -9999.00 -9999.00 223.20 21.85 0.00
0.00 20051.15
46.90 -58.66 -9999.00 -9999.00 -9999.00 227.73 11.56 0.00
0.00 20973.77
40.10 -59.16 -9999.00 -9999.00 -9999.00 180.00 11.65 0.00
0.00 21956.08
33.80 -60.96 -9999.00 -9999.00 -9999.00 208.39 8.18 0.00
0.00 23022.16
27.80 -59.46 -9999.00 -9999.00 -9999.00 214.16 6.57 0.00
0.00 24240.25
22.30 -57.26 -9999.00 -9999.00 -9999.00 16.70 2.02 0.00
0.00 25626.26
17.10 -54.06 -9999.00 -9999.00 -9999.00 194.04 1.59 0.00
0.00 27316.54
12.30 -51.36 -9999.00 -9999.00 -9999.00 256.76 6.78 0.00
0.00 29442.54

STID = DVN STNM = 744550 TIME = 221027/0700 
SLAT = 41.61 SLON = -90.57 SELV = 215.0
STIM = 19

SHOW = 10.67 LIFT = 12.14 SWET = 48.77 KINX = -9.70
LCLP = 965.32 PWAT = 10.19 TOTL = 35.79 CAPE = 0.00
LCLT = 274.93 CINS = 0.00 EQLV = -9999.00 LFCT = -9999.00
BRCH = 0.00

PRES TMPC TMWC DWPC THTE DRCT SKNT OMEG
CFRL HGHT
997.10 4.34 3.41 2.24 290.30 79.70 2.18 0.00
1.00 224.80
994.20 5.84 4.06 1.88 291.86 74.48 7.26 0.00
0.00 248.58
988.80 6.24 4.11 1.49 292.48 85.53 12.47 0.00
0.00 293.21
979.30 6.24 3.70 0.49 292.59 90.83 13.40 0.00
0.00 372.36
965.40 5.74 3.18 -0.12 292.94 85.76 10.51 0.00
0.00 489.45
947.60 5.04 2.52 -0.80 293.44 86.63 6.62 0.00
0.00 641.54
926.30 5.34 1.42 -4.41 293.40 64.89 6.86 0.00
0.00 827.15
903.10 5.44 0.99 -5.85 294.99 46.59 9.89 -0.10
0.00 1034.32
877.90 4.44 -0.01 -7.16 295.78 35.54 10.02 -0.10
0.00 1265.05
849.70 2.64 -1.93 -10.30 295.22 22.83 8.00 -0.10
0.00 1529.86
818.60 0.94 -3.78 -13.68 295.29 342.07 6.93 -0.20
0.00 1830.28
784.50 -0.56 -5.53 -17.58 296.09 311.28 10.61 -0.20
0.00 2171.01
747.50 -2.36 -7.63 -23.55 296.81 282.80 13.15 -0.10
0.00 2555.46
707.60 -4.66 -9.79 -28.46 298.15 268.74 17.68 -0.10
0.00 2988.59
664.70 -7.16 -11.87 -30.90 300.44 251.92 20.03 0.00
0.00 3477.98
618.80 -11.66 -13.08 -16.62 305.38 242.22 28.77 0.10
0.00 4030.73
570.40 -14.66 -15.15 -16.38 309.55 261.06 35.00 0.00
13.00 4651.21
523.50 -19.46 -19.83 -21.04 309.79 254.95 29.18 0.00
100.00 5295.02
481.30 -23.56 -23.94 -25.53 311.01 241.36 36.07 0.00
100.00 5914.54
443.60 -27.26 -27.71 -30.11 312.68 248.25 40.37 0.10
70.00 6506.35
409.60 -31.66 -32.04 -34.77 313.42 241.56 47.73 0.20
78.00 7075.37
378.90 -36.66 -36.96 -40.06 313.21 240.47 50.45 0.30
87.00 7620.52
351.20 -39.56 -40.25 -55.34 315.24 251.42 49.38 0.30
34.00 8142.88
326.30 -42.66 -43.20 -57.42 317.62 257.23 49.20 0.30
0.00 8642.38
303.90 -46.16 -46.48 -55.26 319.29 252.34 54.43 0.20
0.00 9118.57
283.70 -48.76 -49.03 -58.54 321.82 245.53 59.54 0.10
0.00 9572.98
265.60 -51.06 -51.32 -63.02 324.50 242.11 67.70 0.00
0.00 10003.79
248.70 -52.56 -52.81 -66.51 328.38 242.52 75.76 0.00
0.00 10429.74
233.50 -52.76 -53.02 -66.97 334.04 245.07 82.03 0.10
0.00 10836.78
219.60 -52.46 -52.77 -72.27 340.37 244.61 84.71 0.00
0.00 11232.98
205.60 -52.46 -52.80 -72.72 346.84 242.45 86.11 0.00
0.00 11658.53
191.70 -53.16 -53.49 -73.19 352.72 239.46 86.38 0.00
0.00 12110.02
177.70 -54.26 -9999.00 -9999.00 -9999.00 237.72 85.47 0.00
0.00 12597.13
163.80 -55.36 -9999.00 -9999.00 -9999.00 235.60 82.87 0.00
0.00 13117.69
149.80 -56.56 -9999.00 -9999.00 -9999.00 232.86 82.36 0.00
0.00 13685.70
135.90 -57.56 -9999.00 -9999.00 -9999.00 233.66 80.30 0.10
0.00 14301.66
121.90 -58.46 -9999.00 -9999.00 -9999.00 234.39 67.39 0.00
0.00 14986.31
108.00 -59.36 -9999.00 -9999.00 -9999.00 233.13 51.48 0.00
0.00 15745.55
94.00 -59.96 -9999.00 -9999.00 -9999.00 224.42 40.79 0.00
0.00 16613.16
81.00 -61.56 -9999.00 -9999.00 -9999.00 217.04 38.69 0.00
0.00 17538.53
70.60 -60.16 -9999.00 -9999.00 -9999.00 213.69 42.02 0.00
0.00 18392.45
62.20 -56.56 -9999.00 -9999.00 -9999.00 220.09 30.46 0.00
0.00 19188.88
54.30 -57.36 -9999.00 -9999.00 -9999.00 217.78 19.66 0.00
0.00 20048.45
46.90 -57.06 -9999.00 -9999.00 -9999.00 211.61 11.87 0.00
0.00 20974.50
40.10 -58.66 -9999.00 -9999.00 -9999.00 193.11 14.57 0.00
0.00 21961.62
33.80 -59.56 -9999.00 -9999.00 -9999.00 212.15 8.02 0.00
0.00 23032.45
27.80 -58.06 -9999.00 -9999.00 -9999.00 239.04 6.80 0.00
0.00 24258.55
22.30 -57.96 -9999.00 -9999.00 -9999.00 18.43 1.85 0.00
0.00 25646.82
17.10 -55.66 -9999.00 -9999.00 -9999.00 216.87 1.94 0.00
0.00 27328.17
12.30 -52.06 -9999.00 -9999.00 -9999.00 239.04 5.67 0.00
0.00 29443.07

STID = DVN STNM = 744550 TIME = 221027/0800 
SLAT = 41.61 SLON = -90.57 SELV = 215.0
STIM = 20

SHOW = 10.83 LIFT = 12.42 SWET = 46.25 KINX = -7.06
LCLP = 966.25 PWAT = 10.74 TOTL = 35.41 CAPE = 0.00
LCLT = 274.95 CINS = 0.00 EQLV = -9999.00 LFCT = -9999.00
BRCH = 0.00

PRES TMPC TMWC DWPC THTE DRCT SKNT OMEG
CFRL HGHT
997.90 4.34 3.42 2.25 290.23 69.78 3.92 0.00
0.00 223.97
994.90 5.44 4.03 2.30 291.73 88.78 9.13 0.00
0.00 248.54
989.50 5.84 4.13 2.07 292.48 98.57 14.34 -0.10
0.00 293.08
980.00 5.94 3.63 0.71 292.38 100.30 15.21 0.00
0.00 372.08
966.10 5.44 3.01 -0.14 292.54 94.93 11.31 0.00
0.00 488.96
948.30 5.14 2.50 -1.00 293.33 88.36 6.80 0.00
0.00 640.88
927.00 5.44 1.44 -4.53 293.36 71.08 7.19 0.00
0.00 826.42
903.70 5.54 1.02 -5.94 294.98 57.99 9.17 0.00
0.00 1034.40
878.50 4.44 -0.03 -7.25 295.67 45.00 8.80 0.00
0.00 1265.02
850.30 2.74 -1.88 -10.35 295.24 32.74 6.47 0.00
0.00 1529.68
819.10 1.04 -3.74 -13.82 295.29 343.50 5.48 -0.10
0.00 1830.98
785.00 -0.56 -5.48 -17.29 296.12 313.36 9.62 0.00
0.00 2171.57
748.00 -2.46 -7.58 -22.56 296.86 287.30 12.41 0.00
0.00 2555.70
708.00 -4.96 -9.90 -27.47 297.93 271.33 16.71 -0.10
0.00 2989.35
665.10 -8.06 -11.52 -21.91 301.15 254.26 22.20 0.00
0.00 3477.44
619.10 -11.16 -11.61 -12.56 307.94 272.57 34.62 0.10
0.00 4030.88
570.70 -14.96 -15.36 -16.38 309.14 268.32 33.04 0.10
55.00 4651.42
523.70 -19.66 -20.14 -21.73 309.26 246.49 27.76 0.00
75.00 5295.66
481.50 -23.06 -23.47 -25.09 311.73 240.95 38.00 0.00
100.00 5915.29
443.70 -27.56 -27.90 -29.67 312.37 244.87 41.63 0.10
100.00 6508.73
409.70 -32.26 -32.72 -36.32 312.37 240.52 46.19 0.20
76.00 7076.56
378.90 -35.16 -36.19 -54.72 314.28 248.62 44.23 0.10
33.00 7624.40
351.30 -38.86 -39.61 -55.34 316.15 255.38 46.17 0.10
0.00 8147.19
326.40 -43.06 -43.45 -51.67 317.23 253.32 54.14 0.10
0.00 8646.88
303.90 -46.26 -46.53 -53.17 319.23 249.19 56.31 0.10
0.00 9124.61
283.80 -49.26 -49.51 -58.54 321.07 246.57 62.02 0.10
0.00 9576.09
265.60 -51.66 -51.89 -63.02 323.62 243.43 70.36 0.00
0.00 10008.13
248.80 -53.56 -53.77 -66.51 326.85 243.83 76.18 0.00
0.00 10429.95
233.50 -54.26 -54.47 -66.97 331.77 245.98 80.17 0.10
0.00 10837.26
219.60 -53.86 -54.12 -72.27 338.21 246.71 83.53 0.10
0.00 11230.86
205.60 -53.26 -53.56 -72.72 345.58 243.61 84.79 0.10
0.00 11654.29
191.70 -53.26 -53.59 -73.19 352.56 239.74 86.36 0.10
0.00 12104.85
177.70 -53.96 -9999.00 -9999.00 -9999.00 237.77 84.50 0.10
0.00 12592.19
163.80 -54.76 -9999.00 -9999.00 -9999.00 234.75 81.12 0.00
0.00 13113.82
149.80 -55.96 -9999.00 -9999.00 -9999.00 232.44 80.61 0.10
0.00 13683.40
135.90 -56.96 -9999.00 -9999.00 -9999.00 233.70 78.09 0.00
0.00 14301.07
121.90 -57.86 -9999.00 -9999.00 -9999.00 234.56 65.33 0.00
0.00 14987.63
108.00 -58.96 -9999.00 -9999.00 -9999.00 232.09 48.99 0.00
0.00 15748.64
94.00 -60.16 -9999.00 -9999.00 -9999.00 223.44 40.40 0.00
0.00 16616.66
81.00 -61.76 -9999.00 -9999.00 -9999.00 220.99 43.24 0.00
0.00 17541.15
70.60 -59.86 -9999.00 -9999.00 -9999.00 217.64 40.71 0.00
0.00 18395.28
62.20 -56.66 -9999.00 -9999.00 -9999.00 216.43 30.42 0.00
0.00 19192.08
54.30 -56.96 -9999.00 -9999.00 -9999.00 214.57 17.46 0.00
0.00 20052.24
46.90 -57.26 -9999.00 -9999.00 -9999.00 197.57 12.22 0.00
0.00 20978.72
40.10 -58.76 -9999.00 -9999.00 -9999.00 195.33 12.49 0.00
0.00 21965.16
33.80 -58.56 -9999.00 -9999.00 -9999.00 227.05 7.69 0.00
0.00 23038.24
27.80 -58.36 -9999.00 -9999.00 -9999.00 273.09 7.21 0.00
0.00 24266.34
22.30 -58.86 -9999.00 -9999.00 -9999.00 349.99 3.36 0.00
0.00 25650.74
17.10 -57.36 -9999.00 -9999.00 -9999.00 286.26 4.86 0.00
0.00 27321.98
12.30 -53.56 -9999.00 -9999.00 -9999.00 241.11 6.43 0.00
0.00 29421.46

STID = DVN STNM = 744550 TIME = 221027/0900 
SLAT = 41.61 SLON = -90.57 SELV = 215.0
STIM = 21

SHOW = 10.44 LIFT = 12.15 SWET = 44.53 KINX = 0.02
LCLP = 969.83 PWAT = 11.54 TOTL = 36.32 CAPE = 0.00
LCLT = 275.21 CINS = 0.00 EQLV = -9999.00 LFCT = -9999.00
BRCH = 0.00

PRES TMPC TMWC DWPC THTE DRCT SKNT OMEG
CFRL HGHT
998.20 4.34 3.51 2.47 290.39 81.03 3.73 0.00
0.00 224.79
995.20 5.14 4.01 2.64 291.68 104.62 9.23 -0.10
0.00 249.34
989.80 5.74 4.28 2.53 292.74 112.09 14.47 -0.10
0.00 293.83
980.30 5.74 3.74 1.27 292.59 113.96 15.31 0.00
0.00 372.78
966.40 5.24 2.97 0.03 292.43 108.43 12.28 0.00
0.00 489.55
948.60 5.04 2.42 -1.07 293.14 99.21 7.28 0.10
0.00 641.34
927.30 5.14 1.24 -4.62 292.96 83.83 7.23 0.10
0.00 826.67
904.00 5.34 0.85 -6.13 294.62 70.77 8.84 0.10
0.00 1034.40
878.80 4.44 -0.02 -7.19 295.67 59.26 8.35 0.10
0.00 1264.86
850.50 2.64 -1.88 -10.11 295.22 51.63 5.94 0.00
0.00 1530.34
819.40 0.94 -3.74 -13.52 295.27 5.19 4.29 0.10
0.00 1830.48
785.30 -0.66 -5.46 -16.82 296.13 330.07 7.40 0.10
0.00 2170.82
748.20 -2.46 -7.56 -22.42 296.87 299.74 9.40 0.20
0.00 2555.81
708.20 -4.86 -9.22 -21.90 299.18 270.80 13.99 0.20
0.00 2989.46
665.20 -7.86 -8.78 -10.50 306.16 258.60 24.57 0.20
0.00 3479.15
619.20 -11.06 -11.41 -12.14 308.29 269.66 32.44 0.10
25.00 4033.10
570.70 -15.36 -15.68 -16.51 308.60 265.69 28.44 0.00
100.00 4654.52
523.80 -19.56 -20.00 -21.46 309.46 250.69 28.21 0.10
100.00 5296.96
481.50 -23.86 -24.40 -26.80 310.24 246.44 36.44 0.20
97.00 5917.11
443.70 -27.56 -28.34 -33.16 311.67 242.41 43.61 0.10
68.00 6509.53
409.70 -31.56 -32.62 -43.94 312.47 245.45 44.42 0.20
24.00 7078.10
378.90 -34.66 -35.76 -56.21 314.90 250.83 47.92 0.20
0.00 7627.27
351.30 -39.06 -39.65 -49.46 316.11 253.22 53.17 0.20
0.00 8150.41
326.40 -42.76 -43.12 -50.10 317.72 250.54 54.80 0.20
0.00 8650.21
303.90 -46.16 -46.51 -56.52 319.26 249.62 58.02 0.10
0.00 9128.36
283.80 -49.26 -49.54 -60.30 321.03 248.17 64.24 0.10
0.00 9579.93
265.60 -51.86 -52.06 -60.81 323.37 243.85 71.41 0.00
0.00 10011.78
248.80 -53.96 -54.16 -66.51 326.25 244.31 74.38 0.00
0.00 10433.03
233.50 -54.76 -54.95 -66.97 331.01 245.69 77.37 0.00
0.00 10839.50
219.60 -54.46 -54.70 -72.27 337.28 245.66 78.24 0.00
0.00 11232.11
205.60 -53.56 -53.85 -72.72 345.11 242.02 81.16 0.00
0.00 11654.68
191.70 -53.66 -53.97 -73.19 351.92 239.88 85.57 0.00
0.00 12104.52
177.70 -54.16 -9999.00 -9999.00 -9999.00 238.58 84.23 0.00
0.00 12591.19
163.80 -55.06 -9999.00 -9999.00 -9999.00 235.09 80.77 0.00
0.00 13112.23
149.80 -56.36 -9999.00 -9999.00 -9999.00 232.93 79.60 0.00
0.00 13680.89
135.90 -57.06 -9999.00 -9999.00 -9999.00 233.97 76.61 0.00
0.00 14297.85
121.90 -57.36 -9999.00 -9999.00 -9999.00 235.54 63.85 0.00
0.00 14985.04
107.90 -58.36 -9999.00 -9999.00 -9999.00 230.13 47.57 0.00
0.00 15753.84
94.00 -60.36 -9999.00 -9999.00 -9999.00 224.25 41.76 0.00
0.00 16616.87
81.00 -61.46 -9999.00 -9999.00 -9999.00 222.26 45.92 0.00
0.00 17541.59
70.60 -59.26 -9999.00 -9999.00 -9999.00 222.17 41.67 0.00
0.00 18397.52
62.20 -57.06 -9999.00 -9999.00 -9999.00 213.79 30.38 0.00
0.00 19194.70
54.30 -56.96 -9999.00 -9999.00 -9999.00 217.38 17.60 0.00
0.00 20054.06
46.90 -58.56 -9999.00 -9999.00 -9999.00 196.06 13.34 0.00
0.00 20977.75
40.10 -59.16 -9999.00 -9999.00 -9999.00 196.61 11.56 0.00
0.00 21960.29
33.80 -58.86 -9999.00 -9999.00 -9999.00 220.60 8.95 0.00
0.00 23031.62
27.80 -59.46 -9999.00 -9999.00 -9999.00 293.20 2.95 0.00
0.00 24255.72
22.30 -59.36 -9999.00 -9999.00 -9999.00 37.57 3.19 0.00
0.00 25634.96
17.10 -57.86 -9999.00 -9999.00 -9999.00 308.66 3.73 0.00
0.00 27302.32
12.30 -54.16 -9999.00 -9999.00 -9999.00 255.65 8.62 0.00
0.00 29396.48
STN YYMMDD/HHMM PMSL PRES SKTC STC1 SNFL WTNS
P01M C01M STC2 LCLD MCLD HCLD
SNRA UWND VWND R01M BFGR T2MS
Q2MS WXTS WXTP WXTZ WXTR USTM
VSTM HLCY SLLH WSYM CDBP VSBK
TD2M
744550 221026/1200 1015.30 988.90 2.34 275.50 -9999.00 29.00
-9999.00 -9999.00 276.20 0.00 0.00 0.00
-9999.00 3.20 -1.60 -9999.00 -9999.00 2.74
4.09 0.00 0.00 0.00 0.00 18.10
-14.90 -227.40 -9999.00 999.00 -9999.00 20.00
0.71
744550 221026/1300 1016.90 990.40 2.44 275.60 0.00 29.00
0.00 0.00 276.10 0.00 0.00 0.00
-9999.00 2.60 -1.60 -9999.00 -9999.00 2.54
4.11 0.00 0.00 0.00 0.00 18.80
-14.40 -266.40 0.00 999.00 -9999.00 20.00
0.79
744550 221026/1400 1017.90 991.50 4.84 278.00 0.00 29.00
0.00 0.00 277.90 2.00 0.00 0.00
-9999.00 2.80 -2.80 -9999.00 -9999.00 4.64
4.21 0.00 0.00 0.00 0.00 18.10
-14.50 -249.80 0.01 999.00 -9999.00 20.00
1.14
744550 221026/1500 1019.00 992.70 7.74 280.90 0.00 28.00
0.00 0.00 280.40 4.00 0.00 0.00
-9999.00 2.20 -3.40 -9999.00 -9999.00 6.54
4.42 0.00 0.00 0.00 0.00 17.30
-14.30 -203.60 0.01 999.00 -9999.00 20.00
1.83
744550 221026/1600 1018.90 992.70 9.84 283.00 0.00 27.00
0.00 0.00 282.40 8.00 0.00 0.00
-9999.00 2.80 -3.50 -9999.00 -9999.00 7.74
4.58 0.00 0.00 0.00 0.00 17.10
-13.80 -139.50 0.01 999.00 -9999.00 20.00
2.33
744550 221026/1700 1018.50 992.40 11.44 284.60 0.00 25.00
0.00 0.00 284.00 11.00 0.00 0.00
-9999.00 3.40 -3.10 -9999.00 -9999.00 8.74
4.67 0.00 0.00 0.00 0.00 16.70
-12.90 -100.50 0.01 999.00 -9999.00 20.00
2.59
744550 221026/1800 1019.00 993.10 12.34 285.50 0.00 22.00
0.00 0.00 285.00 13.00 0.00 0.00
-9999.00 3.80 -2.90 -9999.00 -9999.00 9.64
4.67 0.00 0.00 0.00 0.00 16.60
-12.40 -90.90 0.00 999.00 -9999.00 20.00
2.60
744550 221026/1900 1019.80 993.90 12.94 286.10 0.00 20.00
0.00 0.00 285.70 5.00 0.00 0.00
-9999.00 3.90 -2.60 -9999.00 -9999.00 10.34
4.70 0.00 0.00 0.00 0.00 16.20
-11.90 -74.90 0.00 999.00 -9999.00 20.00
2.71
744550 221026/2000 1018.20 992.40 13.04 286.20 0.00 17.00
0.00 0.00 285.90 4.00 1.00 0.00
-9999.00 3.50 -2.30 -9999.00 -9999.00 10.74
4.62 0.00 0.00 0.00 0.00 15.00
-11.90 -73.80 -0.01 999.00 -9999.00 20.00
2.44
744550 221026/2100 1019.20 993.30 12.24 285.40 0.00 15.00
0.00 0.00 285.40 2.00 44.00 0.00
-9999.00 3.40 -2.10 -9999.00 -9999.00 10.94
4.52 0.00 0.00 0.00 0.00 13.80
-12.10 -68.80 -0.01 999.00 -9999.00 20.00
2.15
744550 221026/2200 1020.30 994.40 10.54 283.70 0.00 14.00
0.00 0.00 284.10 2.00 11.00 0.00
-9999.00 3.00 -2.10 -9999.00 -9999.00 10.44
4.52 0.00 0.00 0.00 0.00 13.00
-12.00 -68.70 -0.01 999.00 -9999.00 20.00
2.17
744550 221026/2300 1021.30 995.30 7.74 280.90 0.00 14.00
0.00 0.00 281.70 0.00 4.00 0.00
-9999.00 2.10 -1.20 -9999.00 -9999.00 8.24
4.62 0.00 0.00 0.00 0.00 12.40
-11.70 -63.20 -0.01 999.00 -9999.00 20.00
2.49
744550 221027/0000 1021.60 995.40 5.84 279.00 0.00 14.00
0.00 0.00 279.80 0.00 36.00 0.00
-9999.00 1.70 -1.60 -9999.00 -9999.00 6.54
4.56 0.00 0.00 0.00 0.00 11.60
-10.90 -71.60 0.00 999.00 -9999.00 20.00
2.30
744550 221027/0100 1022.30 996.00 4.74 277.90 0.00 15.00
0.00 0.00 278.70 0.00 92.00 0.00
-9999.00 1.20 -2.00 -9999.00 -9999.00 5.44
4.52 0.00 0.00 0.00 0.00 10.80
-9.90 -84.40 0.00 999.00 -9999.00 20.00
2.19
744550 221027/0200 1022.60 996.30 3.94 277.10 0.00 15.00
0.00 0.00 277.90 0.00 100.00 0.00
-9999.00 1.20 -1.50 -9999.00 -9999.00 4.64
4.55 0.00 0.00 0.00 0.00 10.30
-9.20 -83.60 0.00 999.00 -9999.00 20.00
2.29
744550 221027/0300 1023.20 996.70 3.44 276.60 0.00 16.00
0.00 0.00 277.30 0.00 100.00 0.00
-9999.00 0.70 -1.60 -9999.00 -9999.00 4.14
4.58 0.00 0.00 0.00 0.00 11.10
-7.90 -97.80 0.00 999.00 -9999.00 20.00
2.38
744550 221027/0400 1024.10 997.70 3.14 276.30 0.00 16.00
0.00 0.00 276.90 0.00 100.00 0.00
-9999.00 0.00 -0.90 -9999.00 -9999.00 3.94
4.59 0.00 0.00 0.00 0.00 10.40
-7.30 -96.40 0.00 999.00 -9999.00 20.00
2.43
744550 221027/0500 1023.50 997.10 2.74 275.90 0.00 17.00
0.00 0.00 276.50 0.00 100.00 0.00
-9999.00 0.40 0.00 -9999.00 -9999.00 3.54
4.59 0.00 0.00 0.00 0.00 10.50
-6.30 -78.40 0.00 999.00 -9999.00 20.00
2.42
744550 221027/0600 1023.90 997.40 2.24 275.40 0.00 18.00
0.00 0.00 276.10 2.00 93.00 0.00
-9999.00 -0.70 -1.00 -9999.00 -9999.00 3.14
4.53 0.00 0.00 0.00 0.00 10.10
-5.80 -89.10 0.00 999.00 -9999.00 20.00
2.24
744550 221027/0700 1024.90 998.30 2.14 275.30 0.00 19.00
0.00 0.00 275.90 1.00 100.00 0.00
-9999.00 -1.10 -0.10 -9999.00 -9999.00 2.94
4.48 0.00 0.00 0.00 0.00 9.40
-6.00 -78.50 0.00 999.00 -9999.00 20.00
2.10
744550 221027/0800 1025.60 999.00 2.24 275.40 0.00 20.00
0.00 0.00 275.80 0.00 100.00 0.00
-9999.00 -1.60 -0.60 -9999.00 -9999.00 2.94
4.49 0.00 0.00 0.00 0.00 9.40
-6.50 -67.60 0.00 999.00 -9999.00 20.00
2.14
744550 221027/0900 1026.00 999.40 2.84 276.00 0.00 21.00
0.00 0.00 276.30 0.00 100.00 0.00
-9999.00 -1.50 0.00 -9999.00 -9999.00 3.34
4.61 0.00 0.00 0.00 0.00 7.80
-6.60 -55.80 0.00 999.00 -9999.00 20.00
2.51


