
SNPARM = PRES;TMPC;TMWC;DWPC;THTE;DRCT;SKNT;OMEG;CFRL;HGHT 
STNPRM = SHOW;LIFT;SWET;KINX;LCLP;PWAT;TOTL;CAPE;LCLT;CINS;EQLV;LFCT;BRCH 

STID = KMKX STNM = 198 TIME = 221026/1200 
SLAT = 42.97 SLON = -88.55 SELV = 260.0
STIM = 0

SHOW = 17.69 LIFT = 19.73 SWET = 107.97 KINX = -9999.00
LCLP = 938.07 PWAT = 7.47 TOTL = 22.12 CAPE = 0.00
LCLT = 273.55 CINS = 0.00 EQLV = -9999.00 LFCT = -9999.00
BRCH = 0.00

PRES TMPC TMWC DWPC THTE DRCT SKNT OMEG
CFRL HGHT
978.80 3.74 2.55 0.99 290.39 295.87 7.13 -0.10
0.00 268.30
975.80 3.84 2.45 0.61 290.48 302.35 13.79 -0.10
0.00 293.24
970.50 3.64 2.24 0.37 290.60 304.08 15.95 -0.20
0.00 337.49
961.30 3.44 1.92 -0.14 290.89 311.33 21.46 -0.20
0.00 414.83
947.70 2.84 1.29 -0.87 291.04 318.18 24.77 -0.20
0.00 530.33
930.20 2.14 0.44 -2.01 291.21 332.89 27.27 -0.20
0.00 681.05
909.40 1.84 0.05 -2.54 292.63 340.53 23.89 -0.10
0.00 863.57
886.80 2.24 -0.48 -4.64 293.99 336.27 24.61 0.00
0.00 1066.68
862.20 2.04 -1.80 -8.55 294.11 330.68 32.54 0.00
0.00 1293.75
834.80 2.04 -2.77 -12.28 295.29 330.98 34.44 0.10
0.00 1554.22
804.60 1.34 -4.06 -16.26 296.33 325.49 33.94 -0.10
0.00 1850.93
771.50 0.44 -5.73 -23.49 297.13 314.29 33.37 -0.30
0.00 2188.12
735.70 -0.86 -7.79 -43.59 297.66 304.40 30.59 -0.50
0.00 2567.82
697.00 -2.46 -9999.00 -9999.00 -9999.00 292.79 25.08 -0.50
0.00 2997.27
655.40 -4.76 -10.78 -41.15 303.42 273.54 21.99 -0.40
0.00 3482.83
611.00 -7.86 -12.48 -29.24 307.36 259.57 24.69 -0.20
0.00 4030.86
564.10 -9.96 -13.54 -24.22 313.30 246.90 28.73 -0.20
0.00 4648.88
518.50 -13.46 -17.06 -31.95 315.15 254.38 37.51 -0.30
0.00 5294.23
477.50 -17.26 -20.20 -34.08 317.73 257.55 45.96 -0.40
0.00 5916.01
440.60 -22.06 -23.60 -30.48 319.85 252.92 41.67 -0.30
43.00 6512.98
407.40 -26.16 -27.33 -33.84 321.23 240.26 32.89 -0.10
30.00 7084.29
377.30 -30.66 -31.74 -40.74 321.48 232.00 23.66 0.20
1.00 7634.29
350.10 -35.36 -36.15 -45.38 321.69 238.36 22.59 0.20
0.00 8160.30
325.50 -39.66 -40.21 -48.77 322.33 242.47 20.59 0.10
0.00 8662.88
303.40 -43.76 -44.13 -51.48 322.98 257.47 23.29 -0.20
0.00 9139.24
283.40 -46.86 -47.18 -55.84 324.73 264.90 30.61 -0.30
0.00 9594.06
265.40 -48.86 -49.18 -60.82 327.82 265.35 31.18 -0.30
0.00 10026.81
248.70 -48.36 -48.81 -71.42 334.58 254.89 32.79 0.00
0.00 10453.98
233.50 -48.46 -48.91 -66.97 340.56 239.83 35.96 0.20
0.00 10868.86
219.60 -49.26 -49.69 -67.41 345.35 236.15 39.06 0.40
0.00 11271.80
205.60 -48.66 -49.18 -72.72 352.81 235.86 41.53 0.40
0.00 11704.10
191.70 -49.36 -9999.00 -9999.00 -9999.00 234.43 39.41 0.30
0.00 12163.37
177.70 -51.06 -9999.00 -9999.00 -9999.00 231.43 38.01 0.20
0.00 12658.25
163.80 -53.66 -9999.00 -9999.00 -9999.00 224.79 38.33 0.00
0.00 13184.65
149.80 -56.16 -9999.00 -9999.00 -9999.00 216.27 40.71 -0.10
0.00 13755.41
135.90 -57.06 -9999.00 -9999.00 -9999.00 209.54 40.19 -0.10
0.00 14372.65
121.90 -59.06 -9999.00 -9999.00 -9999.00 203.30 41.24 0.00
0.00 15057.14
108.00 -60.66 -9999.00 -9999.00 -9999.00 207.02 44.04 0.10
0.00 15813.02
94.00 -61.26 -9999.00 -9999.00 -9999.00 206.81 40.48 0.10
0.00 16675.34
81.00 -61.46 -9999.00 -9999.00 -9999.00 204.39 36.69 0.10
0.00 17598.10
70.60 -60.56 -9999.00 -9999.00 -9999.00 203.65 32.44 0.10
0.00 18451.42
62.20 -59.96 -9999.00 -9999.00 -9999.00 203.25 30.01 0.10
0.00 19240.81
54.30 -59.16 -9999.00 -9999.00 -9999.00 209.15 23.14 0.00
0.00 20090.03
46.90 -59.66 -9999.00 -9999.00 -9999.00 205.07 13.29 0.00
0.00 21006.64
40.10 -60.56 -9999.00 -9999.00 -9999.00 177.34 8.35 0.00
0.00 21983.46
33.80 -61.66 -9999.00 -9999.00 -9999.00 208.61 4.88 0.00
0.00 23044.28
27.80 -61.16 -9999.00 -9999.00 -9999.00 270.00 4.08 0.00
0.00 24255.51
22.30 -59.76 -9999.00 -9999.00 -9999.00 302.74 3.22 0.00
0.00 25627.97
17.10 -55.36 -9999.00 -9999.00 -9999.00 303.69 6.29 0.00
0.00 27303.49
12.30 -53.36 -9999.00 -9999.00 -9999.00 275.91 11.32 0.00
0.00 29413.57

STID = KMKX STNM = 198 TIME = 221026/1300 
SLAT = 42.97 SLON = -88.55 SELV = 260.0
STIM = 1

SHOW = 19.17 LIFT = 21.36 SWET = 101.10 KINX = -44.69
LCLP = 946.33 PWAT = 6.74 TOTL = 19.99 CAPE = 0.00
LCLT = 273.67 CINS = 0.00 EQLV = -9999.00 LFCT = -9999.00
BRCH = 0.00

PRES TMPC TMWC DWPC THTE DRCT SKNT OMEG
CFRL HGHT
980.90 3.34 2.35 1.02 289.79 299.05 8.00 -0.10
0.00 269.09
977.90 3.44 2.24 0.64 289.88 301.36 14.55 -0.10
0.00 293.95
972.60 3.24 2.03 0.40 289.99 302.42 17.04 -0.10
0.00 338.04
963.30 2.94 1.61 -0.22 290.10 308.51 23.08 -0.20
0.00 415.92
949.70 2.44 1.03 -0.95 290.35 314.10 26.24 -0.20
0.00 530.99
932.20 1.64 0.24 -1.79 290.63 326.31 28.01 -0.10
0.00 681.15
911.40 0.84 -0.58 -2.71 291.23 332.85 25.54 -0.10
0.00 862.78
888.60 0.64 -1.20 -4.06 292.46 332.99 22.24 -0.10
0.00 1066.30
863.90 0.84 -2.27 -7.67 293.10 327.41 28.13 -0.10
0.00 1292.69
836.50 1.14 -3.06 -11.19 294.61 327.81 32.83 -0.10
0.00 1551.67
806.10 0.64 -4.18 -14.56 296.01 322.55 34.50 -0.20
0.00 1848.93
772.90 -0.16 -5.71 -20.18 297.09 311.37 34.67 -0.40
0.00 2185.77
737.00 -1.66 -7.88 -31.64 297.51 305.66 32.98 -0.60
0.00 2564.94
698.10 -3.86 -10.12 -55.40 298.53 300.28 28.13 -0.50
0.00 2994.17
656.40 -6.66 -12.21 -48.71 300.82 284.35 25.87 -0.50
0.00 3477.16
611.80 -9.46 -13.76 -31.53 305.02 265.69 28.44 -0.40
0.00 4023.24
564.80 -10.46 -15.30 -43.80 309.81 259.57 32.19 -0.30
0.00 4639.16
519.10 -12.36 -17.08 -52.08 314.77 261.75 39.26 -0.10
0.00 5285.64
477.90 -16.46 -20.24 -47.51 317.42 258.85 41.18 0.20
0.00 5911.98
441.00 -21.56 -24.36 -48.22 318.34 259.02 39.76 0.40
0.00 6509.79
407.70 -26.56 -28.49 -46.77 319.20 258.57 36.27 0.60
0.00 7082.29
377.50 -31.26 -32.50 -45.19 320.23 253.86 30.73 0.50
0.00 7632.56
350.20 -35.86 -36.62 -45.87 320.95 247.80 26.22 0.30
0.00 8159.06
325.70 -40.56 -41.06 -49.42 320.99 246.21 26.96 0.10
0.00 8657.89
303.50 -44.76 -45.14 -54.17 321.42 249.36 31.97 0.00
0.00 9134.21
283.50 -47.66 -47.96 -57.09 323.51 249.01 35.78 -0.10
0.00 9587.06
265.50 -47.06 -47.42 -57.61 330.50 235.46 36.32 -0.10
0.00 10020.63
248.70 -46.46 -46.94 -61.32 337.54 230.74 31.60 -0.10
0.00 10453.81
233.50 -47.56 -48.06 -66.97 341.92 233.06 31.35 0.00
0.00 10871.28
219.60 -48.26 -48.77 -72.27 346.85 235.15 37.39 0.10
0.00 11275.93
205.60 -49.56 -50.03 -72.72 351.39 236.87 38.73 0.20
0.00 11708.32
191.70 -50.76 -51.20 -73.19 356.57 237.69 38.15 0.30
0.00 12165.24
177.70 -52.16 -9999.00 -9999.00 -9999.00 235.75 38.31 0.30
0.00 12657.34
163.80 -53.96 -9999.00 -9999.00 -9999.00 229.31 40.23 0.20
0.00 13182.08
149.80 -56.26 -9999.00 -9999.00 -9999.00 217.22 44.64 0.10
0.00 13752.31
135.90 -56.66 -9999.00 -9999.00 -9999.00 212.45 47.42 0.00
0.00 14369.98
121.90 -57.66 -9999.00 -9999.00 -9999.00 205.82 40.13 -0.10
0.00 15057.33
108.00 -60.86 -9999.00 -9999.00 -9999.00 197.91 40.42 -0.10
0.00 15815.33
94.00 -61.96 -9999.00 -9999.00 -9999.00 206.21 41.78 0.00
0.00 16675.83
81.00 -60.96 -9999.00 -9999.00 -9999.00 206.02 36.31 0.10
0.00 17598.15
70.60 -59.56 -9999.00 -9999.00 -9999.00 203.96 34.44 0.10
0.00 18454.49
62.20 -58.56 -9999.00 -9999.00 -9999.00 204.13 26.61 0.00
0.00 19248.33
54.30 -59.06 -9999.00 -9999.00 -9999.00 201.80 19.87 0.00
0.00 20100.53
46.90 -60.26 -9999.00 -9999.00 -9999.00 202.22 14.90 0.00
0.00 21016.07
40.10 -61.66 -9999.00 -9999.00 -9999.00 205.46 13.56 0.00
0.00 21988.99
33.80 -61.16 -9999.00 -9999.00 -9999.00 241.46 12.61 0.00
0.00 23048.31
27.80 -59.86 -9999.00 -9999.00 -9999.00 280.30 8.68 0.00
0.00 24264.69
22.30 -57.56 -9999.00 -9999.00 -9999.00 347.47 5.38 0.00
0.00 25648.44
17.10 -53.86 -9999.00 -9999.00 -9999.00 358.15 6.02 0.00
0.00 27338.34
12.30 -53.26 -9999.00 -9999.00 -9999.00 260.84 6.10 0.00
0.00 29456.13

STID = KMKX STNM = 198 TIME = 221026/1400 
SLAT = 42.97 SLON = -88.55 SELV = 260.0
STIM = 2

SHOW = 18.84 LIFT = 21.19 SWET = 99.57 KINX = -27.92
LCLP = 935.72 PWAT = 6.73 TOTL = 20.77 CAPE = 0.00
LCLT = 273.57 CINS = 0.00 EQLV = -9999.00 LFCT = -9999.00
BRCH = 0.00

PRES TMPC TMWC DWPC THTE DRCT SKNT OMEG
CFRL HGHT
982.20 4.24 2.87 1.10 290.68 312.77 10.59 0.00
0.00 269.11
979.20 3.94 2.55 0.73 290.35 313.42 14.98 -0.10
0.00 294.00
973.90 3.44 2.16 0.45 290.12 314.08 17.04 -0.10
0.00 338.09
964.60 2.84 1.66 0.04 290.07 316.55 20.34 0.00
0.00 415.88
951.00 2.04 0.93 -0.64 290.03 320.31 23.72 0.00
0.00 530.69
933.40 1.14 0.23 -1.08 290.50 329.18 26.92 0.10
0.00 681.27
912.50 -0.16 -0.85 -1.89 290.63 333.06 26.59 0.20
7.00 863.07
889.70 -0.56 -1.96 -4.21 290.95 332.99 22.24 0.30
4.00 1065.54
865.10 0.44 -2.35 -7.14 292.84 326.56 24.67 0.30
0.00 1290.06
837.50 1.04 -3.16 -11.37 294.31 327.44 29.95 0.30
0.00 1550.37
807.10 0.74 -4.62 -17.54 295.00 320.48 34.50 0.30
0.00 1847.23
773.90 0.04 -6.01 -23.91 296.33 310.14 34.05 0.20
0.00 2183.76
737.80 -1.86 -7.96 -30.81 297.30 305.70 32.28 0.20
0.00 2564.56
698.90 -4.76 -10.46 -38.88 298.01 303.48 29.58 0.20
0.00 2992.46
657.10 -8.36 -13.07 -36.79 299.44 289.76 29.31 0.20
0.00 3473.78
612.40 -10.36 -14.72 -37.10 303.26 268.00 33.43 0.10
0.00 4017.85
565.20 -11.06 -15.72 -43.79 309.03 260.72 30.11 0.10
0.00 4634.06
519.50 -13.06 -17.49 -46.76 314.04 266.75 44.56 0.00
0.00 5278.47
478.20 -16.66 -20.20 -41.56 317.49 257.96 44.70 -0.10
0.00 5904.83
441.20 -21.76 -24.33 -42.77 318.38 252.65 42.33 -0.10
0.00 6503.50
407.80 -26.86 -28.72 -46.15 318.83 250.58 39.14 -0.10
0.00 7076.96
377.60 -31.66 -33.00 -49.59 319.41 249.24 37.80 -0.10
0.00 7626.29
350.30 -36.06 -37.05 -54.09 320.23 246.95 38.21 -0.10
0.00 8151.96
325.70 -40.46 -41.18 -59.22 320.78 246.91 38.64 -0.10
0.00 8652.61
303.50 -44.46 -44.95 -59.77 321.69 249.25 39.47 -0.10
0.00 9129.32
283.50 -47.26 -47.61 -58.55 324.04 242.89 36.65 0.00
0.00 9582.88
265.50 -47.56 -47.94 -60.81 329.69 235.80 36.64 0.10
0.00 10016.34
248.70 -46.56 -47.08 -66.51 337.31 237.71 41.82 0.20
0.00 10448.94
233.50 -46.66 -47.24 -71.85 343.24 236.71 46.72 0.10
0.00 10867.14
219.60 -47.76 -48.30 -72.27 347.62 236.76 47.84 0.10
0.00 11273.05
205.60 -48.66 -49.18 -72.72 352.81 239.50 45.53 0.00
0.00 11706.80
191.70 -49.76 -9999.00 -9999.00 -9999.00 241.00 42.87 -0.10
0.00 12165.66
177.70 -51.56 -9999.00 -9999.00 -9999.00 240.55 41.49 -0.10
0.00 12659.54
163.80 -53.76 -9999.00 -9999.00 -9999.00 233.81 39.47 0.00
0.00 13185.22
149.80 -57.16 -9999.00 -9999.00 -9999.00 213.48 44.72 0.10
0.00 13754.54
135.90 -58.36 -9999.00 -9999.00 -9999.00 212.96 54.64 0.10
0.00 14368.51
121.90 -57.16 -9999.00 -9999.00 -9999.00 217.69 46.39 0.10
0.00 15053.95
108.00 -58.86 -9999.00 -9999.00 -9999.00 202.54 33.45 0.00
0.00 15816.38
94.00 -61.36 -9999.00 -9999.00 -9999.00 203.04 36.73 0.00
0.00 16682.16
81.00 -59.86 -9999.00 -9999.00 -9999.00 209.66 32.19 0.00
0.00 17608.18
70.60 -59.26 -9999.00 -9999.00 -9999.00 199.68 34.03 0.00
0.00 18467.34
62.20 -58.06 -9999.00 -9999.00 -9999.00 202.65 26.73 0.00
0.00 19262.66
54.30 -59.46 -9999.00 -9999.00 -9999.00 188.13 19.23 0.00
0.00 20115.06
46.90 -60.76 -9999.00 -9999.00 -9999.00 195.78 18.57 0.00
0.00 21028.68
40.10 -61.06 -9999.00 -9999.00 -9999.00 204.68 15.81 0.00
0.00 22001.82
33.80 -60.16 -9999.00 -9999.00 -9999.00 235.12 7.81 0.00
0.00 23065.14
27.80 -60.26 -9999.00 -9999.00 -9999.00 41.99 2.62 0.00
0.00 24283.24
22.30 -58.36 -9999.00 -9999.00 -9999.00 47.73 2.89 0.00
0.00 25663.12
17.10 -53.56 -9999.00 -9999.00 -9999.00 21.25 3.75 0.00
0.00 27351.07
12.30 -52.86 -9999.00 -9999.00 -9999.00 244.36 5.38 0.00
0.00 29472.24

STID = KMKX STNM = 198 TIME = 221026/1500 
SLAT = 42.97 SLON = -88.55 SELV = 260.0
STIM = 3

SHOW = 17.95 LIFT = 20.94 SWET = 102.51 KINX = -24.31
LCLP = 932.66 PWAT = 6.89 TOTL = 22.08 CAPE = 0.17
LCLT = 273.92 CINS = -0.02 EQLV = 910.78 LFCT = 921.96
BRCH = 0.00

PRES TMPC TMWC DWPC THTE DRCT SKNT OMEG
CFRL HGHT
983.30 4.94 3.42 1.51 291.65 319.18 11.29 0.00
0.00 269.12
980.30 4.54 3.04 1.11 291.19 319.81 14.74 0.00
0.00 294.05
974.90 4.04 2.65 0.83 290.96 321.13 16.72 0.00
0.00 339.02
965.70 3.14 2.03 0.54 290.67 321.91 18.26 0.00
0.00 416.02
952.00 2.04 1.27 0.20 290.58 323.47 19.58 0.10
0.00 531.63
934.50 0.54 0.21 -0.29 290.35 326.74 21.60 0.20
32.00 681.04
913.50 -0.96 -0.99 -1.08 290.27 328.26 22.16 0.20
100.00 863.06
890.70 -1.06 -1.34 -1.78 292.01 331.35 21.46 0.20
52.00 1064.87
865.90 1.54 -0.79 -4.28 295.70 331.10 21.31 0.20
8.00 1291.33
838.30 1.94 -2.89 -12.58 294.68 327.88 29.58 0.30
0.00 1552.37
807.90 2.04 -4.49 -22.82 294.98 319.03 33.18 0.30
0.00 1850.08
774.60 0.54 -5.97 -27.08 296.23 311.75 31.51 0.30
0.00 2188.35
738.50 -1.86 -8.02 -31.90 297.09 310.13 30.75 0.40
0.00 2569.12
699.50 -5.26 -10.72 -37.00 297.51 306.23 31.55 0.30
0.00 2997.34
657.60 -8.76 -13.56 -43.08 298.51 290.67 33.00 0.10
0.00 3478.59
612.80 -10.66 -15.20 -45.27 302.33 271.70 32.65 0.00
0.00 4022.72
565.60 -12.86 -17.06 -46.00 306.74 275.09 37.26 -0.10
0.00 4636.02
519.80 -12.66 -17.16 -45.25 314.55 263.47 51.22 -0.20
0.00 5279.69
478.40 -16.96 -20.36 -40.28 317.19 253.96 49.92 -0.10
0.00 5907.39
441.40 -21.86 -24.37 -41.87 318.29 247.28 49.28 0.00
0.00 6505.34
408.00 -26.76 -28.55 -43.98 319.06 242.89 45.61 0.10
0.00 7078.54
377.70 -31.26 -32.63 -48.82 319.96 240.45 41.76 0.20
0.00 7630.05
350.40 -36.16 -37.05 -50.24 320.23 243.90 43.26 0.40
0.00 8155.91
325.80 -40.86 -41.46 -53.58 320.36 247.04 48.31 0.50
0.00 8655.89
303.50 -44.76 -45.18 -56.53 321.35 249.86 53.59 0.60
0.00 9133.96
283.50 -46.76 -47.16 -60.30 324.72 250.36 52.60 0.40
0.00 9587.71
265.50 -47.56 -47.97 -63.02 329.65 249.44 48.14 0.20
0.00 10021.65
248.70 -48.06 -48.50 -66.51 335.07 245.09 45.18 0.10
0.00 10452.82
233.50 -48.66 -49.12 -71.85 340.21 236.83 47.57 0.20
0.00 10867.79
219.60 -49.86 -50.29 -72.27 344.38 232.29 53.03 0.30
0.00 11270.02
205.60 -49.76 -50.22 -72.72 351.08 234.13 58.00 0.30
0.00 11700.68
191.70 -48.96 -9999.00 -9999.00 -9999.00 237.32 57.93 0.20
0.00 12159.23
177.70 -48.86 -9999.00 -9999.00 -9999.00 237.95 49.05 0.10
0.00 12656.99
163.80 -51.16 -9999.00 -9999.00 -9999.00 221.79 34.40 -0.10
0.00 13189.00
149.80 -56.56 -9999.00 -9999.00 -9999.00 195.95 43.84 -0.10
0.00 13762.50
135.90 -59.66 -9999.00 -9999.00 -9999.00 204.60 53.21 0.00
0.00 14375.47
121.90 -59.06 -9999.00 -9999.00 -9999.00 217.38 52.80 0.10
0.00 15055.82
108.00 -58.16 -9999.00 -9999.00 -9999.00 217.42 36.44 0.00
0.00 15816.13
94.00 -60.86 -9999.00 -9999.00 -9999.00 195.17 33.41 -0.10
0.00 16684.34
81.00 -60.46 -9999.00 -9999.00 -9999.00 208.19 33.72 0.00
0.00 17610.15
70.60 -59.56 -9999.00 -9999.00 -9999.00 196.13 33.57 0.00
0.00 18467.49
62.20 -58.56 -9999.00 -9999.00 -9999.00 205.04 32.60 0.00
0.00 19261.33
54.30 -58.66 -9999.00 -9999.00 -9999.00 193.92 22.61 0.00
0.00 20114.33
46.90 -60.26 -9999.00 -9999.00 -9999.00 198.43 21.50 0.00
0.00 21030.73
40.10 -59.06 -9999.00 -9999.00 -9999.00 213.31 16.28 0.00
0.00 22009.61
33.80 -59.16 -9999.00 -9999.00 -9999.00 239.04 2.27 0.00
0.00 23080.44
27.80 -59.96 -9999.00 -9999.00 -9999.00 40.24 3.30 0.00
0.00 24302.25
22.30 -57.36 -9999.00 -9999.00 -9999.00 28.07 3.30 0.00
0.00 25686.32
17.10 -55.46 -9999.00 -9999.00 -9999.00 79.82 7.69 0.00
0.00 27370.78
12.30 -54.16 -9999.00 -9999.00 -9999.00 243.92 10.16 0.00
0.00 29476.52

STID = KMKX STNM = 198 TIME = 221026/1600 
SLAT = 42.97 SLON = -88.55 SELV = 260.0
STIM = 4

SHOW = 16.41 LIFT = 20.45 SWET = 102.04 KINX = -20.84
LCLP = 930.60 PWAT = 7.03 TOTL = 25.75 CAPE = 0.81
LCLT = 273.79 CINS = -0.12 EQLV = 890.35 LFCT = 918.46
BRCH = 0.03

PRES TMPC TMWC DWPC THTE DRCT SKNT OMEG
CFRL HGHT
984.00 5.04 3.44 1.42 291.62 313.70 12.08 0.00
0.00 269.12
981.00 4.54 3.00 1.02 291.05 314.51 16.06 -0.10
0.00 294.03
975.70 4.04 2.61 0.74 290.81 315.00 18.12 0.00
0.00 338.13
966.40 3.24 2.06 0.48 290.66 315.81 19.50 0.00
0.00 415.92
952.70 2.04 1.26 0.18 290.50 316.15 20.47 0.10
0.00 531.47
935.10 0.64 0.31 -0.18 290.48 316.85 21.31 0.10
36.00 681.66
914.20 -0.86 -0.90 -1.00 290.36 318.24 21.87 0.20
100.00 862.75
891.30 -2.26 -2.28 -2.36 290.22 319.62 22.18 0.10
100.00 1064.89
866.50 0.84 -1.06 -3.90 295.14 325.05 22.05 0.10
11.00 1290.40
838.90 2.14 -1.80 -8.52 296.74 324.42 29.37 0.10
2.00 1551.08
808.40 2.14 -4.70 -25.83 294.47 317.58 30.52 0.20
0.00 1849.78
775.10 0.14 -6.13 -25.92 295.93 312.58 29.27 0.20
0.00 2187.63
738.90 -2.36 -8.26 -30.53 296.65 307.81 30.73 0.20
0.00 2568.61
699.90 -5.36 -10.77 -36.57 297.39 298.30 34.42 0.10
0.00 2996.13
657.90 -9.06 -13.81 -44.62 298.06 289.26 34.15 0.00
0.00 3477.92
613.10 -12.26 -16.40 -47.08 300.37 281.92 31.97 0.00
0.00 4019.82
565.80 -13.06 -17.24 -47.80 306.40 273.18 38.52 0.20
0.00 4632.04
519.90 -13.46 -17.76 -45.97 313.53 263.71 46.11 0.40
0.00 5275.69
478.60 -17.56 -20.94 -43.53 316.15 261.96 52.78 0.30
0.00 5899.97
441.50 -22.16 -24.75 -45.43 317.63 255.81 53.90 0.20
0.00 6498.25
408.10 -27.46 -29.15 -44.48 318.10 246.54 51.24 0.10
0.00 7070.15
377.70 -32.26 -33.29 -43.77 318.97 242.87 53.26 0.20
0.00 7621.50
350.40 -36.76 -37.40 -45.38 319.72 242.38 56.57 0.20
0.00 8145.64
325.80 -40.76 -41.34 -52.58 320.53 235.44 53.07 0.20
0.00 8645.10
303.50 -44.86 -45.30 -58.00 321.16 233.82 54.62 0.20
0.00 9123.17
283.50 -48.66 -48.94 -58.55 322.03 236.73 58.78 0.20
0.00 9574.93
265.50 -48.56 -48.90 -60.81 328.23 240.23 60.64 0.20
0.00 10006.08
248.70 -46.76 -47.30 -71.42 336.96 237.43 58.08 0.10
0.00 10437.54
233.50 -46.96 -47.52 -71.85 342.79 232.91 59.91 0.10
0.00 10855.28
219.60 -47.66 -48.21 -72.27 347.77 230.29 59.60 0.00
0.00 11261.00
205.60 -48.26 -48.81 -72.72 353.44 229.40 59.09 0.00
0.00 11695.23
191.70 -49.06 -9999.00 -9999.00 -9999.00 230.19 57.65 -0.10
0.00 12155.22
177.70 -50.16 -9999.00 -9999.00 -9999.00 232.32 54.97 -0.10
0.00 12651.43
163.80 -51.76 -9999.00 -9999.00 -9999.00 232.63 48.64 -0.20
0.00 13181.17
149.80 -54.66 -9999.00 -9999.00 -9999.00 219.21 40.87 -0.20
0.00 13756.37
135.90 -59.56 -9999.00 -9999.00 -9999.00 208.23 44.76 -0.10
0.00 14372.19
121.90 -61.56 -9999.00 -9999.00 -9999.00 213.29 53.44 0.00
0.00 15048.72
108.00 -59.66 -9999.00 -9999.00 -9999.00 221.50 47.20 0.10
0.00 15801.94
94.00 -59.46 -9999.00 -9999.00 -9999.00 202.28 30.23 0.10
0.00 16669.96
81.00 -60.76 -9999.00 -9999.00 -9999.00 203.44 36.64 0.10
0.00 17598.15
70.60 -58.36 -9999.00 -9999.00 -9999.00 199.72 32.81 0.10
0.00 18457.31
62.20 -58.86 -9999.00 -9999.00 -9999.00 197.47 32.98 0.00
0.00 19252.81
54.30 -57.56 -9999.00 -9999.00 -9999.00 199.03 23.83 0.00
0.00 20107.41
46.90 -59.96 -9999.00 -9999.00 -9999.00 193.63 19.79 0.00
0.00 21026.81
40.10 -59.16 -9999.00 -9999.00 -9999.00 210.43 14.20 0.00
0.00 22006.14
33.80 -60.46 -9999.00 -9999.00 -9999.00 135.00 4.39 0.00
0.00 23073.47
27.80 -60.86 -9999.00 -9999.00 -9999.00 175.91 2.72 0.00
0.00 24288.99
22.30 -57.86 -9999.00 -9999.00 -9999.00 90.00 2.91 0.00
0.00 25668.54
17.10 -55.96 -9999.00 -9999.00 -9999.00 114.23 4.25 0.00
0.00 27349.12
12.30 -53.86 -9999.00 -9999.00 -9999.00 271.10 10.10 0.00
0.00 29453.89

STID = KMKX STNM = 198 TIME = 221026/1700 
SLAT = 42.97 SLON = -88.55 SELV = 260.0
STIM = 5

SHOW = 16.81 LIFT = 18.55 SWET = 107.70 KINX = -26.95
LCLP = 925.97 PWAT = 6.45 TOTL = 22.93 CAPE = 1.58
LCLT = 273.75 CINS = -0.01 EQLV = 888.89 LFCT = 918.80
BRCH = 0.05

PRES TMPC TMWC DWPC THTE DRCT SKNT OMEG
CFRL HGHT
983.30 5.34 3.60 1.44 292.02 314.33 11.67 0.00
0.00 269.14
980.30 4.94 3.21 1.01 291.53 315.00 15.38 -0.10
0.00 294.09
974.90 4.34 2.77 0.73 291.20 315.45 17.44 -0.10
0.00 339.12
965.70 3.54 2.22 0.47 291.04 315.84 18.69 0.00
0.00 416.22
952.00 2.34 1.42 0.17 290.88 315.80 19.77 0.00
0.00 531.98
934.50 0.94 0.48 -0.19 290.85 316.53 20.61 0.00
28.00 681.58
913.50 -0.76 -0.78 -0.87 290.64 317.55 21.58 0.10
100.00 863.80
890.70 -2.16 -2.16 -2.22 290.49 318.24 21.87 0.20
100.00 1065.28
865.90 -0.16 -2.51 -6.50 292.47 322.16 25.33 0.20
13.00 1290.53
838.30 3.34 -2.97 -17.91 294.35 321.34 28.61 0.30
0.00 1551.34
807.90 1.64 -5.08 -26.62 293.87 316.99 27.62 0.30
0.00 1849.52
774.60 -0.76 -6.64 -25.21 295.14 311.63 28.07 0.40
0.00 2186.73
738.50 -3.06 -8.64 -29.32 296.09 301.26 31.82 0.30
0.00 2565.77
699.50 -5.46 -10.91 -38.37 297.19 288.83 35.51 0.20
0.00 2992.89
657.60 -9.06 -13.79 -43.82 298.14 290.07 32.26 0.20
0.00 3473.68
612.80 -11.96 -16.18 -47.09 300.76 285.20 32.61 0.30
0.00 4016.16
565.60 -13.76 -17.82 -51.34 305.49 269.71 38.07 0.30
0.00 4626.87
519.70 -15.66 -19.39 -46.76 310.87 264.22 48.23 0.20
0.00 5267.16
478.40 -18.66 -21.78 -43.54 314.83 263.20 59.07 0.00
0.00 5887.68
441.40 -22.26 -24.83 -45.43 317.52 257.31 60.14 0.00
0.00 6483.13
408.00 -27.56 -29.38 -48.91 317.73 247.33 54.93 0.00
0.00 7054.92
377.70 -32.36 -33.54 -47.46 318.58 241.06 54.60 0.00
0.00 7604.28
350.40 -36.76 -37.45 -46.38 319.64 242.15 58.22 0.10
0.00 8128.29
325.70 -40.86 -41.39 -50.87 320.50 235.07 57.34 0.10
0.00 8629.75
303.50 -44.76 -45.21 -58.00 321.31 228.50 56.27 0.10
0.00 9105.75
283.50 -48.76 -49.01 -57.09 321.93 230.78 58.68 0.10
0.00 9557.51
265.50 -50.46 -50.71 -60.81 325.45 236.16 60.33 0.10
0.00 9986.75
248.70 -48.56 -48.97 -66.51 334.33 235.06 64.45 0.20
0.00 10414.67
233.50 -47.26 -47.80 -71.85 342.33 237.47 69.35 0.20
0.00 10830.47
219.60 -47.56 -48.11 -72.27 347.93 237.62 66.01 0.10
0.00 11236.01
205.60 -48.16 -48.71 -72.72 353.59 234.07 61.89 0.10
0.00 11670.43
191.70 -49.16 -9999.00 -9999.00 -9999.00 229.50 59.52 0.00
0.00 12130.42
177.70 -50.66 -9999.00 -9999.00 -9999.00 228.99 59.21 0.00
0.00 12625.97
163.80 -52.46 -9999.00 -9999.00 -9999.00 229.86 55.15 -0.10
0.00 13154.28
149.80 -54.86 -9999.00 -9999.00 -9999.00 226.16 47.67 -0.10
0.00 13728.30
135.90 -58.46 -9999.00 -9999.00 -9999.00 214.12 42.95 -0.10
0.00 14345.40
121.90 -61.56 -9999.00 -9999.00 -9999.00 210.45 48.68 0.00
0.00 15023.69
108.00 -60.46 -9999.00 -9999.00 -9999.00 216.45 48.06 0.10
0.00 15775.49
94.00 -58.46 -9999.00 -9999.00 -9999.00 215.42 33.86 0.10
0.00 16643.91
81.00 -59.76 -9999.00 -9999.00 -9999.00 195.69 35.92 0.10
0.00 17576.46
70.60 -58.16 -9999.00 -9999.00 -9999.00 206.28 35.10 0.00
0.00 18438.03
62.20 -57.96 -9999.00 -9999.00 -9999.00 197.62 30.17 0.00
0.00 19235.58
54.30 -58.26 -9999.00 -9999.00 -9999.00 202.06 24.32 0.00
0.00 20090.57
46.90 -60.06 -9999.00 -9999.00 -9999.00 189.18 19.48 0.00
0.00 21008.25
40.10 -60.16 -9999.00 -9999.00 -9999.00 207.50 15.99 0.00
0.00 21985.07
33.80 -61.06 -9999.00 -9999.00 -9999.00 157.17 8.00 0.00
0.00 23048.39
27.80 -59.96 -9999.00 -9999.00 -9999.00 203.96 5.73 0.00
0.00 24264.77
22.30 -57.36 -9999.00 -9999.00 -9999.00 92.86 3.88 0.00
0.00 25648.84
17.10 -55.66 -9999.00 -9999.00 -9999.00 153.43 2.60 0.00
0.00 27332.52
12.30 -53.26 -9999.00 -9999.00 -9999.00 241.56 5.30 0.00
0.00 29441.64

STID = KMKX STNM = 198 TIME = 221026/1800 
SLAT = 42.97 SLON = -88.55 SELV = 260.0
STIM = 6

SHOW = 16.81 LIFT = 17.56 SWET = 107.32 KINX = -29.37
LCLP = 918.46 PWAT = 6.27 TOTL = 20.21 CAPE = 1.15
LCLT = 273.67 CINS = 0.00 EQLV = 889.94 LFCT = 912.67
BRCH = 0.03

PRES TMPC TMWC DWPC THTE DRCT SKNT OMEG
CFRL HGHT
983.70 5.94 3.94 1.48 292.65 310.91 11.56 -0.10
0.00 269.99
980.80 5.54 3.54 1.02 292.13 311.88 15.13 -0.10
0.00 294.15
975.50 4.94 3.09 0.71 291.76 311.74 16.92 -0.10
0.00 338.42
966.10 4.14 2.54 0.44 291.61 312.40 18.14 -0.10
0.00 417.32
952.50 2.94 1.74 0.14 291.44 312.51 18.98 0.00
0.00 532.42
934.90 1.44 0.77 -0.18 291.36 312.58 19.52 0.00
0.00 683.11
914.00 -0.36 -0.42 -0.56 291.26 313.03 19.93 0.00
60.00 864.68
891.10 -1.76 -1.80 -1.92 291.10 313.43 20.07 0.10
100.00 1067.25
866.30 0.54 -3.03 -9.88 291.42 318.22 24.49 0.10
10.00 1292.82
838.80 3.94 -3.20 -23.01 293.72 321.73 26.96 0.30
0.00 1553.08
808.30 0.64 -5.17 -21.14 293.80 318.93 28.09 0.40
0.00 1851.85
775.00 -0.96 -6.78 -25.38 294.85 307.94 31.27 0.40
0.00 2188.18
738.80 -2.86 -8.59 -30.53 296.12 291.41 36.71 0.40
0.00 2568.10
699.80 -5.46 -10.87 -37.43 297.22 284.85 36.38 0.40
0.00 2995.19
657.80 -9.06 -13.81 -44.62 298.07 289.52 32.56 0.40
0.00 3476.96
613.00 -12.36 -16.53 -50.65 300.16 286.26 33.99 0.40
0.00 4018.84
565.80 -14.66 -18.50 -52.89 304.37 273.56 40.68 0.30
0.00 4627.81
519.90 -16.56 -20.09 -47.61 309.71 266.53 51.38 0.30
0.00 5265.63
478.50 -18.86 -21.91 -43.00 314.60 261.09 60.16 0.30
0.00 5886.13
441.40 -22.56 -24.98 -43.25 317.29 253.93 61.05 0.30
0.00 6482.55
408.00 -27.76 -29.53 -48.14 317.51 247.45 58.26 0.30
0.00 7053.77
377.70 -32.46 -33.69 -49.59 318.33 240.63 58.62 0.30
0.00 7602.79
350.40 -36.96 -37.67 -47.51 319.30 238.47 60.16 0.30
0.00 8126.46
325.80 -41.46 -41.99 -52.58 319.57 242.26 63.42 0.40
0.00 8624.96
303.50 -45.56 -45.94 -56.53 320.22 246.16 65.83 0.30
0.00 9101.58
283.50 -48.16 -48.46 -58.55 322.75 242.80 62.90 0.20
0.00 9553.13
265.50 -49.16 -49.49 -63.02 327.31 235.05 61.38 0.10
0.00 9984.19
248.70 -48.66 -49.09 -71.42 334.14 234.81 67.73 0.10
0.00 10413.26
233.50 -48.16 -48.65 -71.85 340.97 240.47 72.11 0.10
0.00 10828.13
219.60 -48.56 -49.06 -72.27 346.38 242.20 68.30 0.10
0.00 11231.97
205.60 -48.86 -49.37 -72.72 352.49 238.01 63.44 0.10
0.00 11664.75
191.70 -49.56 -9999.00 -9999.00 -9999.00 231.84 62.26 0.10
0.00 12123.61
177.70 -50.86 -9999.00 -9999.00 -9999.00 228.70 63.87 0.00
0.00 12618.50
163.80 -52.46 -9999.00 -9999.00 -9999.00 229.51 62.82 0.00
0.00 13146.56
149.80 -54.36 -9999.00 -9999.00 -9999.00 226.65 52.35 -0.10
0.00 13721.24
135.90 -57.66 -9999.00 -9999.00 -9999.00 214.31 45.14 -0.10
0.00 14340.20
121.90 -60.86 -9999.00 -9999.00 -9999.00 208.59 46.68 0.00
0.00 15020.87
108.00 -61.26 -9999.00 -9999.00 -9999.00 214.40 47.79 0.00
0.00 15772.49
94.00 -58.96 -9999.00 -9999.00 -9999.00 216.45 36.95 0.00
0.00 16638.27
81.00 -58.96 -9999.00 -9999.00 -9999.00 194.52 33.31 0.00
0.00 17571.48
70.60 -58.96 -9999.00 -9999.00 -9999.00 204.67 36.77 0.00
0.00 18433.05
62.20 -57.76 -9999.00 -9999.00 -9999.00 207.42 29.10 0.00
0.00 19229.48
54.30 -58.66 -9999.00 -9999.00 -9999.00 206.96 25.27 0.00
0.00 20084.07
46.90 -59.86 -9999.00 -9999.00 -9999.00 197.93 20.82 0.00
0.00 21001.33
40.10 -59.86 -9999.00 -9999.00 -9999.00 214.22 17.62 0.00
0.00 21979.29
33.80 -60.16 -9999.00 -9999.00 -9999.00 202.52 8.62 0.00
0.00 23045.62
27.80 -59.86 -9999.00 -9999.00 -9999.00 247.69 8.20 0.00
0.00 24264.85
22.30 -57.66 -9999.00 -9999.00 -9999.00 201.80 2.10 0.00
0.00 25648.28
17.10 -55.16 -9999.00 -9999.00 -9999.00 203.43 6.35 0.00
0.00 27332.74
12.30 -52.56 -9999.00 -9999.00 -9999.00 221.99 2.62 0.00
0.00 29447.64

STID = KMKX STNM = 198 TIME = 221026/1900 
SLAT = 42.97 SLON = -88.55 SELV = 260.0
STIM = 7

SHOW = 16.15 LIFT = 16.50 SWET = 103.08 KINX = -25.60
LCLP = 914.59 PWAT = 6.43 TOTL = 22.46 CAPE = 0.82
LCLT = 273.83 CINS = 0.00 EQLV = 890.77 LFCT = 905.94
BRCH = 0.02

PRES TMPC TMWC DWPC THTE DRCT SKNT OMEG
CFRL HGHT
984.90 6.54 4.35 1.72 293.37 304.82 10.88 -0.10
0.00 270.00
981.90 6.04 3.89 1.23 292.72 305.45 14.06 -0.10
0.00 295.01
976.50 5.54 3.49 0.92 292.47 305.46 15.73 -0.10
0.00 340.16
967.20 4.64 2.90 0.66 292.21 306.08 16.82 -0.10
0.00 418.29
953.60 3.54 2.16 0.36 292.15 306.36 17.37 0.00
0.00 533.50
936.00 2.04 1.18 0.01 292.04 306.62 17.91 0.00
0.00 684.34
915.00 0.24 0.00 -0.37 291.96 307.23 18.30 0.00
44.00 866.98
892.10 -1.36 -1.40 -1.51 291.74 307.82 18.69 0.10
100.00 1069.70
867.30 0.84 -2.85 -9.92 291.62 314.27 21.70 0.20
8.00 1295.31
839.60 3.14 -3.36 -20.07 293.44 322.95 24.83 0.20
0.00 1556.97
809.10 0.64 -5.17 -21.13 293.72 317.81 28.05 0.30
0.00 1855.04
775.80 -0.76 -6.65 -25.37 294.98 305.08 31.10 0.30
0.00 2191.15
739.50 -2.66 -8.58 -32.79 296.00 291.86 35.99 0.30
0.00 2572.01
700.40 -5.56 -10.85 -35.38 297.20 285.99 35.98 0.40
0.00 2999.89
658.40 -9.06 -13.77 -43.07 298.07 285.20 32.61 0.40
0.00 3481.15
613.50 -12.26 -16.43 -49.30 300.24 282.53 34.03 0.40
0.00 4023.88
566.10 -14.96 -18.73 -52.89 303.97 275.48 42.74 0.30
0.00 4634.78
520.20 -17.16 -20.56 -48.54 308.90 266.21 52.95 0.30
0.00 5271.14
478.70 -19.36 -22.30 -43.00 313.94 258.51 59.46 0.30
0.00 5891.49
441.60 -23.16 -25.38 -41.45 316.63 251.97 60.26 0.30
0.00 6486.36
408.20 -28.06 -29.78 -48.14 317.07 247.48 57.83 0.20
0.00 7056.28
377.80 -32.96 -34.15 -50.41 317.61 241.73 58.24 0.10
0.00 7605.99
350.50 -37.56 -38.24 -48.12 318.42 239.76 60.94 0.10
0.00 8128.31
325.80 -41.86 -42.33 -51.69 319.06 245.41 68.14 0.10
0.00 8627.69
303.60 -45.46 -45.79 -54.16 320.41 250.67 78.63 0.00
0.00 9101.79
283.50 -47.96 -48.30 -60.30 322.99 249.29 77.47 0.00
0.00 9555.83
265.50 -48.86 -49.23 -66.04 327.70 240.78 71.23 0.00
0.00 9987.37
248.70 -48.96 -49.38 -71.42 333.69 237.60 74.32 0.00
0.00 10416.43
233.50 -49.16 -49.60 -71.85 339.45 240.55 75.85 0.00
0.00 10830.11
219.60 -49.56 -50.00 -72.27 344.84 240.82 70.53 0.10
0.00 11232.15
205.60 -49.46 -49.94 -72.72 351.55 237.02 65.31 0.10
0.00 11663.39
191.70 -49.46 -9999.00 -9999.00 -9999.00 230.94 65.03 0.10
0.00 12121.73
177.70 -50.66 -9999.00 -9999.00 -9999.00 227.85 69.17 0.10
0.00 12616.95
163.80 -52.76 -9999.00 -9999.00 -9999.00 229.59 70.42 0.10
0.00 13144.90
149.80 -54.46 -9999.00 -9999.00 -9999.00 229.26 59.23 0.10
0.00 13719.05
135.90 -56.66 -9999.00 -9999.00 -9999.00 217.33 48.37 0.10
0.00 14339.29
121.90 -60.06 -9999.00 -9999.00 -9999.00 211.04 47.84 0.10
0.00 15022.83
108.00 -60.96 -9999.00 -9999.00 -9999.00 215.94 47.98 0.10
0.00 15776.40
94.00 -58.96 -9999.00 -9999.00 -9999.00 220.42 39.55 0.00
0.00 16642.79
81.00 -58.26 -9999.00 -9999.00 -9999.00 200.43 30.05 0.00
0.00 17577.52
70.60 -59.26 -9999.00 -9999.00 -9999.00 202.08 37.72 0.00
0.00 18439.90
62.20 -57.86 -9999.00 -9999.00 -9999.00 211.84 28.36 0.00
0.00 19235.59
54.30 -58.86 -9999.00 -9999.00 -9999.00 205.15 24.67 0.00
0.00 20089.58
46.90 -59.36 -9999.00 -9999.00 -9999.00 205.37 20.86 0.00
0.00 21007.48
40.10 -60.16 -9999.00 -9999.00 -9999.00 221.94 18.03 0.00
0.00 21985.90
33.80 -59.56 -9999.00 -9999.00 -9999.00 234.29 7.65 0.00
0.00 23052.98
27.80 -60.56 -9999.00 -9999.00 -9999.00 263.99 7.42 0.00
0.00 24271.93
22.30 -57.66 -9999.00 -9999.00 -9999.00 194.04 2.41 0.00
0.00 25653.10
17.10 -55.06 -9999.00 -9999.00 -9999.00 186.12 5.48 0.00
0.00 27337.95
12.30 -52.56 -9999.00 -9999.00 -9999.00 243.43 3.90 0.00
0.00 29453.33

STID = KMKX STNM = 198 TIME = 221026/2000 
SLAT = 42.97 SLON = -88.55 SELV = 260.0
STIM = 8

SHOW = 15.51 LIFT = 15.46 SWET = 99.07 KINX = -21.67
LCLP = 914.67 PWAT = 6.70 TOTL = 24.93 CAPE = 1.03
LCLT = 273.99 CINS = 0.00 EQLV = 889.64 LFCT = 906.50
BRCH = 0.03

PRES TMPC TMWC DWPC THTE DRCT SKNT OMEG
CFRL HGHT
984.20 6.64 4.46 1.87 293.67 299.05 10.00 -0.10
0.00 269.17
981.20 6.24 4.06 1.41 293.15 300.07 12.80 -0.10
0.00 294.22
975.80 5.74 3.69 1.14 292.93 299.74 14.10 -0.10
0.00 339.43
966.50 4.94 3.14 0.88 292.78 300.58 14.90 -0.10
0.00 417.70
952.80 3.74 2.36 0.58 292.62 300.72 15.60 0.00
0.00 533.96
935.30 2.24 1.40 0.26 292.53 301.20 16.12 0.00
0.00 684.18
914.30 0.44 0.21 -0.15 292.43 301.43 16.39 0.00
39.00 867.09
891.40 -1.16 -1.17 -1.24 292.24 302.22 16.76 0.10
100.00 1070.13
866.70 0.44 -2.88 -9.05 291.67 308.84 19.21 0.10
7.00 1294.93
839.00 2.54 -3.49 -18.22 293.34 321.04 23.48 0.10
0.00 1556.32
808.60 0.74 -5.09 -21.01 293.91 314.71 27.33 0.10
0.00 1853.36
775.20 -0.66 -6.70 -26.67 294.93 304.43 29.20 0.00
0.00 2190.83
739.00 -2.96 -8.80 -33.11 295.69 295.81 33.02 0.00
0.00 2570.77
700.00 -5.96 -11.04 -33.67 296.97 290.13 33.31 0.10
0.00 2997.27
658.00 -9.16 -13.79 -41.12 298.11 284.89 31.76 0.10
0.00 3478.37
613.20 -12.36 -16.47 -47.08 300.24 282.73 35.26 0.10
0.00 4019.99
565.90 -15.36 -18.95 -47.80 303.67 277.51 46.04 0.20
0.00 4629.29
520.00 -17.66 -20.96 -49.58 308.29 268.76 54.02 0.20
0.00 5264.77
478.60 -20.26 -23.06 -44.69 312.74 259.59 58.06 0.20
0.00 5882.10
441.50 -24.26 -26.10 -38.58 315.55 250.94 61.87 0.20
0.00 6474.74
408.10 -28.56 -30.03 -43.50 316.75 246.37 61.07 0.10
0.00 7042.99
377.70 -33.46 -34.52 -48.12 317.08 242.53 60.64 0.10
0.00 7591.72
350.40 -37.86 -38.49 -47.51 318.08 239.49 63.13 0.00
0.00 8113.31
325.80 -41.86 -42.24 -48.77 319.21 241.40 68.59 0.00
0.00 8610.43
303.50 -45.46 -45.72 -51.48 320.56 245.75 77.54 0.00
0.00 9086.75
283.50 -48.06 -48.32 -55.83 322.97 244.61 80.21 0.00
0.00 9538.52
265.50 -48.96 -49.33 -66.04 327.56 242.38 80.03 0.00
0.00 9969.87
248.70 -49.16 -49.57 -71.42 333.39 243.25 79.84 0.00
0.00 10398.65
233.50 -49.36 -49.79 -71.85 339.15 243.63 78.26 0.00
0.00 10811.95
219.60 -49.96 -50.38 -72.27 344.22 240.79 71.66 0.10
0.00 11213.46
205.60 -49.86 -50.32 -72.72 350.92 234.39 67.39 0.10
0.00 11643.92
191.70 -49.56 -9999.00 -9999.00 -9999.00 229.95 70.05 0.20
0.00 12101.76
177.70 -50.46 -9999.00 -9999.00 -9999.00 228.83 74.07 0.20
0.00 12597.08
163.80 -52.36 -9999.00 -9999.00 -9999.00 229.64 74.69 0.20
0.00 13125.75
149.80 -54.16 -9999.00 -9999.00 -9999.00 229.25 64.88 0.20
0.00 13700.82
135.90 -56.16 -9999.00 -9999.00 -9999.00 220.90 51.92 0.10
0.00 14322.20
121.90 -59.26 -9999.00 -9999.00 -9999.00 215.82 50.78 0.10
0.00 15007.80
108.00 -60.06 -9999.00 -9999.00 -9999.00 217.74 48.87 0.00
0.00 15764.38
94.00 -58.96 -9999.00 -9999.00 -9999.00 221.72 40.87 0.00
0.00 16632.60
81.00 -58.36 -9999.00 -9999.00 -9999.00 204.15 30.87 0.00
0.00 17567.12
70.60 -59.36 -9999.00 -9999.00 -9999.00 195.98 38.79 0.00
0.00 18429.09
62.20 -58.26 -9999.00 -9999.00 -9999.00 206.10 32.23 0.00
0.00 19223.85
54.30 -58.66 -9999.00 -9999.00 -9999.00 196.34 26.92 0.00
0.00 20077.45
46.90 -59.26 -9999.00 -9999.00 -9999.00 198.00 24.51 0.00
0.00 20995.99
40.10 -59.76 -9999.00 -9999.00 -9999.00 217.43 19.81 0.00
0.00 21975.56
33.80 -59.06 -9999.00 -9999.00 -9999.00 225.94 8.37 0.00
0.00 23044.88
27.80 -60.96 -9999.00 -9999.00 -9999.00 215.54 6.68 0.00
0.00 24264.12
22.30 -57.96 -9999.00 -9999.00 -9999.00 181.36 8.16 0.00
0.00 25643.03
17.10 -55.36 -9999.00 -9999.00 -9999.00 176.42 9.34 0.00
0.00 27325.55
12.30 -52.66 -9999.00 -9999.00 -9999.00 228.37 4.68 0.00
0.00 29439.00

STID = KMKX STNM = 198 TIME = 221026/2100 
SLAT = 42.97 SLON = -88.55 SELV = 260.0
STIM = 9

SHOW = 14.77 LIFT = 14.55 SWET = 93.66 KINX = -20.05
LCLP = 918.27 PWAT = 6.90 TOTL = 26.43 CAPE = 1.21
LCLT = 274.17 CINS = 0.00 EQLV = 890.71 LFCT = 910.20
BRCH = 0.03

PRES TMPC TMWC DWPC THTE DRCT SKNT OMEG
CFRL HGHT
985.80 6.64 4.53 2.02 293.65 296.57 8.68 -0.10
0.00 269.16
982.80 6.34 4.20 1.60 293.26 297.01 11.11 -0.10
0.00 294.17
977.40 5.84 3.82 1.33 293.03 296.97 12.43 -0.10
0.00 339.33
968.10 5.04 3.27 1.06 292.88 297.68 13.38 0.00
0.00 417.49
954.40 3.84 2.50 0.77 292.73 297.98 14.08 0.00
0.00 533.60
936.80 2.34 1.52 0.42 292.61 297.58 14.69 0.10
0.00 684.49
915.80 0.54 0.33 0.00 292.50 298.50 15.46 0.10
8.00 867.18
892.90 -1.06 -1.10 -1.22 292.20 298.44 15.91 0.10
100.00 1069.96
868.10 0.34 -2.88 -8.85 291.51 303.16 17.40 0.20
4.00 1295.30
840.40 2.24 -3.60 -17.78 293.00 319.51 20.94 0.20
0.00 1556.08
809.80 0.74 -5.07 -20.86 293.82 314.38 25.54 0.20
0.00 1854.44
776.40 -0.76 -6.74 -26.46 294.72 305.35 27.87 0.20
0.00 2191.34
740.10 -2.96 -8.76 -32.47 295.63 299.09 31.57 0.10
0.00 2571.69
700.90 -6.06 -11.06 -32.73 296.85 294.21 31.74 0.10
0.00 2999.71
658.80 -9.26 -13.77 -38.48 298.07 287.31 31.33 0.10
0.00 3481.18
613.90 -12.46 -16.47 -43.72 300.17 284.25 37.08 0.00
0.00 4023.18
566.40 -15.56 -19.05 -45.19 303.47 279.86 46.52 0.10
0.00 4634.09
520.40 -18.26 -21.48 -53.60 307.39 273.62 52.35 0.10
0.00 5269.44
478.90 -21.36 -23.96 -45.99 311.25 263.60 57.46 0.20
0.00 5885.75
441.80 -25.06 -26.73 -38.26 314.51 253.22 63.91 0.20
0.00 6475.76
408.30 -29.06 -30.26 -39.98 316.38 247.62 64.28 0.10
0.00 7043.89
377.90 -33.56 -34.38 -42.91 317.27 237.67 61.38 0.00
0.00 7591.70
350.50 -37.76 -38.28 -44.90 318.38 237.19 66.34 0.00
0.00 8115.01
325.80 -41.76 -42.12 -48.16 319.38 242.00 72.82 0.10
0.00 8614.30
303.60 -45.66 -45.93 -52.29 320.21 245.22 77.87 0.10
0.00 9088.31
283.50 -48.36 -48.63 -57.09 322.50 245.18 82.83 0.10
0.00 9541.75
265.50 -49.36 -49.71 -66.04 326.97 244.32 84.71 0.10
0.00 9972.43
248.70 -49.06 -49.47 -71.42 333.54 244.21 83.92 0.10
0.00 10400.92
233.50 -48.76 -49.22 -71.85 340.06 244.19 78.98 0.10
0.00 10814.87
219.60 -49.46 -49.91 -72.27 345.00 239.85 72.34 0.10
0.00 11217.36
205.60 -49.86 -50.32 -72.72 350.92 234.96 70.71 0.20
0.00 11648.31
191.70 -49.46 -49.97 -73.19 358.65 231.77 73.45 0.20
0.00 12106.25
177.70 -49.96 -9999.00 -9999.00 -9999.00 230.49 77.54 0.20
0.00 12602.24
163.80 -52.16 -9999.00 -9999.00 -9999.00 231.25 78.21 0.20
0.00 13131.74
149.80 -54.66 -9999.00 -9999.00 -9999.00 230.92 70.57 0.10
0.00 13706.42
135.90 -56.16 -9999.00 -9999.00 -9999.00 225.95 57.83 0.10
0.00 14327.09
121.90 -58.36 -9999.00 -9999.00 -9999.00 219.83 51.86 0.00
0.00 15014.12
107.90 -59.76 -9999.00 -9999.00 -9999.00 220.25 48.10 0.00
0.00 15778.64
94.00 -59.46 -9999.00 -9999.00 -9999.00 218.74 41.59 0.00
0.00 16640.66
81.00 -59.56 -9999.00 -9999.00 -9999.00 210.16 33.26 0.00
0.00 17571.47
70.60 -60.16 -9999.00 -9999.00 -9999.00 200.09 36.19 0.00
0.00 18429.42
62.20 -59.46 -9999.00 -9999.00 -9999.00 207.80 36.23 0.00
0.00 19220.48
54.30 -58.26 -9999.00 -9999.00 -9999.00 199.95 25.62 0.00
0.00 20072.49
46.90 -59.56 -9999.00 -9999.00 -9999.00 195.52 25.41 0.00
0.00 20991.24
40.10 -59.36 -9999.00 -9999.00 -9999.00 214.35 18.59 0.00
0.00 21971.04
33.80 -59.66 -9999.00 -9999.00 -9999.00 219.17 6.76 0.00
0.00 23039.87
27.80 -61.86 -9999.00 -9999.00 -9999.00 209.74 6.25 0.00
0.00 24254.81
22.30 -58.66 -9999.00 -9999.00 -9999.00 225.81 9.75 0.00
0.00 25628.56
17.10 -55.76 -9999.00 -9999.00 -9999.00 209.90 8.95 0.00
0.00 27306.80
12.30 -52.36 -9999.00 -9999.00 -9999.00 252.55 7.13 0.00
0.00 29419.78

STID = KMKX STNM = 198 TIME = 221026/2200 
SLAT = 42.97 SLON = -88.55 SELV = 260.0
STIM = 10

SHOW = 14.20 LIFT = 14.32 SWET = 90.85 KINX = -15.66
LCLP = 919.88 PWAT = 6.84 TOTL = 27.04 CAPE = 0.76
LCLT = 274.04 CINS = -0.06 EQLV = 891.68 LFCT = 905.89
BRCH = 0.02

PRES TMPC TMWC DWPC THTE DRCT SKNT OMEG
CFRL HGHT
986.80 6.44 4.36 1.87 293.21 299.05 8.00 -0.10
0.00 269.97
983.90 6.24 4.08 1.45 292.92 299.36 10.70 -0.10
0.00 294.11
978.40 5.84 3.73 1.11 292.75 299.74 12.53 -0.10
0.00 340.05
969.10 5.04 3.18 0.82 292.58 299.85 13.66 0.00
0.00 418.13
955.40 3.84 2.37 0.45 292.36 300.31 14.63 0.00
0.00 534.11
937.80 2.44 1.43 0.07 292.33 300.10 15.50 0.10
0.00 684.86
916.70 0.64 0.24 -0.35 292.23 299.66 16.10 0.10
0.00 868.29
893.80 -1.26 -1.28 -1.35 291.79 299.83 16.80 0.20
96.00 1070.82
868.90 1.24 -2.66 -10.14 291.78 303.18 18.10 0.30
0.00 1297.12
841.20 2.24 -3.60 -17.76 292.92 316.19 19.93 0.30
0.00 1558.06
810.60 0.74 -5.09 -21.11 293.67 312.71 24.05 0.40
0.00 1856.13
777.10 -0.76 -6.72 -26.26 294.68 304.15 27.00 0.40
0.00 2193.72
740.70 -3.06 -8.58 -28.61 295.94 299.79 30.89 0.40
0.00 2574.73
701.50 -6.26 -10.90 -28.56 297.11 293.34 30.89 0.40
0.00 3002.20
659.30 -9.46 -13.85 -37.16 297.88 286.33 31.78 0.30
0.00 3484.10
614.30 -12.26 -16.30 -43.02 300.38 284.82 37.98 0.20
0.00 4026.93
566.80 -15.36 -18.93 -46.84 303.57 282.09 44.50 0.20
0.00 4637.89
520.70 -18.56 -21.73 -55.44 306.94 278.10 49.63 0.20
0.00 5274.08
479.10 -21.96 -24.44 -45.99 310.47 264.82 55.98 0.20
0.00 5890.48
441.90 -25.66 -27.32 -39.91 313.55 256.58 65.31 0.30
0.00 6480.46
408.40 -29.46 -30.75 -42.60 315.59 252.92 67.46 0.20
0.00 7047.28
378.00 -33.86 -34.74 -44.68 316.70 241.29 65.11 0.20
0.00 7594.13
350.60 -38.06 -38.55 -44.90 317.94 242.57 69.15 0.10
0.00 8116.64
325.90 -42.16 -42.56 -50.11 318.69 245.20 73.17 0.20
0.00 8615.02
303.60 -45.76 -46.08 -54.16 319.99 245.30 79.97 0.20
0.00 9090.56
283.60 -48.16 -48.44 -57.08 322.76 245.96 88.69 0.20
0.00 9541.77
265.50 -49.96 -50.21 -59.07 326.22 245.82 89.65 0.20
0.00 9974.38
248.70 -50.26 -50.57 -63.51 331.84 245.13 85.00 0.20
0.00 10401.15
233.50 -49.36 -49.79 -71.85 339.15 243.37 78.01 0.20
0.00 10813.45
219.60 -49.56 -50.00 -72.27 344.84 238.99 75.02 0.20
0.00 11215.31
205.60 -49.56 -50.03 -72.72 351.39 235.91 76.94 0.20
0.00 11646.45
191.70 -49.46 -49.97 -73.19 358.65 233.13 77.70 0.20
0.00 12104.70
177.70 -49.66 -9999.00 -9999.00 -9999.00 229.85 79.55 0.10
0.00 12601.03
163.80 -51.76 -52.22 -74.24 371.28 229.06 79.45 0.10
0.00 13131.36
149.80 -54.56 -9999.00 -9999.00 -9999.00 229.64 71.39 0.10
0.00 13706.69
135.90 -56.56 -9999.00 -9999.00 -9999.00 228.30 59.58 0.00
0.00 14326.94
121.90 -58.26 -9999.00 -9999.00 -9999.00 222.88 51.96 0.00
0.00 15013.49
108.00 -59.46 -9999.00 -9999.00 -9999.00 220.17 47.28 0.00
0.00 15772.91
94.00 -59.66 -9999.00 -9999.00 -9999.00 215.76 40.21 0.00
0.00 16640.93
81.00 -59.66 -9999.00 -9999.00 -9999.00 207.25 36.48 0.00
0.00 17571.09
70.60 -59.66 -9999.00 -9999.00 -9999.00 202.83 36.03 0.00
0.00 18429.84
62.20 -58.66 -9999.00 -9999.00 -9999.00 208.11 35.45 0.00
0.00 19223.30
54.30 -56.96 -9999.00 -9999.00 -9999.00 202.96 24.90 0.00
0.00 20079.49
46.90 -58.66 -9999.00 -9999.00 -9999.00 195.14 24.55 0.00
0.00 21002.96
40.10 -58.56 -9999.00 -9999.00 -9999.00 218.35 16.59 0.00
0.00 21986.65
33.80 -59.56 -9999.00 -9999.00 -9999.00 225.00 4.66 0.00
0.00 23057.73
27.80 -60.86 -9999.00 -9999.00 -9999.00 241.82 6.18 0.00
0.00 24275.82
22.30 -57.96 -9999.00 -9999.00 -9999.00 272.16 10.30 0.00
0.00 25655.06
17.10 -55.26 -9999.00 -9999.00 -9999.00 249.15 8.72 0.00
0.00 27337.96
12.30 -51.86 -9999.00 -9999.00 -9999.00 270.00 9.52 0.00
0.00 29455.76

STID = KMKX STNM = 198 TIME = 221026/2300 
SLAT = 42.97 SLON = -88.55 SELV = 260.0
STIM = 11

SHOW = 13.61 LIFT = 14.06 SWET = 87.48 KINX = -14.35
LCLP = 932.99 PWAT = 6.70 TOTL = 28.02 CAPE = 0.34
LCLT = 274.67 CINS = -0.04 EQLV = 894.04 LFCT = 900.62
BRCH = 0.01

PRES TMPC TMWC DWPC THTE DRCT SKNT OMEG
CFRL HGHT
987.90 6.04 4.34 2.32 293.06 303.69 4.90 0.00
0.00 270.78
985.00 6.04 4.10 1.75 292.86 304.05 8.68 0.00
0.00 294.87
979.60 5.74 3.73 1.23 292.63 304.82 10.88 0.00
0.00 339.89
970.30 5.14 3.13 0.57 292.37 305.06 13.52 0.00
0.00 417.87
956.50 4.04 2.28 -0.04 292.08 304.29 15.52 0.00
0.00 534.62
938.90 2.54 1.27 -0.47 291.90 304.44 16.49 0.00
0.00 685.26
917.80 0.64 -0.01 -0.95 291.65 304.05 17.35 0.10
0.00 868.48
894.80 -1.16 -1.59 -2.27 291.11 303.52 17.95 0.10
47.00 1071.67
870.00 1.74 -2.54 -10.89 291.86 307.72 18.41 0.20
0.00 1297.02
842.20 2.14 -3.61 -17.44 292.80 314.60 19.64 0.20
0.00 1558.77
811.50 0.34 -5.28 -20.59 293.27 310.91 23.14 0.20
0.00 1857.20
778.00 -1.06 -6.87 -25.88 294.32 303.57 25.64 0.20
0.00 2193.98
741.50 -3.26 -8.44 -25.52 296.13 300.37 28.83 0.20
0.00 2575.28
702.20 -6.36 -10.88 -27.55 297.07 293.85 29.31 0.20
0.00 3003.18
659.90 -8.96 -13.53 -38.01 298.30 288.00 32.07 0.20
0.00 3486.13
614.80 -11.56 -15.82 -44.44 301.05 285.41 37.28 0.30
0.00 4030.93
567.20 -15.26 -18.85 -46.83 303.63 284.29 42.50 0.30
0.00 4643.66
521.00 -18.86 -21.99 -57.77 306.48 281.31 46.56 0.40
0.00 5280.57
479.40 -22.76 -25.12 -47.48 309.35 267.65 52.10 0.30
0.00 5895.25
442.10 -26.66 -28.19 -40.64 312.17 259.01 62.14 0.30
0.00 6484.35
408.50 -29.96 -31.13 -41.78 314.99 255.96 67.27 0.30
0.00 7050.93
378.10 -34.26 -35.20 -47.45 315.97 248.86 65.19 0.20
0.00 7596.63
350.60 -38.66 -39.19 -46.93 316.98 245.51 67.02 0.20
0.00 8119.84
325.90 -42.06 -42.54 -52.58 318.71 243.50 74.01 0.20
0.00 8617.69
303.60 -45.16 -45.49 -53.18 320.87 244.31 85.14 0.20
0.00 9093.95
283.60 -48.56 -48.77 -54.73 322.26 245.44 89.28 0.30
0.00 9545.36
265.50 -50.56 -50.76 -57.61 325.39 244.06 87.92 0.30
0.00 9977.01
248.70 -50.06 -50.40 -66.51 332.10 242.51 86.27 0.20
0.00 10403.40
233.50 -49.46 -49.88 -71.85 339.00 241.36 81.45 0.20
0.00 10815.79
219.60 -49.66 -50.10 -72.27 344.69 238.07 77.14 0.20
0.00 11217.47
205.60 -49.76 -50.22 -72.72 351.08 236.27 78.71 0.20
0.00 11648.32
191.70 -49.96 -50.44 -73.19 357.85 233.57 80.15 0.20
0.00 12105.85
177.70 -50.46 -9999.00 -9999.00 -9999.00 229.91 80.24 0.10
0.00 12600.74
163.80 -52.06 -9999.00 -9999.00 -9999.00 228.11 78.55 0.10
0.00 13129.76
149.80 -54.66 -9999.00 -9999.00 -9999.00 227.24 73.82 0.10
0.00 13704.57
135.90 -56.76 -9999.00 -9999.00 -9999.00 227.68 64.63 0.00
0.00 14324.38
121.90 -58.16 -9999.00 -9999.00 -9999.00 226.64 52.89 0.00
0.00 15010.78
107.90 -59.36 -9999.00 -9999.00 -9999.00 220.60 46.56 0.00
0.00 15776.36
94.00 -59.76 -9999.00 -9999.00 -9999.00 217.14 41.18 0.00
0.00 16638.59
81.00 -59.36 -9999.00 -9999.00 -9999.00 207.99 38.50 0.00
0.00 17569.18
70.60 -58.26 -9999.00 -9999.00 -9999.00 208.82 37.47 0.00
0.00 18431.35
62.20 -57.46 -9999.00 -9999.00 -9999.00 208.07 33.02 0.00
0.00 19229.64
54.30 -56.46 -9999.00 -9999.00 -9999.00 205.61 26.07 0.00
0.00 20089.20
46.90 -58.36 -9999.00 -9999.00 -9999.00 199.98 22.73 0.00
0.00 21014.39
40.10 -58.86 -9999.00 -9999.00 -9999.00 234.85 16.86 0.00
0.00 21998.08
33.80 -59.66 -9999.00 -9999.00 -9999.00 245.38 5.13 0.00
0.00 23068.16
27.80 -60.06 -9999.00 -9999.00 -9999.00 247.38 7.58 0.00
0.00 24288.26
22.30 -57.96 -9999.00 -9999.00 -9999.00 297.76 8.33 0.00
0.00 25670.07
17.10 -55.76 -9999.00 -9999.00 -9999.00 277.50 7.44 0.00
0.00 27351.03
12.30 -52.46 -9999.00 -9999.00 -9999.00 277.13 6.25 0.00
0.00 29463.52

STID = KMKX STNM = 198 TIME = 221027/0000 
SLAT = 42.97 SLON = -88.55 SELV = 260.0
STIM = 12

SHOW = 13.12 LIFT = 13.45 SWET = 82.49 KINX = -14.57
LCLP = 944.29 PWAT = 6.66 TOTL = 28.90 CAPE = 0.00
LCLT = 274.99 CINS = 0.00 EQLV = -9999.00 LFCT = -9999.00
BRCH = 0.00

PRES TMPC TMWC DWPC THTE DRCT SKNT OMEG
CFRL HGHT
988.30 5.44 4.10 2.48 292.53 280.62 3.17 0.00
0.00 269.92
985.40 5.84 3.99 1.73 292.59 293.96 7.65 -0.10
0.00 293.97
980.00 5.74 3.67 1.10 292.48 297.55 10.08 -0.10
0.00 338.96
970.60 5.24 3.08 0.30 292.23 302.74 12.94 -0.10
0.00 417.76
956.90 4.14 2.27 -0.20 292.02 306.09 14.18 -0.10
0.00 533.66
939.30 2.64 1.29 -0.56 291.90 308.07 14.80 -0.10
0.00 684.28
918.20 0.84 0.09 -0.98 291.80 310.36 15.29 0.00
0.00 867.53
895.20 -0.86 -1.46 -2.38 291.31 312.99 15.68 0.10
25.00 1070.81
870.30 1.74 -2.58 -11.09 291.75 314.53 16.90 0.10
0.00 1297.10
842.50 2.04 -3.70 -17.64 292.61 316.20 19.64 0.10
0.00 1558.70
811.80 0.04 -5.43 -20.33 292.98 311.63 21.06 0.00
0.00 1856.81
778.20 -1.16 -6.99 -26.44 294.09 305.26 23.54 0.00
0.00 2194.24
741.80 -3.46 -8.56 -25.35 295.91 302.84 25.43 0.10
0.00 2574.16
702.40 -6.16 -10.76 -27.74 297.24 297.15 25.54 0.20
0.00 3003.00
660.10 -8.46 -13.21 -38.94 298.77 289.40 29.23 0.20
0.00 3486.44
615.00 -11.16 -15.53 -44.44 301.48 285.34 35.26 0.30
0.00 4032.00
567.30 -15.16 -18.78 -46.83 303.73 283.83 39.80 0.40
0.00 4646.45
521.10 -19.26 -22.28 -55.44 306.02 280.65 43.08 0.50
0.00 5282.87
479.50 -23.56 -25.75 -46.70 308.38 269.05 46.81 0.50
0.00 5895.97
442.20 -27.36 -28.82 -41.44 311.19 259.99 57.01 0.50
0.00 6483.17
408.60 -30.66 -31.69 -41.02 314.13 258.11 64.12 0.50
0.00 7048.00
378.10 -34.86 -35.74 -47.45 315.17 252.28 63.83 0.40
0.00 7593.94
350.70 -39.06 -39.60 -48.11 316.34 246.82 67.62 0.30
0.00 8114.08
325.90 -42.06 -42.50 -50.87 318.79 243.63 76.11 0.20
0.00 8613.44
303.60 -45.46 -45.72 -51.47 320.53 244.86 84.11 0.20
0.00 9089.40
283.60 -48.96 -49.15 -54.73 321.69 245.40 86.31 0.20
0.00 9540.11
265.50 -50.36 -50.62 -60.81 325.60 243.43 86.87 0.20
0.00 9971.56
248.70 -50.16 -50.52 -71.42 331.90 242.40 86.79 0.20
0.00 10398.05
233.50 -49.96 -50.33 -66.97 338.29 239.80 82.26 0.10
0.00 10809.88
219.60 -49.86 -50.29 -72.27 344.38 236.16 80.23 0.10
0.00 11210.94
205.60 -49.76 -50.22 -72.72 351.08 235.05 81.04 0.10
0.00 11641.60
191.70 -50.16 -50.63 -73.19 357.53 232.72 81.78 0.10
0.00 12098.92
177.70 -51.06 -51.52 -73.70 363.89 230.11 83.29 0.10
0.00 12592.92
163.80 -52.66 -53.07 -74.24 369.77 229.09 80.96 0.10
0.00 13120.51
149.80 -54.66 -9999.00 -9999.00 -9999.00 226.99 75.17 0.10
0.00 13694.54
135.90 -56.46 -9999.00 -9999.00 -9999.00 227.52 68.75 0.10
0.00 14314.78
121.90 -57.56 -9999.00 -9999.00 -9999.00 228.50 56.27 0.00
0.00 15002.61
108.00 -58.96 -9999.00 -9999.00 -9999.00 226.59 44.66 0.00
0.00 15764.15
94.00 -60.56 -9999.00 -9999.00 -9999.00 217.94 43.59 0.00
0.00 16631.36
81.00 -59.36 -9999.00 -9999.00 -9999.00 210.87 39.37 0.00
0.00 17560.21
70.60 -58.46 -9999.00 -9999.00 -9999.00 208.11 38.75 0.00
0.00 18421.98
62.20 -57.36 -9999.00 -9999.00 -9999.00 207.02 32.93 0.00
0.00 19220.08
54.30 -57.36 -9999.00 -9999.00 -9999.00 202.75 26.13 0.00
0.00 20078.05
46.90 -58.36 -9999.00 -9999.00 -9999.00 199.41 21.62 0.00
0.00 21001.31
40.10 -58.96 -9999.00 -9999.00 -9999.00 241.16 15.31 0.00
0.00 21984.78
33.80 -60.06 -9999.00 -9999.00 -9999.00 241.39 4.88 0.00
0.00 23053.60
27.80 -59.56 -9999.00 -9999.00 -9999.00 243.43 6.51 0.00
0.00 24273.98
22.30 -57.76 -9999.00 -9999.00 -9999.00 321.95 5.67 0.00
0.00 25658.06
17.10 -56.06 -9999.00 -9999.00 -9999.00 283.74 8.99 0.00
0.00 27338.63
12.30 -52.96 -9999.00 -9999.00 -9999.00 248.63 4.80 0.00
0.00 29447.26

STID = KMKX STNM = 198 TIME = 221027/0100 
SLAT = 42.97 SLON = -88.55 SELV = 260.0
STIM = 13

SHOW = 12.93 LIFT = 13.28 SWET = 79.15 KINX = -15.32
LCLP = 956.13 PWAT = 6.61 TOTL = 29.12 CAPE = 0.00
LCLT = 275.14 CINS = 0.00 EQLV = -9999.00 LFCT = -9999.00
BRCH = 0.00

PRES TMPC TMWC DWPC THTE DRCT SKNT OMEG
CFRL HGHT
988.80 4.64 3.67 2.46 291.61 270.00 3.88 0.00
0.00 269.89
985.80 5.54 3.86 1.80 292.29 284.32 9.42 -0.10
0.00 294.70
980.40 5.64 3.63 1.11 292.35 290.32 11.19 -0.10
0.00 339.64
971.10 5.24 3.05 0.21 292.11 302.28 13.09 -0.10
0.00 417.56
957.30 4.14 2.22 -0.34 291.87 307.88 13.29 0.00
0.00 534.24
939.70 2.64 1.22 -0.73 291.73 312.05 13.34 0.00
0.00 684.80
918.60 0.84 0.03 -1.15 291.63 316.77 13.33 0.10
0.00 867.96
895.60 -0.76 -1.57 -2.83 291.06 318.50 13.48 0.20
18.00 1071.18
870.60 1.84 -2.70 -11.90 291.48 317.45 16.08 0.20
0.00 1298.35
842.80 1.94 -3.77 -17.74 292.44 317.35 20.07 0.10
0.00 1559.85
812.10 -0.26 -5.54 -19.73 292.77 312.16 19.39 0.10
0.00 1857.64
778.50 -1.36 -7.10 -26.24 293.88 308.50 21.83 0.10
0.00 2194.64
742.10 -3.56 -8.69 -26.04 295.64 305.19 22.57 0.10
0.00 2574.20
702.70 -6.16 -10.81 -28.33 297.11 298.57 22.34 0.10
0.00 3002.77
660.40 -8.26 -13.09 -39.43 298.92 288.71 26.05 0.20
0.00 3486.17
615.20 -11.06 -15.44 -43.70 301.60 282.00 31.78 0.30
0.00 4033.04
567.50 -15.06 -18.66 -45.18 303.89 278.77 36.95 0.40
0.00 4647.52
521.20 -19.36 -22.28 -49.56 306.04 277.85 39.80 0.40
0.00 5285.16
479.60 -24.06 -26.14 -45.98 307.78 266.62 42.81 0.40
0.00 5897.41
442.20 -27.86 -29.20 -40.64 310.63 258.85 53.26 0.50
0.00 6484.94
408.60 -31.26 -32.18 -40.66 313.39 259.41 60.28 0.50
0.00 7048.50
378.10 -35.36 -36.11 -45.70 314.62 252.47 62.55 0.40
0.00 7593.21
350.70 -39.56 -40.01 -46.92 315.74 247.14 68.51 0.30
0.00 8112.25
326.00 -42.56 -42.94 -50.11 318.11 244.23 75.50 0.20
0.00 8608.46
303.70 -46.16 -46.43 -53.18 319.43 246.15 80.71 0.20
0.00 9083.02
283.60 -49.06 -49.27 -55.83 321.50 245.42 82.67 0.10
0.00 9535.10
265.50 -50.36 -50.64 -63.02 325.56 243.85 84.19 0.10
0.00 9966.46
248.70 -50.76 -51.10 -71.42 331.01 241.82 83.08 0.10
0.00 10392.36
233.50 -50.56 -50.91 -66.97 337.38 236.87 82.11 0.10
0.00 10803.09
219.60 -49.56 -50.00 -72.27 344.84 234.74 84.46 0.10
0.00 11203.88
205.60 -49.26 -49.75 -72.72 351.87 234.08 84.44 0.10
0.00 11635.31
191.70 -49.76 -9999.00 -9999.00 -9999.00 232.16 84.87 0.10
0.00 12093.55
177.70 -50.96 -9999.00 -9999.00 -9999.00 231.14 84.83 0.10
0.00 12588.10
163.80 -52.66 -53.07 -74.24 369.77 230.63 81.16 0.10
0.00 13115.81
149.80 -54.96 -55.30 -74.84 375.38 228.98 75.17 0.10
0.00 13689.45
135.90 -56.66 -9999.00 -9999.00 -9999.00 228.80 70.47 0.10
0.00 14308.98
121.90 -57.16 -9999.00 -9999.00 -9999.00 231.64 58.22 0.10
0.00 14997.13
107.90 -58.76 -9999.00 -9999.00 -9999.00 229.64 45.88 0.00
0.00 15765.57
94.00 -60.26 -9999.00 -9999.00 -9999.00 219.08 41.30 0.00
0.00 16628.00
81.00 -59.66 -9999.00 -9999.00 -9999.00 212.09 40.58 0.00
0.00 17556.85
70.60 -57.66 -9999.00 -9999.00 -9999.00 209.17 38.27 0.00
0.00 18419.62
62.20 -57.26 -9999.00 -9999.00 -9999.00 211.21 31.12 0.00
0.00 19219.39
54.30 -57.46 -9999.00 -9999.00 -9999.00 208.61 24.34 0.00
0.00 20077.36
46.90 -58.46 -9999.00 -9999.00 -9999.00 206.82 19.37 0.00
0.00 21000.20
40.10 -58.86 -9999.00 -9999.00 -9999.00 245.62 13.66 0.00
0.00 21983.66
33.80 -60.46 -9999.00 -9999.00 -9999.00 226.85 4.25 0.00
0.00 23051.73
27.80 -59.76 -9999.00 -9999.00 -9999.00 259.51 5.34 0.00
0.00 24270.40
22.30 -58.76 -9999.00 -9999.00 -9999.00 4.57 4.88 0.00
0.00 25650.60
17.10 -56.96 -9999.00 -9999.00 -9999.00 301.83 6.62 0.00
0.00 27323.79
12.30 -53.06 -9999.00 -9999.00 -9999.00 156.37 3.40 0.00
0.00 29427.60

STID = KMKX STNM = 198 TIME = 221027/0200 
SLAT = 42.97 SLON = -88.55 SELV = 260.0
STIM = 14

SHOW = 12.71 LIFT = 13.33 SWET = 76.75 KINX = -15.70
LCLP = 962.39 PWAT = 6.60 TOTL = 29.32 CAPE = 0.00
LCLT = 274.92 CINS = 0.00 EQLV = -9999.00 LFCT = -9999.00
BRCH = 0.00

PRES TMPC TMWC DWPC THTE DRCT SKNT OMEG
CFRL HGHT
989.20 3.94 3.16 2.16 290.57 278.53 3.92 0.00
1.00 269.86
986.30 4.94 3.46 1.61 291.44 290.43 10.57 -0.10
0.00 293.78
980.90 5.34 3.36 0.85 291.77 294.52 12.16 -0.10
0.00 338.62
971.50 5.04 2.85 -0.03 291.67 304.59 13.69 0.00
0.00 417.26
957.80 4.04 2.07 -0.58 291.53 310.24 13.23 0.00
0.00 532.98
940.10 2.54 1.07 -0.98 291.39 317.54 12.37 0.10
0.00 684.26
919.00 0.74 -0.13 -1.39 291.30 323.50 12.08 0.10
0.00 867.27
896.00 -0.16 -1.58 -3.82 290.99 322.05 12.32 0.20
8.00 1070.57
871.10 2.24 -2.72 -13.22 291.34 316.44 16.36 0.20
0.00 1297.10
843.20 1.94 -3.75 -17.63 292.43 320.27 19.44 0.20
0.00 1559.58
812.50 -0.16 -5.41 -19.26 292.96 313.75 18.82 0.10
0.00 1857.28
778.90 -1.46 -6.95 -24.00 294.13 311.54 20.51 0.10
0.00 2194.13
742.40 -3.66 -8.68 -25.34 295.62 305.41 19.77 0.10
0.00 2574.43
702.90 -6.06 -10.76 -28.53 297.16 295.56 19.81 0.10
0.00 3003.95
660.60 -8.16 -13.03 -39.95 298.97 284.72 23.70 0.10
0.00 3487.38
615.40 -10.96 -15.33 -42.36 301.76 277.08 29.95 0.20
0.00 4034.29
567.70 -14.86 -18.45 -43.11 304.20 275.65 35.53 0.20
0.00 4648.93
521.40 -19.46 -22.28 -45.95 306.03 273.26 37.55 0.30
0.00 5286.47
479.70 -24.36 -26.24 -41.99 307.64 261.68 41.63 0.40
0.00 5899.55
442.30 -28.26 -29.41 -38.56 310.31 258.61 52.12 0.50
0.00 6486.14
408.70 -31.76 -32.69 -41.78 312.61 258.99 58.97 0.50
0.00 7048.53
378.20 -35.86 -36.49 -44.21 314.04 252.82 64.45 0.50
0.00 7591.96
350.70 -40.16 -40.57 -46.92 314.93 247.86 67.52 0.40
0.00 8111.62
326.00 -43.56 -43.85 -49.41 316.77 244.33 72.63 0.30
0.00 8606.12
303.70 -46.96 -47.17 -52.28 318.35 245.94 77.64 0.20
0.00 9078.81
283.60 -49.66 -49.87 -57.08 320.60 245.44 79.45 0.10
0.00 9529.50
265.50 -50.86 -51.15 -66.04 324.78 242.94 79.84 0.10
0.00 9959.78
248.70 -51.06 -51.36 -66.51 330.61 237.61 80.52 0.10
0.00 10384.93
233.50 -50.06 -50.45 -71.85 338.09 234.28 85.18 0.10
0.00 10795.83
219.60 -49.26 -49.72 -72.27 345.30 234.18 86.97 0.10
0.00 11197.34
205.60 -49.16 -49.65 -72.72 352.02 233.88 86.32 0.10
0.00 11629.16
191.70 -49.86 -9999.00 -9999.00 -9999.00 233.57 85.70 0.00
0.00 12087.40
177.70 -50.76 -9999.00 -9999.00 -9999.00 233.50 83.61 0.00
0.00 12582.06
163.80 -51.96 -9999.00 -9999.00 -9999.00 233.41 78.87 0.00
0.00 13110.85
149.80 -53.96 -54.35 -74.84 377.10 230.86 72.63 0.10
0.00 13686.70
135.90 -56.66 -56.97 -75.48 382.96 229.43 69.29 0.10
0.00 14307.66
121.90 -57.36 -9999.00 -9999.00 -9999.00 234.71 61.87 0.10
0.00 14995.49
107.90 -57.86 -9999.00 -9999.00 -9999.00 230.66 45.96 0.00
0.00 15765.18
94.00 -59.76 -9999.00 -9999.00 -9999.00 221.19 41.30 0.00
0.00 16630.43
81.00 -59.36 -9999.00 -9999.00 -9999.00 213.61 41.05 0.00
0.00 17561.03
70.60 -57.26 -9999.00 -9999.00 -9999.00 213.36 37.45 0.00
0.00 18425.21
62.20 -57.16 -9999.00 -9999.00 -9999.00 212.76 29.80 0.00
0.00 19225.91
54.30 -57.86 -9999.00 -9999.00 -9999.00 211.67 24.42 0.00
0.00 20083.28
46.90 -58.86 -9999.00 -9999.00 -9999.00 209.18 17.13 0.00
0.00 21004.40
40.10 -59.16 -9999.00 -9999.00 -9999.00 236.89 10.66 0.00
0.00 21986.26
33.80 -61.56 -9999.00 -9999.00 -9999.00 198.43 4.29 0.00
0.00 23050.83
27.80 -61.26 -9999.00 -9999.00 -9999.00 280.30 6.51 0.00
0.00 24262.06
22.30 -59.46 -9999.00 -9999.00 -9999.00 360.00 3.88 0.00
0.00 25635.16
17.10 -56.16 -9999.00 -9999.00 -9999.00 340.71 4.12 0.00
0.00 27308.74
12.30 -53.06 -9999.00 -9999.00 -9999.00 125.54 6.68 0.00
0.00 29416.41

STID = KMKX STNM = 198 TIME = 221027/0300 
SLAT = 42.97 SLON = -88.55 SELV = 260.0
STIM = 15

SHOW = 12.25 LIFT = 13.28 SWET = 74.67 KINX = -15.10
LCLP = 967.15 PWAT = 6.75 TOTL = 30.35 CAPE = 0.00
LCLT = 274.55 CINS = 0.00 EQLV = -9999.00 LFCT = -9999.00
BRCH = 0.00

PRES TMPC TMWC DWPC THTE DRCT SKNT OMEG
CFRL HGHT
990.00 3.24 2.59 1.73 289.38 287.53 3.87 0.00
2.00 269.01
987.00 4.24 2.96 1.30 290.38 299.25 11.13 -0.10
0.00 293.67
981.60 4.84 2.99 0.59 290.96 301.55 13.00 -0.10
0.00 338.38
972.20 4.74 2.61 -0.23 291.13 309.02 14.51 -0.10
0.00 416.85
958.50 3.84 1.93 -0.68 291.18 315.00 13.46 -0.10
0.00 532.37
940.80 2.44 0.96 -1.11 291.12 322.94 11.93 -0.10
0.00 683.46
919.70 0.74 -0.24 -1.68 291.01 328.86 10.90 0.00
1.00 866.29
896.60 0.44 -1.69 -5.20 290.70 318.29 11.97 0.00
4.00 1070.52
871.70 2.84 -2.65 -14.86 291.34 315.00 17.04 0.00
0.00 1297.36
843.80 1.84 -3.67 -16.72 292.53 321.16 19.21 0.00
0.00 1559.89
813.10 0.04 -5.19 -18.59 293.29 317.06 19.11 0.10
0.00 1857.44
779.40 -1.56 -6.61 -20.56 294.73 312.97 19.39 0.10
0.00 2195.16
742.80 -3.76 -8.50 -23.05 295.93 301.94 17.62 0.10
0.00 2576.18
703.40 -6.06 -10.75 -28.53 297.10 289.03 17.87 0.20
0.00 3004.28
661.00 -8.16 -13.01 -39.42 298.95 278.13 21.97 0.20
0.00 3488.54
615.70 -10.86 -15.24 -41.74 301.87 270.39 28.55 0.30
0.00 4036.47
567.90 -14.76 -18.30 -40.88 304.43 269.67 33.80 0.30
0.00 4652.38
521.60 -19.76 -22.27 -39.45 306.06 264.04 35.55 0.20
0.00 5289.47
479.80 -24.76 -26.40 -38.76 307.41 253.90 39.22 0.20
0.00 5903.01
442.40 -28.16 -29.24 -37.37 310.56 259.88 49.73 0.20
0.00 6489.14
408.80 -31.96 -32.93 -43.03 312.22 259.71 57.65 0.30
0.00 7051.29
378.20 -36.46 -36.92 -42.12 313.43 249.40 63.50 0.30
0.00 7595.52
350.80 -40.46 -40.84 -46.92 314.50 247.39 66.71 0.20
0.00 8112.24
326.00 -44.26 -44.50 -49.41 315.80 244.42 71.08 0.20
5.00 8607.59
303.70 -47.46 -47.67 -53.18 317.60 245.81 75.39 0.10
0.00 9079.04
283.60 -49.86 -50.09 -58.54 320.28 246.80 75.45 0.10
0.00 9529.02
265.50 -51.06 -51.34 -66.04 324.49 243.78 72.53 0.10
0.00 9958.92
248.70 -50.76 -51.07 -66.51 331.05 237.11 77.27 0.10
0.00 10384.16
233.50 -49.86 -50.26 -71.85 338.39 235.36 84.75 0.20
0.00 10795.53
219.60 -50.06 -50.48 -72.27 344.07 235.43 87.30 0.20
0.00 11196.50
205.60 -50.26 -50.70 -72.72 350.29 235.21 86.81 0.10
0.00 11626.48
191.70 -50.36 -9999.00 -9999.00 -9999.00 234.07 85.41 0.10
0.00 12083.09
177.70 -50.86 -9999.00 -9999.00 -9999.00 232.54 83.68 0.00
0.00 12577.08
163.80 -51.66 -9999.00 -9999.00 -9999.00 233.13 79.64 0.00
0.00 13106.10
149.80 -53.06 -9999.00 -9999.00 -9999.00 233.19 73.27 0.00
0.00 13683.52
135.90 -55.56 -9999.00 -9999.00 -9999.00 232.97 68.38 0.00
0.00 14307.33
121.90 -57.66 -9999.00 -9999.00 -9999.00 236.26 60.51 0.00
0.00 14996.43
107.90 -58.56 -9999.00 -9999.00 -9999.00 233.37 47.20 0.00
0.00 15764.34
94.00 -59.86 -9999.00 -9999.00 -9999.00 218.11 41.22 0.00
0.00 16627.98
81.00 -59.16 -9999.00 -9999.00 -9999.00 213.41 43.75 0.00
0.00 17558.79
70.60 -56.86 -9999.00 -9999.00 -9999.00 214.26 37.61 0.00
0.00 18424.18
62.20 -57.46 -9999.00 -9999.00 -9999.00 212.66 27.00 0.00
0.00 19225.06
54.30 -57.96 -9999.00 -9999.00 -9999.00 209.01 26.44 0.00
0.00 20081.64
46.90 -58.96 -9999.00 -9999.00 -9999.00 202.66 19.15 0.00
0.00 21002.33
40.10 -59.46 -9999.00 -9999.00 -9999.00 204.90 11.99 0.00
0.00 21983.27
33.80 -61.76 -9999.00 -9999.00 -9999.00 178.60 7.96 0.00
0.00 23046.59
27.80 -61.06 -9999.00 -9999.00 -9999.00 270.00 7.38 0.00
0.00 24257.82
22.30 -58.36 -9999.00 -9999.00 -9999.00 292.25 4.62 0.00
0.00 25635.12
17.10 -54.56 -9999.00 -9999.00 -9999.00 322.43 3.19 0.00
0.00 27319.19
12.30 -52.96 -9999.00 -9999.00 -9999.00 156.80 7.40 0.00
0.00 29435.06

STID = KMKX STNM = 198 TIME = 221027/0400 
SLAT = 42.97 SLON = -88.55 SELV = 260.0
STIM = 16

SHOW = 12.33 LIFT = 13.77 SWET = 76.66 KINX = -13.65
LCLP = 970.80 PWAT = 7.05 TOTL = 30.86 CAPE = 0.00
LCLT = 274.25 CINS = 0.00 EQLV = -9999.00 LFCT = -9999.00
BRCH = 0.00

PRES TMPC TMWC DWPC THTE DRCT SKNT OMEG
CFRL HGHT
991.30 2.74 2.17 1.39 288.45 298.07 3.30 0.00
3.00 269.80
988.30 3.64 2.54 1.09 289.45 308.83 10.22 0.00
0.00 294.38
982.90 4.44 2.71 0.44 290.30 310.50 12.26 0.00
0.00 338.94
973.50 4.44 2.37 -0.43 290.54 319.04 13.64 0.00
0.00 417.21
959.70 3.64 1.70 -0.99 290.62 324.87 12.82 0.00
0.00 533.31
942.00 2.34 0.80 -1.39 290.69 329.04 11.32 0.10
0.00 684.12
920.90 0.64 -0.33 -1.77 290.71 328.63 9.32 0.20
2.00 866.64
897.80 0.44 -1.88 -5.79 290.22 312.34 11.83 0.20
3.00 1070.56
872.80 2.54 -2.75 -14.41 291.06 318.26 16.92 0.30
0.00 1297.88
844.90 1.64 -3.59 -15.50 292.59 322.18 18.69 0.40
0.00 1559.85
814.10 -0.06 -4.91 -16.39 293.74 320.88 18.78 0.40
0.00 1857.86
780.30 -1.96 -6.39 -17.36 295.10 313.65 17.44 0.40
0.00 2195.92
743.70 -4.16 -8.45 -20.63 295.97 298.78 15.73 0.30
0.00 2575.99
704.10 -6.26 -10.82 -27.72 296.92 284.71 16.06 0.30
0.00 3005.34
661.60 -8.16 -12.99 -38.92 298.91 273.33 20.05 0.20
0.00 3490.10
616.20 -10.56 -14.97 -40.10 302.25 265.83 26.69 0.20
0.00 4039.08
568.40 -14.46 -18.11 -41.93 304.64 259.32 31.43 0.10
0.00 4655.19
521.90 -19.66 -22.31 -42.19 305.92 247.20 37.08 0.00
0.00 5295.05
480.10 -24.56 -26.05 -36.00 307.91 245.53 42.68 0.00
0.00 5908.60
442.70 -28.46 -29.49 -37.36 310.12 260.02 45.96 0.10
0.00 6494.24
408.90 -32.36 -33.19 -41.39 311.83 260.82 52.35 0.20
0.00 7058.66
378.40 -36.96 -37.30 -41.05 312.83 246.65 58.82 0.20
6.00 7599.90
350.90 -40.86 -41.12 -44.89 314.08 245.02 65.79 0.10
20.00 8117.31
326.10 -44.96 -45.14 -48.76 314.84 243.29 69.58 0.10
44.00 8611.34
303.70 -48.06 -48.21 -52.28 316.80 243.10 73.41 0.10
0.00 9083.48
283.60 -49.56 -49.83 -60.30 320.67 244.05 72.80 0.00
0.00 9533.16
265.50 -49.86 -50.19 -66.04 326.24 241.61 71.10 0.00
0.00 9964.51
248.70 -50.06 -50.40 -66.51 332.10 237.63 74.75 0.00
0.00 10391.56
233.50 -50.56 -50.93 -71.85 337.33 236.04 80.32 0.00
0.00 10802.93
219.60 -50.96 -51.34 -72.27 342.68 234.90 83.10 0.10
0.00 11202.46
205.60 -50.96 -51.36 -72.72 349.19 235.05 83.41 0.10
0.00 11630.90
191.70 -51.06 -9999.00 -9999.00 -9999.00 234.21 82.38 0.10
0.00 12086.08
177.70 -51.66 -9999.00 -9999.00 -9999.00 231.97 80.40 0.10
0.00 12578.40
163.80 -52.26 -9999.00 -9999.00 -9999.00 231.45 78.24 0.10
0.00 13105.76
149.80 -53.16 -9999.00 -9999.00 -9999.00 232.64 73.31 0.10
0.00 13682.26
135.90 -54.96 -9999.00 -9999.00 -9999.00 234.14 68.32 0.00
0.00 14306.78
121.90 -56.86 -57.19 -76.19 394.68 238.81 59.27 0.00
0.00 14998.11
107.90 -58.16 -9999.00 -9999.00 -9999.00 233.39 42.35 0.00
0.00 15768.17
94.00 -59.36 -9999.00 -9999.00 -9999.00 222.84 40.00 0.00
0.00 16633.62
81.00 -59.26 -9999.00 -9999.00 -9999.00 213.69 41.32 0.00
0.00 17565.30
70.60 -56.36 -9999.00 -9999.00 -9999.00 217.22 38.54 0.00
0.00 18431.50
62.20 -57.46 -9999.00 -9999.00 -9999.00 222.63 23.23 0.00
0.00 19233.31
54.30 -58.06 -9999.00 -9999.00 -9999.00 208.87 23.74 0.00
0.00 20089.69
46.90 -58.06 -9999.00 -9999.00 -9999.00 198.95 20.34 0.00
0.00 21012.09
40.10 -58.86 -9999.00 -9999.00 -9999.00 199.83 12.59 0.00
0.00 21996.47
33.80 -61.06 -9999.00 -9999.00 -9999.00 182.73 8.16 0.00
0.00 23063.04
27.80 -60.66 -9999.00 -9999.00 -9999.00 288.43 4.29 0.00
0.00 24277.42
22.30 -57.56 -9999.00 -9999.00 -9999.00 320.91 4.00 0.00
0.00 25658.59
17.10 -53.36 -9999.00 -9999.00 -9999.00 8.13 2.74 0.00
0.00 27350.43
12.30 -52.86 -9999.00 -9999.00 -9999.00 190.44 7.50 0.00
0.00 29472.56

STID = KMKX STNM = 198 TIME = 221027/0500 
SLAT = 42.97 SLON = -88.55 SELV = 260.0
STIM = 17

SHOW = 11.66 LIFT = 13.97 SWET = 78.22 KINX = -12.06
LCLP = 971.95 PWAT = 7.17 TOTL = 32.81 CAPE = 0.00
LCLT = 274.01 CINS = 0.00 EQLV = -9999.00 LFCT = -9999.00
BRCH = 0.00

PRES TMPC TMWC DWPC THTE DRCT SKNT OMEG
CFRL HGHT
990.50 2.34 1.84 1.12 287.89 320.71 2.76 0.00
3.00 269.79
987.50 3.24 2.26 0.94 288.98 328.39 8.90 0.00
0.00 294.35
982.10 4.14 2.45 0.19 289.86 329.38 11.05 0.00
0.00 338.89
972.80 4.14 2.07 -0.77 290.04 337.17 12.00 0.00
0.00 416.30
959.00 3.34 1.37 -1.41 290.06 340.67 11.73 0.00
0.00 532.36
941.30 1.94 0.49 -1.62 290.16 339.83 10.14 0.10
0.00 683.08
920.20 0.84 -0.64 -2.90 290.21 326.66 8.84 0.10
4.00 865.65
897.10 2.04 -1.89 -9.25 290.19 319.04 13.64 0.20
0.00 1070.33
872.20 3.14 -2.41 -14.50 291.73 324.25 17.95 0.20
0.00 1297.78
844.30 1.64 -3.26 -13.68 293.29 323.01 18.73 0.20
0.00 1560.23
813.50 -0.16 -4.56 -14.14 294.48 317.64 17.87 0.20
0.00 1858.45
779.80 -2.06 -6.20 -15.94 295.52 305.62 16.01 0.20
0.00 2195.66
743.20 -4.16 -8.42 -20.41 296.09 287.10 15.85 0.10
0.00 2575.92
703.70 -6.26 -10.85 -28.12 296.90 275.71 17.56 0.00
0.00 3004.46
661.30 -8.36 -13.10 -37.99 298.79 266.39 21.60 0.00
0.00 3488.15
615.90 -11.06 -15.24 -37.83 301.89 259.33 27.27 0.00
0.00 4036.67
568.10 -14.66 -18.34 -44.43 304.31 249.69 31.90 0.00
0.00 4652.26
521.70 -19.96 -22.45 -39.86 305.77 239.55 41.01 -0.10
0.00 5290.41
480.00 -24.66 -25.78 -32.15 308.38 245.24 41.28 0.00
0.00 5902.23
442.50 -28.46 -29.32 -35.31 310.43 260.66 44.29 0.10
0.00 6489.56
408.80 -32.86 -33.36 -37.60 311.62 254.67 49.96 0.10
0.00 7051.96
378.30 -37.06 -37.32 -40.07 312.82 243.35 57.17 0.00
100.00 7592.68
350.80 -41.16 -41.37 -44.45 313.73 243.36 62.80 0.00
92.00 8109.79
326.00 -45.06 -45.21 -48.15 314.77 240.99 67.31 0.10
91.00 8603.55
303.70 -48.66 -48.79 -52.28 315.95 240.67 70.18 0.10
0.00 9072.93
283.60 -50.26 -50.50 -60.30 319.66 239.73 71.29 0.10
0.00 9521.30
265.50 -49.86 -50.19 -66.04 326.24 237.06 73.60 0.10
0.00 9951.98
248.70 -50.76 -51.07 -66.51 331.05 236.11 75.58 0.10
0.00 10378.36
233.50 -51.16 -51.48 -66.97 336.47 237.22 81.80 0.10
0.00 10788.53
219.60 -50.86 -51.24 -72.27 342.84 237.09 83.29 0.00
0.00 11187.61
205.60 -50.86 -51.27 -72.72 349.35 236.31 83.35 0.00
0.00 11616.25
191.70 -51.46 -9999.00 -9999.00 -9999.00 235.89 81.41 0.00
0.00 12071.11
177.70 -52.36 -9999.00 -9999.00 -9999.00 233.48 77.35 -0.10
0.00 12562.22
163.80 -53.66 -54.03 -74.24 368.09 230.45 76.57 -0.10
0.00 13087.07
149.80 -54.56 -54.92 -74.84 376.06 231.41 75.06 0.00
0.00 13659.92
135.90 -55.46 -9999.00 -9999.00 -9999.00 232.91 69.89 0.00
0.00 14281.73
121.90 -56.96 -9999.00 -9999.00 -9999.00 235.29 60.72 0.00
0.00 14972.11
108.00 -57.66 -9999.00 -9999.00 -9999.00 230.54 41.26 0.00
0.00 15737.02
94.00 -60.16 -9999.00 -9999.00 -9999.00 214.97 41.01 0.00
0.00 16607.68
81.00 -59.16 -9999.00 -9999.00 -9999.00 210.73 40.68 0.00
0.00 17537.84
70.60 -57.26 -9999.00 -9999.00 -9999.00 214.21 35.94 0.00
0.00 18402.42
62.20 -57.36 -9999.00 -9999.00 -9999.00 213.56 24.24 0.00
0.00 19202.75
54.30 -58.66 -9999.00 -9999.00 -9999.00 203.50 24.36 0.00
0.00 20058.13
46.90 -59.06 -9999.00 -9999.00 -9999.00 199.98 22.73 0.00
0.00 20977.11
40.10 -59.76 -9999.00 -9999.00 -9999.00 195.40 13.91 0.00
0.00 21957.13
33.80 -61.06 -9999.00 -9999.00 -9999.00 184.57 9.75 0.00
0.00 23021.45
27.80 -59.86 -9999.00 -9999.00 -9999.00 203.96 1.90 0.00
0.00 24238.11
22.30 -57.56 -9999.00 -9999.00 -9999.00 296.57 0.87 0.00
0.00 25621.87
17.10 -53.86 -9999.00 -9999.00 -9999.00 53.13 2.91 0.00
0.00 27311.76
12.30 -52.76 -9999.00 -9999.00 -9999.00 221.82 9.91 0.00
0.00 29431.97

STID = KMKX STNM = 198 TIME = 221027/0600 
SLAT = 42.97 SLON = -88.55 SELV = 260.0
STIM = 18

SHOW = 10.76 LIFT = 14.20 SWET = 74.77 KINX = -10.56
LCLP = 973.74 PWAT = 7.41 TOTL = 35.56 CAPE = 0.00
LCLT = 273.83 CINS = 0.00 EQLV = -9999.00 LFCT = -9999.00
BRCH = 0.00

PRES TMPC TMWC DWPC THTE DRCT SKNT OMEG
CFRL HGHT
990.80 2.04 1.58 0.92 287.38 15.95 2.84 0.00
3.00 269.77
987.80 3.14 2.15 0.81 288.74 357.06 7.60 0.00
1.00 294.31
982.40 4.04 2.30 -0.05 289.55 355.33 9.56 0.00
0.00 338.82
973.00 3.94 1.84 -1.10 289.57 1.06 10.49 0.10
0.00 417.00
959.30 3.14 1.20 -1.59 289.69 358.94 10.49 0.10
0.00 532.10
941.60 1.84 0.29 -2.00 289.76 352.57 9.01 0.10
0.00 682.68
920.50 1.84 -0.82 -5.18 289.80 336.95 9.93 0.20
1.00 865.46
897.40 3.54 -1.44 -11.17 290.90 334.38 15.73 0.20
0.00 1070.95
872.50 3.54 -1.61 -11.59 293.23 332.07 18.24 0.20
0.00 1299.11
844.50 1.84 -2.61 -11.13 294.53 326.48 17.95 0.30
0.00 1562.77
813.70 -0.06 -4.25 -12.95 295.04 317.91 16.22 0.30
0.00 1861.13
780.00 -1.96 -6.23 -16.46 295.43 299.65 14.53 0.20
0.00 2198.39
743.40 -3.76 -8.37 -21.97 296.11 281.04 16.22 0.20
0.00 2578.88
703.80 -5.96 -10.75 -29.38 297.03 271.70 19.62 0.20
0.00 3008.95
661.40 -8.36 -13.03 -36.33 298.92 263.45 23.85 0.10
0.00 3492.84
616.00 -11.26 -15.38 -37.83 301.64 253.01 29.25 0.00
0.00 4041.08
568.20 -15.16 -18.75 -45.96 303.63 245.34 33.99 0.00
0.00 4655.73
521.80 -20.46 -21.89 -28.38 306.75 248.30 38.89 0.00
0.00 5292.61
480.00 -24.06 -24.98 -29.58 309.62 250.66 38.69 0.00
0.00 5906.07
442.60 -28.46 -29.23 -34.41 310.55 254.24 42.19 0.00
0.00 6492.51
408.90 -33.16 -33.51 -36.34 311.38 242.31 48.48 -0.10
90.00 7054.45
378.30 -37.26 -37.52 -40.39 312.52 243.06 53.59 -0.10
98.00 7596.32
350.80 -41.26 -41.46 -44.45 313.60 243.02 59.95 -0.10
100.00 8113.10
326.10 -45.36 -45.47 -47.57 314.37 241.68 65.09 -0.10
100.00 8604.36
303.70 -48.86 -48.98 -52.28 315.67 240.17 67.17 -0.10
0.00 9075.25
283.60 -49.96 -50.24 -62.52 320.05 240.65 69.76 0.00
0.00 9523.73
265.50 -50.96 -51.24 -66.04 324.64 238.03 71.91 0.00
0.00 9953.62
248.70 -51.66 -51.94 -66.51 329.71 236.58 78.65 0.00
0.00 10378.10
233.50 -51.56 -51.86 -66.97 335.86 239.40 83.95 0.10
0.00 10787.07
219.60 -51.26 -51.62 -72.27 342.22 238.43 84.60 0.10
0.00 11185.43
205.60 -51.66 -52.03 -72.72 348.09 235.63 85.66 0.10
0.00 11612.91
191.70 -52.36 -52.73 -73.19 354.00 235.58 84.54 0.10
0.00 12066.03
177.70 -52.66 -9999.00 -9999.00 -9999.00 233.80 79.91 0.00
0.00 12555.81
163.80 -53.56 -9999.00 -9999.00 -9999.00 230.36 77.95 0.00
0.00 13080.42
149.80 -54.56 -54.92 -74.84 376.06 230.55 76.73 0.00
0.00 13653.40
135.90 -55.36 -55.72 -75.48 385.26 231.59 69.41 0.00
0.00 14275.35
121.90 -56.96 -9999.00 -9999.00 -9999.00 233.78 58.51 0.00
0.00 14965.89
108.00 -58.76 -9999.00 -9999.00 -9999.00 229.32 43.80 0.00
0.00 15728.85
94.00 -59.86 -9999.00 -9999.00 -9999.00 213.08 45.20 0.00
0.00 16597.88
81.00 -58.46 -9999.00 -9999.00 -9999.00 215.45 42.21 0.00
0.00 17530.22
70.60 -57.26 -9999.00 -9999.00 -9999.00 210.01 36.11 0.00
0.00 18396.21
62.20 -57.66 -9999.00 -9999.00 -9999.00 213.81 26.18 0.00
0.00 19195.98
54.30 -58.16 -9999.00 -9999.00 -9999.00 205.25 22.77 0.00
0.00 20051.77
46.90 -58.16 -9999.00 -9999.00 -9999.00 207.98 21.11 0.00
0.00 20973.74
40.10 -59.16 -9999.00 -9999.00 -9999.00 215.29 15.46 0.00
0.00 21957.20
33.80 -60.46 -9999.00 -9999.00 -9999.00 209.48 10.26 0.00
0.00 23024.53
27.80 -58.96 -9999.00 -9999.00 -9999.00 163.30 2.02 0.00
0.00 24245.48
22.30 -57.66 -9999.00 -9999.00 -9999.00 98.13 2.74 0.00
0.00 25631.82
17.10 -54.26 -9999.00 -9999.00 -9999.00 63.43 3.05 0.00
0.00 27319.77
12.30 -52.66 -9999.00 -9999.00 -9999.00 236.02 10.78 0.00
0.00 29438.53

STID = KMKX STNM = 198 TIME = 221027/0700 
SLAT = 42.97 SLON = -88.55 SELV = 260.0
STIM = 19

SHOW = 10.43 LIFT = 14.34 SWET = 72.60 KINX = -8.43
LCLP = 976.09 PWAT = 7.75 TOTL = 36.82 CAPE = 0.00
LCLT = 273.76 CINS = 0.00 EQLV = -9999.00 LFCT = -9999.00
BRCH = 0.00

PRES TMPC TMWC DWPC THTE DRCT SKNT OMEG
CFRL HGHT
991.50 1.84 1.43 0.83 287.04 90.00 1.36 0.00
7.00 269.76
988.60 3.04 2.05 0.69 288.47 24.44 4.70 0.00
1.00 293.45
983.20 3.94 2.10 -0.44 289.07 22.11 6.70 0.10
0.00 337.91
973.80 3.84 1.68 -1.39 289.18 23.39 7.83 0.10
0.00 415.98
960.00 2.94 1.03 -1.74 289.31 13.32 7.60 0.00
0.00 531.76
942.30 1.84 0.18 -2.30 289.48 360.00 6.60 0.10
0.00 682.17
921.20 2.34 -0.80 -6.08 289.74 343.89 9.09 0.10
0.00 864.97
898.10 3.94 -0.95 -10.04 291.74 340.60 14.63 0.10
0.00 1070.64
873.10 3.54 -1.02 -9.01 294.34 334.03 16.86 0.10
0.00 1299.75
845.20 1.74 -2.33 -9.71 295.01 328.48 17.09 0.10
0.00 1562.28
814.30 -0.26 -4.28 -12.52 294.93 320.66 15.33 0.10
0.00 1861.23
780.50 -2.16 -6.36 -16.45 295.16 298.07 13.21 0.10
0.00 2199.01
743.90 -3.96 -8.53 -22.22 295.77 280.37 16.20 0.10
0.00 2578.98
704.30 -6.16 -10.85 -28.93 296.82 274.53 19.68 0.10
0.00 3008.43
661.80 -8.46 -12.99 -34.24 298.95 264.85 23.80 0.10
0.00 3492.87
616.40 -11.16 -15.40 -40.09 301.53 252.60 30.54 0.10
0.00 4040.77
568.50 -15.46 -18.90 -43.10 303.38 246.76 32.98 0.10
0.00 4656.11
522.00 -20.06 -21.01 -24.63 308.14 250.72 37.67 0.10
0.00 5294.25
480.20 -24.16 -25.06 -29.57 309.46 253.35 39.34 0.00
0.00 5907.89
442.70 -28.96 -29.41 -32.25 310.26 243.67 41.61 -0.10
22.00 6495.02
409.00 -33.26 -33.55 -35.87 311.30 242.48 47.09 -0.10
100.00 7056.15
378.40 -37.16 -37.46 -40.71 312.60 245.09 51.18 -0.10
84.00 7597.88
350.90 -41.36 -41.56 -44.45 313.44 244.03 58.55 -0.10
97.00 8114.52
326.10 -45.56 -45.73 -49.41 313.98 242.64 62.55 -0.10
89.00 8607.37
303.70 -48.46 -48.75 -59.77 316.00 244.09 60.47 -0.10
0.00 9078.46
283.60 -50.26 -50.50 -60.30 319.66 242.18 63.69 0.00
0.00 9527.03
265.50 -51.06 -51.32 -63.02 324.53 238.22 72.67 0.10
0.00 9956.54
248.70 -52.06 -52.32 -66.51 329.12 239.13 78.75 0.10
0.00 10380.54
233.50 -52.36 -52.66 -71.85 334.60 241.65 83.43 0.10
0.00 10788.40
219.60 -52.26 -52.58 -72.27 340.68 241.49 84.65 0.10
0.00 11185.14
205.60 -52.36 -52.70 -72.72 346.99 237.64 83.47 0.10
0.00 11610.98
191.70 -52.96 -53.30 -73.19 353.04 234.26 82.81 0.10
0.00 12062.78
177.70 -53.16 -9999.00 -9999.00 -9999.00 231.97 82.61 0.10
0.00 12551.33
163.80 -53.56 -9999.00 -9999.00 -9999.00 230.70 81.58 0.10
0.00 13075.35
149.80 -54.36 -9999.00 -9999.00 -9999.00 230.83 78.42 0.10
0.00 13648.59
135.90 -55.46 -55.82 -75.48 385.08 231.85 71.39 0.00
0.00 14270.68
121.90 -56.86 -9999.00 -9999.00 -9999.00 232.94 59.63 0.00
0.00 14961.22
108.00 -58.76 -9999.00 -9999.00 -9999.00 231.70 43.57 0.00
0.00 15724.36
94.00 -59.76 -9999.00 -9999.00 -9999.00 212.25 47.32 0.00
0.00 16593.59
81.00 -58.96 -9999.00 -9999.00 -9999.00 215.19 45.16 0.00
0.00 17525.06
70.60 -56.66 -9999.00 -9999.00 -9999.00 213.61 37.55 0.00
0.00 18391.25
62.20 -58.06 -9999.00 -9999.00 -9999.00 222.27 25.99 0.00
0.00 19191.39
54.30 -57.46 -9999.00 -9999.00 -9999.00 205.94 23.97 0.00
0.00 20047.77
46.90 -57.76 -9999.00 -9999.00 -9999.00 206.32 20.59 0.00
0.00 20972.11
40.10 -58.76 -9999.00 -9999.00 -9999.00 208.81 13.31 0.00
0.00 21957.40
33.80 -59.26 -9999.00 -9999.00 -9999.00 206.08 10.16 0.00
0.00 23028.73
27.80 -57.86 -9999.00 -9999.00 -9999.00 225.00 1.11 0.00
0.00 24256.26
22.30 -58.26 -9999.00 -9999.00 -9999.00 14.04 0.80 0.00
0.00 25644.21
17.10 -56.06 -9999.00 -9999.00 -9999.00 126.87 0.97 0.00
0.00 27322.84
12.30 -53.46 -9999.00 -9999.00 -9999.00 228.37 11.69 0.00
0.00 29429.06

STID = KMKX STNM = 198 TIME = 221027/0800 
SLAT = 42.97 SLON = -88.55 SELV = 260.0
STIM = 20

SHOW = 9.82 LIFT = 14.14 SWET = 70.62 KINX = -6.10
LCLP = 978.73 PWAT = 8.52 TOTL = 38.42 CAPE = 0.00
LCLT = 273.77 CINS = 0.00 EQLV = -9999.00 LFCT = -9999.00
BRCH = 0.00

PRES TMPC TMWC DWPC THTE DRCT SKNT OMEG
CFRL HGHT
992.80 1.74 1.37 0.82 286.80 135.00 0.54 0.00
14.00 269.74
989.80 3.14 2.02 0.47 288.29 38.16 3.46 0.00
2.00 294.22
984.40 3.84 1.90 -0.83 288.57 41.19 6.20 0.10
0.00 338.62
975.00 3.64 1.55 -1.45 288.81 38.16 6.92 0.10
0.00 416.55
961.20 2.84 0.98 -1.72 289.10 21.16 6.45 0.10
0.00 532.13
943.50 1.94 0.19 -2.44 289.37 1.91 5.83 0.10
1.00 682.35
922.30 2.64 -0.66 -6.21 289.88 349.92 8.88 0.10
0.00 865.91
899.20 3.94 -0.63 -8.69 292.26 345.17 13.66 0.20
0.00 1071.46
874.20 3.44 -0.61 -7.26 295.04 335.56 16.43 0.20
0.00 1300.28
846.20 1.74 -2.00 -8.46 295.54 330.10 17.93 0.20
0.00 1563.42
815.20 -0.56 -4.14 -11.13 295.12 324.22 16.28 0.20
0.00 1862.87
781.40 -2.56 -6.45 -15.58 294.92 302.54 13.36 0.10
0.00 2199.88
744.70 -4.36 -8.67 -21.33 295.45 281.59 15.46 0.00
0.00 2579.91
705.00 -6.36 -10.93 -28.30 296.60 275.60 19.91 0.00
0.00 3009.53
662.40 -8.66 -13.02 -32.46 298.85 266.52 22.38 0.00
0.00 3494.30
616.90 -11.36 -15.54 -40.09 301.23 257.20 30.67 0.00
0.00 4042.53
568.90 -15.66 -17.97 -27.30 304.98 246.80 31.06 0.00
0.00 4658.32
522.40 -19.86 -20.45 -22.48 308.98 248.44 34.89 0.00
1.00 5296.14
480.40 -24.66 -25.15 -27.46 309.29 249.48 35.47 0.00
45.00 5912.05
442.90 -29.16 -29.56 -32.07 310.00 243.56 40.13 0.00
87.00 6498.12
409.10 -33.06 -33.37 -35.87 311.54 244.18 46.83 0.00
100.00 7060.73
378.50 -37.36 -37.64 -40.71 312.31 243.92 51.26 0.00
83.00 7602.32
350.90 -41.06 -41.49 -49.47 313.52 243.99 54.04 0.00
50.00 8120.86
326.10 -44.46 -44.91 -59.21 315.15 249.62 52.43 0.00
25.00 8615.19
303.80 -48.16 -48.36 -54.16 316.55 248.73 58.37 0.00
0.00 9085.54
283.70 -50.26 -50.47 -58.54 319.67 243.20 63.33 0.00
0.00 9534.26
265.60 -51.46 -51.68 -60.81 323.95 240.63 72.88 0.00
0.00 9963.24
248.70 -52.86 -53.10 -66.51 327.93 241.50 79.80 0.00
0.00 10388.52
233.50 -53.56 -53.79 -66.97 332.83 242.29 82.71 0.10
0.00 10794.54
219.60 -53.56 -53.83 -72.27 338.67 242.41 82.19 0.10
0.00 11189.04
205.60 -52.96 -53.28 -72.72 346.05 240.27 80.30 0.10
0.00 11613.05
191.70 -52.96 -53.30 -73.19 353.04 235.44 78.07 0.10
0.00 12064.23
177.70 -53.36 -9999.00 -9999.00 -9999.00 231.27 79.18 0.10
0.00 12552.56
163.80 -53.56 -9999.00 -9999.00 -9999.00 230.55 81.00 0.10
0.00 13076.34
149.80 -54.06 -9999.00 -9999.00 -9999.00 231.09 77.64 0.10
0.00 13649.97
135.90 -55.36 -55.72 -75.48 385.26 232.33 69.93 0.10
0.00 14272.63
121.90 -56.86 -57.19 -76.19 394.68 231.72 59.89 0.10
0.00 14963.33
107.90 -58.16 -9999.00 -9999.00 -9999.00 228.23 48.70 0.00
0.00 15733.38
94.00 -59.46 -9999.00 -9999.00 -9999.00 209.08 45.57 0.00
0.00 16598.64
81.00 -58.86 -9999.00 -9999.00 -9999.00 216.87 47.59 0.00
0.00 17530.98
70.60 -56.46 -9999.00 -9999.00 -9999.00 217.74 35.86 0.00
0.00 18397.77
62.20 -57.66 -9999.00 -9999.00 -9999.00 225.88 26.79 0.00
0.00 19199.02
54.30 -57.76 -9999.00 -9999.00 -9999.00 211.48 22.32 0.00
0.00 20055.60
46.90 -57.06 -9999.00 -9999.00 -9999.00 201.58 19.02 0.00
0.00 20980.80
40.10 -58.46 -9999.00 -9999.00 -9999.00 213.94 12.18 0.00
0.00 21968.38
33.80 -58.86 -9999.00 -9999.00 -9999.00 222.58 9.75 0.00
0.00 23041.46
27.80 -58.06 -9999.00 -9999.00 -9999.00 298.81 4.43 0.00
0.00 24269.57
22.30 -59.56 -9999.00 -9999.00 -9999.00 332.10 3.73 0.00
0.00 25652.67
17.10 -57.16 -9999.00 -9999.00 -9999.00 170.54 1.18 0.00
0.00 27321.98
12.30 -53.66 -9999.00 -9999.00 -9999.00 237.88 9.87 0.00
0.00 29421.93

STID = KMKX STNM = 198 TIME = 221027/0900 
SLAT = 42.97 SLON = -88.55 SELV = 260.0
STIM = 21

SHOW = 9.36 LIFT = 14.04 SWET = 68.37 KINX = -4.39
LCLP = 980.24 PWAT = 9.29 TOTL = 39.47 CAPE = 0.00
LCLT = 273.69 CINS = 0.00 EQLV = -9999.00 LFCT = -9999.00
BRCH = 0.00

PRES TMPC TMWC DWPC THTE DRCT SKNT OMEG
CFRL HGHT
992.80 1.54 1.22 0.72 286.51 96.34 1.77 0.00
22.00 269.74
989.90 3.14 1.88 0.12 288.01 65.56 4.70 0.00
1.00 293.38
984.50 3.84 1.78 -1.16 288.33 61.61 8.18 0.10
0.00 337.78
975.10 3.54 1.49 -1.45 288.70 54.78 8.08 0.10
0.00 415.69
961.30 2.64 0.85 -1.76 288.85 40.24 6.62 0.10
0.00 531.19
943.60 2.14 0.06 -3.13 289.12 19.03 5.96 0.10
1.00 681.38
922.40 3.34 -0.43 -6.82 290.28 6.20 8.99 0.10
0.00 865.21
899.30 4.44 -0.00 -7.36 293.46 353.85 12.70 0.10
0.00 1071.19
874.20 3.74 -0.07 -5.95 296.12 340.68 15.85 0.20
0.00 1301.28
846.20 1.84 -1.67 -7.48 296.19 336.72 18.18 0.20
0.00 1564.65
815.30 -0.66 -3.99 -10.28 295.41 330.50 16.96 0.20
0.00 1863.15
781.50 -2.76 -6.40 -14.70 295.02 310.33 13.50 0.20
0.00 2199.95
744.70 -4.56 -8.67 -20.38 295.48 284.40 14.84 0.10
0.00 2580.73
705.10 -6.26 -10.81 -27.70 296.80 273.40 19.66 0.10
0.00 3009.17
662.50 -8.66 -12.92 -30.93 299.03 261.80 23.15 0.10
0.00 3493.98
617.00 -12.16 -15.74 -32.67 301.00 258.23 28.57 0.00
0.00 4041.33
569.00 -15.96 -16.59 -18.34 307.34 249.10 29.93 0.10
0.00 4655.91
522.40 -19.86 -20.43 -22.39 309.01 244.35 32.75 0.10
34.00 5294.85
480.40 -24.56 -25.11 -27.72 309.35 244.20 32.58 0.00
21.00 5910.88
442.90 -28.76 -29.14 -31.39 310.64 245.05 43.28 0.00
100.00 6497.55
409.10 -33.76 -34.01 -36.10 310.59 247.54 43.73 0.00
100.00 7059.81
378.50 -36.86 -37.46 -45.69 312.54 243.02 47.51 0.00
28.00 7601.15
350.90 -40.26 -40.92 -56.84 314.33 247.25 52.23 0.00
0.00 8121.10
326.10 -44.66 -44.95 -51.68 315.11 250.00 58.51 0.00
0.00 8616.07
303.80 -48.06 -48.21 -52.28 316.77 245.71 61.38 0.00
10.00 9086.33
283.70 -50.56 -50.74 -57.08 319.28 241.46 65.46 0.00
0.00 9534.86
265.60 -52.46 -52.64 -60.81 322.49 242.49 73.58 0.00
0.00 9962.58
248.70 -53.56 -53.75 -63.51 326.93 244.12 80.11 0.00
0.00 10386.23
233.50 -53.96 -54.18 -66.97 332.22 244.43 80.11 0.10
0.00 10791.24
219.60 -53.76 -54.03 -72.27 338.36 243.18 78.36 0.10
0.00 11185.20
205.60 -53.16 -53.47 -72.72 345.74 241.79 78.48 0.10
0.00 11608.82
191.70 -52.76 -53.11 -73.19 353.36 237.16 76.30 0.10
0.00 12060.00
177.70 -53.36 -9999.00 -9999.00 -9999.00 232.49 75.91 0.10
0.00 12548.55
163.80 -53.86 -9999.00 -9999.00 -9999.00 230.43 78.36 0.10
0.00 13071.97
149.80 -54.26 -9999.00 -9999.00 -9999.00 231.65 78.26 0.10
0.00 13644.95
135.90 -54.96 -9999.00 -9999.00 -9999.00 233.77 69.35 0.00
0.00 14267.90
121.90 -56.46 -56.81 -76.19 395.41 231.40 57.91 0.00
0.00 14959.87
107.90 -57.96 -9999.00 -9999.00 -9999.00 225.80 49.32 0.00
0.00 15730.99
94.00 -59.56 -9999.00 -9999.00 -9999.00 215.34 46.68 0.00
0.00 16596.45
81.00 -58.66 -9999.00 -9999.00 -9999.00 219.39 47.75 0.00
0.00 17529.00
70.60 -56.96 -9999.00 -9999.00 -9999.00 224.05 32.96 0.00
0.00 18395.19
62.20 -57.96 -9999.00 -9999.00 -9999.00 229.49 26.32 0.00
0.00 19194.96
54.30 -58.26 -9999.00 -9999.00 -9999.00 201.04 21.64 0.00
0.00 20049.95
46.90 -57.36 -9999.00 -9999.00 -9999.00 197.63 21.81 0.00
0.00 20973.43
40.10 -58.66 -9999.00 -9999.00 -9999.00 208.37 11.03 0.00
0.00 21959.87
33.80 -59.26 -9999.00 -9999.00 -9999.00 216.87 8.74 0.00
0.00 23031.45
27.80 -59.26 -9999.00 -9999.00 -9999.00 327.53 2.53 0.00
0.00 24254.98
22.30 -60.36 -9999.00 -9999.00 -9999.00 355.24 2.33 0.00
0.00 25631.63
17.10 -57.36 -9999.00 -9999.00 -9999.00 195.52 3.63 0.00
0.00 27297.05
12.30 -53.86 -9999.00 -9999.00 -9999.00 266.27 8.95 0.00
0.00 29395.07
STN YYMMDD/HHMM PMSL PRES SKTC STC1 SNFL WTNS
P01M C01M STC2 LCLD MCLD HCLD
SNRA UWND VWND R01M BFGR T2MS
Q2MS WXTS WXTP WXTZ WXTR USTM
VSTM HLCY SLLH WSYM CDBP VSBK
TD2M
198 221026/1200 1011.50 979.80 2.74 275.90 -9999.00 26.00
-9999.00 -9999.00 276.50 0.00 43.00 0.00
-9999.00 4.30 -3.10 -9999.00 -9999.00 3.14
4.28 0.00 0.00 0.00 0.00 16.80
-10.40 -127.90 -9999.00 999.00 -9999.00 20.00
1.20
198 221026/1300 1013.70 982.00 2.64 275.80 0.00 26.00
0.00 0.00 276.20 0.00 0.00 0.00
-9999.00 3.80 -2.20 -9999.00 -9999.00 2.84
4.28 0.00 0.00 0.00 0.00 18.20
-10.80 -88.20 0.01 999.00 -9999.00 20.00
1.24
198 221026/1400 1015.00 983.30 4.54 277.70 0.00 26.00
0.00 0.00 277.60 7.00 0.00 0.00
-9999.00 4.40 -3.90 -9999.00 -9999.00 4.24
4.36 0.00 0.00 0.00 0.00 18.30
-11.40 -107.60 0.01 999.00 -9999.00 20.00
1.51
198 221026/1500 1016.10 984.40 6.24 279.40 0.00 26.00
0.00 0.00 279.20 100.00 0.00 0.00
-9999.00 4.10 -4.50 -9999.00 -9999.00 5.04
4.52 0.00 0.00 0.00 0.00 18.40
-11.70 -120.00 0.01 999.00 913.50 20.00
2.03
198 221026/1600 1016.80 985.10 6.24 279.40 0.00 26.00
0.00 0.00 279.40 100.00 0.00 0.00
-9999.00 4.80 -4.40 -9999.00 -9999.00 5.14
4.48 0.00 0.00 0.00 0.00 18.00
-12.40 -116.20 0.00 999.00 914.20 0.50
1.91
198 221026/1700 1016.00 984.40 6.74 279.90 0.00 25.00
0.00 0.00 279.90 100.00 0.00 0.00
-9999.00 4.60 -4.40 -9999.00 -9999.00 5.54
4.50 0.00 0.00 0.00 0.00 17.90
-12.20 -125.70 0.00 999.00 913.50 0.09
1.96
198 221026/1800 1016.50 984.90 7.84 281.00 0.00 25.00
0.00 0.00 280.80 100.00 0.00 0.00
-9999.00 4.80 -4.10 -9999.00 -9999.00 6.24
4.55 0.00 0.00 0.00 0.00 18.80
-11.90 -144.70 0.01 999.00 891.10 20.00
2.13
198 221026/1900 1017.60 986.10 8.34 281.50 0.00 25.00
0.00 0.00 281.30 100.00 0.00 0.00
-9999.00 5.00 -3.40 -9999.00 -9999.00 6.74
4.63 0.00 0.00 0.00 0.00 19.00
-11.20 -135.10 0.00 999.00 892.10 20.00
2.39
198 221026/2000 1016.80 985.30 8.04 281.20 0.00 25.00
0.00 0.00 281.30 100.00 0.00 0.00
-9999.00 4.80 -2.60 -9999.00 -9999.00 6.84
4.68 0.00 0.00 0.00 0.00 18.30
-11.30 -97.60 0.00 999.00 891.40 20.00
2.52
198 221026/2100 1018.50 986.90 7.44 280.60 0.00 25.00
0.00 0.00 280.70 100.00 0.00 0.00
-9999.00 4.40 -2.10 -9999.00 -9999.00 6.74
4.70 0.00 0.00 0.00 0.00 17.10
-11.90 -69.20 -0.01 999.00 892.90 20.00
2.61
198 221026/2200 1019.50 988.00 6.44 279.60 0.00 25.00
0.00 0.00 279.90 96.00 0.00 0.00
-9999.00 3.90 -2.10 -9999.00 -9999.00 6.34
4.63 0.00 0.00 0.00 0.00 16.80
-12.10 -66.00 -0.01 999.00 893.80 20.00
2.41
198 221026/2300 1020.90 989.20 5.24 278.40 0.00 25.00
0.00 0.00 278.80 47.00 0.00 0.00
-9999.00 2.40 -1.40 -9999.00 -9999.00 5.44
4.73 0.00 0.00 0.00 0.00 16.00
-12.50 -59.20 -0.01 999.00 -9999.00 20.00
2.73
198 221027/0000 1021.30 989.50 3.84 277.00 0.00 25.00
0.00 0.00 277.60 25.00 0.00 0.00
-9999.00 1.60 -0.20 -9999.00 -9999.00 4.44
4.75 0.00 0.00 0.00 0.00 14.40
-12.40 -38.90 -0.01 999.00 -9999.00 20.00
2.79
198 221027/0100 1021.80 990.00 3.44 276.60 0.00 25.00
0.00 0.00 277.10 18.00 0.00 0.00
-9999.00 2.10 0.10 -9999.00 -9999.00 3.84
4.69 0.00 0.00 0.00 0.00 13.80
-11.60 -25.90 0.00 999.00 -9999.00 20.00
2.62
198 221027/0200 1022.40 990.40 2.64 275.80 0.00 25.00
0.00 0.00 276.40 8.00 0.00 0.00
-9999.00 2.10 -0.20 -9999.00 -9999.00 3.04
4.56 0.00 0.00 0.00 0.00 13.90
-10.60 -29.10 0.00 999.00 -9999.00 20.00
2.23
198 221027/0300 1023.20 991.10 2.04 275.20 0.00 25.00
0.00 0.00 275.80 4.00 5.00 0.00
-9999.00 2.00 -0.80 -9999.00 -9999.00 2.44
4.41 0.00 0.00 0.00 0.00 14.60
-8.90 -34.10 0.00 999.00 -9999.00 20.00
1.78
198 221027/0400 1024.60 992.50 1.44 274.60 0.00 25.00
0.00 0.00 275.20 3.00 44.00 0.00
-9999.00 1.60 -0.80 -9999.00 -9999.00 1.84
4.27 0.00 0.00 0.00 0.00 14.60
-7.00 -36.60 0.00 999.00 -9999.00 20.00
1.35
198 221027/0500 1023.90 991.70 0.84 274.00 0.00 25.00
0.00 0.00 274.60 4.00 100.00 0.00
-9999.00 0.90 -1.30 -9999.00 -9999.00 1.34
4.13 0.00 0.00 0.00 0.00 14.40
-6.20 -65.20 0.00 999.00 -9999.00 20.00
0.88
198 221027/0600 1024.20 992.00 0.44 273.60 0.00 25.00
0.00 0.00 274.10 3.00 100.00 0.00
-9999.00 -0.40 -1.50 -9999.00 -9999.00 1.04
4.02 0.00 0.00 0.00 0.00 13.50
-6.80 -95.90 0.00 999.00 -9999.00 20.00
0.51
198 221027/0700 1025.00 992.70 -0.16 273.00 0.00 25.00
0.00 0.00 273.60 7.00 100.00 0.00
-9999.00 -0.70 -0.20 -9999.00 -9999.00 0.64
3.91 0.00 0.00 0.00 0.00 12.40
-7.20 -93.80 0.00 999.00 -9999.00 20.00
0.14
198 221027/0800 1026.30 994.00 -0.26 272.90 0.00 25.00
0.00 0.00 273.30 14.00 100.00 0.00
-9999.00 -0.30 0.20 -9999.00 -9999.00 0.44
3.88 0.00 0.00 0.00 0.00 12.10
-7.20 -96.00 0.00 999.00 -9999.00 20.00
0.05
198 221027/0900 1026.40 994.00 0.24 273.40 0.00 25.00
0.00 0.00 273.80 22.00 100.00 0.00
-9999.00 -1.10 -0.10 -9999.00 -9999.00 0.64
3.97 0.00 0.00 0.00 0.00 11.60
-7.00 -116.90 0.00 999.00 -9999.00 20.00
0.37


