
SNPARM = PRES;TMPC;TMWC;DWPC;THTE;DRCT;SKNT;OMEG;CFRL;HGHT 
STNPRM = SHOW;LIFT;SWET;KINX;LCLP;PWAT;TOTL;CAPE;LCLT;CINS;EQLV;LFCT;BRCH 

STID = KMOB STNM = 722230 TIME = 221026/1200 
SLAT = 30.68 SLON = -88.25 SELV = 58.0
STIM = 0

SHOW = 14.44 LIFT = 20.27 SWET = 54.68 KINX = -20.65
LCLP = 968.38 PWAT = 10.21 TOTL = 24.23 CAPE = 0.00
LCLT = 280.64 CINS = 0.00 EQLV = -9999.00 LFCT = -9999.00
BRCH = 0.00

PRES TMPC TMWC DWPC THTE DRCT SKNT OMEG
CFRL HGHT
1006.90 10.64 9.29 8.07 302.10 336.37 3.40 0.00
0.00 67.11
1003.90 11.54 9.42 7.54 302.74 338.96 10.82 0.10
0.00 92.03
998.40 11.94 9.34 7.02 303.13 341.82 13.69 0.10
0.00 138.02
988.80 12.04 8.84 5.89 302.94 348.25 20.05 0.20
0.00 218.97
974.80 11.44 7.84 4.30 302.05 351.80 23.15 0.20
0.00 338.29
956.70 10.34 6.34 2.03 300.55 356.58 26.07 0.30
0.00 494.59
935.20 9.94 4.91 -1.19 299.64 357.03 26.26 0.30
0.00 683.55
911.60 11.34 4.41 -4.85 301.01 348.27 21.04 0.30
0.00 896.30
886.00 13.44 4.85 -6.78 304.78 315.53 14.98 0.20
0.00 1134.77
857.40 13.64 5.18 -5.30 309.10 280.44 15.02 0.20
0.00 1410.60
825.80 13.44 4.65 -6.37 311.85 273.01 18.47 0.20
0.00 1726.29
791.20 13.34 3.32 -11.20 313.08 267.05 18.86 0.20
0.00 2085.83
753.60 11.84 1.43 -16.52 313.73 261.25 17.89 0.20
0.00 2493.49
713.00 10.14 -0.65 -24.52 314.67 262.73 18.41 0.10
0.00 2954.40
669.40 8.14 -2.66 -33.81 316.71 259.38 18.98 0.10
0.00 3475.96
622.80 4.34 -5.30 -37.32 318.66 260.46 22.26 0.00
0.00 4066.17
573.70 -0.66 -8.46 -33.67 320.85 270.00 25.06 0.10
0.00 4727.30
526.20 -5.26 -11.74 -35.08 323.25 277.53 23.72 0.10
0.00 5410.98
483.40 -9.96 -15.36 -39.79 324.93 280.35 22.71 0.20
0.00 6070.52
445.20 -14.76 -19.07 -42.69 326.41 267.89 26.44 0.10
0.00 6699.02
410.80 -19.36 -22.81 -47.37 327.78 258.54 29.33 0.00
0.00 7301.89
379.80 -23.66 -26.42 -52.28 329.33 257.51 31.43 -0.10
0.00 7879.87
351.90 -27.96 -30.09 -55.33 330.70 254.89 32.79 -0.10
0.00 8432.29
326.80 -32.16 -33.79 -59.19 331.90 248.01 33.72 -0.10
0.00 8958.85
304.20 -36.26 -37.48 -61.98 332.96 247.75 36.95 -0.10
0.00 9460.07
284.00 -39.66 -40.59 -62.51 334.69 254.33 44.58 -0.10
0.00 9933.11
265.70 -42.16 -42.93 -63.01 337.47 262.39 57.23 -0.10
0.00 10385.91
248.80 -44.96 -45.56 -63.51 339.69 262.02 61.60 0.00
0.00 10827.58
233.60 -47.86 -48.32 -63.98 341.47 259.68 59.63 0.00
0.00 11245.97
219.60 -50.26 -50.64 -67.41 343.81 260.17 60.33 0.00
0.00 11651.37
205.60 -52.26 -52.60 -72.72 347.15 262.37 59.96 0.00
0.00 12079.23
191.70 -54.56 -54.84 -73.19 350.48 262.12 56.68 0.00
0.00 12529.49
177.70 -57.56 -57.76 -73.70 353.24 262.22 54.51 0.00
0.00 13011.39
163.80 -61.06 -61.20 -74.24 355.68 262.98 54.02 0.00
0.00 13521.22
149.80 -64.36 -9999.00 -9999.00 -9999.00 263.19 52.43 0.00
0.00 14071.58
135.90 -67.26 -9999.00 -9999.00 -9999.00 261.45 48.33 0.00
0.00 14662.60
121.90 -69.86 -9999.00 -9999.00 -9999.00 260.91 39.34 0.00
0.00 15313.68
108.00 -72.46 -9999.00 -9999.00 -9999.00 252.23 31.82 0.00
0.00 16029.50
94.00 -71.96 -9999.00 -9999.00 -9999.00 247.91 28.92 0.00
0.00 16846.11
81.00 -68.96 -9999.00 -9999.00 -9999.00 253.04 16.65 0.00
0.00 17729.21
70.60 -68.06 -9999.00 -9999.00 -9999.00 229.97 6.33 0.00
0.00 18552.37
62.20 -68.16 -9999.00 -9999.00 -9999.00 195.75 7.87 0.00
0.00 19312.65
54.30 -67.16 -9999.00 -9999.00 -9999.00 207.76 4.18 0.00
0.00 20129.67
46.90 -63.56 -9999.00 -9999.00 -9999.00 65.32 7.91 0.00
0.00 21020.77
40.10 -61.76 -9999.00 -9999.00 -9999.00 74.54 18.94 0.00
0.00 21985.88
33.80 -60.36 -9999.00 -9999.00 -9999.00 61.86 9.48 0.00
0.00 23046.96
27.80 -59.16 -9999.00 -9999.00 -9999.00 355.03 8.97 0.00
0.00 24267.62
22.30 -57.26 -9999.00 -9999.00 -9999.00 335.30 10.68 0.00
0.00 25654.60
17.10 -52.76 -9999.00 -9999.00 -9999.00 278.04 16.67 0.00
0.00 27349.94
12.30 -46.46 -9999.00 -9999.00 -9999.00 258.81 36.03 0.00
0.00 29505.83

STID = KMOB STNM = 722230 TIME = 221026/1300 
SLAT = 30.68 SLON = -88.25 SELV = 58.0
STIM = 1

SHOW = 15.46 LIFT = 20.95 SWET = 55.21 KINX = -23.67
LCLP = 959.72 PWAT = 9.46 TOTL = 21.50 CAPE = 0.00
LCLT = 280.34 CINS = 0.00 EQLV = -9999.00 LFCT = -9999.00
BRCH = 0.00

PRES TMPC TMWC DWPC THTE DRCT SKNT OMEG
CFRL HGHT
1007.90 11.14 9.43 7.91 302.33 334.54 4.53 0.00
0.00 67.11
1004.90 11.34 9.17 7.21 302.02 338.75 11.25 0.10
0.00 92.03
999.40 11.44 8.91 6.59 301.98 340.23 13.21 0.10
0.00 137.91
989.80 11.74 8.36 5.12 301.67 349.89 19.93 0.20
0.00 218.64
975.80 11.24 7.31 3.27 300.70 355.07 22.61 0.20
0.00 337.71
957.70 10.34 5.81 0.65 299.23 358.64 24.48 0.30
0.00 493.76
936.10 10.34 4.63 -2.67 298.88 356.19 23.37 0.30
0.00 683.49
912.50 11.84 4.59 -5.11 301.29 343.12 18.07 0.30
0.00 896.34
886.90 13.44 4.88 -6.67 304.75 310.19 14.74 0.30
0.00 1134.78
858.30 13.94 4.57 -8.44 307.40 280.12 16.57 0.20
0.00 1410.42
826.70 13.44 4.26 -7.98 310.73 272.86 19.44 0.20
0.00 1725.84
792.00 13.24 3.09 -12.19 312.38 267.73 19.64 0.20
0.00 2085.92
754.30 12.04 1.31 -18.14 313.29 265.70 18.12 0.20
0.00 2494.30
713.60 10.34 -0.61 -25.29 314.65 265.50 17.35 0.10
0.00 2956.23
669.90 8.04 -2.65 -32.62 316.68 259.07 17.40 0.10
0.00 3478.66
623.30 4.24 -5.37 -37.71 318.43 262.74 19.97 0.10
0.00 4068.21
574.10 -0.46 -8.28 -32.66 321.17 271.49 22.34 0.10
0.00 4730.32
526.50 -4.96 -11.60 -35.93 323.45 279.55 19.89 0.20
0.00 5415.64
483.70 -9.96 -15.36 -39.78 324.87 280.07 21.11 0.20
0.00 6075.15
445.40 -14.96 -19.21 -42.69 326.11 266.89 25.10 0.10
0.00 6704.72
411.00 -19.56 -22.98 -48.08 327.43 257.30 28.28 0.00
0.00 7306.84
379.90 -23.86 -26.60 -53.41 329.00 253.41 30.61 -0.10
0.00 7885.99
352.00 -28.26 -30.34 -55.32 330.27 249.44 31.53 -0.10
0.00 8437.70
326.90 -32.66 -34.20 -57.41 331.23 244.47 33.80 -0.10
0.00 8963.24
304.30 -36.46 -37.63 -59.75 332.69 246.84 38.03 -0.10
0.00 9463.58
284.00 -39.56 -40.48 -60.29 334.87 255.47 44.15 -0.10
0.00 9938.79
265.80 -41.76 -42.54 -60.80 338.06 263.24 56.14 0.00
0.00 10389.51
248.80 -45.06 -45.63 -61.32 339.59 262.25 57.63 0.00
0.00 10834.00
233.60 -48.16 -48.60 -63.98 341.02 259.70 56.47 0.00
0.00 11252.03
219.60 -50.36 -50.74 -67.41 343.65 259.94 57.81 0.00
0.00 11657.06
205.60 -52.26 -52.60 -72.72 347.15 261.49 57.75 0.00
0.00 12084.83
191.70 -54.56 -54.84 -73.19 350.48 260.78 53.32 0.00
0.00 12535.09
177.70 -57.36 -57.57 -73.70 353.56 259.61 49.57 0.00
0.00 13017.21
163.80 -60.86 -61.00 -74.24 356.02 261.51 48.70 0.00
0.00 13527.52
149.80 -64.46 -9999.00 -9999.00 -9999.00 263.02 47.94 0.00
0.00 14078.01
135.90 -67.36 -9999.00 -9999.00 -9999.00 260.70 45.67 0.00
0.00 14668.74
121.90 -69.76 -9999.00 -9999.00 -9999.00 259.59 38.71 0.00
0.00 15319.82
108.00 -72.26 -9999.00 -9999.00 -9999.00 252.84 30.28 0.00
0.00 16036.18
94.00 -72.06 -9999.00 -9999.00 -9999.00 247.62 28.57 0.00
0.00 16852.99
81.00 -69.06 -9999.00 -9999.00 -9999.00 254.80 16.30 0.00
0.00 17735.66
70.60 -68.16 -9999.00 -9999.00 -9999.00 222.80 7.15 0.00
0.00 18558.41
62.20 -67.66 -9999.00 -9999.00 -9999.00 204.94 9.21 0.00
0.00 19319.43
54.30 -65.66 -9999.00 -9999.00 -9999.00 206.57 2.60 0.00
0.00 20140.43
46.90 -62.66 -9999.00 -9999.00 -9999.00 72.43 12.22 0.00
0.00 21036.67
40.10 -61.76 -9999.00 -9999.00 -9999.00 78.82 17.04 0.00
0.00 22003.86
33.80 -59.66 -9999.00 -9999.00 -9999.00 46.33 5.91 0.00
0.00 23066.68
27.80 -58.76 -9999.00 -9999.00 -9999.00 348.44 8.72 0.00
0.00 24290.49
22.30 -57.16 -9999.00 -9999.00 -9999.00 342.72 9.15 0.00
0.00 25679.08
17.10 -53.06 -9999.00 -9999.00 -9999.00 284.04 15.21 0.00
0.00 27373.65
12.30 -46.86 -9999.00 -9999.00 -9999.00 258.44 34.89 0.00
0.00 29526.16

STID = KMOB STNM = 722230 TIME = 221026/1400 
SLAT = 30.68 SLON = -88.25 SELV = 58.0
STIM = 2

SHOW = 15.92 LIFT = 21.33 SWET = 52.79 KINX = -24.27
LCLP = 915.33 PWAT = 8.89 TOTL = 20.28 CAPE = 0.00
LCLT = 278.45 CINS = 0.00 EQLV = -9999.00 LFCT = -9999.00
BRCH = 0.00

PRES TMPC TMWC DWPC THTE DRCT SKNT OMEG
CFRL HGHT
1008.80 13.14 9.75 6.71 302.97 353.37 8.41 0.00
0.00 68.00
1005.80 12.74 9.36 6.28 302.36 353.77 10.74 0.10
0.00 93.03
1000.30 12.24 8.96 5.90 301.97 354.56 12.30 0.10
0.00 139.04
990.80 11.54 8.31 5.21 301.45 356.38 15.38 0.10
0.00 218.94
976.70 10.94 6.92 2.67 299.72 358.25 19.04 0.20
0.00 338.63
958.60 10.44 5.25 -1.11 297.85 359.47 21.17 0.30
0.00 494.44
937.00 11.14 4.48 -4.57 298.38 358.41 20.98 0.30
0.00 684.24
913.40 12.44 4.78 -5.56 301.55 343.30 16.22 0.30
0.00 897.37
887.70 13.54 5.07 -6.12 305.10 314.46 14.70 0.20
0.00 1136.81
859.10 13.84 4.41 -8.99 306.90 285.02 16.49 0.20
0.00 1412.19
827.40 13.34 3.66 -10.58 309.11 275.60 19.91 0.10
0.00 1728.17
792.70 13.04 2.67 -14.07 311.24 269.43 19.42 0.10
0.00 2087.67
754.90 12.04 1.15 -19.56 312.76 268.03 16.92 0.00
0.00 2496.60
714.20 10.44 -0.50 -24.65 314.82 265.54 15.00 0.00
0.00 2958.21
670.40 7.84 -2.72 -31.81 316.49 255.26 15.27 -0.10
0.00 3481.35
623.70 4.24 -5.35 -37.31 318.41 261.16 17.70 0.00
0.00 4071.55
574.40 -0.26 -8.08 -31.51 321.53 270.00 19.42 0.10
0.00 4734.87
526.70 -4.76 -11.53 -37.17 323.51 279.01 16.12 0.10
0.00 5421.83
483.90 -10.06 -15.41 -39.40 324.75 279.94 19.13 0.00
0.00 6081.19
445.50 -15.06 -19.30 -43.16 325.93 267.09 22.96 0.00
0.00 6711.96
411.10 -19.66 -23.05 -48.07 327.28 256.57 26.77 -0.10
0.00 7313.70
380.00 -23.96 -26.66 -52.28 328.88 250.62 29.86 -0.10
0.00 7892.48
352.00 -28.46 -30.48 -54.05 330.04 245.71 30.69 -0.10
0.00 8445.76
326.90 -32.86 -34.35 -55.93 330.99 242.12 34.07 -0.10
0.00 8970.87
304.30 -36.46 -37.63 -59.75 332.69 248.46 39.69 -0.10
0.00 9471.00
284.00 -39.46 -40.39 -60.29 335.02 257.08 46.04 -0.10
0.00 9946.31
265.80 -41.96 -42.72 -60.80 337.77 262.47 54.86 -0.10
0.00 10396.94
248.80 -45.26 -45.82 -61.32 339.29 261.69 53.79 -0.10
0.00 10841.04
233.60 -48.16 -48.60 -63.98 341.02 259.38 53.75 -0.10
0.00 11258.88
219.60 -50.46 -50.83 -67.41 343.50 259.75 55.67 -0.10
0.00 11663.83
205.60 -52.36 -52.70 -72.72 346.99 261.84 56.12 0.00
0.00 12091.40
191.70 -54.66 -54.94 -73.19 350.32 261.33 52.86 0.00
0.00 12541.45
177.70 -57.36 -57.57 -73.70 353.56 258.41 47.40 0.00
0.00 13023.46
163.80 -60.56 -9999.00 -9999.00 -9999.00 259.32 45.07 0.00
0.00 13534.13
149.80 -64.26 -9999.00 -9999.00 -9999.00 260.62 44.09 0.00
0.00 14085.27
135.90 -67.36 -9999.00 -9999.00 -9999.00 258.03 43.08 0.00
0.00 14676.29
121.90 -69.66 -9999.00 -9999.00 -9999.00 256.61 37.74 0.00
0.00 15327.52
108.00 -71.96 -9999.00 -9999.00 -9999.00 253.95 29.51 0.00
0.00 16044.59
94.00 -72.16 -9999.00 -9999.00 -9999.00 253.57 28.15 0.00
0.00 16861.81
81.00 -69.26 -9999.00 -9999.00 -9999.00 265.82 15.97 0.00
0.00 17743.83
70.60 -68.26 -9999.00 -9999.00 -9999.00 229.76 6.62 0.00
0.00 18565.97
62.20 -67.46 -9999.00 -9999.00 -9999.00 214.44 8.24 0.00
0.00 19327.18
54.30 -65.26 -9999.00 -9999.00 -9999.00 126.87 0.97 0.00
0.00 20149.37
46.90 -63.26 -9999.00 -9999.00 -9999.00 80.41 13.99 0.00
0.00 21045.18
40.10 -61.26 -9999.00 -9999.00 -9999.00 86.19 14.61 0.00
0.00 22012.14
33.80 -58.76 -9999.00 -9999.00 -9999.00 71.08 7.19 0.00
0.00 23078.46
27.80 -58.06 -9999.00 -9999.00 -9999.00 38.00 7.89 0.00
0.00 24306.85
22.30 -56.26 -9999.00 -9999.00 -9999.00 18.43 6.76 0.00
0.00 25700.61
17.10 -51.86 -9999.00 -9999.00 -9999.00 286.77 14.80 0.00
0.00 27403.33
12.30 -46.16 -9999.00 -9999.00 -9999.00 266.69 36.97 0.00
0.00 29565.01

STID = KMOB STNM = 722230 TIME = 221026/1500 
SLAT = 30.68 SLON = -88.25 SELV = 58.0
STIM = 3

SHOW = 15.67 LIFT = 20.95 SWET = 49.59 KINX = -22.10
LCLP = 877.72 PWAT = 8.92 TOTL = 21.19 CAPE = 0.00
LCLT = 276.34 CINS = 0.00 EQLV = -9999.00 LFCT = -9999.00
BRCH = 0.00

PRES TMPC TMWC DWPC THTE DRCT SKNT OMEG
CFRL HGHT
1009.30 14.44 9.66 5.19 302.64 352.57 9.01 0.00
0.00 67.20
1006.20 13.94 9.20 4.65 301.86 353.12 11.34 0.00
0.00 93.16
1000.70 13.34 8.77 4.30 301.42 353.76 12.51 0.10
0.00 139.32
991.10 12.54 8.23 3.94 301.18 354.21 13.48 0.10
0.00 220.30
977.00 11.34 7.40 3.37 300.78 354.60 14.43 0.10
0.00 340.24
959.00 10.14 5.97 1.32 299.46 356.78 17.31 0.20
2.00 495.20
937.30 11.24 4.33 -5.32 298.00 357.11 19.25 0.30
0.00 685.78
913.70 12.64 4.86 -5.65 301.68 346.64 15.97 0.30
0.00 898.94
888.10 13.64 5.33 -5.28 305.70 323.13 15.54 0.20
0.00 1137.49
859.40 13.54 4.68 -7.13 307.60 298.39 16.34 0.20
0.00 1413.67
827.70 13.04 3.28 -11.78 308.18 283.08 19.74 0.20
0.00 1729.22
792.90 12.74 2.07 -17.17 309.73 273.54 18.88 0.10
0.00 2089.21
755.20 11.94 1.07 -19.78 312.55 270.00 15.73 0.10
0.00 2496.59
714.40 10.34 -0.39 -22.94 315.08 265.03 13.46 0.00
0.00 2959.03
670.60 7.54 -2.87 -31.55 316.16 253.95 14.76 0.00
0.00 3481.67
623.90 4.14 -5.39 -36.91 318.30 259.70 17.37 0.00
0.00 4071.26
574.60 -0.36 -8.11 -31.08 321.45 266.96 18.28 0.10
0.00 4734.12
526.90 -4.76 -11.55 -37.50 323.44 275.04 13.27 0.10
0.00 5420.71
483.90 -10.26 -15.52 -39.03 324.54 281.58 16.45 0.00
0.00 6082.78
445.60 -15.26 -19.44 -43.16 325.65 268.35 20.20 0.00
0.00 6711.35
411.20 -19.76 -23.13 -48.07 327.13 257.75 25.64 0.00
0.00 7312.60
380.00 -24.06 -26.72 -51.27 328.79 250.11 29.12 0.00
0.00 7892.95
352.00 -28.76 -30.71 -52.93 329.68 241.97 30.59 -0.10
0.00 8445.78
326.90 -32.96 -34.43 -55.93 330.85 242.02 35.20 -0.10
0.00 8970.46
304.30 -36.46 -37.63 -59.75 332.69 251.74 40.91 0.00
0.00 9470.48
284.00 -39.46 -40.39 -60.29 335.02 260.16 48.89 0.00
0.00 9945.79
265.80 -42.16 -42.90 -60.80 337.47 263.66 56.29 0.00
0.00 10396.23
248.80 -45.46 -46.00 -61.32 338.99 261.99 52.97 0.10
0.00 10839.94
233.60 -48.36 -48.79 -63.98 340.71 259.62 51.75 0.10
0.00 11257.41
219.60 -50.56 -50.93 -67.41 343.35 260.54 54.35 0.10
0.00 11662.09
205.60 -52.56 -52.89 -72.72 346.68 262.88 54.82 0.10
0.00 12089.37
191.70 -54.86 -55.13 -73.19 349.99 262.48 51.92 0.10
0.00 12539.01
177.70 -57.36 -57.57 -73.70 353.56 259.20 46.68 0.10
0.00 13020.80
163.80 -60.36 -9999.00 -9999.00 -9999.00 258.34 43.24 0.10
0.00 13531.71
149.80 -63.76 -9999.00 -9999.00 -9999.00 257.81 42.33 0.10
0.00 14083.76
135.90 -67.06 -9999.00 -9999.00 -9999.00 254.79 41.47 0.10
0.00 14675.92
121.90 -69.46 -9999.00 -9999.00 -9999.00 254.26 37.94 0.00
0.00 15327.95
108.00 -71.36 -9999.00 -9999.00 -9999.00 254.71 30.21 0.00
0.00 16046.44
94.00 -71.86 -9999.00 -9999.00 -9999.00 257.13 27.89 0.00
0.00 16865.49
81.00 -68.96 -9999.00 -9999.00 -9999.00 266.42 15.58 0.00
0.00 17748.81
70.60 -67.76 -9999.00 -9999.00 -9999.00 226.04 7.56 0.00
0.00 18572.57
62.20 -66.96 -9999.00 -9999.00 -9999.00 221.05 7.98 0.00
0.00 19335.63
54.30 -65.26 -9999.00 -9999.00 -9999.00 104.04 2.41 0.00
0.00 20158.81
46.90 -64.36 -9999.00 -9999.00 -9999.00 89.12 12.63 0.00
0.00 21052.27
40.10 -61.46 -9999.00 -9999.00 -9999.00 91.74 12.82 0.00
0.00 22016.24
33.80 -59.16 -9999.00 -9999.00 -9999.00 75.26 7.63 0.00
0.00 23081.06
27.80 -58.16 -9999.00 -9999.00 -9999.00 39.64 8.84 0.00
0.00 24308.02
22.30 -56.36 -9999.00 -9999.00 -9999.00 19.36 7.61 0.00
0.00 25701.13
17.10 -52.46 -9999.00 -9999.00 -9999.00 282.99 12.96 0.00
0.00 27401.13
12.30 -46.66 -9999.00 -9999.00 -9999.00 263.39 32.07 0.00
0.00 29557.51

STID = KMOB STNM = 722230 TIME = 221026/1600 
SLAT = 30.68 SLON = -88.25 SELV = 58.0
STIM = 4

SHOW = 15.10 LIFT = 20.16 SWET = 45.65 KINX = -19.71
LCLP = 850.64 PWAT = 9.45 TOTL = 22.62 CAPE = 0.00
LCLT = 275.17 CINS = 0.00 EQLV = -9999.00 LFCT = -9999.00
BRCH = 0.00

PRES TMPC TMWC DWPC THTE DRCT SKNT OMEG
CFRL HGHT
1008.60 15.74 9.93 4.44 303.32 348.69 8.92 0.00
0.00 67.25
1005.60 15.14 9.47 3.98 302.52 349.51 10.66 0.00
0.00 92.49
1000.00 14.54 9.08 3.73 302.20 350.22 11.44 0.00
0.00 139.71
990.50 13.64 8.52 3.40 301.89 350.10 12.43 0.00
0.00 220.21
976.40 12.34 7.74 3.05 301.61 350.54 13.00 0.10
0.00 340.65
958.30 10.84 6.80 2.58 301.43 351.63 13.34 0.10
0.00 497.07
936.80 10.54 4.73 -2.66 299.03 352.50 14.90 0.20
1.00 686.06
913.10 12.54 4.86 -5.42 301.78 349.82 15.38 0.20
0.00 900.00
887.50 13.74 5.46 -4.98 306.07 328.39 14.82 0.20
0.00 1138.72
858.80 13.64 4.87 -6.55 308.13 309.29 16.57 0.20
0.00 1415.20
827.20 13.04 3.83 -9.02 309.63 291.80 18.82 0.20
0.00 1730.07
792.50 12.64 2.09 -16.62 309.85 281.43 17.64 0.20
0.00 2089.22
754.70 11.84 1.15 -18.63 312.86 273.09 14.39 0.10
0.00 2497.79
714.00 10.24 -0.31 -21.57 315.39 266.31 12.06 0.00
0.00 2959.26
670.30 7.44 -2.94 -31.81 316.05 256.53 14.18 0.00
0.00 3480.79
623.60 4.04 -5.35 -34.53 318.48 260.96 17.31 0.10
0.00 4070.46
574.30 -0.46 -8.15 -30.68 321.45 262.54 16.45 0.10
0.00 4733.43
526.70 -4.76 -11.56 -37.85 323.44 261.42 10.41 0.00
0.00 5418.76
483.80 -10.36 -15.59 -39.03 324.43 275.36 12.49 0.00
0.00 6079.36
445.50 -15.36 -19.51 -43.16 325.55 260.86 17.11 -0.10
0.00 6707.83
411.10 -19.76 -23.11 -47.36 327.19 254.24 25.02 -0.10
0.00 7309.10
379.90 -24.26 -26.86 -50.37 328.59 245.56 28.17 -0.10
0.00 7889.36
352.00 -28.86 -30.77 -51.93 329.59 237.09 31.47 -0.10
0.00 8439.97
326.90 -32.96 -34.43 -55.93 330.85 243.57 36.65 -0.10
0.00 8964.54
304.30 -36.26 -37.45 -59.75 332.97 254.27 42.99 0.00
0.00 9464.77
284.00 -39.16 -40.12 -60.29 335.45 261.72 52.60 0.00
0.00 9940.58
265.80 -42.16 -42.90 -60.80 337.47 264.49 56.59 0.00
0.00 10391.31
248.80 -45.36 -45.91 -61.32 339.14 262.18 51.38 0.10
0.00 10835.12
233.60 -48.16 -48.60 -63.98 341.02 259.58 51.55 0.10
0.00 11252.87
219.60 -50.06 -50.45 -67.41 344.12 261.62 55.96 0.10
0.00 11658.18
205.60 -52.16 -52.51 -72.72 347.31 263.66 54.53 0.10
0.00 12086.33
191.70 -54.66 -54.94 -73.19 350.32 263.32 50.08 0.00
0.00 12536.59
177.70 -57.26 -57.47 -73.70 353.73 260.18 45.53 0.00
0.00 13018.71
163.80 -60.16 -60.32 -74.24 357.19 258.85 41.18 0.00
0.00 13529.97
149.80 -63.26 -9999.00 -9999.00 -9999.00 257.83 40.54 0.00
0.00 14082.94
135.90 -66.66 -9999.00 -9999.00 -9999.00 254.55 40.11 0.00
0.00 14676.39
121.90 -69.36 -9999.00 -9999.00 -9999.00 254.88 37.22 0.00
0.00 15329.21
108.00 -71.16 -9999.00 -9999.00 -9999.00 256.50 29.97 -0.10
0.00 16048.23
94.00 -72.26 -9999.00 -9999.00 -9999.00 260.47 26.98 0.00
0.00 16866.87
81.00 -69.56 -9999.00 -9999.00 -9999.00 270.00 14.37 0.00
0.00 17748.01
70.60 -68.36 -9999.00 -9999.00 -9999.00 213.69 6.29 0.00
0.00 18569.36
62.20 -67.26 -9999.00 -9999.00 -9999.00 205.82 6.68 0.00
0.00 19330.75
54.30 -65.76 -9999.00 -9999.00 -9999.00 109.98 4.55 0.00
0.00 20152.34
46.90 -65.16 -9999.00 -9999.00 -9999.00 95.19 10.72 0.00
0.00 21043.01
40.10 -61.56 -9999.00 -9999.00 -9999.00 92.20 10.10 0.00
0.00 22004.92
33.80 -59.36 -9999.00 -9999.00 -9999.00 58.74 6.37 0.00
0.00 23069.00
27.80 -58.26 -9999.00 -9999.00 -9999.00 35.27 9.75 0.00
0.00 24295.10
22.30 -57.06 -9999.00 -9999.00 -9999.00 24.78 5.56 0.00
0.00 25685.62
17.10 -52.86 -9999.00 -9999.00 -9999.00 266.68 13.42 0.00
0.00 27381.35
12.30 -46.76 -9999.00 -9999.00 -9999.00 257.55 28.85 0.00
0.00 29535.31

STID = KMOB STNM = 722230 TIME = 221026/1700 
SLAT = 30.68 SLON = -88.25 SELV = 58.0
STIM = 5

SHOW = 14.56 LIFT = 19.08 SWET = 43.01 KINX = -17.40
LCLP = 826.00 PWAT = 10.21 TOTL = 23.72 CAPE = 0.00
LCLT = 274.26 CINS = 0.00 EQLV = -9999.00 LFCT = -9999.00
BRCH = 0.00

PRES TMPC TMWC DWPC THTE DRCT SKNT OMEG
CFRL HGHT
1007.70 17.14 10.34 3.92 304.38 342.90 7.93 0.00
0.00 68.14
1004.80 16.44 9.88 3.54 303.55 342.72 9.15 0.00
0.00 92.68
999.20 15.84 9.51 3.32 303.27 343.74 9.71 0.00
0.00 140.14
989.70 14.94 8.96 3.01 302.98 343.61 10.33 0.00
0.00 221.07
975.60 13.64 8.19 2.66 302.71 344.48 10.88 0.00
0.00 342.15
957.60 12.04 7.26 2.31 302.54 344.74 11.07 0.10
0.00 498.49
936.00 10.74 5.80 0.21 301.54 345.00 11.27 0.10
1.00 689.02
912.40 12.24 4.94 -4.57 302.07 343.81 12.55 0.20
0.00 902.25
886.80 13.84 5.49 -5.03 306.22 326.31 13.31 0.30
0.00 1141.09
858.20 13.94 5.03 -6.47 308.57 310.67 16.39 0.20
0.00 1417.01
826.50 13.24 4.33 -7.29 310.95 298.76 18.16 0.20
0.00 1733.43
791.90 12.54 2.93 -11.19 312.12 289.48 16.90 0.20
0.00 2092.01
754.20 11.64 1.30 -16.77 313.34 275.63 13.85 0.10
0.00 2499.69
713.50 9.94 -0.36 -20.54 315.41 267.18 11.87 0.10
0.00 2961.10
669.80 7.34 -2.94 -30.82 316.15 262.78 13.91 0.10
0.00 3482.67
623.20 3.84 -5.29 -31.11 318.77 265.60 17.74 0.10
0.00 4071.19
574.00 -0.56 -8.18 -30.28 321.45 260.77 15.73 0.10
0.00 4732.88
526.40 -4.86 -11.61 -37.51 323.41 241.39 9.73 0.00
0.00 5418.34
483.60 -10.56 -15.73 -39.04 324.22 259.38 9.48 0.00
0.00 6077.35
445.30 -15.56 -19.66 -43.17 325.34 251.80 14.92 -0.10
0.00 6705.61
411.00 -20.06 -23.32 -46.70 326.87 251.27 23.58 -0.10
0.00 7304.76
379.90 -24.66 -27.14 -48.77 328.14 242.17 27.47 -0.20
0.00 7882.43
351.90 -29.06 -30.94 -51.93 329.34 237.88 31.43 -0.10
0.00 8434.41
326.80 -33.06 -34.52 -55.93 330.74 247.09 35.43 -0.10
0.00 8958.81
304.30 -36.16 -37.36 -59.75 333.11 257.66 44.54 0.00
0.00 9456.91
284.00 -38.96 -39.94 -60.29 335.73 264.25 54.27 0.00
0.00 9933.03
265.80 -42.16 -42.90 -60.80 337.47 266.63 56.24 0.00
0.00 10383.95
248.80 -45.46 -46.00 -61.32 338.99 264.96 50.89 0.00
0.00 10827.66
233.60 -48.16 -48.60 -63.98 341.02 262.27 50.58 0.00
0.00 11245.32
219.60 -50.06 -50.45 -67.41 344.12 264.05 56.25 0.00
0.00 11650.63
205.60 -52.46 -52.80 -72.72 346.84 265.37 55.34 0.00
0.00 12078.49
191.70 -55.16 -55.42 -73.19 349.51 264.51 50.74 -0.10
0.00 12527.93
177.70 -57.96 -58.15 -73.70 352.58 261.00 47.20 -0.10
0.00 13008.71
163.80 -60.86 -61.00 -74.24 356.02 258.59 42.21 -0.10
0.00 13518.31
149.80 -63.76 -9999.00 -9999.00 -9999.00 257.75 39.36 0.00
0.00 14069.71
135.90 -66.76 -9999.00 -9999.00 -9999.00 255.90 39.86 0.00
0.00 14662.30
121.90 -69.86 -9999.00 -9999.00 -9999.00 252.77 38.03 0.00
0.00 15314.17
108.00 -71.76 -9999.00 -9999.00 -9999.00 253.23 31.64 0.00
0.00 16031.24
94.00 -72.86 -9999.00 -9999.00 -9999.00 256.26 27.00 0.00
0.00 16847.44
81.00 -69.96 -9999.00 -9999.00 -9999.00 258.53 13.68 0.00
0.00 17726.41
70.60 -67.86 -9999.00 -9999.00 -9999.00 193.74 8.99 0.00
0.00 18547.95
62.20 -66.36 -9999.00 -9999.00 -9999.00 187.31 7.63 0.00
0.00 19311.94
54.30 -65.16 -9999.00 -9999.00 -9999.00 105.71 6.45 0.00
0.00 20136.51
46.90 -64.46 -9999.00 -9999.00 -9999.00 83.88 10.94 0.00
0.00 21029.97
40.10 -61.66 -9999.00 -9999.00 -9999.00 79.88 11.05 0.00
0.00 21993.26
33.80 -60.06 -9999.00 -9999.00 -9999.00 46.04 7.56 0.00
0.00 23055.33
27.80 -59.36 -9999.00 -9999.00 -9999.00 46.04 7.56 0.00
0.00 24276.28
22.30 -57.36 -9999.00 -9999.00 -9999.00 180.00 0.78 0.00
0.00 25662.29
17.10 -51.66 -9999.00 -9999.00 -9999.00 261.76 14.92 0.00
0.00 27361.52
12.30 -46.06 -9999.00 -9999.00 -9999.00 263.29 26.59 0.00
0.00 29524.64

STID = KMOB STNM = 722230 TIME = 221026/1800 
SLAT = 30.68 SLON = -88.25 SELV = 58.0
STIM = 6

SHOW = 14.58 LIFT = 18.08 SWET = 41.41 KINX = -16.77
LCLP = 809.42 PWAT = 10.71 TOTL = 23.52 CAPE = 0.00
LCLT = 273.98 CINS = 0.00 EQLV = -9999.00 LFCT = -9999.00
BRCH = 0.00

PRES TMPC TMWC DWPC THTE DRCT SKNT OMEG
CFRL HGHT
1006.60 18.44 10.90 3.91 305.86 338.75 7.50 0.00
0.00 68.20
1003.70 17.74 10.45 3.55 305.06 338.68 8.55 0.00
0.00 92.87
998.10 17.14 10.09 3.33 304.78 340.02 9.09 0.00
0.00 140.60
988.70 16.24 9.56 3.05 304.51 340.11 9.71 0.00
0.00 221.12
974.60 14.94 8.81 2.73 304.27 340.87 10.08 0.00
0.00 342.87
956.60 13.34 7.89 2.38 304.11 340.20 10.31 0.00
0.00 500.09
935.00 11.64 6.42 0.74 303.07 341.57 10.45 0.00
0.00 691.58
911.50 11.24 5.31 -1.69 303.15 340.56 10.51 0.10
0.00 904.14
885.90 13.84 5.33 -5.63 305.93 330.49 11.83 0.20
0.00 1142.84
857.30 14.14 4.97 -7.11 308.49 316.02 15.38 0.20
0.00 1419.12
825.70 13.44 4.55 -6.78 311.59 307.93 16.74 0.20
0.00 1735.08
791.10 12.74 3.34 -9.70 313.23 295.28 15.46 0.20
0.00 2094.30
753.50 11.64 1.48 -15.53 313.90 275.96 13.09 0.10
0.00 2501.50
712.90 9.94 -0.32 -20.23 315.59 266.12 11.48 0.10
0.00 2962.21
669.30 7.44 -2.79 -29.06 316.60 266.03 14.02 0.10
0.00 3483.10
622.70 3.64 -5.12 -27.10 319.35 268.13 17.87 0.20
0.00 4072.03
573.60 -0.46 -8.14 -30.49 321.60 255.60 14.84 0.20
0.00 4732.78
526.10 -4.86 -11.60 -37.18 323.49 224.29 11.13 0.10
0.00 5417.36
483.40 -10.56 -15.73 -39.04 324.26 233.37 9.44 0.00
0.00 6075.16
445.10 -15.66 -19.73 -43.17 325.25 240.44 14.96 -0.10
0.00 6703.57
410.80 -20.36 -23.51 -45.49 326.60 246.29 22.71 -0.10
0.00 7302.53
379.80 -24.96 -27.36 -48.07 327.81 240.00 27.58 -0.10
0.00 7877.88
351.90 -29.26 -31.11 -51.93 329.07 239.34 31.62 -0.10
0.00 8427.41
326.80 -33.26 -34.71 -57.41 330.43 248.14 34.95 -0.10
0.00 8951.37
304.20 -36.26 -37.43 -57.99 333.05 257.31 44.21 -0.10
0.00 9451.45
284.00 -38.96 -39.94 -60.29 335.73 265.79 52.97 0.00
0.00 9925.20
265.70 -42.06 -42.81 -60.81 337.66 266.94 54.66 0.00
0.00 10378.78
248.80 -45.56 -46.10 -61.32 338.84 263.71 49.63 0.00
0.00 10819.97
233.60 -48.36 -48.79 -63.98 340.71 261.99 51.59 0.00
0.00 11237.35
219.60 -50.46 -50.83 -67.41 343.50 264.07 56.45 0.00
0.00 11642.12
205.60 -52.66 -52.99 -72.72 346.52 263.98 53.71 0.00
0.00 12069.40
191.70 -55.16 -55.42 -73.19 349.51 260.79 49.79 0.00
0.00 12518.63
177.70 -58.06 -58.25 -73.70 352.42 256.87 47.86 0.00
0.00 12999.31
163.80 -61.06 -61.20 -74.24 355.68 254.85 46.08 0.00
0.00 13508.55
149.80 -63.96 -9999.00 -9999.00 -9999.00 256.03 41.84 0.00
0.00 14059.43
135.90 -66.66 -9999.00 -9999.00 -9999.00 255.56 39.72 0.00
0.00 14651.87
121.90 -69.46 -9999.00 -9999.00 -9999.00 250.48 38.95 0.00
0.00 15304.54
108.00 -71.66 -9999.00 -9999.00 -9999.00 250.32 34.03 0.00
0.00 16022.50
94.00 -72.26 -9999.00 -9999.00 -9999.00 254.50 27.62 0.00
0.00 16840.12
81.00 -68.96 -9999.00 -9999.00 -9999.00 252.60 13.64 0.00
0.00 17722.57
70.60 -66.76 -9999.00 -9999.00 -9999.00 192.63 11.54 0.00
0.00 18548.34
62.20 -65.76 -9999.00 -9999.00 -9999.00 189.69 8.08 0.00
0.00 19315.48
54.30 -65.16 -9999.00 -9999.00 -9999.00 109.65 5.77 0.00
0.00 20141.24
46.90 -64.26 -9999.00 -9999.00 -9999.00 87.84 10.30 0.00
0.00 21035.13
40.10 -61.76 -9999.00 -9999.00 -9999.00 99.62 11.62 0.00
0.00 21998.64
33.80 -60.26 -9999.00 -9999.00 -9999.00 88.09 5.83 0.00
0.00 23059.97
27.80 -59.46 -9999.00 -9999.00 -9999.00 118.44 5.30 0.00
0.00 24280.06
22.30 -56.66 -9999.00 -9999.00 -9999.00 203.55 8.26 0.00
0.00 25668.01
17.10 -50.16 -9999.00 -9999.00 -9999.00 253.43 17.02 0.00
0.00 27375.78
12.30 -45.56 -9999.00 -9999.00 -9999.00 255.52 24.07 0.00
0.00 29548.55

STID = KMOB STNM = 722230 TIME = 221026/1900 
SLAT = 30.68 SLON = -88.25 SELV = 58.0
STIM = 7

SHOW = 14.95 LIFT = 17.17 SWET = 42.79 KINX = -16.99
LCLP = 792.18 PWAT = 10.88 TOTL = 22.48 CAPE = 0.00
LCLT = 273.32 CINS = 0.00 EQLV = -9999.00 LFCT = -9999.00
BRCH = 0.00

PRES TMPC TMWC DWPC THTE DRCT SKNT OMEG
CFRL HGHT
1006.70 19.54 11.24 3.54 306.65 332.18 7.91 0.00
0.00 68.24
1003.70 18.94 10.84 3.18 305.97 333.43 9.13 0.00
0.00 93.85
998.20 18.34 10.48 2.95 305.68 332.40 9.63 0.00
0.00 140.92
988.70 17.44 9.96 2.70 305.45 332.95 10.26 0.00
0.00 222.62
974.70 16.14 9.22 2.38 305.21 333.90 10.61 0.00
0.00 344.00
956.60 14.54 8.31 2.03 305.07 333.43 10.86 0.00
0.00 502.74
935.10 12.64 7.23 1.65 304.97 333.43 10.86 0.00
0.00 694.07
911.50 11.24 6.17 0.74 305.19 333.43 10.86 0.10
0.00 907.97
885.90 12.94 5.03 -5.09 305.31 329.53 11.50 0.20
0.00 1146.35
857.30 14.14 4.69 -8.30 307.80 318.12 15.13 0.20
0.00 1422.19
825.70 13.74 4.49 -7.60 311.40 312.63 16.63 0.20
0.00 1738.27
791.10 12.94 3.36 -10.03 313.27 300.47 15.33 0.10
0.00 2097.79
753.50 11.74 1.54 -15.46 314.04 280.15 13.23 0.10
0.00 2505.19
712.90 9.74 -0.43 -20.23 315.36 269.09 12.24 0.00
0.00 2965.82
669.30 7.34 -2.68 -26.82 316.90 268.45 14.37 0.00
0.00 3486.45
622.70 3.54 -5.00 -25.29 319.64 270.00 17.48 0.10
0.00 4075.21
573.70 -0.36 -8.11 -30.89 321.63 252.55 14.26 0.10
0.00 4734.58
526.10 -4.86 -11.60 -37.18 323.49 220.03 12.68 0.00
0.00 5420.67
483.40 -10.56 -15.75 -39.41 324.22 219.43 11.32 0.00
0.00 6078.47
445.20 -15.66 -19.71 -42.69 325.27 234.54 15.73 0.00
0.00 6705.16
410.80 -20.56 -23.64 -44.94 326.38 242.77 22.49 0.00
0.00 7305.57
379.80 -25.06 -27.44 -48.07 327.68 239.04 28.32 0.00
0.00 7880.57
351.90 -29.36 -31.21 -52.93 328.90 241.72 31.97 0.00
0.00 8429.88
326.80 -33.06 -34.54 -57.41 330.70 251.28 36.93 0.00
0.00 8953.95
304.20 -36.06 -37.28 -59.75 333.28 260.22 45.73 0.00
0.00 9454.45
284.00 -38.56 -39.58 -60.29 336.31 267.02 52.33 0.00
0.00 9928.80
265.70 -42.06 -42.81 -60.81 337.66 263.89 52.93 0.00
0.00 10382.77
248.80 -45.66 -46.19 -61.32 338.70 260.89 51.53 0.00
0.00 10823.86
233.60 -48.56 -48.98 -63.98 340.41 262.50 55.05 0.00
0.00 11240.97
219.60 -50.76 -51.12 -67.41 343.04 263.97 55.48 0.00
0.00 11645.28
205.60 -52.86 -53.18 -72.72 346.21 261.54 52.84 0.00
0.00 12072.08
191.70 -55.36 -55.61 -73.19 349.19 258.82 51.09 0.00
0.00 12520.90
177.70 -58.16 -58.35 -73.70 352.25 255.58 49.15 0.00
0.00 13001.25
163.80 -61.16 -61.29 -74.24 355.52 252.86 48.78 0.00
0.00 13510.25
149.80 -64.16 -64.25 -74.84 359.55 254.98 46.46 0.00
0.00 14060.73
135.90 -66.76 -9999.00 -9999.00 -9999.00 255.28 39.76 0.00
0.00 14652.76
121.90 -69.36 -9999.00 -9999.00 -9999.00 250.61 36.87 0.00
0.00 15305.42
108.00 -71.76 -9999.00 -9999.00 -9999.00 250.50 33.18 0.00
0.00 16023.38
94.00 -71.96 -9999.00 -9999.00 -9999.00 256.69 26.15 0.00
0.00 16841.41
81.00 -69.06 -9999.00 -9999.00 -9999.00 255.96 11.21 0.00
0.00 17724.29
70.60 -67.16 -9999.00 -9999.00 -9999.00 187.39 10.59 0.00
0.00 18549.05
62.20 -66.46 -9999.00 -9999.00 -9999.00 186.01 7.42 0.00
0.00 19314.15
54.30 -66.16 -9999.00 -9999.00 -9999.00 122.47 5.07 0.00
0.00 20136.54
46.90 -65.16 -9999.00 -9999.00 -9999.00 104.62 9.23 0.00
0.00 21026.35
40.10 -62.46 -9999.00 -9999.00 -9999.00 117.01 11.11 0.00
0.00 21986.20
33.80 -60.56 -9999.00 -9999.00 -9999.00 100.12 5.52 0.00
0.00 23045.02
27.80 -59.66 -9999.00 -9999.00 -9999.00 135.00 3.57 0.00
0.00 24263.69
22.30 -55.96 -9999.00 -9999.00 -9999.00 232.65 9.29 0.00
0.00 25653.24
17.10 -48.96 -9999.00 -9999.00 -9999.00 266.57 19.46 0.00
0.00 27368.40
12.30 -45.16 -9999.00 -9999.00 -9999.00 262.93 25.25 0.00
0.00 29548.88

STID = KMOB STNM = 722230 TIME = 221026/2000 
SLAT = 30.68 SLON = -88.25 SELV = 58.0
STIM = 8

SHOW = 15.52 LIFT = 16.31 SWET = 43.72 KINX = -18.77
LCLP = 785.17 PWAT = 10.62 TOTL = 20.49 CAPE = 0.00
LCLT = 273.42 CINS = 0.00 EQLV = -9999.00 LFCT = -9999.00
BRCH = 0.00

PRES TMPC TMWC DWPC THTE DRCT SKNT OMEG
CFRL HGHT
1006.10 20.34 11.65 3.76 307.78 331.39 7.30 0.00
0.00 67.42
1003.00 19.74 11.26 3.40 307.11 331.70 8.61 0.00
0.00 93.98
997.50 19.24 10.96 3.21 306.95 331.78 9.03 0.00
0.00 141.22
988.00 18.34 10.44 2.95 306.72 331.39 9.73 0.00
0.00 223.23
974.00 17.04 9.71 2.64 306.49 331.48 10.18 0.00
0.00 345.08
955.90 15.44 8.82 2.31 306.37 331.99 10.33 0.00
0.00 504.44
934.40 13.54 7.76 1.94 306.29 332.49 10.51 0.00
0.00 696.52
910.80 11.94 6.59 0.98 306.25 331.56 10.61 0.00
0.00 911.20
885.30 12.24 4.95 -4.15 305.25 330.38 11.40 0.10
0.00 1148.84
856.70 14.34 4.39 -10.20 307.09 323.13 14.57 0.20
0.00 1424.62
825.20 14.24 3.91 -11.49 309.90 319.40 16.12 0.20
0.00 1740.20
790.60 13.04 3.18 -11.15 312.85 308.29 14.10 0.10
0.00 2100.21
753.10 11.74 1.36 -16.61 313.65 288.15 12.47 0.00
0.00 2506.80
712.50 9.64 -0.58 -21.12 315.04 271.85 12.04 0.00
0.00 2967.57
669.00 7.04 -2.63 -24.36 317.15 267.71 14.59 0.00
0.00 3486.91
622.40 3.34 -5.08 -24.89 319.55 267.98 16.53 0.10
0.00 4075.46
573.40 -0.46 -8.18 -31.11 321.52 247.91 14.47 0.00
0.00 4734.80
525.90 -5.16 -11.76 -36.55 323.24 220.68 14.61 0.00
0.00 5419.25
483.20 -10.46 -15.70 -39.79 324.35 215.06 13.52 -0.10
0.00 6077.06
445.00 -15.76 -19.78 -42.69 325.18 231.88 16.05 -0.10
0.00 6704.02
410.70 -20.66 -23.72 -44.94 326.27 238.95 22.22 -0.10
0.00 7302.66
379.70 -25.06 -27.44 -48.07 327.70 240.30 28.63 -0.10
0.00 7877.70
351.80 -29.26 -31.15 -54.05 329.02 248.14 32.87 0.00
0.00 8427.26
326.80 -32.66 -34.20 -57.41 331.25 256.30 40.19 0.00
0.00 8949.86
304.20 -35.56 -36.84 -59.75 333.99 263.74 48.08 0.00
0.00 9451.30
283.90 -38.36 -39.40 -60.29 336.63 267.70 53.26 0.00
0.00 9928.79
265.70 -42.16 -42.88 -59.06 337.55 263.06 51.46 0.00
0.00 10380.46
248.80 -45.76 -46.28 -61.32 338.55 261.13 52.89 0.00
0.00 10821.36
233.60 -48.36 -48.81 -66.97 340.67 263.13 55.17 0.00
0.00 11238.56
219.60 -50.76 -51.12 -67.41 343.04 263.68 54.72 0.00
0.00 11643.05
205.60 -53.06 -53.37 -72.72 345.89 261.08 53.88 0.00
0.00 12069.66
191.70 -55.66 -55.90 -73.19 348.71 259.75 53.50 0.00
0.00 12517.97
177.70 -58.36 -58.54 -73.70 351.93 257.85 51.67 0.00
0.00 12997.76
163.80 -61.36 -61.49 -74.24 355.18 254.69 50.76 0.00
0.00 13506.28
149.80 -64.36 -64.45 -74.84 359.20 255.91 49.48 0.00
0.00 14056.25
135.90 -66.86 -9999.00 -9999.00 -9999.00 257.77 40.35 0.00
0.00 14647.84
121.90 -69.36 -9999.00 -9999.00 -9999.00 251.26 35.08 0.00
0.00 15300.35
108.00 -71.76 -9999.00 -9999.00 -9999.00 251.24 32.61 0.00
0.00 16018.30
94.00 -71.96 -9999.00 -9999.00 -9999.00 258.86 25.14 0.00
0.00 16836.33
81.00 -69.26 -9999.00 -9999.00 -9999.00 253.54 8.92 0.00
0.00 17718.78
70.60 -67.86 -9999.00 -9999.00 -9999.00 182.12 10.49 0.00
0.00 18541.74
62.20 -66.76 -9999.00 -9999.00 -9999.00 188.13 6.88 0.00
0.00 19304.98
54.30 -66.26 -9999.00 -9999.00 -9999.00 133.36 4.82 0.00
0.00 20126.57
46.90 -64.86 -9999.00 -9999.00 -9999.00 121.43 8.20 0.00
0.00 21016.81
40.10 -61.86 -9999.00 -9999.00 -9999.00 125.54 8.35 0.00
0.00 21978.72
33.80 -60.16 -9999.00 -9999.00 -9999.00 57.09 3.92 0.00
0.00 23040.05
27.80 -59.36 -9999.00 -9999.00 -9999.00 330.26 1.57 0.00
0.00 24260.71
22.30 -55.66 -9999.00 -9999.00 -9999.00 267.23 12.06 0.00
0.00 25652.21
17.10 -50.46 -9999.00 -9999.00 -9999.00 282.71 20.32 0.00
0.00 27362.70
12.30 -46.26 -9999.00 -9999.00 -9999.00 259.11 20.57 0.00
0.00 29530.65

STID = KMOB STNM = 722230 TIME = 221026/2100 
SLAT = 30.68 SLON = -88.25 SELV = 58.0
STIM = 9

SHOW = 15.75 LIFT = 15.63 SWET = 44.72 KINX = -19.32
LCLP = 780.41 PWAT = 10.39 TOTL = 19.78 CAPE = 0.00
LCLT = 273.39 CINS = 0.00 EQLV = -9999.00 LFCT = -9999.00
BRCH = 0.00

PRES TMPC TMWC DWPC THTE DRCT SKNT OMEG
CFRL HGHT
1005.20 20.74 11.83 3.80 308.34 333.43 6.95 0.00
0.00 67.44
1002.20 20.34 11.53 3.45 307.88 333.43 8.26 0.00
0.00 93.21
996.70 19.74 11.17 3.22 307.58 332.30 8.78 0.00
0.00 140.58
987.20 18.94 10.70 2.97 307.46 332.90 9.38 0.00
0.00 222.81
973.20 17.64 9.99 2.68 307.26 332.93 9.81 0.00
0.00 345.01
955.20 16.14 9.15 2.36 307.25 333.92 10.16 0.00
0.00 503.97
933.70 14.24 8.09 1.99 307.17 333.43 10.43 0.00
0.00 696.67
910.10 12.44 6.74 0.78 306.69 333.43 10.43 0.00
0.00 911.95
884.60 11.24 5.15 -1.91 305.92 332.99 11.11 0.00
0.00 1149.62
856.10 14.04 4.20 -10.39 306.74 331.33 14.16 0.10
0.00 1424.05
824.60 14.24 3.27 -15.44 308.32 331.39 14.61 0.10
0.00 1739.64
790.10 13.04 2.41 -15.62 310.94 322.05 12.32 0.00
0.00 2098.73
752.60 11.54 1.19 -17.06 313.32 298.86 10.86 0.00
0.00 2505.35
712.10 9.54 -0.69 -21.60 314.84 275.01 11.11 0.00
0.00 2965.02
668.60 6.74 -2.59 -22.31 317.40 268.41 13.99 0.00
0.00 3484.31
622.10 3.14 -5.19 -24.89 319.37 265.71 15.58 0.10
0.00 4071.41
573.10 -0.76 -8.35 -30.90 321.26 244.11 14.69 0.00
0.00 4730.49
525.70 -5.56 -11.98 -35.94 322.87 223.12 16.76 0.00
0.00 5412.92
483.10 -10.56 -15.78 -40.19 324.21 218.55 15.89 -0.10
0.00 6068.78
444.90 -15.86 -19.84 -42.24 325.12 227.45 16.08 -0.10
0.00 6695.63
410.60 -20.76 -23.80 -44.94 326.17 233.03 21.64 -0.10
0.00 7294.18
379.60 -25.16 -27.54 -48.78 327.56 241.29 27.91 -0.10
0.00 7869.13
351.80 -29.36 -31.23 -54.05 328.88 251.25 33.24 -0.10
0.00 8416.57
326.70 -32.46 -34.02 -57.41 331.56 259.77 40.46 0.00
0.00 8941.45
304.20 -35.16 -36.48 -59.75 334.55 265.67 48.89 0.00
0.00 9441.37
283.90 -38.56 -39.55 -58.54 336.38 265.15 52.84 0.00
0.00 9919.06
265.70 -42.56 -43.25 -59.06 336.97 259.52 50.17 0.00
0.00 10370.15
248.80 -45.76 -46.31 -63.51 338.50 261.72 52.60 0.00
0.00 10810.67
233.60 -47.96 -48.43 -66.97 341.28 262.85 53.05 0.00
0.00 11228.23
219.60 -50.46 -50.86 -72.27 343.45 261.96 54.14 0.00
0.00 11633.35
205.60 -53.26 -53.56 -72.72 345.58 261.65 57.52 0.00
0.00 12060.06
191.70 -56.06 -56.29 -73.19 348.07 261.87 57.69 0.00
0.00 12507.75
177.70 -58.66 -58.84 -73.70 351.43 259.12 55.57 0.00
0.00 12986.77
163.80 -61.46 -61.59 -74.24 355.01 256.06 54.04 0.00
0.00 13494.81
149.80 -64.46 -64.55 -74.84 359.03 255.91 51.86 0.00
0.00 14044.52
135.90 -67.06 -9999.00 -9999.00 -9999.00 257.94 43.71 0.00
0.00 14635.69
121.90 -69.26 -9999.00 -9999.00 -9999.00 251.27 35.68 0.00
0.00 15288.03
108.00 -71.56 -9999.00 -9999.00 -9999.00 250.14 32.01 0.00
0.00 16006.52
94.00 -71.26 -9999.00 -9999.00 -9999.00 259.08 22.55 0.00
0.00 16826.38
81.00 -68.76 -9999.00 -9999.00 -9999.00 231.34 7.46 0.00
0.00 17711.44
70.60 -67.66 -9999.00 -9999.00 -9999.00 187.65 13.13 0.00
0.00 18535.80
62.20 -66.36 -9999.00 -9999.00 -9999.00 199.23 8.84 0.00
0.00 19300.16
54.30 -65.86 -9999.00 -9999.00 -9999.00 154.29 5.83 0.00
0.00 20123.34
46.90 -64.06 -9999.00 -9999.00 -9999.00 138.12 7.56 0.00
0.00 21016.16
40.10 -60.76 -9999.00 -9999.00 -9999.00 132.51 6.33 0.00
0.00 21982.42
33.80 -59.66 -9999.00 -9999.00 -9999.00 51.71 4.70 0.00
0.00 23047.75
27.80 -59.06 -9999.00 -9999.00 -9999.00 9.46 1.18 0.00
0.00 24270.70
22.30 -55.66 -9999.00 -9999.00 -9999.00 286.89 11.36 0.00
0.00 25663.17
17.10 -52.96 -9999.00 -9999.00 -9999.00 296.04 19.02 0.00
0.00 27363.95
12.30 -47.86 -9999.00 -9999.00 -9999.00 238.69 22.05 0.00
0.00 29512.12

STID = KMOB STNM = 722230 TIME = 221026/2200 
SLAT = 30.68 SLON = -88.25 SELV = 58.0
STIM = 10

SHOW = 15.20 LIFT = 15.20 SWET = 46.98 KINX = -17.15
LCLP = 783.87 PWAT = 10.54 TOTL = 21.56 CAPE = 0.00
LCLT = 273.76 CINS = 0.00 EQLV = -9999.00 LFCT = -9999.00
BRCH = 0.00

PRES TMPC TMWC DWPC THTE DRCT SKNT OMEG
CFRL HGHT
1006.10 20.84 12.00 4.13 308.69 334.98 6.43 0.00
0.00 66.58
1003.00 20.54 11.69 3.66 308.21 335.22 8.35 0.00
0.00 93.20
997.50 20.04 11.34 3.32 307.91 335.06 9.21 0.00
0.00 140.57
988.00 19.24 10.86 3.04 307.77 334.44 9.91 0.00
0.00 222.83
974.00 18.04 10.18 2.72 307.64 334.86 10.51 -0.10
0.00 345.08
955.90 16.54 9.33 2.37 307.61 334.80 10.96 -0.10
0.00 505.01
934.40 14.64 8.23 1.88 307.42 335.64 11.31 -0.10
0.00 697.83
910.90 12.54 6.90 1.07 306.97 336.04 11.48 -0.10
0.00 912.22
885.20 11.14 5.53 -0.66 306.78 334.65 12.26 0.10
0.00 1151.59
856.70 13.74 4.48 -8.36 307.40 335.12 14.78 0.10
0.00 1425.71
825.20 14.24 3.32 -15.09 308.38 341.31 13.95 0.10
0.00 1740.94
790.60 13.14 2.04 -18.92 309.88 334.32 11.21 0.10
0.00 2100.86
753.10 11.54 1.00 -18.56 312.75 307.30 10.26 0.00
0.00 2507.22
712.50 9.54 -0.66 -21.35 314.86 280.12 11.05 0.00
0.00 2967.72
669.00 6.54 -2.54 -21.07 317.48 273.09 14.39 0.10
0.00 3486.55
622.40 3.04 -5.25 -24.89 319.21 268.55 15.35 0.10
0.00 4074.29
573.40 -0.96 -8.44 -30.49 321.04 245.49 14.51 0.00
0.00 4732.68
525.90 -5.76 -12.11 -35.94 322.59 229.40 17.91 0.00
0.00 5415.75
483.20 -10.76 -15.88 -39.41 324.02 226.33 17.72 0.00
0.00 6072.46
445.00 -15.86 -19.84 -42.24 325.10 227.73 17.33 -0.10
0.00 6698.94
410.70 -20.76 -23.80 -44.94 326.15 233.64 21.95 -0.10
0.00 7297.34
379.70 -25.26 -27.64 -49.54 327.36 247.32 28.21 0.00
0.00 7872.03
351.80 -29.16 -31.09 -55.33 329.11 255.56 33.49 0.00
0.00 8421.48
326.80 -31.96 -33.60 -57.41 332.22 262.32 42.13 0.00
0.00 8944.94
304.20 -35.16 -36.48 -59.75 334.55 266.40 49.44 0.00
0.00 9447.53
283.90 -38.86 -39.82 -58.54 335.95 264.61 51.71 0.00
0.00 9924.92
265.70 -42.56 -43.25 -59.06 336.97 263.33 51.83 0.00
0.00 10375.72
248.80 -44.96 -45.56 -63.51 339.69 263.71 53.15 0.00
0.00 10817.00
233.60 -47.66 -48.15 -66.97 341.73 262.85 54.62 0.10
0.00 11235.58
219.60 -50.46 -50.83 -67.41 343.50 262.56 57.01 0.10
0.00 11640.98
205.60 -53.26 -53.56 -72.72 345.58 263.04 59.30 0.10
0.00 12067.69
191.70 -55.86 -56.10 -73.19 348.39 262.06 59.03 0.10
0.00 12515.58
177.70 -58.46 -58.64 -73.70 351.76 258.58 58.86 0.10
0.00 12995.04
163.80 -61.46 -61.59 -74.24 355.01 256.95 60.22 0.10
0.00 13503.33
149.80 -64.46 -64.55 -74.84 359.03 258.81 56.04 0.10
0.00 14053.03
135.90 -66.86 -9999.00 -9999.00 -9999.00 259.31 46.06 0.10
0.00 14644.48
121.90 -69.06 -9999.00 -9999.00 -9999.00 253.47 36.87 0.00
0.00 15297.47
108.00 -70.86 -9999.00 -9999.00 -9999.00 248.94 30.81 0.00
0.00 16017.55
94.00 -70.56 -9999.00 -9999.00 -9999.00 256.09 21.02 0.00
0.00 16840.25
81.00 -68.86 -9999.00 -9999.00 -9999.00 220.86 9.50 0.00
0.00 17726.62
70.60 -68.16 -9999.00 -9999.00 -9999.00 200.64 15.99 0.00
0.00 18549.78
62.20 -66.96 -9999.00 -9999.00 -9999.00 217.63 11.77 0.00
0.00 19312.10
54.30 -66.26 -9999.00 -9999.00 -9999.00 189.87 4.53 0.00
0.00 20133.29
46.90 -64.16 -9999.00 -9999.00 -9999.00 143.13 3.88 0.00
0.00 21025.03
40.10 -60.86 -9999.00 -9999.00 -9999.00 107.53 3.87 0.00
0.00 21990.84
33.80 -60.16 -9999.00 -9999.00 -9999.00 51.84 6.92 0.00
0.00 23054.66
27.80 -59.76 -9999.00 -9999.00 -9999.00 65.56 2.35 0.00
0.00 24274.19
22.30 -56.66 -9999.00 -9999.00 -9999.00 298.86 10.86 0.00
0.00 25661.17
17.10 -54.66 -9999.00 -9999.00 -9999.00 299.23 18.71 0.00
0.00 27351.45
12.30 -48.66 -9999.00 -9999.00 -9999.00 237.99 27.49 0.00
0.00 29487.57

STID = KMOB STNM = 722230 TIME = 221026/2300 
SLAT = 30.68 SLON = -88.25 SELV = 58.0
STIM = 11

SHOW = 14.74 LIFT = 14.95 SWET = 46.87 KINX = -15.18
LCLP = 813.83 PWAT = 10.93 TOTL = 22.96 CAPE = 0.00
LCLT = 275.40 CINS = 0.00 EQLV = -9999.00 LFCT = -9999.00
BRCH = 0.00

PRES TMPC TMWC DWPC THTE DRCT SKNT OMEG
CFRL HGHT
1007.20 19.54 11.90 5.29 308.41 343.30 4.06 0.00
0.00 67.38
1004.20 20.04 11.77 4.43 308.34 344.48 7.26 0.00
0.00 93.05
998.70 19.84 11.41 3.74 307.99 344.54 9.48 -0.10
0.00 140.31
989.10 19.14 10.90 3.26 307.76 344.74 11.07 -0.20
0.00 223.30
975.10 18.04 10.23 2.86 307.66 343.03 11.99 -0.30
0.00 345.39
957.00 16.54 9.37 2.45 307.57 341.85 12.47 -0.40
0.00 505.15
935.50 14.64 8.29 2.01 307.43 340.46 12.78 -0.40
0.00 697.75
911.90 12.54 7.08 1.54 307.31 339.65 12.84 -0.30
0.00 912.82
886.20 10.94 5.75 0.20 307.21 335.70 13.21 0.00
0.00 1151.87
857.60 13.44 4.66 -6.96 307.79 337.78 14.90 0.10
0.00 1426.45
826.00 14.14 3.49 -13.72 308.72 349.70 13.03 0.10
0.00 1742.19
791.40 13.14 2.20 -17.58 310.20 342.98 9.95 0.00
0.00 2101.72
753.80 11.44 0.77 -20.13 312.07 315.00 9.62 0.00
0.00 2508.70
713.20 9.44 -0.66 -20.88 314.79 286.50 10.94 0.00
0.00 2968.58
669.50 6.34 -2.53 -20.13 317.48 277.80 14.32 0.00
0.00 3489.08
622.90 2.74 -5.40 -24.74 318.82 273.01 14.78 0.00
0.00 4075.86
573.80 -1.26 -8.57 -29.90 320.73 246.28 14.01 -0.10
0.00 4734.39
526.20 -6.06 -12.27 -35.36 322.25 233.00 17.75 -0.10
0.00 5417.71
483.50 -10.86 -15.93 -39.04 323.87 231.91 18.26 -0.10
0.00 6073.53
445.20 -15.86 -19.87 -43.17 324.98 229.73 18.34 -0.10
0.00 6701.20
410.90 -20.76 -23.80 -44.94 326.10 239.95 22.88 -0.10
0.00 7299.32
379.80 -25.16 -27.60 -51.28 327.39 253.89 27.29 0.00
0.00 7875.76
351.90 -28.56 -30.59 -55.33 329.89 260.17 35.30 0.00
0.00 8425.83
326.80 -31.76 -33.42 -57.41 332.49 264.09 43.36 0.00
0.00 8952.18
304.20 -35.06 -36.37 -57.99 334.73 266.22 50.04 0.00
0.00 9455.09
284.00 -38.76 -39.73 -58.53 336.06 265.54 52.41 0.00
0.00 9930.24
265.70 -42.06 -42.81 -60.81 337.66 264.23 52.14 0.00
0.00 10384.02
248.80 -44.76 -45.37 -63.51 339.99 263.23 54.39 0.00
0.00 10825.98
233.60 -47.46 -47.96 -66.97 342.03 263.40 57.50 0.00
0.00 11244.93
219.60 -50.26 -50.64 -67.41 343.81 264.01 59.58 0.00
0.00 11650.68
205.60 -53.06 -53.37 -72.72 345.89 264.79 59.89 0.00
0.00 12077.78
191.70 -55.86 -56.10 -73.19 348.39 263.72 58.62 0.00
0.00 12525.88
177.70 -58.66 -58.84 -73.70 351.43 259.86 59.60 0.00
0.00 13005.11
163.80 -61.76 -61.88 -74.24 354.51 259.07 62.51 0.10
0.00 13512.80
149.80 -64.56 -64.65 -74.84 358.86 261.57 58.31 0.10
0.00 14061.98
135.90 -66.66 -9999.00 -9999.00 -9999.00 263.06 45.01 0.10
0.00 14653.58
121.90 -68.86 -9999.00 -9999.00 -9999.00 254.01 35.98 0.00
0.00 15307.20
108.00 -70.36 -9999.00 -9999.00 -9999.00 247.78 29.80 0.00
0.00 16028.52
94.00 -70.66 -9999.00 -9999.00 -9999.00 251.38 19.46 0.00
0.00 16852.04
81.00 -69.56 -9999.00 -9999.00 -9999.00 216.67 11.38 0.00
0.00 17736.67
70.60 -68.86 -9999.00 -9999.00 -9999.00 207.41 17.72 0.00
0.00 18557.00
62.20 -67.56 -9999.00 -9999.00 -9999.00 228.50 13.48 0.00
0.00 19316.91
54.30 -66.56 -9999.00 -9999.00 -9999.00 221.19 4.14 0.00
0.00 20136.32
46.90 -64.16 -9999.00 -9999.00 -9999.00 116.57 2.18 0.00
0.00 21027.42
40.10 -61.06 -9999.00 -9999.00 -9999.00 77.91 5.56 0.00
0.00 21992.77
33.80 -60.86 -9999.00 -9999.00 -9999.00 60.40 9.83 0.00
0.00 23054.34
27.80 -60.56 -9999.00 -9999.00 -9999.00 67.17 4.00 0.00
0.00 24269.57
22.30 -57.76 -9999.00 -9999.00 -9999.00 301.68 10.72 0.00
0.00 25650.42
17.10 -54.56 -9999.00 -9999.00 -9999.00 292.67 16.63 0.00
0.00 27336.82
12.30 -48.06 -9999.00 -9999.00 -9999.00 238.44 31.92 0.00
0.00 29476.31

STID = KMOB STNM = 722230 TIME = 221027/0000 
SLAT = 30.68 SLON = -88.25 SELV = 58.0
STIM = 12

SHOW = 14.97 LIFT = 14.86 SWET = 46.36 KINX = -15.16
LCLP = 847.39 PWAT = 11.32 TOTL = 21.88 CAPE = 0.00
LCLT = 276.35 CINS = 0.00 EQLV = -9999.00 LFCT = -9999.00
BRCH = 0.00

PRES TMPC TMWC DWPC THTE DRCT SKNT OMEG
CFRL HGHT
1007.90 17.24 11.09 5.69 306.32 9.09 4.91 0.00
0.00 67.30
1004.90 18.34 11.30 5.08 307.14 11.31 8.92 0.00
0.00 92.78
999.30 18.54 11.24 4.74 307.57 10.74 11.46 0.00
0.00 140.63
989.80 18.04 10.86 4.39 307.66 8.49 13.15 -0.20
0.00 222.38
975.70 17.04 10.18 3.88 307.55 1.61 13.79 -0.30
0.00 344.85
957.70 15.74 9.35 3.34 307.52 352.78 13.91 -0.40
0.00 503.16
936.10 14.14 8.34 2.74 307.54 344.17 13.52 -0.30
0.00 696.12
912.40 12.14 7.16 2.21 307.47 337.25 13.05 -0.10
0.00 911.66
886.80 11.04 5.77 0.11 307.17 328.45 13.00 0.10
0.00 1149.53
858.10 13.74 4.42 -8.67 307.08 339.18 14.76 0.10
0.00 1425.06
826.50 14.14 3.34 -14.66 308.29 359.05 11.65 0.10
0.00 1740.73
791.90 13.24 2.40 -16.54 310.61 352.23 8.62 0.10
0.00 2100.10
754.20 11.44 0.96 -18.54 312.51 323.88 8.90 0.10
0.00 2508.03
713.60 9.44 -0.47 -19.39 315.20 292.93 10.98 0.20
0.00 2967.70
669.90 6.24 -2.51 -19.63 317.48 284.23 14.22 0.20
0.00 3487.84
623.20 2.44 -5.57 -24.74 318.43 277.91 14.12 0.10
0.00 4075.15
574.00 -1.66 -8.76 -29.35 320.33 244.54 13.56 0.00
0.00 4733.90
526.40 -6.26 -12.31 -34.04 322.15 237.19 17.56 0.00
0.00 5416.23
483.60 -10.96 -16.02 -39.40 323.69 237.26 19.41 0.00
0.00 6073.04
445.30 -15.96 -19.89 -41.79 324.94 235.27 20.80 0.00
0.00 6700.33
410.90 -20.66 -23.76 -46.08 326.15 246.99 23.85 0.00
0.00 7300.13
379.80 -24.86 -27.42 -54.70 327.66 257.77 28.42 0.10
0.00 7877.01
351.90 -28.26 -30.36 -56.81 330.26 263.53 37.92 0.10
0.00 8427.75
326.80 -31.66 -33.34 -57.41 332.63 265.36 43.26 0.10
0.00 8954.53
304.20 -35.06 -36.40 -59.75 334.69 265.96 49.65 0.10
0.00 9457.54
284.00 -38.76 -39.76 -60.29 336.02 265.57 52.80 0.00
0.00 9932.70
265.70 -41.86 -42.65 -63.01 337.90 265.22 53.61 0.00
0.00 10386.67
248.80 -44.56 -45.21 -66.51 340.25 264.97 55.38 0.00
0.00 10829.00
233.60 -47.26 -47.77 -66.97 342.34 265.00 57.91 0.00
0.00 11248.32
219.60 -50.06 -50.45 -67.41 344.12 264.69 58.72 0.00
0.00 11654.44
205.60 -52.86 -53.18 -72.72 346.21 263.91 58.61 0.00
0.00 12081.92
191.70 -55.76 -56.00 -73.19 348.55 262.92 58.33 0.00
0.00 12530.33
177.70 -58.96 -59.13 -73.70 350.94 261.71 59.29 0.00
0.00 13009.34
163.80 -62.06 -62.18 -74.24 354.01 262.05 60.41 0.00
0.00 13516.31
149.80 -64.66 -64.74 -74.84 358.69 264.11 56.82 0.00
0.00 14064.97
135.90 -66.76 -9999.00 -9999.00 -9999.00 265.49 44.42 0.00
0.00 14656.28
121.90 -68.76 -9999.00 -9999.00 -9999.00 257.40 35.63 0.00
0.00 15309.90
108.00 -70.36 -9999.00 -9999.00 -9999.00 251.33 29.74 0.00
0.00 16031.40
94.00 -70.96 -9999.00 -9999.00 -9999.00 248.96 18.94 0.00
0.00 16854.31
81.00 -70.06 -9999.00 -9999.00 -9999.00 220.79 13.09 0.00
0.00 17737.19
70.60 -69.06 -9999.00 -9999.00 -9999.00 216.36 17.37 0.00
0.00 18556.12
62.20 -67.46 -9999.00 -9999.00 -9999.00 244.23 12.51 0.00
0.00 19315.85
54.30 -66.66 -9999.00 -9999.00 -9999.00 246.04 1.90 0.00
0.00 20135.25
46.90 -64.36 -9999.00 -9999.00 -9999.00 82.41 2.93 0.00
0.00 21025.71
40.10 -60.86 -9999.00 -9999.00 -9999.00 69.78 7.87 0.00
0.00 21991.06
33.80 -60.46 -9999.00 -9999.00 -9999.00 64.98 12.86 0.00
0.00 23054.13
27.80 -60.16 -9999.00 -9999.00 -9999.00 34.59 6.84 0.00
0.00 24271.65
22.30 -58.16 -9999.00 -9999.00 -9999.00 315.00 13.46 0.00
0.00 25652.50
17.10 -53.56 -9999.00 -9999.00 -9999.00 285.84 14.94 0.00
0.00 27341.23
12.30 -47.26 -9999.00 -9999.00 -9999.00 248.51 33.41 0.00
0.00 29489.41

STID = KMOB STNM = 722230 TIME = 221027/0100 
SLAT = 30.68 SLON = -88.25 SELV = 58.0
STIM = 13

SHOW = 14.45 LIFT = 14.85 SWET = 46.68 KINX = -13.22
LCLP = 881.14 PWAT = 11.88 TOTL = 23.11 CAPE = 0.00
LCLT = 277.77 CINS = 0.00 EQLV = -9999.00 LFCT = -9999.00
BRCH = 0.00

PRES TMPC TMWC DWPC THTE DRCT SKNT OMEG
CFRL HGHT
1008.40 15.54 10.74 6.58 305.45 26.57 5.21 0.00
0.00 67.25
1005.40 16.54 10.99 6.17 306.36 24.90 11.99 0.00
0.00 92.56
999.90 16.64 10.92 5.95 306.80 23.50 14.61 0.10
0.00 139.25
990.30 16.34 10.62 5.61 307.11 18.43 18.43 0.10
0.00 221.33
976.30 15.44 10.07 5.31 307.30 13.90 19.41 0.10
0.00 342.21
958.20 14.34 9.27 4.66 307.35 3.18 17.50 0.10
0.00 500.53
936.50 13.24 8.33 3.71 307.52 346.33 14.80 0.20
0.00 693.57
912.90 11.84 7.22 2.70 307.58 327.99 12.82 0.30
0.00 907.68
887.20 11.84 5.74 -1.03 307.00 325.36 13.00 0.30
0.00 1146.56
858.60 13.94 4.84 -7.24 308.05 354.87 15.21 0.20
0.00 1421.46
826.90 14.14 3.23 -15.49 307.94 10.68 10.47 0.10
0.00 1738.09
792.20 13.34 2.47 -16.36 310.74 7.31 7.63 0.10
0.00 2098.39
754.60 11.44 1.28 -16.17 313.29 338.46 7.94 0.20
0.00 2505.16
713.80 9.44 -0.26 -17.78 315.72 300.58 9.93 0.20
0.00 2966.97
670.10 6.34 -2.55 -20.32 317.33 292.29 12.80 0.20
0.00 3487.07
623.40 2.44 -5.59 -25.00 318.33 279.75 12.61 0.20
0.00 4074.28
574.20 -1.86 -8.85 -28.99 320.13 243.43 13.91 0.10
0.00 4732.58
526.50 -6.36 -12.34 -33.55 322.08 243.15 17.64 0.00
0.00 5415.78
483.70 -11.16 -16.07 -37.69 323.61 240.67 19.83 0.00
0.00 6072.09
445.40 -15.96 -19.87 -41.37 324.96 242.33 22.59 0.00
0.00 6699.02
411.00 -20.46 -23.72 -50.60 326.15 252.15 24.09 0.00
0.00 7298.91
379.90 -24.66 -27.26 -54.69 327.90 262.22 31.57 0.10
0.00 7876.10
352.00 -28.06 -30.19 -56.81 330.50 264.38 37.67 0.10
0.00 8427.13
326.90 -31.46 -33.17 -57.41 332.88 265.41 43.65 0.00
0.00 8954.19
304.30 -34.96 -36.31 -59.75 334.80 265.96 49.65 0.00
0.00 9457.36
284.00 -38.66 -39.67 -60.29 336.17 265.67 51.44 0.00
0.00 9934.98
265.80 -41.86 -42.63 -60.80 337.91 265.00 51.28 0.00
0.00 10386.49
248.80 -44.76 -45.37 -63.51 339.99 264.67 52.29 0.00
0.00 10831.17
233.60 -47.26 -47.77 -66.97 342.34 264.19 53.69 0.00
0.00 11250.30
219.60 -49.96 -50.36 -67.41 344.27 262.33 55.26 0.00
0.00 11656.51
205.60 -52.86 -53.18 -72.72 346.21 261.24 57.38 0.00
0.00 12084.08
191.70 -55.96 -56.19 -73.19 348.23 261.82 58.68 0.00
0.00 12532.29
177.70 -59.06 -59.23 -73.70 350.78 261.95 58.28 0.00
0.00 13010.97
163.80 -62.26 -62.37 -74.24 353.67 262.68 57.96 0.00
0.00 13517.59
149.80 -65.06 -65.14 -74.84 358.00 264.37 55.44 0.00
0.00 14065.46
135.90 -67.26 -9999.00 -9999.00 -9999.00 265.38 45.80 0.00
0.00 14655.49
121.90 -69.06 -9999.00 -9999.00 -9999.00 260.23 35.47 0.00
0.00 15307.83
108.00 -70.66 -9999.00 -9999.00 -9999.00 252.32 28.13 0.00
0.00 16028.27
94.00 -71.36 -9999.00 -9999.00 -9999.00 243.95 19.46 0.00
0.00 16849.75
81.00 -70.96 -9999.00 -9999.00 -9999.00 222.84 14.57 0.00
0.00 17729.81
70.60 -69.26 -9999.00 -9999.00 -9999.00 217.76 17.44 0.00
0.00 18546.52
62.20 -67.36 -9999.00 -9999.00 -9999.00 242.45 10.08 0.00
0.00 19306.06
54.30 -66.76 -9999.00 -9999.00 -9999.00 137.49 3.17 0.00
0.00 20125.47
46.90 -64.36 -9999.00 -9999.00 -9999.00 110.56 4.97 0.00
0.00 21015.71
40.10 -60.36 -9999.00 -9999.00 -9999.00 80.31 8.08 0.00
0.00 21982.20
33.80 -59.06 -9999.00 -9999.00 -9999.00 76.87 11.97 0.00
0.00 23050.03
27.80 -58.66 -9999.00 -9999.00 -9999.00 21.80 6.27 0.00
0.00 24275.85
22.30 -57.16 -9999.00 -9999.00 -9999.00 313.73 12.37 0.00
0.00 25664.76
17.10 -52.26 -9999.00 -9999.00 -9999.00 276.25 14.26 0.00
0.00 27362.43
12.30 -47.06 -9999.00 -9999.00 -9999.00 256.70 32.93 0.00
0.00 29517.84

STID = KMOB STNM = 722230 TIME = 221027/0200 
SLAT = 30.68 SLON = -88.25 SELV = 58.0
STIM = 14

SHOW = 13.78 LIFT = 14.62 SWET = 45.76 KINX = -11.51
LCLP = 907.11 PWAT = 12.42 TOTL = 25.09 CAPE = 0.00
LCLT = 279.00 CINS = 0.00 EQLV = -9999.00 LFCT = -9999.00
BRCH = 0.00

PRES TMPC TMWC DWPC THTE DRCT SKNT OMEG
CFRL HGHT
1008.70 14.44 10.64 7.40 305.20 19.03 5.96 0.00
0.00 67.21
1005.60 15.24 10.84 7.10 306.03 18.19 14.32 0.10
0.00 93.26
1000.10 15.24 10.78 7.00 306.49 17.62 17.33 0.10
0.00 139.73
990.60 14.94 10.67 7.07 307.27 16.02 21.83 0.30
0.00 220.57
976.50 14.24 10.17 6.70 307.59 14.04 21.62 0.40
0.00 341.78
958.40 13.54 9.32 5.58 307.49 1.25 17.87 0.40
0.00 499.57
936.70 13.04 8.42 4.13 307.73 338.34 14.22 0.40
0.00 692.26
913.10 12.14 7.10 2.05 307.23 326.77 13.46 0.30
0.00 906.36
887.40 12.14 5.91 -0.96 307.37 338.91 14.57 0.20
0.00 1145.41
858.70 13.44 5.25 -4.72 309.14 6.25 14.26 0.10
0.00 1421.18
827.10 14.44 3.38 -15.49 308.24 19.65 8.66 0.10
0.00 1736.70
792.40 13.44 2.55 -16.18 310.89 16.70 6.08 0.10
0.00 2097.17
754.70 11.54 1.52 -14.97 313.87 342.55 7.13 0.20
0.00 2505.10
713.90 9.44 -0.20 -17.42 315.84 302.01 9.17 0.20
0.00 2966.95
670.20 6.34 -2.67 -21.26 317.02 294.06 11.91 0.10
0.00 3486.97
623.50 2.34 -5.63 -24.87 318.23 278.13 12.35 0.10
0.00 4073.97
574.30 -1.96 -8.88 -28.64 320.06 249.02 15.19 0.00
0.00 4731.93
526.60 -6.46 -12.37 -33.08 322.02 252.47 19.35 0.00
0.00 5414.76
483.70 -11.46 -16.19 -36.20 323.42 245.56 21.11 0.00
0.00 6072.06
445.40 -16.06 -20.04 -43.67 324.65 247.34 24.20 0.00
0.00 6698.50
411.00 -20.46 -23.78 -54.04 326.03 253.47 25.93 0.00
0.00 7298.26
379.90 -24.66 -27.26 -54.69 327.90 262.88 31.31 0.10
0.00 7875.44
352.00 -28.06 -30.19 -56.81 330.50 265.44 36.64 0.10
0.00 8426.48
326.90 -31.36 -33.08 -57.41 333.02 264.81 42.91 0.10
0.00 8953.64
304.30 -34.86 -36.20 -57.98 334.98 264.93 48.37 0.00
0.00 9457.02
284.00 -38.76 -39.73 -58.53 336.06 264.31 48.99 0.00
0.00 9934.65
265.80 -42.06 -42.79 -59.06 337.66 262.99 47.75 0.00
0.00 10385.87
248.80 -44.86 -45.47 -63.51 339.84 261.84 47.88 0.00
0.00 10830.26
233.60 -47.36 -47.87 -66.97 342.19 260.06 49.49 0.00
0.00 11249.21
219.60 -49.96 -50.36 -67.41 344.27 259.64 52.91 0.00
0.00 11655.33
205.60 -52.86 -53.18 -72.72 346.21 260.96 56.84 0.00
0.00 12082.90
191.70 -55.76 -56.00 -73.19 348.55 261.25 58.76 0.00
0.00 12531.31
177.70 -58.96 -59.13 -73.70 350.94 261.68 59.09 0.00
0.00 13010.32
163.80 -62.26 -62.37 -74.24 353.67 263.38 57.30 0.00
0.00 13517.06
149.80 -65.26 -65.34 -74.84 357.65 264.79 53.44 0.00
0.00 14064.67
135.90 -67.46 -9999.00 -9999.00 -9999.00 264.17 45.88 0.00
0.00 14654.13
121.90 -69.26 -9999.00 -9999.00 -9999.00 258.00 34.56 0.00
0.00 15305.84
108.00 -70.76 -9999.00 -9999.00 -9999.00 247.97 27.45 0.00
0.00 16025.74
94.00 -71.46 -9999.00 -9999.00 -9999.00 237.94 20.86 0.00
0.00 16846.82
81.00 -71.16 -9999.00 -9999.00 -9999.00 222.04 15.95 0.00
0.00 17726.22
70.60 -68.86 -9999.00 -9999.00 -9999.00 218.95 18.24 0.00
0.00 18543.34
62.20 -66.86 -9999.00 -9999.00 -9999.00 236.73 7.44 0.00
0.00 19304.54
54.30 -66.16 -9999.00 -9999.00 -9999.00 133.73 6.18 0.00
0.00 20126.14
46.90 -63.96 -9999.00 -9999.00 -9999.00 115.71 5.83 0.00
0.00 21018.52
40.10 -60.46 -9999.00 -9999.00 -9999.00 79.56 7.50 0.00
0.00 21985.70
33.80 -59.06 -9999.00 -9999.00 -9999.00 87.51 8.94 0.00
0.00 23053.28
27.80 -57.86 -9999.00 -9999.00 -9999.00 360.00 3.50 0.00
0.00 24281.38
22.30 -56.16 -9999.00 -9999.00 -9999.00 314.36 12.22 0.00
0.00 25676.11
17.10 -52.36 -9999.00 -9999.00 -9999.00 286.43 15.79 0.00
0.00 27377.27
12.30 -47.96 -9999.00 -9999.00 -9999.00 257.55 32.42 0.00
0.00 29527.86

STID = KMOB STNM = 722230 TIME = 221027/0300 
SLAT = 30.68 SLON = -88.25 SELV = 58.0
STIM = 15

SHOW = 13.36 LIFT = 14.63 SWET = 41.35 KINX = -11.45
LCLP = 929.39 PWAT = 12.69 TOTL = 25.47 CAPE = 0.00
LCLT = 280.19 CINS = 0.00 EQLV = -9999.00 LFCT = -9999.00
BRCH = 0.00

PRES TMPC TMWC DWPC THTE DRCT SKNT OMEG
CFRL HGHT
1008.30 13.64 10.70 8.24 305.41 20.14 6.22 0.00
0.00 68.03
1005.30 14.14 10.79 8.00 305.97 18.69 13.95 0.10
0.00 93.16
999.80 14.24 10.75 7.85 306.48 18.02 16.96 0.20
0.00 139.49
990.20 14.04 10.61 7.76 307.19 17.94 21.45 0.30
0.00 220.96
976.20 13.24 10.04 7.33 307.31 17.94 21.45 0.40
0.00 340.98
958.10 12.64 9.09 5.94 306.96 8.75 17.89 0.40
0.00 498.31
936.40 12.54 8.16 4.05 307.13 343.01 14.63 0.30
0.00 690.60
912.80 11.94 7.22 2.59 307.59 336.41 15.05 0.20
0.00 904.52
887.10 12.34 6.48 0.37 308.80 350.67 14.37 0.20
0.00 1143.70
858.40 14.34 5.38 -5.82 309.40 17.47 10.99 0.20
0.00 1420.10
826.80 14.74 3.55 -15.32 308.65 35.22 8.08 0.10
0.00 1736.37
792.10 13.64 2.66 -16.10 311.18 22.93 5.48 0.10
0.00 2097.29
754.50 11.64 1.62 -14.67 314.13 342.65 6.51 0.20
0.00 2504.49
713.70 9.44 -0.22 -17.51 315.84 302.28 8.72 0.20
0.00 2966.55
670.00 6.34 -2.71 -21.60 316.95 291.45 11.69 0.20
0.00 3486.72
623.30 2.24 -5.64 -24.34 318.28 277.43 13.52 0.10
0.00 4073.80
574.10 -2.16 -8.99 -28.47 319.89 257.47 16.12 0.10
0.00 4731.62
526.50 -6.56 -12.37 -32.20 322.06 261.71 20.22 0.00
0.00 5412.83
483.70 -11.66 -16.36 -36.77 323.10 249.62 21.76 0.00
0.00 6068.30
445.40 -16.06 -20.15 -47.36 324.42 249.75 25.25 0.00
0.00 6694.48
411.00 -20.56 -23.84 -52.75 325.94 254.16 28.48 0.10
0.00 7294.11
379.90 -24.46 -27.10 -54.69 328.17 261.56 30.44 0.10
0.00 7871.41
352.00 -27.96 -30.09 -55.32 330.68 263.10 37.18 0.10
0.00 8422.78
326.90 -31.06 -32.83 -57.41 333.43 262.94 44.23 0.10
0.00 8950.38
304.30 -34.86 -36.18 -56.51 335.02 264.09 49.01 0.00
0.00 9454.08
284.00 -38.96 -39.89 -57.07 335.82 263.56 48.48 0.00
0.00 9931.51
265.80 -42.36 -43.06 -59.06 337.22 262.04 46.29 0.00
0.00 10382.24
248.80 -45.06 -45.65 -63.51 339.55 259.59 46.21 0.00
0.00 10826.15
233.60 -47.56 -48.06 -66.97 341.88 258.82 49.11 -0.10
0.00 11244.73
219.60 -50.16 -50.55 -67.41 343.96 261.51 52.64 -0.10
0.00 11650.48
205.60 -52.96 -53.28 -72.72 346.05 262.70 55.03 0.00
0.00 12077.77
191.70 -55.76 -56.00 -73.19 348.55 261.84 57.50 0.00
0.00 12526.08
177.70 -58.86 -59.03 -73.70 351.11 262.22 58.82 0.00
0.00 13005.20
163.80 -62.26 -62.37 -74.24 353.67 263.40 57.50 0.00
0.00 13512.06
149.80 -65.26 -65.34 -74.84 357.65 264.33 53.09 0.00
0.00 14059.67
135.90 -67.46 -9999.00 -9999.00 -9999.00 262.08 45.10 0.00
0.00 14649.12
121.90 -69.26 -9999.00 -9999.00 -9999.00 254.72 34.63 0.00
0.00 15300.84
108.00 -70.56 -9999.00 -9999.00 -9999.00 245.36 28.42 0.00
0.00 16021.09
94.00 -71.26 -9999.00 -9999.00 -9999.00 236.73 22.30 0.00
0.00 16842.98
81.00 -70.76 -9999.00 -9999.00 -9999.00 225.90 17.58 0.00
0.00 17723.69
70.60 -68.56 -9999.00 -9999.00 -9999.00 227.49 18.98 0.00
0.00 18542.22
62.20 -66.46 -9999.00 -9999.00 -9999.00 247.25 6.53 0.00
0.00 19304.72
54.30 -65.76 -9999.00 -9999.00 -9999.00 143.13 6.80 0.00
0.00 20127.90
46.90 -63.86 -9999.00 -9999.00 -9999.00 101.69 5.75 0.00
0.00 21021.36
40.10 -61.46 -9999.00 -9999.00 -9999.00 62.24 8.33 0.00
0.00 21986.48
33.80 -60.26 -9999.00 -9999.00 -9999.00 81.87 5.50 0.00
0.00 23048.55
27.80 -58.46 -9999.00 -9999.00 -9999.00 324.78 4.04 0.00
0.00 24271.51
22.30 -56.26 -9999.00 -9999.00 -9999.00 329.20 11.75 0.00
0.00 25663.97
17.10 -51.76 -9999.00 -9999.00 -9999.00 293.68 12.08 0.00
0.00 27367.08
12.30 -47.36 -9999.00 -9999.00 -9999.00 260.54 30.73 0.00
0.00 29523.46

STID = KMOB STNM = 722230 TIME = 221027/0400 
SLAT = 30.68 SLON = -88.25 SELV = 58.0
STIM = 16

SHOW = 12.95 LIFT = 14.53 SWET = 40.19 KINX = -11.13
LCLP = 946.62 PWAT = 13.03 TOTL = 26.18 CAPE = 0.00
LCLT = 280.87 CINS = 0.00 EQLV = -9999.00 LFCT = -9999.00
BRCH = 0.00

PRES TMPC TMWC DWPC THTE DRCT SKNT OMEG
CFRL HGHT
1009.70 12.94 10.61 8.67 305.05 22.17 5.67 0.00
0.00 66.32
1006.60 13.54 10.76 8.45 305.75 22.29 12.80 0.10
0.00 92.21
1001.10 13.54 10.68 8.31 306.16 22.83 16.03 0.10
0.00 138.38
991.50 13.34 10.52 8.19 306.83 23.48 20.96 0.20
0.00 219.55
977.40 12.44 9.99 7.93 307.06 23.54 21.41 0.30
0.00 339.98
959.20 11.54 9.07 6.92 306.82 18.62 18.86 0.30
0.00 497.50
937.60 11.74 8.11 4.75 306.89 3.01 14.78 0.30
0.00 688.07
913.90 12.24 7.51 2.96 308.17 352.46 13.33 0.20
0.00 902.47
888.20 13.44 6.96 0.29 309.80 10.22 12.04 0.10
0.00 1141.95
859.50 14.84 5.63 -5.80 309.83 34.56 10.61 0.00
0.00 1418.77
827.70 14.64 3.68 -14.16 308.89 47.73 8.66 0.00
0.00 1736.90
793.00 13.74 2.69 -16.26 311.12 32.01 5.50 0.00
0.00 2097.43
755.30 11.64 1.63 -14.66 314.03 354.29 5.85 0.10
0.00 2505.34
714.50 9.54 -0.19 -17.68 315.78 307.18 7.07 0.10
0.00 2966.98
670.70 6.44 -2.65 -21.59 316.97 292.62 10.10 0.10
0.00 3487.95
623.90 2.24 -5.56 -23.70 318.36 277.65 13.13 0.10
0.00 4075.81
574.60 -2.26 -9.00 -27.97 319.80 263.58 15.64 0.00
0.00 4734.26
526.80 -6.76 -12.48 -31.99 321.80 265.74 18.32 0.00
0.00 5417.47
483.90 -11.76 -16.53 -38.68 322.72 252.22 21.62 0.00
0.00 6073.76
445.60 -16.06 -20.18 -48.97 324.30 250.20 25.82 0.00
0.00 6699.54
411.10 -20.46 -23.74 -51.61 326.09 253.57 28.15 0.10
0.00 7300.81
380.00 -24.36 -27.02 -54.69 328.27 260.97 29.70 0.10
0.00 7878.20
352.00 -27.76 -29.93 -55.32 330.95 260.84 36.60 0.10
0.00 8431.81
326.90 -30.76 -32.58 -57.41 333.84 262.54 44.87 0.10
0.00 8959.95
304.30 -34.96 -36.26 -56.51 334.88 263.71 47.88 0.10
0.00 9463.86
284.00 -39.16 -40.05 -55.82 335.57 262.93 47.38 0.10
0.00 9940.99
265.80 -42.46 -43.15 -59.06 337.08 261.56 46.35 0.10
0.00 10391.43
248.80 -45.26 -45.82 -61.32 339.29 260.07 47.32 0.00
0.00 10835.05
233.60 -47.86 -48.34 -66.97 341.43 261.52 50.08 0.00
0.00 11253.17
219.60 -50.26 -50.67 -72.27 343.76 264.57 51.32 0.00
0.00 11658.56
205.60 -52.86 -53.18 -72.72 346.21 264.75 53.05 0.00
0.00 12085.85
191.70 -55.66 -55.90 -73.19 348.71 264.37 55.44 0.00
0.00 12534.36
177.70 -58.76 -58.93 -73.70 351.27 264.68 56.59 0.00
0.00 13013.71
163.80 -61.96 -62.08 -74.24 354.17 265.04 56.16 0.00
0.00 13521.04
149.80 -65.06 -65.14 -74.84 358.00 264.94 52.86 0.00
0.00 14069.30
135.90 -67.26 -9999.00 -9999.00 -9999.00 261.37 44.02 0.00
0.00 14659.33
121.90 -69.26 -9999.00 -9999.00 -9999.00 253.66 35.22 0.00
0.00 15311.36
108.00 -70.56 -9999.00 -9999.00 -9999.00 247.70 29.18 0.00
0.00 16031.62
94.00 -71.06 -9999.00 -9999.00 -9999.00 240.38 22.79 0.00
0.00 16853.92
81.00 -70.26 -9999.00 -9999.00 -9999.00 229.40 17.91 0.00
0.00 17736.15
70.60 -67.76 -9999.00 -9999.00 -9999.00 234.75 17.83 0.00
0.00 18557.29
62.20 -65.56 -9999.00 -9999.00 -9999.00 250.91 5.34 0.00
0.00 19322.95
54.30 -65.26 -9999.00 -9999.00 -9999.00 150.95 8.00 0.00
0.00 20148.91
46.90 -63.56 -9999.00 -9999.00 -9999.00 91.91 5.83 0.00
0.00 21044.08
40.10 -61.76 -9999.00 -9999.00 -9999.00 58.63 9.32 0.00
0.00 22009.20
33.80 -60.86 -9999.00 -9999.00 -9999.00 45.00 3.30 0.00
0.00 23069.03
27.80 -58.66 -9999.00 -9999.00 -9999.00 328.17 6.62 0.00
0.00 24289.69
22.30 -56.16 -9999.00 -9999.00 -9999.00 345.43 10.04 0.00
0.00 25681.83
17.10 -50.66 -9999.00 -9999.00 -9999.00 283.67 7.40 0.00
0.00 27389.61
12.30 -46.76 -9999.00 -9999.00 -9999.00 268.65 24.67 0.00
0.00 29554.18

STID = KMOB STNM = 722230 TIME = 221027/0500 
SLAT = 30.68 SLON = -88.25 SELV = 58.0
STIM = 17

SHOW = 12.58 LIFT = 14.33 SWET = 36.12 KINX = -10.29
LCLP = 962.10 PWAT = 13.31 TOTL = 27.06 CAPE = 0.00
LCLT = 281.39 CINS = 0.00 EQLV = -9999.00 LFCT = -9999.00
BRCH = 0.00

PRES TMPC TMWC DWPC THTE DRCT SKNT OMEG
CFRL HGHT
1008.30 12.04 10.36 8.94 304.58 15.64 5.05 0.00
0.00 67.14
1005.30 12.64 10.52 8.75 305.30 17.24 11.79 0.10
0.00 92.15
999.70 12.64 10.45 8.62 305.74 18.43 14.74 0.10
0.00 139.08
990.20 12.34 10.22 8.46 306.23 21.16 19.37 0.20
0.00 219.25
976.10 11.54 9.62 7.98 306.28 20.56 19.91 0.30
0.00 339.44
958.00 10.84 8.84 7.10 306.41 15.78 18.57 0.30
0.00 495.86
936.30 11.24 8.32 5.70 307.59 10.89 15.42 0.30
0.00 687.20
912.70 12.54 7.85 3.45 309.16 11.69 11.50 0.30
0.00 900.94
887.00 13.94 7.14 0.18 310.39 19.89 9.71 0.20
0.00 1141.09
858.40 14.84 5.66 -5.68 310.03 37.41 8.31 0.20
0.00 1417.55
826.70 14.54 3.69 -13.71 309.07 45.00 6.04 0.20
0.00 1735.02
792.10 13.64 2.63 -16.27 311.11 13.39 4.20 0.20
0.00 2094.82
754.40 11.54 1.57 -14.67 314.03 339.68 5.59 0.20
0.00 2503.06
713.70 9.44 -0.26 -17.78 315.74 299.93 7.40 0.20
0.00 2963.94
670.00 6.24 -2.72 -21.27 316.94 291.41 10.64 0.20
0.00 3484.01
623.30 2.04 -5.54 -22.53 318.55 277.22 13.91 0.10
0.00 4070.80
574.10 -2.46 -9.03 -27.05 319.85 268.70 17.09 0.10
0.00 4728.07
526.50 -7.06 -12.70 -32.20 321.45 265.14 18.32 0.10
0.00 5408.29
483.60 -11.96 -16.69 -39.04 322.49 254.40 22.38 0.10
0.00 6064.34
445.40 -16.16 -20.24 -48.14 324.25 250.43 27.84 0.10
0.00 6688.46
411.00 -20.46 -23.74 -51.61 326.11 253.57 28.15 0.10
0.00 7288.09
379.90 -24.46 -27.08 -53.41 328.21 259.27 30.24 0.10
0.00 7865.51
352.00 -27.46 -29.68 -55.32 331.35 259.91 37.68 0.10
0.00 8417.44
326.90 -30.86 -32.66 -57.41 333.70 261.98 44.52 0.10
0.00 8945.80
304.30 -35.06 -36.35 -56.51 334.74 262.82 48.15 0.10
0.00 9449.50
284.00 -39.16 -40.07 -57.07 335.53 261.39 49.32 0.10
0.00 9926.52
265.80 -42.56 -43.25 -59.06 336.93 260.84 48.80 0.10
0.00 10376.87
248.80 -45.36 -45.93 -63.51 339.10 261.81 49.07 0.10
0.00 10820.29
233.60 -47.76 -48.25 -66.97 341.58 264.29 50.76 0.10
0.00 11238.41
219.60 -50.16 -50.57 -72.27 343.92 266.67 53.52 0.10
0.00 11643.98
205.60 -52.96 -53.28 -72.72 346.05 267.41 55.81 0.10
0.00 12071.27
191.70 -55.96 -56.19 -73.19 348.23 267.01 55.83 0.00
0.00 12519.37
177.70 -58.96 -59.13 -73.70 350.94 267.13 54.27 0.00
0.00 12998.16
163.80 -61.96 -62.08 -74.24 354.17 266.40 52.54 0.00
0.00 13505.25
149.80 -64.76 -64.84 -74.84 358.52 264.20 49.98 0.00
0.00 14053.91
135.90 -67.06 -9999.00 -9999.00 -9999.00 260.62 42.93 0.00
0.00 14644.65
121.90 -69.16 -9999.00 -9999.00 -9999.00 253.63 35.84 0.00
0.00 15297.16
108.00 -70.26 -9999.00 -9999.00 -9999.00 248.06 30.15 0.00
0.00 16018.13
94.00 -70.56 -9999.00 -9999.00 -9999.00 243.02 23.97 0.00
0.00 16842.05
81.00 -69.76 -9999.00 -9999.00 -9999.00 233.71 19.04 0.00
0.00 17726.46
70.60 -67.36 -9999.00 -9999.00 -9999.00 239.88 18.18 0.00
0.00 18549.41
62.20 -65.36 -9999.00 -9999.00 -9999.00 250.20 5.17 0.00
0.00 19316.18
54.30 -65.86 -9999.00 -9999.00 -9999.00 163.69 8.29 0.00
0.00 20141.35
46.90 -64.36 -9999.00 -9999.00 -9999.00 102.80 4.39 0.00
0.00 21033.52
40.10 -62.76 -9999.00 -9999.00 -9999.00 71.15 8.41 0.00
0.00 21994.52
33.80 -61.76 -9999.00 -9999.00 -9999.00 42.51 3.17 0.00
0.00 23049.58
27.80 -59.76 -9999.00 -9999.00 -9999.00 345.17 6.84 0.00
0.00 24264.53
22.30 -57.86 -9999.00 -9999.00 -9999.00 5.57 8.00 0.00
0.00 25647.64
17.10 -52.36 -9999.00 -9999.00 -9999.00 236.73 7.44 0.00
0.00 27342.20
12.30 -47.96 -9999.00 -9999.00 -9999.00 253.01 21.93 0.00
0.00 29492.79

STID = KMOB STNM = 722230 TIME = 221027/0600 
SLAT = 30.68 SLON = -88.25 SELV = 58.0
STIM = 18

SHOW = 12.42 LIFT = 14.48 SWET = 33.76 KINX = -10.10
LCLP = 974.17 PWAT = 13.27 TOTL = 27.24 CAPE = 0.00
LCLT = 281.72 CINS = 0.00 EQLV = -9999.00 LFCT = -9999.00
BRCH = 0.00

PRES TMPC TMWC DWPC THTE DRCT SKNT OMEG
CFRL HGHT
1008.10 11.34 10.12 9.08 304.02 19.18 4.74 0.00
0.00 67.12
1005.10 11.94 10.30 8.91 304.77 19.65 11.56 0.00
0.00 92.07
999.50 11.94 10.22 8.77 305.19 20.92 14.14 0.10
0.00 138.90
990.00 11.64 9.93 8.48 305.52 24.44 18.78 0.10
0.00 218.90
975.90 10.84 9.30 7.97 305.52 25.29 19.54 0.20
0.00 338.81
957.80 10.04 8.46 7.05 305.49 23.84 18.26 0.20
2.00 494.85
936.20 11.14 8.10 5.34 307.06 20.56 14.94 0.30
1.00 685.02
912.50 13.34 8.22 3.47 310.08 28.95 10.43 0.20
0.00 899.96
886.90 14.74 7.44 -0.01 311.10 36.33 8.20 0.10
0.00 1139.88
858.20 15.04 5.65 -6.09 310.01 45.00 6.88 0.10
0.00 1417.83
826.60 14.64 3.74 -13.71 309.19 43.53 5.36 0.10
0.00 1734.52
791.90 13.64 2.63 -16.28 311.13 8.13 4.12 0.10
0.00 2095.48
754.30 11.54 1.56 -14.75 314.01 333.43 4.78 0.10
0.00 2502.72
713.60 9.34 -0.32 -17.87 315.61 295.11 6.86 0.10
0.00 2963.57
669.90 6.24 -2.67 -20.84 317.08 289.13 10.08 0.10
0.00 3483.63
623.20 1.94 -5.50 -21.77 318.68 277.22 13.91 0.10
0.00 4070.43
574.00 -2.46 -9.05 -27.20 319.83 270.64 17.48 0.10
0.00 4727.70
526.40 -7.26 -12.86 -32.64 321.15 262.13 18.43 0.10
0.00 5407.78
483.60 -12.06 -16.77 -39.40 322.33 254.40 22.38 0.10
0.00 6061.99
445.30 -16.16 -20.22 -47.36 324.31 251.19 28.32 0.10
0.00 6687.69
411.00 -20.46 -23.72 -50.60 326.15 252.99 27.21 0.10
0.00 7285.65
379.90 -24.66 -27.24 -53.41 327.94 256.78 29.74 0.00
0.00 7862.84
351.90 -27.36 -29.62 -56.81 331.47 260.73 37.39 0.00
0.00 8416.71
326.80 -31.06 -32.83 -57.41 333.46 262.61 42.31 0.00
0.00 8945.11
304.30 -35.16 -36.44 -56.51 334.60 263.86 49.03 0.00
0.00 9446.35
284.00 -39.16 -40.07 -57.07 335.53 261.25 48.54 0.00
0.00 9923.27
265.80 -42.16 -42.90 -60.80 337.47 260.06 49.49 0.00
0.00 10374.00
248.80 -44.76 -45.40 -66.51 339.95 262.05 51.98 0.00
0.00 10818.39
233.60 -47.36 -47.87 -66.97 342.19 265.65 53.77 0.00
0.00 11237.43
219.60 -50.06 -50.45 -67.41 344.12 268.01 55.98 0.00
0.00 11643.46
205.60 -52.96 -53.28 -72.72 346.05 268.86 58.49 0.00
0.00 12070.84
191.70 -55.86 -56.10 -73.19 348.39 268.28 58.29 0.00
0.00 12519.05
177.70 -58.86 -59.03 -73.70 351.11 266.68 53.71 0.00
0.00 12998.06
163.80 -61.76 -61.88 -74.24 354.51 264.83 49.53 0.00
0.00 13505.51
149.80 -64.66 -64.74 -74.84 358.69 262.16 48.43 0.00
0.00 14054.56
135.90 -67.36 -9999.00 -9999.00 -9999.00 260.74 44.68 0.00
0.00 14645.02
121.90 -69.26 -9999.00 -9999.00 -9999.00 254.39 36.11 0.00
0.00 15296.89
108.00 -70.56 -9999.00 -9999.00 -9999.00 245.40 30.34 0.00
0.00 16017.14
94.00 -70.76 -9999.00 -9999.00 -9999.00 239.12 24.22 0.00
0.00 16840.05
81.00 -69.86 -9999.00 -9999.00 -9999.00 228.11 17.75 0.00
0.00 17723.81
70.60 -67.26 -9999.00 -9999.00 -9999.00 235.30 15.37 0.00
0.00 18546.76
62.20 -64.96 -9999.00 -9999.00 -9999.00 196.70 2.02 0.00
0.00 19314.46
54.30 -65.76 -9999.00 -9999.00 -9999.00 158.50 6.90 0.00
0.00 20140.62
46.90 -64.06 -9999.00 -9999.00 -9999.00 45.00 1.92 0.00
0.00 21033.65
40.10 -62.86 -9999.00 -9999.00 -9999.00 59.04 5.67 0.00
0.00 21995.10
33.80 -61.86 -9999.00 -9999.00 -9999.00 2.86 3.88 0.00
0.00 23049.67
27.80 -59.76 -9999.00 -9999.00 -9999.00 360.00 7.38 0.00
0.00 24264.33
22.30 -57.26 -9999.00 -9999.00 -9999.00 12.53 5.38 0.00
0.00 25649.37
17.10 -51.36 -9999.00 -9999.00 -9999.00 239.04 13.60 0.00
0.00 27350.15
12.30 -48.16 -9999.00 -9999.00 -9999.00 255.45 26.28 0.00
0.00 29504.59

STID = KMOB STNM = 722230 TIME = 221027/0700 
SLAT = 30.68 SLON = -88.25 SELV = 58.0
STIM = 19

SHOW = 12.32 LIFT = 14.80 SWET = 32.33 KINX = -9.90
LCLP = 981.16 PWAT = 13.38 TOTL = 27.62 CAPE = 0.00
LCLT = 281.81 CINS = 0.00 EQLV = -9999.00 LFCT = -9999.00
BRCH = 0.00

PRES TMPC TMWC DWPC THTE DRCT SKNT OMEG
CFRL HGHT
1008.00 10.84 9.89 9.06 303.46 21.37 4.80 0.00
0.00 67.11
1005.00 11.24 10.00 8.93 304.05 24.36 11.31 0.00
0.00 92.01
999.50 11.14 9.87 8.77 304.32 24.78 13.91 0.10
0.00 137.88
989.90 10.84 9.56 8.44 304.60 28.42 18.76 0.10
0.00 218.50
975.80 9.94 8.88 7.93 304.50 29.60 19.66 0.10
0.00 338.07
957.70 9.24 8.17 7.20 304.81 31.49 18.22 0.20
8.00 493.66
936.10 10.54 7.97 5.63 306.76 34.59 13.69 0.20
3.00 683.39
912.50 13.64 8.36 3.50 310.44 43.45 10.16 0.10
0.00 897.33
886.80 14.94 7.72 0.55 311.85 48.12 7.56 0.10
0.00 1138.42
858.20 14.84 5.68 -5.59 310.12 46.33 5.91 0.00
0.00 1415.44
826.50 14.64 3.81 -13.26 309.39 40.10 4.82 0.10
0.00 1733.05
791.90 13.54 2.61 -16.10 311.09 6.01 3.71 0.10
0.00 2092.95
754.20 11.54 1.53 -14.90 313.96 326.31 4.20 0.10
0.00 2501.22
713.50 9.44 -0.31 -18.14 315.63 293.43 6.35 0.10
0.00 2962.21
669.80 6.24 -2.63 -20.53 317.19 289.89 9.71 0.10
0.00 3482.44
623.20 1.94 -5.51 -21.88 318.65 279.46 14.18 0.10
0.00 4068.03
574.00 -2.56 -9.15 -27.66 319.61 273.14 17.70 0.10
0.00 4725.17
526.40 -7.46 -13.01 -32.86 320.88 264.53 18.34 0.10
0.00 5404.86
483.60 -11.96 -16.74 -40.18 322.38 256.79 22.94 0.10
0.00 6058.94
445.30 -16.16 -20.20 -46.65 324.35 254.54 28.42 0.10
0.00 6684.76
410.90 -20.66 -23.89 -51.61 325.88 254.17 27.06 0.10
0.00 7284.30
379.80 -24.66 -27.24 -53.41 327.97 254.90 30.57 0.00
0.00 7861.40
351.90 -27.36 -29.62 -56.81 331.47 261.95 37.47 0.00
0.00 8413.37
326.80 -31.06 -32.81 -55.93 333.50 265.03 44.85 0.00
0.00 8941.77
304.20 -35.26 -36.50 -55.25 334.54 264.31 50.95 0.00
0.00 9445.22
284.00 -39.16 -40.09 -58.53 335.49 261.78 51.61 0.00
0.00 9919.77
265.70 -41.96 -42.74 -63.01 337.76 262.22 54.51 0.00
0.00 10373.26
248.80 -44.66 -45.31 -66.51 340.10 265.38 57.89 0.00
0.00 10815.40
233.60 -47.36 -47.87 -66.97 342.19 267.93 59.09 0.00
0.00 11234.53
219.60 -50.06 -50.45 -67.41 344.12 269.63 60.22 0.00
0.00 11640.56
205.60 -53.06 -53.37 -72.72 345.89 270.18 62.16 0.00
0.00 12067.85
191.70 -56.06 -56.29 -73.19 348.07 270.18 61.38 0.00
0.00 12515.75
177.70 -58.86 -59.03 -73.70 351.11 267.61 55.81 0.00
0.00 12994.54
163.80 -62.06 -62.18 -74.24 354.01 264.51 50.74 0.00
0.00 13501.63
149.80 -65.26 -9999.00 -9999.00 -9999.00 263.49 49.67 0.00
0.00 14049.50
135.90 -67.96 -9999.00 -9999.00 -9999.00 264.70 46.23 0.00
0.00 14638.24
121.90 -69.46 -9999.00 -9999.00 -9999.00 257.50 36.81 0.00
0.00 15288.84
108.00 -70.76 -9999.00 -9999.00 -9999.00 246.04 30.61 0.00
0.00 16008.39
94.00 -71.16 -9999.00 -9999.00 -9999.00 238.74 25.45 0.00
0.00 16830.08
81.00 -70.26 -9999.00 -9999.00 -9999.00 227.60 18.14 0.00
0.00 17712.09
70.60 -67.56 -9999.00 -9999.00 -9999.00 237.17 14.34 0.00
0.00 18533.64
62.20 -65.06 -9999.00 -9999.00 -9999.00 144.46 3.34 0.00
0.00 19300.59
54.30 -66.06 -9999.00 -9999.00 -9999.00 160.97 5.96 0.00
0.00 20125.96
46.90 -64.26 -9999.00 -9999.00 -9999.00 47.49 3.17 0.00
0.00 21017.92
40.10 -63.86 -9999.00 -9999.00 -9999.00 79.29 7.32 0.00
0.00 21976.62
33.80 -62.56 -9999.00 -9999.00 -9999.00 71.57 4.91 0.00
0.00 23026.94
27.80 -59.96 -9999.00 -9999.00 -9999.00 56.73 7.44 0.00
0.00 24239.02
22.30 -56.76 -9999.00 -9999.00 -9999.00 66.50 4.88 0.00
0.00 25625.03
17.10 -50.76 -9999.00 -9999.00 -9999.00 243.43 16.94 0.00
0.00 27330.09
12.30 -48.46 -9999.00 -9999.00 -9999.00 257.31 30.07 0.00
0.00 29485.98

STID = KMOB STNM = 722230 TIME = 221027/0800 
SLAT = 30.68 SLON = -88.25 SELV = 58.0
STIM = 20

SHOW = 12.25 LIFT = 15.15 SWET = 29.11 KINX = -9.90
LCLP = 989.53 PWAT = 13.38 TOTL = 27.76 CAPE = 0.00
LCLT = 281.81 CINS = 0.00 EQLV = -9999.00 LFCT = -9999.00
BRCH = 0.00

PRES TMPC TMWC DWPC THTE DRCT SKNT OMEG
CFRL HGHT
1009.10 10.24 9.57 8.95 302.55 14.62 4.62 0.00
0.00 67.90
1006.10 10.74 9.72 8.82 303.24 21.41 10.64 0.00
0.00 92.73
1000.60 10.64 9.60 8.68 303.54 23.53 13.13 0.10
0.00 138.47
991.00 10.24 9.24 8.35 303.71 28.56 17.46 0.10
0.00 218.83
976.90 9.34 8.61 7.93 303.72 30.96 18.12 0.20
0.00 338.02
958.80 8.74 7.92 7.15 304.08 37.28 16.36 0.20
14.00 493.13
937.10 10.44 7.85 5.48 306.36 44.33 11.67 0.20
3.00 683.32
913.40 13.64 8.29 3.33 310.16 52.59 8.31 0.10
0.00 897.90
887.80 15.04 7.78 0.59 311.88 52.77 6.10 0.10
0.00 1137.83
859.10 14.84 5.74 -5.36 310.17 39.47 4.27 0.10
0.00 1415.58
827.40 14.64 3.85 -13.03 309.38 27.76 4.18 0.10
0.00 1732.86
792.70 13.64 2.69 -15.92 311.17 356.99 3.69 0.20
0.00 2093.48
754.90 11.64 1.55 -15.12 313.89 320.53 4.27 0.20
0.00 2502.58
714.20 9.54 -0.28 -18.31 315.59 296.57 6.08 0.20
0.00 2963.29
670.40 6.24 -2.59 -20.21 317.21 289.18 9.46 0.20
0.00 3484.31
623.60 1.94 -5.52 -21.98 318.56 278.81 13.95 0.20
0.00 4071.97
574.40 -2.66 -9.20 -27.50 319.46 274.60 16.96 0.20
0.00 4728.54
526.70 -7.56 -13.05 -32.63 320.74 264.92 17.56 0.10
0.00 5408.99
483.80 -11.96 -16.77 -41.01 322.27 257.63 22.67 0.10
0.00 6064.14
445.50 -16.26 -20.27 -46.64 324.18 255.04 26.34 0.10
0.00 6689.57
411.10 -20.86 -24.03 -50.60 325.61 252.65 26.05 0.10
0.00 7288.48
380.00 -24.56 -27.16 -53.41 328.05 255.61 30.48 0.10
0.00 7865.18
352.00 -27.46 -29.70 -56.81 331.31 260.33 35.86 0.00
0.00 8418.90
326.90 -30.86 -32.62 -54.66 333.79 265.01 44.66 0.00
0.00 8947.25
304.30 -35.36 -36.57 -54.15 334.40 261.81 49.07 0.00
0.00 9450.64
284.00 -39.26 -40.14 -55.82 335.43 261.66 52.21 0.00
0.00 9927.27
265.80 -41.86 -42.63 -60.80 337.91 265.62 58.45 0.00
0.00 10378.20
248.80 -44.26 -44.93 -66.51 340.69 269.12 63.33 0.00
0.00 10823.36
233.60 -46.96 -47.49 -66.97 342.79 271.20 64.90 0.00
0.00 11243.23
219.60 -49.76 -50.17 -67.41 344.58 271.74 64.14 0.00
0.00 11649.89
205.60 -52.96 -53.25 -67.89 346.10 271.87 65.50 0.00
0.00 12077.57
191.70 -56.36 -56.58 -73.19 347.59 272.95 64.18 0.00
0.00 12525.26
177.70 -59.46 -59.62 -73.70 350.12 271.18 56.55 0.00
0.00 13003.05
163.80 -62.36 -62.47 -74.24 353.50 266.37 49.05 0.00
0.00 13509.07
149.80 -65.46 -9999.00 -9999.00 -9999.00 264.78 47.01 0.00
0.00 14056.29
135.90 -67.96 -9999.00 -9999.00 -9999.00 265.01 44.66 0.00
0.00 14644.75
121.90 -69.66 -9999.00 -9999.00 -9999.00 257.80 36.77 0.00
0.00 15295.03
108.00 -70.66 -9999.00 -9999.00 -9999.00 246.71 30.46 0.00
0.00 16014.40
94.00 -71.16 -9999.00 -9999.00 -9999.00 238.09 26.09 0.00
0.00 16836.29
81.00 -70.36 -9999.00 -9999.00 -9999.00 227.88 19.11 0.00
0.00 17718.09
70.60 -67.66 -9999.00 -9999.00 -9999.00 240.69 12.70 0.00
0.00 18539.23
62.20 -65.46 -9999.00 -9999.00 -9999.00 127.57 6.37 0.00
0.00 19305.25
54.30 -66.56 -9999.00 -9999.00 -9999.00 150.75 5.57 0.00
0.00 20128.84
46.90 -64.86 -9999.00 -9999.00 -9999.00 87.95 5.44 0.00
0.00 21018.43
40.10 -63.96 -9999.00 -9999.00 -9999.00 106.26 9.71 0.00
0.00 21975.53
33.80 -61.76 -9999.00 -9999.00 -9999.00 97.91 7.05 0.00
0.00 23027.60
27.80 -59.46 -9999.00 -9999.00 -9999.00 71.57 7.36 0.00
0.00 24243.40
22.30 -56.36 -9999.00 -9999.00 -9999.00 39.81 1.52 0.00
0.00 25632.31
17.10 -51.16 -9999.00 -9999.00 -9999.00 253.99 23.23 0.00
0.00 27337.37
12.30 -49.26 -9999.00 -9999.00 -9999.00 253.92 34.36 0.00
0.00 29487.47

STID = KMOB STNM = 722230 TIME = 221027/0900 
SLAT = 30.68 SLON = -88.25 SELV = 58.0
STIM = 21

SHOW = 12.01 LIFT = 15.34 SWET = 27.26 KINX = -9.26
LCLP = 992.37 PWAT = 13.42 TOTL = 28.48 CAPE = 0.00
LCLT = 281.64 CINS = 0.00 EQLV = -9999.00 LFCT = -9999.00
BRCH = 0.00

PRES TMPC TMWC DWPC THTE DRCT SKNT OMEG
CFRL HGHT
1009.10 9.84 9.28 8.74 301.84 10.30 4.35 0.00
0.00 67.06
1006.10 10.24 9.42 8.68 302.52 17.74 10.20 0.00
0.00 91.85
1000.50 10.24 9.34 8.53 302.92 20.14 12.41 0.10
0.00 138.35
990.90 9.94 9.05 8.24 303.25 27.79 16.24 0.10
0.00 218.62
976.90 8.94 8.37 7.82 303.14 33.14 16.71 0.20
3.00 336.81
958.70 8.44 7.66 6.91 303.46 43.98 15.38 0.20
16.00 492.59
937.10 10.34 7.74 5.33 306.07 49.51 10.47 0.10
3.00 681.77
913.40 13.24 8.09 3.27 309.65 51.84 6.92 0.00
0.00 896.15
887.70 14.74 7.68 0.68 311.65 46.55 5.09 0.00
0.00 1136.75
859.00 14.64 5.82 -4.72 310.41 18.43 3.69 0.00
0.00 1414.30
827.30 14.44 3.85 -12.46 309.43 12.80 4.39 0.00
0.00 1731.42
792.60 13.54 2.66 -15.75 311.14 351.87 4.12 0.00
0.00 2091.91
754.90 11.54 1.47 -15.28 313.72 323.62 4.58 0.00
0.00 2499.81
714.10 9.44 -0.34 -18.41 315.46 302.62 5.77 0.00
0.00 2961.52
670.40 6.24 -2.56 -20.01 317.28 289.23 8.84 0.00
0.00 3481.29
623.60 1.84 -5.58 -21.98 318.44 280.15 13.23 0.10
0.00 4068.85
574.40 -2.86 -9.30 -27.35 319.26 276.42 15.64 0.00
0.00 4725.07
526.70 -7.76 -13.17 -32.41 320.53 264.56 16.39 0.00
0.00 5405.00
483.80 -12.06 -16.82 -40.58 322.18 260.11 21.48 0.00
0.00 6059.79
445.50 -16.46 -20.40 -45.97 323.97 254.25 23.62 0.00
0.00 6684.86
411.10 -20.96 -24.08 -49.68 325.52 251.42 25.00 0.00
0.00 7283.42
379.90 -24.36 -27.00 -53.41 328.34 256.42 29.78 0.00
0.00 7862.16
352.00 -27.16 -29.46 -56.81 331.71 257.71 35.59 0.00
0.00 8414.54
326.90 -30.86 -32.64 -55.93 333.75 260.96 43.28 0.00
0.00 8943.22
304.30 -35.46 -36.63 -53.16 334.30 259.99 46.95 0.00
0.00 9446.50
284.00 -39.16 -40.05 -55.82 335.57 262.01 54.53 0.00
0.00 9923.13
265.80 -41.36 -42.19 -63.01 338.60 267.50 62.41 0.00
0.00 10374.64
248.80 -43.46 -44.19 -66.51 341.88 272.47 67.66 -0.10
0.00 10821.06
233.60 -46.46 -47.02 -66.97 343.55 273.26 68.30 -0.10
0.00 11242.13
219.60 -49.66 -50.07 -67.41 344.73 273.87 69.11 -0.10
0.00 11649.33
205.60 -53.06 -53.35 -67.89 345.94 274.95 69.79 -0.10
0.00 12077.00
191.70 -56.46 -56.68 -73.19 347.43 275.95 65.62 -0.10
0.00 12524.50
177.70 -59.46 -59.62 -73.70 350.12 271.64 54.41 0.00
0.00 13002.18
163.80 -62.26 -62.37 -74.24 353.67 263.86 49.03 0.00
0.00 13508.31
149.80 -65.56 -9999.00 -9999.00 -9999.00 262.35 49.59 0.00
0.00 14055.53
135.90 -68.26 -9999.00 -9999.00 -9999.00 264.70 46.23 0.00
0.00 14643.42
121.90 -69.66 -9999.00 -9999.00 -9999.00 260.54 37.80 0.00
0.00 15293.22
108.00 -70.26 -9999.00 -9999.00 -9999.00 248.27 30.94 0.00
0.00 16013.30
94.00 -71.06 -9999.00 -9999.00 -9999.00 240.00 27.58 0.00
0.00 16836.21
81.00 -70.46 -9999.00 -9999.00 -9999.00 232.03 20.20 0.00
0.00 17718.01
70.60 -68.26 -9999.00 -9999.00 -9999.00 243.43 12.59 0.00
0.00 18537.74
62.20 -66.46 -9999.00 -9999.00 -9999.00 145.62 8.94 0.00
0.00 19300.80
54.30 -67.56 -9999.00 -9999.00 -9999.00 163.81 6.27 0.00
0.00 20120.41
46.90 -65.06 -9999.00 -9999.00 -9999.00 118.61 7.30 0.00
0.00 21007.43
40.10 -63.06 -9999.00 -9999.00 -9999.00 119.15 11.56 0.00
0.00 21966.13
33.80 -60.66 -9999.00 -9999.00 -9999.00 99.25 8.47 0.00
0.00 23023.20
27.80 -59.26 -9999.00 -9999.00 -9999.00 56.77 6.74 0.00
0.00 24242.72
22.30 -56.56 -9999.00 -9999.00 -9999.00 335.56 4.70 0.00
0.00 25631.64
17.10 -51.36 -9999.00 -9999.00 -9999.00 264.85 23.80 0.00
0.00 27335.14
12.30 -49.06 -9999.00 -9999.00 -9999.00 253.57 35.04 0.00
0.00 29485.24
STN YYMMDD/HHMM PMSL PRES SKTC STC1 SNFL WTNS
P01M C01M STC2 LCLD MCLD HCLD
SNRA UWND VWND R01M BFGR T2MS
Q2MS WXTS WXTP WXTZ WXTR USTM
VSTM HLCY SLLH WSYM CDBP VSBK
TD2M
722230 221026/1200 1015.10 1008.00 9.54 282.70 -9999.00 11.00
-9999.00 -9999.00 283.30 0.00 0.00 0.00
-9999.00 1.10 -2.20 -9999.00 -9999.00 9.84
6.84 0.00 0.00 0.00 0.00 13.30
-7.90 -97.60 -9999.00 999.00 -9999.00 20.00
8.26
722230 221026/1300 1016.10 1009.00 10.94 284.10 0.00 11.00
0.00 0.00 284.20 0.00 0.00 0.00
-9999.00 1.10 -2.20 -9999.00 -9999.00 10.94
6.80 0.00 0.00 0.00 0.00 12.90
-7.80 -97.30 0.01 999.00 -9999.00 20.00
8.19
722230 221026/1400 1017.00 1010.00 14.04 287.20 0.00 10.00
0.00 0.00 286.90 0.00 0.00 0.00
-9999.00 0.60 -4.30 -9999.00 -9999.00 13.24
6.39 0.00 0.00 0.00 0.00 11.70
-7.90 -116.30 0.02 999.00 -9999.00 20.00
7.30
722230 221026/1500 1017.40 1010.40 16.74 289.90 0.00 9.00
0.00 0.00 289.30 2.00 0.00 0.00
-9999.00 0.60 -4.70 -9999.00 -9999.00 14.74
5.81 0.00 0.00 0.00 0.00 11.10
-8.00 -119.00 0.02 999.00 -9999.00 20.00
5.94
722230 221026/1600 1016.70 1009.70 19.74 292.90 0.00 7.00
0.00 0.00 292.00 1.00 0.00 0.00
-9999.00 0.80 -4.60 -9999.00 -9999.00 16.24
5.50 0.00 0.00 0.00 0.00 11.30
-7.30 -103.40 0.00 999.00 -9999.00 20.00
5.15
722230 221026/1700 1015.90 1008.90 22.44 295.60 0.00 6.00
0.00 0.00 294.60 1.00 0.00 0.00
-9999.00 1.10 -3.90 -9999.00 -9999.00 17.84
5.31 0.00 0.00 0.00 0.00 11.80
-6.40 -81.10 0.00 999.00 -9999.00 20.00
4.64
722230 221026/1800 1014.80 1007.80 24.14 297.30 0.00 5.00
0.00 0.00 296.30 0.00 0.00 0.00
-9999.00 1.20 -3.70 -9999.00 -9999.00 19.24
5.31 0.00 0.00 0.00 0.00 12.00
-5.40 -66.80 0.00 999.00 -9999.00 20.00
4.62
722230 221026/1900 1014.80 1007.90 24.64 297.80 0.00 5.00
0.00 0.00 297.00 0.00 0.00 0.00
-9999.00 1.70 -3.60 -9999.00 -9999.00 20.34
5.17 0.00 0.00 0.00 0.00 12.30
-4.80 -59.00 0.00 999.00 -9999.00 20.00
4.24
722230 221026/2000 1014.10 1007.20 24.34 297.50 0.00 4.00
0.00 0.00 296.90 0.00 0.00 0.00
-9999.00 1.70 -3.40 -9999.00 -9999.00 20.94
5.26 0.00 0.00 0.00 0.00 12.20
-4.70 -50.80 -0.01 999.00 -9999.00 20.00
4.48
722230 221026/2100 1013.20 1006.30 22.94 296.10 0.00 4.00
0.00 0.00 296.00 0.00 0.00 0.00
-9999.00 1.50 -3.30 -9999.00 -9999.00 21.14
5.28 0.00 0.00 0.00 0.00 11.80
-4.50 -38.30 -0.01 999.00 -9999.00 20.00
4.52
722230 221026/2200 1014.00 1007.10 20.74 293.90 0.00 4.00
0.00 0.00 294.20 0.00 0.00 0.00
-9999.00 1.30 -3.20 -9999.00 -9999.00 20.74
5.39 0.00 0.00 0.00 0.00 11.60
-5.00 -29.20 -0.01 999.00 -9999.00 20.00
4.82
722230 221026/2300 1015.20 1008.30 17.44 290.60 0.00 5.00
0.00 0.00 291.40 0.00 0.00 0.00
-9999.00 0.30 -2.30 -9999.00 -9999.00 18.14
5.80 0.00 0.00 0.00 0.00 11.10
-5.80 -25.80 -0.02 999.00 -9999.00 20.00
5.89
722230 221027/0000 1015.90 1009.00 15.04 288.20 0.00 5.00
0.00 0.00 289.00 0.00 0.00 0.00
-9999.00 -0.70 -2.50 -9999.00 -9999.00 15.84
5.88 0.00 0.00 0.00 0.00 10.00
-7.20 -38.90 0.00 999.00 -9999.00 20.00
6.09
722230 221027/0100 1016.50 1009.50 13.74 286.90 0.00 5.00
0.00 0.00 287.70 0.00 0.00 0.00
-9999.00 -1.00 -2.50 -9999.00 -9999.00 14.34
6.20 0.00 0.00 0.00 0.00 8.80
-8.20 -55.90 0.00 999.00 -9999.00 20.00
6.86
722230 221027/0200 1016.80 1009.80 12.84 286.00 0.00 6.00
0.00 0.00 286.80 0.00 0.00 0.00
-9999.00 -0.80 -3.00 -9999.00 -9999.00 13.34
6.52 0.00 0.00 0.00 0.00 8.60
-8.40 -43.00 0.00 999.00 -9999.00 20.00
7.59
722230 221027/0300 1016.50 1009.50 12.24 285.40 0.00 6.00
0.00 0.00 286.00 0.00 0.00 0.00
-9999.00 -0.90 -3.10 -9999.00 -9999.00 12.64
6.88 0.00 0.00 0.00 0.00 8.10
-8.80 -34.50 0.00 999.00 -9999.00 20.00
8.37
722230 221027/0400 1017.80 1010.70 11.54 284.70 0.00 7.00
0.00 0.00 285.40 0.00 0.00 0.00
-9999.00 -0.90 -2.80 -9999.00 -9999.00 12.04
7.07 0.00 0.00 0.00 0.00 6.80
-9.00 -22.20 0.00 999.00 -9999.00 20.00
8.79
722230 221027/0500 1016.50 1009.40 10.84 284.00 0.00 7.00
0.00 0.00 284.60 0.00 0.00 0.00
-9999.00 -0.50 -2.50 -9999.00 -9999.00 11.14
7.20 0.00 0.00 0.00 0.00 7.10
-8.80 -13.10 0.00 999.00 -9999.00 20.00
9.03
722230 221027/0600 1016.30 1009.20 10.24 283.40 0.00 7.00
0.00 0.00 284.00 2.00 0.00 0.00
-9999.00 -0.70 -2.40 -9999.00 -9999.00 10.54
7.26 0.00 0.00 0.00 0.00 6.60
-8.60 -1.20 0.00 999.00 -9999.00 20.00
9.15
722230 221027/0700 1016.20 1009.10 9.84 283.00 0.00 8.00
0.00 0.00 283.50 8.00 0.00 0.00
-9999.00 -0.80 -2.40 -9999.00 -9999.00 10.04
7.24 0.00 0.00 0.00 0.00 5.90
-8.70 11.30 0.00 999.00 -9999.00 20.00
9.11
722230 221027/0800 1017.40 1010.30 9.34 282.50 0.00 8.00
0.00 0.00 283.00 14.00 0.00 0.00
-9999.00 -0.60 -2.30 -9999.00 -9999.00 9.54
7.16 0.00 0.00 0.00 0.00 5.90
-8.50 19.10 0.00 999.00 -9999.00 20.00
8.97
722230 221027/0900 1017.30 1010.20 8.94 282.10 0.00 9.00
0.00 0.00 282.60 16.00 0.00 0.00
-9999.00 -0.30 -2.20 -9999.00 -9999.00 9.14
7.05 0.00 0.00 0.00 0.00 5.80
-8.50 23.10 0.00 999.00 -9999.00 20.00
8.74


