
SNPARM = PRES;TMPC;TMWC;DWPC;THTE;DRCT;SKNT;OMEG;CFRL;HGHT 
STNPRM = SHOW;LIFT;SWET;KINX;LCLP;PWAT;TOTL;CAPE;LCLT;CINS;EQLV;LFCT;BRCH 

STID = KCHS STNM = 722080 TIME = 221026/1200 
SLAT = 32.90 SLON = -80.03 SELV = 5.0
STIM = 0

SHOW = 2.68 LIFT = 4.07 SWET = 261.72 KINX = 32.14
LCLP = 1006.14 PWAT = 37.60 TOTL = 42.30 CAPE = 0.00
LCLT = 289.41 CINS = 0.00 EQLV = -9999.00 LFCT = -9999.00
BRCH = 0.00

PRES TMPC TMWC DWPC THTE DRCT SKNT OMEG
CFRL HGHT
1009.60 16.54 16.44 16.31 321.73 111.80 1.05 0.00
50.00 14.30
1006.50 18.14 18.03 17.91 327.49 115.56 4.95 0.00
50.00 40.64
1000.90 20.34 19.65 19.27 334.16 160.91 10.68 0.00
14.00 88.78
991.30 21.14 19.04 17.97 333.20 175.06 15.79 0.00
1.00 172.38
977.20 20.34 17.86 16.55 330.88 178.11 17.68 0.00
2.00 296.56
959.00 19.94 15.12 12.13 323.96 185.19 19.31 0.00
0.00 459.01
937.40 18.94 14.55 11.82 325.04 197.76 21.02 0.00
0.00 655.22
913.60 17.34 14.68 13.11 328.82 206.32 20.16 0.10
0.00 875.80
887.90 16.34 13.75 12.19 329.45 221.45 19.95 0.10
0.00 1119.51
859.00 15.24 12.66 11.05 330.12 226.71 18.41 0.00
41.00 1401.05
827.20 12.64 11.68 11.06 331.81 228.81 14.45 0.00
88.00 1719.94
792.30 11.54 9.31 7.75 329.77 240.95 16.01 0.10
5.00 2081.86
754.40 10.34 8.12 6.55 332.25 247.93 15.50 0.20
4.00 2491.51
713.50 7.44 6.52 5.83 334.30 246.53 16.10 0.30
40.00 2953.95
669.60 4.54 3.34 2.33 332.79 240.26 20.36 0.40
0.00 3475.16
622.80 1.14 -1.07 -3.40 329.51 232.16 25.33 0.30
0.00 4062.55
573.70 -2.16 -7.35 -17.04 323.70 236.01 30.92 0.20
0.00 4719.21
526.10 -5.36 -9999.00 -9999.00 -9999.00 243.93 30.05 0.00
0.00 5402.57
483.40 -10.36 -15.83 -45.90 323.98 247.20 29.08 -0.10
0.00 6059.92
445.20 -15.26 -19.51 -45.35 325.58 248.05 27.02 -0.20
0.00 6687.30
410.90 -19.36 -22.77 -46.08 327.83 248.93 25.39 -0.10
0.00 7287.76
379.80 -23.56 -26.16 -45.66 329.82 240.41 26.36 -0.10
0.00 7867.66
351.90 -27.76 -29.82 -50.20 331.18 235.13 28.88 0.00
0.00 8420.44
326.80 -31.76 -33.38 -54.66 332.58 238.42 30.79 0.10
0.00 8947.66
304.30 -35.56 -36.83 -59.75 333.96 240.42 33.06 0.10
0.00 9447.74
284.00 -39.16 -40.14 -62.51 335.40 238.82 34.52 0.10
0.00 9924.26
265.80 -43.06 -43.75 -63.01 336.12 236.22 34.60 0.10
0.00 10374.11
248.90 -46.86 -47.36 -66.51 336.78 236.22 34.60 0.00
0.00 10812.91
233.60 -49.76 -50.14 -66.97 338.55 239.38 33.18 0.00
0.00 11230.44
219.60 -51.56 -51.89 -67.41 341.80 241.14 28.17 -0.10
0.00 11632.94
205.70 -53.26 -53.54 -67.88 345.58 236.07 25.76 -0.10
0.00 12055.45
191.70 -54.86 -55.13 -73.19 349.99 236.75 28.34 0.00
0.00 12507.50
177.70 -56.56 -56.79 -73.70 354.88 244.74 30.50 0.00
0.00 12990.17
163.80 -59.36 -59.53 -74.24 358.54 245.90 32.34 0.10
0.00 13503.22
149.80 -62.46 -9999.00 -9999.00 -9999.00 241.82 30.85 0.10
0.00 14058.29
135.90 -64.96 -9999.00 -9999.00 -9999.00 229.62 32.38 0.10
0.00 14655.30
121.90 -66.16 -9999.00 -9999.00 -9999.00 235.68 29.64 0.00
0.00 15315.92
108.00 -68.76 -9999.00 -9999.00 -9999.00 240.64 17.83 0.00
0.00 16044.86
94.00 -70.26 -9999.00 -9999.00 -9999.00 225.00 9.62 0.00
0.00 16872.44
81.00 -69.56 -9999.00 -9999.00 -9999.00 172.73 9.21 0.00
0.00 17757.94
70.60 -67.06 -9999.00 -9999.00 -9999.00 150.26 6.25 0.00
0.00 18581.90
62.20 -66.26 -9999.00 -9999.00 -9999.00 67.52 6.10 0.00
0.00 19347.55
54.30 -66.16 -9999.00 -9999.00 -9999.00 63.43 13.03 0.00
0.00 20170.34
46.90 -66.16 -9999.00 -9999.00 -9999.00 54.46 13.36 0.00
0.00 21058.00
40.10 -65.26 -9999.00 -9999.00 -9999.00 47.94 10.72 0.00
0.00 22009.14
33.80 -63.26 -9999.00 -9999.00 -9999.00 39.99 7.87 0.00
0.00 23054.20
27.80 -60.36 -9999.00 -9999.00 -9999.00 1.91 5.83 0.00
0.00 24263.14
22.30 -56.96 -9999.00 -9999.00 -9999.00 341.57 1.85 0.00
0.00 25647.21
17.10 -52.16 -9999.00 -9999.00 -9999.00 232.77 6.10 0.00
0.00 27346.05
12.30 -46.36 -9999.00 -9999.00 -9999.00 267.24 28.21 0.00
0.00 29505.32

STID = KCHS STNM = 722080 TIME = 221026/1300 
SLAT = 32.90 SLON = -80.03 SELV = 5.0
STIM = 1

SHOW = 3.00 LIFT = 3.84 SWET = 271.35 KINX = 29.82
LCLP = 1000.88 PWAT = 35.10 TOTL = 42.21 CAPE = 0.00
LCLT = 290.54 CINS = 0.00 EQLV = -9999.00 LFCT = -9999.00
BRCH = 0.00

PRES TMPC TMWC DWPC THTE DRCT SKNT OMEG
CFRL HGHT
1010.00 18.14 17.78 17.53 326.17 149.04 2.27 0.00
0.00 14.35
1006.90 19.34 18.83 18.52 330.29 156.57 6.35 0.00
6.00 40.82
1001.30 20.84 19.39 18.64 333.11 175.46 12.28 0.00
3.00 89.08
991.70 21.04 18.79 17.64 332.24 182.15 15.56 0.00
0.00 172.68
977.60 20.24 17.69 16.33 330.22 184.50 17.35 -0.10
3.00 296.75
959.40 20.04 14.94 11.73 323.32 191.20 20.01 -0.10
0.00 459.11
937.70 18.74 14.92 12.62 326.23 198.77 21.13 -0.20
0.00 656.14
914.00 17.34 14.65 13.06 328.67 204.78 19.46 -0.20
0.00 875.67
888.20 16.44 13.40 11.52 328.25 219.45 19.87 -0.20
0.00 1120.24
859.40 15.34 12.25 10.27 328.74 221.94 18.03 -0.20
0.00 1400.71
827.50 13.24 11.55 10.47 331.33 225.00 15.38 -0.30
22.00 1720.77
792.70 11.84 9.51 7.90 330.32 236.71 15.58 -0.20
0.00 2082.04
754.80 10.34 7.81 5.97 331.23 241.33 14.16 0.00
0.00 2491.66
713.80 7.54 5.75 4.37 331.99 238.48 17.09 0.20
0.00 2954.94
669.90 4.84 2.11 -0.42 329.38 233.62 22.92 0.20
0.00 3475.98
623.10 1.14 -3.14 -8.88 324.36 232.87 26.07 0.20
0.00 4062.91
573.90 -1.66 -9.09 -34.21 319.57 250.65 26.96 0.10
0.00 4720.63
526.40 -5.36 -12.23 -47.50 322.09 258.00 25.21 0.00
0.00 5402.61
483.60 -10.66 -16.15 -52.68 323.30 249.60 25.08 -0.10
0.00 6060.80
445.30 -15.16 -19.57 -50.92 325.41 252.67 25.43 -0.10
0.00 6689.35
411.00 -19.16 -22.66 -47.36 327.99 256.19 24.40 -0.20
0.00 7290.01
379.90 -23.76 -26.36 -46.79 329.45 246.50 24.36 -0.20
0.00 7869.76
352.00 -28.36 -30.30 -49.44 330.38 240.40 27.93 -0.20
0.00 8421.49
326.90 -32.36 -33.89 -54.66 331.72 241.02 30.87 -0.10
0.00 8947.26
304.30 -35.86 -37.10 -59.75 333.53 242.54 33.28 -0.10
0.00 9448.54
284.00 -39.26 -40.25 -65.54 335.22 241.61 35.55 -0.10
0.00 9924.65
265.80 -42.96 -43.69 -66.03 336.22 238.13 35.68 -0.10
0.00 10374.50
248.90 -46.76 -47.27 -66.51 336.93 236.67 34.63 0.00
0.00 10813.49
233.60 -50.26 -50.62 -66.97 337.79 239.55 33.35 0.00
0.00 11230.65
219.60 -52.36 -52.65 -67.41 340.57 240.48 30.36 0.10
0.00 11631.98
205.70 -53.36 -53.64 -67.88 345.42 235.11 28.19 0.00
0.00 12053.62
191.70 -55.16 -55.42 -73.19 349.51 238.55 27.54 0.00
0.00 12505.25
177.70 -57.06 -57.28 -73.70 354.06 245.66 26.86 0.00
0.00 12987.04
163.80 -59.56 -59.73 -74.24 358.20 244.86 27.89 0.00
0.00 13499.26
149.80 -62.56 -9999.00 -9999.00 -9999.00 235.89 29.10 0.00
0.00 14053.93
135.90 -65.16 -9999.00 -9999.00 -9999.00 229.40 32.25 0.00
0.00 14650.51
121.90 -66.26 -9999.00 -9999.00 -9999.00 238.11 30.89 0.00
0.00 15310.66
108.00 -68.36 -9999.00 -9999.00 -9999.00 248.09 19.27 0.00
0.00 16040.13
94.00 -71.06 -9999.00 -9999.00 -9999.00 221.31 8.53 0.00
0.00 16866.90
81.00 -69.66 -9999.00 -9999.00 -9999.00 177.34 8.35 0.00
0.00 17750.43
70.60 -67.06 -9999.00 -9999.00 -9999.00 129.56 5.79 0.00
0.00 18574.19
62.20 -66.46 -9999.00 -9999.00 -9999.00 71.26 11.48 0.00
0.00 19339.48
54.30 -66.36 -9999.00 -9999.00 -9999.00 67.43 16.20 0.00
0.00 20161.47
46.90 -65.66 -9999.00 -9999.00 -9999.00 53.71 15.42 0.00
0.00 21049.78
40.10 -64.26 -9999.00 -9999.00 -9999.00 49.40 12.53 0.00
0.00 22004.35
33.80 -61.96 -9999.00 -9999.00 -9999.00 40.86 9.50 0.00
0.00 23055.17
27.80 -59.36 -9999.00 -9999.00 -9999.00 1.55 7.19 0.00
0.00 24270.69
22.30 -56.46 -9999.00 -9999.00 -9999.00 318.01 2.62 0.00
0.00 25659.60
17.10 -51.96 -9999.00 -9999.00 -9999.00 235.49 7.54 0.00
0.00 27361.16
12.30 -46.66 -9999.00 -9999.00 -9999.00 263.85 25.41 0.00
0.00 29519.94

STID = KCHS STNM = 722080 TIME = 221026/1400 
SLAT = 32.90 SLON = -80.03 SELV = 5.0
STIM = 2

SHOW = 3.63 LIFT = 4.00 SWET = 269.37 KINX = 29.30
LCLP = 962.79 PWAT = 34.02 TOTL = 41.57 CAPE = 0.00
LCLT = 291.15 CINS = 0.00 EQLV = -9999.00 LFCT = -9999.00
BRCH = 0.00

PRES TMPC TMWC DWPC THTE DRCT SKNT OMEG
CFRL HGHT
1010.40 22.04 19.85 18.77 333.59 188.88 6.29 0.00
0.00 15.34
1007.30 21.74 19.54 18.44 332.85 188.65 9.03 0.00
0.00 42.09
1001.80 21.24 19.18 18.13 332.26 189.29 10.82 -0.10
0.00 89.69
992.20 20.84 18.31 16.98 330.41 191.31 14.86 -0.10
0.00 173.25
978.10 20.04 17.22 15.67 328.48 192.34 19.09 -0.10
2.00 297.13
959.90 19.74 15.03 12.10 323.56 195.39 21.97 -0.20
0.00 459.26
938.20 18.74 14.95 12.67 326.26 198.91 22.18 -0.20
0.00 656.10
914.40 17.44 14.13 12.11 326.90 206.81 20.67 -0.30
0.00 876.44
888.70 16.34 12.95 10.79 326.73 217.38 21.76 -0.30
0.00 1119.86
859.80 15.24 11.82 9.56 327.32 218.40 20.32 -0.40
0.00 1400.99
828.00 13.64 11.03 9.31 329.60 219.81 18.20 -0.40
0.00 1719.94
793.10 11.74 9.96 8.77 331.67 229.27 18.45 -0.30
0.00 2082.20
755.10 9.64 7.90 6.65 331.47 229.18 16.94 -0.10
0.00 2492.25
714.10 7.34 5.74 4.51 331.91 231.44 17.13 0.10
0.00 2954.66
670.20 4.74 2.01 -0.54 329.06 228.96 21.89 0.20
0.00 3475.20
623.30 1.54 -4.43 -14.44 321.23 237.60 23.93 0.20
0.00 4063.26
574.10 -1.06 -9.24 -56.99 318.97 254.67 24.98 0.20
0.00 4721.67
526.50 -5.56 -12.13 -39.36 322.36 253.30 24.34 0.10
0.00 5405.37
483.70 -10.66 -15.97 -43.43 323.71 249.82 24.22 0.00
0.00 6063.23
445.40 -14.96 -19.35 -47.36 325.80 263.55 22.47 -0.10
0.00 6691.92
411.00 -19.36 -22.89 -50.60 327.57 266.09 22.79 -0.10
0.00 7294.26
379.90 -24.16 -26.80 -51.27 328.68 255.72 22.05 -0.20
0.00 7873.30
352.00 -28.86 -30.77 -51.93 329.59 245.44 24.77 -0.10
0.00 8424.01
326.90 -32.86 -34.32 -54.66 331.03 245.56 28.17 -0.10
0.00 8948.69
304.30 -35.96 -37.19 -59.75 333.39 246.04 30.61 0.00
0.00 9449.35
284.00 -39.06 -40.05 -62.51 335.55 244.03 33.28 0.00
0.00 9925.56
265.80 -42.76 -43.50 -66.03 336.51 243.00 34.65 0.00
0.00 10375.80
248.90 -46.56 -47.08 -66.51 337.23 240.75 33.39 0.00
0.00 10815.17
233.60 -49.96 -50.33 -66.97 338.25 237.72 30.56 0.00
0.00 11232.80
219.60 -52.66 -52.94 -67.41 340.11 234.82 29.00 0.00
0.00 11634.13
205.70 -53.66 -53.95 -72.71 344.90 237.11 30.77 0.10
0.00 12055.20
191.70 -54.56 -54.84 -73.19 350.48 244.45 29.27 0.00
0.00 12507.13
177.70 -56.56 -56.79 -73.70 354.88 246.28 28.01 0.00
0.00 12990.14
163.80 -59.46 -59.63 -74.24 358.37 241.51 28.52 -0.10
0.00 13503.08
149.80 -62.76 -9999.00 -9999.00 -9999.00 232.36 28.94 -0.10
0.00 14057.62
135.90 -65.56 -9999.00 -9999.00 -9999.00 232.28 31.43 0.00
0.00 14653.34
121.90 -66.76 -9999.00 -9999.00 -9999.00 239.04 29.45 0.00
0.00 15312.06
108.00 -68.26 -9999.00 -9999.00 -9999.00 246.34 18.88 0.00
0.00 16040.82
94.00 -70.96 -9999.00 -9999.00 -9999.00 204.34 8.95 0.00
0.00 16867.99
81.00 -69.06 -9999.00 -9999.00 -9999.00 188.75 10.22 0.00
0.00 17753.06
70.60 -66.86 -9999.00 -9999.00 -9999.00 131.19 8.26 0.00
0.00 18578.42
62.20 -66.46 -9999.00 -9999.00 -9999.00 90.00 13.79 0.00
0.00 19344.08
54.30 -66.26 -9999.00 -9999.00 -9999.00 77.70 15.50 0.00
0.00 20166.27
46.90 -64.96 -9999.00 -9999.00 -9999.00 63.10 15.03 0.00
0.00 21056.29
40.10 -63.36 -9999.00 -9999.00 -9999.00 68.36 13.17 0.00
0.00 22014.53
33.80 -61.66 -9999.00 -9999.00 -9999.00 57.20 10.39 0.00
0.00 23068.35
27.80 -60.26 -9999.00 -9999.00 -9999.00 14.74 7.63 0.00
0.00 24282.16
22.30 -57.86 -9999.00 -9999.00 -9999.00 351.87 1.38 0.00
0.00 25663.65
17.10 -51.76 -9999.00 -9999.00 -9999.00 226.91 8.24 0.00
0.00 27360.54
12.30 -46.06 -9999.00 -9999.00 -9999.00 271.35 24.67 0.00
0.00 29523.19

STID = KCHS STNM = 722080 TIME = 221026/1500 
SLAT = 32.90 SLON = -80.03 SELV = 5.0
STIM = 3

SHOW = 3.01 LIFT = 2.86 SWET = 289.93 KINX = 30.28
LCLP = 941.50 PWAT = 35.69 TOTL = 42.23 CAPE = 0.00
LCLT = 290.39 CINS = 0.00 EQLV = -9999.00 LFCT = -9999.00
BRCH = 0.00

PRES TMPC TMWC DWPC THTE DRCT SKNT OMEG
CFRL HGHT
1010.20 23.14 19.93 18.36 333.90 194.74 7.63 0.00
0.00 15.38
1007.20 22.74 19.56 17.98 332.93 195.35 10.28 0.00
0.00 41.36
1001.60 22.14 19.20 17.72 332.37 195.17 11.87 0.00
0.00 89.98
992.00 21.34 18.75 17.42 332.03 194.66 13.05 0.00
0.00 173.75
977.80 20.14 18.08 17.00 331.59 194.98 14.28 -0.10
0.00 298.73
959.70 18.84 16.89 15.82 329.89 200.14 18.63 0.00
5.00 459.96
937.90 18.74 15.00 12.76 326.47 202.70 20.63 0.00
0.00 657.60
914.20 17.04 14.69 13.31 328.79 212.83 21.50 -0.10
0.00 876.99
888.40 15.84 14.07 13.02 330.45 218.58 22.13 -0.20
1.00 1121.21
859.50 15.04 12.27 10.50 328.79 217.41 20.78 -0.30
0.00 1402.26
827.70 13.74 11.36 9.83 330.70 218.85 17.97 -0.30
0.00 1721.35
792.80 11.74 10.85 10.26 334.55 227.84 19.39 -0.20
1.00 2083.95
754.80 9.14 8.19 7.51 332.40 228.76 20.92 -0.10
4.00 2493.98
713.90 7.14 6.05 5.22 332.85 222.23 17.06 0.00
3.00 2954.97
669.90 4.94 1.68 -1.49 328.22 226.85 21.31 0.10
0.00 3476.89
623.20 2.34 -5.48 -23.47 318.65 246.52 20.96 0.10
0.00 4063.43
574.00 -0.86 -9.09 -52.77 319.30 253.98 21.83 0.10
0.00 4722.94
526.40 -5.66 -12.23 -40.20 322.18 248.87 24.79 0.20
0.00 5406.89
483.60 -10.56 -15.78 -40.18 324.11 259.20 25.91 0.10
0.00 6064.89
445.40 -14.56 -19.08 -48.14 326.27 274.33 23.17 -0.10
0.00 6692.62
411.00 -19.46 -22.98 -51.61 327.40 267.51 22.36 -0.20
0.00 7295.30
379.90 -24.46 -27.06 -52.28 328.25 253.25 20.90 -0.20
0.00 7873.88
352.00 -28.96 -30.88 -52.93 329.41 245.36 23.29 -0.10
0.00 8424.14
326.90 -32.66 -34.17 -55.93 331.27 249.98 26.67 0.00
0.00 8948.93
304.30 -36.16 -37.36 -59.75 333.11 251.68 29.66 0.10
0.00 9449.58
284.00 -39.56 -40.50 -62.51 334.83 246.62 32.81 0.10
0.00 9925.09
265.80 -42.96 -43.66 -63.01 336.26 243.57 35.80 0.10
0.00 10374.65
248.90 -46.66 -47.18 -66.51 337.08 242.21 36.67 0.10
0.00 10813.74
233.60 -49.66 -50.05 -66.97 338.70 238.98 34.67 0.10
0.00 11231.55
219.60 -52.16 -52.46 -67.41 340.88 233.47 32.63 0.10
0.00 11633.60
205.70 -53.56 -53.85 -72.71 345.06 237.03 34.27 0.10
0.00 12055.24
191.70 -54.46 -54.74 -73.19 350.64 245.36 33.55 0.10
0.00 12507.39
177.70 -56.36 -56.60 -73.70 355.20 248.33 31.57 0.10
0.00 12990.73
163.80 -59.26 -59.44 -74.24 358.70 241.17 28.59 0.00
0.00 13504.14
149.80 -62.36 -9999.00 -9999.00 -9999.00 232.33 27.97 0.00
0.00 14059.46
135.90 -64.96 -9999.00 -9999.00 -9999.00 237.01 31.04 0.00
0.00 14656.62
121.90 -66.66 -9999.00 -9999.00 -9999.00 243.26 28.50 0.00
0.00 15316.44
108.00 -68.16 -9999.00 -9999.00 -9999.00 242.13 19.11 0.00
0.00 16045.56
94.00 -70.66 -9999.00 -9999.00 -9999.00 201.80 11.50 0.00
0.00 16873.55
81.00 -69.16 -9999.00 -9999.00 -9999.00 190.01 10.06 0.00
0.00 17759.05
70.60 -67.06 -9999.00 -9999.00 -9999.00 117.07 9.81 0.00
0.00 18583.81
62.20 -66.76 -9999.00 -9999.00 -9999.00 95.04 13.27 0.00
0.00 19348.54
54.30 -66.46 -9999.00 -9999.00 -9999.00 74.27 14.34 0.00
0.00 20169.73
46.90 -65.16 -9999.00 -9999.00 -9999.00 61.70 17.21 0.00
0.00 21058.90
40.10 -63.16 -9999.00 -9999.00 -9999.00 67.91 14.47 0.00
0.00 22017.14
33.80 -61.16 -9999.00 -9999.00 -9999.00 30.26 8.10 0.00
0.00 23072.71
27.80 -60.06 -9999.00 -9999.00 -9999.00 320.96 9.25 0.00
0.00 24288.52
22.30 -57.66 -9999.00 -9999.00 -9999.00 257.47 5.38 0.00
0.00 25671.30
17.10 -51.46 -9999.00 -9999.00 -9999.00 231.91 9.13 0.00
0.00 27370.14
12.30 -46.56 -9999.00 -9999.00 -9999.00 263.21 16.43 0.00
0.00 29531.81

STID = KCHS STNM = 722080 TIME = 221026/1600 
SLAT = 32.90 SLON = -80.03 SELV = 5.0
STIM = 4

SHOW = 2.94 LIFT = 2.93 SWET = 296.12 KINX = 28.99
LCLP = 928.93 PWAT = 35.10 TOTL = 42.19 CAPE = 0.00
LCLT = 290.08 CINS = 0.00 EQLV = -9999.00 LFCT = -9999.00
BRCH = 0.00

PRES TMPC TMWC DWPC THTE DRCT SKNT OMEG
CFRL HGHT
1009.90 23.94 20.11 18.26 334.63 186.95 8.02 0.00
0.00 15.41
1006.80 23.44 19.72 17.88 333.56 187.25 10.76 0.00
0.00 42.33
1001.30 22.94 19.39 17.62 333.11 187.47 11.95 0.00
0.00 90.22
991.70 22.04 18.92 17.34 332.70 187.77 12.94 0.00
0.00 174.22
977.60 20.84 18.29 16.97 332.37 188.13 13.73 0.10
0.00 298.64
959.30 19.34 17.25 16.12 331.19 189.34 14.37 0.00
0.00 462.05
937.70 18.24 15.49 13.89 328.12 197.82 17.13 0.10
3.00 658.00
913.80 17.34 13.71 11.42 325.61 210.14 20.88 0.10
0.00 879.21
888.10 16.34 13.50 11.75 328.58 221.23 22.98 -0.10
0.00 1122.76
859.30 15.44 12.32 10.34 329.00 220.27 21.64 -0.20
0.00 1403.28
827.50 13.84 11.98 10.82 332.72 215.13 19.23 -0.30
0.00 1722.77
792.60 11.54 11.02 10.67 335.16 220.00 22.07 -0.30
11.00 2085.50
754.60 8.84 8.39 8.04 333.02 221.92 22.98 -0.20
27.00 2495.35
713.70 7.24 6.10 5.24 333.03 218.47 18.10 0.00
8.00 2956.34
669.80 5.44 0.22 -5.86 324.42 233.03 21.64 0.00
0.00 3477.52
623.10 2.54 -5.64 -26.01 318.25 255.85 23.04 0.00
0.00 4064.60
573.90 -1.16 -8.94 -37.37 319.80 254.26 22.20 0.00
0.00 4724.11
526.40 -5.76 -12.28 -39.77 322.10 249.27 23.06 0.00
0.00 5406.23
483.60 -10.06 -15.54 -42.90 324.50 264.47 24.20 0.10
0.00 6064.72
445.30 -14.46 -19.01 -48.14 326.42 266.31 24.15 0.00
0.00 6694.87
411.00 -19.66 -23.05 -48.08 327.30 251.86 23.72 -0.10
0.00 7295.76
379.90 -24.56 -27.10 -50.37 328.20 244.46 24.32 -0.20
0.00 7874.00
352.00 -28.86 -30.79 -52.93 329.54 248.77 25.21 -0.30
0.00 8424.27
326.90 -32.66 -34.20 -57.41 331.23 254.29 25.84 -0.20
0.00 8949.16
304.30 -36.46 -37.63 -59.75 332.69 254.60 27.80 -0.20
0.00 9449.50
284.00 -40.06 -40.93 -60.29 334.16 251.57 31.33 -0.10
0.00 9924.20
265.80 -43.36 -44.03 -63.01 335.68 247.72 34.85 0.00
0.00 10372.89
248.90 -46.96 -47.46 -66.51 336.63 243.84 36.58 0.10
0.00 10811.30
233.60 -49.76 -50.14 -66.97 338.55 243.16 36.58 0.10
0.00 11228.74
219.60 -51.16 -51.53 -72.27 342.37 248.53 37.16 0.10
0.00 11631.60
205.70 -52.76 -53.08 -72.71 346.32 249.82 34.36 0.10
0.00 12054.97
191.70 -54.46 -54.74 -73.19 350.64 248.07 33.29 0.20
0.00 12507.94
177.70 -56.46 -56.70 -73.70 355.04 246.41 33.49 0.10
0.00 12991.17
163.80 -59.06 -59.24 -74.24 359.04 241.22 31.47 0.10
0.00 13504.70
149.80 -61.96 -9999.00 -9999.00 -9999.00 235.55 28.50 0.00
0.00 14060.81
135.90 -64.76 -9999.00 -9999.00 -9999.00 238.97 29.02 -0.10
0.00 14658.82
121.90 -67.16 -9999.00 -9999.00 -9999.00 245.56 25.82 -0.10
0.00 15318.16
108.00 -68.76 -9999.00 -9999.00 -9999.00 242.21 16.24 0.00
0.00 16045.33
94.00 -70.66 -9999.00 -9999.00 -9999.00 197.82 11.42 0.00
0.00 16872.10
81.00 -69.36 -9999.00 -9999.00 -9999.00 172.48 10.39 0.00
0.00 17757.17
70.60 -67.26 -9999.00 -9999.00 -9999.00 117.72 12.94 0.00
0.00 18581.12
62.20 -66.86 -9999.00 -9999.00 -9999.00 113.20 11.83 0.00
0.00 19345.30
54.30 -66.96 -9999.00 -9999.00 -9999.00 80.54 10.63 0.00
0.00 20165.30
46.90 -66.06 -9999.00 -9999.00 -9999.00 64.44 14.86 0.00
0.00 21051.47
40.10 -64.16 -9999.00 -9999.00 -9999.00 70.67 11.73 0.00
0.00 22005.35
33.80 -61.56 -9999.00 -9999.00 -9999.00 11.31 5.94 0.00
0.00 23057.42
27.80 -60.06 -9999.00 -9999.00 -9999.00 330.42 8.26 0.00
0.00 24272.08
22.30 -56.66 -9999.00 -9999.00 -9999.00 250.20 5.17 0.00
0.00 25658.09
17.10 -50.86 -9999.00 -9999.00 -9999.00 237.88 9.87 0.00
0.00 27363.14
12.30 -45.86 -9999.00 -9999.00 -9999.00 248.43 17.97 0.00
0.00 29531.09

STID = KCHS STNM = 722080 TIME = 221026/1700 
SLAT = 32.90 SLON = -80.03 SELV = 5.0
STIM = 5

SHOW = 0.92 LIFT = 3.11 SWET = 333.67 KINX = 27.16
LCLP = 910.31 PWAT = 34.29 TOTL = 43.99 CAPE = 0.00
LCLT = 289.06 CINS = 0.00 EQLV = -9999.00 LFCT = -9999.00
BRCH = 0.00

PRES TMPC TMWC DWPC THTE DRCT SKNT OMEG
CFRL HGHT
1009.00 24.54 19.85 17.54 333.74 192.26 9.15 0.00
0.00 15.44
1006.00 24.04 19.49 17.21 332.80 192.03 12.12 0.00
0.00 41.56
1000.40 23.44 19.16 16.99 332.35 192.44 13.52 -0.10
0.00 90.43
990.80 22.54 18.70 16.73 332.01 192.36 14.51 -0.10
0.00 174.63
976.70 21.24 18.06 16.40 331.66 192.61 15.13 -0.20
0.00 299.32
958.50 19.74 17.27 15.95 331.39 193.69 15.60 -0.30
0.00 462.17
936.80 18.14 15.80 14.47 329.32 195.38 16.12 -0.40
2.00 659.33
913.10 17.04 13.98 12.09 326.58 207.65 18.41 -0.40
0.00 878.77
887.40 16.14 14.61 13.72 332.41 218.58 20.86 -0.30
0.00 1122.44
858.60 15.04 14.01 13.40 334.73 224.66 23.48 -0.10
4.00 1403.18
826.70 13.84 12.97 12.43 336.16 219.68 22.20 0.10
11.00 1724.06
791.80 11.34 10.21 9.45 332.66 220.12 22.61 0.20
10.00 2087.05
753.90 8.94 7.11 5.73 329.32 225.00 24.46 0.10
9.00 2495.88
713.00 7.44 4.78 2.57 329.34 218.99 21.00 0.00
1.00 2957.20
669.30 5.34 -1.80 -12.92 319.45 237.57 19.56 0.00
0.00 3476.09
622.70 2.44 -5.94 -28.85 317.61 261.37 22.01 0.10
0.00 4061.80
573.70 -0.96 -8.72 -35.07 320.32 254.74 22.14 0.20
0.00 4719.05
526.10 -5.36 -12.04 -40.20 322.60 256.73 21.15 0.20
0.00 5403.69
483.40 -9.86 -15.41 -42.91 324.79 269.52 23.12 0.20
0.00 6061.70
445.20 -14.96 -19.28 -44.76 326.00 261.74 24.34 0.20
0.00 6690.06
410.80 -19.96 -23.26 -47.37 327.00 250.86 24.88 0.10
0.00 7291.99
379.80 -24.56 -27.10 -50.37 328.22 247.55 25.43 0.10
0.00 7868.24
351.90 -28.56 -30.59 -55.33 329.89 251.57 25.19 0.00
0.00 8418.99
326.80 -32.56 -34.13 -59.19 331.35 254.82 25.97 -0.10
0.00 8944.47
304.20 -36.46 -37.63 -59.75 332.72 253.68 28.34 -0.10
0.00 9445.07
284.00 -39.96 -40.86 -62.51 334.26 251.68 31.51 -0.10
0.00 9917.61
265.80 -43.56 -44.22 -63.01 335.38 246.37 33.92 -0.10
0.00 10366.20
248.90 -47.26 -47.74 -66.51 336.19 241.89 35.45 0.00
0.00 10804.13
233.60 -49.96 -50.33 -66.97 338.25 244.91 37.10 0.00
0.00 11221.11
219.60 -50.66 -51.02 -67.41 343.19 255.39 37.74 0.10
0.00 11624.24
205.70 -51.96 -52.32 -72.71 347.57 254.48 32.65 0.10
0.00 12048.85
191.70 -54.06 -54.36 -73.19 351.28 245.50 31.37 0.20
0.00 12503.06
177.70 -56.76 -56.99 -73.70 354.55 242.09 33.20 0.20
0.00 12986.40
163.80 -59.46 -59.63 -74.24 358.37 243.13 32.23 0.20
0.00 13499.10
149.80 -62.06 -9999.00 -9999.00 -9999.00 242.22 28.77 0.10
0.00 14054.55
135.90 -64.66 -9999.00 -9999.00 -9999.00 241.98 27.29 0.00
0.00 14652.56
121.90 -67.26 -9999.00 -9999.00 -9999.00 243.43 22.14 0.00
0.00 15311.91
108.00 -69.36 -9999.00 -9999.00 -9999.00 238.08 13.97 0.00
0.00 16037.84
94.00 -70.56 -9999.00 -9999.00 -9999.00 198.43 12.28 0.00
0.00 16863.59
81.00 -69.26 -9999.00 -9999.00 -9999.00 177.04 11.29 0.00
0.00 17749.09
70.60 -67.66 -9999.00 -9999.00 -9999.00 129.23 12.30 0.00
0.00 18572.44
62.20 -67.26 -9999.00 -9999.00 -9999.00 135.78 10.02 0.00
0.00 19335.13
54.30 -66.96 -9999.00 -9999.00 -9999.00 82.72 9.21 0.00
0.00 20154.34
46.90 -65.86 -9999.00 -9999.00 -9999.00 69.70 15.11 0.00
0.00 21040.94
40.10 -63.66 -9999.00 -9999.00 -9999.00 65.14 8.78 0.00
0.00 21996.43
33.80 -61.56 -9999.00 -9999.00 -9999.00 5.04 6.62 0.00
0.00 23049.75
27.80 -59.66 -9999.00 -9999.00 -9999.00 11.77 9.52 0.00
0.00 24265.55
22.30 -56.06 -9999.00 -9999.00 -9999.00 302.28 4.37 0.00
0.00 25654.79
17.10 -52.66 -9999.00 -9999.00 -9999.00 245.82 10.43 0.00
0.00 27355.18
12.30 -46.46 -9999.00 -9999.00 -9999.00 237.89 21.56 0.00
0.00 29511.55

STID = KCHS STNM = 722080 TIME = 221026/1800 
SLAT = 32.90 SLON = -80.03 SELV = 5.0
STIM = 6

SHOW = 0.60 LIFT = 2.28 SWET = 340.60 KINX = 14.46
LCLP = 920.43 PWAT = 31.58 TOTL = 44.24 CAPE = 0.00
LCLT = 289.42 CINS = 0.00 EQLV = -9999.00 LFCT = -9999.00
BRCH = 0.00

PRES TMPC TMWC DWPC THTE DRCT SKNT OMEG
CFRL HGHT
1007.50 23.84 19.73 17.70 333.51 198.43 7.36 0.00
0.00 14.56
1004.40 23.54 19.50 17.49 333.08 198.43 10.45 0.00
0.00 41.54
998.90 23.04 19.21 17.29 332.78 198.43 12.28 0.00
0.00 89.55
989.30 22.24 18.80 17.05 332.59 199.21 13.58 0.00
0.00 173.79
975.20 21.04 18.22 16.76 332.45 199.92 14.26 -0.10
0.00 298.59
957.00 19.44 17.45 16.39 332.24 200.38 14.51 -0.10
0.00 461.58
935.30 17.54 16.42 15.78 331.67 201.52 14.82 0.00
0.00 658.83
911.70 15.94 15.55 15.28 332.04 209.32 16.26 0.10
0.00 877.27
885.90 16.24 16.12 16.00 337.99 226.09 21.56 0.20
100.00 1122.15
857.00 14.74 14.65 14.55 337.22 222.51 22.14 0.30
100.00 1404.51
825.20 14.34 11.69 10.01 332.12 219.74 22.47 0.20
37.00 1725.00
790.50 12.04 8.68 6.22 328.14 228.04 25.85 0.10
0.00 2086.92
752.80 9.54 5.44 1.85 324.72 227.92 26.96 0.00
0.00 2494.71
712.10 7.64 0.20 -10.39 317.43 231.67 21.29 0.00
0.00 2954.24
668.60 5.44 -3.69 -26.33 314.95 238.36 19.62 0.00
0.00 3470.77
622.20 2.74 -6.25 -38.15 316.83 261.61 23.95 0.10
0.00 4054.61
573.20 -1.06 -8.68 -33.17 320.53 258.21 22.82 0.00
0.00 4712.60
525.80 -4.86 -11.60 -37.19 323.55 261.79 20.42 0.00
0.00 5395.39
483.10 -10.16 -15.55 -41.02 324.63 266.85 24.71 -0.10
0.00 6054.07
445.00 -15.36 -19.50 -42.69 325.69 259.65 22.71 -0.10
0.00 6680.29
410.70 -20.26 -23.47 -46.71 326.68 250.80 23.04 0.00
0.00 7279.86
379.70 -24.46 -27.04 -51.28 328.34 246.32 24.18 0.00
0.00 7856.04
351.80 -28.56 -30.59 -55.33 329.92 251.14 24.63 -0.10
0.00 8407.04
326.80 -32.76 -34.28 -57.41 331.12 252.90 26.42 -0.10
0.00 8930.29
304.20 -36.56 -37.72 -59.75 332.58 253.48 29.37 -0.10
0.00 9430.57
284.00 -40.26 -41.13 -62.51 333.83 251.12 31.82 -0.10
0.00 9902.71
265.80 -44.06 -44.68 -63.01 334.65 246.10 33.57 0.00
0.00 10350.53
248.80 -47.56 -48.03 -66.51 335.78 243.29 34.58 0.00
0.00 10790.37
233.60 -49.66 -50.05 -66.97 338.70 248.90 35.61 0.00
0.00 11204.70
219.60 -50.06 -50.45 -67.41 344.12 255.15 33.35 0.10
0.00 11608.65
205.70 -51.46 -51.84 -72.71 348.36 250.50 29.68 0.10
0.00 12034.31
191.70 -53.56 -53.88 -73.19 352.08 243.59 32.32 0.10
0.00 12489.55
177.70 -56.46 -56.70 -73.70 355.04 243.28 32.83 0.10
0.00 12973.78
163.80 -59.66 -59.83 -74.24 358.03 245.74 30.26 0.10
0.00 13486.60
149.80 -62.56 -9999.00 -9999.00 -9999.00 243.97 27.89 0.00
0.00 14041.14
135.90 -64.66 -9999.00 -9999.00 -9999.00 242.06 29.02 0.00
0.00 14638.43
121.90 -66.76 -9999.00 -9999.00 -9999.00 240.95 22.01 0.00
0.00 15298.58
108.00 -69.36 -9999.00 -9999.00 -9999.00 226.77 13.33 0.00
0.00 16025.39
94.00 -70.36 -9999.00 -9999.00 -9999.00 206.57 14.34 0.00
0.00 16851.55
81.00 -69.06 -9999.00 -9999.00 -9999.00 193.54 10.78 0.00
0.00 17737.92
70.60 -68.06 -9999.00 -9999.00 -9999.00 152.40 9.63 0.00
0.00 18560.87
62.20 -67.96 -9999.00 -9999.00 -9999.00 163.30 8.12 0.00
0.00 19321.52
54.30 -66.66 -9999.00 -9999.00 -9999.00 90.00 8.74 0.00
0.00 20139.93
46.90 -65.06 -9999.00 -9999.00 -9999.00 82.09 14.12 0.00
0.00 21028.89
40.10 -62.96 -9999.00 -9999.00 -9999.00 64.18 6.68 0.00
0.00 21987.82
33.80 -62.36 -9999.00 -9999.00 -9999.00 26.57 8.26 0.00
0.00 23040.88
27.80 -61.06 -9999.00 -9999.00 -9999.00 41.38 10.88 0.00
0.00 24250.40
22.30 -58.06 -9999.00 -9999.00 -9999.00 324.46 1.67 0.00
0.00 25628.66
17.10 -54.46 -9999.00 -9999.00 -9999.00 236.31 9.11 0.00
0.00 27314.29
12.30 -46.96 -9999.00 -9999.00 -9999.00 229.57 20.67 0.00
0.00 29459.57

STID = KCHS STNM = 722080 TIME = 221026/1900 
SLAT = 32.90 SLON = -80.03 SELV = 5.0
STIM = 7

SHOW = -0.46 LIFT = 1.23 SWET = 357.57 KINX = 11.01
LCLP = 933.60 PWAT = 35.75 TOTL = 45.65 CAPE = 5.01
LCLT = 290.17 CINS = -363.91 EQLV = 356.71 LFCT = 428.29
BRCH = 0.22

PRES TMPC TMWC DWPC THTE DRCT SKNT OMEG
CFRL HGHT
1007.90 23.44 19.94 18.24 334.27 193.24 6.78 0.00
0.00 15.41
1005.00 22.94 19.68 18.08 333.70 194.62 9.23 0.00
0.00 40.61
999.40 22.44 19.43 17.93 333.51 195.07 10.47 0.00
0.00 89.37
989.80 21.64 19.04 17.73 333.41 195.95 11.31 0.10
0.00 173.43
975.70 20.34 18.45 17.47 333.22 197.24 11.79 0.10
0.00 297.93
957.50 18.84 17.71 17.09 333.10 199.59 12.16 0.20
0.00 460.54
935.80 17.64 17.09 16.76 334.00 210.96 13.60 0.30
3.00 657.59
912.10 17.14 17.03 16.91 337.30 227.64 17.87 0.30
95.00 877.48
886.20 16.14 16.05 15.94 337.67 223.03 19.93 0.10
100.00 1123.78
857.50 15.24 14.82 14.55 337.75 215.75 23.93 0.00
51.00 1404.23
825.70 13.84 13.58 13.38 338.44 217.12 27.04 0.00
32.00 1724.77
790.80 11.34 10.86 10.52 334.91 219.18 29.82 -0.10
17.00 2088.37
752.90 9.04 8.98 8.90 335.17 215.24 25.93 -0.20
100.00 2498.12
712.20 8.04 0.52 -9.93 318.15 227.29 24.05 -0.10
0.00 2958.03
668.70 5.84 -4.21 -42.92 313.50 246.43 19.93 0.00
0.00 3475.15
622.20 2.64 -5.87 -29.43 317.82 264.69 25.17 0.20
0.00 4060.48
573.30 -0.96 -8.51 -31.53 320.88 260.23 24.05 0.30
0.00 4717.15
525.80 -4.96 -11.57 -35.37 323.65 260.97 21.04 0.30
0.00 5401.34
483.10 -10.46 -15.67 -39.05 324.44 261.74 24.34 0.30
0.00 6059.55
445.00 -15.46 -19.55 -42.24 325.60 254.70 23.56 0.10
0.00 6685.30
410.70 -20.16 -23.42 -47.37 326.77 249.39 24.28 0.00
0.00 7284.88
379.70 -24.36 -27.00 -53.41 328.39 246.74 24.11 -0.10
0.00 7861.27
351.80 -28.66 -30.69 -56.82 329.75 248.96 24.36 -0.20
0.00 8412.27
326.80 -32.96 -34.45 -57.41 330.84 251.96 26.96 -0.20
0.00 8935.19
304.20 -36.76 -37.90 -59.75 332.30 253.41 30.61 -0.10
0.00 9435.06
284.00 -40.66 -41.50 -62.51 333.25 250.37 32.38 -0.10
0.00 9906.60
265.80 -44.56 -45.15 -63.01 333.92 247.69 32.75 -0.10
0.00 10353.54
248.80 -47.66 -48.12 -66.51 335.63 248.01 33.72 0.00
0.00 10792.80
233.60 -49.16 -49.57 -66.97 339.46 251.88 33.72 0.00
0.00 11207.50
219.60 -49.66 -50.10 -72.27 344.69 253.57 31.59 0.00
0.00 11612.26
205.70 -51.26 -51.65 -72.71 348.67 247.32 30.73 0.00
0.00 12038.50
191.70 -53.66 -53.97 -73.19 351.92 244.49 32.93 0.00
0.00 12493.84
177.70 -56.66 -56.89 -73.70 354.71 246.58 33.24 0.00
0.00 12977.74
163.80 -59.86 -60.02 -74.24 357.70 246.80 29.58 0.00
0.00 13490.08
149.80 -63.16 -9999.00 -9999.00 -9999.00 240.62 26.53 0.00
0.00 14043.57
135.90 -65.16 -9999.00 -9999.00 -9999.00 240.98 30.44 0.00
0.00 14639.30
121.90 -67.16 -9999.00 -9999.00 -9999.00 241.36 26.34 0.00
0.00 15298.01
108.00 -69.36 -9999.00 -9999.00 -9999.00 216.57 15.00 0.00
0.00 16024.11
94.00 -70.76 -9999.00 -9999.00 -9999.00 205.69 17.04 0.00
0.00 16849.46
81.00 -69.06 -9999.00 -9999.00 -9999.00 198.74 11.48 0.00
0.00 17734.96
70.60 -68.36 -9999.00 -9999.00 -9999.00 160.82 9.46 0.00
0.00 18557.31
62.20 -67.46 -9999.00 -9999.00 -9999.00 155.56 7.03 0.00
0.00 19318.33
54.30 -64.96 -9999.00 -9999.00 -9999.00 90.00 11.46 0.00
0.00 20141.11
46.90 -63.66 -9999.00 -9999.00 -9999.00 88.39 13.79 0.00
0.00 21036.71
40.10 -62.16 -9999.00 -9999.00 -9999.00 60.10 8.95 0.00
0.00 22000.69
33.80 -62.46 -9999.00 -9999.00 -9999.00 39.43 11.32 0.00
0.00 23055.51
27.80 -61.26 -9999.00 -9999.00 -9999.00 34.78 8.51 0.00
0.00 24264.16
22.30 -58.56 -9999.00 -9999.00 -9999.00 278.13 2.74 0.00
0.00 25640.17
17.10 -52.16 -9999.00 -9999.00 -9999.00 232.52 14.69 0.00
0.00 27332.79
12.30 -45.76 -9999.00 -9999.00 -9999.00 237.99 31.16 0.00
0.00 29494.95

STID = KCHS STNM = 722080 TIME = 221026/2000 
SLAT = 32.90 SLON = -80.03 SELV = 5.0
STIM = 8

SHOW = 0.02 LIFT = 0.46 SWET = 337.98 KINX = -9999.00
LCLP = 947.97 PWAT = 30.75 TOTL = 45.18 CAPE = 156.39
LCLT = 291.26 CINS = -277.80 EQLV = 259.76 LFCT = 482.63
BRCH = 5.61

PRES TMPC TMWC DWPC THTE DRCT SKNT OMEG
CFRL HGHT
1007.70 23.24 20.43 19.09 336.18 191.31 6.93 0.00
0.00 14.54
1004.70 22.74 20.19 18.96 335.67 191.31 8.92 0.00
0.00 40.61
999.10 22.14 19.91 18.82 335.39 191.31 9.91 0.00
0.00 89.37
989.50 21.34 19.54 18.64 335.34 192.53 10.74 0.00
0.00 173.40
975.40 20.04 18.96 18.39 335.16 193.80 11.40 -0.10
0.00 297.87
957.20 18.84 18.24 17.90 335.12 197.30 12.41 -0.10
8.00 460.52
935.50 18.24 17.80 17.53 336.66 221.04 13.91 -0.10
33.00 657.91
911.70 17.64 16.61 16.04 335.83 235.07 14.92 -0.10
45.00 879.23
885.90 16.24 15.49 15.05 335.72 238.72 17.95 0.00
50.00 1124.82
857.10 15.14 14.65 14.34 337.20 227.05 23.10 0.00
45.00 1406.29
825.30 13.54 12.48 11.83 334.74 223.08 28.73 -0.10
35.00 1726.63
790.50 11.64 9.35 7.76 330.18 211.31 27.29 -0.10
9.00 2089.04
752.80 10.14 3.09 -5.10 318.38 216.12 26.69 -0.10
52.00 2496.79
712.30 9.04 -9999.00 -9999.00 -9999.00 236.98 23.17 -0.20
0.00 2954.95
668.80 6.54 -3.20 -27.89 315.86 253.19 19.48 0.00
0.00 3473.24
622.30 2.84 -5.63 -27.78 318.34 260.04 25.84 0.10
0.00 4059.52
573.30 -0.76 -8.41 -31.75 321.08 257.72 24.65 0.20
0.00 4717.97
525.90 -4.96 -11.70 -37.87 323.34 265.09 24.96 0.20
0.00 5400.90
483.20 -10.56 -15.65 -37.38 324.48 260.25 25.23 0.10
0.00 6058.85
445.00 -15.66 -19.66 -41.38 325.42 253.51 25.33 0.00
0.00 6685.82
410.70 -20.16 -23.42 -47.37 326.77 250.20 25.82 -0.10
0.00 7285.17
379.70 -24.26 -26.94 -54.70 328.48 249.65 25.70 -0.10
0.00 7861.68
351.80 -28.76 -30.75 -55.33 329.65 252.22 26.73 -0.20
0.00 8412.68
326.80 -32.86 -34.35 -55.93 331.02 255.24 29.74 -0.20
0.00 8935.60
304.20 -36.86 -37.98 -59.75 332.16 256.29 32.79 -0.10
0.00 9435.47
284.00 -40.96 -41.77 -62.51 332.82 253.27 33.06 -0.10
0.00 9906.60
265.80 -44.76 -45.33 -63.01 333.63 251.46 32.98 0.00
0.00 10353.06
248.80 -47.56 -48.03 -66.51 335.78 252.63 33.18 0.00
0.00 10792.22
233.60 -48.96 -49.38 -66.97 339.76 253.96 32.34 0.00
0.00 11207.20
219.60 -49.86 -50.29 -72.27 344.38 253.30 30.42 0.10
0.00 11611.96
205.70 -51.56 -51.93 -72.71 348.20 250.52 30.28 0.10
0.00 12037.72
191.70 -53.96 -54.26 -73.19 351.44 250.08 30.79 0.00
0.00 12492.45
177.70 -56.96 -57.18 -73.70 354.22 246.90 30.21 0.00
0.00 12975.68
163.80 -60.06 -60.22 -74.24 357.36 243.43 29.10 0.00
0.00 13487.42
149.80 -63.16 -9999.00 -9999.00 -9999.00 238.63 27.99 0.00
0.00 14040.65
135.90 -65.46 -9999.00 -9999.00 -9999.00 241.82 30.85 0.00
0.00 14635.95
121.90 -67.66 -9999.00 -9999.00 -9999.00 244.16 27.62 0.00
0.00 15293.39
108.00 -69.36 -9999.00 -9999.00 -9999.00 217.93 16.74 0.00
0.00 16018.61
94.00 -71.06 -9999.00 -9999.00 -9999.00 204.94 18.41 0.00
0.00 16843.34
81.00 -68.76 -9999.00 -9999.00 -9999.00 202.14 12.37 0.00
0.00 17728.84
70.60 -68.06 -9999.00 -9999.00 -9999.00 163.41 9.52 0.00
0.00 18552.40
62.20 -66.36 -9999.00 -9999.00 -9999.00 152.45 5.03 0.00
0.00 19316.02
54.30 -64.46 -9999.00 -9999.00 -9999.00 86.42 12.45 0.00
0.00 20141.98
46.90 -64.06 -9999.00 -9999.00 -9999.00 84.47 12.10 0.00
0.00 21037.80
40.10 -62.86 -9999.00 -9999.00 -9999.00 59.83 9.65 0.00
0.00 21999.25
33.80 -62.66 -9999.00 -9999.00 -9999.00 45.86 9.21 0.00
0.00 23051.82
27.80 -60.86 -9999.00 -9999.00 -9999.00 22.83 4.00 0.00
0.00 24261.04
22.30 -58.86 -9999.00 -9999.00 -9999.00 235.30 3.07 0.00
0.00 25637.37
17.10 -51.66 -9999.00 -9999.00 -9999.00 237.99 14.67 0.00
0.00 27330.77
12.30 -45.36 -9999.00 -9999.00 -9999.00 250.23 31.59 0.00
0.00 29497.27

STID = KCHS STNM = 722080 TIME = 221026/2100 
SLAT = 32.90 SLON = -80.03 SELV = 5.0
STIM = 9

SHOW = 1.71 LIFT = -0.04 SWET = 312.91 KINX = -7.18
LCLP = 955.54 PWAT = 28.40 TOTL = 43.39 CAPE = 331.50
LCLT = 291.87 CINS = -0.08 EQLV = 247.66 LFCT = 934.88
BRCH = 16.29

PRES TMPC TMWC DWPC THTE DRCT SKNT OMEG
CFRL HGHT
1007.10 23.14 20.71 19.57 337.38 200.14 6.22 0.00
0.00 15.42
1004.10 22.84 20.54 19.45 337.14 201.80 8.37 0.00
0.00 41.50
998.60 22.24 20.27 19.33 336.89 202.44 9.67 0.00
0.00 89.45
988.90 21.44 19.90 19.14 336.82 203.75 10.61 0.00
0.00 174.46
974.80 20.24 19.35 18.88 336.74 205.68 11.21 0.00
0.00 299.10
956.60 18.64 18.55 18.44 336.34 207.41 11.81 -0.10
20.00 461.89
934.90 17.74 17.63 17.51 336.10 219.35 12.57 -0.10
100.00 659.20
911.10 16.54 16.47 16.37 335.40 230.41 13.11 0.00
100.00 880.07
885.40 15.24 15.17 15.08 334.66 239.30 14.45 0.00
95.00 1123.99
856.60 14.54 13.56 12.97 333.51 231.93 20.47 0.00
14.00 1404.77
824.90 13.24 10.55 8.73 328.57 221.84 27.37 0.10
3.00 1723.48
790.10 12.64 5.42 -2.01 318.88 210.38 26.13 0.10
0.00 2085.83
752.60 11.24 0.15 -25.53 310.71 231.01 21.00 -0.10
2.00 2492.21
712.20 9.54 -1.64 -36.82 312.35 241.10 21.31 -0.10
0.00 2950.26
668.70 6.34 -3.01 -24.36 316.40 251.93 19.41 0.00
0.00 3468.97
622.20 2.94 -5.64 -28.67 318.30 260.46 23.45 0.00
0.00 4055.27
573.20 -0.66 -8.39 -32.44 321.11 259.73 25.08 0.10
0.00 4714.06
525.80 -5.36 -11.90 -36.86 322.98 267.42 25.85 0.10
0.00 5396.73
483.10 -10.66 -15.70 -37.08 324.42 263.03 27.19 0.00
0.00 6054.19
445.00 -15.66 -19.68 -41.80 325.39 251.57 25.80 -0.10
0.00 6679.48
410.70 -20.16 -23.44 -48.08 326.73 249.15 26.18 -0.20
0.00 7278.82
379.70 -24.36 -27.02 -54.70 328.35 251.16 25.85 -0.20
0.00 7855.21
351.80 -28.76 -30.75 -55.33 329.65 253.77 27.12 -0.20
0.00 8406.10
326.80 -32.76 -34.28 -57.41 331.12 259.05 30.67 -0.10
0.00 8929.13
304.20 -37.16 -38.25 -59.75 331.74 260.22 34.30 -0.10
0.00 9428.79
284.00 -41.26 -42.05 -62.51 332.39 254.01 34.56 -0.10
0.00 9899.31
265.80 -44.96 -45.52 -63.01 333.34 252.49 34.23 -0.10
0.00 10345.29
248.80 -47.66 -48.10 -63.51 335.67 253.20 32.26 -0.10
0.00 10784.16
233.60 -49.06 -49.48 -66.97 339.61 253.69 29.76 -0.10
0.00 11198.96
219.60 -50.26 -50.64 -67.41 343.81 253.57 28.15 0.00
0.00 11603.27
205.70 -51.96 -52.32 -72.71 347.57 255.09 27.93 0.00
0.00 12028.26
191.70 -54.36 -54.65 -73.19 350.80 257.34 27.47 0.10
0.00 12482.16
177.70 -57.26 -57.47 -73.70 353.73 249.59 26.73 0.10
0.00 12964.62
163.80 -60.16 -60.32 -74.24 357.19 239.83 28.98 0.00
0.00 13475.88
149.80 -63.26 -9999.00 -9999.00 -9999.00 239.16 31.45 0.00
0.00 14028.85
135.90 -65.56 -9999.00 -9999.00 -9999.00 244.76 30.07 0.00
0.00 14623.87
121.90 -67.86 -9999.00 -9999.00 -9999.00 246.45 24.79 0.00
0.00 15280.83
108.00 -69.06 -9999.00 -9999.00 -9999.00 220.05 17.50 0.00
0.00 16006.22
94.00 -70.86 -9999.00 -9999.00 -9999.00 205.02 19.29 0.00
0.00 16831.98
81.00 -68.36 -9999.00 -9999.00 -9999.00 211.29 11.60 0.00
0.00 17718.78
70.60 -67.76 -9999.00 -9999.00 -9999.00 162.90 7.93 0.00
0.00 18543.75
62.20 -65.96 -9999.00 -9999.00 -9999.00 117.76 4.18 0.00
0.00 19308.66
54.30 -65.06 -9999.00 -9999.00 -9999.00 87.37 16.92 0.00
0.00 20134.23
46.90 -64.76 -9999.00 -9999.00 -9999.00 83.33 15.05 0.00
0.00 21027.26
40.10 -63.16 -9999.00 -9999.00 -9999.00 73.61 10.33 0.00
0.00 21986.42
33.80 -62.46 -9999.00 -9999.00 -9999.00 72.35 4.49 0.00
0.00 23038.73
27.80 -60.26 -9999.00 -9999.00 -9999.00 180.00 0.19 0.00
0.00 24250.25
22.30 -57.76 -9999.00 -9999.00 -9999.00 251.57 6.14 0.00
0.00 25632.06
17.10 -53.06 -9999.00 -9999.00 -9999.00 263.37 16.82 0.00
0.00 27324.29
12.30 -46.06 -9999.00 -9999.00 -9999.00 257.37 24.88 0.00
0.00 29480.67

STID = KCHS STNM = 722080 TIME = 221026/2200 
SLAT = 32.90 SLON = -80.03 SELV = 5.0
STIM = 10

SHOW = 4.21 LIFT = -0.12 SWET = 284.48 KINX = -0.61
LCLP = 967.74 PWAT = 25.90 TOTL = 40.64 CAPE = 391.36
LCLT = 292.35 CINS = -1.05 EQLV = 247.76 LFCT = 931.71
BRCH = 17.70

PRES TMPC TMWC DWPC THTE DRCT SKNT OMEG
CFRL HGHT
1008.20 22.64 20.75 19.86 337.40 183.18 3.50 0.00
0.00 14.53
1005.10 22.44 20.60 19.73 337.26 187.59 5.89 0.00
0.00 41.41
999.60 22.04 20.38 19.58 337.17 192.53 7.17 0.10
0.00 89.27
990.00 21.24 19.97 19.34 336.95 197.59 8.35 0.20
0.00 173.27
975.80 20.24 19.44 19.01 336.94 206.00 8.86 0.30
0.00 298.63
957.60 19.04 18.62 18.36 336.47 222.58 9.75 0.40
15.00 461.36
935.80 17.94 17.38 17.05 335.06 236.56 12.33 0.50
73.00 659.56
912.00 16.24 16.08 15.94 333.88 240.16 15.23 0.50
93.00 880.12
886.20 14.64 14.56 14.45 332.39 239.84 16.63 0.30
100.00 1124.32
857.40 13.84 11.96 10.75 328.15 234.59 19.77 0.20
5.00 1404.03
825.60 13.24 8.58 4.87 322.56 221.72 21.60 0.00
0.00 1722.74
791.00 13.94 2.10 -22.34 309.79 222.55 19.25 -0.20
0.00 2082.88
753.50 12.24 0.61 -26.60 311.50 246.23 17.83 -0.10
0.00 2489.99
712.90 9.64 -0.83 -23.51 314.36 242.13 19.11 0.10
0.00 2950.78
669.30 6.34 -3.02 -24.49 316.28 253.64 18.63 0.10
0.00 3470.38
622.70 3.04 -5.66 -29.82 318.13 264.44 22.05 0.10
0.00 4057.53
573.70 -0.26 -8.30 -35.07 321.14 270.91 24.48 0.10
0.00 4716.33
526.10 -5.46 -11.92 -35.94 322.92 276.10 25.58 0.00
0.00 5401.76
483.40 -10.96 -15.93 -37.69 323.92 268.34 26.83 0.00
0.00 6058.34
445.20 -15.76 -19.78 -42.69 325.14 259.35 26.28 0.00
0.00 6684.44
410.90 -20.26 -23.51 -48.08 326.55 253.22 25.56 -0.10
0.00 7283.25
379.80 -24.46 -27.08 -53.41 328.23 251.70 25.37 0.00
0.00 7861.06
351.90 -28.66 -30.65 -54.05 329.80 254.11 26.26 0.00
0.00 8411.80
326.80 -32.86 -34.37 -57.41 330.98 260.97 29.70 0.00
0.00 8936.85
304.30 -37.36 -38.43 -59.75 331.43 257.93 34.36 0.00
0.00 9433.90
284.00 -41.46 -42.21 -60.29 332.15 254.72 36.85 0.00
0.00 9906.28
265.80 -45.16 -45.71 -63.01 333.05 254.44 35.49 0.00
0.00 10351.87
248.90 -47.56 -48.00 -63.50 335.79 254.30 30.87 0.00
0.00 10787.98
233.60 -48.76 -49.19 -66.97 340.06 254.43 28.22 0.00
0.00 11205.79
219.60 -50.16 -50.57 -72.27 343.92 254.56 27.00 0.00
0.00 11610.46
205.70 -52.06 -52.41 -72.71 347.42 254.74 26.57 0.10
0.00 12035.45
191.70 -54.46 -54.74 -73.19 350.64 254.56 27.00 0.10
0.00 12489.14
177.70 -57.36 -57.57 -73.70 353.56 250.05 27.89 0.10
0.00 12971.37
163.80 -60.36 -9999.00 -9999.00 -9999.00 243.92 30.92 0.10
0.00 13482.28
149.80 -63.26 -9999.00 -9999.00 -9999.00 244.90 33.90 0.00
0.00 14034.99
135.90 -65.66 -9999.00 -9999.00 -9999.00 251.90 31.88 0.00
0.00 14629.86
121.90 -67.76 -9999.00 -9999.00 -9999.00 250.80 23.04 0.00
0.00 15286.82
108.00 -69.36 -9999.00 -9999.00 -9999.00 220.73 18.45 0.00
0.00 16011.86
94.00 -70.86 -9999.00 -9999.00 -9999.00 207.76 20.86 0.00
0.00 16837.00
81.00 -68.46 -9999.00 -9999.00 -9999.00 221.82 9.91 0.00
0.00 17723.59
70.60 -67.86 -9999.00 -9999.00 -9999.00 153.43 6.51 0.00
0.00 18548.16
62.20 -65.96 -9999.00 -9999.00 -9999.00 83.66 5.28 0.00
0.00 19312.89
54.30 -65.96 -9999.00 -9999.00 -9999.00 88.00 16.72 0.00
0.00 20136.67
46.90 -64.66 -9999.00 -9999.00 -9999.00 81.51 13.15 0.00
0.00 21027.98
40.10 -62.16 -9999.00 -9999.00 -9999.00 67.38 7.58 0.00
0.00 21989.66
33.80 -61.96 -9999.00 -9999.00 -9999.00 345.96 2.41 0.00
0.00 23045.73
27.80 -61.26 -9999.00 -9999.00 -9999.00 264.29 1.94 0.00
0.00 24255.82
22.30 -57.96 -9999.00 -9999.00 -9999.00 257.47 7.17 0.00
0.00 25633.76
17.10 -53.26 -9999.00 -9999.00 -9999.00 274.65 16.76 0.00
0.00 27324.44
12.30 -45.66 -9999.00 -9999.00 -9999.00 255.84 22.24 0.00
0.00 29481.77

STID = KCHS STNM = 722080 TIME = 221026/2300 
SLAT = 32.90 SLON = -80.03 SELV = 5.0
STIM = 11

SHOW = 5.30 LIFT = 0.35 SWET = 255.77 KINX = -1.30
LCLP = 981.07 PWAT = 24.61 TOTL = 39.29 CAPE = 362.62
LCLT = 292.70 CINS = -8.48 EQLV = 253.73 LFCT = 911.58
BRCH = 12.77

PRES TMPC TMWC DWPC THTE DRCT SKNT OMEG
CFRL HGHT
1009.40 21.94 20.65 20.01 336.80 139.76 3.30 0.00
0.00 13.63
1006.30 22.04 20.57 19.86 336.96 156.04 5.73 0.00
0.00 40.44
1000.70 21.84 20.39 19.68 337.04 167.13 6.97 0.00
0.00 89.06
991.10 21.24 20.00 19.38 336.90 176.91 7.21 0.10
0.00 172.94
976.90 20.64 19.43 18.81 336.74 194.47 6.22 0.10
0.00 298.24
958.70 19.84 18.36 17.60 335.35 225.00 7.15 0.10
0.00 461.08
936.90 18.64 16.92 16.00 333.25 240.26 10.96 0.10
23.00 659.46
913.10 16.84 15.42 14.60 331.40 247.91 14.47 0.10
43.00 880.13
887.30 14.64 14.03 13.63 330.45 252.57 17.50 0.10
52.00 1124.16
858.50 13.54 11.57 10.26 326.75 251.75 19.23 0.10
3.00 1403.30
826.60 13.04 7.51 2.67 319.42 239.74 18.88 0.00
0.00 1722.20
792.00 13.94 2.26 -20.74 310.07 235.76 16.92 -0.20
0.00 2081.68
754.30 12.24 0.31 -32.27 310.59 243.07 13.73 -0.30
0.00 2490.48
713.60 9.54 -0.78 -22.56 314.39 240.00 15.93 -0.20
0.00 2951.82
670.00 6.14 -3.17 -24.91 315.86 254.23 17.15 -0.10
0.00 3470.62
623.30 3.44 -5.45 -30.02 318.47 270.00 21.95 -0.10
0.00 4058.65
574.10 -0.06 -8.15 -34.48 321.39 276.55 23.85 -0.20
0.00 4720.32
526.50 -5.46 -12.04 -38.58 322.55 285.88 24.84 -0.10
0.00 5405.48
483.70 -10.96 -15.96 -38.34 323.78 279.54 24.63 -0.10
0.00 6063.12
445.40 -15.96 -19.94 -43.17 324.81 274.12 24.34 0.00
0.00 6690.28
411.00 -20.36 -23.61 -48.85 326.36 262.34 23.33 0.00
0.00 7290.28
379.90 -24.66 -27.20 -51.27 328.02 252.83 25.00 0.10
0.00 7867.59
352.00 -28.76 -30.73 -54.05 329.64 252.50 26.48 0.20
0.00 8417.85
326.90 -33.16 -34.63 -57.41 330.54 258.77 28.92 0.20
0.00 8942.31
304.30 -37.56 -38.61 -59.75 331.14 254.10 33.33 0.10
0.00 9440.98
284.00 -41.66 -42.39 -60.29 331.86 250.58 35.63 0.10
0.00 9912.95
265.80 -45.06 -45.61 -63.01 333.19 252.19 33.66 0.00
0.00 10358.44
248.90 -47.06 -47.53 -63.50 336.53 251.92 29.43 0.00
0.00 10795.12
233.60 -48.06 -48.53 -66.97 341.12 254.99 27.76 -0.10
0.00 11214.05
219.60 -49.76 -50.17 -67.41 344.58 256.69 26.15 0.00
0.00 11619.72
205.70 -52.06 -52.41 -72.71 347.42 257.33 25.68 0.00
0.00 12045.09
191.70 -54.56 -54.84 -73.19 350.48 255.56 26.48 0.00
0.00 12498.68
177.70 -57.46 -57.67 -73.70 353.40 252.67 28.69 0.10
0.00 12980.69
163.80 -60.56 -9999.00 -9999.00 -9999.00 249.44 31.53 0.10
0.00 13491.24
149.80 -63.36 -9999.00 -9999.00 -9999.00 250.94 33.92 0.00
0.00 14043.56
135.90 -65.66 -9999.00 -9999.00 -9999.00 258.22 32.34 0.00
0.00 14638.28
121.90 -67.46 -9999.00 -9999.00 -9999.00 254.74 22.14 0.00
0.00 15295.72
108.00 -69.56 -9999.00 -9999.00 -9999.00 218.19 18.53 0.00
0.00 16020.94
94.00 -70.76 -9999.00 -9999.00 -9999.00 214.66 22.20 0.00
0.00 16845.88
81.00 -68.66 -9999.00 -9999.00 -9999.00 240.83 9.56 0.00
0.00 17732.25
70.60 -67.76 -9999.00 -9999.00 -9999.00 156.25 5.30 0.00
0.00 18556.61
62.20 -65.66 -9999.00 -9999.00 -9999.00 76.87 5.98 0.00
0.00 19322.09
54.30 -66.46 -9999.00 -9999.00 -9999.00 97.77 12.94 0.00
0.00 20145.47
46.90 -64.36 -9999.00 -9999.00 -9999.00 93.90 8.57 0.00
0.00 21036.35
40.10 -61.86 -9999.00 -9999.00 -9999.00 70.91 5.34 0.00
0.00 21999.41
33.80 -61.96 -9999.00 -9999.00 -9999.00 353.29 3.32 0.00
0.00 23056.23
27.80 -62.06 -9999.00 -9999.00 -9999.00 263.29 3.32 0.00
0.00 24264.02
22.30 -58.26 -9999.00 -9999.00 -9999.00 261.87 8.24 0.00
0.00 25638.42
17.10 -52.66 -9999.00 -9999.00 -9999.00 282.20 14.70 0.00
0.00 27330.26
12.30 -45.56 -9999.00 -9999.00 -9999.00 244.25 18.34 0.00
0.00 29490.97

STID = KCHS STNM = 722080 TIME = 221027/0000 
SLAT = 32.90 SLON = -80.03 SELV = 5.0
STIM = 12

SHOW = 3.59 LIFT = 0.00 SWET = 183.05 KINX = -0.11
LCLP = 992.99 PWAT = 28.01 TOTL = 41.03 CAPE = 381.25
LCLT = 292.82 CINS = -4.38 EQLV = 257.82 LFCT = 921.11
BRCH = 17.80

PRES TMPC TMWC DWPC THTE DRCT SKNT OMEG
CFRL HGHT
1010.60 21.14 20.36 19.95 335.52 151.70 2.87 0.00
0.00 14.45
1007.60 21.64 20.54 19.99 336.64 167.01 5.19 0.00
0.00 40.31
1002.00 21.54 20.39 19.82 336.87 178.32 6.60 0.00
0.00 88.82
992.40 21.24 20.03 19.43 336.84 189.73 6.90 0.00
0.00 172.55
978.20 20.64 19.44 18.83 336.60 205.71 5.83 -0.10
0.00 297.68
959.90 19.64 18.52 17.93 335.76 233.13 5.83 -0.10
0.00 461.16
938.10 18.24 17.39 16.91 334.74 247.17 8.00 -0.20
0.00 659.15
914.30 16.64 16.17 15.87 333.85 252.26 10.20 -0.20
3.00 879.42
888.40 14.84 14.60 14.41 332.22 252.96 12.59 -0.20
18.00 1124.19
859.50 12.74 12.37 12.10 329.14 253.65 15.19 -0.20
31.00 1403.81
827.60 12.74 9.58 7.29 325.23 260.19 15.97 -0.20
1.00 1722.05
792.80 12.64 5.84 -0.84 319.65 250.46 12.78 -0.10
0.00 2082.83
754.90 12.44 0.99 -23.15 312.25 238.86 10.90 0.00
0.00 2493.14
714.20 9.64 -0.83 -23.63 314.16 243.80 13.64 0.00
0.00 2954.40
670.40 5.84 -3.29 -24.48 315.56 262.71 16.84 0.00
0.00 3475.01
623.70 3.24 -5.44 -28.46 318.46 274.12 21.62 0.00
0.00 4062.17
574.40 -0.06 -8.20 -35.67 321.19 285.12 22.34 0.00
0.00 4724.56
526.80 -5.36 -11.86 -36.22 322.88 294.68 23.74 0.00
0.00 5409.48
483.90 -10.96 -15.88 -36.77 323.93 292.66 24.20 0.00
0.00 6068.48
445.50 -16.16 -20.00 -40.96 324.72 283.07 22.34 0.00
0.00 6696.85
411.10 -20.66 -23.78 -46.70 326.07 267.49 22.16 0.00
0.00 7296.14
380.00 -24.56 -27.10 -50.36 328.17 254.36 25.21 0.10
0.00 7873.08
352.00 -28.76 -30.73 -54.05 329.64 253.82 26.50 0.10
0.00 8425.36
326.90 -33.26 -34.71 -57.41 330.40 256.72 28.75 0.10
0.00 8949.71
304.30 -37.76 -38.77 -57.98 330.91 250.58 32.13 0.10
0.00 9448.06
284.00 -41.66 -42.39 -60.29 331.86 247.51 33.00 0.10
0.00 9919.83
265.80 -44.66 -45.24 -63.01 333.78 248.94 30.81 0.00
0.00 10365.71
248.90 -46.46 -46.99 -66.51 337.38 249.02 27.66 0.00
0.00 10803.35
233.60 -47.66 -48.15 -66.97 341.73 254.56 27.00 0.00
0.00 11223.21
219.60 -49.56 -50.00 -72.27 344.84 258.02 26.20 0.00
0.00 11629.41
205.70 -52.06 -52.41 -72.71 347.42 259.70 26.07 0.00
0.00 12054.98
191.70 -54.76 -55.03 -73.19 350.16 257.61 26.24 0.10
0.00 12508.36
177.70 -57.36 -57.57 -73.70 353.56 252.05 29.00 0.10
0.00 12990.26
163.80 -60.36 -9999.00 -9999.00 -9999.00 251.03 32.87 0.10
0.00 13501.17
149.80 -63.36 -9999.00 -9999.00 -9999.00 255.49 34.11 0.10
0.00 14053.75
135.90 -65.56 -9999.00 -9999.00 -9999.00 262.07 30.98 0.10
0.00 14648.62
121.90 -66.96 -9999.00 -9999.00 -9999.00 253.67 20.05 0.00
0.00 15307.01
108.00 -69.66 -9999.00 -9999.00 -9999.00 209.59 18.10 0.00
0.00 16032.94
94.00 -70.36 -9999.00 -9999.00 -9999.00 220.14 21.10 0.00
0.00 16858.49
81.00 -68.46 -9999.00 -9999.00 -9999.00 249.44 8.29 0.00
0.00 17746.17
70.60 -67.76 -9999.00 -9999.00 -9999.00 151.93 6.60 0.00
0.00 18570.93
62.20 -65.46 -9999.00 -9999.00 -9999.00 77.32 7.96 0.00
0.00 19336.77
54.30 -66.56 -9999.00 -9999.00 -9999.00 93.43 9.73 0.00
0.00 20160.35
46.90 -64.56 -9999.00 -9999.00 -9999.00 68.20 5.23 0.00
0.00 21050.59
40.10 -63.26 -9999.00 -9999.00 -9999.00 38.29 4.70 0.00
0.00 22009.98
33.80 -62.86 -9999.00 -9999.00 -9999.00 21.80 3.15 0.00
0.00 23061.05
27.80 -61.26 -9999.00 -9999.00 -9999.00 240.52 5.13 0.00
0.00 24268.56
22.30 -58.06 -9999.00 -9999.00 -9999.00 277.59 8.82 0.00
0.00 25646.18
17.10 -53.56 -9999.00 -9999.00 -9999.00 300.55 13.75 0.00
0.00 27335.30
12.30 -46.66 -9999.00 -9999.00 -9999.00 251.57 19.66 0.00
0.00 29486.37

STID = KCHS STNM = 722080 TIME = 221027/0100 
SLAT = 32.90 SLON = -80.03 SELV = 5.0
STIM = 13

SHOW = 3.29 LIFT = -0.04 SWET = 175.50 KINX = -2.88
LCLP = 1002.26 PWAT = 30.18 TOTL = 41.39 CAPE = 430.40
LCLT = 292.90 CINS = -0.31 EQLV = 259.69 LFCT = 944.87
BRCH = 34.25

PRES TMPC TMWC DWPC THTE DRCT SKNT OMEG
CFRL HGHT
1010.60 20.44 20.10 19.88 334.50 189.46 1.18 0.00
0.00 14.43
1007.60 21.14 20.46 20.10 336.34 192.53 3.57 0.00
0.00 40.24
1002.00 21.14 20.39 19.99 336.84 197.82 5.71 0.00
0.00 88.67
992.30 20.84 20.03 19.61 336.86 202.11 6.70 -0.10
0.00 173.17
978.10 20.14 19.45 19.07 336.64 218.05 5.67 -0.20
0.00 298.14
959.90 19.04 18.64 18.39 336.21 240.52 5.13 -0.30
3.00 460.46
938.10 17.64 17.52 17.40 335.23 255.96 4.80 -0.50
41.00 658.09
914.20 16.14 16.08 15.99 333.55 261.38 6.49 -0.50
92.00 878.91
888.30 14.54 14.48 14.38 331.81 253.18 8.72 -0.60
42.00 1123.38
859.40 12.84 12.38 12.05 329.17 248.39 11.07 -0.60
39.00 1402.93
827.60 12.84 10.18 8.34 327.05 251.86 11.85 -0.30
0.00 1720.36
792.60 10.74 9.06 7.88 329.00 253.74 9.71 0.00
6.00 2082.60
754.80 12.34 1.72 -16.33 314.20 246.54 11.23 0.00
0.00 2491.02
714.10 9.74 -1.14 -28.36 313.34 238.57 12.30 0.00
0.00 2952.40
670.30 5.84 -3.23 -23.93 315.71 262.69 15.27 0.20
0.00 3473.14
623.60 3.14 -5.42 -27.41 318.57 272.75 20.22 0.20
0.00 4060.30
574.40 -0.16 -8.25 -35.36 321.11 285.00 19.50 0.20
0.00 4721.17
526.70 -5.36 -11.78 -34.81 323.08 293.69 20.78 0.10
0.00 5407.48
483.80 -10.96 -15.86 -36.48 323.98 297.26 21.64 0.00
0.00 6066.63
445.50 -16.36 -20.11 -40.19 324.55 282.24 21.08 -0.10
0.00 6693.19
411.10 -20.86 -23.87 -44.93 325.93 268.03 22.55 -0.20
0.00 7292.02
380.00 -24.76 -27.25 -50.36 327.91 256.19 23.60 -0.10
0.00 7868.51
352.00 -28.96 -30.90 -54.05 329.37 252.57 24.63 -0.10
0.00 8420.33
326.90 -33.56 -34.95 -55.93 330.03 251.82 27.39 0.00
0.00 8944.14
304.30 -37.96 -38.94 -57.98 330.62 247.09 29.95 0.00
0.00 9441.97
284.00 -41.76 -42.48 -60.29 331.72 243.77 29.45 0.00
0.00 9913.44
265.80 -44.46 -45.05 -63.01 334.07 243.62 27.54 0.00
0.00 10359.41
248.90 -45.96 -46.52 -66.51 338.12 245.49 26.69 0.00
0.00 10797.73
233.60 -47.46 -47.96 -66.97 342.03 253.11 27.41 0.00
0.00 11218.24
219.60 -49.56 -50.00 -72.27 344.84 256.47 26.57 0.00
0.00 11624.62
205.70 -51.96 -52.32 -72.71 347.57 257.33 25.68 0.00
0.00 12050.29
191.70 -54.56 -54.84 -73.19 350.48 251.57 25.80 0.00
0.00 12503.98
177.70 -57.16 -57.38 -73.70 353.89 244.43 30.15 0.00
0.00 12986.32
163.80 -60.16 -9999.00 -9999.00 -9999.00 247.18 34.56 0.00
0.00 13497.70
149.80 -63.26 -9999.00 -9999.00 -9999.00 255.22 32.75 0.00
0.00 14050.67
135.90 -65.76 -9999.00 -9999.00 -9999.00 262.59 28.59 0.00
0.00 14645.40
121.90 -67.36 -9999.00 -9999.00 -9999.00 250.99 18.49 -0.10
0.00 15302.84
108.00 -69.96 -9999.00 -9999.00 -9999.00 208.71 18.61 0.00
0.00 16027.53
94.00 -69.96 -9999.00 -9999.00 -9999.00 220.91 19.27 0.00
0.00 16853.28
81.00 -67.96 -9999.00 -9999.00 -9999.00 235.01 4.74 0.00
0.00 17742.92
70.60 -67.76 -9999.00 -9999.00 -9999.00 152.02 7.03 0.00
0.00 18568.69
62.20 -65.46 -9999.00 -9999.00 -9999.00 94.67 9.56 0.00
0.00 19334.53
54.30 -65.96 -9999.00 -9999.00 -9999.00 99.66 9.27 0.00
0.00 20159.30
46.90 -63.96 -9999.00 -9999.00 -9999.00 61.56 5.30 0.00
0.00 21052.12
40.10 -63.56 -9999.00 -9999.00 -9999.00 353.16 4.90 0.00
0.00 22012.19
33.80 -62.96 -9999.00 -9999.00 -9999.00 333.43 5.21 0.00
0.00 23062.26
27.80 -60.46 -9999.00 -9999.00 -9999.00 274.29 7.79 0.00
0.00 24271.77
22.30 -58.06 -9999.00 -9999.00 -9999.00 304.99 7.11 0.00
0.00 25651.97
17.10 -53.16 -9999.00 -9999.00 -9999.00 322.65 9.29 0.00
0.00 27342.65
12.30 -46.56 -9999.00 -9999.00 -9999.00 260.54 20.09 0.00
0.00 29496.12

STID = KCHS STNM = 722080 TIME = 221027/0200 
SLAT = 32.90 SLON = -80.03 SELV = 5.0
STIM = 14

SHOW = 1.34 LIFT = -0.08 SWET = 177.48 KINX = -0.36
LCLP = 1005.73 PWAT = 31.70 TOTL = 43.88 CAPE = 415.19
LCLT = 292.89 CINS = 0.00 EQLV = 262.28 LFCT = 956.35
BRCH = 165.25

PRES TMPC TMWC DWPC THTE DRCT SKNT OMEG
CFRL HGHT
1010.50 20.14 19.97 19.82 334.01 279.46 2.37 0.00
0.00 14.42
1007.50 20.44 20.23 20.07 335.44 262.23 4.31 0.00
0.00 40.19
1001.90 20.24 20.15 20.04 335.92 250.97 5.96 0.00
19.00 88.50
992.30 20.54 19.94 19.61 336.50 246.37 6.78 -0.10
3.00 171.96
978.00 19.64 19.38 19.20 336.40 256.76 6.78 -0.20
1.00 297.65
959.80 18.54 18.44 18.32 335.45 270.00 6.80 -0.60
100.00 459.71
937.90 17.54 17.48 17.39 335.12 271.68 6.60 -1.00
100.00 658.07
914.10 16.24 16.12 16.00 333.71 271.68 6.60 -1.50
100.00 878.00
888.30 14.54 14.48 14.38 331.81 259.38 6.33 -1.90
100.00 1121.58
859.50 14.04 13.26 12.77 332.05 236.31 4.90 -1.80
10.00 1400.78
827.40 11.94 11.87 11.78 332.39 209.05 4.00 -1.20
100.00 1721.64
792.50 9.64 9.61 9.53 330.66 221.19 6.20 -0.40
100.00 2081.99
754.60 12.24 2.08 -13.73 315.20 241.46 12.61 0.00
0.00 2490.88
713.90 9.84 -1.07 -28.16 313.51 233.47 13.05 0.10
0.00 2952.43
670.20 6.14 -2.98 -23.02 316.30 263.99 14.84 0.10
0.00 3472.47
623.50 3.24 -5.35 -27.25 318.73 271.79 18.65 0.20
0.00 4060.16
574.30 -0.26 -8.28 -34.76 321.08 281.06 17.21 0.20
0.00 4721.15
526.60 -5.56 -11.88 -34.29 322.92 294.60 17.74 0.10
0.00 5407.22
483.80 -11.16 -15.91 -35.14 323.92 305.60 19.35 0.00
0.00 6064.41
445.50 -16.56 -20.25 -40.19 324.29 289.01 18.49 -0.10
0.00 6690.49
411.10 -21.16 -24.10 -44.93 325.54 272.60 21.39 -0.10
0.00 7288.73
379.90 -24.96 -27.42 -50.37 327.67 258.08 21.64 -0.10
0.00 7866.57
352.00 -29.16 -31.07 -54.05 329.10 250.82 23.66 0.00
0.00 8416.05
326.90 -33.86 -35.21 -55.93 329.61 248.90 26.44 0.00
0.00 8939.32
304.30 -38.26 -39.19 -56.51 330.24 245.75 27.91 0.00
0.00 9436.52
284.00 -41.96 -42.64 -58.53 331.48 240.31 27.06 0.00
0.00 9907.49
265.80 -44.46 -45.05 -63.01 334.07 237.53 25.33 0.00
0.00 10353.27
248.90 -45.76 -46.33 -66.51 338.42 243.82 25.97 0.00
0.00 10791.78
233.60 -47.46 -47.96 -66.97 342.03 254.99 27.76 0.00
0.00 11212.47
219.60 -49.66 -50.07 -67.41 344.73 257.56 27.06 0.00
0.00 11618.77
205.70 -52.16 -52.51 -72.71 347.26 255.53 24.88 0.00
0.00 12044.15
191.70 -54.86 -55.13 -73.19 349.99 245.99 25.31 -0.10
0.00 12497.32
177.70 -57.56 -57.76 -73.70 353.24 240.52 30.79 -0.10
0.00 12978.89
163.80 -60.36 -9999.00 -9999.00 -9999.00 244.75 34.15 -0.10
0.00 13489.56
149.80 -63.36 -9999.00 -9999.00 -9999.00 253.47 31.41 0.00
0.00 14042.13
135.90 -66.36 -9999.00 -9999.00 -9999.00 262.55 25.47 0.00
0.00 14635.87
121.90 -68.26 -9999.00 -9999.00 -9999.00 250.02 18.18 0.00
0.00 15290.92
108.00 -70.36 -9999.00 -9999.00 -9999.00 215.41 19.77 0.00
0.00 16013.30
94.00 -70.16 -9999.00 -9999.00 -9999.00 222.65 20.07 0.00
0.00 16837.83
81.00 -68.06 -9999.00 -9999.00 -9999.00 234.16 4.31 0.00
0.00 17726.82
70.60 -68.16 -9999.00 -9999.00 -9999.00 166.50 4.99 0.00
0.00 18551.58
62.20 -66.16 -9999.00 -9999.00 -9999.00 111.80 10.47 0.00
0.00 19315.38
54.30 -65.86 -9999.00 -9999.00 -9999.00 104.57 10.04 0.00
0.00 20138.96
46.90 -64.06 -9999.00 -9999.00 -9999.00 81.87 9.62 0.00
0.00 21031.78
40.10 -64.06 -9999.00 -9999.00 -9999.00 26.57 6.08 0.00
0.00 21990.48
33.80 -62.96 -9999.00 -9999.00 -9999.00 3.81 5.85 0.00
0.00 23039.29
27.80 -59.56 -9999.00 -9999.00 -9999.00 306.57 7.50 0.00
0.00 24251.38
22.30 -57.16 -9999.00 -9999.00 -9999.00 349.56 7.50 0.00
0.00 25637.39
17.10 -51.66 -9999.00 -9999.00 -9999.00 341.57 5.54 0.00
0.00 27337.39
12.30 -45.76 -9999.00 -9999.00 -9999.00 260.09 20.32 0.00
0.00 29501.96

STID = KCHS STNM = 722080 TIME = 221027/0300 
SLAT = 32.90 SLON = -80.03 SELV = 5.0
STIM = 15

SHOW = 1.39 LIFT = 0.92 SWET = 173.67 KINX = 2.77
LCLP = 1005.23 PWAT = 30.04 TOTL = 43.63 CAPE = 284.78
LCLT = 292.84 CINS = -1.40 EQLV = 271.68 LFCT = 936.43
BRCH = 179.16

PRES TMPC TMWC DWPC THTE DRCT SKNT OMEG
CFRL HGHT
1011.80 20.24 19.98 19.80 333.89 249.44 1.65 0.00
0.00 12.70
1008.60 20.34 20.11 19.94 334.82 265.43 4.88 0.00
0.00 40.15
1003.10 20.64 20.19 19.92 335.90 271.59 6.99 0.00
6.00 87.57
993.40 20.64 19.81 19.37 335.83 282.68 7.96 0.10
3.00 171.86
979.20 19.94 18.99 18.48 334.73 301.18 8.62 0.00
2.00 296.58
960.90 18.84 17.87 17.34 333.22 312.58 9.75 0.00
53.00 459.43
939.10 17.44 16.44 15.87 331.22 321.67 10.64 -0.10
68.00 656.59
915.20 15.64 15.10 14.75 330.01 326.00 10.08 -0.10
80.00 876.76
889.40 13.94 13.88 13.78 329.64 324.09 6.95 -0.20
100.00 1119.43
860.40 13.14 13.05 12.94 331.20 170.54 1.18 0.00
100.00 1399.48
828.40 12.34 12.27 12.17 333.53 142.77 6.10 0.50
70.00 1718.74
793.30 11.14 8.62 6.78 327.55 204.30 6.60 0.60
73.00 2081.81
755.50 12.34 0.92 -23.43 312.01 237.22 13.64 0.20
0.00 2490.00
714.70 9.84 -0.70 -23.48 314.36 235.36 13.00 0.00
0.00 2952.13
670.90 6.54 -2.67 -22.27 316.86 265.97 13.83 0.10
0.00 3473.23
624.10 3.64 -5.19 -28.09 318.93 270.66 16.90 0.10
0.00 4062.43
574.80 -0.26 -8.26 -34.47 321.04 278.24 14.92 0.10
0.00 4724.63
527.00 -5.56 -11.83 -33.54 322.96 294.88 14.78 0.10
0.00 5411.58
484.10 -11.16 -15.84 -34.17 324.01 308.45 16.86 0.00
0.00 6069.87
445.70 -16.56 -20.18 -38.81 324.40 297.55 15.11 -0.10
0.00 6697.27
411.20 -21.26 -24.16 -44.41 325.42 276.40 19.15 -0.10
0.00 7296.93
380.10 -24.96 -27.39 -49.53 327.66 260.80 20.67 0.00
0.00 7872.59
352.10 -29.36 -31.21 -52.92 328.84 252.47 23.21 0.00
0.00 8423.59
327.00 -34.16 -35.45 -54.66 329.21 249.86 24.83 0.10
0.00 8946.17
304.40 -38.46 -39.37 -56.51 329.93 245.22 25.04 0.10
0.00 9442.69
284.10 -41.86 -42.55 -58.53 331.59 236.94 24.57 0.10
0.00 9913.39
265.80 -44.16 -44.77 -63.01 334.51 233.67 24.59 0.00
0.00 10361.93
248.90 -45.36 -45.96 -66.51 339.02 244.59 25.80 0.00
0.00 10801.12
233.60 -47.36 -47.87 -66.97 342.19 256.06 27.43 0.00
0.00 11222.27
219.60 -49.76 -50.17 -67.41 344.58 257.85 25.84 0.00
0.00 11628.57
205.70 -52.36 -52.68 -67.88 346.99 250.94 22.61 0.00
0.00 12053.66
191.70 -54.96 -55.22 -73.19 349.83 239.42 24.83 0.00
0.00 12506.53
177.70 -57.56 -57.76 -73.70 353.24 241.80 30.42 0.00
0.00 12987.99
163.80 -60.26 -9999.00 -9999.00 -9999.00 247.27 31.18 0.00
0.00 13498.77
149.80 -63.16 -9999.00 -9999.00 -9999.00 254.67 27.19 0.10
0.00 14051.74
135.90 -66.06 -9999.00 -9999.00 -9999.00 259.84 20.92 0.10
0.00 14646.19
121.90 -68.36 -9999.00 -9999.00 -9999.00 242.53 16.41 0.00
0.00 15301.56
108.00 -70.16 -9999.00 -9999.00 -9999.00 219.60 20.42 0.00
0.00 16024.12
94.00 -70.06 -9999.00 -9999.00 -9999.00 222.03 21.17 0.00
0.00 16849.26
81.00 -67.96 -9999.00 -9999.00 -9999.00 213.69 5.59 0.00
0.00 17738.68
70.60 -67.86 -9999.00 -9999.00 -9999.00 164.05 5.65 0.00
0.00 18564.25
62.20 -66.06 -9999.00 -9999.00 -9999.00 123.15 11.36 0.00
0.00 19328.79
54.30 -65.46 -9999.00 -9999.00 -9999.00 112.78 10.53 0.00
0.00 20153.37
46.90 -64.36 -9999.00 -9999.00 -9999.00 96.24 12.51 0.00
0.00 21046.39
40.10 -64.16 -9999.00 -9999.00 -9999.00 45.00 8.24 0.00
0.00 22004.18
33.80 -63.06 -9999.00 -9999.00 -9999.00 27.90 7.48 0.00
0.00 23052.49
27.80 -59.46 -9999.00 -9999.00 -9999.00 332.74 7.21 0.00
0.00 24264.58
22.30 -56.96 -9999.00 -9999.00 -9999.00 11.31 6.93 0.00
0.00 25651.56
17.10 -50.86 -9999.00 -9999.00 -9999.00 284.04 1.59 0.00
0.00 27355.45
12.30 -45.36 -9999.00 -9999.00 -9999.00 250.80 23.04 0.00
0.00 29525.80

STID = KCHS STNM = 722080 TIME = 221027/0400 
SLAT = 32.90 SLON = -80.03 SELV = 5.0
STIM = 16

SHOW = 1.62 LIFT = 2.62 SWET = 172.44 KINX = 2.61
LCLP = 1002.21 PWAT = 27.60 TOTL = 43.49 CAPE = 0.85
LCLT = 292.56 CINS = -13.40 EQLV = 876.41 LFCT = 898.21
BRCH = 0.20

PRES TMPC TMWC DWPC THTE DRCT SKNT OMEG
CFRL HGHT
1011.00 20.14 19.78 19.55 333.24 273.37 3.30 0.00
0.00 13.56
1007.90 20.14 19.70 19.43 333.36 275.57 8.00 0.00
0.00 40.15
1002.30 20.24 19.39 18.93 332.98 278.75 10.22 -0.10
7.00 88.40
992.60 20.34 18.39 17.36 330.64 289.98 11.36 -0.10
1.00 172.59
978.50 19.94 17.63 16.38 329.86 309.14 10.76 -0.20
0.00 296.33
960.30 18.84 16.81 15.68 329.50 326.31 10.51 -0.20
3.00 458.26
938.50 17.44 15.44 14.27 327.86 339.93 10.76 -0.10
18.00 655.39
914.70 15.64 13.99 12.97 326.42 347.59 9.95 0.10
30.00 874.61
888.80 13.84 13.35 13.01 328.01 328.57 4.10 0.20
58.00 1118.20
859.90 13.14 13.09 13.01 331.42 186.34 5.28 0.20
100.00 1397.37
827.90 12.34 11.46 10.88 330.99 165.96 6.41 0.20
20.00 1716.74
793.00 10.94 6.91 3.54 322.68 205.97 8.43 0.10
23.00 2077.52
755.20 11.44 0.83 -19.67 312.03 231.34 12.43 0.00
0.00 2484.93
714.40 9.74 -0.71 -22.94 314.42 235.08 12.55 0.10
0.00 2946.48
670.60 6.94 -2.53 -22.89 317.18 265.36 14.41 0.20
0.00 3468.08
623.90 3.84 -5.16 -29.21 318.98 267.37 16.92 0.20
0.00 4056.86
574.60 -0.36 -8.29 -33.92 321.02 270.00 14.18 0.10
0.00 4719.40
526.90 -5.66 -11.86 -33.08 322.93 285.82 12.12 0.00
0.00 5404.85
484.00 -11.26 -15.91 -34.17 323.90 300.55 13.75 -0.10
0.00 6063.02
445.60 -16.66 -20.23 -38.49 324.33 294.66 13.03 -0.10
0.00 6690.32
411.20 -21.36 -24.20 -43.43 325.37 276.04 16.61 -0.10
0.00 7288.08
380.00 -25.16 -27.56 -49.53 327.42 261.25 20.44 -0.10
0.00 7865.32
352.10 -29.66 -31.44 -51.92 328.48 252.33 23.04 -0.10
0.00 8413.88
327.00 -34.46 -35.69 -53.54 328.84 248.90 23.74 0.00
0.00 8935.81
304.30 -38.66 -39.55 -56.51 329.68 243.65 23.19 0.00
0.00 9434.08
284.00 -41.76 -42.46 -58.53 331.76 233.70 23.62 0.00
0.00 9904.84
265.80 -43.66 -44.31 -63.01 335.24 233.47 26.11 0.00
0.00 10351.59
248.90 -45.16 -45.75 -63.50 339.36 247.07 27.43 0.00
0.00 10791.45
233.60 -47.26 -47.75 -63.98 342.38 255.38 27.70 0.00
0.00 11212.89
219.60 -49.76 -50.17 -67.41 344.58 254.05 25.45 0.00
0.00 11619.28
205.70 -52.46 -52.77 -67.88 346.83 243.65 23.19 0.00
0.00 12044.27
191.70 -55.06 -55.32 -73.19 349.67 237.99 27.49 0.00
0.00 12496.93
177.70 -57.46 -57.67 -73.70 353.40 244.44 29.72 0.10
0.00 12978.39
163.80 -59.76 -9999.00 -9999.00 -9999.00 248.71 28.36 0.10
0.00 13489.89
149.80 -62.66 -9999.00 -9999.00 -9999.00 251.14 24.63 0.10
0.00 14044.17
135.90 -65.66 -9999.00 -9999.00 -9999.00 252.12 18.98 0.10
0.00 14639.89
121.90 -68.46 -9999.00 -9999.00 -9999.00 240.50 16.96 0.00
0.00 15295.74
108.00 -70.06 -9999.00 -9999.00 -9999.00 226.87 21.02 0.00
0.00 16018.30
94.00 -69.56 -9999.00 -9999.00 -9999.00 226.47 21.43 0.00
0.00 16844.66
81.00 -67.66 -9999.00 -9999.00 -9999.00 217.23 6.10 0.00
0.00 17735.83
70.60 -67.56 -9999.00 -9999.00 -9999.00 151.19 4.43 0.00
0.00 18562.60
62.20 -66.16 -9999.00 -9999.00 -9999.00 129.52 10.08 0.00
0.00 19327.51
54.30 -65.76 -9999.00 -9999.00 -9999.00 117.22 7.65 0.00
0.00 20151.29
46.90 -64.96 -9999.00 -9999.00 -9999.00 103.80 11.40 0.00
0.00 21042.39
40.10 -64.16 -9999.00 -9999.00 -9999.00 59.98 10.10 0.00
0.00 21998.80
33.80 -62.66 -9999.00 -9999.00 -9999.00 32.01 9.17 0.00
0.00 23048.12
27.80 -59.66 -9999.00 -9999.00 -9999.00 336.67 10.78 0.00
0.00 24260.78
22.30 -57.16 -9999.00 -9999.00 -9999.00 350.54 5.91 0.00
0.00 25646.46
17.10 -50.56 -9999.00 -9999.00 -9999.00 227.49 6.33 0.00
0.00 27350.74
12.30 -45.36 -9999.00 -9999.00 -9999.00 244.98 22.51 0.00
0.00 29522.54

STID = KCHS STNM = 722080 TIME = 221027/0500 
SLAT = 32.90 SLON = -80.03 SELV = 5.0
STIM = 17

SHOW = 3.79 LIFT = 4.04 SWET = 146.55 KINX = 0.50
LCLP = 984.69 PWAT = 24.63 TOTL = 41.17 CAPE = 0.00
LCLT = 290.33 CINS = 0.00 EQLV = -9999.00 LFCT = -9999.00
BRCH = 0.00

PRES TMPC TMWC DWPC THTE DRCT SKNT OMEG
CFRL HGHT
1010.60 19.34 18.22 17.59 327.61 292.38 3.57 0.00
0.00 14.38
1007.50 19.44 17.81 16.90 326.59 291.80 8.37 0.00
0.00 40.89
1001.90 19.44 17.18 15.91 325.20 296.57 9.98 0.00
0.00 88.96
992.40 20.44 16.66 14.48 324.67 322.31 10.80 0.00
0.00 171.24
978.30 20.14 16.83 14.97 327.11 338.63 9.60 0.10
0.00 294.95
960.10 19.04 16.29 14.73 327.75 349.16 9.30 0.30
0.00 456.94
938.30 17.54 14.90 13.31 326.09 358.85 9.71 0.40
0.00 654.13
914.50 15.64 13.67 12.44 325.43 355.10 6.82 0.40
0.00 873.37
888.70 14.04 13.27 12.76 327.76 237.72 4.37 0.20
8.00 1116.10
859.70 13.24 11.78 10.81 327.23 207.12 8.95 0.00
61.00 1396.29
827.80 11.94 9.72 8.15 325.65 184.76 7.01 -0.10
2.00 1714.25
793.00 10.84 4.44 -2.48 316.04 207.76 8.33 -0.20
0.00 2073.29
755.20 11.14 1.14 -16.16 312.89 227.02 11.67 -0.20
0.00 2480.18
714.40 9.84 -0.54 -21.80 314.82 231.20 12.70 -0.10
0.00 2941.63
670.60 7.34 -2.42 -23.92 317.37 262.57 13.52 0.00
0.00 3463.70
623.90 3.94 -5.18 -30.43 318.89 263.88 16.41 0.00
0.00 4052.99
574.60 -0.46 -8.35 -33.92 320.91 259.18 13.44 0.00
0.00 4715.51
526.90 -5.76 -11.93 -33.08 322.81 272.39 9.32 0.00
0.00 5400.71
484.00 -11.26 -15.91 -34.17 323.90 291.80 10.47 0.00
0.00 6058.76
445.60 -16.76 -20.29 -38.18 324.24 288.43 10.45 0.00
0.00 6685.94
411.20 -21.56 -24.33 -42.98 325.15 274.90 13.66 0.00
0.00 7283.35
380.00 -25.36 -27.70 -48.77 327.19 261.03 18.69 0.10
0.00 7860.13
352.10 -29.96 -31.67 -51.02 328.11 251.90 21.25 0.10
0.00 8408.13
327.00 -34.66 -35.87 -53.54 328.56 247.42 21.25 0.10
0.00 8929.52
304.30 -38.66 -39.55 -56.51 329.68 239.93 21.33 0.10
0.00 9427.58
284.00 -41.56 -42.30 -60.29 332.01 230.61 23.87 0.10
0.00 9898.54
265.80 -43.36 -44.03 -63.01 335.68 233.55 26.81 0.00
0.00 10345.78
248.90 -45.16 -45.75 -63.50 339.36 250.02 27.29 0.00
0.00 10785.92
233.60 -47.26 -47.77 -66.97 342.34 254.45 26.83 0.10
0.00 11207.36
219.60 -49.86 -50.26 -67.41 344.43 246.97 25.33 0.00
0.00 11613.66
205.70 -52.66 -52.96 -67.88 346.52 237.90 25.21 0.00
0.00 12038.37
191.70 -55.36 -55.61 -73.19 349.19 240.91 29.56 0.00
0.00 12490.51
177.70 -57.46 -57.67 -73.70 353.40 247.47 28.40 0.00
0.00 12971.63
163.80 -59.66 -9999.00 -9999.00 -9999.00 247.62 25.00 0.00
0.00 13483.25
149.80 -62.56 -9999.00 -9999.00 -9999.00 245.30 21.39 0.00
0.00 14037.79
135.90 -65.56 -9999.00 -9999.00 -9999.00 246.30 17.40 0.00
0.00 14633.80
121.90 -68.16 -9999.00 -9999.00 -9999.00 242.00 17.39 0.00
0.00 15290.29
108.00 -69.46 -9999.00 -9999.00 -9999.00 236.17 21.99 0.00
0.00 16014.45
94.00 -69.06 -9999.00 -9999.00 -9999.00 232.70 20.51 0.00
0.00 16843.04
81.00 -67.56 -9999.00 -9999.00 -9999.00 212.47 5.07 0.00
0.00 17735.51
70.60 -67.66 -9999.00 -9999.00 -9999.00 116.57 6.51 0.00
0.00 18562.29
62.20 -66.86 -9999.00 -9999.00 -9999.00 129.56 11.60 0.00
0.00 19325.72
54.30 -66.26 -9999.00 -9999.00 -9999.00 108.43 6.76 0.00
0.00 20147.11
46.90 -65.36 -9999.00 -9999.00 -9999.00 99.09 9.83 0.00
0.00 21036.28
40.10 -64.06 -9999.00 -9999.00 -9999.00 67.56 9.67 0.00
0.00 21992.00
33.80 -62.56 -9999.00 -9999.00 -9999.00 17.53 7.73 0.00
0.00 23041.82
27.80 -60.76 -9999.00 -9999.00 -9999.00 339.34 12.67 0.00
0.00 24251.62
22.30 -58.36 -9999.00 -9999.00 -9999.00 335.56 4.70 0.00
0.00 25629.88
17.10 -51.96 -9999.00 -9999.00 -9999.00 225.00 9.07 0.00
0.00 27324.05
12.30 -46.46 -9999.00 -9999.00 -9999.00 233.55 21.25 0.00
0.00 29483.80

STID = KCHS STNM = 722080 TIME = 221027/0600 
SLAT = 32.90 SLON = -80.03 SELV = 5.0
STIM = 18

SHOW = 7.27 LIFT = 3.80 SWET = 94.86 KINX = -4.01
LCLP = 984.53 PWAT = 22.48 TOTL = 36.87 CAPE = 0.00
LCLT = 289.30 CINS = 0.00 EQLV = -9999.00 LFCT = -9999.00
BRCH = 0.00

PRES TMPC TMWC DWPC THTE DRCT SKNT OMEG
CFRL HGHT
1010.80 18.34 17.23 16.57 324.19 327.53 2.53 0.00
0.00 15.20
1007.80 18.94 17.01 15.90 323.86 332.74 7.21 0.00
0.00 40.76
1002.30 19.74 16.94 15.34 324.32 343.54 8.92 0.00
0.00 87.93
992.70 20.64 17.55 15.86 327.66 1.15 9.71 0.10
0.00 171.13
978.50 20.14 17.61 16.25 329.80 13.45 9.19 0.30
0.00 295.80
960.20 18.94 16.53 15.18 328.56 18.78 10.26 0.40
0.00 458.68
938.50 17.44 14.77 13.15 325.64 21.60 10.02 0.40
0.00 654.89
914.70 15.74 13.57 12.21 325.08 14.74 3.81 0.30
0.00 874.06
888.80 14.14 12.51 11.45 325.36 216.03 7.93 0.10
0.00 1117.70
859.90 12.94 9.77 7.40 321.18 211.70 7.77 -0.10
11.00 1396.54
828.10 11.74 7.09 2.99 318.13 191.98 6.55 -0.10
0.00 1712.71
793.20 10.84 2.79 -8.11 311.82 195.38 8.06 -0.10
0.00 2072.12
755.50 10.94 0.89 -17.19 312.25 215.54 11.69 0.00
0.00 2477.47
714.70 9.84 -0.50 -21.44 314.88 225.60 13.05 0.10
0.00 2938.56
670.90 7.54 -2.42 -25.19 317.26 255.12 12.86 0.10
0.00 3460.58
624.00 4.14 -5.15 -31.80 318.90 258.55 15.66 0.10
0.00 4052.61
574.80 -0.36 -8.26 -33.39 321.06 248.20 13.60 0.10
0.00 4713.97
527.00 -5.66 -11.86 -33.07 322.91 250.25 8.04 0.10
0.00 5400.68
484.10 -11.26 -15.91 -34.17 323.88 277.13 7.83 0.10
0.00 6058.72
445.70 -16.76 -20.30 -38.49 324.18 277.94 8.43 0.00
0.00 6685.76
411.20 -21.46 -24.25 -42.98 325.28 269.05 11.65 0.00
0.00 7284.96
380.10 -25.46 -27.78 -48.77 327.04 258.57 17.64 0.00
0.00 7859.81
352.10 -30.16 -31.84 -51.02 327.84 251.03 19.72 0.00
0.00 8409.37
327.00 -34.76 -35.95 -53.54 328.43 242.38 18.86 0.00
0.00 8930.44
304.40 -38.66 -39.55 -56.51 329.65 234.34 20.32 0.00
0.00 9426.12
284.00 -41.16 -41.93 -60.29 332.58 229.11 24.92 0.00
0.00 9899.73
265.80 -42.96 -43.66 -63.01 336.26 240.36 27.49 0.00
0.00 10347.74
248.90 -44.76 -45.40 -66.51 339.91 252.99 27.21 0.10
0.00 10788.65
233.60 -47.26 -47.77 -66.97 342.34 251.44 27.47 0.10
0.00 11210.46
219.60 -50.06 -50.45 -67.41 344.12 240.66 26.96 0.10
0.00 11616.58
205.70 -52.86 -53.15 -67.88 346.21 235.20 27.91 0.10
0.00 12040.90
191.70 -55.46 -55.71 -73.19 349.03 241.77 29.99 0.10
0.00 12492.74
177.70 -57.36 -57.57 -73.70 353.56 247.25 26.13 0.10
0.00 12973.86
163.80 -59.36 -9999.00 -9999.00 -9999.00 242.53 21.89 0.10
0.00 13485.96
149.80 -62.16 -9999.00 -9999.00 -9999.00 238.28 20.32 0.10
0.00 14041.41
135.90 -65.16 -9999.00 -9999.00 -9999.00 241.29 18.61 0.10
0.00 14638.56
121.90 -67.86 -9999.00 -9999.00 -9999.00 242.43 19.72 0.10
0.00 15296.16
108.00 -69.26 -9999.00 -9999.00 -9999.00 243.43 21.29 0.00
0.00 16021.20
94.00 -69.46 -9999.00 -9999.00 -9999.00 238.51 18.22 0.00
0.00 16849.39
81.00 -67.86 -9999.00 -9999.00 -9999.00 196.70 4.06 0.00
0.00 17740.34
70.60 -67.96 -9999.00 -9999.00 -9999.00 126.63 9.44 0.00
0.00 18565.91
62.20 -67.36 -9999.00 -9999.00 -9999.00 149.74 13.50 0.00
0.00 19327.86
54.30 -66.66 -9999.00 -9999.00 -9999.00 121.50 7.07 0.00
0.00 20147.46
46.90 -66.16 -9999.00 -9999.00 -9999.00 99.04 8.66 0.00
0.00 21034.05
40.10 -64.56 -9999.00 -9999.00 -9999.00 67.38 7.58 0.00
0.00 21986.79
33.80 -62.46 -9999.00 -9999.00 -9999.00 3.99 8.37 0.00
0.00 23035.61
27.80 -60.86 -9999.00 -9999.00 -9999.00 356.05 11.29 0.00
0.00 24245.41
22.30 -57.86 -9999.00 -9999.00 -9999.00 126.87 0.97 0.00
0.00 25624.97
17.10 -53.26 -9999.00 -9999.00 -9999.00 223.53 10.72 0.00
0.00 27316.03
12.30 -47.96 -9999.00 -9999.00 -9999.00 232.25 22.84 0.00
0.00 29462.28

STID = KCHS STNM = 722080 TIME = 221027/0700 
SLAT = 32.90 SLON = -80.03 SELV = 5.0
STIM = 19

SHOW = 9.82 LIFT = 2.72 SWET = 47.73 KINX = -7.61
LCLP = 998.04 PWAT = 21.58 TOTL = 33.33 CAPE = 31.11
LCLT = 289.83 CINS = -542.91 EQLV = 308.29 LFCT = 445.10
BRCH = 0.74

PRES TMPC TMWC DWPC THTE DRCT SKNT OMEG
CFRL HGHT
1010.90 17.74 17.22 16.88 324.15 8.53 3.92 0.00
0.00 15.18
1008.00 18.54 17.93 17.55 326.94 10.89 10.30 0.00
0.00 39.85
1002.40 19.44 18.65 18.20 330.24 15.71 12.92 0.10
0.00 87.86
992.80 19.94 18.90 18.34 332.48 22.56 13.68 0.10
0.00 171.02
978.60 19.44 18.34 17.75 332.43 26.95 12.86 0.10
2.00 295.50
960.30 18.44 17.02 16.23 330.25 30.38 13.05 0.20
1.00 458.13
938.50 17.14 15.17 14.00 326.96 32.40 11.97 0.20
0.00 655.04
914.70 15.54 13.35 11.95 324.37 42.88 3.71 0.20
0.00 874.04
888.80 14.24 11.24 9.13 321.50 220.60 7.17 0.10
0.00 1117.53
860.00 12.94 8.32 4.41 317.08 223.92 7.28 0.10
0.00 1395.21
828.20 11.94 5.05 -2.59 312.73 205.77 6.25 0.00
0.00 1711.13
793.40 11.04 1.69 -13.91 309.04 194.04 8.82 -0.10
0.00 2069.38
755.60 10.84 0.85 -17.10 312.16 211.91 12.12 0.00
0.00 2475.68
714.80 9.74 -0.51 -21.08 314.86 228.58 13.21 -0.10
0.00 2936.55
671.00 7.54 -2.49 -25.96 317.07 254.43 12.30 -0.10
0.00 3458.40
624.10 4.14 -5.15 -31.80 318.88 255.02 14.28 -0.10
0.00 4050.33
574.80 -0.26 -8.21 -33.65 321.15 240.55 13.83 -0.10
0.00 4713.10
527.10 -5.76 -11.94 -33.30 322.74 232.59 8.31 -0.10
0.00 5398.31
484.10 -11.36 -15.98 -34.17 323.76 256.37 6.60 -0.20
0.00 6057.56
445.70 -16.86 -20.36 -38.18 324.09 270.00 6.99 -0.20
0.00 6684.37
411.30 -21.76 -24.45 -42.12 324.94 266.57 9.73 -0.20
0.00 7281.29
380.10 -25.76 -28.00 -48.06 326.68 259.51 16.01 -0.10
0.00 7857.24
352.10 -30.46 -32.07 -50.20 327.48 252.90 18.49 -0.10
0.00 8406.12
327.00 -34.96 -36.11 -52.55 328.19 242.04 17.81 -0.10
0.00 8926.65
304.40 -38.76 -39.64 -56.51 329.51 234.21 20.59 -0.10
0.00 9422.02
284.10 -41.26 -42.02 -60.29 332.40 232.35 25.76 0.00
0.00 9893.02
265.80 -42.96 -43.66 -63.01 336.26 243.25 27.62 0.00
0.00 10343.32
248.90 -44.76 -45.40 -66.51 339.91 247.82 27.27 0.00
0.00 10784.23
233.60 -47.46 -47.96 -66.97 342.03 242.90 27.72 0.00
0.00 11205.85
219.60 -50.46 -50.83 -67.41 343.50 236.08 27.16 0.00
0.00 11611.43
205.70 -53.26 -53.54 -67.88 345.58 237.62 28.28 -0.10
0.00 12034.99
191.70 -55.36 -55.61 -73.19 349.19 243.62 27.10 -0.10
0.00 12486.51
177.70 -56.96 -57.18 -73.70 354.22 246.08 24.44 -0.10
0.00 12968.19
163.80 -59.16 -9999.00 -9999.00 -9999.00 242.02 21.11 -0.10
0.00 13481.00
149.80 -62.16 -9999.00 -9999.00 -9999.00 237.09 19.66 0.00
0.00 14036.72
135.90 -65.06 -9999.00 -9999.00 -9999.00 238.51 18.22 0.00
0.00 14634.01
121.90 -67.96 -9999.00 -9999.00 -9999.00 242.10 18.69 0.00
0.00 15291.61
108.00 -69.56 -9999.00 -9999.00 -9999.00 244.90 16.94 0.00
0.00 16015.94
94.00 -69.66 -9999.00 -9999.00 -9999.00 234.71 15.46 0.00
0.00 16843.12
81.00 -68.16 -9999.00 -9999.00 -9999.00 170.54 5.91 0.00
0.00 17732.98
70.60 -68.46 -9999.00 -9999.00 -9999.00 142.21 12.04 0.00
0.00 18556.93
62.20 -67.16 -9999.00 -9999.00 -9999.00 166.43 11.60 0.00
0.00 19318.33
54.30 -65.66 -9999.00 -9999.00 -9999.00 112.75 6.53 0.00
0.00 20140.32
46.90 -65.36 -9999.00 -9999.00 -9999.00 92.94 7.60 0.00
0.00 21030.77
40.10 -63.76 -9999.00 -9999.00 -9999.00 55.89 7.26 0.00
0.00 21987.18
33.80 -62.66 -9999.00 -9999.00 -9999.00 5.08 8.78 0.00
0.00 23037.50
27.80 -61.16 -9999.00 -9999.00 -9999.00 346.22 10.61 0.00
0.00 24245.87
22.30 -58.66 -9999.00 -9999.00 -9999.00 237.99 1.83 0.00
0.00 25621.87
17.10 -55.36 -9999.00 -9999.00 -9999.00 227.05 7.69 0.00
0.00 27301.67
12.30 -48.76 -9999.00 -9999.00 -9999.00 224.03 24.32 0.00
0.00 29433.93

STID = KCHS STNM = 722080 TIME = 221027/0800 
SLAT = 32.90 SLON = -80.03 SELV = 5.0
STIM = 20

SHOW = 11.41 LIFT = 3.05 SWET = 25.09 KINX = -9.33
LCLP = 1005.59 PWAT = 20.60 TOTL = 30.68 CAPE = 0.00
LCLT = 290.55 CINS = 0.00 EQLV = -9999.00 LFCT = -9999.00
BRCH = 0.00

PRES TMPC TMWC DWPC THTE DRCT SKNT OMEG
CFRL HGHT
1012.20 17.94 17.69 17.50 325.58 16.93 4.66 0.00
0.00 13.48
1009.10 18.44 18.23 18.05 327.83 19.65 11.56 0.00
0.00 39.84
1003.50 18.64 18.46 18.30 329.40 21.80 14.65 0.10
18.00 87.73
993.80 19.24 18.39 17.91 330.48 27.93 18.24 0.10
9.00 171.44
979.60 18.94 17.65 16.94 329.80 30.34 18.45 0.10
2.00 295.50
961.30 18.04 16.49 15.60 328.26 35.38 16.43 0.00
0.00 457.65
939.50 16.74 15.44 14.66 327.72 40.87 13.36 0.00
1.00 654.08
915.70 15.54 13.29 11.85 324.06 58.67 5.23 0.10
1.00 872.73
889.80 14.54 10.46 7.39 319.07 223.67 5.91 0.10
0.00 1116.00
860.90 13.14 7.54 2.39 314.84 232.88 9.01 0.10
0.00 1394.43
829.10 12.24 3.90 -7.11 309.67 211.83 6.62 0.00
0.00 1710.11
794.30 11.44 1.65 -15.47 308.75 198.08 10.00 0.00
0.00 2068.26
756.40 10.94 0.95 -16.82 312.27 214.14 13.85 0.00
0.00 2475.53
715.50 9.44 -0.57 -20.29 314.67 228.81 14.45 0.00
0.00 2936.91
671.60 7.14 -2.65 -25.33 316.67 248.90 11.87 -0.10
0.00 3458.83
624.70 4.04 -5.14 -30.64 318.85 249.73 13.46 -0.10
0.00 4049.69
575.20 -0.16 -8.21 -34.75 321.06 241.45 15.03 0.00
0.00 4714.60
527.40 -5.76 -11.95 -33.53 322.65 227.94 10.72 0.00
0.00 5400.93
484.40 -11.46 -16.03 -33.94 323.61 237.09 7.87 0.00
0.00 6059.67
445.90 -16.96 -20.38 -37.29 324.03 255.17 6.84 0.00
0.00 6687.53
411.40 -21.96 -24.56 -41.33 324.74 258.18 8.53 0.00
0.00 7285.64
380.20 -26.16 -28.28 -46.78 326.20 254.81 14.08 0.00
0.00 7860.75
352.20 -30.66 -32.24 -50.19 327.18 248.20 17.77 0.00
0.00 8408.82
327.00 -35.16 -36.28 -52.55 327.92 238.06 17.62 0.00
0.00 8930.91
304.40 -38.86 -39.73 -56.51 329.37 232.08 21.17 -0.10
0.00 9425.97
284.10 -41.56 -42.30 -60.29 331.97 234.56 26.46 -0.10
0.00 9896.57
265.80 -43.46 -44.12 -63.01 335.53 244.16 27.62 -0.10
0.00 10346.09
248.90 -45.36 -45.96 -66.51 339.02 248.12 26.59 -0.10
0.00 10785.94
233.60 -47.86 -48.34 -66.97 341.43 244.02 25.72 -0.10
0.00 11206.63
219.60 -50.76 -51.12 -67.41 343.04 240.10 26.88 -0.10
0.00 11611.58
205.70 -53.46 -53.73 -67.88 345.26 242.17 27.47 -0.10
0.00 12034.66
191.70 -55.56 -55.81 -73.19 348.87 245.95 25.74 0.00
0.00 12485.77
177.70 -57.26 -57.47 -73.70 353.73 246.80 23.68 0.00
0.00 12966.89
163.80 -59.36 -9999.00 -9999.00 -9999.00 242.95 20.49 0.00
0.00 13479.11
149.80 -62.16 -9999.00 -9999.00 -9999.00 233.49 18.61 0.00
0.00 14034.56
135.90 -65.06 -9999.00 -9999.00 -9999.00 232.39 18.14 0.00
0.00 14631.86
121.90 -67.76 -9999.00 -9999.00 -9999.00 236.31 17.50 0.00
0.00 15289.77
108.00 -69.56 -9999.00 -9999.00 -9999.00 237.76 14.94 0.00
0.00 16014.46
94.00 -69.86 -9999.00 -9999.00 -9999.00 228.96 13.91 0.00
0.00 16841.23
81.00 -68.66 -9999.00 -9999.00 -9999.00 172.69 7.63 0.00
0.00 17729.56
70.60 -69.26 -9999.00 -9999.00 -9999.00 161.27 12.10 0.00
0.00 18550.91
62.20 -66.96 -9999.00 -9999.00 -9999.00 182.08 10.68 0.00
0.00 19311.18
54.30 -65.06 -9999.00 -9999.00 -9999.00 117.82 7.91 0.00
0.00 20134.76
46.90 -64.86 -9999.00 -9999.00 -9999.00 95.04 6.62 0.00
0.00 21027.58
40.10 -63.56 -9999.00 -9999.00 -9999.00 70.35 8.66 0.00
0.00 21985.59
33.80 -63.46 -9999.00 -9999.00 -9999.00 42.61 6.60 0.00
0.00 23034.41
27.80 -61.06 -9999.00 -9999.00 -9999.00 347.47 7.17 0.00
0.00 24240.77
22.30 -58.26 -9999.00 -9999.00 -9999.00 233.97 2.64 0.00
0.00 25618.39
17.10 -54.56 -9999.00 -9999.00 -9999.00 230.71 8.28 0.00
0.00 27302.85
12.30 -47.86 -9999.00 -9999.00 -9999.00 228.37 30.40 0.00
0.00 29443.31

STID = KCHS STNM = 722080 TIME = 221027/0900 
SLAT = 32.90 SLON = -80.03 SELV = 5.0
STIM = 21

SHOW = 11.76 LIFT = 4.54 SWET = 26.50 KINX = -9.37
LCLP = 1001.36 PWAT = 19.88 TOTL = 30.12 CAPE = 0.00
LCLT = 290.06 CINS = 0.00 EQLV = -9999.00 LFCT = -9999.00
BRCH = 0.00

PRES TMPC TMWC DWPC THTE DRCT SKNT OMEG
CFRL HGHT
1012.60 17.84 17.39 17.09 324.51 2.20 5.05 0.00
0.00 13.47
1009.50 18.04 17.57 17.26 325.51 5.91 11.32 0.00
0.00 39.79
1003.90 17.94 17.53 17.25 326.10 7.22 13.91 -0.10
1.00 87.55
994.30 17.94 17.30 16.90 326.58 15.05 18.71 -0.20
9.00 170.03
980.10 17.74 16.60 15.93 326.11 23.20 20.71 -0.30
9.00 293.44
961.90 17.44 15.02 13.54 323.32 31.41 21.62 -0.40
0.00 454.01
940.00 16.24 14.24 12.99 323.75 43.67 17.72 -0.50
0.00 650.70
916.10 15.04 13.68 12.81 325.22 62.05 10.78 -0.50
2.00 869.74
890.30 14.14 10.68 8.14 319.65 184.09 2.72 -0.30
0.00 1111.65
861.40 12.74 7.51 2.74 314.72 232.65 9.29 -0.10
0.00 1389.57
829.50 12.34 3.57 -8.72 308.77 208.74 6.88 0.00
0.00 1705.89
794.60 11.84 1.86 -15.46 309.16 204.27 10.86 0.10
0.00 2065.20
756.70 11.14 1.04 -16.91 312.43 218.07 14.80 0.10
0.00 2472.74
715.80 9.24 -0.64 -19.97 314.50 227.12 14.84 0.10
0.00 2933.94
671.80 6.94 -2.70 -24.74 316.55 239.04 11.32 0.10
0.00 3456.49
624.90 4.04 -5.11 -30.20 318.90 244.61 12.68 0.10
0.00 4046.97
575.40 0.04 -8.16 -36.29 321.08 245.74 15.13 0.10
0.00 4711.90
527.50 -5.76 -12.00 -34.27 322.53 228.90 12.12 0.10
0.00 5399.71
484.50 -11.56 -16.09 -33.93 323.47 222.27 8.66 0.10
0.00 6058.19
446.00 -17.06 -20.45 -37.29 323.89 235.84 6.57 0.20
0.00 6685.68
411.50 -21.96 -24.56 -41.33 324.71 241.50 7.73 0.20
0.00 7283.52
380.30 -26.16 -28.28 -46.78 326.18 244.20 12.94 0.20
0.00 7858.50
352.20 -30.76 -32.31 -49.44 327.09 239.04 15.85 0.20
0.00 8408.34
327.10 -35.16 -36.28 -52.55 327.89 230.19 16.69 0.10
0.00 8928.17
304.40 -38.96 -39.82 -56.51 329.23 230.06 21.79 0.00
0.00 9425.23
284.10 -41.76 -42.48 -60.29 331.69 236.19 25.49 0.00
0.00 9895.53
265.80 -43.66 -44.31 -63.01 335.24 246.52 25.84 -0.10
0.00 10344.66
248.90 -45.56 -46.14 -66.51 338.72 252.26 25.49 -0.10
0.00 10784.13
233.60 -48.16 -48.62 -66.97 340.97 248.28 25.72 -0.10
0.00 11204.36
219.60 -50.76 -51.14 -72.27 342.99 244.69 27.72 0.00
0.00 11609.03
205.70 -53.26 -53.56 -72.71 345.53 247.11 28.46 0.00
0.00 12032.30
191.70 -55.36 -55.61 -73.19 349.19 251.83 26.17 0.00
0.00 12483.83
177.70 -57.36 -57.57 -73.70 353.56 250.38 23.72 0.00
0.00 12965.06
163.80 -59.36 -9999.00 -9999.00 -9999.00 246.25 21.23 0.00
0.00 13477.16
149.80 -61.96 -9999.00 -9999.00 -9999.00 234.40 19.35 0.00
0.00 14032.87
135.90 -64.96 -9999.00 -9999.00 -9999.00 230.27 19.44 0.00
0.00 14630.59
121.90 -67.56 -9999.00 -9999.00 -9999.00 234.02 17.52 0.00
0.00 15288.99
108.00 -69.56 -9999.00 -9999.00 -9999.00 236.31 14.70 0.00
0.00 16014.03
94.00 -70.36 -9999.00 -9999.00 -9999.00 232.13 13.29 0.00
0.00 16839.78
81.00 -69.36 -9999.00 -9999.00 -9999.00 183.90 8.57 0.00
0.00 17725.50
70.60 -69.76 -9999.00 -9999.00 -9999.00 180.94 11.85 0.00
0.00 18544.43
62.20 -67.16 -9999.00 -9999.00 -9999.00 191.31 8.92 0.00
0.00 19303.41
54.30 -65.46 -9999.00 -9999.00 -9999.00 114.94 9.21 0.00
0.00 20125.80
46.90 -64.76 -9999.00 -9999.00 -9999.00 90.00 5.83 0.00
0.00 21017.97
40.10 -63.36 -9999.00 -9999.00 -9999.00 84.17 9.58 0.00
0.00 21976.67
33.80 -62.86 -9999.00 -9999.00 -9999.00 62.65 6.33 0.00
0.00 23027.49
27.80 -60.26 -9999.00 -9999.00 -9999.00 2.94 7.60 0.00
0.00 24237.86
22.30 -57.36 -9999.00 -9999.00 -9999.00 254.05 1.42 0.00
0.00 25620.96
17.10 -51.66 -9999.00 -9999.00 -9999.00 245.10 11.99 0.00
0.00 27320.19
12.30 -46.46 -9999.00 -9999.00 -9999.00 237.85 32.13 0.00
0.00 29481.38
STN YYMMDD/HHMM PMSL PRES SKTC STC1 SNFL WTNS
P01M C01M STC2 LCLD MCLD HCLD
SNRA UWND VWND R01M BFGR T2MS
Q2MS WXTS WXTP WXTZ WXTR USTM
VSTM HLCY SLLH WSYM CDBP VSBK
TD2M
722080 221026/1200 1011.30 1010.70 15.54 288.70 -9999.00 19.00
-9999.00 -9999.00 288.60 88.00 0.00 0.00
-9999.00 -1.10 0.00 -9999.00 -9999.00 16.04
11.24 0.00 0.00 0.00 0.00 6.10
-0.80 131.30 -9999.00 999.00 -9999.00 20.00
15.73
722080 221026/1300 1011.70 1011.10 18.64 291.80 0.00 19.00
0.00 0.00 291.00 22.00 0.00 0.00
-9999.00 -0.50 0.70 -9999.00 -9999.00 17.84
12.64 0.00 0.00 0.00 0.00 4.90
-0.90 97.90 0.00 999.00 -9999.00 20.00
17.55
722080 221026/1400 1012.20 1011.60 22.64 295.80 0.00 18.00
0.00 0.00 294.80 2.00 0.00 0.00
-9999.00 0.60 3.30 -9999.00 -9999.00 21.84
14.02 0.00 0.00 0.00 0.00 2.90
0.80 75.00 0.03 999.00 -9999.00 20.00
19.18
722080 221026/1500 1012.00 1011.40 24.64 297.80 0.00 16.00
0.00 0.00 296.80 5.00 0.00 0.00
-9999.00 1.10 3.90 -9999.00 -9999.00 23.14
13.77 0.00 0.00 0.00 0.00 2.50
0.90 52.90 0.02 999.00 -9999.00 20.00
18.89
722080 221026/1600 1011.70 1011.10 26.34 299.50 0.00 14.00
0.00 0.00 298.50 27.00 0.00 0.00
-9999.00 0.60 4.30 -9999.00 -9999.00 24.04
13.72 0.00 0.00 0.00 0.00 3.90
0.00 63.70 0.01 999.00 -9999.00 20.00
18.83
722080 221026/1700 1010.80 1010.20 27.74 300.90 0.00 10.00
0.00 0.00 299.70 11.00 0.00 0.00
-9999.00 0.80 4.70 -9999.00 -9999.00 24.74
13.03 0.00 0.00 0.00 0.00 4.10
-0.30 56.60 -0.01 999.00 -9999.00 1.08
18.01
722080 221026/1800 1009.20 1008.60 24.24 297.40 0.00 9.00
0.00 0.00 297.40 100.00 0.00 0.00
-9999.00 1.30 3.80 -9999.00 -9999.00 23.74
12.99 0.00 0.00 0.00 0.00 4.90
-0.80 62.20 -0.04 999.00 885.90 0.05
17.94
722080 221026/1900 1009.70 1009.10 24.84 298.00 0.00 9.00
0.00 0.00 297.80 100.00 0.00 0.00
-9999.00 1.00 3.70 -9999.00 -9999.00 23.44
13.41 0.00 0.00 0.00 0.00 6.60
-1.10 57.50 0.00 999.00 912.10 0.02
18.44
722080 221026/2000 1009.40 1008.80 26.04 299.20 0.00 8.00
0.00 0.00 298.60 52.00 0.00 0.00
-9999.00 0.60 3.60 -9999.00 -9999.00 23.44
14.16 0.00 0.00 0.00 0.00 7.50
-1.70 51.50 0.00 999.00 -9999.00 0.04
19.29
722080 221026/2100 1008.90 1008.30 24.04 297.20 0.00 8.00
0.00 0.00 297.10 100.00 0.00 0.00
-9999.00 1.20 3.10 -9999.00 -9999.00 23.14
14.55 0.00 0.00 0.00 0.00 7.90
-2.60 34.60 -0.01 999.00 934.90 1.35
19.71
722080 221026/2200 1009.90 1009.30 22.54 295.70 0.00 9.00
0.01 0.01 295.70 100.00 0.00 0.00
-9999.00 0.60 1.90 -9999.00 -9999.00 22.34
14.76 0.00 0.00 0.00 0.00 7.50
-4.10 29.20 -0.01 999.00 886.20 0.01
19.95
722080 221026/2300 1011.00 1010.40 20.94 294.10 0.00 10.00
0.00 0.00 294.40 52.00 0.00 0.00
-9999.00 -0.90 1.30 -9999.00 -9999.00 21.14
14.85 0.00 0.00 0.00 0.00 5.60
-5.10 17.00 0.00 999.00 -9999.00 0.37
20.06
722080 221027/0000 1012.30 1011.70 19.54 292.70 0.00 11.00
0.00 0.00 293.00 31.00 0.00 0.00
-9999.00 -0.60 1.40 -9999.00 -9999.00 19.84
14.27 0.00 0.00 0.00 0.00 3.70
-5.90 21.00 0.00 999.00 -9999.00 20.00
19.45
722080 221027/0100 1012.30 1011.70 19.14 292.30 0.00 18.00
0.27 0.27 292.50 92.00 0.00 0.00
-9999.00 0.30 0.70 -9999.00 -9999.00 19.34
13.85 0.00 0.00 0.00 1.00 2.80
-6.20 8.80 0.00 60.00 914.20 0.00
18.99
722080 221027/0200 1012.20 1011.60 19.94 293.10 0.00 23.00
1.04 1.00 293.10 100.00 0.00 0.00
-9999.00 1.10 0.20 -9999.00 -9999.00 19.74
14.20 0.00 0.00 0.00 1.00 1.30
-5.80 7.60 0.00 60.00 959.80 0.00
19.38
722080 221027/0300 1013.40 1012.70 20.04 293.20 0.00 22.00
0.77 0.60 293.20 100.00 0.00 0.00
-9999.00 0.90 0.30 -9999.00 -9999.00 19.84
14.28 0.00 0.00 0.00 1.00 1.10
-6.80 50.30 0.00 60.00 889.40 0.00
19.48
722080 221027/0400 1012.60 1012.00 19.94 293.10 0.00 21.00
0.00 0.00 293.10 100.00 0.00 0.00
-9999.00 1.40 -0.10 -9999.00 -9999.00 19.74
14.19 0.00 0.00 0.00 0.00 4.80
-7.20 62.30 0.00 999.00 859.90 0.07
19.37
722080 221027/0500 1012.30 1011.70 18.74 291.90 0.00 20.00
0.00 0.00 292.20 61.00 0.00 0.00
-9999.00 1.80 -0.60 -9999.00 -9999.00 18.74
12.82 0.00 0.00 0.00 0.00 8.70
-5.00 39.50 0.00 999.00 -9999.00 0.07
17.78
722080 221027/0600 1012.60 1012.00 17.24 290.40 0.00 20.00
0.00 0.00 290.80 11.00 0.00 0.00
-9999.00 0.90 -1.20 -9999.00 -9999.00 17.44
11.94 0.00 0.00 0.00 0.00 7.90
-4.40 36.60 0.00 999.00 -9999.00 0.16
16.68
722080 221027/0700 1012.70 1012.10 16.74 289.90 0.00 20.00
0.00 0.00 290.20 2.00 0.00 0.00
-9999.00 -0.10 -2.10 -9999.00 -9999.00 16.94
11.85 0.00 0.00 0.00 0.00 7.80
-4.00 42.60 0.00 999.00 -9999.00 0.22
16.57
722080 221027/0800 1013.80 1013.20 16.94 290.10 0.00 20.00
0.00 0.00 290.30 18.00 0.00 0.00
-9999.00 -0.60 -2.40 -9999.00 -9999.00 17.14
12.02 0.00 0.00 0.00 0.00 8.20
-3.50 56.70 0.00 999.00 -9999.00 1.13
16.80
722080 221027/0900 1014.20 1013.60 16.94 290.10 0.00 20.00
0.00 0.00 290.30 9.00 0.00 0.00
-9999.00 -0.20 -2.90 -9999.00 -9999.00 17.04
11.97 0.00 0.00 0.00 0.00 8.90
-2.40 106.80 0.00 999.00 -9999.00 4.47
16.75


