
SNPARM = PRES;TMPC;TMWC;DWPC;THTE;DRCT;SKNT;OMEG;CFRL;HGHT 
STNPRM = SHOW;LIFT;SWET;KINX;LCLP;PWAT;TOTL;CAPE;LCLT;CINS;EQLV;LFCT;BRCH 

STID = KGRB STNM = 726450 TIME = 221026/1200 
SLAT = 44.48 SLON = -88.13 SELV = 195.0
STIM = 0

SHOW = 16.74 LIFT = 19.60 SWET = 76.27 KINX = -18.04
LCLP = 933.83 PWAT = 9.99 TOTL = 26.35 CAPE = 0.00
LCLT = 273.84 CINS = 0.00 EQLV = -9999.00 LFCT = -9999.00
BRCH = 0.00

PRES TMPC TMWC DWPC THTE DRCT SKNT OMEG
CFRL HGHT
986.80 5.04 3.45 1.46 291.38 300.96 3.40 0.00
0.00 203.27
983.90 4.94 3.18 0.93 291.12 309.09 8.00 0.00
0.00 227.29
978.40 4.64 2.81 0.41 290.92 311.82 9.91 0.10
0.00 273.01
969.20 4.14 2.23 -0.35 290.70 321.10 14.22 0.10
0.00 349.95
955.40 3.14 1.38 -1.09 290.43 326.66 17.68 0.10
0.00 466.41
937.80 1.64 0.22 -1.86 290.02 331.48 20.34 0.10
0.00 616.70
916.80 -0.06 -0.34 -0.79 291.12 334.75 22.77 0.00
0.00 798.71
893.90 -1.46 -1.49 -1.59 291.38 334.63 24.94 -0.10
91.00 1000.88
869.00 -0.76 -0.79 -0.88 295.40 340.87 25.49 -0.20
100.00 1226.38
841.20 -0.16 -2.85 -7.46 294.58 331.56 21.21 -0.30
5.00 1486.44
810.60 0.14 -4.44 -14.41 295.02 314.66 23.48 -0.20
0.00 1783.07
777.10 -1.16 -5.92 -17.51 296.29 311.87 27.64 -0.10
0.00 2120.18
740.70 -2.66 -7.70 -22.27 297.57 308.54 29.31 0.00
0.00 2501.31
701.50 -4.36 -9.91 -32.72 298.67 299.74 28.19 0.10
0.00 2930.64
659.40 -5.76 -11.15 -34.27 302.32 261.65 21.41 0.00
0.00 3416.42
614.30 -7.36 -11.14 -21.22 309.37 215.67 20.32 -0.10
0.00 3969.51
566.80 -10.56 -13.49 -21.46 312.99 206.57 23.89 -0.10
0.00 4592.30
520.80 -14.56 -17.62 -29.68 313.83 218.60 27.10 -0.30
0.00 5238.29
479.20 -17.56 -20.73 -38.77 316.44 233.75 36.13 -0.50
0.00 5864.94
442.00 -21.96 -23.83 -33.20 319.14 232.84 38.27 -0.60
0.00 6464.45
408.50 -26.96 -27.52 -30.26 320.70 224.41 39.70 -0.50
8.00 7038.43
378.00 -30.76 -31.19 -33.87 322.21 210.26 45.88 -0.30
100.00 7593.53
350.60 -34.16 -34.53 -37.40 324.10 193.44 35.96 -0.20
100.00 8123.84
326.00 -39.56 -39.84 -43.15 322.77 179.59 27.00 -0.10
100.00 8627.12
303.70 -43.56 -43.77 -47.16 323.44 173.87 34.58 -0.10
80.00 9107.52
283.60 -46.06 -46.25 -49.98 326.08 166.25 46.60 -0.10
60.00 9565.24
265.50 -47.56 -47.87 -56.37 329.81 153.71 54.39 -0.10
0.00 10002.21
248.70 -49.06 -49.30 -55.81 333.84 156.29 54.10 -0.10
0.00 10432.44
233.50 -50.46 -50.76 -61.80 337.62 185.05 41.92 0.00
0.00 10844.83
219.60 -49.06 -49.53 -72.27 345.61 206.57 37.35 0.20
0.00 11246.16
205.70 -48.06 -48.62 -72.71 353.70 217.96 34.73 0.20
0.00 11676.04
191.70 -49.66 -50.16 -73.19 358.33 211.44 35.74 0.10
0.00 12138.81
177.70 -51.26 -9999.00 -9999.00 -9999.00 202.43 39.72 0.10
0.00 12633.13
163.80 -52.86 -9999.00 -9999.00 -9999.00 201.29 44.41 0.00
0.00 13160.25
149.80 -54.36 -9999.00 -9999.00 -9999.00 200.30 45.36 0.00
0.00 13734.40
135.90 -55.86 -9999.00 -9999.00 -9999.00 198.28 45.82 0.00
0.00 14355.93
121.90 -57.16 -9999.00 -9999.00 -9999.00 198.36 45.65 0.00
0.00 15045.35
108.00 -59.06 -9999.00 -9999.00 -9999.00 200.03 41.98 0.00
0.00 15807.42
94.00 -60.86 -9999.00 -9999.00 -9999.00 199.13 40.31 0.00
0.00 16673.82
81.00 -60.76 -9999.00 -9999.00 -9999.00 202.14 37.12 0.00
0.00 17598.96
70.60 -60.16 -9999.00 -9999.00 -9999.00 199.68 31.16 0.00
0.00 18454.50
62.20 -60.36 -9999.00 -9999.00 -9999.00 193.64 27.18 0.00
0.00 19243.89
54.30 -60.86 -9999.00 -9999.00 -9999.00 192.78 23.70 0.00
0.00 20088.93
46.90 -60.56 -9999.00 -9999.00 -9999.00 192.18 17.48 0.00
0.00 20999.97
40.10 -61.16 -9999.00 -9999.00 -9999.00 214.85 13.25 0.00
0.00 21973.35
33.80 -61.76 -9999.00 -9999.00 -9999.00 243.85 11.91 0.00
0.00 23032.42
27.80 -61.06 -9999.00 -9999.00 -9999.00 251.57 7.36 0.00
0.00 24243.65
22.30 -58.46 -9999.00 -9999.00 -9999.00 304.82 5.44 0.00
0.00 25620.62
17.10 -55.76 -9999.00 -9999.00 -9999.00 329.93 8.53 0.00
0.00 27299.64
12.30 -54.66 -9999.00 -9999.00 -9999.00 293.68 12.08 0.00
0.00 29401.53

STID = KGRB STNM = 726450 TIME = 221026/1300 
SLAT = 44.48 SLON = -88.13 SELV = 195.0
STIM = 1

SHOW = 17.77 LIFT = 20.31 SWET = 85.49 KINX = -18.94
LCLP = 928.31 PWAT = 9.04 TOTL = 25.05 CAPE = 0.00
LCLT = 273.39 CINS = 0.00 EQLV = -9999.00 LFCT = -9999.00
BRCH = 0.00

PRES TMPC TMWC DWPC THTE DRCT SKNT OMEG
CFRL HGHT
987.80 5.14 3.37 1.11 291.10 304.51 7.54 0.00
0.00 204.09
984.80 4.94 3.11 0.74 290.88 306.30 11.81 0.10
0.00 228.92
979.50 4.64 2.79 0.36 290.77 307.18 14.14 0.10
0.00 272.93
970.10 3.94 2.15 -0.26 290.47 310.46 17.37 0.10
0.00 351.43
956.40 2.94 1.33 -0.93 290.24 314.22 20.05 0.10
0.00 466.85
938.80 1.54 0.30 -1.51 290.07 318.91 22.16 0.10
0.00 616.91
917.70 -0.16 -0.84 -1.89 290.10 325.19 24.84 0.00
0.00 799.52
894.80 -1.66 -2.00 -2.57 290.35 328.04 26.79 0.00
66.00 1001.34
869.80 -2.36 -2.38 -2.47 292.32 335.59 27.74 -0.20
100.00 1226.73
842.00 -1.26 -2.95 -5.71 294.34 334.08 23.12 -0.20
6.00 1485.25
811.40 -0.26 -4.34 -12.77 295.15 318.99 23.68 -0.10
0.00 1780.83
777.80 -1.26 -5.85 -16.76 296.35 313.35 28.57 0.00
0.00 2118.35
741.40 -2.76 -7.75 -22.13 297.41 308.10 30.85 0.10
0.00 2499.01
702.10 -4.76 -10.17 -32.71 298.15 302.89 30.77 0.10
0.00 2928.64
659.90 -7.36 -12.55 -42.35 299.83 285.69 24.42 0.10
0.00 3413.34
614.80 -8.56 -12.86 -28.43 306.13 229.73 21.64 0.00
0.00 3962.98
567.20 -11.36 -14.79 -26.46 310.55 218.66 24.88 -0.10
0.00 4584.06
521.00 -14.56 -17.96 -33.42 313.15 233.97 31.70 -0.20
0.00 5231.38
479.40 -16.86 -20.17 -38.10 317.34 234.90 41.55 -0.30
0.00 5858.60
442.10 -21.46 -23.89 -38.89 318.94 231.18 44.62 -0.20
0.00 6460.91
408.60 -26.76 -28.25 -38.72 319.44 229.90 43.43 -0.10
71.00 7035.45
378.10 -31.26 -32.06 -38.10 320.81 221.00 45.30 0.00
72.00 7589.96
350.70 -35.36 -35.79 -39.63 322.12 207.33 45.71 0.10
81.00 8118.21
326.00 -39.26 -39.57 -43.15 323.19 189.74 39.02 0.10
87.00 8622.48
303.70 -43.96 -44.17 -47.67 322.84 183.50 38.15 0.10
14.00 9102.78
283.60 -47.06 -47.27 -52.06 324.53 187.19 43.47 0.00
0.00 9559.10
265.60 -47.36 -47.68 -56.36 330.07 190.74 38.56 0.10
0.00 9992.79
248.70 -48.56 -48.90 -59.58 334.46 196.13 33.57 0.10
0.00 10426.17
233.50 -47.76 -48.20 -61.80 341.71 212.64 41.06 0.10
0.00 10841.51
219.60 -48.16 -48.65 -67.41 347.05 218.52 37.74 0.10
0.00 11246.08
205.70 -48.46 -48.99 -72.71 353.07 214.21 35.94 0.20
0.00 11676.43
191.70 -49.86 -50.35 -73.19 358.01 207.67 35.98 0.20
0.00 12138.58
177.70 -51.46 -9999.00 -9999.00 -9999.00 201.70 38.89 0.10
0.00 12632.47
163.80 -53.16 -9999.00 -9999.00 -9999.00 201.75 42.46 0.10
0.00 13158.99
149.80 -54.56 -9999.00 -9999.00 -9999.00 202.22 44.70 0.10
0.00 13732.49
135.90 -55.76 -9999.00 -9999.00 -9999.00 199.79 44.17 0.00
0.00 14353.87
121.90 -57.36 -9999.00 -9999.00 -9999.00 200.62 43.59 0.00
0.00 15043.13
108.00 -59.16 -9999.00 -9999.00 -9999.00 204.47 40.33 0.00
0.00 15804.67
94.00 -60.96 -9999.00 -9999.00 -9999.00 199.29 37.04 0.00
0.00 16670.66
81.00 -60.76 -9999.00 -9999.00 -9999.00 199.24 34.77 0.00
0.00 17595.59
70.60 -59.36 -9999.00 -9999.00 -9999.00 194.59 29.31 0.00
0.00 18452.73
62.20 -59.46 -9999.00 -9999.00 -9999.00 195.22 27.37 0.00
0.00 19245.27
54.30 -59.86 -9999.00 -9999.00 -9999.00 205.41 25.80 0.00
0.00 20094.10
46.90 -59.56 -9999.00 -9999.00 -9999.00 215.29 21.17 0.00
0.00 21009.43
40.10 -60.06 -9999.00 -9999.00 -9999.00 232.00 15.77 0.00
0.00 21987.61
33.80 -60.46 -9999.00 -9999.00 -9999.00 250.94 11.31 0.00
0.00 23052.69
27.80 -59.76 -9999.00 -9999.00 -9999.00 253.07 4.66 0.00
0.00 24271.35
22.30 -58.26 -9999.00 -9999.00 -9999.00 360.00 2.14 0.00
0.00 25653.17
17.10 -55.86 -9999.00 -9999.00 -9999.00 11.31 2.97 0.00
0.00 27332.57
12.30 -54.36 -9999.00 -9999.00 -9999.00 248.20 6.27 0.00
0.00 29435.42

STID = KGRB STNM = 726450 TIME = 221026/1400 
SLAT = 44.48 SLON = -88.13 SELV = 195.0
STIM = 2

SHOW = 17.39 LIFT = 19.89 SWET = 85.10 KINX = -21.95
LCLP = 920.23 PWAT = 7.76 TOTL = 25.67 CAPE = 0.30
LCLT = 272.85 CINS = -1.04 EQLV = 886.08 LFCT = 900.69
BRCH = 0.02

PRES TMPC TMWC DWPC THTE DRCT SKNT OMEG
CFRL HGHT
988.60 5.34 3.31 0.69 290.90 309.47 8.55 0.00
0.00 204.09
985.70 5.04 2.99 0.31 290.56 310.50 12.26 0.10
0.00 228.08
980.30 4.64 2.66 0.02 290.43 311.70 14.32 0.10
0.00 272.89
971.00 3.84 2.06 -0.36 290.20 314.06 16.76 0.10
0.00 350.47
957.20 2.74 1.25 -0.84 290.02 317.45 19.25 0.10
0.00 466.56
939.60 1.34 0.25 -1.35 289.89 321.34 21.15 0.10
0.00 616.39
918.50 -0.36 -0.94 -1.84 289.84 325.64 23.06 0.20
0.00 798.72
895.50 -2.26 -2.31 -2.45 289.72 331.85 25.12 0.20
52.00 1000.95
870.60 -3.36 -3.37 -3.44 290.45 335.99 25.31 0.10
100.00 1224.57
842.70 -0.76 -2.87 -6.38 294.39 331.21 20.16 0.00
3.00 1483.52
812.00 0.14 -4.20 -13.26 295.32 316.32 23.91 0.00
0.00 1780.31
778.40 -1.06 -5.99 -18.37 295.99 310.32 30.32 -0.10
0.00 2117.92
741.90 -2.66 -8.08 -25.86 296.68 303.88 32.05 -0.10
0.00 2499.51
702.60 -4.86 -10.38 -35.73 297.68 298.92 31.74 0.00
0.00 2928.80
660.30 -8.06 -13.11 -45.46 298.84 291.57 26.94 0.10
0.00 3413.58
615.10 -10.86 -15.19 -40.11 302.06 259.84 20.92 0.20
0.00 3960.95
567.40 -12.66 -16.56 -36.43 307.37 235.94 25.33 0.00
0.00 4578.65
521.20 -15.96 -19.48 -42.20 310.51 248.37 35.31 -0.40
0.00 5222.23
479.60 -16.76 -20.30 -42.47 317.02 239.08 49.15 -0.70
0.00 5847.55
442.30 -21.46 -24.15 -44.26 318.42 229.90 48.25 -0.60
0.00 6449.67
408.70 -26.56 -28.57 -49.73 318.83 224.32 46.15 -0.30
20.00 7025.89
378.20 -31.06 -32.56 -53.45 319.91 218.66 44.77 0.00
22.00 7580.63
350.70 -35.36 -36.33 -50.23 321.23 213.12 43.38 0.20
30.00 8110.87
326.00 -39.66 -40.33 -52.58 322.00 211.01 40.35 0.20
41.00 8614.65
303.70 -43.66 -44.06 -52.28 322.99 209.28 38.52 0.10
0.00 9094.81
283.60 -46.86 -47.18 -55.83 324.66 218.19 37.08 0.00
0.00 9551.61
265.60 -48.86 -49.16 -59.06 327.80 223.15 38.34 0.00
0.00 9984.05
248.70 -48.86 -49.18 -59.58 334.01 218.82 43.38 0.10
0.00 10415.69
233.50 -47.56 -48.06 -66.97 341.92 216.19 45.73 0.10
0.00 10830.94
219.60 -46.66 -9999.00 -9999.00 -9999.00 218.30 43.57 0.00
0.00 11237.03
205.70 -47.56 -48.15 -72.71 354.49 215.84 38.81 0.00
0.00 11669.67
191.70 -49.36 -49.88 -73.19 358.81 210.07 34.11 0.00
0.00 12133.27
177.70 -51.56 -9999.00 -9999.00 -9999.00 205.07 36.67 0.00
0.00 12627.60
163.80 -53.16 -9999.00 -9999.00 -9999.00 205.99 43.01 0.10
0.00 13154.00
149.80 -54.66 -9999.00 -9999.00 -9999.00 208.52 48.41 0.10
0.00 13727.37
135.90 -55.76 -9999.00 -9999.00 -9999.00 207.70 48.06 0.00
0.00 14348.60
121.90 -57.16 -9999.00 -9999.00 -9999.00 203.37 42.11 -0.10
0.00 15038.18
108.00 -59.76 -9999.00 -9999.00 -9999.00 201.60 40.11 -0.10
0.00 15799.02
94.00 -61.16 -9999.00 -9999.00 -9999.00 198.14 35.57 0.00
0.00 16663.38
81.00 -61.16 -9999.00 -9999.00 -9999.00 193.81 35.80 0.00
0.00 17587.00
70.60 -58.46 -9999.00 -9999.00 -9999.00 194.85 33.35 0.10
0.00 18445.15
62.20 -58.56 -9999.00 -9999.00 -9999.00 195.39 30.01 0.10
0.00 19241.03
54.30 -59.06 -9999.00 -9999.00 -9999.00 208.22 27.12 0.10
0.00 20093.24
46.90 -58.66 -9999.00 -9999.00 -9999.00 211.89 20.59 0.00
0.00 21012.21
40.10 -58.96 -9999.00 -9999.00 -9999.00 216.87 11.65 0.00
0.00 21994.98
33.80 -59.86 -9999.00 -9999.00 -9999.00 233.97 5.28 0.00
0.00 23064.31
27.80 -59.36 -9999.00 -9999.00 -9999.00 278.75 2.56 0.00
0.00 24285.84
22.30 -57.86 -9999.00 -9999.00 -9999.00 4.40 5.07 0.00
0.00 25670.23
17.10 -55.16 -9999.00 -9999.00 -9999.00 33.69 2.80 0.00
0.00 27353.91
12.30 -53.66 -9999.00 -9999.00 -9999.00 222.40 6.04 0.00
0.00 29463.51

STID = KGRB STNM = 726450 TIME = 221026/1500 
SLAT = 44.48 SLON = -88.13 SELV = 195.0
STIM = 3

SHOW = 18.20 LIFT = 19.71 SWET = 81.01 KINX = -24.72
LCLP = 916.97 PWAT = 7.09 TOTL = 23.57 CAPE = 1.75
LCLT = 272.62 CINS = -0.10 EQLV = 871.57 LFCT = 906.89
BRCH = 0.06

PRES TMPC TMWC DWPC THTE DRCT SKNT OMEG
CFRL HGHT
990.40 5.54 3.36 0.54 290.82 321.91 9.13 0.00
0.00 204.08
987.50 5.24 3.03 0.12 290.45 322.77 12.20 0.00
0.00 228.04
982.10 4.74 2.64 -0.17 290.22 323.45 14.02 0.00
0.00 272.79
972.70 3.94 2.09 -0.44 290.08 324.29 15.31 0.00
0.00 351.09
959.00 2.74 1.27 -0.78 289.89 325.01 16.59 0.10
0.00 466.16
941.30 1.24 0.27 -1.14 289.77 326.31 17.50 0.10
0.00 616.53
920.10 -0.46 -0.90 -1.60 289.74 327.48 18.43 0.00
0.00 799.34
897.10 -2.36 -2.38 -2.46 289.43 329.91 19.76 0.00
100.00 1001.14
872.10 -3.66 -4.18 -5.12 288.87 330.05 20.63 0.00
54.00 1225.08
844.20 -0.76 -3.71 -9.27 292.64 331.19 17.74 -0.10
1.00 1483.36
813.40 0.24 -4.24 -13.76 295.07 319.13 22.86 -0.10
0.00 1780.59
779.70 -0.66 -6.10 -21.05 295.56 309.15 28.30 0.00
0.00 2118.91
743.10 -2.26 -8.18 -30.73 296.25 301.68 29.22 0.30
0.00 2501.42
703.60 -4.96 -10.48 -36.52 297.38 296.08 30.92 0.50
0.00 2932.45
661.20 -8.76 -13.49 -41.07 298.15 288.43 29.49 0.60
0.00 3416.98
615.90 -12.66 -16.68 -47.04 299.52 271.36 24.48 0.40
0.00 3962.22
568.10 -14.76 -18.43 -45.17 304.15 248.88 30.19 0.10
0.00 4575.77
521.70 -16.26 -19.87 -48.52 309.73 247.73 39.47 -0.20
0.00 5218.38
480.00 -17.06 -20.58 -44.07 316.47 235.06 49.51 -0.20
0.00 5843.88
442.50 -21.76 -24.40 -44.82 317.96 221.30 46.79 -0.10
0.00 6448.12
408.90 -26.36 -28.36 -48.12 319.12 219.35 50.23 0.10
0.00 7023.96
378.30 -31.26 -32.71 -52.32 319.66 224.86 54.80 0.30
0.00 7580.31
350.80 -36.16 -37.16 -55.35 319.93 228.43 59.71 0.30
0.00 8109.29
326.10 -40.46 -41.18 -59.21 320.67 227.71 58.02 0.10
0.00 8611.20
303.80 -44.36 -44.86 -59.76 321.74 223.96 53.17 0.00
0.00 9089.63
283.70 -47.26 -47.63 -60.30 323.93 220.35 47.40 0.00
0.00 9545.16
265.60 -48.76 -49.09 -60.81 327.90 215.74 45.22 0.00
0.00 9979.64
248.80 -48.06 -48.47 -63.51 335.08 212.28 48.02 0.10
0.00 10409.49
233.50 -47.66 -48.18 -71.85 341.73 212.86 48.33 0.10
0.00 10828.04
219.60 -48.16 -48.68 -72.27 347.00 210.24 47.44 0.10
0.00 11232.69
205.70 -48.16 -48.71 -72.71 353.54 209.38 45.92 0.20
0.00 11663.33
191.70 -48.26 -9999.00 -9999.00 -9999.00 210.43 42.58 0.20
0.00 12127.44
177.70 -49.96 -9999.00 -9999.00 -9999.00 208.84 39.47 0.10
0.00 12624.76
163.80 -52.66 -9999.00 -9999.00 -9999.00 204.35 40.52 0.10
0.00 13153.66
149.80 -55.26 -9999.00 -9999.00 -9999.00 205.42 47.96 0.10
0.00 13726.90
135.90 -56.76 -9999.00 -9999.00 -9999.00 206.66 54.56 0.10
0.00 14345.86
121.90 -57.16 -9999.00 -9999.00 -9999.00 206.45 44.48 0.00
0.00 15033.85
108.00 -59.56 -9999.00 -9999.00 -9999.00 198.02 42.07 0.00
0.00 15795.04
94.00 -60.06 -9999.00 -9999.00 -9999.00 199.89 38.83 0.00
0.00 16662.04
81.00 -59.96 -9999.00 -9999.00 -9999.00 190.71 36.58 0.00
0.00 17590.67
70.60 -57.96 -9999.00 -9999.00 -9999.00 201.91 37.47 0.00
0.00 18452.24
62.20 -56.96 -9999.00 -9999.00 -9999.00 206.40 30.15 0.00
0.00 19252.01
54.30 -58.36 -9999.00 -9999.00 -9999.00 210.47 22.98 0.00
0.00 20108.79
46.90 -58.66 -9999.00 -9999.00 -9999.00 208.30 17.21 0.00
0.00 21029.26
40.10 -59.26 -9999.00 -9999.00 -9999.00 194.04 9.62 0.00
0.00 22011.35
33.80 -60.66 -9999.00 -9999.00 -9999.00 194.04 4.80 0.00
0.00 23077.93
27.80 -59.26 -9999.00 -9999.00 -9999.00 225.00 0.82 0.00
0.00 24297.45
22.30 -57.16 -9999.00 -9999.00 -9999.00 67.01 6.95 0.00
0.00 25684.43
17.10 -55.06 -9999.00 -9999.00 -9999.00 113.96 3.83 0.00
0.00 27371.22
12.30 -53.56 -9999.00 -9999.00 -9999.00 243.43 11.73 0.00
0.00 29481.78

STID = KGRB STNM = 726450 TIME = 221026/1600 
SLAT = 44.48 SLON = -88.13 SELV = 195.0
STIM = 4

SHOW = 17.63 LIFT = 18.62 SWET = 82.98 KINX = -21.72
LCLP = 912.14 PWAT = 7.06 TOTL = 25.21 CAPE = 3.01
LCLT = 272.35 CINS = 0.00 EQLV = 869.74 LFCT = 904.64
BRCH = 0.11

PRES TMPC TMWC DWPC THTE DRCT SKNT OMEG
CFRL HGHT
991.10 5.74 3.39 0.35 290.81 316.51 10.45 0.00
0.00 204.08
988.10 5.34 2.99 -0.12 290.32 317.83 13.89 0.00
0.00 228.87
982.70 4.74 2.55 -0.41 289.99 317.96 15.95 0.10
0.00 273.59
973.30 3.94 1.99 -0.69 289.84 318.69 17.07 0.10
0.00 351.84
959.60 2.84 1.24 -1.03 289.75 318.99 17.75 0.10
0.00 466.85
941.90 1.34 0.22 -1.43 289.60 319.27 18.45 0.10
0.00 617.18
920.70 -0.46 -1.07 -2.03 289.37 319.97 19.02 0.10
14.00 799.89
897.60 -2.36 -2.48 -2.72 289.20 320.63 19.60 0.10
68.00 1002.44
872.70 -4.06 -4.08 -4.17 288.98 320.55 19.87 0.10
100.00 1225.18
844.70 -1.76 -4.37 -9.43 291.43 325.99 19.44 0.00
6.00 1483.57
813.80 -0.56 -4.73 -13.75 294.17 316.97 23.91 0.00
0.00 1780.61
780.10 -1.06 -6.37 -21.17 295.05 309.32 26.36 0.10
0.00 2118.02
743.50 -3.06 -8.58 -28.79 295.59 303.69 25.21 0.20
0.00 2499.49
703.90 -5.86 -11.00 -34.61 296.51 296.22 28.57 0.40
0.00 2930.06
661.50 -9.36 -13.91 -41.06 297.43 286.14 32.15 0.40
0.00 3413.02
616.10 -13.46 -17.24 -45.22 298.64 269.65 31.66 0.30
0.00 3957.80
568.30 -15.96 -19.40 -47.76 302.60 250.85 29.60 0.20
0.00 4568.78
521.90 -17.66 -21.01 -53.57 307.86 247.71 38.42 0.20
0.00 5207.90
480.10 -18.16 -21.54 -49.25 314.83 236.99 49.57 0.30
0.00 5831.64
442.60 -22.36 -25.02 -49.96 316.92 234.34 54.99 0.30
0.00 6433.70
408.90 -26.96 -28.99 -54.08 318.11 227.46 60.90 0.10
0.00 7009.76
378.40 -31.76 -33.15 -52.31 318.97 223.63 63.07 -0.10
0.00 7562.97
350.90 -36.36 -37.18 -48.77 319.90 224.88 66.61 -0.20
0.00 8091.04
326.10 -40.96 -41.43 -49.41 320.33 225.00 69.23 -0.10
0.00 8594.18
303.80 -44.86 -45.23 -54.16 321.19 226.93 69.41 -0.10
0.00 9071.60
283.70 -46.16 -46.61 -62.52 325.47 229.11 59.36 -0.10
0.00 9527.73
265.60 -47.86 -48.25 -63.02 329.17 217.25 46.85 -0.20
0.00 9964.13
248.80 -48.56 -48.95 -63.51 334.34 211.00 49.40 -0.10
0.00 10394.37
233.50 -47.16 -47.70 -71.85 342.48 213.36 55.81 0.00
0.00 10812.92
219.60 -47.06 -47.65 -72.27 348.70 214.85 56.10 0.10
0.00 11219.00
205.60 -47.06 -47.68 -72.72 355.32 214.60 50.97 0.10
0.00 11654.97
191.70 -47.86 -9999.00 -9999.00 -9999.00 213.95 47.30 0.00
0.00 12117.41
177.70 -49.66 -9999.00 -9999.00 -9999.00 215.05 45.32 0.00
0.00 12615.51
163.80 -52.16 -9999.00 -9999.00 -9999.00 213.40 43.05 0.00
0.00 13145.37
149.80 -55.96 -9999.00 -9999.00 -9999.00 205.75 48.74 0.10
0.00 13718.35
135.90 -57.86 -9999.00 -9999.00 -9999.00 207.21 62.02 0.10
0.00 14334.74
121.90 -56.86 -9999.00 -9999.00 -9999.00 213.14 50.82 0.10
0.00 15021.46
108.00 -59.06 -9999.00 -9999.00 -9999.00 192.09 38.93 0.10
0.00 15784.06
94.00 -59.96 -9999.00 -9999.00 -9999.00 202.28 43.03 0.10
0.00 16652.28
81.00 -57.76 -9999.00 -9999.00 -9999.00 199.87 34.29 0.10
0.00 17585.93
70.60 -58.16 -9999.00 -9999.00 -9999.00 194.11 35.04 0.10
0.00 18451.52
62.20 -56.66 -9999.00 -9999.00 -9999.00 205.38 29.45 0.00
0.00 19251.47
54.30 -58.26 -9999.00 -9999.00 -9999.00 195.95 21.21 0.00
0.00 20109.05
46.90 -60.56 -9999.00 -9999.00 -9999.00 186.20 17.97 0.00
0.00 21025.66
40.10 -60.76 -9999.00 -9999.00 -9999.00 191.45 15.66 0.00
0.00 21999.95
33.80 -61.06 -9999.00 -9999.00 -9999.00 203.50 9.75 0.00
0.00 23061.77
27.80 -58.76 -9999.00 -9999.00 -9999.00 240.95 4.00 0.00
0.00 24281.58
22.30 -57.26 -9999.00 -9999.00 -9999.00 93.95 5.65 0.00
0.00 25669.85
17.10 -55.86 -9999.00 -9999.00 -9999.00 145.01 4.74 0.00
0.00 27353.14
12.30 -54.26 -9999.00 -9999.00 -9999.00 260.73 9.63 0.00
0.00 29456.47

STID = KGRB STNM = 726450 TIME = 221026/1700 
SLAT = 44.48 SLON = -88.13 SELV = 195.0
STIM = 5

SHOW = 15.35 LIFT = 16.32 SWET = 85.25 KINX = -20.40
LCLP = 902.52 PWAT = 6.64 TOTL = 29.52 CAPE = 1.67
LCLT = 271.82 CINS = 0.00 EQLV = 869.98 LFCT = 896.50
BRCH = 0.07

PRES TMPC TMWC DWPC THTE DRCT SKNT OMEG
CFRL HGHT
989.90 5.94 3.34 -0.06 290.83 312.77 10.59 0.00
0.00 204.09
986.90 5.44 2.89 -0.53 290.24 313.88 14.01 0.10
0.00 228.93
981.50 4.94 2.50 -0.83 290.00 314.50 15.79 0.10
0.00 273.73
972.10 4.14 1.95 -1.11 289.86 314.53 16.90 0.10
0.00 352.12
958.40 2.94 1.14 -1.42 289.69 314.55 17.44 0.10
0.00 467.33
940.70 1.44 0.15 -1.74 289.61 315.44 17.99 0.10
0.00 617.90
919.60 -0.36 -1.07 -2.16 289.49 315.43 18.26 0.10
0.00 800.03
896.60 -2.26 -2.38 -2.62 289.48 315.84 18.69 0.10
47.00 1002.01
871.60 -3.96 -4.00 -4.11 289.24 316.27 18.55 0.10
100.00 1226.00
843.70 -1.36 -4.35 -10.27 291.56 319.99 20.55 0.10
7.00 1484.00
812.90 0.14 -4.94 -17.36 293.78 314.67 23.76 0.10
0.00 1780.98
779.30 -1.46 -6.84 -22.93 294.30 315.33 24.03 0.30
0.00 2117.87
742.70 -4.06 -9.18 -27.94 294.71 309.60 27.74 0.40
0.00 2498.75
703.30 -6.36 -11.40 -35.72 295.93 294.44 32.87 0.30
0.00 2926.36
660.90 -9.26 -13.92 -43.78 297.48 283.87 33.22 0.20
0.00 3409.37
615.60 -13.26 -17.16 -49.27 298.80 276.13 29.12 0.30
0.00 3953.72
567.90 -16.76 -20.07 -51.31 301.61 264.56 28.69 0.40
0.00 4563.16
521.50 -19.36 -22.36 -55.43 305.84 255.41 39.34 0.50
0.00 5199.62
479.80 -20.96 -23.78 -52.74 311.31 243.63 51.17 0.40
0.00 5816.80
442.40 -23.76 -26.23 -54.94 315.04 240.07 59.17 0.30
0.00 6412.58
408.80 -27.36 -29.34 -55.59 317.58 235.56 65.95 0.30
0.00 6985.05
378.30 -31.96 -33.36 -54.73 318.65 228.17 71.95 0.30
0.00 7537.71
350.80 -36.26 -37.23 -54.07 319.83 223.75 75.29 0.30
0.00 8065.80
326.10 -40.76 -41.39 -54.68 320.37 224.16 75.00 0.20
0.00 8567.29
303.70 -44.36 -44.83 -58.00 321.81 226.31 71.99 0.10
0.00 9047.64
283.60 -46.06 -46.52 -62.52 325.64 228.85 65.52 0.00
0.00 9504.53
265.60 -46.46 -46.95 -66.03 331.18 226.67 56.62 0.00
0.00 9940.03
248.70 -47.06 -47.58 -71.42 336.52 217.18 49.49 -0.10
0.00 10375.71
233.50 -48.46 -48.93 -71.85 340.51 211.53 50.14 -0.20
0.00 10791.78
219.60 -49.66 -50.10 -72.27 344.69 212.36 53.36 -0.10
0.00 11194.37
205.60 -49.66 -50.13 -72.72 351.24 212.83 57.32 0.10
0.00 11625.31
191.70 -48.76 -9999.00 -9999.00 -9999.00 214.56 60.63 0.20
0.00 12084.17
177.70 -48.86 -9999.00 -9999.00 -9999.00 219.05 58.28 0.20
0.00 12582.16
163.80 -50.36 -9999.00 -9999.00 -9999.00 216.87 47.59 0.10
0.00 13115.12
149.80 -54.56 -9999.00 -9999.00 -9999.00 193.92 48.43 0.00
0.00 13692.28
135.90 -58.66 -9999.00 -9999.00 -9999.00 202.57 56.18 0.00
0.00 14309.53
121.90 -58.66 -9999.00 -9999.00 -9999.00 214.08 55.11 0.10
0.00 14992.11
108.00 -56.86 -9999.00 -9999.00 -9999.00 209.17 36.27 0.00
0.00 15755.42
94.00 -59.86 -9999.00 -9999.00 -9999.00 192.31 39.16 0.00
0.00 16628.32
81.00 -58.16 -9999.00 -9999.00 -9999.00 204.80 36.60 0.00
0.00 17561.31
70.60 -57.76 -9999.00 -9999.00 -9999.00 188.72 34.60 0.00
0.00 18426.90
62.20 -57.96 -9999.00 -9999.00 -9999.00 200.46 27.78 0.00
0.00 19225.18
54.30 -58.56 -9999.00 -9999.00 -9999.00 193.32 22.77 0.00
0.00 20079.58
46.90 -59.96 -9999.00 -9999.00 -9999.00 192.41 19.89 0.00
0.00 20996.84
40.10 -59.66 -9999.00 -9999.00 -9999.00 204.39 18.34 0.00
0.00 21975.02
33.80 -59.06 -9999.00 -9999.00 -9999.00 200.56 8.29 0.00
0.00 23044.60
27.80 -59.36 -9999.00 -9999.00 -9999.00 174.81 2.14 0.00
0.00 24268.41
22.30 -59.16 -9999.00 -9999.00 -9999.00 141.95 5.67 0.00
0.00 25648.62
17.10 -55.76 -9999.00 -9999.00 -9999.00 195.42 5.85 0.00
0.00 27324.91
12.30 -53.76 -9999.00 -9999.00 -9999.00 270.00 4.66 0.00
0.00 29431.14

STID = KGRB STNM = 726450 TIME = 221026/1800 
SLAT = 44.48 SLON = -88.13 SELV = 195.0
STIM = 6

SHOW = 13.89 LIFT = 14.64 SWET = 87.82 KINX = -18.93
LCLP = 898.91 PWAT = 6.66 TOTL = 31.89 CAPE = 2.44
LCLT = 271.77 CINS = 0.00 EQLV = 869.96 LFCT = 893.32
BRCH = 0.10

PRES TMPC TMWC DWPC THTE DRCT SKNT OMEG
CFRL HGHT
990.30 6.24 3.51 -0.05 291.11 305.42 10.72 0.00
0.00 204.93
987.40 5.74 3.06 -0.53 290.50 306.55 14.02 0.10
0.00 228.95
982.00 5.24 2.67 -0.82 290.28 306.44 15.70 0.10
0.00 273.77
972.60 4.44 2.13 -1.07 290.16 306.47 16.67 0.10
0.00 352.21
958.80 3.24 1.33 -1.37 290.01 306.36 17.37 0.10
0.00 468.33
941.20 1.74 0.34 -1.70 289.90 306.62 17.91 0.10
0.00 618.14
920.00 -0.06 -0.86 -2.08 289.83 306.75 18.18 0.10
0.00 801.25
897.00 -2.06 -2.21 -2.50 289.74 306.87 18.45 0.10
47.00 1003.33
872.00 -3.86 -3.87 -3.94 289.42 306.87 18.45 0.10
100.00 1227.35
844.10 -0.86 -4.33 -11.47 291.52 307.73 20.63 0.10
7.00 1485.51
813.30 0.64 -4.85 -18.80 293.86 310.71 22.05 0.20
0.00 1782.86
779.60 -2.26 -7.05 -20.44 293.98 312.36 26.81 0.20
0.00 2120.42
743.00 -4.06 -9.06 -26.57 294.89 302.77 33.72 0.20
0.00 2500.62
703.50 -6.16 -11.23 -34.97 296.20 292.57 34.93 0.10
0.00 2929.34
661.10 -9.36 -13.97 -43.03 297.38 281.64 32.73 0.20
0.00 3412.30
615.80 -13.36 -17.24 -49.27 298.66 280.64 29.45 0.30
0.00 3956.27
568.00 -17.66 -20.75 -49.98 300.57 275.23 31.99 0.40
0.00 4565.66
521.70 -20.66 -23.37 -53.57 304.27 259.15 42.33 0.40
0.00 5197.84
479.90 -22.56 -25.06 -52.74 309.32 247.57 52.95 0.50
0.00 5812.77
442.50 -24.66 -26.98 -56.77 313.84 242.87 61.77 0.60
0.00 6405.45
408.80 -28.36 -30.18 -55.59 316.28 239.23 67.60 0.60
0.00 6977.35
378.30 -32.96 -34.26 -56.23 317.29 235.40 71.50 0.60
0.00 7527.74
350.80 -37.06 -38.04 -60.89 318.59 232.56 74.13 0.40
0.00 8053.84
326.10 -41.06 -41.74 -59.21 319.84 231.22 73.50 0.30
0.00 8554.14
303.70 -43.86 -44.39 -59.77 322.47 231.46 72.03 0.30
0.00 9034.69
283.70 -45.76 -46.26 -65.55 326.00 230.26 67.44 0.20
0.00 9490.03
265.60 -46.66 -47.14 -66.03 330.88 227.71 63.81 0.20
0.00 9927.97
248.70 -47.26 -47.77 -71.42 336.22 227.32 61.03 0.10
0.00 10363.26
233.50 -47.56 -48.08 -71.85 341.88 225.83 56.60 0.10
0.00 10779.98
219.60 -48.56 -49.06 -72.27 346.38 220.19 52.39 0.00
0.00 11184.36
205.60 -49.06 -49.56 -72.72 352.18 213.81 52.37 0.00
0.00 11616.95
191.70 -49.16 -49.69 -73.19 359.13 211.20 56.99 0.10
0.00 12076.01
177.70 -49.56 -9999.00 -9999.00 -9999.00 214.99 59.29 0.10
0.00 12572.78
163.80 -50.86 -9999.00 -9999.00 -9999.00 217.68 54.97 0.10
0.00 13104.31
149.80 -53.36 -9999.00 -9999.00 -9999.00 211.00 47.14 0.00
0.00 13682.38
135.90 -57.46 -9999.00 -9999.00 -9999.00 203.64 52.80 0.00
0.00 14303.05
121.90 -58.96 -9999.00 -9999.00 -9999.00 213.08 55.87 0.00
0.00 14987.06
108.00 -57.16 -9999.00 -9999.00 -9999.00 214.73 41.59 0.00
0.00 15749.32
94.00 -58.66 -9999.00 -9999.00 -9999.00 190.47 36.34 0.00
0.00 16624.04
81.00 -59.06 -9999.00 -9999.00 -9999.00 204.58 40.15 0.00
0.00 17557.68
70.60 -56.76 -9999.00 -9999.00 -9999.00 202.12 32.50 0.00
0.00 18423.47
62.20 -58.56 -9999.00 -9999.00 -9999.00 200.11 29.37 0.00
0.00 19222.50
54.30 -58.06 -9999.00 -9999.00 -9999.00 200.66 25.33 0.00
0.00 20076.70
46.90 -58.86 -9999.00 -9999.00 -9999.00 206.33 21.46 0.00
0.00 20997.38
40.10 -59.26 -9999.00 -9999.00 -9999.00 205.71 17.46 0.00
0.00 21979.01
33.80 -59.86 -9999.00 -9999.00 -9999.00 225.74 10.59 0.00
0.00 23047.59
27.80 -61.66 -9999.00 -9999.00 -9999.00 240.26 6.25 0.00
0.00 24262.53
22.30 -57.96 -9999.00 -9999.00 -9999.00 226.68 9.34 0.00
0.00 25639.19
17.10 -53.76 -9999.00 -9999.00 -9999.00 180.00 5.24 0.00
0.00 27327.92
12.30 -53.46 -9999.00 -9999.00 -9999.00 221.99 2.62 0.00
0.00 29445.23

STID = KGRB STNM = 726450 TIME = 221026/1900 
SLAT = 44.48 SLON = -88.13 SELV = 195.0
STIM = 7

SHOW = 12.72 LIFT = 13.64 SWET = 87.79 KINX = -16.41
LCLP = 895.10 PWAT = 6.56 TOTL = 32.53 CAPE = 0.64
LCLT = 271.57 CINS = -0.01 EQLV = 871.34 LFCT = 885.54
BRCH = 0.02

PRES TMPC TMWC DWPC THTE DRCT SKNT OMEG
CFRL HGHT
991.10 6.44 3.57 -0.18 291.15 301.37 9.32 0.00
0.00 204.93
988.10 6.04 3.19 -0.63 290.68 302.68 12.24 0.10
0.00 229.78
982.70 5.54 2.80 -0.93 290.45 302.78 13.64 0.10
0.00 274.62
973.30 4.74 2.24 -1.21 290.30 303.69 14.70 0.10
0.00 353.09
959.60 3.54 1.45 -1.51 290.15 303.29 15.58 0.10
0.00 468.40
941.90 2.14 0.50 -1.88 290.13 303.31 16.28 0.10
0.00 619.12
920.70 0.34 -0.71 -2.30 290.03 303.69 16.80 0.10
0.00 802.36
897.70 -1.66 -2.09 -2.80 289.89 303.16 17.40 0.10
14.00 1004.57
872.60 -3.66 -3.80 -4.09 289.47 303.00 17.83 0.10
80.00 1229.56
844.70 0.74 -3.93 -14.31 292.06 303.69 19.62 0.10
0.00 1488.36
813.90 0.24 -5.03 -18.36 293.49 307.75 22.84 0.10
0.00 1786.12
780.10 -1.76 -6.83 -21.29 294.26 302.39 30.83 0.10
0.00 2124.51
743.50 -3.26 -8.55 -26.75 295.68 294.78 33.37 0.10
0.00 2505.36
704.00 -6.16 -11.09 -32.39 296.40 291.04 32.46 0.20
0.00 2934.44
661.50 -9.76 -14.11 -38.44 297.15 284.38 31.27 0.20
0.00 3417.88
616.10 -13.86 -17.56 -46.09 298.15 277.88 31.18 0.20
0.00 3961.83
568.30 -18.16 -21.10 -47.76 300.01 271.59 34.98 0.20
0.00 4569.74
521.90 -21.36 -23.93 -53.57 303.40 257.12 44.44 0.30
0.00 5201.50
480.10 -23.56 -25.85 -51.43 308.08 247.85 54.10 0.40
0.00 5814.12
442.60 -25.66 -27.82 -59.07 312.52 244.72 65.95 0.50
0.00 6405.80
408.90 -29.56 -31.20 -55.59 314.71 244.86 73.60 0.60
0.00 6975.02
378.40 -33.76 -34.94 -54.73 316.25 245.53 80.67 0.50
0.00 7523.00
350.90 -37.66 -38.56 -58.63 317.80 243.74 81.24 0.40
0.00 8047.41
326.10 -41.46 -42.11 -59.21 319.29 237.46 77.64 0.20
0.00 8548.59
303.80 -44.46 -44.97 -61.99 321.56 233.01 75.87 0.20
0.00 9025.89
283.70 -45.86 -46.35 -65.55 325.86 232.71 73.74 0.10
0.00 9482.72
265.60 -46.36 -46.86 -66.03 331.32 228.75 69.23 0.10
0.00 9920.85
248.70 -47.36 -47.86 -71.42 336.07 225.69 68.41 0.10
0.00 10356.33
233.50 -47.96 -48.46 -71.85 341.27 227.38 66.26 0.10
0.00 10772.59
219.60 -48.26 -48.77 -72.27 346.85 224.73 58.51 0.10
0.00 11176.88
205.60 -48.26 -48.81 -72.72 353.44 216.71 55.24 0.10
0.00 11610.53
191.70 -48.56 -9999.00 -9999.00 -9999.00 214.36 59.54 0.10
0.00 12071.03
177.70 -49.36 -9999.00 -9999.00 -9999.00 218.30 63.62 0.10
0.00 12568.68
163.80 -50.86 -9999.00 -9999.00 -9999.00 221.66 61.36 0.10
0.00 13100.45
149.80 -52.96 -9999.00 -9999.00 -9999.00 218.24 53.67 0.10
0.00 13679.05
135.90 -56.16 -9999.00 -9999.00 -9999.00 209.72 52.12 0.10
0.00 14302.14
121.90 -58.86 -9999.00 -9999.00 -9999.00 211.44 56.24 0.10
0.00 14988.38
108.00 -58.36 -9999.00 -9999.00 -9999.00 218.02 48.58 0.10
0.00 15748.68
94.00 -57.66 -9999.00 -9999.00 -9999.00 203.16 35.06 0.00
0.00 16623.00
81.00 -59.06 -9999.00 -9999.00 -9999.00 201.48 38.21 0.00
0.00 17558.82
70.60 -57.66 -9999.00 -9999.00 -9999.00 207.97 31.90 0.00
0.00 18422.80
62.20 -57.96 -9999.00 -9999.00 -9999.00 198.19 29.23 0.00
0.00 19221.27
54.30 -58.16 -9999.00 -9999.00 -9999.00 206.57 22.59 0.00
0.00 20076.46
46.90 -58.96 -9999.00 -9999.00 -9999.00 208.07 19.81 0.00
0.00 20996.72
40.10 -59.06 -9999.00 -9999.00 -9999.00 215.93 16.55 0.00
0.00 21978.58
33.80 -60.26 -9999.00 -9999.00 -9999.00 240.12 10.53 0.00
0.00 23046.65
27.80 -60.56 -9999.00 -9999.00 -9999.00 233.47 6.53 0.00
0.00 24263.60
22.30 -56.56 -9999.00 -9999.00 -9999.00 219.29 8.28 0.00
0.00 25648.32
17.10 -55.16 -9999.00 -9999.00 -9999.00 140.71 5.52 0.00
0.00 27337.05
12.30 -53.96 -9999.00 -9999.00 -9999.00 247.01 6.95 0.00
0.00 29445.21

STID = KGRB STNM = 726450 TIME = 221026/2000 
SLAT = 44.48 SLON = -88.13 SELV = 195.0
STIM = 8

SHOW = 11.62 LIFT = 12.36 SWET = 87.63 KINX = -15.87
LCLP = 885.91 PWAT = 6.43 TOTL = 34.60 CAPE = 1.15
LCLT = 271.10 CINS = 0.00 EQLV = 871.02 LFCT = 875.43
BRCH = 0.03

PRES TMPC TMWC DWPC THTE DRCT SKNT OMEG
CFRL HGHT
990.60 6.74 3.61 -0.52 291.26 301.18 8.62 0.00
0.00 204.94
987.60 6.44 3.27 -1.01 290.87 301.80 11.42 0.10
0.00 229.83
982.20 5.94 2.88 -1.31 290.65 302.01 12.82 0.10
0.00 274.76
972.90 5.14 2.31 -1.63 290.47 302.59 14.06 0.10
0.00 352.54
959.10 4.04 1.57 -1.94 290.42 302.24 14.94 0.10
0.00 468.92
941.40 2.54 0.56 -2.35 290.28 302.31 15.64 0.10
0.00 619.97
920.30 0.74 -0.65 -2.78 290.17 302.37 16.34 0.10
0.00 802.68
897.20 -1.26 -2.02 -3.24 290.07 301.87 16.92 0.10
0.00 1006.15
872.20 -3.56 -3.64 -3.81 289.81 301.61 17.79 0.10
87.00 1230.57
844.30 0.84 -3.98 -14.90 292.00 303.53 19.35 0.10
0.00 1489.58
813.50 -0.06 -5.19 -18.16 293.26 305.86 24.20 0.10
0.00 1787.37
779.80 -1.46 -6.72 -21.95 294.46 298.20 30.42 0.20
0.00 2124.90
743.20 -3.26 -8.58 -27.13 295.66 289.68 31.16 0.20
0.00 2506.11
703.70 -6.26 -11.19 -32.99 296.26 282.97 30.30 0.30
0.00 2935.27
661.30 -10.06 -14.31 -37.99 296.87 279.40 29.74 0.30
0.00 3417.39
615.90 -14.26 -17.78 -43.00 297.86 274.67 30.98 0.30
0.00 3960.79
568.10 -18.46 -21.32 -46.82 299.73 267.54 36.17 0.30
0.00 4568.08
521.70 -22.16 -24.60 -55.43 302.43 259.56 45.03 0.30
0.00 5198.71
480.00 -25.06 -27.11 -52.74 306.21 250.98 54.23 0.40
0.00 5807.23
442.50 -27.06 -29.00 -59.07 310.77 249.52 67.19 0.50
0.00 6395.59
408.90 -30.26 -31.83 -57.41 313.77 249.54 78.36 0.50
0.00 6960.76
378.30 -34.36 -35.45 -53.44 315.52 248.34 86.32 0.50
0.00 7509.12
350.80 -38.36 -39.15 -55.35 316.96 247.06 85.22 0.40
0.00 8032.25
326.10 -41.96 -42.55 -57.43 318.64 241.79 81.78 0.20
0.00 8530.21
303.70 -45.06 -45.54 -62.00 320.74 237.28 79.43 0.10
0.00 9008.57
283.60 -46.96 -47.39 -65.55 324.31 235.87 77.91 0.10
0.00 9463.85
265.60 -47.36 -47.80 -66.03 329.86 232.92 75.72 0.20
0.00 9897.63
248.70 -47.76 -48.24 -71.42 335.48 229.58 72.20 0.20
0.00 10331.76
233.50 -48.06 -48.55 -71.85 341.12 228.57 68.40 0.20
0.00 10747.56
219.60 -47.86 -48.40 -72.27 347.46 224.25 62.92 0.20
0.00 11152.12
205.60 -47.36 -47.96 -72.72 354.85 218.83 61.34 0.20
0.00 11587.02
191.70 -47.76 -9999.00 -9999.00 -9999.00 217.80 64.65 0.10
0.00 12049.26
177.70 -48.96 -9999.00 -9999.00 -9999.00 221.34 68.82 0.10
0.00 12548.25
163.80 -50.36 -9999.00 -9999.00 -9999.00 224.88 67.99 0.10
0.00 13081.09
149.80 -52.16 -9999.00 -9999.00 -9999.00 223.92 58.53 0.10
0.00 13661.39
135.90 -55.06 -9999.00 -9999.00 -9999.00 214.28 52.43 0.10
0.00 14287.19
121.90 -58.26 -9999.00 -9999.00 -9999.00 213.80 55.17 0.10
0.00 14976.13
108.00 -58.46 -9999.00 -9999.00 -9999.00 219.17 51.36 0.00
0.00 15737.32
94.00 -57.06 -9999.00 -9999.00 -9999.00 209.82 36.71 0.00
0.00 16612.65
81.00 -59.06 -9999.00 -9999.00 -9999.00 192.83 35.86 0.00
0.00 17549.78
70.60 -58.76 -9999.00 -9999.00 -9999.00 203.24 37.41 0.00
0.00 18411.55
62.20 -58.06 -9999.00 -9999.00 -9999.00 200.68 31.35 0.00
0.00 19207.80
54.30 -58.56 -9999.00 -9999.00 -9999.00 199.80 25.82 0.00
0.00 20062.00
46.90 -59.46 -9999.00 -9999.00 -9999.00 200.14 24.83 0.00
0.00 20980.33
40.10 -59.46 -9999.00 -9999.00 -9999.00 216.38 18.34 0.00
0.00 21960.12
33.80 -60.16 -9999.00 -9999.00 -9999.00 215.75 11.97 0.00
0.00 23027.45
27.80 -59.66 -9999.00 -9999.00 -9999.00 215.10 8.78 0.00
0.00 24247.25
22.30 -57.36 -9999.00 -9999.00 -9999.00 183.69 6.04 0.00
0.00 25632.29
17.10 -55.26 -9999.00 -9999.00 -9999.00 177.14 7.77 0.00
0.00 27317.53
12.30 -53.36 -9999.00 -9999.00 -9999.00 225.00 7.69 0.00
0.00 29428.09

STID = KGRB STNM = 726450 TIME = 221026/2100 
SLAT = 44.48 SLON = -88.13 SELV = 195.0
STIM = 9

SHOW = 11.30 LIFT = 11.69 SWET = 85.66 KINX = -16.00
LCLP = 881.37 PWAT = 6.47 TOTL = 36.58 CAPE = 0.00
LCLT = 270.88 CINS = 0.00 EQLV = -9999.00 LFCT = -9999.00
BRCH = 0.00

PRES TMPC TMWC DWPC THTE DRCT SKNT OMEG
CFRL HGHT
992.00 7.04 3.72 -0.65 291.35 300.70 7.23 0.00
0.00 204.94
989.00 6.84 3.44 -1.14 291.07 302.13 9.87 0.00
0.00 229.82
983.60 6.34 3.04 -1.49 290.81 303.15 11.36 0.00
0.00 274.75
974.20 5.64 2.51 -1.85 290.72 302.95 12.51 0.00
0.00 353.38
960.40 4.44 1.71 -2.20 290.54 303.23 13.46 0.00
0.00 469.79
942.70 2.94 0.71 -2.57 290.43 302.83 14.34 -0.10
0.00 620.84
921.60 1.14 -0.47 -2.92 290.37 302.87 15.03 -0.10
0.00 803.56
898.50 -0.86 -1.82 -3.34 290.30 302.91 15.73 -0.20
0.00 1007.04
873.40 -3.26 -3.41 -3.71 290.08 302.22 16.76 -0.30
78.00 1232.32
845.40 -0.66 -4.33 -12.06 291.35 303.69 18.20 -0.30
0.00 1491.37
814.60 -0.46 -5.40 -17.94 292.78 305.92 23.50 -0.20
0.00 1787.77
780.80 -1.46 -6.73 -22.07 294.33 298.52 28.07 -0.20
0.00 2125.61
744.10 -3.16 -8.64 -28.78 295.41 287.82 28.57 -0.10
0.00 2507.44
704.50 -6.26 -11.28 -34.60 296.00 277.13 29.76 0.00
0.00 2937.25
662.00 -9.96 -14.27 -38.91 296.83 275.78 30.85 0.10
0.00 3420.05
616.50 -14.16 -17.68 -42.34 297.92 273.99 33.49 0.20
0.00 3964.31
568.60 -18.46 -21.30 -45.95 299.69 269.72 40.02 0.20
0.00 4572.43
522.10 -22.36 -24.76 -55.42 302.12 265.62 45.78 0.40
0.00 5203.65
480.20 -25.86 -27.78 -52.74 305.19 257.88 53.65 0.50
0.00 5813.50
442.80 -27.86 -29.67 -59.07 309.70 256.61 67.09 0.70
0.00 6398.07
409.00 -30.76 -32.24 -55.59 313.14 253.86 79.68 0.70
0.00 6964.83
378.40 -35.26 -36.21 -51.31 314.38 249.82 86.71 0.60
0.00 7511.47
350.90 -39.36 -40.02 -52.95 315.66 248.68 85.49 0.40
0.00 8032.36
326.10 -42.66 -43.20 -57.43 317.67 244.63 82.98 0.20
0.00 8530.44
303.80 -45.46 -45.92 -61.99 320.15 242.77 81.93 0.10
0.00 9005.45
283.70 -47.26 -47.68 -65.55 323.85 243.13 81.24 0.10
0.00 9459.88
265.60 -47.46 -47.92 -70.97 329.67 240.71 78.61 0.10
0.00 9895.60
248.70 -47.96 -48.43 -71.42 335.18 236.75 76.88 0.20
0.00 10329.44
233.50 -47.66 -48.18 -71.85 341.73 234.66 72.86 0.20
0.00 10745.42
219.60 -47.36 -47.93 -72.27 348.23 228.05 67.13 0.20
0.00 11150.79
205.60 -47.26 -47.87 -72.72 355.01 221.95 67.13 0.20
0.00 11586.27
191.70 -47.46 -9999.00 -9999.00 -9999.00 222.76 70.38 0.10
0.00 12048.92
177.70 -48.26 -9999.00 -9999.00 -9999.00 225.76 72.94 0.10
0.00 12549.02
163.80 -49.96 -9999.00 -9999.00 -9999.00 227.20 71.48 0.10
0.00 13083.17
149.80 -51.76 -9999.00 -9999.00 -9999.00 226.77 62.12 0.00
0.00 13664.51
135.90 -54.26 -9999.00 -9999.00 -9999.00 218.86 51.40 0.00
0.00 14292.02
121.90 -57.76 -9999.00 -9999.00 -9999.00 213.93 51.50 0.00
0.00 14983.04
108.00 -59.46 -9999.00 -9999.00 -9999.00 217.57 50.97 0.00
0.00 15743.34
94.00 -57.96 -9999.00 -9999.00 -9999.00 214.08 39.16 0.00
0.00 16614.81
81.00 -58.76 -9999.00 -9999.00 -9999.00 189.46 35.45 0.00
0.00 17550.63
70.60 -58.96 -9999.00 -9999.00 -9999.00 203.09 41.61 0.00
0.00 18412.60
62.20 -57.26 -9999.00 -9999.00 -9999.00 207.84 31.20 0.00
0.00 19209.96
54.30 -57.76 -9999.00 -9999.00 -9999.00 201.04 27.06 0.00
0.00 20067.34
46.90 -58.76 -9999.00 -9999.00 -9999.00 205.80 25.89 0.00
0.00 20988.88
40.10 -58.66 -9999.00 -9999.00 -9999.00 210.87 19.70 0.00
0.00 21972.12
33.80 -60.26 -9999.00 -9999.00 -9999.00 209.85 13.66 0.00
0.00 23041.19
27.80 -60.06 -9999.00 -9999.00 -9999.00 225.00 9.62 0.00
0.00 24259.57
22.30 -59.16 -9999.00 -9999.00 -9999.00 221.19 6.20 0.00
0.00 25637.52
17.10 -55.66 -9999.00 -9999.00 -9999.00 221.08 10.04 0.00
0.00 27314.20
12.30 -53.26 -9999.00 -9999.00 -9999.00 239.93 8.53 0.00
0.00 29423.32

STID = KGRB STNM = 726450 TIME = 221026/2200 
SLAT = 44.48 SLON = -88.13 SELV = 195.0
STIM = 10

SHOW = 11.42 LIFT = 11.46 SWET = 81.12 KINX = -16.15
LCLP = 889.46 PWAT = 6.69 TOTL = 37.58 CAPE = 0.00
LCLT = 271.48 CINS = 0.00 EQLV = -9999.00 LFCT = -9999.00
BRCH = 0.00

PRES TMPC TMWC DWPC THTE DRCT SKNT OMEG
CFRL HGHT
993.40 7.04 3.90 -0.15 291.58 291.04 5.42 0.00
0.00 204.92
990.50 6.94 3.63 -0.74 291.32 293.55 8.26 0.00
0.00 228.95
985.00 6.54 3.22 -1.27 291.04 294.62 10.26 0.00
0.00 274.67
975.60 5.84 2.65 -1.79 290.84 295.71 11.64 -0.10
0.00 353.24
961.80 4.64 1.81 -2.22 290.60 296.95 12.86 -0.20
0.00 469.57
944.10 3.14 0.80 -2.63 290.46 298.41 13.48 -0.20
0.00 620.51
922.90 1.34 -0.39 -3.02 290.39 299.05 14.01 -0.30
0.00 803.95
899.70 -0.66 -1.72 -3.40 290.35 299.36 14.26 -0.30
0.00 1008.18
874.60 -3.16 -3.32 -3.62 290.12 299.93 14.80 -0.20
62.00 1233.28
846.60 -2.16 -4.65 -9.57 290.72 299.05 16.01 -0.20
1.00 1491.34
815.60 -1.26 -5.71 -16.74 292.17 301.29 23.19 -0.20
0.00 1788.05
781.80 -2.16 -7.02 -20.77 293.76 296.92 28.32 -0.20
0.00 2124.57
745.00 -3.76 -8.95 -27.70 294.81 290.74 29.08 -0.20
0.00 2506.06
705.30 -6.46 -11.46 -35.69 295.58 283.13 29.91 -0.20
0.00 2935.81
662.70 -9.96 -14.32 -40.47 296.64 281.38 31.51 -0.10
0.00 3419.03
617.10 -14.06 -17.57 -41.15 298.03 278.99 34.81 0.00
0.00 3964.03
569.10 -18.16 -21.06 -45.94 299.96 275.47 40.79 0.20
0.00 4573.33
522.50 -22.46 -24.84 -55.41 301.94 270.75 44.48 0.40
0.00 5205.64
480.50 -26.06 -27.95 -52.73 304.89 266.69 53.90 0.70
0.00 5816.15
443.00 -27.96 -29.76 -59.06 309.53 265.29 68.61 0.80
0.00 6401.61
409.20 -31.36 -32.74 -54.08 312.36 257.20 78.88 0.80
0.00 6967.29
378.60 -35.96 -36.81 -50.39 313.45 250.17 83.02 0.60
0.00 7512.18
351.00 -39.96 -40.52 -51.05 314.90 249.37 83.24 0.40
0.00 8033.31
326.20 -43.36 -43.85 -57.43 316.68 245.58 81.27 0.30
0.00 8529.85
303.80 -46.06 -46.46 -59.76 319.35 244.59 81.93 0.20
0.00 9005.57
283.70 -47.56 -47.96 -65.55 323.42 245.90 80.87 0.20
0.00 9459.10
265.60 -47.76 -48.21 -70.97 329.23 245.37 77.35 0.10
0.00 9894.24
248.70 -48.16 -48.62 -71.42 334.88 240.40 73.95 0.20
0.00 10327.60
233.50 -48.76 -49.22 -71.85 340.06 235.67 72.69 0.20
0.00 10742.38
219.60 -48.36 -48.87 -72.27 346.69 229.15 72.16 0.20
0.00 11145.87
205.60 -47.46 -48.06 -72.72 354.69 225.22 72.24 0.20
0.00 11580.19
191.70 -47.46 -9999.00 -9999.00 -9999.00 225.11 74.03 0.20
0.00 12042.63
177.70 -48.06 -9999.00 -9999.00 -9999.00 227.53 74.79 0.20
0.00 12542.95
163.80 -49.56 -9999.00 -9999.00 -9999.00 228.60 72.26 0.10
0.00 13077.82
149.80 -51.66 -9999.00 -9999.00 -9999.00 226.11 63.89 0.10
0.00 13659.82
135.90 -53.86 -9999.00 -9999.00 -9999.00 219.94 52.95 0.00
0.00 14288.04
121.90 -57.16 -9999.00 -9999.00 -9999.00 214.13 48.82 0.00
0.00 14980.64
108.00 -59.56 -9999.00 -9999.00 -9999.00 215.48 48.19 0.00
0.00 15741.83
94.00 -59.06 -9999.00 -9999.00 -9999.00 213.69 43.41 0.00
0.00 16610.86
81.00 -58.56 -9999.00 -9999.00 -9999.00 198.34 38.89 0.00
0.00 17544.73
70.60 -58.26 -9999.00 -9999.00 -9999.00 203.83 41.84 0.00
0.00 18408.51
62.20 -56.26 -9999.00 -9999.00 -9999.00 208.73 29.91 0.00
0.00 19209.02
54.30 -56.96 -9999.00 -9999.00 -9999.00 200.31 26.30 0.00
0.00 20069.97
46.90 -57.86 -9999.00 -9999.00 -9999.00 206.11 22.07 0.00
0.00 20995.16
40.10 -58.46 -9999.00 -9999.00 -9999.00 215.11 15.19 0.00
0.00 21980.92
33.80 -60.06 -9999.00 -9999.00 -9999.00 221.19 12.39 0.00
0.00 23050.99
27.80 -59.06 -9999.00 -9999.00 -9999.00 253.18 8.72 0.00
0.00 24272.80
22.30 -58.06 -9999.00 -9999.00 -9999.00 254.93 5.23 0.00
0.00 25657.52
17.10 -55.36 -9999.00 -9999.00 -9999.00 253.07 9.34 0.00
0.00 27339.65
12.30 -53.26 -9999.00 -9999.00 -9999.00 278.88 12.59 0.00
0.00 29450.21

STID = KGRB STNM = 726450 TIME = 221026/2300 
SLAT = 44.48 SLON = -88.13 SELV = 195.0
STIM = 11

SHOW = 12.03 LIFT = 11.85 SWET = 79.46 KINX = -14.78
LCLP = 918.27 PWAT = 6.72 TOTL = 36.25 CAPE = 0.00
LCLT = 272.78 CINS = 0.00 EQLV = -9999.00 LFCT = -9999.00
BRCH = 0.00

PRES TMPC TMWC DWPC THTE DRCT SKNT OMEG
CFRL HGHT
994.80 5.94 3.66 0.74 290.98 277.77 4.31 0.00
0.00 204.87
991.80 6.24 3.48 -0.14 290.90 285.26 8.86 0.00
0.00 229.62
986.40 6.24 3.14 -1.06 290.74 288.43 11.67 0.00
0.00 274.37
977.00 5.64 2.51 -1.89 290.42 293.30 13.75 -0.10
0.00 352.76
963.20 4.54 1.67 -2.49 290.18 296.22 14.51 -0.20
0.00 468.86
945.40 3.04 0.66 -2.90 290.05 299.36 14.26 -0.30
0.00 620.37
924.20 1.24 -0.54 -3.28 289.98 301.66 13.69 -0.40
0.00 803.48
901.00 -0.76 -1.89 -3.71 289.90 304.16 13.15 -0.30
0.00 1007.33
875.80 -3.26 -3.60 -4.21 289.49 303.93 12.88 -0.20
31.00 1232.92
847.70 -2.46 -5.03 -10.27 289.95 296.57 14.76 -0.10
0.00 1491.34
816.70 -1.66 -5.95 -16.63 291.66 299.15 23.14 -0.10
0.00 1787.26
782.80 -2.76 -7.27 -19.81 293.24 298.35 27.82 0.00
0.00 2123.72
745.90 -4.16 -8.99 -25.29 294.68 294.48 28.59 0.00
0.00 2505.09
706.10 -6.56 -11.39 -32.95 295.64 289.36 30.48 0.10
0.00 2935.05
663.40 -9.86 -14.19 -38.89 296.76 285.13 31.99 0.10
0.00 3418.89
617.70 -13.86 -17.42 -41.14 298.17 280.45 35.35 0.20
0.00 3964.85
569.60 -17.86 -20.84 -46.80 300.21 275.02 39.98 0.30
0.00 4575.45
522.90 -22.46 -24.80 -52.01 301.94 272.28 43.94 0.50
0.00 5208.96
480.80 -25.86 -27.80 -54.26 305.04 275.59 55.83 0.80
0.00 5820.75
443.20 -28.46 -30.16 -56.76 308.90 272.55 69.81 0.80
0.00 6407.11
409.40 -32.26 -33.46 -50.63 311.27 260.06 76.52 0.70
0.00 6970.90
378.70 -36.46 -37.22 -48.80 312.84 253.17 81.18 0.50
0.00 7515.77
351.10 -40.36 -40.89 -51.05 314.33 251.43 81.14 0.30
0.00 8035.77
326.20 -43.66 -44.18 -61.45 316.19 247.17 80.09 0.30
0.00 8533.48
303.90 -46.46 -46.86 -61.99 318.71 245.97 84.44 0.20
0.00 9006.27
283.70 -47.86 -48.27 -70.51 322.95 247.83 83.90 0.20
0.00 9461.27
265.60 -47.76 -48.21 -70.97 329.23 246.95 76.42 0.10
0.00 9896.12
248.80 -48.06 -48.52 -71.42 334.99 240.26 70.47 0.10
0.00 10326.93
233.50 -49.16 -49.60 -71.85 339.45 234.17 70.69 0.10
0.00 10744.08
219.60 -49.56 -50.00 -72.27 344.84 229.20 73.14 0.20
0.00 11146.12
205.60 -48.16 -48.71 -72.72 353.59 228.34 75.41 0.20
0.00 11578.61
191.70 -47.46 -9999.00 -9999.00 -9999.00 226.69 74.48 0.20
0.00 12040.34
177.70 -48.36 -9999.00 -9999.00 -9999.00 226.13 76.52 0.20
0.00 12540.33
163.80 -49.66 -9999.00 -9999.00 -9999.00 228.84 75.85 0.20
0.00 13074.71
149.80 -51.66 -9999.00 -9999.00 -9999.00 228.91 66.49 0.10
0.00 13656.58
135.90 -54.06 -9999.00 -9999.00 -9999.00 221.62 55.87 0.00
0.00 14284.52
121.90 -56.36 -9999.00 -9999.00 -9999.00 216.27 47.94 0.00
0.00 14978.08
107.90 -59.16 -9999.00 -9999.00 -9999.00 214.43 45.69 0.00
0.00 15747.24
94.00 -59.16 -9999.00 -9999.00 -9999.00 214.32 44.44 0.00
0.00 16611.08
81.00 -57.86 -9999.00 -9999.00 -9999.00 209.00 40.87 0.00
0.00 17546.25
70.60 -57.16 -9999.00 -9999.00 -9999.00 208.00 38.05 0.00
0.00 18413.65
62.20 -56.06 -9999.00 -9999.00 -9999.00 212.24 29.86 0.00
0.00 19216.57
54.30 -56.46 -9999.00 -9999.00 -9999.00 200.10 25.45 0.00
0.00 20078.91
46.90 -57.86 -9999.00 -9999.00 -9999.00 203.66 22.26 0.00
0.00 21005.18
40.10 -59.06 -9999.00 -9999.00 -9999.00 211.93 15.79 0.00
0.00 21989.55
33.80 -60.26 -9999.00 -9999.00 -9999.00 235.45 14.39 0.00
0.00 23057.63
27.80 -58.56 -9999.00 -9999.00 -9999.00 264.05 9.38 0.00
0.00 24280.30
22.30 -57.66 -9999.00 -9999.00 -9999.00 280.01 3.36 0.00
0.00 25667.92
17.10 -56.26 -9999.00 -9999.00 -9999.00 281.00 7.13 0.00
0.00 27348.11
12.30 -53.86 -9999.00 -9999.00 -9999.00 283.50 9.98 0.00
0.00 29451.44

STID = KGRB STNM = 726450 TIME = 221027/0000 
SLAT = 44.48 SLON = -88.13 SELV = 195.0
STIM = 12

SHOW = 12.36 LIFT = 12.45 SWET = 78.33 KINX = -15.26
LCLP = 933.09 PWAT = 6.56 TOTL = 34.53 CAPE = 0.00
LCLT = 272.90 CINS = 0.00 EQLV = -9999.00 LFCT = -9999.00
BRCH = 0.00

PRES TMPC TMWC DWPC THTE DRCT SKNT OMEG
CFRL HGHT
995.40 4.84 3.03 0.65 289.69 279.87 4.53 0.00
0.00 204.83
992.40 5.24 2.92 -0.20 289.75 287.74 10.20 0.00
0.00 229.47
987.00 5.44 2.68 -1.13 289.79 291.80 12.55 0.00
0.00 274.04
977.60 5.04 2.14 -2.00 289.66 298.30 14.34 0.00
0.00 352.19
963.80 3.94 1.34 -2.48 289.50 302.83 14.34 -0.10
0.00 467.96
946.00 2.54 0.37 -2.89 289.46 307.37 13.44 -0.10
0.00 619.08
924.70 0.74 -0.83 -3.28 289.39 312.40 12.10 -0.10
0.00 802.62
901.50 -1.16 -2.22 -3.95 289.26 318.01 10.45 -0.10
0.00 1006.02
876.30 -3.26 -3.88 -4.97 288.95 312.65 10.04 0.00
18.00 1231.29
848.20 -1.86 -5.15 -12.37 289.64 295.84 13.81 0.10
0.00 1489.81
817.20 -1.56 -6.04 -17.59 291.42 300.44 21.85 0.10
0.00 1785.90
783.20 -2.76 -7.33 -20.27 293.08 300.07 25.58 0.20
0.00 2123.21
746.30 -4.16 -9.04 -25.80 294.54 296.75 27.62 0.20
0.00 2504.37
706.50 -6.46 -11.25 -31.80 295.83 291.60 30.09 0.20
0.00 2934.18
663.70 -9.96 -14.19 -37.10 296.75 284.71 32.13 0.20
0.00 3418.91
618.00 -13.66 -17.21 -39.58 298.46 278.56 36.54 0.20
0.00 3964.73
569.80 -17.76 -20.74 -45.93 300.33 272.23 39.86 0.30
0.00 4576.71
523.00 -22.36 -24.66 -48.49 302.16 273.98 44.79 0.50
0.00 5211.67
481.00 -25.76 -27.76 -58.41 305.05 279.43 56.92 0.60
0.00 5822.07
443.30 -29.06 -30.65 -54.93 308.16 275.48 67.13 0.70
0.00 6409.19
409.40 -33.16 -34.25 -50.63 310.10 261.74 73.02 0.50
0.00 6972.84
378.70 -37.06 -37.74 -48.09 312.08 254.94 79.25 0.40
0.00 7516.01
351.10 -40.76 -41.29 -51.95 313.76 253.88 79.06 0.30
0.00 8034.90
326.30 -44.26 -44.72 -59.20 315.37 249.00 82.40 0.30
0.00 8529.47
303.90 -47.26 -47.60 -59.76 317.63 248.41 89.20 0.20
0.00 9002.84
283.70 -48.36 -48.73 -65.55 322.27 250.07 89.47 0.10
0.00 9456.53
265.60 -47.86 -48.30 -70.97 329.09 248.87 79.76 0.10
0.00 9890.81
248.80 -47.86 -48.33 -71.42 335.29 239.87 71.19 0.00
0.00 10321.71
233.50 -48.86 -49.31 -71.85 339.91 231.64 70.10 0.10
0.00 10739.32
219.60 -49.46 -49.91 -72.27 345.00 228.38 72.24 0.20
0.00 11141.73
205.60 -48.66 -49.18 -72.72 352.81 227.29 75.60 0.20
0.00 11573.83
191.70 -48.26 -9999.00 -9999.00 -9999.00 227.04 77.23 0.30
0.00 12034.23
177.70 -48.76 -9999.00 -9999.00 -9999.00 226.81 78.34 0.20
0.00 12532.88
163.80 -49.46 -9999.00 -9999.00 -9999.00 227.58 76.30 0.20
0.00 13067.03
149.80 -51.36 -9999.00 -9999.00 -9999.00 228.92 68.28 0.10
0.00 13649.56
135.90 -54.26 -9999.00 -9999.00 -9999.00 225.41 57.01 0.10
0.00 14277.64
121.90 -56.56 -9999.00 -9999.00 -9999.00 219.46 49.83 0.00
0.00 14970.56
107.90 -58.66 -9999.00 -9999.00 -9999.00 214.17 44.62 0.00
0.00 15740.25
94.00 -59.06 -9999.00 -9999.00 -9999.00 213.76 43.69 0.00
0.00 16605.30
81.00 -57.56 -9999.00 -9999.00 -9999.00 210.22 40.91 0.00
0.00 17541.34
70.60 -57.26 -9999.00 -9999.00 -9999.00 211.07 35.37 0.00
0.00 18409.15
62.20 -56.76 -9999.00 -9999.00 -9999.00 212.09 28.88 0.00
0.00 19210.58
54.30 -56.66 -9999.00 -9999.00 -9999.00 198.85 25.25 0.00
0.00 20071.14
46.90 -57.76 -9999.00 -9999.00 -9999.00 205.93 23.54 0.00
0.00 20997.19
40.10 -58.96 -9999.00 -9999.00 -9999.00 212.22 16.76 0.00
0.00 21982.03
33.80 -59.56 -9999.00 -9999.00 -9999.00 247.44 13.68 0.00
0.00 23052.10
27.80 -59.16 -9999.00 -9999.00 -9999.00 265.10 6.82 0.00
0.00 24275.06
22.30 -58.16 -9999.00 -9999.00 -9999.00 225.00 0.82 0.00
0.00 25659.13
17.10 -56.36 -9999.00 -9999.00 -9999.00 288.97 6.57 0.00
0.00 27336.99
12.30 -53.96 -9999.00 -9999.00 -9999.00 262.65 6.08 0.00
0.00 29439.35

STID = KGRB STNM = 726450 TIME = 221027/0100 
SLAT = 44.48 SLON = -88.13 SELV = 195.0
STIM = 13

SHOW = 12.32 LIFT = 12.94 SWET = 78.43 KINX = -12.67
LCLP = 940.88 PWAT = 6.56 TOTL = 33.38 CAPE = 0.00
LCLT = 272.63 CINS = 0.00 EQLV = -9999.00 LFCT = -9999.00
BRCH = 0.00

PRES TMPC TMWC DWPC THTE DRCT SKNT OMEG
CFRL HGHT
995.80 3.94 2.39 0.27 288.41 279.09 4.91 0.00
0.00 205.61
992.90 4.44 2.40 -0.41 288.71 288.43 10.45 0.10
0.00 229.34
987.40 4.84 2.27 -1.36 288.97 292.96 12.45 0.10
0.00 274.60
978.00 4.44 1.78 -2.08 288.94 300.96 13.60 0.00
0.00 352.55
964.20 3.44 1.07 -2.43 288.96 306.21 13.48 0.00
0.00 468.04
946.40 2.04 0.12 -2.80 288.96 311.19 12.39 0.00
0.00 618.82
925.10 0.34 -1.03 -3.19 288.99 317.23 10.59 0.00
0.00 801.99
901.90 -1.46 -2.41 -3.99 288.87 324.16 8.62 0.00
0.00 1005.04
876.70 -2.86 -4.09 -6.33 288.53 306.87 8.74 0.00
6.00 1230.23
848.60 -1.06 -5.00 -14.09 289.80 299.36 14.26 0.00
0.00 1489.16
817.50 -1.36 -5.96 -17.89 291.51 303.99 20.84 0.10
0.00 1786.61
783.50 -2.56 -7.26 -20.74 293.15 300.72 23.95 0.10
0.00 2124.03
746.60 -4.06 -8.92 -25.28 294.71 296.02 27.45 0.10
0.00 2505.26
706.70 -6.66 -11.14 -28.48 296.03 289.27 29.43 0.20
0.00 2935.93
663.90 -9.86 -13.86 -32.44 297.30 283.05 32.69 0.30
0.00 3420.48
618.20 -13.36 -16.98 -39.57 298.78 277.35 36.42 0.40
0.00 3966.57
569.90 -17.66 -20.57 -42.47 300.61 271.12 39.63 0.50
0.00 4580.14
523.20 -22.06 -24.43 -49.53 302.45 271.93 46.25 0.60
0.00 5214.08
481.10 -25.86 -27.82 -56.09 304.95 276.39 54.14 0.80
0.00 5826.00
443.40 -29.66 -31.17 -54.93 307.38 273.33 60.12 0.70
0.00 6412.16
409.50 -33.86 -34.83 -48.88 309.25 261.19 67.23 0.60
0.00 6974.17
378.80 -37.66 -38.24 -46.81 311.34 256.14 76.22 0.50
0.00 7515.72
351.20 -41.26 -41.77 -52.94 313.02 255.05 79.82 0.50
0.00 8033.25
326.30 -45.06 -45.45 -57.42 314.31 250.83 85.76 0.40
0.00 8528.34
303.90 -48.16 -48.43 -57.99 316.40 249.97 92.42 0.30
0.00 8999.95
283.70 -49.36 -49.66 -62.52 320.88 249.54 90.60 0.20
0.00 9451.73
265.60 -48.56 -48.97 -70.97 328.06 247.84 81.37 0.10
0.00 9884.37
248.80 -48.06 -48.50 -66.51 335.04 240.35 74.20 0.00
0.00 10314.41
233.50 -48.56 -49.03 -71.85 340.36 232.82 71.68 0.00
0.00 10732.12
219.60 -49.06 -49.53 -72.27 345.61 227.06 72.44 0.10
0.00 11135.15
205.60 -49.26 -49.75 -72.72 351.87 227.23 74.09 0.10
0.00 11567.06
191.70 -48.86 -9999.00 -9999.00 -9999.00 227.61 75.49 0.20
0.00 12026.23
177.70 -49.36 -9999.00 -9999.00 -9999.00 226.83 77.23 0.20
0.00 12523.55
163.80 -49.76 -9999.00 -9999.00 -9999.00 226.75 76.53 0.20
0.00 13056.63
149.80 -50.86 -9999.00 -9999.00 -9999.00 227.70 69.85 0.20
0.00 13639.41
135.90 -53.56 -9999.00 -9999.00 -9999.00 228.21 58.88 0.10
0.00 14269.20
121.90 -56.26 -9999.00 -9999.00 -9999.00 223.23 48.78 0.00
0.00 14963.72
107.90 -58.06 -9999.00 -9999.00 -9999.00 217.63 43.90 0.00
0.00 15735.02
94.00 -58.46 -9999.00 -9999.00 -9999.00 214.64 42.04 0.00
0.00 16602.49
81.00 -57.36 -9999.00 -9999.00 -9999.00 211.46 38.71 0.00
0.00 17540.27
70.60 -56.96 -9999.00 -9999.00 -9999.00 211.76 33.59 0.00
0.00 18409.08
62.20 -57.06 -9999.00 -9999.00 -9999.00 210.63 28.22 0.00
0.00 19210.52
54.30 -56.96 -9999.00 -9999.00 -9999.00 199.87 24.57 0.00
0.00 20069.88
46.90 -57.66 -9999.00 -9999.00 -9999.00 208.96 22.86 0.00
0.00 20995.50
40.10 -58.76 -9999.00 -9999.00 -9999.00 229.13 13.36 0.00
0.00 21981.02
33.80 -59.46 -9999.00 -9999.00 -9999.00 259.92 8.88 0.00
0.00 23051.85
27.80 -60.36 -9999.00 -9999.00 -9999.00 264.56 4.10 0.00
0.00 24271.66
22.30 -58.76 -9999.00 -9999.00 -9999.00 235.30 3.07 0.00
0.00 25649.93
17.10 -56.06 -9999.00 -9999.00 -9999.00 311.35 6.47 0.00
0.00 27326.61
12.30 -53.76 -9999.00 -9999.00 -9999.00 225.00 1.65 0.00
0.00 29431.39

STID = KGRB STNM = 726450 TIME = 221027/0200 
SLAT = 44.48 SLON = -88.13 SELV = 195.0
STIM = 14

SHOW = 12.60 LIFT = 13.58 SWET = 80.25 KINX = -10.01
LCLP = 946.81 PWAT = 6.76 TOTL = 32.62 CAPE = 0.00
LCLT = 272.37 CINS = 0.00 EQLV = -9999.00 LFCT = -9999.00
BRCH = 0.00

PRES TMPC TMWC DWPC THTE DRCT SKNT OMEG
CFRL HGHT
996.60 3.24 1.86 -0.07 287.35 279.87 4.53 0.00
0.00 204.76
993.60 3.94 1.97 -0.81 287.83 287.74 10.20 0.10
0.00 229.24
988.10 4.54 1.94 -1.82 288.27 291.97 11.95 0.10
0.00 274.40
978.70 4.24 1.59 -2.31 288.51 298.89 12.86 0.10
0.00 352.21
964.90 3.24 0.92 -2.54 288.61 303.69 12.61 0.20
0.00 467.54
947.10 1.84 -0.01 -2.83 288.66 308.37 11.89 0.20
0.00 618.10
925.80 0.04 -1.22 -3.22 288.58 313.49 10.45 0.20
0.00 800.96
902.50 -1.66 -2.62 -4.23 288.45 315.00 8.51 0.20
0.00 1004.55
877.30 -2.56 -4.26 -7.47 288.17 297.10 9.38 0.10
3.00 1229.61
849.20 -0.96 -4.95 -14.17 289.82 300.47 15.33 0.10
0.00 1488.53
818.10 -1.26 -5.84 -17.58 291.65 302.96 21.08 0.10
0.00 1785.88
784.10 -2.56 -7.12 -19.67 293.35 300.19 24.73 0.10
0.00 2123.12
747.10 -4.36 -8.63 -21.05 295.24 293.92 26.36 0.10
0.00 2504.94
707.10 -6.86 -10.92 -24.76 296.43 286.81 28.21 0.20
0.00 2936.09
664.30 -9.66 -13.77 -33.28 297.37 282.22 31.20 0.40
0.00 3420.38
618.50 -13.16 -16.76 -37.79 299.11 274.55 34.30 0.50
0.00 3967.79
570.20 -17.36 -20.33 -42.47 300.92 268.32 39.65 0.60
0.00 4581.66
523.40 -21.46 -23.92 -48.49 303.18 269.77 47.40 0.70
0.00 5217.79
481.20 -25.76 -27.69 -52.72 305.13 271.50 52.08 0.70
0.00 5831.85
443.50 -30.16 -31.58 -53.41 306.77 268.37 54.60 0.60
0.00 6417.41
409.60 -34.66 -35.52 -48.11 308.23 260.36 61.48 0.50
0.00 6977.78
378.80 -38.16 -38.64 -45.68 310.75 256.89 72.80 0.50
0.00 7519.54
351.20 -41.26 -41.75 -51.95 313.06 256.26 82.60 0.50
0.00 8036.52
326.30 -45.16 -45.50 -54.68 314.25 251.72 90.42 0.50
0.00 8531.51
303.90 -49.06 -49.22 -54.16 315.25 249.33 91.36 0.40
0.00 9002.09
283.80 -50.86 -51.10 -62.51 318.70 249.07 87.55 0.30
0.00 9449.15
265.60 -50.06 -50.38 -66.03 325.92 246.26 81.06 0.20
0.00 9881.19
248.80 -49.26 -49.64 -66.51 333.25 240.73 75.49 0.10
0.00 10308.66
233.50 -48.66 -49.12 -71.85 340.21 234.88 73.62 0.00
0.00 10725.16
219.60 -48.56 -49.06 -72.27 346.38 230.17 73.10 0.00
0.00 11128.55
205.60 -48.96 -49.47 -72.72 352.34 228.06 74.69 0.00
0.00 11561.23
191.70 -49.26 -9999.00 -9999.00 -9999.00 227.57 76.59 0.10
0.00 12020.30
177.70 -49.76 -9999.00 -9999.00 -9999.00 228.17 76.90 0.10
0.00 12516.73
163.80 -50.06 -9999.00 -9999.00 -9999.00 227.99 73.72 0.20
0.00 13048.97
149.80 -50.76 -9999.00 -9999.00 -9999.00 227.42 68.32 0.10
0.00 13631.50
135.90 -52.86 -9999.00 -9999.00 -9999.00 229.13 59.07 0.10
0.00 14262.43
121.90 -55.56 -9999.00 -9999.00 -9999.00 228.70 46.79 0.00
0.00 14959.17
107.90 -57.66 -9999.00 -9999.00 -9999.00 218.17 42.75 0.00
0.00 15732.43
94.00 -57.86 -9999.00 -9999.00 -9999.00 215.97 42.00 0.00
0.00 16601.92
81.00 -57.66 -9999.00 -9999.00 -9999.00 211.82 37.96 0.00
0.00 17540.36
70.60 -57.06 -9999.00 -9999.00 -9999.00 212.39 33.35 0.00
0.00 18408.36
62.20 -57.46 -9999.00 -9999.00 -9999.00 208.30 28.67 0.00
0.00 19208.87
54.30 -57.26 -9999.00 -9999.00 -9999.00 199.83 25.19 0.00
0.00 20066.84
46.90 -58.16 -9999.00 -9999.00 -9999.00 208.69 23.47 0.00
0.00 20990.75
40.10 -59.16 -9999.00 -9999.00 -9999.00 243.43 11.73 0.00
0.00 21974.21
33.80 -60.36 -9999.00 -9999.00 -9999.00 257.47 5.38 0.00
0.00 23041.79
27.80 -61.36 -9999.00 -9999.00 -9999.00 247.17 4.00 0.00
0.00 24256.16
22.30 -59.16 -9999.00 -9999.00 -9999.00 262.65 6.08 0.00
0.00 25629.91
17.10 -55.96 -9999.00 -9999.00 -9999.00 360.00 5.63 0.00
0.00 27305.43
12.30 -53.76 -9999.00 -9999.00 -9999.00 135.00 4.95 0.00
0.00 29410.69

STID = KGRB STNM = 726450 TIME = 221027/0300 
SLAT = 44.48 SLON = -88.13 SELV = 195.0
STIM = 15

SHOW = 12.86 LIFT = 14.10 SWET = 81.81 KINX = -10.92
LCLP = 952.29 PWAT = 6.93 TOTL = 31.53 CAPE = 0.00
LCLT = 272.27 CINS = 0.00 EQLV = -9999.00 LFCT = -9999.00
BRCH = 0.00

PRES TMPC TMWC DWPC THTE DRCT SKNT OMEG
CFRL HGHT
997.30 2.74 1.51 -0.24 286.63 273.18 3.50 0.00
0.00 204.73
994.30 3.74 1.74 -1.15 287.32 291.32 8.55 0.00
0.00 229.16
988.80 4.64 1.88 -2.17 288.08 296.57 10.43 0.10
0.00 274.29
979.40 4.24 1.52 -2.51 288.31 304.25 11.05 0.10
0.00 352.05
965.50 3.14 0.82 -2.66 288.37 308.66 11.19 0.20
0.00 468.11
947.70 1.64 -0.16 -2.95 288.31 313.57 10.99 0.20
0.00 618.49
926.40 -0.06 -1.30 -3.29 288.37 318.92 10.04 0.20
0.00 801.13
903.20 -1.76 -2.71 -4.31 288.22 318.69 8.53 0.20
2.00 1003.63
877.90 -1.96 -4.14 -8.37 288.28 300.96 10.20 0.10
1.00 1229.61
849.70 -0.66 -4.88 -14.82 289.86 304.06 16.65 0.10
0.00 1489.70
818.60 -1.16 -5.67 -16.89 291.91 304.10 22.51 0.00
0.00 1787.09
784.60 -2.56 -6.78 -17.49 293.92 299.14 25.14 0.00
0.00 2124.21
747.50 -4.66 -8.54 -19.15 295.38 292.45 25.43 0.00
0.00 2506.67
707.60 -7.06 -11.09 -25.06 296.08 285.55 26.83 0.00
0.00 2936.09
664.60 -9.66 -13.77 -33.28 297.33 278.34 29.45 0.00
0.00 3422.17
618.80 -13.16 -16.77 -38.20 299.03 269.33 33.22 0.10
0.00 3969.33
570.40 -16.96 -19.98 -41.35 301.43 266.35 39.70 0.20
0.00 4584.69
523.60 -21.06 -23.40 -41.65 303.98 269.52 46.81 0.40
0.00 5221.61
481.40 -25.46 -27.29 -45.94 305.72 266.89 50.19 0.40
0.00 5836.32
443.60 -30.46 -31.84 -53.40 306.37 259.97 51.28 0.40
0.00 6423.26
409.70 -35.26 -35.94 -44.96 307.62 254.85 57.96 0.40
0.00 6982.46
378.90 -38.66 -39.05 -44.66 310.14 257.24 67.72 0.50
0.00 7522.83
351.30 -41.56 -41.98 -50.22 312.70 254.91 79.06 0.50
0.00 8038.79
326.40 -45.56 -45.78 -50.85 313.82 250.80 87.41 0.50
0.00 8532.89
303.90 -49.56 -49.70 -54.16 314.55 250.51 86.75 0.40
0.00 9004.56
283.80 -51.46 -51.66 -60.30 317.88 248.85 82.91 0.30
0.00 9450.53
265.60 -50.86 -51.15 -66.03 324.75 245.63 79.55 0.20
0.00 9881.21
248.80 -49.96 -50.33 -71.42 332.16 241.49 76.92 0.10
0.00 10307.24
233.50 -49.26 -49.69 -71.85 339.30 238.91 75.99 0.10
0.00 10722.53
219.60 -48.86 -49.34 -72.27 345.92 236.31 74.94 0.00
0.00 11125.11
205.60 -48.86 -49.37 -72.72 352.49 232.33 75.33 0.00
0.00 11557.60
191.70 -49.36 -9999.00 -9999.00 -9999.00 231.16 75.56 0.10
0.00 12016.67
177.70 -49.96 -9999.00 -9999.00 -9999.00 230.06 74.75 0.10
0.00 12512.77
163.80 -50.26 -9999.00 -9999.00 -9999.00 229.37 72.18 0.10
0.00 13044.53
149.80 -50.76 -9999.00 -9999.00 -9999.00 227.91 67.52 0.10
0.00 13626.79
135.90 -52.56 -9999.00 -9999.00 -9999.00 229.02 60.72 0.00
0.00 14258.15
121.90 -55.16 -9999.00 -9999.00 -9999.00 230.76 47.90 0.00
0.00 14956.01
107.90 -57.26 -9999.00 -9999.00 -9999.00 221.39 41.43 0.00
0.00 15730.70
94.00 -57.66 -9999.00 -9999.00 -9999.00 216.97 44.25 0.00
0.00 16601.40
81.00 -57.56 -9999.00 -9999.00 -9999.00 214.47 39.82 0.00
0.00 17540.49
70.60 -57.06 -9999.00 -9999.00 -9999.00 211.35 34.34 0.00
0.00 18408.70
62.20 -57.36 -9999.00 -9999.00 -9999.00 206.23 29.45 0.00
0.00 19209.39
54.30 -57.56 -9999.00 -9999.00 -9999.00 202.25 27.70 0.00
0.00 20066.97
46.90 -58.36 -9999.00 -9999.00 -9999.00 209.86 24.18 0.00
0.00 20989.80
40.10 -59.36 -9999.00 -9999.00 -9999.00 230.08 12.41 0.00
0.00 21972.34
33.80 -60.66 -9999.00 -9999.00 -9999.00 209.05 6.00 0.00
0.00 23038.67
27.80 -60.86 -9999.00 -9999.00 -9999.00 235.78 5.87 0.00
0.00 24253.62
22.30 -57.86 -9999.00 -9999.00 -9999.00 285.59 8.66 0.00
0.00 25633.17
17.10 -54.86 -9999.00 -9999.00 -9999.00 41.99 2.62 0.00
0.00 27318.02
12.30 -53.56 -9999.00 -9999.00 -9999.00 196.56 7.50 0.00
0.00 29429.55

STID = KGRB STNM = 726450 TIME = 221027/0400 
SLAT = 44.48 SLON = -88.13 SELV = 195.0
STIM = 16

SHOW = 12.71 LIFT = 14.27 SWET = 79.58 KINX = -9.33
LCLP = 955.76 PWAT = 7.16 TOTL = 32.01 CAPE = 0.00
LCLT = 272.07 CINS = 0.00 EQLV = -9999.00 LFCT = -9999.00
BRCH = 0.00

PRES TMPC TMWC DWPC THTE DRCT SKNT OMEG
CFRL HGHT
998.50 2.34 1.19 -0.48 285.93 255.96 4.00 0.00
0.00 204.71
995.50 3.54 1.56 -1.32 286.88 280.71 7.32 0.00
0.00 229.08
990.00 4.54 1.76 -2.36 287.74 292.04 8.80 0.00
0.00 274.12
980.60 4.14 1.40 -2.70 287.97 304.70 9.21 0.10
0.00 351.76
966.70 3.04 0.72 -2.81 288.06 307.35 9.29 0.10
0.00 467.64
948.80 1.64 -0.20 -3.06 288.13 309.81 9.11 0.10
0.00 618.65
927.50 -0.16 -1.39 -3.36 288.11 313.15 8.53 0.00
0.00 801.04
904.20 -1.86 -2.76 -4.29 288.02 309.81 7.60 0.00
5.00 1004.10
878.90 -1.56 -4.11 -9.16 288.22 294.08 10.00 0.00
0.00 1229.94
850.70 -0.66 -4.78 -14.31 289.94 304.06 16.65 -0.10
0.00 1489.92
819.50 -1.16 -5.46 -15.69 292.20 302.32 22.53 -0.10
0.00 1787.94
785.40 -2.86 -6.68 -15.86 294.04 297.38 24.49 -0.20
0.00 2125.54
748.30 -5.16 -8.63 -17.76 295.16 291.30 24.59 -0.20
0.00 2507.07
708.20 -7.36 -11.17 -24.01 295.89 283.09 25.72 -0.10
0.00 2937.61
665.20 -9.96 -13.96 -32.98 296.95 274.80 27.87 0.00
0.00 3422.73
619.30 -13.06 -16.75 -39.55 298.98 265.15 32.17 0.10
0.00 3970.40
570.80 -16.76 -19.75 -39.42 301.74 264.57 39.02 0.20
0.00 4586.92
523.90 -20.96 -23.32 -41.64 304.05 263.82 45.12 0.20
0.00 5225.19
481.60 -25.56 -27.29 -43.47 305.70 255.39 46.97 0.20
0.00 5841.05
443.80 -30.56 -31.68 -44.23 306.61 248.70 49.20 0.20
0.00 6427.52
409.80 -35.26 -35.83 -42.57 307.77 251.69 55.65 0.20
0.00 6988.09
379.00 -38.76 -39.15 -44.66 309.98 256.73 63.46 0.30
0.00 7528.22
351.30 -41.86 -42.28 -51.04 312.26 254.85 75.06 0.30
0.00 8045.54
326.40 -46.06 -46.25 -50.85 313.13 250.97 82.19 0.30
0.00 8538.77
304.00 -49.76 -49.94 -56.52 314.16 249.30 84.09 0.30
0.00 9007.54
283.80 -51.86 -52.04 -60.30 317.30 247.69 81.88 0.30
0.00 9455.04
265.60 -51.16 -51.44 -66.03 324.31 243.69 79.31 0.30
0.00 9885.04
248.80 -49.86 -50.24 -71.42 332.31 239.67 80.79 0.20
0.00 10310.88
233.50 -48.96 -49.41 -71.85 339.76 240.34 82.03 0.10
0.00 10726.54
219.60 -49.26 -49.72 -72.27 345.30 240.51 76.55 0.10
0.00 11129.04
205.60 -49.46 -49.94 -72.72 351.55 235.40 74.57 0.00
0.00 11560.56
191.70 -49.76 -9999.00 -9999.00 -9999.00 232.70 76.92 0.00
0.00 12018.60
177.70 -50.56 -9999.00 -9999.00 -9999.00 234.16 73.33 0.00
0.00 12513.60
163.80 -51.06 -9999.00 -9999.00 -9999.00 230.22 68.01 0.00
0.00 13043.69
149.80 -51.66 -9999.00 -9999.00 -9999.00 228.61 65.52 0.00
0.00 13623.73
135.90 -52.76 -9999.00 -9999.00 -9999.00 229.06 60.18 -0.10
0.00 14253.52
121.90 -54.56 -9999.00 -9999.00 -9999.00 230.76 47.90 -0.10
0.00 14952.01
107.90 -57.06 -9999.00 -9999.00 -9999.00 221.00 39.37 0.00
0.00 15728.13
94.00 -57.46 -9999.00 -9999.00 -9999.00 215.57 42.75 0.00
0.00 16599.64
81.00 -57.16 -9999.00 -9999.00 -9999.00 217.31 40.05 0.00
0.00 17540.04
70.60 -56.36 -9999.00 -9999.00 -9999.00 213.23 33.66 0.00
0.00 18410.46
62.20 -56.66 -9999.00 -9999.00 -9999.00 209.36 28.54 0.00
0.00 19213.75
54.30 -57.86 -9999.00 -9999.00 -9999.00 206.95 26.15 0.00
0.00 20072.12
46.90 -58.46 -9999.00 -9999.00 -9999.00 209.41 24.53 0.00
0.00 20994.10
40.10 -59.46 -9999.00 -9999.00 -9999.00 211.76 14.39 0.00
0.00 21976.18
33.80 -60.36 -9999.00 -9999.00 -9999.00 183.43 9.73 0.00
0.00 23043.01
27.80 -60.06 -9999.00 -9999.00 -9999.00 223.15 4.25 0.00
0.00 24261.10
22.30 -57.46 -9999.00 -9999.00 -9999.00 329.42 4.97 0.00
0.00 25644.53
17.10 -53.36 -9999.00 -9999.00 -9999.00 105.26 4.43 0.00
0.00 27336.76
12.30 -52.56 -9999.00 -9999.00 -9999.00 242.88 8.95 0.00
0.00 29460.34

STID = KGRB STNM = 726450 TIME = 221027/0500 
SLAT = 44.48 SLON = -88.13 SELV = 195.0
STIM = 17

SHOW = 12.05 LIFT = 14.26 SWET = 84.20 KINX = -6.75
LCLP = 958.21 PWAT = 7.40 TOTL = 33.76 CAPE = 0.00
LCLT = 271.91 CINS = 0.00 EQLV = -9999.00 LFCT = -9999.00
BRCH = 0.00

PRES TMPC TMWC DWPC THTE DRCT SKNT OMEG
CFRL HGHT
998.00 1.94 0.89 -0.68 285.42 266.63 3.30 0.00
1.00 204.70
995.00 3.24 1.34 -1.45 286.52 284.04 6.41 0.00
0.00 229.05
989.50 4.34 1.60 -2.49 287.49 299.05 8.00 0.00
0.00 274.07
980.10 3.94 1.24 -2.83 287.73 310.31 8.41 0.10
0.00 351.70
966.20 2.84 0.57 -2.90 287.83 311.42 8.80 0.10
0.00 467.55
948.40 1.44 -0.32 -3.06 287.96 310.46 8.68 0.20
0.00 617.67
927.10 -0.36 -1.53 -3.41 287.90 306.61 8.47 0.30
0.00 800.01
903.80 -1.46 -2.88 -5.37 287.83 298.81 8.88 0.30
3.00 1003.21
878.50 -0.56 -3.97 -11.10 288.46 298.54 12.61 0.20
0.00 1229.71
850.40 -0.46 -4.43 -13.14 290.61 303.69 18.90 0.20
0.00 1489.42
819.20 -1.26 -5.19 -13.97 292.74 299.57 23.23 0.20
0.00 1787.63
785.10 -3.16 -6.52 -14.11 294.39 295.54 24.32 0.20
0.00 2125.16
748.00 -5.46 -8.65 -16.78 295.19 290.45 24.46 0.20
0.00 2506.45
708.00 -7.76 -11.34 -23.18 295.65 279.32 25.19 0.20
0.00 2935.53
665.00 -10.16 -14.13 -33.27 296.72 267.60 27.80 0.20
0.00 3420.24
619.10 -12.96 -16.64 -38.63 299.19 260.54 33.08 0.20
0.00 3967.98
570.70 -16.66 -19.67 -39.42 301.87 262.07 39.41 0.20
0.00 4583.63
523.80 -21.26 -23.45 -39.41 303.88 258.99 43.73 0.10
0.00 5221.77
481.50 -25.66 -27.33 -42.44 305.67 248.24 48.74 0.10
0.00 5837.27
443.80 -30.76 -31.48 -37.62 306.95 246.33 53.22 0.10
0.00 6421.93
409.80 -35.16 -35.51 -38.99 308.25 252.53 54.99 0.20
13.00 6982.43
379.00 -38.56 -38.96 -44.66 310.25 256.18 62.61 0.30
1.00 7522.92
351.30 -42.36 -42.68 -48.76 311.69 253.17 74.48 0.30
0.00 8039.91
326.40 -46.46 -46.66 -51.67 312.54 249.54 78.36 0.30
4.00 8532.18
304.00 -50.06 -50.21 -55.26 313.78 247.66 80.23 0.30
0.00 9000.22
283.80 -52.16 -52.31 -58.54 316.91 245.30 79.97 0.30
0.00 9447.12
265.60 -51.66 -51.92 -66.03 323.58 241.19 79.82 0.30
0.00 9876.35
248.80 -50.36 -50.69 -66.51 331.61 235.42 83.51 0.20
0.00 10301.23
233.50 -49.66 -50.07 -71.85 338.70 237.11 85.14 0.20
0.00 10715.78
219.60 -49.96 -50.38 -72.27 344.22 240.11 76.40 0.10
0.00 11117.01
205.60 -50.46 -50.89 -72.72 349.98 234.24 68.47 0.00
0.00 11546.90
191.70 -51.26 -9999.00 -9999.00 -9999.00 229.73 73.33 0.00
0.00 12002.38
177.70 -51.06 -9999.00 -9999.00 -9999.00 232.72 75.68 0.00
0.00 12495.15
163.80 -51.46 -9999.00 -9999.00 -9999.00 230.98 67.25 -0.10
0.00 13024.18
149.80 -52.66 -9999.00 -9999.00 -9999.00 228.31 64.26 -0.10
0.00 13602.38
135.90 -53.36 -9999.00 -9999.00 -9999.00 227.24 59.79 0.00
0.00 14229.89
121.90 -54.76 -9999.00 -9999.00 -9999.00 228.37 51.46 0.00
0.00 14927.11
108.00 -56.76 -9999.00 -9999.00 -9999.00 215.67 38.97 0.00
0.00 15697.51
94.00 -57.56 -9999.00 -9999.00 -9999.00 215.23 42.09 0.00
0.00 16575.28
81.00 -57.16 -9999.00 -9999.00 -9999.00 216.48 39.86 0.00
0.00 17515.46
70.60 -56.36 -9999.00 -9999.00 -9999.00 212.42 31.53 0.00
0.00 18385.88
62.20 -56.66 -9999.00 -9999.00 -9999.00 204.04 27.66 0.00
0.00 19189.17
54.30 -58.26 -9999.00 -9999.00 -9999.00 200.61 24.28 0.00
0.00 20046.75
46.90 -58.66 -9999.00 -9999.00 -9999.00 203.37 24.96 0.00
0.00 20967.44
40.10 -59.16 -9999.00 -9999.00 -9999.00 205.17 17.81 0.00
0.00 21949.75
33.80 -60.16 -9999.00 -9999.00 -9999.00 198.17 13.09 0.00
0.00 23017.83
27.80 -59.56 -9999.00 -9999.00 -9999.00 225.00 4.12 0.00
0.00 24237.92
22.30 -57.36 -9999.00 -9999.00 -9999.00 26.57 3.05 0.00
0.00 25623.29
17.10 -54.06 -9999.00 -9999.00 -9999.00 130.24 3.30 0.00
0.00 27313.19
12.30 -52.86 -9999.00 -9999.00 -9999.00 249.03 12.49 0.00
0.00 29431.95

STID = KGRB STNM = 726450 TIME = 221027/0600 
SLAT = 44.48 SLON = -88.13 SELV = 195.0
STIM = 18

SHOW = 11.07 LIFT = 14.28 SWET = 90.85 KINX = -4.21
LCLP = 960.61 PWAT = 7.76 TOTL = 36.31 CAPE = 0.00
LCLT = 271.87 CINS = 0.00 EQLV = -9999.00 LFCT = -9999.00
BRCH = 0.00

PRES TMPC TMWC DWPC THTE DRCT SKNT OMEG
CFRL HGHT
998.50 1.74 0.74 -0.75 285.11 265.24 2.33 0.00
1.00 204.69
995.50 3.24 1.30 -1.56 286.40 290.85 4.37 0.00
0.00 229.02
990.00 4.24 1.49 -2.66 287.23 315.00 5.77 0.00
0.00 274.01
980.60 3.84 1.15 -2.95 287.50 327.26 6.47 0.10
0.00 351.56
966.70 2.84 0.54 -2.98 287.74 321.84 6.92 0.10
0.00 467.33
948.90 1.34 -0.42 -3.18 287.73 316.08 7.28 0.20
0.00 617.35
927.50 -0.16 -1.67 -4.17 287.59 309.29 8.28 0.30
0.00 800.47
904.20 -0.66 -2.94 -7.13 287.67 307.69 10.80 0.30
0.00 1003.93
879.00 -0.06 -3.53 -10.57 289.17 308.20 15.07 0.20
0.00 1229.93
850.80 -0.16 -3.81 -11.17 291.70 303.25 20.90 0.20
0.00 1490.85
819.60 -1.06 -4.58 -11.77 293.81 297.42 23.19 0.20
0.00 1789.24
785.40 -3.36 -6.33 -12.69 294.72 294.44 23.47 0.20
0.00 2127.66
748.30 -5.86 -8.77 -16.02 294.98 290.27 22.98 0.20
0.00 2508.41
708.20 -7.96 -11.46 -23.04 295.44 274.18 23.95 0.20
0.00 2937.95
665.20 -9.86 -13.93 -33.57 297.00 260.99 28.52 0.20
0.00 3422.61
619.30 -12.66 -16.25 -35.23 299.81 257.95 35.35 0.20
0.00 3970.82
570.90 -16.56 -19.59 -39.42 301.96 261.47 39.28 0.30
0.00 4586.75
523.90 -21.06 -23.35 -40.69 304.00 253.54 44.56 0.20
0.00 5226.45
481.70 -26.06 -27.16 -34.46 305.96 245.14 52.66 0.20
0.00 5840.11
443.80 -30.86 -31.26 -34.17 307.29 249.10 52.82 0.20
24.00 6427.21
409.80 -34.66 -35.10 -39.62 308.83 253.94 54.78 0.30
5.00 6988.19
379.00 -38.36 -38.76 -44.19 310.55 255.38 64.65 0.30
0.00 7529.49
351.30 -42.66 -42.89 -46.91 311.40 248.82 73.12 0.30
14.00 8046.37
326.40 -46.86 -46.99 -50.10 312.07 247.95 73.99 0.20
87.00 8537.89
304.00 -50.46 -50.59 -55.26 313.22 245.49 74.92 0.20
0.00 9005.10
283.80 -52.36 -52.55 -62.51 316.55 243.37 76.71 0.20
0.00 9451.40
265.60 -52.16 -52.40 -66.03 322.85 237.79 81.27 0.20
0.00 9879.94
248.80 -51.36 -51.65 -66.51 330.12 233.34 86.21 0.30
0.00 10303.39
233.50 -51.36 -51.70 -71.85 336.12 237.30 87.72 0.20
0.00 10715.43
219.60 -50.46 -50.86 -72.27 343.45 240.93 79.56 0.20
0.00 11114.69
205.60 -50.56 -50.98 -72.72 349.82 236.98 68.80 0.10
0.00 11544.00
191.70 -51.36 -9999.00 -9999.00 -9999.00 231.74 73.72 0.00
0.00 11999.28
177.70 -52.16 -9999.00 -9999.00 -9999.00 231.70 77.72 0.00
0.00 12490.72
163.80 -52.06 -9999.00 -9999.00 -9999.00 229.64 71.39 0.00
0.00 13017.71
149.80 -52.56 -9999.00 -9999.00 -9999.00 227.42 65.17 0.00
0.00 13595.27
135.90 -53.86 -9999.00 -9999.00 -9999.00 226.73 59.23 0.00
0.00 14222.21
121.90 -54.66 -9999.00 -9999.00 -9999.00 225.61 51.92 0.00
0.00 14918.79
108.00 -56.26 -9999.00 -9999.00 -9999.00 216.01 38.66 0.00
0.00 15690.26
94.00 -57.76 -9999.00 -9999.00 -9999.00 212.72 44.56 0.00
0.00 16568.64
81.00 -57.36 -9999.00 -9999.00 -9999.00 217.08 41.88 0.00
0.00 17507.94
70.60 -56.86 -9999.00 -9999.00 -9999.00 211.89 30.89 0.00
0.00 18376.95
62.20 -56.76 -9999.00 -9999.00 -9999.00 204.41 30.07 0.00
0.00 19179.13
54.30 -57.46 -9999.00 -9999.00 -9999.00 201.56 25.89 0.00
0.00 20038.10
46.90 -58.16 -9999.00 -9999.00 -9999.00 206.19 26.85 0.00
0.00 20961.57
40.10 -58.16 -9999.00 -9999.00 -9999.00 214.01 19.44 0.00
0.00 21947.33
33.80 -59.16 -9999.00 -9999.00 -9999.00 225.58 13.60 0.00
0.00 23020.41
27.80 -58.36 -9999.00 -9999.00 -9999.00 276.84 4.90 0.00
0.00 24246.79
22.30 -57.56 -9999.00 -9999.00 -9999.00 46.64 4.82 0.00
0.00 25635.38
17.10 -55.86 -9999.00 -9999.00 -9999.00 132.51 3.17 0.00
0.00 27317.51
12.30 -53.76 -9999.00 -9999.00 -9999.00 251.00 12.53 0.00
0.00 29423.25

STID = KGRB STNM = 726450 TIME = 221027/0700 
SLAT = 44.48 SLON = -88.13 SELV = 195.0
STIM = 19

SHOW = 9.68 LIFT = 14.14 SWET = 93.08 KINX = -0.56
LCLP = 961.24 PWAT = 8.23 TOTL = 39.52 CAPE = 0.00
LCLT = 271.88 CINS = 0.00 EQLV = -9999.00 LFCT = -9999.00
BRCH = 0.00

PRES TMPC TMWC DWPC THTE DRCT SKNT OMEG
CFRL HGHT
999.00 1.74 0.75 -0.74 285.07 228.81 2.06 0.00
1.00 204.68
996.10 3.24 1.34 -1.47 286.41 281.31 1.98 0.00
0.00 228.19
990.60 4.14 1.48 -2.52 287.16 341.57 3.07 0.00
0.00 273.14
981.10 3.74 1.09 -2.95 287.35 351.47 3.92 0.00
0.00 351.45
967.20 2.74 0.46 -3.05 287.54 338.20 4.18 0.00
0.00 467.12
949.40 1.34 -0.49 -3.39 287.54 324.46 5.01 0.00
0.00 617.03
928.00 0.04 -1.74 -4.75 287.41 318.37 7.01 0.00
0.00 800.11
904.70 -0.06 -2.68 -7.50 288.06 315.00 10.43 0.00
0.00 1003.74
879.50 0.54 -2.77 -8.97 290.50 308.87 16.72 -0.10
0.00 1230.13
851.20 0.34 -2.90 -8.77 293.33 303.83 21.99 -0.20
0.00 1492.42
820.00 -0.86 -4.05 -10.09 294.76 296.77 24.15 -0.20
0.00 1791.11
785.80 -3.56 -6.33 -12.16 294.69 294.29 24.09 -0.30
0.00 2129.40
748.60 -6.06 -8.81 -15.61 294.87 288.59 22.55 -0.30
0.00 2510.73
708.50 -8.06 -11.55 -23.17 295.26 269.53 23.70 -0.20
0.00 2939.85
665.50 -9.96 -13.75 -29.97 297.30 258.19 30.36 -0.10
0.00 3424.14
619.50 -12.76 -16.22 -33.43 299.86 259.34 36.77 0.00
0.00 3973.15
571.00 -16.46 -19.52 -39.42 302.06 259.98 39.06 0.10
0.00 4590.22
524.10 -21.06 -23.25 -38.62 304.14 250.56 45.53 0.10
0.00 5228.51
481.80 -26.36 -26.96 -30.34 306.26 248.84 51.65 0.20
0.00 5843.12
443.90 -30.46 -30.96 -34.60 307.71 251.50 53.87 0.30
8.00 6430.25
409.90 -34.56 -35.04 -39.94 308.90 254.03 57.19 0.30
1.00 6991.68
379.10 -38.76 -39.12 -44.18 309.99 253.73 65.15 0.30
0.00 7532.49
351.40 -42.96 -43.14 -46.36 311.00 246.68 70.65 0.30
82.00 8048.46
326.40 -47.06 -47.23 -51.67 311.72 246.45 70.98 0.30
38.00 8541.34
304.00 -50.16 -50.35 -57.99 313.56 249.83 70.98 0.30
0.00 9008.65
283.80 -52.46 -52.62 -60.30 316.44 247.60 72.90 0.20
0.00 9455.15
265.60 -53.26 -53.44 -63.02 321.28 239.76 78.69 0.20
0.00 9882.53
248.80 -52.86 -53.10 -66.51 327.89 238.68 84.81 0.20
0.00 10303.49
233.50 -51.96 -52.25 -66.97 335.26 240.91 84.69 0.20
0.00 10713.58
219.60 -51.26 -51.62 -72.27 342.22 238.97 82.52 0.10
0.00 11111.59
205.60 -50.86 -51.27 -72.72 349.35 238.72 78.19 0.10
0.00 11539.84
191.70 -51.36 -9999.00 -9999.00 -9999.00 236.31 67.23 0.10
0.00 11994.80
177.70 -52.26 -9999.00 -9999.00 -9999.00 229.99 71.00 0.10
0.00 12486.13
163.80 -52.26 -9999.00 -9999.00 -9999.00 228.61 71.99 0.10
0.00 13012.77
149.80 -52.36 -9999.00 -9999.00 -9999.00 224.21 69.64 0.10
0.00 13590.32
135.90 -53.56 -9999.00 -9999.00 -9999.00 228.31 64.26 0.00
0.00 14217.98
121.90 -54.46 -9999.00 -9999.00 -9999.00 224.21 49.86 0.00
0.00 14915.35
108.00 -56.16 -9999.00 -9999.00 -9999.00 220.90 40.35 0.00
0.00 15687.35
94.00 -58.26 -9999.00 -9999.00 -9999.00 212.11 46.78 0.00
0.00 16564.92
81.00 -57.66 -9999.00 -9999.00 -9999.00 222.99 43.03 0.00
0.00 17502.49
70.60 -57.06 -9999.00 -9999.00 -9999.00 218.71 32.61 0.00
0.00 18370.49
62.20 -56.66 -9999.00 -9999.00 -9999.00 207.51 31.55 0.00
0.00 19172.48
54.30 -56.46 -9999.00 -9999.00 -9999.00 207.66 27.19 0.00
0.00 20033.64
46.90 -57.06 -9999.00 -9999.00 -9999.00 207.19 23.80 0.00
0.00 20961.61
40.10 -57.26 -9999.00 -9999.00 -9999.00 221.31 17.07 0.00
0.00 21951.95
33.80 -58.46 -9999.00 -9999.00 -9999.00 243.43 11.73 0.00
0.00 23029.03
27.80 -58.36 -9999.00 -9999.00 -9999.00 273.37 3.30 0.00
0.00 24257.42
22.30 -58.26 -9999.00 -9999.00 -9999.00 72.90 5.28 0.00
0.00 25643.76
17.10 -56.66 -9999.00 -9999.00 -9999.00 186.01 3.71 0.00
0.00 27320.05
12.30 -54.06 -9999.00 -9999.00 -9999.00 248.52 12.74 0.00
0.00 29420.49

STID = KGRB STNM = 726450 TIME = 221027/0800 
SLAT = 44.48 SLON = -88.13 SELV = 195.0
STIM = 20

SHOW = 8.38 LIFT = 14.03 SWET = 92.45 KINX = 3.35
LCLP = 965.24 PWAT = 9.07 TOTL = 42.25 CAPE = 0.00
LCLT = 272.01 CINS = 0.00 EQLV = -9999.00 LFCT = -9999.00
BRCH = 0.00

PRES TMPC TMWC DWPC THTE DRCT SKNT OMEG
CFRL HGHT
1000.20 1.64 0.73 -0.65 284.92 217.87 2.21 0.00
1.00 204.67
997.20 3.04 1.35 -1.14 286.32 225.00 1.11 0.00
0.00 228.94
991.80 3.94 1.55 -1.97 287.20 30.96 1.13 0.00
0.00 273.00
982.30 3.74 1.17 -2.72 287.38 33.69 2.10 0.00
0.00 351.19
968.40 2.74 0.45 -3.08 287.41 360.00 1.94 0.00
0.00 466.72
950.50 1.44 -0.45 -3.46 287.50 328.39 2.97 0.10
0.00 617.32
929.20 0.24 -1.63 -4.78 287.48 319.64 5.09 0.10
0.00 799.42
905.80 0.34 -2.32 -7.11 288.58 315.83 9.48 0.20
0.00 1003.89
880.50 1.14 -1.82 -6.87 292.13 311.42 17.62 0.10
0.00 1231.36
852.20 0.94 -1.95 -6.70 295.01 303.69 22.42 0.10
0.00 1493.98
820.90 -0.86 -3.13 -6.91 296.40 298.05 26.85 0.10
0.00 1793.71
786.60 -3.96 -5.49 -8.27 296.14 297.31 26.67 0.10
0.00 2132.52
749.40 -6.56 -8.69 -13.61 295.01 289.65 23.10 0.00
0.00 2512.92
709.20 -8.16 -11.46 -22.00 295.34 270.91 24.48 0.00
0.00 2942.23
666.10 -10.16 -13.78 -28.70 297.19 259.18 31.04 0.00
0.00 3426.94
620.00 -12.86 -16.27 -33.14 299.71 261.83 35.53 0.10
0.00 3976.36
571.40 -16.56 -19.59 -39.41 301.88 257.44 38.40 0.10
0.00 4594.00
524.40 -21.36 -23.53 -39.40 303.66 254.02 44.44 0.20
0.00 5232.74
482.00 -26.16 -26.88 -31.01 306.34 254.37 49.01 0.30
0.00 5848.37
444.10 -30.06 -30.79 -36.51 307.91 256.22 53.01 0.30
0.00 6435.94
410.00 -34.76 -35.33 -41.75 308.44 256.67 57.28 0.30
0.00 6999.03
379.20 -38.86 -39.14 -42.88 309.95 249.15 65.48 0.20
15.00 7539.36
351.40 -43.16 -43.36 -46.91 310.70 247.61 66.80 0.10
74.00 8056.79
326.50 -46.66 -46.92 -54.67 312.13 250.83 67.44 0.20
0.00 8547.84
304.00 -49.86 -50.04 -56.52 314.02 250.72 70.59 0.20
0.00 9017.89
283.80 -52.56 -52.72 -60.30 316.30 247.86 74.24 0.20
0.00 9464.59
265.70 -53.86 -54.00 -60.81 320.41 243.76 77.76 0.20
0.00 9888.87
248.80 -54.16 -54.33 -63.51 326.00 243.31 81.74 0.10
0.00 10310.43
233.50 -53.46 -53.69 -66.97 332.98 243.31 79.56 0.10
0.00 10717.92
219.60 -52.06 -52.39 -72.27 340.99 237.45 78.34 0.20
0.00 11113.86
205.60 -51.16 -51.55 -72.72 348.88 234.58 78.42 0.20
0.00 11541.05
191.70 -50.76 -9999.00 -9999.00 -9999.00 236.06 73.06 0.10
0.00 11996.32
177.70 -51.46 -9999.00 -9999.00 -9999.00 233.20 62.59 0.10
0.00 12489.21
163.80 -52.16 -9999.00 -9999.00 -9999.00 226.63 67.60 0.10
0.00 13016.92
149.80 -52.16 -9999.00 -9999.00 -9999.00 226.80 70.09 0.10
0.00 13594.86
135.90 -52.56 -9999.00 -9999.00 -9999.00 227.80 61.89 0.10
0.00 14224.23
121.90 -54.16 -9999.00 -9999.00 -9999.00 226.48 47.96 0.00
0.00 14923.67
108.00 -56.26 -9999.00 -9999.00 -9999.00 221.77 41.41 0.00
0.00 15696.03
94.00 -57.76 -9999.00 -9999.00 -9999.00 216.87 45.65 0.00
0.00 16574.41
81.00 -58.06 -9999.00 -9999.00 -9999.00 223.03 43.84 0.00
0.00 17512.19
70.60 -57.46 -9999.00 -9999.00 -9999.00 221.55 31.92 0.00
0.00 18378.58
62.20 -56.76 -9999.00 -9999.00 -9999.00 208.18 30.85 0.00
0.00 19179.65
54.30 -55.96 -9999.00 -9999.00 -9999.00 206.38 26.67 0.00
0.00 20041.60
46.90 -56.16 -9999.00 -9999.00 -9999.00 207.04 20.94 0.00
0.00 20972.58
40.10 -57.66 -9999.00 -9999.00 -9999.00 226.08 14.57 0.00
0.00 21964.06
33.80 -59.06 -9999.00 -9999.00 -9999.00 253.30 8.12 0.00
0.00 23038.64
27.80 -58.76 -9999.00 -9999.00 -9999.00 250.35 2.89 0.00
0.00 24264.17
22.30 -58.76 -9999.00 -9999.00 -9999.00 102.99 2.58 0.00
0.00 25647.60
17.10 -56.96 -9999.00 -9999.00 -9999.00 217.30 5.13 0.00
0.00 27320.79
12.30 -54.36 -9999.00 -9999.00 -9999.00 245.73 10.86 0.00
0.00 29418.34

STID = KGRB STNM = 726450 TIME = 221027/0900 
SLAT = 44.48 SLON = -88.13 SELV = 195.0
STIM = 21

SHOW = 8.13 LIFT = 14.36 SWET = 90.95 KINX = 5.54
LCLP = 967.53 PWAT = 9.39 TOTL = 42.79 CAPE = 0.00
LCLT = 272.08 CINS = 0.00 EQLV = -9999.00 LFCT = -9999.00
BRCH = 0.00

PRES TMPC TMWC DWPC THTE DRCT SKNT OMEG
CFRL HGHT
1000.40 1.54 0.68 -0.61 284.83 208.61 2.43 0.00
0.00 203.86
997.40 2.84 1.33 -0.87 286.28 192.53 1.79 0.00
0.00 228.11
991.90 3.74 1.68 -1.29 287.44 122.01 1.83 -0.10
0.00 272.96
982.50 3.54 1.21 -2.26 287.45 94.76 2.33 -0.10
0.00 350.26
968.60 2.74 0.49 -2.99 287.45 90.00 1.17 -0.10
0.00 465.72
950.70 1.44 -0.45 -3.45 287.49 321.34 1.24 0.00
0.00 616.29
929.30 0.34 -1.57 -4.77 287.58 310.60 3.57 0.00
0.00 799.25
905.90 0.74 -1.99 -6.80 289.16 314.09 8.66 0.00
0.00 1003.90
880.60 1.54 -1.09 -5.26 293.50 311.19 16.51 0.00
0.00 1231.70
852.30 1.14 -1.38 -5.29 296.09 301.38 22.75 0.00
0.00 1494.63
821.00 -0.96 -3.44 -7.72 295.80 298.68 25.91 0.00
0.00 1794.39
786.70 -4.06 -5.65 -8.57 295.84 291.48 25.47 0.10
0.00 2133.00
749.50 -6.66 -8.53 -12.68 295.30 283.92 23.41 0.10
0.00 2513.23
709.30 -8.16 -11.32 -21.06 295.57 273.08 25.29 0.20
0.00 2942.43
666.10 -10.56 -13.89 -26.87 297.06 265.21 30.21 0.20
0.00 3427.88
620.00 -13.06 -16.42 -33.14 299.48 261.92 34.54 0.20
0.00 3976.70
571.50 -16.76 -19.76 -39.86 301.60 258.27 36.31 0.20
0.00 4592.53
524.40 -21.26 -23.23 -35.68 304.16 256.03 41.03 0.20
0.00 5232.47
482.00 -25.46 -26.30 -31.01 307.21 256.92 48.06 0.30
0.00 5849.10
444.10 -29.96 -30.85 -38.52 307.80 257.18 53.40 0.20
0.00 6437.62
410.00 -34.76 -35.26 -40.63 308.55 251.94 57.01 0.10
0.00 7000.82
379.20 -38.96 -39.26 -43.30 309.78 247.53 62.00 0.00
10.00 7541.04
351.40 -43.06 -43.36 -49.46 310.69 249.57 61.77 -0.10
1.00 8058.46
326.50 -46.56 -46.80 -53.56 312.30 249.53 63.87 -0.10
0.00 8549.72
304.00 -49.96 -50.09 -54.15 313.96 247.49 70.03 0.00
7.00 9019.77
283.80 -53.06 -53.16 -57.08 315.66 245.56 72.77 0.00
0.00 9465.87
265.70 -54.96 -55.07 -60.81 318.81 242.61 78.11 0.00
0.00 9888.62
248.80 -55.46 -55.57 -61.32 324.10 244.99 79.95 0.00
0.00 10307.87
233.50 -54.16 -54.37 -66.97 331.92 244.17 74.88 0.00
0.00 10713.50
219.60 -52.86 -53.16 -72.27 339.75 238.80 71.99 0.10
0.00 11108.09
205.60 -51.46 -51.84 -72.72 348.41 233.45 75.68 0.10
0.00 11534.22
191.70 -50.86 -9999.00 -9999.00 -9999.00 235.34 76.52 0.10
0.00 11989.09
177.70 -50.96 -9999.00 -9999.00 -9999.00 238.25 68.30 0.00
0.00 12482.41
163.80 -52.16 -9999.00 -9999.00 -9999.00 230.31 60.84 0.00
0.00 13010.72
149.80 -53.16 -9999.00 -9999.00 -9999.00 226.22 64.30 0.00
0.00 13587.36
135.90 -53.06 -9999.00 -9999.00 -9999.00 228.80 62.22 0.10
0.00 14214.58
121.90 -53.76 -9999.00 -9999.00 -9999.00 229.45 49.59 0.00
0.00 14913.87
107.90 -56.06 -9999.00 -9999.00 -9999.00 220.77 42.83 0.00
0.00 15693.21
94.00 -57.36 -9999.00 -9999.00 -9999.00 215.48 46.52 0.00
0.00 16566.94
81.00 -58.26 -9999.00 -9999.00 -9999.00 226.12 42.31 0.00
0.00 17505.16
70.60 -57.36 -9999.00 -9999.00 -9999.00 220.20 32.81 0.00
0.00 18371.35
62.20 -57.16 -9999.00 -9999.00 -9999.00 208.81 31.04 0.00
0.00 19171.86
54.30 -56.16 -9999.00 -9999.00 -9999.00 210.05 27.16 0.00
0.00 20032.61
46.90 -56.76 -9999.00 -9999.00 -9999.00 209.45 18.96 0.00
0.00 20961.88
40.10 -58.26 -9999.00 -9999.00 -9999.00 219.59 13.11 0.00
0.00 21950.61
33.80 -59.86 -9999.00 -9999.00 -9999.00 214.11 7.26 0.00
0.00 23021.69
27.80 -59.26 -9999.00 -9999.00 -9999.00 208.44 5.30 0.00
0.00 24243.50
22.30 -59.06 -9999.00 -9999.00 -9999.00 147.53 2.53 0.00
0.00 25624.35
17.10 -56.96 -9999.00 -9999.00 -9999.00 246.80 2.95 0.00
0.00 27296.37
12.30 -54.26 -9999.00 -9999.00 -9999.00 263.88 10.94 0.00
0.00 29394.40
STN YYMMDD/HHMM PMSL PRES SKTC STC1 SNFL WTNS
P01M C01M STC2 LCLD MCLD HCLD
SNRA UWND VWND R01M BFGR T2MS
Q2MS WXTS WXTP WXTZ WXTR USTM
VSTM HLCY SLLH WSYM CDBP VSBK
TD2M
726450 221026/1200 1011.60 987.80 4.64 277.80 -9999.00 23.00
-9999.00 -9999.00 278.00 100.00 100.00 0.00
-9999.00 2.50 -2.20 -9999.00 -9999.00 4.64
4.43 0.00 0.00 0.00 0.00 14.70
-5.40 -112.40 -9999.00 999.00 893.90 20.00
1.79
726450 221026/1300 1012.70 988.90 4.74 277.90 0.00 23.00
0.00 0.00 278.10 100.00 87.00 0.00
-9999.00 3.40 -2.30 -9999.00 -9999.00 4.74
4.33 0.00 0.00 0.00 0.00 16.50
-6.30 -58.60 0.01 999.00 869.80 0.02
1.49
726450 221026/1400 1013.60 989.70 5.34 278.50 0.00 22.00
0.00 0.00 278.60 100.00 41.00 0.00
-9999.00 3.60 -3.00 -9999.00 -9999.00 5.24
4.22 0.00 0.00 0.00 0.00 17.10
-7.90 -75.70 0.01 999.00 870.60 0.03
1.15
726450 221026/1500 1015.40 991.50 6.24 279.40 0.00 22.00
0.00 0.00 279.40 100.00 0.00 0.00
-9999.00 3.10 -4.00 -9999.00 -9999.00 5.64
4.18 0.00 0.00 0.00 0.00 17.40
-7.40 -106.20 0.01 999.00 897.10 20.00
1.04
726450 221026/1600 1016.10 992.20 7.24 280.40 0.00 21.00
0.00 0.00 280.40 100.00 0.00 0.00
-9999.00 3.80 -4.20 -9999.00 -9999.00 5.94
4.14 0.00 0.00 0.00 0.00 18.00
-7.20 -88.40 0.01 999.00 872.70 20.00
0.92
726450 221026/1700 1014.80 991.00 7.84 281.00 0.00 20.00
0.00 0.00 280.90 100.00 0.00 0.00
-9999.00 4.10 -4.00 -9999.00 -9999.00 6.24
4.04 0.00 0.00 0.00 0.00 17.80
-8.70 -104.00 0.00 999.00 871.60 20.00
0.57
726450 221026/1800 1015.30 991.50 8.54 281.70 0.00 19.00
0.00 0.00 281.50 100.00 0.00 0.00
-9999.00 4.70 -3.40 -9999.00 -9999.00 6.54
4.05 0.00 0.00 0.00 0.00 18.50
-9.20 -107.00 0.00 999.00 872.00 20.00
0.61
726450 221026/1900 1016.10 992.30 7.34 280.50 0.00 18.00
0.00 0.00 280.60 80.00 0.00 0.00
-9999.00 4.10 -2.70 -9999.00 -9999.00 6.54
3.98 0.00 0.00 0.00 0.00 18.60
-8.80 -75.50 -0.01 999.00 -9999.00 20.00
0.38
726450 221026/2000 1015.60 991.80 7.04 280.20 0.00 18.00
0.00 0.00 280.40 87.00 0.00 0.00
-9999.00 3.90 -2.40 -9999.00 -9999.00 6.74
3.89 0.00 0.00 0.00 0.00 18.20
-8.50 -91.50 0.00 999.00 -9999.00 20.00
0.06
726450 221026/2100 1016.90 993.20 6.94 280.10 0.00 18.00
0.00 0.00 280.20 78.00 0.00 0.00
-9999.00 3.20 -2.20 -9999.00 -9999.00 6.94
3.87 0.00 0.00 0.00 0.00 17.30
-9.20 -100.50 0.00 999.00 -9999.00 20.00
0.01
726450 221026/2200 1018.40 994.60 6.54 279.70 0.00 18.00
0.00 0.00 279.90 62.00 0.00 0.00
-9999.00 2.60 -1.30 -9999.00 -9999.00 6.64
4.00 0.00 0.00 0.00 0.00 15.70
-10.50 -63.50 -0.01 999.00 -9999.00 20.00
0.48
726450 221026/2300 1019.90 996.00 4.64 277.80 0.00 18.00
0.00 0.00 278.30 31.00 0.00 0.00
-9999.00 2.20 -0.60 -9999.00 -9999.00 5.14
4.23 0.00 0.00 0.00 0.00 14.20
-11.30 -31.90 -0.01 999.00 -9999.00 20.00
1.27
726450 221027/0000 1020.60 996.60 3.64 276.80 0.00 19.00
0.00 0.00 277.30 18.00 0.00 0.00
-9999.00 2.30 -0.50 -9999.00 -9999.00 4.04
4.16 0.00 0.00 0.00 0.00 13.40
-11.40 -27.90 0.00 999.00 -9999.00 20.00
1.05
726450 221027/0100 1021.20 997.10 2.64 275.80 0.00 19.00
0.00 0.00 276.40 6.00 0.00 0.00
-9999.00 2.50 -0.60 -9999.00 -9999.00 3.04
4.02 0.00 0.00 0.00 0.00 13.70
-11.00 -37.70 0.00 999.00 -9999.00 20.00
0.58
726450 221027/0200 1022.00 997.80 1.94 275.10 0.00 20.00
0.00 0.00 275.70 3.00 0.00 0.00
-9999.00 2.20 -0.40 -9999.00 -9999.00 2.34
3.91 0.00 0.00 0.00 0.00 14.30
-10.30 -39.80 0.00 999.00 -9999.00 20.00
0.21
726450 221027/0300 1022.70 998.50 1.24 274.40 0.00 20.00
0.00 0.00 274.90 2.00 0.00 0.00
-9999.00 1.70 -0.20 -9999.00 -9999.00 1.74
3.85 0.00 0.00 0.00 0.00 14.70
-9.80 -54.60 0.00 999.00 -9999.00 20.00
0.01
726450 221027/0400 1024.00 999.70 0.64 273.80 0.00 20.00
0.00 0.00 274.30 5.00 0.00 0.00
-9999.00 1.90 0.20 -9999.00 -9999.00 1.24
3.77 0.00 0.00 0.00 0.00 15.60
-8.20 -53.60 0.00 999.00 -9999.00 20.00
-0.26
726450 221027/0500 1023.50 999.20 0.04 273.20 0.00 20.00
0.00 0.00 273.80 3.00 13.00 0.00
-9999.00 1.60 -0.10 -9999.00 -9999.00 0.74
3.70 0.00 0.00 0.00 0.00 16.60
-7.00 -71.10 0.00 999.00 -9999.00 20.00
-0.52
726450 221027/0600 1024.00 999.70 -0.36 272.80 0.00 20.00
0.00 0.00 273.20 1.00 87.00 0.00
-9999.00 0.90 0.00 -9999.00 -9999.00 0.44
3.65 0.00 0.00 0.00 0.00 16.70
-6.30 -94.70 0.00 999.00 -9999.00 20.00
-0.70
726450 221027/0700 1024.60 1000.20 -0.56 272.60 0.00 20.00
0.00 0.00 273.00 1.00 82.00 0.00
-9999.00 0.30 0.40 -9999.00 -9999.00 0.34
3.64 0.00 0.00 0.00 0.00 16.00
-6.50 -116.40 0.00 999.00 -9999.00 20.00
-0.73
726450 221027/0800 1025.80 1001.40 -0.56 272.60 0.00 21.00
0.00 0.00 273.10 1.00 74.00 0.00
-9999.00 0.00 0.90 -9999.00 -9999.00 0.24
3.65 0.00 0.00 0.00 0.00 15.00
-7.30 -127.00 0.00 999.00 -9999.00 20.00
-0.68
726450 221027/0900 1026.00 1001.50 -0.56 272.60 0.00 21.00
0.00 0.00 273.00 0.00 10.00 0.00
-9999.00 -0.10 1.10 -9999.00 -9999.00 0.24
3.65 0.00 0.00 0.00 0.00 14.10
-7.60 -113.80 0.00 999.00 -9999.00 20.00
-0.68


