
SNPARM = PRES;TMPC;TMWC;DWPC;THTE;DRCT;SKNT;OMEG;CFRL;HGHT 
STNPRM = SHOW;LIFT;SWET;KINX;LCLP;PWAT;TOTL;CAPE;LCLT;CINS;EQLV;LFCT;BRCH 

STID = KYMY STNM = 770 TIME = 221026/1200 
SLAT = 54.05 SLON = 159.43 SELV = 752.0
STIM = 0

SHOW = 14.40 LIFT = 14.96 SWET = 97.61 KINX = -2.50
LCLP = 902.50 PWAT = 7.01 TOTL = 30.95 CAPE = 0.00
LCLT = 267.94 CINS = 0.00 EQLV = -9999.00 LFCT = -9999.00
BRCH = 0.00

PRES TMPC TMWC DWPC THTE DRCT SKNT OMEG
CFRL HGHT
934.10 -2.56 -3.34 -4.75 284.06 345.47 10.84 0.60
0.00 761.34
931.30 -0.86 -1.96 -3.81 286.70 330.33 17.66 0.50
0.00 785.23
926.20 -0.96 -2.07 -3.93 287.02 331.31 21.04 0.80
0.00 829.08
917.40 -1.56 -2.65 -4.54 286.87 332.39 23.89 1.20
0.00 905.19
904.60 -2.16 -3.42 -5.69 286.82 334.93 26.59 1.60
0.00 1016.97
888.10 -2.76 -4.36 -7.42 286.88 336.96 28.28 2.10
0.00 1163.06
868.50 -3.16 -5.37 -10.03 287.16 337.70 29.18 2.40
0.00 1339.80
847.20 -3.36 -6.31 -13.26 287.79 336.19 28.87 2.50
0.00 1536.18
824.30 -3.56 -7.10 -16.34 288.90 333.43 27.37 2.50
0.00 1752.70
798.80 -3.96 -7.85 -18.80 290.46 328.36 25.54 2.20
0.00 2000.67
770.70 -4.76 -8.61 -19.65 292.46 322.21 24.09 1.80
0.00 2282.61
740.10 -6.06 -9.50 -19.16 294.71 316.64 24.05 1.40
0.00 2600.33
707.00 -7.86 -10.65 -18.25 297.03 313.43 25.14 0.90
0.00 2957.11
671.30 -9.96 -12.07 -17.73 299.47 312.69 27.21 0.50
0.00 3358.21
633.00 -12.56 -14.03 -18.09 301.66 315.26 29.80 0.20
0.00 3808.94
591.90 -15.56 -16.68 -20.14 303.50 319.36 32.52 0.10
0.00 4318.50
548.50 -19.06 -20.13 -24.19 304.97 322.94 35.78 0.00
0.00 4889.17
506.20 -22.96 -23.98 -29.01 306.29 324.66 39.30 0.10
0.00 5481.80
467.90 -26.76 -27.71 -33.85 307.77 324.86 42.52 0.10
0.00 6053.81
433.30 -30.46 -31.32 -38.76 309.33 325.27 44.68 0.20
0.00 6603.85
401.90 -34.16 -34.84 -42.34 310.95 326.18 46.76 0.20
0.00 7134.27
373.20 -37.86 -38.41 -46.36 312.44 327.01 48.17 0.20
0.00 7648.61
347.10 -41.36 -41.90 -54.16 313.90 327.90 48.62 0.20
0.00 8144.27
323.50 -44.86 -45.32 -61.51 315.28 328.84 48.80 0.20
0.00 8618.42
302.00 -48.46 -48.75 -59.81 316.51 327.78 50.29 0.20
0.00 9074.37
282.60 -51.86 -52.02 -58.57 317.73 325.78 52.16 0.20
0.00 9507.75
264.90 -54.66 -54.78 -60.83 319.52 324.72 54.49 0.10
0.00 9924.07
248.40 -56.86 -56.96 -63.52 322.13 322.93 55.75 0.10
0.00 10333.32
233.40 -58.86 -58.96 -66.97 324.84 319.46 56.49 0.00
0.00 10725.85
219.50 -60.96 -61.06 -72.27 327.30 318.27 57.79 0.00
0.00 11109.11
205.60 -62.26 -62.34 -72.72 331.43 319.38 59.38 0.00
0.00 11514.19
191.70 -62.06 -62.16 -73.19 338.45 319.26 61.01 0.00
0.00 11946.52
177.70 -60.56 -60.69 -73.70 348.32 319.25 63.07 0.10
0.00 12416.76
163.80 -58.96 -9999.00 -9999.00 -9999.00 320.39 65.81 0.20
0.00 12925.52
149.80 -57.86 -9999.00 -9999.00 -9999.00 321.88 67.66 0.20
0.00 13487.12
135.90 -57.26 -9999.00 -9999.00 -9999.00 322.97 67.40 0.10
0.00 14101.66
121.90 -56.46 -9999.00 -9999.00 -9999.00 325.92 63.09 0.10
0.00 14789.97
107.90 -55.46 -9999.00 -9999.00 -9999.00 329.11 54.10 0.00
0.00 15565.56
94.00 -54.36 -9999.00 -9999.00 -9999.00 326.10 44.23 -0.10
0.00 16446.55
81.00 -53.86 -9999.00 -9999.00 -9999.00 323.76 42.39 -0.10
0.00 17400.89
70.60 -53.46 -9999.00 -9999.00 -9999.00 326.59 44.44 -0.10
0.00 18283.78
62.20 -53.26 -9999.00 -9999.00 -9999.00 329.61 43.01 0.00
0.00 19098.75
54.30 -53.56 -9999.00 -9999.00 -9999.00 327.94 39.88 0.00
0.00 19972.43
46.90 -53.56 -9999.00 -9999.00 -9999.00 323.19 40.52 0.10
0.00 20914.13
40.10 -52.06 -9999.00 -9999.00 -9999.00 321.99 35.00 0.00
0.00 21924.41
33.80 -49.96 -9999.00 -9999.00 -9999.00 327.88 19.72 0.00
0.00 23035.76
27.80 -50.76 -9999.00 -9999.00 -9999.00 318.29 11.97 0.00
0.00 24310.20
22.30 -50.16 -9999.00 -9999.00 -9999.00 322.48 13.71 0.00
0.00 25747.19
17.10 -47.36 -9999.00 -9999.00 -9999.00 354.56 8.20 0.00
0.00 27491.10
12.30 -44.46 -9999.00 -9999.00 -9999.00 54.29 7.65 0.00
0.00 29682.68

STID = KYMY STNM = 770 TIME = 221026/1300 
SLAT = 54.05 SLON = 159.43 SELV = 752.0
STIM = 1

SHOW = 14.59 LIFT = 15.25 SWET = 99.82 KINX = -1.55
LCLP = 908.60 PWAT = 7.26 TOTL = 30.78 CAPE = 0.00
LCLT = 268.21 CINS = 0.00 EQLV = -9999.00 LFCT = -9999.00
BRCH = 0.00

PRES TMPC TMWC DWPC THTE DRCT SKNT OMEG
CFRL HGHT
933.50 -2.86 -3.47 -4.58 283.90 339.19 10.39 0.60
0.00 761.33
930.70 -1.26 -2.15 -3.65 286.44 327.34 17.99 0.50
0.00 785.22
925.60 -1.36 -2.29 -3.85 286.70 328.59 21.62 0.90
0.00 829.02
916.90 -1.86 -2.87 -4.63 286.55 330.42 24.79 1.30
0.00 904.22
904.00 -2.46 -3.72 -6.03 286.37 332.71 27.54 1.70
1.00 1016.81
887.50 -2.96 -4.61 -7.85 286.51 334.29 29.10 2.20
0.00 1162.85
868.00 -3.36 -5.57 -10.28 286.89 334.44 29.72 2.50
0.00 1338.67
846.70 -3.56 -6.39 -13.04 287.71 333.09 29.20 2.60
0.00 1535.02
823.80 -3.86 -7.14 -15.45 288.91 330.00 27.58 2.60
0.00 1751.47
798.30 -4.26 -7.84 -17.48 290.57 325.47 25.70 2.30
0.00 1999.34
770.30 -4.96 -8.53 -18.29 292.67 319.84 24.40 1.90
0.00 2280.20
739.70 -6.26 -9.45 -18.09 294.86 315.00 24.46 1.50
0.00 2597.87
706.60 -7.96 -10.53 -17.29 297.29 312.54 25.56 1.00
0.00 2954.67
670.90 -10.06 -11.95 -16.85 299.73 313.01 27.62 0.60
0.00 3355.87
632.60 -12.46 -13.82 -17.47 302.07 315.52 30.23 0.30
0.00 3806.91
591.70 -15.36 -16.50 -19.97 303.83 319.25 33.33 0.10
0.00 4314.54
548.30 -18.96 -20.07 -24.31 305.09 322.05 36.95 0.00
0.00 4885.75
506.10 -22.86 -23.92 -29.17 306.40 323.13 40.79 0.00
0.00 5477.38
467.70 -26.76 -27.66 -33.42 307.88 323.28 43.86 -0.10
0.00 6051.18
433.20 -30.46 -31.23 -37.58 309.49 324.01 45.61 -0.10
0.00 6599.82
401.80 -34.16 -34.77 -41.18 311.08 325.65 46.81 -0.10
0.00 7130.38
373.10 -37.86 -38.38 -45.82 312.50 326.83 47.57 -0.10
0.00 7644.86
347.10 -41.26 -41.81 -54.16 314.03 328.12 47.80 -0.10
0.00 8138.79
323.50 -44.76 -45.20 -59.27 315.46 329.12 48.45 -0.10
0.00 8613.15
302.00 -48.46 -48.72 -58.04 316.55 327.97 50.17 -0.10
0.00 9069.20
282.50 -51.96 -52.12 -58.57 317.62 326.02 52.47 0.00
0.00 9504.80
264.90 -54.76 -54.88 -60.83 319.37 325.24 54.86 0.00
1.00 9918.66
248.40 -56.96 -57.06 -63.52 321.98 323.33 55.94 0.00
0.00 10327.72
233.40 -59.06 -59.15 -66.97 324.53 320.32 56.27 0.00
0.00 10719.97
219.50 -61.16 -61.23 -67.42 327.04 320.34 57.54 0.00
0.00 11102.87
205.60 -62.06 -62.15 -72.72 331.75 320.96 59.52 0.00
0.00 11507.96
191.70 -61.36 -61.47 -73.19 339.57 320.56 62.37 0.10
0.00 11941.21
177.70 -59.76 -59.91 -73.70 349.63 321.34 65.93 0.10
0.00 12413.12
163.80 -58.46 -9999.00 -9999.00 -9999.00 322.97 69.35 0.10
0.00 12923.43
149.80 -57.66 -9999.00 -9999.00 -9999.00 324.54 69.64 0.10
0.00 13485.94
135.90 -57.06 -9999.00 -9999.00 -9999.00 325.94 67.29 0.10
0.00 14101.05
121.90 -56.16 -9999.00 -9999.00 -9999.00 328.11 61.77 0.00
0.00 14790.16
107.90 -55.16 -9999.00 -9999.00 -9999.00 327.69 53.79 0.00
0.00 15566.81
94.00 -54.66 -9999.00 -9999.00 -9999.00 320.43 47.88 -0.10
0.00 16447.81
81.00 -54.76 -9999.00 -9999.00 -9999.00 320.43 47.88 -0.10
0.00 17399.54
70.60 -54.66 -9999.00 -9999.00 -9999.00 326.82 48.27 -0.10
0.00 18278.20
62.20 -53.76 -9999.00 -9999.00 -9999.00 330.35 45.14 0.00
0.00 19090.02
54.30 -53.16 -9999.00 -9999.00 -9999.00 330.87 40.70 0.00
0.00 19963.50
46.90 -53.26 -9999.00 -9999.00 -9999.00 331.09 38.17 0.00
0.00 20906.70
40.10 -51.96 -9999.00 -9999.00 -9999.00 328.46 33.04 0.00
0.00 21917.90
33.80 -49.56 -9999.00 -9999.00 -9999.00 332.96 20.94 0.00
0.00 23030.51
27.80 -50.76 -9999.00 -9999.00 -9999.00 333.43 13.03 0.00
0.00 24306.09
22.30 -50.56 -9999.00 -9999.00 -9999.00 319.81 14.74 0.00
0.00 25741.79
17.10 -47.16 -9999.00 -9999.00 -9999.00 313.96 7.56 0.00
0.00 27484.92
12.30 -44.56 -9999.00 -9999.00 -9999.00 56.31 0.70 0.00
0.00 29676.98

STID = KYMY STNM = 770 TIME = 221026/1400 
SLAT = 54.05 SLON = 159.43 SELV = 752.0
STIM = 2

SHOW = 14.44 LIFT = 15.30 SWET = 103.49 KINX = 0.16
LCLP = 908.16 PWAT = 7.61 TOTL = 31.56 CAPE = 0.00
LCLT = 268.07 CINS = 0.00 EQLV = -9999.00 LFCT = -9999.00
BRCH = 0.00

PRES TMPC TMWC DWPC THTE DRCT SKNT OMEG
CFRL HGHT
933.50 -2.96 -3.57 -4.71 283.72 335.73 10.86 0.60
0.00 761.33
930.80 -1.56 -2.43 -3.91 285.94 325.82 19.02 0.60
0.00 784.34
925.70 -1.66 -2.56 -4.11 286.21 326.45 22.84 0.90
0.00 828.09
916.90 -2.06 -3.06 -4.81 286.23 328.09 26.09 1.30
0.00 904.08
904.00 -2.66 -3.83 -5.98 286.18 330.02 29.16 1.80
0.00 1016.58
887.60 -3.06 -4.57 -7.48 286.58 331.33 30.77 2.30
0.00 1161.66
868.00 -3.46 -5.42 -9.49 287.14 331.19 31.04 2.60
0.00 1338.31
846.80 -3.66 -6.20 -11.90 288.05 329.98 30.28 2.60
0.00 1533.68
823.80 -3.96 -6.93 -14.06 289.29 326.53 28.19 2.50
0.00 1751.00
798.30 -4.46 -7.71 -16.00 290.82 321.07 25.97 2.20
0.00 1998.75
770.30 -5.26 -8.49 -16.96 292.76 315.00 24.73 1.80
0.00 2279.37
739.70 -6.46 -9.40 -17.09 294.96 310.60 25.08 1.30
0.00 2596.78
706.60 -8.16 -10.53 -16.62 297.31 309.59 26.22 0.90
0.00 2953.32
671.00 -10.16 -11.89 -16.31 299.82 311.37 28.21 0.50
0.00 3353.17
632.70 -12.56 -13.83 -17.24 302.03 315.00 30.77 0.20
0.00 3803.97
591.70 -15.36 -16.50 -19.97 303.83 318.94 34.01 0.10
0.00 4312.72
548.30 -18.76 -19.94 -24.43 305.30 321.20 38.13 0.00
0.00 4884.15
506.10 -22.76 -23.74 -28.41 306.69 322.29 42.23 0.00
0.00 5476.13
467.70 -26.66 -27.45 -32.23 308.20 323.38 45.26 0.00
0.00 6050.18
433.20 -30.46 -31.14 -36.50 309.63 325.32 46.78 0.00
0.00 6598.95
401.80 -34.16 -34.73 -40.47 311.15 327.09 47.20 0.00
0.00 7129.52
373.10 -37.76 -38.36 -47.56 312.52 328.22 46.85 0.00
0.00 7644.11
347.10 -41.06 -41.64 -55.44 314.26 329.16 47.75 0.00
0.00 8138.35
323.50 -44.56 -44.99 -57.49 315.78 328.92 49.67 0.00
0.00 8613.12
302.00 -48.36 -48.60 -56.57 316.73 327.51 51.36 0.00
0.00 9069.48
282.50 -51.86 -51.99 -57.11 317.80 326.02 53.17 0.00
0.00 9505.28
264.90 -54.66 -54.78 -60.83 319.52 324.46 55.15 0.00
0.00 9919.32
248.40 -57.06 -57.18 -66.52 321.79 321.71 56.43 0.00
0.00 10328.38
233.40 -59.06 -59.15 -66.97 324.53 318.85 57.26 0.00
0.00 10720.54
219.50 -60.96 -61.03 -67.42 327.35 319.01 58.94 0.00
0.00 11103.62
205.60 -61.76 -61.85 -72.72 332.22 320.49 61.67 0.00
0.00 11509.19
191.70 -61.36 -61.47 -73.19 339.57 321.39 65.38 0.10
0.00 11942.75
177.70 -60.16 -60.30 -73.70 348.98 323.19 69.39 0.10
0.00 12414.21
163.80 -59.06 -9999.00 -9999.00 -9999.00 324.86 72.22 0.20
0.00 12923.33
149.80 -58.26 -9999.00 -9999.00 -9999.00 325.84 71.60 0.20
0.00 13484.27
135.90 -57.86 -9999.00 -9999.00 -9999.00 326.63 68.16 0.10
0.00 14097.39
121.90 -57.36 -9999.00 -9999.00 -9999.00 327.50 62.18 0.00
0.00 14783.31
107.90 -56.76 -9999.00 -9999.00 -9999.00 326.48 54.53 0.00
0.00 15554.97
94.00 -56.56 -9999.00 -9999.00 -9999.00 321.69 49.51 -0.10
0.00 16428.90
81.00 -56.66 -9999.00 -9999.00 -9999.00 323.44 49.57 -0.10
0.00 17372.35
70.60 -55.76 -9999.00 -9999.00 -9999.00 329.71 48.14 0.00
0.00 18244.98
62.20 -54.06 -9999.00 -9999.00 -9999.00 330.22 43.41 0.00
0.00 19054.20
54.30 -52.66 -9999.00 -9999.00 -9999.00 326.15 37.67 0.00
0.00 19928.08
46.90 -52.46 -9999.00 -9999.00 -9999.00 327.42 30.65 0.00
0.00 20874.07
40.10 -51.16 -9999.00 -9999.00 -9999.00 323.70 27.23 0.00
0.00 21888.94
33.80 -49.56 -9999.00 -9999.00 -9999.00 328.11 20.59 0.00
0.00 23003.54
27.80 -51.56 -9999.00 -9999.00 -9999.00 325.41 13.69 0.00
0.00 24276.83
22.30 -51.46 -9999.00 -9999.00 -9999.00 316.04 15.11 0.00
0.00 25707.04
17.10 -46.96 -9999.00 -9999.00 -9999.00 295.82 6.68 0.00
0.00 27447.46
12.30 -44.26 -9999.00 -9999.00 -9999.00 215.54 3.34 0.00
0.00 29641.93

STID = KYMY STNM = 770 TIME = 221026/1500 
SLAT = 54.05 SLON = 159.43 SELV = 752.0
STIM = 3

SHOW = 14.43 LIFT = 15.28 SWET = 108.35 KINX = 0.23
LCLP = 911.85 PWAT = 7.59 TOTL = 32.22 CAPE = 0.00
LCLT = 268.35 CINS = 0.00 EQLV = -9999.00 LFCT = -9999.00
BRCH = 0.00

PRES TMPC TMWC DWPC THTE DRCT SKNT OMEG
CFRL HGHT
933.90 -2.96 -3.49 -4.48 283.82 337.31 11.58 0.60
0.00 761.33
931.10 -1.76 -2.46 -3.65 285.87 328.65 19.79 0.60
0.00 785.17
926.00 -1.76 -2.47 -3.68 286.35 328.64 23.89 0.90
0.00 828.89
917.20 -2.26 -2.93 -4.10 286.42 329.25 27.35 1.40
0.00 904.82
904.40 -2.76 -3.55 -4.95 286.64 331.50 30.94 2.00
2.00 1016.35
887.90 -3.36 -4.36 -6.22 286.91 332.68 33.02 2.40
2.00 1162.17
868.30 -3.76 -5.20 -8.03 287.51 333.29 33.70 2.80
0.00 1338.59
847.00 -3.96 -6.05 -10.53 288.29 332.51 32.40 2.90
0.00 1534.63
824.10 -4.26 -6.94 -13.22 289.26 329.04 29.45 2.70
0.00 1750.72
798.60 -4.66 -7.79 -15.74 290.66 323.05 26.50 2.40
0.00 1998.16
770.50 -5.56 -8.77 -17.42 292.26 315.64 24.73 1.90
0.00 2279.44
740.00 -6.86 -9.83 -17.99 294.19 309.98 25.10 1.40
0.00 2595.27
706.80 -8.56 -11.04 -17.80 296.42 307.95 26.85 1.00
0.00 2952.21
671.10 -10.46 -12.36 -17.48 299.01 309.56 28.98 0.70
0.00 3352.52
632.80 -12.76 -14.15 -18.01 301.48 312.99 31.33 0.40
0.00 3802.79
591.80 -15.36 -16.59 -20.41 303.66 317.53 34.23 0.20
0.00 4311.23
548.40 -18.66 -19.80 -24.08 305.50 320.93 38.52 0.00
0.00 4882.67
506.10 -22.56 -23.52 -27.98 307.03 322.56 42.81 -0.10
0.00 5476.37
467.80 -26.46 -27.33 -32.61 308.37 325.15 45.20 -0.20
0.00 6049.33
433.20 -30.16 -31.02 -38.15 309.81 328.05 46.25 -0.20
0.00 6600.18
401.80 -33.86 -34.73 -45.70 311.12 330.02 46.64 -0.20
0.00 7131.37
373.10 -37.26 -38.07 -53.56 312.92 331.89 48.23 -0.20
0.00 7646.80
347.10 -40.66 -41.27 -55.44 314.81 331.79 51.36 -0.20
0.00 8141.99
323.50 -44.56 -44.96 -56.01 315.82 330.52 52.89 -0.30
0.00 8617.17
302.00 -48.56 -48.79 -56.57 316.45 328.86 53.34 -0.30
0.00 9073.33
282.50 -51.96 -52.12 -58.57 317.62 325.91 54.41 -0.20
0.00 9508.83
264.90 -54.56 -54.71 -63.04 319.62 321.99 56.47 -0.20
0.00 9922.87
248.40 -56.86 -56.99 -66.52 322.08 319.46 58.28 -0.20
0.00 10332.21
233.40 -58.76 -58.86 -66.97 324.99 318.17 59.71 -0.10
0.00 10724.83
219.50 -60.36 -60.44 -67.42 328.27 319.96 61.91 -0.10
0.00 11108.72
205.60 -61.16 -61.26 -72.72 333.16 322.14 65.21 0.00
0.00 11515.43
191.70 -60.76 -60.88 -73.19 340.53 323.49 68.88 0.10
0.00 11950.22
177.70 -59.66 -59.81 -73.70 349.80 325.15 71.72 0.20
0.00 12422.90
163.80 -58.46 -9999.00 -9999.00 -9999.00 326.82 73.12 0.20
0.00 12933.33
149.80 -57.56 -9999.00 -9999.00 -9999.00 327.81 71.83 0.30
0.00 13495.98
135.90 -57.56 -9999.00 -9999.00 -9999.00 329.01 68.67 0.20
0.00 14110.52
121.90 -57.56 -9999.00 -9999.00 -9999.00 329.13 63.60 0.10
0.00 14796.60
107.90 -56.76 -9999.00 -9999.00 -9999.00 326.69 56.25 0.00
0.00 15567.90
94.00 -55.96 -9999.00 -9999.00 -9999.00 321.14 51.40 0.00
0.00 16443.04
81.00 -55.26 -9999.00 -9999.00 -9999.00 320.66 51.48 0.00
0.00 17390.85
70.60 -53.36 -9999.00 -9999.00 -9999.00 321.16 48.62 0.00
0.00 18271.12
62.20 -52.26 -9999.00 -9999.00 -9999.00 315.67 46.97 0.00
0.00 19088.13
54.30 -51.86 -9999.00 -9999.00 -9999.00 313.23 44.52 0.00
0.00 19967.17
46.90 -51.86 -9999.00 -9999.00 -9999.00 313.77 32.01 0.00
0.00 20916.17
40.10 -51.06 -9999.00 -9999.00 -9999.00 312.46 27.91 0.00
0.00 21932.64
33.80 -50.16 -9999.00 -9999.00 -9999.00 320.81 23.06 0.00
0.00 23045.99
27.80 -52.56 -9999.00 -9999.00 -9999.00 330.88 15.56 0.00
0.00 24314.71
22.30 -52.76 -9999.00 -9999.00 -9999.00 325.30 18.43 0.00
0.00 25737.50
17.10 -47.26 -9999.00 -9999.00 -9999.00 312.14 10.99 0.00
0.00 27471.70
12.30 -44.86 -9999.00 -9999.00 -9999.00 5.91 5.67 0.00
0.00 29661.83

STID = KYMY STNM = 770 TIME = 221026/1600 
SLAT = 54.05 SLON = 159.43 SELV = 752.0
STIM = 4

SHOW = 14.70 LIFT = 15.39 SWET = 113.74 KINX = -2.87
LCLP = 915.94 PWAT = 7.04 TOTL = 31.89 CAPE = 0.00
LCLT = 268.85 CINS = 0.00 EQLV = -9999.00 LFCT = -9999.00
BRCH = 0.00

PRES TMPC TMWC DWPC THTE DRCT SKNT OMEG
CFRL HGHT
934.40 -2.76 -3.21 -4.03 284.25 337.04 12.45 0.60
0.00 762.18
931.70 -1.76 -2.30 -3.22 286.08 330.58 20.96 0.60
0.00 785.17
926.60 -1.76 -2.28 -3.17 286.61 330.64 24.96 0.90
0.00 828.86
917.80 -2.16 -2.70 -3.63 286.76 332.02 28.15 1.40
0.00 904.75
905.00 -2.76 -3.34 -4.37 286.93 334.54 31.62 2.00
5.00 1016.25
888.50 -3.46 -4.17 -5.46 287.19 335.77 34.09 2.60
6.00 1161.95
868.90 -4.06 -5.18 -7.34 287.49 335.97 35.30 3.10
3.00 1338.14
847.60 -4.16 -6.10 -10.21 288.16 335.45 34.60 3.30
0.00 1533.87
824.60 -4.26 -7.02 -13.59 289.06 332.49 31.55 3.20
0.00 1750.68
799.10 -4.56 -8.00 -17.27 290.22 325.30 27.64 2.90
0.00 1998.00
771.00 -5.36 -9.06 -19.98 291.68 315.93 25.41 2.40
0.00 2279.22
740.40 -6.66 -10.21 -21.15 293.47 309.20 25.82 1.80
0.00 2596.08
707.20 -8.46 -11.50 -20.87 295.55 307.11 28.01 1.30
0.00 2952.95
671.50 -10.56 -12.90 -19.89 298.04 308.03 30.57 0.80
0.00 3352.96
633.10 -12.86 -14.51 -19.36 300.84 311.22 33.31 0.40
0.00 3803.94
592.10 -15.46 -16.70 -20.59 303.44 316.29 36.54 0.00
0.00 4311.91
548.60 -18.56 -19.71 -23.97 305.62 320.61 40.71 -0.20
0.00 4884.41
506.30 -22.36 -23.50 -29.01 307.01 323.58 44.17 -0.40
0.00 5478.22
467.90 -26.16 -27.40 -35.99 308.22 326.99 45.63 -0.50
0.00 6053.04
433.30 -29.86 -31.11 -44.45 309.60 330.20 46.11 -0.50
0.00 6604.39
401.90 -33.56 -34.56 -48.28 311.34 333.65 47.26 -0.50
0.00 7136.09
373.20 -37.16 -37.93 -51.43 313.11 335.32 50.23 -0.50
0.00 7651.81
347.20 -40.96 -41.53 -54.16 314.41 332.38 51.96 -0.50
0.00 8146.66
323.50 -44.86 -45.24 -56.01 315.40 328.64 53.01 -0.50
0.00 8623.17
302.00 -48.66 -48.92 -58.04 316.27 325.18 54.43 -0.40
0.00 9078.92
282.50 -51.86 -52.04 -60.33 317.72 321.56 56.55 -0.30
0.00 9514.42
264.90 -54.36 -54.51 -63.04 319.92 319.10 59.63 -0.30
0.00 9928.74
248.40 -56.56 -56.70 -66.52 322.53 319.18 62.12 -0.30
0.00 10338.55
233.40 -58.46 -58.59 -71.85 325.40 320.39 64.30 -0.30
0.00 10731.71
219.50 -60.16 -60.27 -72.27 328.54 321.73 66.80 -0.20
0.00 11116.05
205.60 -61.16 -61.26 -72.72 333.16 322.81 69.74 -0.10
0.00 11522.96
191.70 -60.86 -60.98 -73.19 340.37 323.71 72.53 0.00
0.00 11957.64
177.70 -59.96 -60.11 -73.70 349.30 324.86 74.59 0.10
0.00 12429.88
163.80 -58.86 -9999.00 -9999.00 -9999.00 326.35 74.67 0.10
0.00 12939.47
149.80 -58.16 -9999.00 -9999.00 -9999.00 328.80 71.99 0.10
0.00 13500.81
135.90 -58.16 -9999.00 -9999.00 -9999.00 331.23 67.81 0.20
0.00 14113.64
121.90 -58.46 -9999.00 -9999.00 -9999.00 331.33 63.99 0.20
0.00 14797.34
107.90 -57.66 -9999.00 -9999.00 -9999.00 328.06 58.37 0.10
0.00 15565.42
94.00 -55.66 -9999.00 -9999.00 -9999.00 321.81 52.16 0.00
0.00 16439.35
81.00 -54.76 -9999.00 -9999.00 -9999.00 319.78 51.15 -0.10
0.00 17388.90
70.60 -53.96 -9999.00 -9999.00 -9999.00 322.49 48.48 -0.10
0.00 18268.97
62.20 -53.56 -9999.00 -9999.00 -9999.00 319.64 45.88 0.00
0.00 19082.46
54.30 -53.46 -9999.00 -9999.00 -9999.00 322.21 43.75 0.00
0.00 19955.74
46.90 -52.46 -9999.00 -9999.00 -9999.00 327.20 31.20 0.00
0.00 20900.01
40.10 -52.26 -9999.00 -9999.00 -9999.00 322.21 24.09 0.00
0.00 21912.36
33.80 -50.46 -9999.00 -9999.00 -9999.00 335.64 22.61 0.00
0.00 23021.96
27.80 -52.06 -9999.00 -9999.00 -9999.00 356.03 14.02 0.00
0.00 24291.25
22.30 -50.26 -9999.00 -9999.00 -9999.00 327.00 22.47 0.00
0.00 25723.72
17.10 -43.76 -9999.00 -9999.00 -9999.00 300.36 15.75 0.00
0.00 27481.24
12.30 -43.96 -9999.00 -9999.00 -9999.00 297.01 11.11 0.00
0.00 29692.58

STID = KYMY STNM = 770 TIME = 221026/1700 
SLAT = 54.05 SLON = 159.43 SELV = 752.0
STIM = 5

SHOW = 14.69 LIFT = 15.27 SWET = 111.64 KINX = -7.35
LCLP = 918.45 PWAT = 6.24 TOTL = 31.19 CAPE = 0.00
LCLT = 269.15 CINS = 0.00 EQLV = -9999.00 LFCT = -9999.00
BRCH = 0.00

PRES TMPC TMWC DWPC THTE DRCT SKNT OMEG
CFRL HGHT
934.60 -2.66 -3.05 -3.77 284.50 337.52 12.20 0.60
0.00 762.18
931.90 -1.46 -1.96 -2.81 286.65 330.26 20.36 0.50
0.00 785.18
926.80 -1.46 -1.99 -2.88 287.11 330.42 24.79 0.90
0.00 828.91
918.00 -1.96 -2.51 -3.46 287.06 331.83 27.99 1.40
0.00 904.87
905.10 -2.66 -3.33 -4.50 286.95 334.23 31.27 2.00
6.00 1017.27
888.60 -3.36 -4.29 -6.01 286.96 335.83 33.22 2.60
4.00 1163.01
869.10 -3.76 -5.29 -8.34 287.27 336.37 33.92 3.10
1.00 1338.38
847.80 -3.76 -6.23 -11.75 287.90 335.53 33.29 3.30
0.00 1534.30
824.80 -3.76 -7.17 -15.97 288.75 332.14 30.77 3.30
0.00 1751.38
799.20 -3.96 -8.12 -20.64 289.94 325.30 27.64 3.00
0.00 2000.09
771.20 -4.76 -9.17 -24.11 291.38 317.73 25.99 2.50
0.00 2280.82
740.50 -6.06 -10.29 -25.20 293.23 312.05 26.69 1.90
0.00 2599.32
707.40 -7.96 -11.61 -24.16 295.29 309.56 28.98 1.40
0.00 2955.72
671.60 -10.26 -13.09 -22.38 297.66 310.56 31.95 0.90
0.00 3357.31
633.30 -12.66 -14.63 -20.77 300.58 314.55 34.89 0.50
0.00 3807.39
592.20 -15.46 -16.79 -21.05 303.27 320.34 38.34 0.20
0.00 4316.63
548.70 -18.76 -19.96 -24.53 305.20 324.19 42.15 -0.10
0.00 4888.80
506.40 -22.56 -23.94 -31.41 306.29 326.31 44.83 -0.20
0.00 5481.99
468.00 -26.36 -27.82 -39.72 307.54 328.28 45.44 -0.30
0.00 6056.19
433.40 -29.96 -31.20 -44.45 309.46 330.90 45.12 -0.30
0.00 6607.06
401.90 -33.56 -34.44 -45.14 311.52 334.10 44.91 -0.30
0.00 7140.28
373.20 -37.26 -37.91 -47.56 313.16 333.43 45.61 -0.30
0.00 7655.92
347.20 -40.96 -41.48 -52.04 314.49 328.57 49.16 -0.20
0.00 8150.66
323.50 -44.76 -45.15 -56.01 315.54 325.16 53.73 -0.20
0.00 8627.28
302.00 -48.46 -48.75 -59.81 316.51 323.91 56.72 -0.20
0.00 9083.33
282.60 -51.46 -51.68 -62.54 318.22 323.43 59.01 -0.20
0.00 9517.10
264.90 -54.06 -54.24 -66.05 320.31 323.46 61.65 -0.30
0.00 9934.36
248.40 -56.46 -56.62 -71.43 322.64 323.68 64.61 -0.30
0.00 10344.55
233.40 -58.56 -58.69 -71.85 325.25 323.29 67.60 -0.20
0.00 10737.71
219.50 -60.06 -60.15 -67.42 328.73 322.47 70.78 -0.10
0.00 11122.05
205.60 -60.76 -60.84 -67.89 333.84 322.30 74.63 0.00
0.00 11529.43
191.70 -60.76 -60.88 -73.19 340.53 323.33 77.74 0.10
0.00 11964.63
177.70 -60.26 -60.40 -73.70 348.81 324.61 78.15 0.10
0.00 12436.65
163.80 -59.26 -9999.00 -9999.00 -9999.00 325.41 75.27 0.20
0.00 12945.41
149.80 -58.06 -9999.00 -9999.00 -9999.00 326.14 71.11 0.20
0.00 13506.36
135.90 -57.86 -9999.00 -9999.00 -9999.00 326.58 67.72 0.30
0.00 14119.75
121.90 -58.26 -9999.00 -9999.00 -9999.00 325.94 65.89 0.20
0.00 14804.24
107.90 -57.76 -9999.00 -9999.00 -9999.00 326.41 61.79 0.20
0.00 15572.51
94.00 -55.96 -9999.00 -9999.00 -9999.00 326.70 54.84 0.00
0.00 16445.63
81.00 -54.46 -9999.00 -9999.00 -9999.00 325.38 49.57 -0.10
0.00 17395.18
70.60 -54.06 -9999.00 -9999.00 -9999.00 327.94 47.22 -0.10
0.00 18275.65
62.20 -53.96 -9999.00 -9999.00 -9999.00 330.00 43.51 0.00
0.00 19088.21
54.30 -53.96 -9999.00 -9999.00 -9999.00 328.95 42.17 0.00
0.00 19959.70
46.90 -52.86 -9999.00 -9999.00 -9999.00 326.22 33.90 0.00
0.00 20902.05
40.10 -51.86 -9999.00 -9999.00 -9999.00 311.00 27.54 0.00
0.00 21914.39
33.80 -50.46 -9999.00 -9999.00 -9999.00 325.05 24.42 0.00
0.00 23025.00
27.80 -52.36 -9999.00 -9999.00 -9999.00 341.24 10.88 0.00
0.00 24293.43
22.30 -52.06 -9999.00 -9999.00 -9999.00 326.69 24.40 0.00
0.00 25719.12
17.10 -46.46 -9999.00 -9999.00 -9999.00 331.59 13.48 0.00
0.00 27459.15
12.30 -45.26 -9999.00 -9999.00 -9999.00 6.79 8.22 0.00
0.00 29651.21

STID = KYMY STNM = 770 TIME = 221026/1800 
SLAT = 54.05 SLON = 159.43 SELV = 752.0
STIM = 6

SHOW = 14.42 LIFT = 14.88 SWET = 112.60 KINX = -7.58
LCLP = 913.68 PWAT = 6.11 TOTL = 32.09 CAPE = 0.00
LCLT = 268.82 CINS = 0.00 EQLV = -9999.00 LFCT = -9999.00
BRCH = 0.00

PRES TMPC TMWC DWPC THTE DRCT SKNT OMEG
CFRL HGHT
933.70 -2.66 -3.15 -4.04 284.42 335.64 11.31 0.60
0.00 762.19
931.00 -1.46 -2.11 -3.19 286.49 328.54 19.35 0.50
0.00 785.21
925.90 -1.46 -2.13 -3.26 286.94 329.44 23.68 0.90
0.00 828.98
917.10 -1.96 -2.64 -3.81 286.93 331.76 26.69 1.30
0.00 905.01
904.20 -2.76 -3.44 -4.64 286.84 334.43 30.15 1.90
3.00 1017.50
887.70 -3.46 -4.34 -5.98 286.96 336.35 32.44 2.50
3.00 1163.33
868.20 -4.06 -5.42 -8.14 287.14 337.23 34.13 2.90
2.00 1338.75
846.90 -4.16 -6.44 -11.56 287.64 336.89 34.63 3.20
0.00 1534.62
824.00 -4.06 -7.39 -16.07 288.48 334.19 33.02 3.20
0.00 1750.71
798.50 -4.06 -8.32 -21.68 289.67 328.15 30.19 2.90
0.00 1998.48
770.40 -4.56 -9.23 -25.99 291.34 319.74 28.26 2.50
0.00 2280.52
739.90 -5.76 -10.22 -26.61 293.38 313.62 28.44 1.90
0.00 2597.51
706.80 -7.56 -11.37 -24.47 295.74 311.29 29.74 1.30
0.00 2954.66
671.10 -9.66 -12.59 -21.81 298.56 313.26 31.74 0.80
0.00 3356.22
632.80 -12.26 -14.24 -20.19 301.30 319.61 34.17 0.40
0.00 3807.51
591.80 -15.26 -16.72 -21.45 303.44 327.21 37.67 0.10
0.00 4316.49
548.40 -18.86 -20.36 -26.69 304.59 331.99 41.36 -0.10
0.00 4887.76
506.10 -23.06 -24.55 -33.49 305.40 332.52 43.36 0.00
0.00 5480.54
467.80 -26.86 -28.11 -37.70 307.16 331.07 44.17 0.20
0.00 6052.37
433.20 -30.16 -31.15 -40.10 309.60 329.78 43.61 0.30
0.00 6602.72
401.80 -33.36 -34.18 -43.19 311.95 329.57 42.58 0.40
0.00 7134.47
373.10 -36.76 -37.43 -46.95 313.89 327.97 44.68 0.40
0.00 7651.00
347.10 -40.56 -41.11 -52.05 315.06 327.34 50.76 0.40
0.00 8146.84
323.50 -44.46 -44.89 -57.49 315.91 329.11 54.10 0.30
0.00 8622.23
302.00 -48.26 -48.56 -59.81 316.79 331.08 55.03 0.20
0.00 9078.78
282.50 -51.66 -51.88 -62.55 317.97 330.79 56.53 0.10
0.00 9514.87
264.90 -54.36 -54.54 -66.05 319.88 327.92 59.62 0.00
0.00 9929.38
248.40 -56.46 -56.60 -66.52 322.68 324.16 64.70 0.00
0.00 10339.28
233.40 -58.26 -58.37 -66.97 325.75 321.49 70.49 0.00
0.00 10732.72
219.50 -59.76 -59.85 -67.42 329.20 321.13 75.84 0.00
0.00 11117.60
205.60 -60.76 -60.87 -72.72 333.79 322.66 80.38 0.00
0.00 11525.27
191.70 -60.96 -61.07 -73.19 340.21 324.53 81.33 0.10
0.00 11960.26
177.70 -60.46 -60.60 -73.70 348.49 325.05 78.67 0.10
0.00 12431.84
163.80 -59.36 -9999.00 -9999.00 -9999.00 324.48 74.22 0.20
0.00 12940.24
149.80 -57.96 -9999.00 -9999.00 -9999.00 324.15 69.99 0.20
0.00 13501.18
135.90 -57.46 -9999.00 -9999.00 -9999.00 324.25 67.50 0.20
0.00 14115.30
121.90 -57.66 -9999.00 -9999.00 -9999.00 325.57 66.65 0.20
0.00 14801.38
107.90 -56.96 -9999.00 -9999.00 -9999.00 328.91 62.82 0.10
0.00 15572.14
94.00 -54.96 -9999.00 -9999.00 -9999.00 329.89 53.44 0.00
0.00 16448.90
81.00 -53.76 -9999.00 -9999.00 -9999.00 323.18 47.32 -0.10
0.00 17402.15
70.60 -53.86 -9999.00 -9999.00 -9999.00 321.45 47.69 -0.10
0.00 18284.43
62.20 -54.26 -9999.00 -9999.00 -9999.00 325.17 45.90 -0.10
0.00 19096.81
54.30 -54.46 -9999.00 -9999.00 -9999.00 322.62 43.51 0.00
0.00 19966.71
46.90 -54.46 -9999.00 -9999.00 -9999.00 318.70 38.27 0.00
0.00 20904.55
40.10 -53.76 -9999.00 -9999.00 -9999.00 312.69 34.09 0.00
0.00 21908.87
33.80 -52.66 -9999.00 -9999.00 -9999.00 328.51 25.29 0.00
0.00 23009.22
27.80 -53.26 -9999.00 -9999.00 -9999.00 1.43 15.54 0.00
0.00 24268.78
22.30 -52.46 -9999.00 -9999.00 -9999.00 350.27 20.69 0.00
0.00 25690.28
17.10 -45.86 -9999.00 -9999.00 -9999.00 20.45 12.24 0.00
0.00 27431.09
12.30 -45.06 -9999.00 -9999.00 -9999.00 25.91 7.56 0.00
0.00 29627.00

STID = KYMY STNM = 770 TIME = 221026/1900 
SLAT = 54.05 SLON = 159.43 SELV = 752.0
STIM = 7

SHOW = 14.45 LIFT = 14.89 SWET = 112.14 KINX = -5.98
LCLP = 913.27 PWAT = 6.19 TOTL = 31.93 CAPE = 0.00
LCLT = 268.77 CINS = 0.00 EQLV = -9999.00 LFCT = -9999.00
BRCH = 0.00

PRES TMPC TMWC DWPC THTE DRCT SKNT OMEG
CFRL HGHT
932.70 -2.76 -3.23 -4.10 284.37 337.83 11.32 0.60
0.00 761.35
929.90 -1.56 -2.16 -3.16 286.51 330.61 19.39 0.50
0.00 785.24
924.80 -1.56 -2.15 -3.15 287.02 331.13 23.74 0.90
0.00 829.05
916.00 -2.06 -2.60 -3.53 287.11 333.07 27.02 1.30
0.00 905.14
903.20 -2.86 -3.41 -4.39 286.99 335.89 30.44 1.90
6.00 1016.85
886.70 -3.56 -4.35 -5.81 287.06 337.56 32.58 2.50
6.00 1162.79
867.20 -4.06 -5.44 -8.20 287.21 338.80 34.38 2.90
2.00 1338.39
845.90 -4.06 -6.46 -11.91 287.71 338.96 35.18 3.20
0.00 1534.52
823.00 -3.86 -7.37 -16.73 288.59 336.97 33.78 3.20
0.00 1750.97
797.60 -3.76 -8.17 -22.10 290.00 331.99 31.02 2.90
0.00 1998.28
769.60 -4.26 -8.94 -25.11 291.91 325.13 28.88 2.50
0.00 2279.94
739.10 -5.36 -9.75 -24.58 294.28 319.14 28.52 1.90
0.00 2597.70
706.10 -7.16 -10.81 -22.18 296.80 317.14 29.41 1.40
0.00 2954.71
670.50 -9.26 -12.04 -20.11 299.58 319.87 30.75 0.80
0.00 3356.16
632.20 -11.86 -13.89 -19.83 301.97 326.22 33.18 0.40
0.00 3808.59
591.30 -15.06 -16.85 -23.02 303.28 331.80 36.60 0.00
0.00 4317.35
548.00 -18.86 -20.66 -28.97 304.17 333.06 39.43 0.00
0.00 4887.93
505.80 -23.06 -24.47 -32.62 305.58 330.45 41.76 0.00
0.00 5479.68
467.60 -26.66 -27.75 -35.24 307.75 326.87 44.08 0.10
0.00 6050.56
433.00 -29.76 -30.79 -39.76 310.18 324.87 44.89 0.20
0.00 6601.85
401.70 -32.86 -33.78 -44.12 312.55 325.27 44.68 0.30
0.00 7133.08
373.00 -36.36 -37.12 -48.23 314.37 327.09 47.20 0.50
0.00 7650.71
347.00 -40.36 -40.97 -54.17 315.28 329.04 52.10 0.50
0.00 8147.32
323.40 -44.36 -44.82 -59.27 316.04 331.89 54.84 0.50
0.00 8623.16
302.00 -48.46 -48.77 -62.04 316.47 335.59 55.46 0.30
0.00 9077.56
282.50 -52.26 -52.46 -62.55 317.11 333.08 56.22 0.20
0.00 9512.86
264.90 -54.96 -55.12 -66.05 319.00 325.40 60.88 0.10
0.00 9926.24
248.40 -56.46 -56.60 -66.52 322.68 321.37 69.39 0.00
0.00 10335.57
233.40 -58.06 -58.17 -66.97 326.05 321.30 77.66 -0.10
0.00 10729.19
219.50 -59.86 -59.95 -67.42 329.04 322.81 82.91 -0.20
0.00 11114.16
205.60 -61.16 -61.26 -72.72 333.16 324.97 84.93 -0.20
0.00 11521.36
191.70 -61.46 -61.57 -73.19 339.41 326.50 82.69 -0.20
0.00 11955.43
177.70 -60.56 -60.69 -73.70 348.32 325.99 77.80 -0.10
0.00 12426.34
163.80 -58.96 -9999.00 -9999.00 -9999.00 324.36 72.67 0.00
0.00 12935.10
149.80 -57.46 -9999.00 -9999.00 -9999.00 323.00 69.08 0.10
0.00 13497.22
135.90 -56.56 -9999.00 -9999.00 -9999.00 322.10 68.94 0.10
0.00 14113.33
121.90 -56.36 -9999.00 -9999.00 -9999.00 324.10 68.59 0.20
0.00 14802.91
107.90 -55.86 -9999.00 -9999.00 -9999.00 326.41 63.19 0.20
0.00 15577.96
94.00 -54.86 -9999.00 -9999.00 -9999.00 321.02 54.97 0.10
0.00 16457.14
81.00 -55.06 -9999.00 -9999.00 -9999.00 311.88 52.95 -0.10
0.00 17407.77
70.60 -56.86 -9999.00 -9999.00 -9999.00 315.87 54.39 -0.10
0.00 18281.41
62.20 -56.66 -9999.00 -9999.00 -9999.00 325.83 51.18 -0.10
0.00 19083.77
54.30 -55.56 -9999.00 -9999.00 -9999.00 329.04 46.45 0.00
0.00 19946.71
46.90 -55.16 -9999.00 -9999.00 -9999.00 327.81 45.22 0.00
0.00 20880.70
40.10 -54.36 -9999.00 -9999.00 -9999.00 328.51 36.44 0.00
0.00 21882.04
33.80 -50.76 -9999.00 -9999.00 -9999.00 329.20 23.52 0.00
0.00 22985.64
27.80 -49.46 -9999.00 -9999.00 -9999.00 341.57 11.67 0.00
0.00 24261.51
22.30 -49.46 -9999.00 -9999.00 -9999.00 334.29 17.46 0.00
0.00 25704.95
17.10 -44.56 -9999.00 -9999.00 -9999.00 355.71 7.79 0.00
0.00 27462.46
12.30 -45.16 -9999.00 -9999.00 -9999.00 358.85 9.71 0.00
0.00 29664.16

STID = KYMY STNM = 770 TIME = 221026/2000 
SLAT = 54.05 SLON = 159.43 SELV = 752.0
STIM = 8

SHOW = 14.87 LIFT = 15.36 SWET = 109.82 KINX = -7.01
LCLP = 914.89 PWAT = 5.99 TOTL = 30.07 CAPE = 0.00
LCLT = 268.84 CINS = 0.00 EQLV = -9999.00 LFCT = -9999.00
BRCH = 0.00

PRES TMPC TMWC DWPC THTE DRCT SKNT OMEG
CFRL HGHT
932.30 -2.86 -3.28 -4.06 284.33 340.62 11.11 0.60
0.00 761.35
929.50 -1.46 -2.05 -3.04 286.73 332.10 18.69 0.50
0.00 785.25
924.40 -1.46 -2.11 -3.20 287.13 334.52 23.02 0.80
0.00 829.09
915.70 -1.96 -2.68 -3.91 287.00 337.31 25.68 1.20
0.00 904.37
902.80 -2.66 -3.52 -5.06 286.84 340.22 28.69 1.80
3.00 1017.06
886.40 -3.26 -4.46 -6.73 286.89 341.91 30.65 2.30
2.00 1162.29
866.80 -3.56 -5.51 -9.57 287.12 342.32 32.61 2.70
0.00 1339.09
845.60 -3.46 -6.48 -13.74 287.67 342.09 33.49 2.90
0.00 1534.75
822.70 -3.26 -7.29 -18.67 288.71 339.61 32.32 3.00
0.00 1751.74
797.30 -3.16 -7.89 -23.12 290.46 334.76 30.07 2.70
0.00 1999.67
769.30 -3.66 -8.48 -24.45 292.72 327.95 28.19 2.30
0.00 2282.07
738.80 -4.86 -9.27 -23.25 295.15 322.16 27.54 1.70
0.00 2600.62
705.80 -6.66 -10.32 -21.12 297.67 320.04 28.13 1.10
0.00 2958.46
670.20 -8.96 -11.77 -19.72 300.08 322.29 29.22 0.40
0.00 3360.71
632.00 -11.66 -13.86 -20.40 302.04 326.70 31.84 -0.10
0.00 3812.56
591.10 -14.76 -16.86 -24.42 303.29 329.20 35.28 -0.30
0.00 4321.95
547.90 -18.56 -20.47 -29.31 304.48 329.18 38.68 -0.20
0.00 4892.00
505.70 -22.66 -24.01 -31.23 306.32 328.19 42.75 0.00
0.00 5484.69
467.50 -26.46 -27.50 -34.30 308.16 326.04 45.90 0.20
0.00 6056.40
433.00 -29.66 -30.68 -39.42 310.35 323.27 47.75 0.40
0.00 6606.50
401.60 -32.56 -33.54 -44.62 312.92 321.02 48.48 0.50
0.00 7139.93
373.00 -35.96 -36.80 -49.70 314.82 321.82 50.91 0.50
0.00 7656.58
347.00 -40.16 -40.79 -54.17 315.55 327.15 54.80 0.50
0.00 8153.82
323.40 -44.66 -45.08 -57.49 315.67 332.21 57.09 0.40
0.00 8629.56
301.90 -48.86 -49.11 -58.05 316.01 329.84 56.84 0.40
0.00 9085.45
282.50 -52.26 -52.43 -60.33 317.15 323.24 59.40 0.30
0.00 9518.21
264.90 -54.76 -54.90 -63.04 319.33 321.06 67.68 0.20
0.00 9931.78
248.40 -56.56 -56.70 -66.52 322.53 321.83 77.33 0.10
0.00 10341.21
233.40 -58.16 -58.27 -66.97 325.90 323.16 84.23 0.00
0.00 10734.65
219.50 -59.56 -59.65 -67.42 329.51 324.33 87.28 -0.20
0.00 11119.80
205.60 -60.56 -60.67 -72.72 334.11 325.24 86.54 -0.20
0.00 11527.86
191.70 -60.96 -61.07 -73.19 340.21 325.63 81.90 -0.20
0.00 11963.05
177.70 -59.86 -60.01 -73.70 349.47 322.72 75.68 -0.20
0.00 12435.29
163.80 -57.86 -9999.00 -9999.00 -9999.00 318.71 72.13 -0.10
0.00 12946.20
149.80 -57.16 -9999.00 -9999.00 -9999.00 317.22 70.92 -0.10
0.00 13510.15
135.80 -57.86 -9999.00 -9999.00 -9999.00 318.20 71.41 0.00
0.00 14129.48
121.90 -58.06 -9999.00 -9999.00 -9999.00 319.90 72.38 0.10
0.00 14809.65
107.90 -57.26 -9999.00 -9999.00 -9999.00 321.04 69.19 0.20
0.00 15579.17
94.00 -56.66 -9999.00 -9999.00 -9999.00 320.57 60.86 0.10
0.00 16451.89
81.00 -56.76 -9999.00 -9999.00 -9999.00 321.31 53.75 0.10
0.00 17394.90
70.60 -56.56 -9999.00 -9999.00 -9999.00 327.70 51.24 0.00
0.00 18265.72
62.20 -54.36 -9999.00 -9999.00 -9999.00 331.65 47.46 0.00
0.00 19072.90
54.30 -53.06 -9999.00 -9999.00 -9999.00 326.45 42.89 0.00
0.00 19945.39
46.90 -53.06 -9999.00 -9999.00 -9999.00 322.93 44.79 0.00
0.00 20889.23
40.10 -52.56 -9999.00 -9999.00 -9999.00 323.13 38.85 0.00
0.00 21899.52
33.80 -50.36 -9999.00 -9999.00 -9999.00 318.54 26.69 0.00
0.00 23008.62
27.80 -50.26 -9999.00 -9999.00 -9999.00 317.95 13.34 0.00
0.00 24283.34
22.30 -52.06 -9999.00 -9999.00 -9999.00 342.07 13.89 0.00
0.00 25715.81
17.10 -47.66 -9999.00 -9999.00 -9999.00 39.21 9.52 0.00
0.00 27451.18
12.30 -45.96 -9999.00 -9999.00 -9999.00 339.44 3.32 0.00
0.00 29634.07

STID = KYMY STNM = 770 TIME = 221026/2100 
SLAT = 54.05 SLON = 159.43 SELV = 752.0
STIM = 9

SHOW = 15.20 LIFT = 15.71 SWET = 107.10 KINX = -7.15
LCLP = 911.12 PWAT = 5.93 TOTL = 29.29 CAPE = 0.00
LCLT = 268.56 CINS = 0.00 EQLV = -9999.00 LFCT = -9999.00
BRCH = 0.00

PRES TMPC TMWC DWPC THTE DRCT SKNT OMEG
CFRL HGHT
933.00 -2.76 -3.29 -4.27 284.24 338.40 10.02 0.60
0.00 761.34
930.20 -1.06 -1.91 -3.32 286.91 329.04 17.00 0.50
0.00 785.25
925.20 -1.16 -2.09 -3.65 287.08 332.47 20.59 0.70
0.00 828.25
916.40 -1.76 -2.75 -4.46 286.81 335.99 23.39 1.10
0.00 904.40
903.50 -2.46 -3.60 -5.66 286.63 338.99 26.01 1.60
0.00 1017.07
887.10 -3.06 -4.52 -7.33 286.71 341.06 28.13 2.00
0.00 1162.29
867.50 -3.46 -5.55 -9.98 286.97 341.68 30.28 2.40
0.00 1339.04
846.30 -3.46 -6.49 -13.81 287.57 341.45 31.76 2.50
0.00 1534.57
823.40 -3.36 -7.26 -18.02 288.71 339.65 31.27 2.50
0.00 1751.34
797.90 -3.46 -7.96 -21.96 290.32 335.81 29.39 2.20
0.00 1999.88
769.90 -4.06 -8.64 -23.51 292.40 330.36 27.49 1.80
0.00 2281.70
739.40 -5.26 -9.50 -22.96 294.70 324.56 26.46 1.20
0.00 2599.53
706.30 -7.06 -10.60 -21.22 297.13 320.62 26.63 0.50
0.00 2957.65
670.70 -9.36 -12.04 -19.71 299.56 319.83 27.70 -0.10
0.00 3359.00
632.40 -12.06 -14.09 -20.11 301.62 321.00 30.24 -0.50
0.00 3811.03
591.40 -14.96 -17.00 -24.42 303.01 322.21 33.92 -0.60
0.00 4320.79
548.10 -18.46 -20.43 -29.66 304.50 323.76 38.77 -0.30
0.00 4891.80
505.90 -22.36 -23.85 -32.00 306.52 327.02 43.53 0.20
0.00 5484.72
467.60 -26.26 -27.42 -35.24 308.25 328.07 47.38 0.50
0.00 6058.31
433.10 -29.66 -30.70 -39.75 310.29 325.39 50.27 0.60
0.00 6608.51
401.70 -32.56 -33.54 -44.62 312.90 321.83 53.13 0.60
0.00 7141.81
373.10 -35.76 -36.65 -50.52 315.03 321.53 55.57 0.60
0.00 7658.54
347.00 -39.96 -40.60 -54.17 315.82 324.75 57.56 0.60
0.00 8158.04
323.40 -44.36 -44.80 -57.49 316.08 327.62 59.11 0.50
0.00 8634.30
302.00 -48.36 -48.68 -62.04 316.61 326.36 60.66 0.40
0.00 9088.80
282.50 -51.86 -52.04 -60.33 317.72 321.51 63.03 0.20
0.00 9524.59
264.90 -54.46 -54.61 -63.04 319.77 322.00 71.00 0.10
0.00 9938.82
248.40 -56.66 -56.79 -66.52 322.38 323.38 80.11 0.10
0.00 10348.44
233.40 -58.26 -58.40 -71.85 325.70 322.74 86.64 0.00
0.00 10741.70
219.50 -59.36 -59.48 -72.27 329.77 321.57 91.26 -0.10
0.00 11126.93
205.60 -60.26 -60.38 -72.72 334.58 322.01 91.20 -0.10
0.00 11535.47
191.70 -60.66 -60.78 -73.19 340.70 322.14 85.14 -0.10
0.00 11971.28
177.70 -60.06 -60.20 -73.70 349.14 318.19 78.96 -0.10
0.00 12443.63
163.80 -58.56 -9999.00 -9999.00 -9999.00 315.20 77.47 -0.10
0.00 12953.46
149.80 -57.86 -9999.00 -9999.00 -9999.00 317.24 77.25 -0.10
0.00 13515.58
135.90 -58.56 -9999.00 -9999.00 -9999.00 320.94 74.30 0.00
0.00 14128.27
121.90 -59.16 -9999.00 -9999.00 -9999.00 321.44 71.06 0.10
0.00 14810.21
107.90 -58.16 -9999.00 -9999.00 -9999.00 322.65 69.15 0.20
0.00 15576.16
94.00 -56.96 -9999.00 -9999.00 -9999.00 327.62 63.48 0.20
0.00 16446.46
81.00 -56.26 -9999.00 -9999.00 -9999.00 327.67 54.49 0.10
0.00 17389.90
70.60 -54.36 -9999.00 -9999.00 -9999.00 325.80 48.39 0.00
0.00 18266.15
62.20 -52.66 -9999.00 -9999.00 -9999.00 322.10 45.53 -0.10
0.00 19080.57
54.30 -52.06 -9999.00 -9999.00 -9999.00 317.07 45.63 -0.10
0.00 19958.42
46.90 -52.26 -9999.00 -9999.00 -9999.00 320.74 46.66 0.00
0.00 20906.13
40.10 -52.66 -9999.00 -9999.00 -9999.00 325.84 39.43 0.00
0.00 21918.02
33.80 -51.16 -9999.00 -9999.00 -9999.00 319.79 27.97 0.00
0.00 23024.87
27.80 -49.76 -9999.00 -9999.00 -9999.00 322.59 12.47 0.00
0.00 24298.73
22.30 -52.26 -9999.00 -9999.00 -9999.00 337.31 11.58 0.00
0.00 25732.17
17.10 -49.36 -9999.00 -9999.00 -9999.00 326.89 5.34 0.00
0.00 27460.15
12.30 -47.06 -9999.00 -9999.00 -9999.00 360.00 3.88 0.00
0.00 29629.54

STID = KYMY STNM = 770 TIME = 221026/2200 
SLAT = 54.05 SLON = 159.43 SELV = 752.0
STIM = 10

SHOW = 14.95 LIFT = 15.40 SWET = 105.32 KINX = -4.59
LCLP = 906.56 PWAT = 6.37 TOTL = 30.45 CAPE = 0.00
LCLT = 269.40 CINS = 0.00 EQLV = -9999.00 LFCT = -9999.00
BRCH = 0.00

PRES TMPC TMWC DWPC THTE DRCT SKNT OMEG
CFRL HGHT
933.80 -1.46 -2.16 -3.35 286.11 327.26 9.69 0.50
0.00 761.38
931.00 -1.06 -1.98 -3.52 286.70 320.44 17.39 0.50
0.00 785.33
925.90 -1.16 -2.16 -3.85 286.89 320.60 21.11 0.80
0.00 829.15
917.10 -1.66 -2.75 -4.63 286.74 322.85 24.13 1.20
0.00 905.25
904.30 -2.36 -3.61 -5.88 286.53 327.24 26.57 1.60
0.00 1017.00
887.80 -3.06 -4.56 -7.48 286.56 330.98 28.44 2.10
0.00 1163.00
868.20 -3.66 -5.61 -9.73 286.80 334.09 30.23 2.40
0.00 1339.54
846.90 -3.96 -6.57 -12.67 287.41 336.47 31.14 2.60
0.00 1535.60
824.00 -4.06 -7.37 -15.98 288.50 336.52 30.71 2.60
0.00 1751.76
798.50 -4.26 -8.09 -19.02 290.11 334.98 28.94 2.50
0.00 1999.46
770.50 -4.76 -8.77 -20.81 292.18 330.66 26.96 2.10
0.00 2280.32
739.90 -5.96 -9.70 -20.92 294.36 325.47 25.70 1.50
0.00 2598.16
706.80 -7.66 -10.82 -20.01 296.73 322.01 25.87 0.90
0.00 2955.19
671.10 -9.96 -12.33 -19.04 299.04 320.77 27.33 0.30
0.00 3356.52
632.80 -12.76 -14.46 -19.46 300.96 321.05 29.97 -0.20
0.00 3807.18
591.80 -15.76 -17.37 -23.01 302.38 321.08 33.70 -0.30
0.00 4315.16
548.40 -19.16 -20.89 -28.96 303.75 321.79 38.33 -0.20
0.00 4885.49
506.10 -22.76 -24.27 -33.04 305.83 324.79 42.79 0.10
0.00 5478.24
467.80 -26.26 -27.46 -35.74 308.15 328.91 46.27 0.40
0.00 6051.12
433.20 -29.56 -30.55 -38.76 310.50 331.26 48.08 0.70
0.00 6602.85
401.80 -32.86 -33.67 -41.94 312.71 329.82 51.01 0.80
0.00 7135.82
373.10 -36.16 -36.91 -47.56 314.65 326.03 54.58 0.80
0.00 7653.55
347.10 -39.96 -40.58 -53.04 315.83 322.97 56.45 0.70
0.00 8150.65
323.50 -44.16 -44.58 -56.01 316.37 321.77 57.13 0.50
0.00 8626.97
302.00 -48.16 -48.44 -58.04 316.97 322.76 60.02 0.40
0.00 9083.93
282.50 -51.56 -51.75 -60.33 318.15 324.54 66.30 0.30
0.00 9520.21
264.90 -54.26 -54.44 -66.05 320.02 325.02 74.20 0.20
0.00 9934.91
248.40 -56.36 -56.53 -71.43 322.79 323.88 82.71 0.10
0.00 10345.00
233.40 -57.96 -58.10 -71.85 326.16 322.50 91.57 0.00
0.00 10738.80
219.50 -59.26 -59.39 -72.27 329.92 323.55 95.14 -0.10
0.00 11124.40
205.60 -60.46 -60.57 -72.72 334.26 324.45 92.87 -0.10
0.00 11532.83
191.70 -60.26 -60.39 -73.19 341.34 321.28 85.39 -0.10
0.00 11968.85
177.70 -58.76 -58.93 -73.70 351.27 315.48 82.28 -0.10
0.00 12443.09
163.80 -57.56 -9999.00 -9999.00 -9999.00 314.15 83.39 -0.10
0.00 12955.66
149.80 -57.76 -9999.00 -9999.00 -9999.00 317.58 82.36 -0.10
0.00 13519.22
135.90 -58.86 -9999.00 -9999.00 -9999.00 321.56 78.13 0.00
0.00 14131.62
121.90 -58.76 -9999.00 -9999.00 -9999.00 323.34 73.85 0.10
0.00 14813.73
107.90 -57.16 -9999.00 -9999.00 -9999.00 327.55 69.52 0.20
0.00 15582.17
94.00 -56.16 -9999.00 -9999.00 -9999.00 330.06 63.44 0.20
0.00 16456.10
81.00 -55.56 -9999.00 -9999.00 -9999.00 326.75 56.68 0.10
0.00 17402.82
70.60 -54.66 -9999.00 -9999.00 -9999.00 323.56 51.67 0.00
0.00 18279.87
62.20 -53.76 -9999.00 -9999.00 -9999.00 324.84 48.23 0.00
0.00 19091.69
54.30 -53.26 -9999.00 -9999.00 -9999.00 325.45 46.93 -0.10
0.00 19964.97
46.90 -52.76 -9999.00 -9999.00 -9999.00 325.77 45.57 -0.10
0.00 20909.03
40.10 -52.46 -9999.00 -9999.00 -9999.00 323.13 33.99 0.00
0.00 21920.23
33.80 -52.06 -9999.00 -9999.00 -9999.00 309.03 23.76 0.00
0.00 23025.33
27.80 -51.46 -9999.00 -9999.00 -9999.00 305.66 10.99 0.00
0.00 24291.76
22.30 -52.46 -9999.00 -9999.00 -9999.00 343.78 11.13 0.00
0.00 25719.07
17.10 -46.26 -9999.00 -9999.00 -9999.00 307.57 6.37 0.00
0.00 27458.32
12.30 -44.76 -9999.00 -9999.00 -9999.00 305.71 7.65 0.00
0.00 29653.75

STID = KYMY STNM = 770 TIME = 221026/2300 
SLAT = 54.05 SLON = 159.43 SELV = 752.0
STIM = 11

SHOW = 14.72 LIFT = 15.19 SWET = 107.51 KINX = -1.85
LCLP = 902.82 PWAT = 6.88 TOTL = 30.81 CAPE = 0.00
LCLT = 269.83 CINS = 0.00 EQLV = -9999.00 LFCT = -9999.00
BRCH = 0.00

PRES TMPC TMWC DWPC THTE DRCT SKNT OMEG
CFRL HGHT
933.10 -0.76 -1.56 -2.87 287.24 324.83 10.45 0.40
0.00 761.41
930.30 -0.86 -1.75 -3.20 287.19 326.82 18.10 0.50
0.00 785.42
925.20 -1.16 -2.02 -3.44 287.22 326.17 21.99 0.80
0.00 829.29
916.40 -1.76 -2.54 -3.86 287.18 326.55 26.07 1.30
0.00 905.45
903.60 -2.36 -3.27 -4.87 287.19 329.10 29.88 1.90
3.00 1017.27
887.10 -2.96 -4.25 -6.67 287.17 332.18 31.62 2.40
1.00 1163.43
867.60 -3.36 -5.28 -9.20 287.43 334.84 31.97 2.80
0.00 1339.35
846.30 -3.56 -6.25 -12.39 288.01 337.13 30.98 3.00
0.00 1535.81
823.40 -3.76 -7.08 -15.46 289.06 338.27 28.87 3.10
0.00 1752.41
797.90 -3.96 -7.71 -17.88 290.82 335.91 26.17 2.90
0.00 2000.58
769.90 -4.56 -8.33 -18.70 293.03 331.17 24.16 2.50
0.00 2281.94
739.40 -5.76 -9.13 -18.19 295.42 326.05 23.66 2.00
0.00 2599.25
706.30 -7.46 -10.23 -17.46 297.83 323.58 24.86 1.40
0.00 2956.86
670.60 -9.86 -11.93 -17.41 299.79 322.80 27.31 0.80
0.00 3358.76
632.40 -12.56 -14.28 -19.28 301.31 322.41 30.89 0.30
0.00 3808.84
591.40 -15.56 -17.39 -24.05 302.40 321.93 35.28 0.00
0.00 4317.53
548.10 -18.86 -20.83 -30.58 303.86 321.86 40.27 0.00
0.00 4887.42
505.90 -22.56 -24.23 -34.44 305.91 324.17 44.79 0.20
0.00 5479.61
467.60 -26.06 -27.21 -34.76 308.57 327.67 47.59 0.50
0.00 6053.19
433.10 -29.26 -30.03 -35.53 311.32 328.79 47.24 0.60
0.00 6604.09
401.70 -32.66 -33.31 -39.19 313.27 328.09 48.50 0.70
0.00 7137.77
373.10 -36.36 -36.91 -43.45 314.67 327.23 53.83 0.50
0.00 7653.78
347.00 -40.06 -40.51 -47.60 315.99 327.62 59.11 0.30
0.00 8152.57
323.40 -44.06 -44.39 -51.75 316.69 327.56 61.93 0.20
0.00 8629.05
302.00 -48.06 -48.32 -56.57 317.15 323.62 64.18 0.10
0.00 9084.17
282.50 -51.56 -51.75 -60.33 318.15 322.78 70.01 0.10
0.00 9520.55
264.90 -54.06 -54.24 -66.05 320.31 323.35 80.38 0.00
0.00 9935.44
248.40 -56.16 -56.33 -71.43 323.08 322.91 89.86 0.00
0.00 10345.90
233.40 -57.66 -57.81 -71.85 326.61 323.41 93.86 -0.10
0.00 10740.16
219.50 -58.96 -59.09 -72.27 330.39 324.90 94.25 -0.10
0.00 11126.29
205.60 -60.16 -60.28 -72.72 334.73 322.79 91.22 -0.20
0.00 11535.30
191.70 -59.96 -60.09 -73.19 341.82 316.34 87.80 -0.10
0.00 11971.93
177.70 -58.86 -59.03 -73.70 351.11 310.87 89.65 -0.10
0.00 12446.39
163.80 -58.26 -9999.00 -9999.00 -9999.00 313.55 92.19 0.00
0.00 12958.01
149.80 -57.96 -9999.00 -9999.00 -9999.00 322.52 88.11 0.00
0.00 13520.40
135.90 -58.66 -9999.00 -9999.00 -9999.00 328.11 78.69 0.10
0.00 14132.80
121.90 -57.36 -9999.00 -9999.00 -9999.00 327.79 73.23 0.20
0.00 14817.45
107.90 -55.66 -9999.00 -9999.00 -9999.00 330.28 67.77 0.20
0.00 15591.07
94.00 -55.76 -9999.00 -9999.00 -9999.00 328.26 61.67 0.10
0.00 16468.83
81.00 -55.56 -9999.00 -9999.00 -9999.00 325.13 57.77 0.00
0.00 17416.42
70.60 -55.36 -9999.00 -9999.00 -9999.00 326.60 53.98 0.00
0.00 18292.07
62.20 -54.96 -9999.00 -9999.00 -9999.00 327.88 49.32 -0.10
0.00 19100.37
54.30 -54.26 -9999.00 -9999.00 -9999.00 328.99 44.87 -0.10
0.00 19969.27
46.90 -53.16 -9999.00 -9999.00 -9999.00 326.97 42.40 0.00
0.00 20910.33
40.10 -52.26 -9999.00 -9999.00 -9999.00 322.54 30.34 0.00
0.00 21921.07
33.80 -51.26 -9999.00 -9999.00 -9999.00 308.51 23.08 0.00
0.00 23028.67
27.80 -51.16 -9999.00 -9999.00 -9999.00 287.47 10.99 0.00
0.00 24298.25
22.30 -52.56 -9999.00 -9999.00 -9999.00 313.64 11.54 0.00
0.00 25726.20
17.10 -46.86 -9999.00 -9999.00 -9999.00 294.34 8.95 0.00
0.00 27462.73
12.30 -44.06 -9999.00 -9999.00 -9999.00 4.29 7.79 0.00
0.00 29658.65

STID = KYMY STNM = 770 TIME = 221027/0000 
SLAT = 54.05 SLON = 159.43 SELV = 752.0
STIM = 12

SHOW = 14.38 LIFT = 14.89 SWET = 109.33 KINX = 0.16
LCLP = 899.17 PWAT = 7.12 TOTL = 31.90 CAPE = 0.00
LCLT = 270.22 CINS = 0.00 EQLV = -9999.00 LFCT = -9999.00
BRCH = 0.00

PRES TMPC TMWC DWPC THTE DRCT SKNT OMEG
CFRL HGHT
931.90 -0.16 -1.05 -2.45 288.28 330.49 11.83 0.40
0.00 761.45
929.10 -0.46 -1.41 -2.93 287.91 334.71 19.54 0.40
0.00 785.53
924.10 -0.96 -1.80 -3.16 287.72 336.04 22.96 0.70
0.00 828.65
915.30 -1.66 -2.41 -3.66 287.52 336.40 25.23 1.20
0.00 904.93
902.50 -2.26 -3.23 -4.93 287.37 337.98 28.50 1.70
3.00 1016.94
886.00 -2.76 -4.09 -6.54 287.57 340.64 30.48 2.20
2.00 1163.36
866.50 -3.26 -5.05 -8.60 287.94 342.35 31.39 2.60
0.00 1339.60
845.30 -3.56 -5.96 -11.19 288.61 342.71 30.71 2.80
0.00 1535.43
822.40 -3.76 -6.77 -13.93 289.71 341.31 27.89 2.80
0.00 1752.32
797.00 -3.96 -7.45 -16.38 291.38 335.52 23.91 2.50
0.00 1999.83
769.00 -4.46 -8.05 -17.44 293.63 325.44 21.23 2.00
0.00 2281.59
738.60 -5.56 -8.77 -16.93 296.15 316.87 21.02 1.40
0.00 2598.42
705.50 -7.26 -9.85 -16.25 298.60 315.67 23.35 0.80
0.00 2956.73
670.00 -9.46 -11.53 -16.78 300.57 318.74 27.39 0.30
0.00 3357.27
631.80 -12.16 -14.07 -19.65 301.74 321.34 32.34 -0.10
0.00 3808.45
590.90 -15.26 -17.34 -25.19 302.54 322.54 37.68 -0.10
0.00 4317.03
547.70 -18.76 -20.87 -31.79 303.85 322.51 43.08 0.00
0.00 4886.47
505.60 -22.56 -24.21 -34.20 306.00 323.65 47.51 0.20
0.00 5477.76
467.40 -25.66 -26.73 -33.22 309.34 324.19 48.14 0.50
0.00 6050.60
432.90 -28.46 -29.42 -36.26 312.28 322.75 46.85 0.70
0.00 6603.10
401.60 -31.96 -32.86 -41.56 313.96 324.87 51.30 0.60
0.00 7136.90
372.90 -36.06 -36.64 -43.45 315.12 327.28 57.50 0.50
0.00 7656.00
347.00 -40.36 -40.76 -47.02 315.62 325.73 58.99 0.30
0.00 8151.10
323.40 -44.36 -44.72 -53.64 316.20 322.27 61.89 0.10
0.00 8626.96
301.90 -48.06 -48.34 -58.05 317.14 321.41 71.33 0.00
0.00 9083.97
282.50 -51.06 -51.30 -62.55 318.83 321.89 82.46 -0.10
0.00 9518.67
264.90 -53.46 -53.66 -66.05 321.19 320.80 89.74 -0.20
0.00 9934.59
248.40 -55.56 -55.74 -71.43 323.98 320.84 94.44 -0.20
0.00 10346.19
233.40 -57.76 -57.91 -71.85 326.46 322.39 96.11 -0.20
0.00 10740.90
219.50 -59.86 -59.98 -72.27 329.00 322.97 96.11 -0.20
0.00 11126.13
205.60 -61.06 -61.16 -72.72 333.32 321.06 93.65 -0.20
0.00 11533.42
191.70 -60.46 -60.58 -73.19 341.02 316.12 91.36 -0.10
0.00 11968.62
177.70 -59.26 -59.42 -73.70 350.45 312.97 93.18 0.00
0.00 12442.08
163.80 -58.16 -9999.00 -9999.00 -9999.00 317.08 94.42 0.10
0.00 12953.34
149.80 -57.16 -9999.00 -9999.00 -9999.00 324.01 88.60 0.10
0.00 13516.90
135.90 -56.96 -9999.00 -9999.00 -9999.00 327.41 78.61 0.10
0.00 14132.87
121.90 -56.56 -9999.00 -9999.00 -9999.00 326.73 73.64 0.10
0.00 14821.49
107.90 -56.56 -9999.00 -9999.00 -9999.00 325.63 67.77 0.10
0.00 15594.94
94.00 -57.26 -9999.00 -9999.00 -9999.00 324.30 62.92 0.00
0.00 16467.86
81.00 -57.36 -9999.00 -9999.00 -9999.00 326.52 59.85 0.00
0.00 17408.26
70.60 -56.56 -9999.00 -9999.00 -9999.00 330.52 56.45 0.00
0.00 18277.87
62.20 -55.06 -9999.00 -9999.00 -9999.00 332.74 50.04 0.00
0.00 19083.76
54.30 -53.56 -9999.00 -9999.00 -9999.00 327.76 44.79 0.00
0.00 19953.86
46.90 -52.06 -9999.00 -9999.00 -9999.00 321.96 41.92 0.00
0.00 20898.77
40.10 -52.16 -9999.00 -9999.00 -9999.00 319.07 29.06 0.00
0.00 21912.27
33.80 -52.16 -9999.00 -9999.00 -9999.00 320.25 24.01 0.00
0.00 23017.87
27.80 -51.46 -9999.00 -9999.00 -9999.00 314.37 12.51 0.00
0.00 24284.01
22.30 -51.66 -9999.00 -9999.00 -9999.00 303.27 14.88 0.00
0.00 25713.90
17.10 -47.96 -9999.00 -9999.00 -9999.00 293.75 15.91 0.00
0.00 27449.65
12.30 -44.96 -9999.00 -9999.00 -9999.00 1.40 7.96 0.00
0.00 29635.92

STID = KYMY STNM = 770 TIME = 221027/0100 
SLAT = 54.05 SLON = 159.43 SELV = 752.0
STIM = 13

SHOW = 13.69 LIFT = 14.16 SWET = 110.81 KINX = 2.66
LCLP = 895.06 PWAT = 7.67 TOTL = 34.02 CAPE = 0.00
LCLT = 270.73 CINS = 0.00 EQLV = -9999.00 LFCT = -9999.00
BRCH = 0.00

PRES TMPC TMWC DWPC THTE DRCT SKNT OMEG
CFRL HGHT
932.20 0.74 -0.31 -1.87 289.61 330.49 11.83 0.30
0.00 761.48
929.40 0.24 -0.86 -2.56 288.88 335.75 19.39 0.40
0.00 785.62
924.30 -0.26 -1.26 -2.84 288.66 337.38 22.73 0.70
0.00 829.71
915.50 -1.06 -1.86 -3.17 288.47 337.59 23.95 1.10
0.00 906.16
902.70 -2.06 -2.71 -3.81 288.27 338.36 25.29 1.70
2.00 1018.32
886.30 -2.76 -3.60 -5.08 288.39 341.19 28.32 2.30
8.00 1163.89
866.70 -3.36 -4.51 -6.63 288.86 342.92 31.10 2.80
6.00 1340.99
845.50 -3.76 -5.45 -8.80 289.49 342.79 31.53 3.10
3.00 1536.72
822.60 -3.76 -6.22 -11.53 290.66 340.24 29.31 3.10
0.00 1753.52
797.10 -3.96 -7.06 -14.38 292.07 332.83 24.67 2.80
0.00 2002.00
769.20 -4.56 -7.89 -16.19 293.91 319.51 20.94 2.30
0.00 2282.68
738.70 -5.76 -8.84 -16.59 296.03 307.73 20.63 1.50
0.00 2600.34
705.70 -7.56 -10.03 -16.16 298.27 306.87 23.31 0.80
0.00 2957.16
670.10 -9.56 -11.54 -16.55 300.53 313.28 27.49 0.30
0.00 3358.44
631.90 -12.16 -14.03 -19.47 301.78 320.81 32.58 0.00
0.00 3809.47
591.00 -15.36 -17.37 -24.93 302.47 324.53 38.17 -0.10
0.00 4317.87
547.80 -19.06 -21.01 -30.78 303.64 324.61 43.61 0.10
0.00 4886.78
505.60 -22.66 -24.19 -33.05 306.04 322.43 47.79 0.30
0.00 5478.97
467.40 -25.16 -26.32 -33.22 309.97 318.22 48.97 0.50
0.00 6052.28
432.90 -27.76 -28.87 -36.77 313.10 318.52 49.26 0.50
0.00 6606.12
401.60 -31.66 -32.64 -42.34 314.28 326.49 51.73 0.50
0.00 7141.02
373.00 -36.16 -36.80 -44.80 314.86 327.51 53.88 0.30
0.00 7658.44
347.00 -40.26 -40.69 -47.60 315.71 320.84 62.14 0.20
0.00 8155.38
323.40 -43.96 -44.37 -54.75 316.71 319.89 74.16 0.10
0.00 8631.76
301.90 -47.86 -48.13 -56.58 317.46 317.55 80.30 0.00
0.00 9089.37
282.50 -51.16 -51.34 -58.57 318.77 318.05 85.14 -0.10
0.00 9524.17
264.90 -53.66 -53.83 -63.04 320.94 321.00 90.73 -0.10
0.00 9939.81
248.40 -55.96 -56.11 -66.52 323.42 322.30 94.04 -0.10
0.00 10350.85
233.40 -58.16 -58.27 -66.97 325.90 322.39 96.11 -0.10
0.00 10744.83
219.50 -59.96 -60.07 -72.27 328.84 322.00 94.66 -0.10
0.00 11129.62
205.60 -60.76 -60.87 -72.72 333.79 318.74 92.77 -0.10
0.00 11537.10
191.70 -59.76 -59.90 -73.19 342.14 314.01 95.61 0.00
0.00 11973.32
177.70 -58.36 -58.54 -73.70 351.93 313.27 100.31 0.10
0.00 12448.56
163.80 -57.56 -9999.00 -9999.00 -9999.00 317.64 98.58 0.10
0.00 12961.61
149.80 -56.86 -9999.00 -9999.00 -9999.00 323.01 90.71 0.10
0.00 13526.35
135.80 -56.66 -9999.00 -9999.00 -9999.00 325.53 79.64 0.10
0.00 14147.83
121.90 -57.16 -9999.00 -9999.00 -9999.00 325.26 73.29 0.00
0.00 14831.32
107.90 -57.56 -9999.00 -9999.00 -9999.00 324.12 67.62 0.10
0.00 15601.90
94.00 -57.76 -9999.00 -9999.00 -9999.00 323.10 63.40 0.10
0.00 16471.80
81.00 -57.36 -9999.00 -9999.00 -9999.00 325.90 60.30 0.00
0.00 17411.11
70.60 -56.26 -9999.00 -9999.00 -9999.00 328.04 55.40 0.00
0.00 18281.32
62.20 -54.36 -9999.00 -9999.00 -9999.00 326.74 49.94 0.00
0.00 19089.07
54.30 -53.46 -9999.00 -9999.00 -9999.00 324.66 46.68 0.00
0.00 19960.75
46.90 -52.46 -9999.00 -9999.00 -9999.00 320.98 43.51 0.00
0.00 20905.03
40.10 -52.26 -9999.00 -9999.00 -9999.00 319.24 29.76 0.00
0.00 21917.37
33.80 -52.66 -9999.00 -9999.00 -9999.00 318.37 23.39 0.00
0.00 23021.47
27.80 -51.96 -9999.00 -9999.00 -9999.00 313.03 19.93 0.00
0.00 24284.76
22.30 -51.66 -9999.00 -9999.00 -9999.00 314.59 19.37 0.00
0.00 25713.03
17.10 -48.16 -9999.00 -9999.00 -9999.00 325.71 15.52 0.00
0.00 27448.01
12.30 -44.26 -9999.00 -9999.00 -9999.00 321.95 5.67 0.00
0.00 29636.69

STID = KYMY STNM = 770 TIME = 221027/0200 
SLAT = 54.05 SLON = 159.43 SELV = 752.0
STIM = 14

SHOW = 13.42 LIFT = 13.91 SWET = 108.94 KINX = 3.59
LCLP = 896.12 PWAT = 7.93 TOTL = 34.58 CAPE = 0.00
LCLT = 271.08 CINS = 0.00 EQLV = -9999.00 LFCT = -9999.00
BRCH = 0.00

PRES TMPC TMWC DWPC THTE DRCT SKNT OMEG
CFRL HGHT
931.40 0.94 -0.06 -1.54 290.14 324.83 10.45 0.30
0.00 761.49
928.60 0.44 -0.62 -2.23 289.40 330.75 16.71 0.40
0.00 785.68
923.50 -0.06 -1.01 -2.49 289.19 333.18 19.81 0.60
0.00 829.83
914.80 -0.86 -1.62 -2.82 288.99 333.91 20.77 1.00
0.00 905.54
901.90 -1.86 -2.44 -3.41 288.83 335.30 21.39 1.40
1.00 1018.76
885.50 -2.66 -3.36 -4.57 288.90 340.13 24.57 1.80
10.00 1164.55
866.00 -3.26 -4.23 -5.98 289.42 342.81 28.26 2.10
8.00 1340.98
844.80 -3.56 -5.12 -8.12 290.14 342.76 29.49 2.30
4.00 1536.99
821.90 -3.46 -5.84 -10.78 291.40 339.95 28.32 2.40
1.00 1754.19
796.50 -3.46 -6.55 -13.50 293.02 331.35 23.91 2.10
0.00 2002.28
768.60 -4.16 -7.45 -15.30 294.74 315.77 20.34 1.60
0.00 2283.67
738.10 -5.56 -8.58 -15.94 296.56 303.84 20.57 0.90
0.00 2601.95
705.10 -7.46 -9.90 -15.87 298.57 304.76 23.17 0.30
0.00 2959.28
669.60 -9.66 -11.56 -16.33 300.57 312.71 27.49 0.00
0.00 3359.76
631.50 -12.06 -13.95 -19.39 301.99 321.55 32.50 0.00
0.00 3809.94
590.60 -15.16 -17.19 -24.68 302.83 326.95 38.46 0.10
0.00 4318.97
547.50 -18.86 -20.66 -28.98 304.25 328.36 45.18 0.40
0.00 4887.37
505.40 -22.46 -23.99 -32.63 306.39 325.08 50.21 0.60
0.00 5478.92
467.20 -25.16 -26.49 -35.00 309.74 319.60 53.05 0.70
0.00 6052.69
432.80 -27.76 -28.92 -37.31 313.06 318.50 53.94 0.60
0.00 6605.10
401.50 -31.46 -32.45 -41.95 314.60 320.88 52.33 0.50
0.00 7140.34
372.90 -35.86 -36.65 -47.57 315.09 319.89 56.39 0.40
0.00 7658.43
346.90 -39.86 -40.46 -52.05 316.06 317.86 68.90 0.30
0.00 8156.23
323.30 -43.86 -44.30 -56.02 316.84 315.00 74.73 0.20
0.00 8633.26
301.90 -47.76 -48.03 -56.58 317.60 314.50 78.71 0.20
0.00 9089.01
282.50 -51.06 -51.27 -60.33 318.87 316.69 83.82 0.20
0.00 9524.00
264.80 -53.76 -53.93 -63.04 320.83 318.86 87.70 0.10
0.00 9942.08
248.40 -56.36 -56.45 -61.33 322.91 320.02 91.01 0.10
0.00 10350.24
233.40 -58.26 -58.34 -63.99 325.79 320.74 94.83 0.10
0.00 10743.77
219.50 -59.16 -59.29 -72.27 330.08 318.96 95.55 0.10
0.00 11129.19
205.60 -59.26 -59.40 -72.72 336.15 313.92 94.93 0.10
0.00 11538.87
191.70 -58.76 -58.92 -73.19 343.74 310.91 100.25 0.00
0.00 11977.65
177.70 -57.96 -58.15 -73.70 352.58 314.39 103.30 0.00
0.00 12454.44
163.80 -57.46 -9999.00 -9999.00 -9999.00 320.72 100.64 0.00
0.00 12968.09
149.80 -57.56 -9999.00 -9999.00 -9999.00 324.32 93.26 0.00
0.00 13532.04
135.80 -57.26 -9999.00 -9999.00 -9999.00 324.74 82.79 0.10
0.00 14151.66
121.90 -57.26 -9999.00 -9999.00 -9999.00 324.90 74.32 0.10
0.00 14834.04
107.90 -58.06 -9999.00 -9999.00 -9999.00 323.56 67.37 0.10
0.00 15603.56
94.00 -57.76 -9999.00 -9999.00 -9999.00 322.67 62.78 0.10
0.00 16472.44
81.00 -57.06 -9999.00 -9999.00 -9999.00 323.85 58.94 0.00
0.00 17412.41
70.60 -55.66 -9999.00 -9999.00 -9999.00 322.41 55.40 0.00
0.00 18284.43
62.20 -54.66 -9999.00 -9999.00 -9999.00 321.51 52.12 -0.10
0.00 19092.73
54.30 -54.26 -9999.00 -9999.00 -9999.00 322.07 50.23 0.00
0.00 19962.24
46.90 -53.26 -9999.00 -9999.00 -9999.00 322.72 49.07 0.00
0.00 20903.08
40.10 -52.36 -9999.00 -9999.00 -9999.00 321.13 33.43 0.00
0.00 21913.36
33.80 -53.36 -9999.00 -9999.00 -9999.00 311.82 24.77 0.00
0.00 23015.46
27.80 -52.36 -9999.00 -9999.00 -9999.00 315.29 27.06 0.00
0.00 24275.60
22.30 -51.16 -9999.00 -9999.00 -9999.00 319.88 22.61 0.00
0.00 25704.20
17.10 -47.26 -9999.00 -9999.00 -9999.00 337.43 16.20 0.00
0.00 27444.61
12.30 -42.96 -9999.00 -9999.00 -9999.00 307.88 6.64 0.00
0.00 29643.90

STID = KYMY STNM = 770 TIME = 221027/0300 
SLAT = 54.05 SLON = 159.43 SELV = 752.0
STIM = 15

SHOW = 13.65 LIFT = 14.09 SWET = 103.05 KINX = 4.05
LCLP = 897.73 PWAT = 8.37 TOTL = 34.31 CAPE = 0.00
LCLT = 271.29 CINS = 0.00 EQLV = -9999.00 LFCT = -9999.00
BRCH = 0.00

PRES TMPC TMWC DWPC THTE DRCT SKNT OMEG
CFRL HGHT
930.60 0.94 0.00 -1.37 290.35 323.37 9.44 0.20
0.00 762.36
927.90 0.54 -0.45 -1.93 289.79 329.69 14.63 0.30
0.00 785.71
922.80 0.04 -0.86 -2.23 289.55 331.70 17.21 0.50
0.00 829.92
914.10 -0.76 -1.44 -2.51 289.38 332.89 18.34 0.80
0.00 905.72
901.20 -1.76 -2.27 -3.10 289.21 334.23 18.76 1.10
3.00 1019.07
884.80 -2.56 -3.18 -4.24 289.29 340.73 21.19 1.40
11.00 1165.04
865.30 -3.36 -4.14 -5.53 289.65 344.86 24.55 1.70
9.00 1341.61
844.10 -3.66 -4.97 -7.41 290.49 345.36 26.90 1.90
5.00 1537.72
821.30 -3.66 -5.72 -9.84 291.69 342.08 27.16 2.00
1.00 1754.04
795.90 -3.56 -6.38 -12.46 293.41 333.64 24.49 1.80
0.00 2002.21
768.00 -4.16 -7.28 -14.46 295.13 320.46 21.66 1.40
0.00 2283.78
737.60 -5.46 -8.37 -15.25 297.00 311.42 22.03 0.80
0.00 2601.33
704.70 -7.36 -9.74 -15.42 298.92 312.12 24.61 0.30
0.00 2957.95
669.20 -9.56 -11.46 -16.19 300.80 317.51 28.19 0.10
0.00 3358.82
631.10 -12.16 -13.91 -18.87 302.11 323.34 32.21 0.10
0.00 3809.28
590.30 -15.26 -16.99 -22.92 303.23 326.56 37.00 0.30
0.00 4317.20
547.20 -18.66 -20.20 -26.57 305.06 324.73 43.07 0.50
0.00 4886.06
505.20 -21.96 -23.51 -31.82 307.17 320.54 49.83 0.60
0.00 5477.35
467.10 -25.16 -26.57 -36.01 309.62 317.98 55.44 0.40
0.00 6050.36
432.70 -28.26 -29.38 -37.87 312.37 318.97 59.48 0.20
0.00 6602.32
401.40 -31.76 -32.64 -40.83 314.33 320.62 60.31 0.20
0.00 7136.81
372.80 -35.86 -36.60 -46.37 315.19 320.19 62.20 0.20
0.00 7654.72
346.90 -39.96 -40.60 -54.17 315.84 318.30 69.21 0.20
0.00 8150.57
323.30 -43.86 -44.28 -54.75 316.88 317.33 74.24 0.30
0.00 8627.49
301.90 -47.26 -47.53 -55.32 318.35 316.77 79.97 0.30
0.00 9083.75
282.40 -50.36 -50.52 -55.86 320.03 315.27 87.22 0.20
0.00 9522.24
264.80 -53.56 -53.63 -56.39 321.28 317.60 90.75 0.10
100.00 9938.89
248.30 -56.46 -56.52 -59.59 322.84 318.57 90.42 0.00
0.00 10349.71
233.30 -57.86 -57.95 -63.99 326.43 317.98 92.56 0.00
0.00 10743.68
219.50 -58.36 -58.50 -72.27 331.31 314.51 96.97 0.00
0.00 11127.48
205.60 -58.56 -58.71 -72.72 337.25 310.48 101.13 0.10
0.00 11538.60
191.70 -58.26 -58.43 -73.19 344.54 311.39 104.60 0.10
0.00 11978.61
177.70 -57.36 -57.57 -73.70 353.56 316.68 102.78 0.10
0.00 12456.62
163.80 -57.56 -9999.00 -9999.00 -9999.00 321.57 98.45 0.10
0.00 12970.87
149.80 -57.76 -9999.00 -9999.00 -9999.00 322.37 93.20 0.10
0.00 13534.43
135.80 -57.56 -9999.00 -9999.00 -9999.00 323.08 85.04 0.10
0.00 14153.33
121.90 -58.16 -9999.00 -9999.00 -9999.00 323.57 76.53 0.10
0.00 14833.81
107.90 -58.56 -9999.00 -9999.00 -9999.00 322.61 68.45 0.10
0.00 15600.83
94.00 -57.66 -9999.00 -9999.00 -9999.00 323.93 63.68 0.00
0.00 16468.91
81.00 -56.86 -9999.00 -9999.00 -9999.00 325.02 59.98 0.00
0.00 17409.52
70.60 -55.36 -9999.00 -9999.00 -9999.00 321.25 56.80 -0.10
0.00 18282.55
62.20 -54.96 -9999.00 -9999.00 -9999.00 320.92 53.30 -0.10
0.00 19090.85
54.30 -54.66 -9999.00 -9999.00 -9999.00 325.40 50.97 0.00
0.00 19958.96
46.90 -53.26 -9999.00 -9999.00 -9999.00 325.18 46.62 0.00
0.00 20898.95
40.10 -51.96 -9999.00 -9999.00 -9999.00 316.14 34.48 0.00
0.00 21910.15
33.80 -54.16 -9999.00 -9999.00 -9999.00 306.11 29.33 0.00
0.00 23011.25
27.80 -52.56 -9999.00 -9999.00 -9999.00 323.34 31.24 0.00
0.00 24268.52
22.30 -49.16 -9999.00 -9999.00 -9999.00 325.66 23.76 0.00
0.00 25702.93
17.10 -47.16 -9999.00 -9999.00 -9999.00 335.12 14.78 0.00
0.00 27451.51
12.30 -43.36 -9999.00 -9999.00 -9999.00 320.19 4.55 0.00
0.00 29649.35

STID = KYMY STNM = 770 TIME = 221027/0400 
SLAT = 54.05 SLON = 159.43 SELV = 752.0
STIM = 16

SHOW = 13.93 LIFT = 14.16 SWET = 100.29 KINX = 4.67
LCLP = 903.09 PWAT = 9.07 TOTL = 34.46 CAPE = 0.00
LCLT = 271.58 CINS = 0.00 EQLV = -9999.00 LFCT = -9999.00
BRCH = 0.00

PRES TMPC TMWC DWPC THTE DRCT SKNT OMEG
CFRL HGHT
930.20 0.74 -0.03 -1.16 290.33 326.31 9.11 0.30
0.00 762.36
927.50 0.44 -0.38 -1.60 289.96 329.45 13.75 0.30
0.00 785.70
922.40 -0.06 -0.77 -1.86 289.75 331.28 16.16 0.50
0.00 829.92
913.70 -0.76 -1.31 -2.18 289.65 332.57 17.29 0.80
0.00 905.74
900.80 -1.76 -2.13 -2.75 289.50 335.91 18.08 1.20
2.00 1019.15
884.40 -2.76 -3.05 -3.55 289.57 343.14 20.09 1.50
17.00 1165.14
865.00 -3.86 -4.08 -4.50 289.79 347.15 22.71 1.80
39.00 1340.68
843.80 -4.76 -5.16 -5.91 290.20 348.09 25.41 2.10
24.00 1536.31
821.00 -5.16 -6.05 -7.77 291.17 345.47 27.10 2.30
8.00 1751.71
795.60 -4.96 -6.70 -10.24 292.94 337.80 26.22 2.20
1.00 1998.68
767.70 -5.06 -7.54 -13.04 294.75 324.35 23.66 1.80
0.00 2279.21
737.30 -5.86 -8.49 -14.58 296.85 313.00 23.64 1.30
0.00 2596.14
704.40 -7.36 -9.66 -15.07 299.10 312.83 25.43 0.80
0.00 2952.65
668.90 -9.36 -11.26 -15.91 301.18 317.51 28.19 0.50
0.00 3353.87
630.90 -11.86 -13.64 -18.54 302.60 320.46 31.74 0.30
0.00 3803.76
590.20 -14.86 -16.60 -22.39 303.87 320.82 36.60 0.30
0.00 4311.25
547.10 -18.26 -19.85 -26.31 305.61 320.46 43.32 0.30
0.00 4881.12
505.10 -21.76 -23.11 -29.67 307.83 321.10 50.43 0.30
0.00 5473.24
467.00 -25.36 -26.34 -31.88 310.03 322.41 55.40 0.30
0.00 6046.43
432.60 -28.86 -29.65 -35.08 312.00 321.58 58.76 0.30
0.00 6597.66
401.30 -32.36 -33.17 -40.83 313.58 319.89 61.21 0.30
0.00 7130.98
372.80 -36.16 -36.99 -49.70 314.61 318.72 65.66 0.40
0.00 7646.17
346.80 -39.86 -40.49 -53.05 316.04 317.96 71.93 0.40
0.00 8143.79
323.30 -43.56 -43.90 -50.93 317.45 317.34 77.39 0.30
0.00 8619.17
301.90 -46.96 -47.14 -51.52 318.92 315.92 85.18 0.20
3.00 9076.04
282.40 -50.16 -50.28 -53.78 320.39 317.88 92.97 0.00
72.00 9515.02
264.80 -53.46 -53.56 -57.63 321.39 319.69 92.48 0.00
0.00 9931.96
248.30 -55.86 -55.94 -59.59 323.74 318.38 93.30 -0.10
0.00 10343.44
233.30 -57.36 -57.49 -66.98 327.15 317.05 96.08 -0.10
0.00 10738.41
219.50 -58.16 -58.31 -72.27 331.62 313.97 99.05 0.00
0.00 11122.84
205.60 -58.06 -58.22 -72.72 338.03 311.00 104.23 0.10
0.00 11534.63
191.70 -57.56 -57.75 -73.19 345.67 313.38 106.90 0.10
0.00 11975.87
177.70 -57.16 -57.38 -73.70 353.89 318.12 103.57 0.10
0.00 12454.88
163.80 -57.06 -9999.00 -9999.00 -9999.00 319.98 98.17 0.10
0.00 12969.96
149.80 -57.26 -9999.00 -9999.00 -9999.00 321.40 92.46 0.10
0.00 13534.83
135.80 -57.86 -9999.00 -9999.00 -9999.00 322.40 85.31 0.10
0.00 14154.01
121.90 -58.46 -9999.00 -9999.00 -9999.00 321.30 77.66 0.00
0.00 14833.55
107.90 -58.16 -9999.00 -9999.00 -9999.00 321.04 70.44 0.00
0.00 15600.74
94.00 -57.46 -9999.00 -9999.00 -9999.00 325.01 64.02 0.00
0.00 16470.03
81.00 -56.66 -9999.00 -9999.00 -9999.00 328.17 59.67 0.00
0.00 17411.52
70.60 -55.66 -9999.00 -9999.00 -9999.00 326.09 57.11 -0.10
0.00 18284.35
62.20 -55.16 -9999.00 -9999.00 -9999.00 323.51 52.91 0.00
0.00 19091.72
54.30 -54.96 -9999.00 -9999.00 -9999.00 321.99 50.80 0.00
0.00 19958.84
46.90 -53.56 -9999.00 -9999.00 -9999.00 320.22 46.76 0.00
0.00 20897.53
40.10 -52.56 -9999.00 -9999.00 -9999.00 315.42 37.08 0.00
0.00 21906.67
33.80 -54.46 -9999.00 -9999.00 -9999.00 308.35 28.48 0.00
0.00 23005.52
27.80 -52.76 -9999.00 -9999.00 -9999.00 329.45 32.48 0.00
0.00 24261.37
22.30 -48.96 -9999.00 -9999.00 -9999.00 329.74 21.58 0.00
0.00 25695.77
17.10 -48.66 -9999.00 -9999.00 -9999.00 332.70 13.56 0.00
0.00 27439.29
12.30 -43.86 -9999.00 -9999.00 -9999.00 329.04 7.93 0.00
0.00 29627.49

STID = KYMY STNM = 770 TIME = 221027/0500 
SLAT = 54.05 SLON = 159.43 SELV = 752.0
STIM = 17

SHOW = 13.39 LIFT = 13.61 SWET = 99.14 KINX = 5.47
LCLP = 908.32 PWAT = 9.35 TOTL = 35.64 CAPE = 0.00
LCLT = 271.67 CINS = 0.00 EQLV = -9999.00 LFCT = -9999.00
BRCH = 0.00

PRES TMPC TMWC DWPC THTE DRCT SKNT OMEG
CFRL HGHT
929.80 0.34 -0.26 -1.16 289.94 332.85 8.51 0.30
0.00 761.49
927.00 0.24 -0.45 -1.50 289.87 334.57 13.11 0.30
0.00 785.68
921.90 -0.16 -0.78 -1.72 289.79 334.72 15.46 0.50
0.00 829.90
913.20 -0.76 -1.28 -2.11 289.75 337.07 16.45 0.80
0.00 905.75
900.40 -1.66 -2.03 -2.64 289.72 343.30 18.26 1.10
0.00 1018.35
884.00 -2.86 -2.97 -3.20 289.74 348.37 20.22 1.50
27.00 1164.42
864.50 -4.06 -4.08 -4.17 289.85 350.78 23.02 1.80
100.00 1340.86
843.40 -4.86 -5.10 -5.56 290.35 350.82 25.58 2.10
42.00 1535.57
820.50 -5.26 -6.02 -7.48 291.28 347.88 26.83 2.20
8.00 1751.96
795.20 -4.96 -6.62 -9.97 293.12 339.24 25.76 2.00
0.00 1998.06
767.30 -4.96 -7.38 -12.65 295.08 323.13 23.31 1.70
0.00 2278.80
736.90 -5.66 -8.21 -13.95 297.39 311.40 24.09 1.10
0.00 2596.09
704.10 -7.06 -9.36 -14.65 299.65 311.39 26.15 0.60
0.00 2952.04
668.60 -9.16 -11.11 -15.84 301.48 315.27 28.98 0.30
0.00 3353.82
630.60 -11.86 -13.60 -18.38 302.71 318.14 32.60 0.10
0.00 3804.09
589.90 -15.06 -16.64 -21.78 303.86 319.43 37.33 0.10
0.00 4311.65
546.90 -18.66 -20.01 -25.29 305.42 320.82 43.36 0.20
0.00 4879.80
504.90 -22.26 -23.28 -28.00 307.61 322.72 49.07 0.30
0.00 5471.13
466.90 -25.66 -26.46 -30.83 309.87 323.30 53.30 0.40
0.00 6042.10
432.50 -28.86 -29.69 -35.54 311.95 320.44 57.94 0.40
0.00 6593.13
401.30 -32.16 -33.21 -45.15 313.48 318.15 64.94 0.50
0.00 7125.01
372.70 -35.96 -36.83 -50.53 314.86 317.94 72.20 0.50
0.00 7642.49
346.80 -39.96 -40.44 -48.21 316.14 317.76 74.26 0.30
0.00 8138.37
323.20 -43.46 -43.76 -49.49 317.69 318.19 78.96 0.10
0.00 8615.86
301.80 -46.66 -46.84 -50.78 319.42 318.88 89.22 0.00
33.00 9073.28
282.40 -50.06 -50.18 -53.78 320.54 319.76 94.41 -0.10
75.00 9510.48
264.80 -53.06 -53.15 -56.39 322.01 318.93 100.23 -0.10
0.00 9927.89
248.30 -55.66 -55.74 -59.59 324.03 318.15 102.49 -0.10
0.00 10339.94
233.30 -56.96 -57.10 -66.98 327.76 316.51 99.34 -0.10
0.00 10735.46
219.50 -57.46 -57.62 -72.27 332.70 313.75 101.13 -0.10
0.00 11120.86
205.60 -57.46 -57.64 -72.72 338.98 312.91 105.28 -0.10
0.00 11533.89
191.70 -57.06 -57.26 -73.19 346.47 314.78 106.18 -0.10
0.00 11976.26
177.70 -57.26 -57.47 -73.70 353.73 318.09 102.06 0.00
0.00 12455.72
163.80 -57.46 -9999.00 -9999.00 -9999.00 319.06 99.01 0.00
0.00 12970.20
149.80 -57.56 -9999.00 -9999.00 -9999.00 320.58 93.30 0.10
0.00 13534.15
135.80 -58.16 -9999.00 -9999.00 -9999.00 321.92 86.62 0.10
0.00 14152.48
121.90 -58.46 -9999.00 -9999.00 -9999.00 320.30 78.77 0.10
0.00 14831.54
107.90 -57.66 -9999.00 -9999.00 -9999.00 320.62 70.10 0.10
0.00 15599.63
94.00 -57.76 -9999.00 -9999.00 -9999.00 326.21 64.98 0.00
0.00 16469.32
81.00 -57.36 -9999.00 -9999.00 -9999.00 331.11 59.91 0.00
0.00 17408.63
70.60 -56.16 -9999.00 -9999.00 -9999.00 332.21 57.09 0.00
0.00 18279.05
62.20 -55.46 -9999.00 -9999.00 -9999.00 328.38 52.23 0.00
0.00 19084.93
54.30 -55.16 -9999.00 -9999.00 -9999.00 318.86 51.07 0.00
0.00 19951.06
46.90 -54.06 -9999.00 -9999.00 -9999.00 315.76 51.52 0.00
0.00 20888.26
40.10 -53.56 -9999.00 -9999.00 -9999.00 319.45 46.02 0.00
0.00 21893.95
33.80 -54.46 -9999.00 -9999.00 -9999.00 318.84 34.83 0.00
0.00 22990.30
27.80 -53.26 -9999.00 -9999.00 -9999.00 330.88 31.14 0.00
0.00 24244.72
22.30 -49.86 -9999.00 -9999.00 -9999.00 328.10 22.42 0.00
0.00 25674.61
17.10 -48.36 -9999.00 -9999.00 -9999.00 330.60 15.83 0.00
0.00 27415.80
12.30 -43.46 -9999.00 -9999.00 -9999.00 337.07 10.98 0.00
0.00 29607.37

STID = KYMY STNM = 770 TIME = 221027/0600 
SLAT = 54.05 SLON = 159.43 SELV = 752.0
STIM = 18

SHOW = 13.68 LIFT = 13.91 SWET = 104.39 KINX = 5.02
LCLP = 910.47 PWAT = 9.12 TOTL = 35.00 CAPE = 0.00
LCLT = 271.59 CINS = 0.00 EQLV = -9999.00 LFCT = -9999.00
BRCH = 0.00

PRES TMPC TMWC DWPC THTE DRCT SKNT OMEG
CFRL HGHT
929.40 0.04 -0.48 -1.28 289.57 334.59 8.61 0.40
0.00 762.34
926.60 -0.06 -0.66 -1.58 289.53 332.35 13.81 0.40
0.00 786.52
921.60 -0.26 -0.88 -1.83 289.64 332.82 16.16 0.60
0.00 829.85
912.80 -0.76 -1.34 -2.26 289.69 337.05 17.93 0.90
0.00 906.59
900.00 -1.66 -2.08 -2.76 289.68 343.52 19.85 1.30
0.00 1019.24
883.70 -2.86 -3.07 -3.44 289.61 347.52 22.47 1.80
16.00 1164.47
864.20 -4.06 -4.18 -4.43 289.71 349.89 25.45 2.20
80.00 1340.96
843.00 -4.76 -5.16 -5.92 290.28 349.73 27.23 2.50
21.00 1536.71
820.20 -4.96 -5.99 -7.98 291.37 346.36 27.18 2.50
4.00 1752.39
794.90 -4.66 -6.59 -10.54 293.20 336.63 24.96 2.30
0.00 1998.85
767.00 -4.86 -7.38 -12.92 295.11 320.13 23.04 1.90
0.00 2279.89
736.70 -5.76 -8.33 -14.17 297.21 311.05 23.95 1.40
0.00 2596.23
703.80 -7.36 -9.64 -15.00 299.20 311.96 25.85 0.90
0.00 2953.12
668.40 -9.56 -11.40 -15.91 301.02 317.49 28.46 0.60
0.00 3353.37
630.50 -12.26 -13.83 -18.14 302.35 321.02 32.73 0.40
0.00 3801.88
589.80 -15.26 -16.82 -21.98 303.58 321.66 37.90 0.40
0.00 4308.94
546.80 -18.56 -20.08 -26.31 305.30 322.13 44.29 0.40
0.00 4877.06
504.80 -22.06 -23.25 -28.89 307.67 322.82 50.47 0.40
0.00 5468.83
466.80 -25.46 -26.40 -31.70 309.98 320.94 55.79 0.40
0.00 6040.36
432.40 -28.66 -29.74 -38.17 311.88 318.04 62.18 0.40
0.00 6591.93
401.20 -32.06 -33.17 -46.29 313.56 317.50 69.29 0.30
0.00 7124.24
372.70 -35.96 -36.69 -46.38 315.08 318.67 72.94 0.20
0.00 7640.09
346.80 -39.96 -40.39 -47.02 316.21 318.22 73.47 0.00
0.00 8135.99
323.20 -43.46 -43.73 -48.84 317.73 317.08 79.31 -0.10
0.00 8613.49
301.80 -46.46 -46.62 -50.08 319.74 317.82 92.27 -0.20
57.00 9071.11
282.40 -49.56 -49.68 -52.90 321.29 318.87 105.73 -0.20
100.00 9508.99
264.80 -53.06 -53.12 -55.30 322.05 319.90 114.28 -0.20
0.00 9926.87
248.30 -56.06 -56.10 -58.15 323.48 319.60 111.21 -0.10
0.00 10338.55
233.30 -56.96 -57.07 -63.99 327.80 317.19 104.33 -0.10
0.00 10733.70
219.50 -56.86 -57.04 -72.27 333.63 313.94 103.59 -0.10
0.00 11119.65
205.60 -56.66 -56.86 -72.72 340.24 312.41 106.29 -0.10
0.00 11534.02
191.70 -56.96 -57.16 -73.19 346.63 314.63 105.91 -0.20
0.00 11977.31
177.70 -57.36 -57.57 -73.70 353.56 317.96 101.22 -0.10
0.00 12456.76
163.80 -57.76 -9999.00 -9999.00 -9999.00 319.03 99.55 -0.10
0.00 12970.77
149.80 -57.66 -9999.00 -9999.00 -9999.00 319.20 95.73 0.00
0.00 13534.20
135.80 -57.46 -9999.00 -9999.00 -9999.00 321.52 88.34 0.10
0.00 14153.38
121.90 -57.36 -9999.00 -9999.00 -9999.00 322.62 78.71 0.10
0.00 14835.29
107.90 -56.86 -9999.00 -9999.00 -9999.00 324.84 69.15 0.10
0.00 15606.77
94.00 -57.66 -9999.00 -9999.00 -9999.00 327.75 62.24 0.10
0.00 16478.28
81.00 -57.16 -9999.00 -9999.00 -9999.00 331.20 60.08 0.10
0.00 17418.24
70.60 -56.36 -9999.00 -9999.00 -9999.00 333.00 56.90 0.00
0.00 18288.66
62.20 -55.46 -9999.00 -9999.00 -9999.00 327.86 51.85 0.00
0.00 19094.18
54.30 -55.26 -9999.00 -9999.00 -9999.00 319.94 51.01 0.00
0.00 19960.10
46.90 -54.96 -9999.00 -9999.00 -9999.00 316.03 53.44 0.00
0.00 20895.16
40.10 -54.26 -9999.00 -9999.00 -9999.00 317.91 48.68 0.00
0.00 21897.19
33.80 -53.96 -9999.00 -9999.00 -9999.00 315.64 36.95 0.00
0.00 22993.03
27.80 -52.36 -9999.00 -9999.00 -9999.00 321.28 28.88 0.00
0.00 24251.45
22.30 -49.46 -9999.00 -9999.00 -9999.00 333.18 19.81 0.00
0.00 25685.54
17.10 -47.46 -9999.00 -9999.00 -9999.00 345.11 15.87 0.00
0.00 27431.78
12.30 -44.06 -9999.00 -9999.00 -9999.00 338.63 9.60 0.00
0.00 29624.80

STID = KYMY STNM = 770 TIME = 221027/0700 
SLAT = 54.05 SLON = 159.43 SELV = 752.0
STIM = 19

SHOW = 13.59 LIFT = 13.89 SWET = 107.37 KINX = 4.37
LCLP = 911.20 PWAT = 8.60 TOTL = 34.83 CAPE = 0.00
LCLT = 271.39 CINS = 0.00 EQLV = -9999.00 LFCT = -9999.00
BRCH = 0.00

PRES TMPC TMWC DWPC THTE DRCT SKNT OMEG
CFRL HGHT
929.00 -0.26 -0.75 -1.50 289.13 337.75 9.23 0.40
0.00 761.47
926.20 -0.26 -0.82 -1.69 289.27 335.07 15.21 0.40
0.00 785.64
921.20 -0.46 -1.04 -1.95 289.38 334.54 18.07 0.70
0.00 828.96
912.40 -0.86 -1.46 -2.42 289.51 338.81 20.42 1.00
0.00 905.68
899.60 -1.66 -2.17 -3.00 289.55 345.48 22.47 1.40
0.00 1018.36
883.30 -2.76 -3.13 -3.77 289.54 349.81 25.27 1.90
8.00 1163.67
863.80 -3.76 -4.20 -4.98 289.72 351.13 27.72 2.30
30.00 1340.37
842.70 -4.26 -5.15 -6.80 290.34 349.70 28.22 2.50
5.00 1535.54
819.90 -4.16 -5.84 -9.14 291.65 343.82 26.50 2.50
0.00 1751.80
794.60 -4.16 -6.54 -11.58 293.29 330.20 23.06 2.20
0.00 1998.91
766.70 -4.76 -7.47 -13.54 294.99 313.20 21.85 1.60
0.00 2280.35
736.40 -5.96 -8.62 -14.89 296.73 306.87 23.31 1.00
0.00 2596.75
703.60 -7.76 -10.10 -15.82 298.45 310.65 25.35 0.60
0.00 2952.25
668.20 -9.96 -11.84 -16.66 300.29 316.92 28.73 0.40
0.00 3351.99
630.30 -12.46 -14.04 -18.47 302.02 321.98 32.79 0.40
0.00 3800.10
589.60 -15.46 -17.03 -22.30 303.28 324.02 37.68 0.50
0.00 4306.92
546.60 -18.76 -20.37 -27.29 304.87 324.40 43.73 0.60
0.00 4874.79
504.70 -22.16 -23.59 -31.07 307.14 322.82 50.47 0.60
0.00 5464.93
466.70 -25.36 -26.61 -34.54 309.65 319.40 57.30 0.50
0.00 6036.53
432.40 -28.46 -29.72 -40.48 311.89 316.83 64.45 0.30
0.00 6586.86
401.20 -32.16 -33.24 -45.71 313.46 317.03 69.81 0.10
0.00 7119.27
372.60 -36.26 -36.96 -46.38 314.71 317.09 71.60 -0.10
0.00 7636.57
346.70 -40.26 -40.62 -45.96 315.90 315.98 72.40 -0.10
0.00 8131.97
323.20 -43.36 -43.54 -46.60 318.01 315.77 82.15 -0.10
100.00 8607.32
301.80 -46.06 -46.22 -49.44 320.34 317.85 96.68 -0.10
94.00 9065.45
282.40 -49.06 -49.20 -52.90 322.01 317.68 108.49 -0.10
89.00 9504.21
264.80 -52.86 -52.95 -56.39 322.31 317.02 113.11 -0.10
0.00 9922.75
248.30 -56.16 -56.23 -59.59 323.29 320.47 113.83 -0.20
0.00 10334.51
233.30 -57.06 -57.17 -63.99 327.65 319.18 105.50 -0.20
0.00 10729.49
219.50 -56.26 -56.45 -72.27 334.55 313.00 102.53 -0.20
0.00 11115.88
205.60 -56.26 -56.47 -72.72 340.86 311.36 106.12 -0.20
0.00 11531.21
191.70 -56.56 -56.77 -73.19 347.27 314.47 104.80 -0.20
0.00 11975.31
177.70 -57.06 -57.28 -73.70 354.06 318.07 100.00 -0.20
0.00 12455.55
163.80 -57.46 -9999.00 -9999.00 -9999.00 318.92 98.45 -0.10
0.00 12970.27
149.80 -57.46 -9999.00 -9999.00 -9999.00 319.32 96.56 0.00
0.00 13534.35
135.80 -56.96 -9999.00 -9999.00 -9999.00 321.34 89.55 0.10
0.00 14154.54
121.90 -56.46 -9999.00 -9999.00 -9999.00 324.02 79.68 0.10
0.00 14838.66
107.90 -55.96 -9999.00 -9999.00 -9999.00 326.13 67.62 0.10
0.00 15613.36
94.00 -56.96 -9999.00 -9999.00 -9999.00 325.80 60.12 0.10
0.00 16488.09
81.00 -57.16 -9999.00 -9999.00 -9999.00 329.43 58.43 0.10
0.00 17429.58
70.60 -56.96 -9999.00 -9999.00 -9999.00 333.17 56.37 0.00
0.00 18298.79
62.20 -56.66 -9999.00 -9999.00 -9999.00 329.99 52.04 0.00
0.00 19100.97
54.30 -56.26 -9999.00 -9999.00 -9999.00 318.96 51.77 0.00
0.00 19962.52
46.90 -55.46 -9999.00 -9999.00 -9999.00 315.28 56.31 0.00
0.00 20894.36
40.10 -53.06 -9999.00 -9999.00 -9999.00 320.61 52.04 0.00
0.00 21898.00
33.80 -51.66 -9999.00 -9999.00 -9999.00 324.57 35.53 0.00
0.00 23002.59
27.80 -51.76 -9999.00 -9999.00 -9999.00 323.13 26.22 0.00
0.00 24269.31
22.30 -49.76 -9999.00 -9999.00 -9999.00 344.62 16.12 0.00
0.00 25704.36
17.10 -48.16 -9999.00 -9999.00 -9999.00 357.65 14.20 0.00
0.00 27446.72
12.30 -43.56 -9999.00 -9999.00 -9999.00 333.43 7.81 0.00
0.00 29638.78

STID = KYMY STNM = 770 TIME = 221027/0800 
SLAT = 54.05 SLON = 159.43 SELV = 752.0
STIM = 20

SHOW = 14.16 LIFT = 14.50 SWET = 109.64 KINX = 2.53
LCLP = 913.43 PWAT = 8.17 TOTL = 33.63 CAPE = 0.00
LCLT = 270.93 CINS = 0.00 EQLV = -9999.00 LFCT = -9999.00
BRCH = 0.00

PRES TMPC TMWC DWPC THTE DRCT SKNT OMEG
CFRL HGHT
928.40 -0.96 -1.36 -2.00 288.08 342.35 8.97 0.40
0.00 761.45
925.60 -0.56 -1.09 -1.93 288.84 338.06 15.07 0.40
0.00 785.59
920.50 -0.56 -1.18 -2.15 289.20 338.65 18.14 0.60
0.00 829.77
911.80 -0.86 -1.56 -2.66 289.40 344.42 20.98 1.00
0.00 905.66
899.00 -1.76 -2.29 -3.17 289.39 350.54 23.64 1.50
0.00 1018.39
882.70 -2.76 -3.21 -3.98 289.46 354.12 26.55 1.90
5.00 1163.77
863.20 -3.66 -4.23 -5.25 289.72 354.49 28.30 2.30
8.00 1340.62
842.10 -4.26 -5.25 -7.10 290.23 352.43 28.03 2.50
3.00 1535.95
819.30 -4.46 -6.08 -9.31 291.30 345.75 25.25 2.40
0.00 1752.24
794.10 -4.56 -6.85 -11.77 292.82 330.58 20.96 2.00
0.00 1998.22
766.30 -5.26 -7.91 -14.04 294.28 312.24 19.93 1.40
0.00 2278.34
736.00 -6.46 -9.19 -15.98 295.80 306.77 22.07 0.90
0.00 2594.29
703.20 -8.16 -10.69 -17.34 297.48 311.27 25.33 0.60
0.00 2949.35
667.90 -10.16 -12.29 -18.12 299.56 318.21 29.45 0.50
0.00 3347.67
629.90 -12.56 -14.31 -19.42 301.62 322.41 34.07 0.50
0.00 3796.91
589.40 -15.46 -17.19 -23.27 303.03 323.76 38.77 0.60
0.00 4301.36
546.40 -18.56 -20.47 -29.34 304.72 322.54 45.03 0.50
0.00 4869.61
504.60 -21.66 -23.39 -33.07 307.44 319.95 52.53 0.40
0.00 5459.28
466.60 -24.86 -26.33 -36.02 310.09 316.84 59.93 0.20
0.00 6032.12
432.30 -28.36 -29.64 -40.48 312.04 314.64 65.79 0.00
0.00 6583.23
401.10 -32.36 -33.35 -44.14 313.33 313.86 69.25 -0.10
0.00 7115.66
372.60 -36.66 -37.16 -43.05 314.43 314.33 70.05 -0.10
0.00 7630.59
346.70 -40.16 -40.41 -43.72 316.22 314.25 73.21 0.00
84.00 8125.69
323.20 -42.46 -42.70 -46.60 319.26 315.79 89.43 0.00
54.00 8602.07
301.80 -45.16 -45.34 -48.83 321.65 314.56 106.58 -0.10
75.00 9062.01
282.40 -49.06 -49.17 -52.09 322.05 314.72 110.70 -0.20
100.00 9501.65
264.80 -52.96 -53.05 -56.39 322.16 315.35 110.84 -0.20
98.00 9920.09
248.30 -56.36 -56.42 -59.59 322.99 319.27 110.74 -0.20
0.00 10331.58
233.30 -57.36 -57.46 -63.99 327.19 319.42 105.11 -0.10
0.00 10726.09
219.50 -56.26 -56.45 -72.27 334.55 314.15 102.06 -0.20
0.00 11112.21
205.60 -56.26 -56.47 -72.72 340.86 312.89 104.47 -0.20
0.00 11527.54
191.70 -56.76 -56.97 -73.19 346.95 314.70 103.30 -0.20
0.00 11971.45
177.70 -56.96 -57.18 -73.70 354.22 316.56 100.85 -0.20
0.00 12451.57
163.80 -57.16 -9999.00 -9999.00 -9999.00 317.85 99.57 -0.10
0.00 12966.77
149.80 -57.46 -9999.00 -9999.00 -9999.00 319.32 96.56 0.00
0.00 13531.24
135.80 -57.16 -9999.00 -9999.00 -9999.00 321.49 89.86 0.00
0.00 14151.14
121.90 -56.46 -9999.00 -9999.00 -9999.00 324.05 82.07 0.10
0.00 14834.95
107.90 -56.06 -9999.00 -9999.00 -9999.00 326.40 70.20 0.10
0.00 15609.46
94.00 -56.56 -9999.00 -9999.00 -9999.00 324.38 60.70 0.10
0.00 16484.81
81.00 -57.36 -9999.00 -9999.00 -9999.00 325.99 57.65 0.10
0.00 17426.73
70.60 -57.66 -9999.00 -9999.00 -9999.00 329.79 55.96 0.10
0.00 18294.13
62.20 -57.46 -9999.00 -9999.00 -9999.00 328.39 53.38 0.00
0.00 19093.53
54.30 -57.06 -9999.00 -9999.00 -9999.00 319.09 53.98 0.00
0.00 19951.90
46.90 -55.76 -9999.00 -9999.00 -9999.00 317.97 58.31 0.00
0.00 20881.38
40.10 -52.36 -9999.00 -9999.00 -9999.00 326.42 54.80 0.00
0.00 21885.93
33.80 -50.36 -9999.00 -9999.00 -9999.00 325.80 36.64 0.00
0.00 22995.53
27.80 -51.46 -9999.00 -9999.00 -9999.00 315.66 23.89 0.00
0.00 24266.82
22.30 -49.86 -9999.00 -9999.00 -9999.00 340.40 15.05 0.00
0.00 25702.52
17.10 -48.36 -9999.00 -9999.00 -9999.00 357.61 14.01 0.00
0.00 27443.71
12.30 -43.86 -9999.00 -9999.00 -9999.00 350.87 11.01 0.00
0.00 29633.36

STID = KYMY STNM = 770 TIME = 221027/0900 
SLAT = 54.05 SLON = 159.43 SELV = 752.0
STIM = 21

SHOW = 14.38 LIFT = 14.64 SWET = 111.40 KINX = -0.04
LCLP = 912.39 PWAT = 7.76 TOTL = 32.90 CAPE = 0.00
LCLT = 270.49 CINS = 0.00 EQLV = -9999.00 LFCT = -9999.00
BRCH = 0.00

PRES TMPC TMWC DWPC THTE DRCT SKNT OMEG
CFRL HGHT
927.80 -1.36 -1.76 -2.43 287.42 348.27 10.51 0.60
0.00 762.30
925.10 -0.56 -1.14 -2.05 288.80 341.13 16.22 0.40
0.00 785.57
920.00 -0.56 -1.24 -2.31 289.13 343.41 19.06 0.70
0.00 829.78
911.30 -0.96 -1.65 -2.75 289.28 349.60 21.52 1.10
0.00 905.70
898.50 -1.66 -2.36 -3.50 289.33 355.46 24.55 1.70
1.00 1018.48
882.20 -2.46 -3.27 -4.66 289.40 358.39 27.60 2.20
2.00 1164.04
862.70 -3.36 -4.39 -6.26 289.49 359.62 29.14 2.60
1.00 1341.17
841.70 -4.06 -5.46 -8.16 289.91 358.41 27.99 2.80
0.00 1535.83
818.90 -4.66 -6.43 -10.11 290.73 352.26 24.51 2.60
0.00 1752.20
793.60 -5.06 -7.31 -12.30 292.10 335.92 20.01 2.10
0.00 1998.96
765.90 -5.86 -8.45 -14.72 293.40 314.16 18.69 1.40
0.00 2277.64
735.60 -6.96 -9.77 -17.24 294.85 305.42 21.45 0.80
0.00 2593.09
702.90 -8.26 -11.11 -19.26 296.77 310.70 25.62 0.40
0.00 2946.80
667.60 -10.06 -12.54 -19.77 299.16 318.58 30.83 0.40
0.00 3345.24
629.70 -12.46 -14.42 -20.35 301.46 323.00 35.51 0.50
0.00 3793.61
589.20 -15.36 -17.18 -23.62 303.08 324.40 40.38 0.60
0.00 4298.40
546.30 -18.46 -20.34 -28.84 304.95 322.94 46.74 0.60
0.00 4865.70
504.40 -21.66 -23.35 -32.65 307.54 319.24 53.85 0.60
0.00 5457.07
466.50 -25.06 -26.47 -35.76 309.89 315.26 59.89 0.50
0.00 6028.36
432.20 -28.66 -29.87 -40.12 311.72 312.68 64.47 0.30
0.00 6579.03
401.10 -32.76 -33.61 -42.36 312.96 312.75 66.39 0.10
0.00 7109.07
372.60 -36.46 -36.89 -41.54 314.84 313.63 68.71 0.00
0.00 7623.79
346.70 -38.86 -39.15 -42.57 318.10 313.54 80.92 -0.10
68.00 8120.49
323.20 -41.56 -41.77 -44.77 320.65 311.49 98.81 -0.10
96.00 8599.14
301.80 -45.56 -45.72 -48.83 321.08 311.33 105.01 -0.20
100.00 9059.58
282.40 -49.36 -49.49 -52.90 321.58 313.17 107.60 -0.20
95.00 9498.53
264.80 -52.86 -52.95 -56.39 322.31 314.52 113.60 -0.10
88.00 9916.79
248.30 -55.96 -56.03 -59.59 323.59 316.49 111.15 -0.10
0.00 10328.75
233.30 -57.56 -57.66 -63.99 326.89 319.27 103.30 -0.10
0.00 10723.45
219.50 -56.76 -56.94 -72.27 333.78 315.86 100.70 -0.20
0.00 11108.94
205.60 -55.76 -55.98 -72.72 341.65 312.70 102.54 -0.20
0.00 11524.27
191.70 -56.36 -56.58 -73.19 347.59 313.32 103.07 -0.30
0.00 11969.10
177.70 -57.36 -57.57 -73.70 353.56 315.39 101.79 -0.20
0.00 12449.22
163.80 -57.46 -9999.00 -9999.00 -9999.00 316.64 100.99 -0.10
0.00 12963.58
149.80 -57.26 -9999.00 -9999.00 -9999.00 318.39 97.69 -0.10
0.00 13527.93
135.80 -56.76 -9999.00 -9999.00 -9999.00 321.57 91.26 0.00
0.00 14148.69
121.90 -56.36 -9999.00 -9999.00 -9999.00 323.51 82.63 0.10
0.00 14833.29
107.90 -56.16 -9999.00 -9999.00 -9999.00 327.42 72.14 0.10
0.00 15607.80
94.00 -56.86 -9999.00 -9999.00 -9999.00 325.73 63.46 0.10
0.00 16482.34
81.00 -57.06 -9999.00 -9999.00 -9999.00 323.44 58.04 0.10
0.00 17424.26
70.60 -57.36 -9999.00 -9999.00 -9999.00 324.27 54.56 0.10
0.00 18292.87
62.20 -57.46 -9999.00 -9999.00 -9999.00 323.54 54.58 0.00
0.00 19092.82
54.30 -57.16 -9999.00 -9999.00 -9999.00 320.60 56.31 0.00
0.00 19950.99
46.90 -56.16 -9999.00 -9999.00 -9999.00 322.94 58.66 0.00
0.00 20879.40
40.10 -53.06 -9999.00 -9999.00 -9999.00 330.73 55.23 0.00
0.00 21881.43
33.80 -49.96 -9999.00 -9999.00 -9999.00 326.99 36.36 0.00
0.00 22990.28
27.80 -50.86 -9999.00 -9999.00 -9999.00 306.68 23.74 0.00
0.00 24264.43
22.30 -49.76 -9999.00 -9999.00 -9999.00 342.73 15.05 0.00
0.00 25702.39
17.10 -48.56 -9999.00 -9999.00 -9999.00 8.53 11.79 0.00
0.00 27443.19
12.30 -45.26 -9999.00 -9999.00 -9999.00 355.68 10.33 0.00
0.00 29625.12
STN YYMMDD/HHMM PMSL PRES SKTC STC1 SNFL WTNS
P01M C01M STC2 LCLD MCLD HCLD
SNRA UWND VWND R01M BFGR T2MS
Q2MS WXTS WXTP WXTZ WXTR USTM
VSTM HLCY SLLH WSYM CDBP VSBK
TD2M
770 221026/1200 1026.50 935.20 -5.46 267.70 -9999.00 8.00
-9999.00 -9999.00 267.80 0.00 0.00 0.00
-9999.00 2.50 -2.30 -9999.00 -9999.00 -4.26
2.69 0.00 0.00 0.00 0.00 4.10
-18.20 -61.20 -9999.00 999.00 -9999.00 20.00
-5.67
770 221026/1300 1026.00 934.60 -5.46 267.70 0.00 9.00
0.00 0.00 267.80 1.00 1.00 0.00
-9999.00 2.30 -2.40 -9999.00 -9999.00 -4.46
2.71 0.00 0.00 0.00 0.00 4.70
-18.30 -50.90 0.00 999.00 -9999.00 20.00
-5.58
770 221026/1400 1026.00 934.60 -5.36 267.80 0.00 9.00
0.00 0.00 267.90 0.00 0.00 0.00
-9999.00 2.70 -2.60 -9999.00 -9999.00 -4.46
2.71 0.00 0.00 0.00 0.00 4.80
-17.80 -49.30 0.00 999.00 -9999.00 20.00
-5.58
770 221026/1500 1026.40 935.00 -5.16 268.00 0.00 10.00
0.00 0.00 267.90 2.00 0.00 0.00
-9999.00 2.80 -2.80 -9999.00 -9999.00 -4.36
2.75 0.00 0.00 0.00 0.00 4.60
-17.80 -62.60 0.00 999.00 -9999.00 20.00
-5.38
770 221026/1600 1027.00 935.60 -4.96 268.20 0.00 11.00
0.00 0.00 268.20 6.00 0.00 0.00
-9999.00 2.70 -3.00 -9999.00 -9999.00 -4.16
2.82 0.00 0.00 0.00 0.00 4.70
-18.40 -79.70 0.00 999.00 -9999.00 20.00
-5.05
770 221026/1700 1027.20 935.80 -4.86 268.30 0.00 11.00
0.00 0.00 268.20 6.00 0.00 0.00
-9999.00 2.50 -2.90 -9999.00 -9999.00 -4.06
2.85 0.00 0.00 0.00 0.00 4.30
-18.70 -69.30 0.00 999.00 -9999.00 20.00
-4.90
770 221026/1800 1026.20 934.90 -4.96 268.20 0.00 12.00
0.00 0.00 268.20 3.00 0.00 0.00
-9999.00 2.60 -2.70 -9999.00 -9999.00 -4.06
2.82 0.00 0.00 0.00 0.00 3.80
-19.60 -61.30 0.00 999.00 -9999.00 20.00
-5.06
770 221026/1900 1025.00 933.80 -5.06 268.10 0.00 13.00
0.00 0.00 268.10 6.00 0.00 0.00
-9999.00 2.50 -2.80 -9999.00 -9999.00 -4.16
2.80 0.00 0.00 0.00 0.00 4.50
-21.10 -43.30 0.00 999.00 -9999.00 20.00
-5.16
770 221026/2000 1024.60 933.40 -5.16 268.00 0.00 14.00
0.00 0.00 268.00 3.00 0.00 0.00
-9999.00 2.20 -2.70 -9999.00 -9999.00 -4.26
2.79 0.00 0.00 0.00 0.00 4.60
-21.20 -49.00 0.00 999.00 -9999.00 20.00
-5.22
770 221026/2100 1025.40 934.10 -4.96 268.20 0.00 15.00
0.00 0.00 268.10 0.00 0.00 0.00
-9999.00 2.20 -2.30 -9999.00 -9999.00 -4.06
2.80 0.00 0.00 0.00 0.00 3.80
-19.90 -53.40 0.00 999.00 -9999.00 20.00
-5.16
770 221026/2200 1025.70 934.90 -2.56 270.60 0.00 15.00
0.00 0.00 270.00 0.00 0.00 0.00
-9999.00 2.80 -2.20 -9999.00 -9999.00 -2.16
3.23 0.00 0.00 0.00 0.00 2.40
-17.10 -3.70 0.00 999.00 -9999.00 20.00
-3.26
770 221026/2300 1024.70 934.20 -0.96 272.20 0.00 15.00
0.00 0.00 271.20 3.00 0.00 0.00
-9999.00 2.90 -2.90 -9999.00 -9999.00 -0.96
3.39 0.00 0.00 0.00 0.00 2.90
-18.30 5.60 0.00 999.00 -9999.00 20.00
-2.62
770 221027/0000 1023.30 933.00 0.44 273.60 0.00 15.00
0.00 0.00 272.70 3.00 0.00 0.00
-9999.00 2.70 -3.80 -9999.00 -9999.00 -0.16
3.54 0.00 0.00 0.00 0.00 5.20
-20.30 -20.40 0.01 999.00 -9999.00 20.00
-2.06
770 221027/0100 1023.20 933.30 2.24 275.40 0.00 18.00
0.00 0.00 274.80 8.00 0.00 0.00
-9999.00 2.60 -4.10 -9999.00 -9999.00 0.94
3.78 0.00 0.00 0.00 0.00 6.20
-20.20 -34.30 0.01 999.00 -9999.00 20.00
-1.16
770 221027/0200 1022.30 932.50 2.44 275.60 0.00 19.00
0.00 0.00 275.10 10.00 0.00 0.00
-9999.00 2.70 -3.50 -9999.00 -9999.00 1.14
3.86 0.00 0.00 0.00 0.00 5.40
-19.80 -21.90 0.00 999.00 -9999.00 20.00
-0.89
770 221027/0300 1021.50 931.80 2.34 275.50 0.00 19.00
0.00 0.00 275.40 11.00 100.00 0.00
-9999.00 2.40 -3.20 -9999.00 -9999.00 1.14
3.90 0.00 0.00 0.00 0.00 5.10
-19.50 -25.60 0.00 999.00 -9999.00 20.00
-0.76
770 221027/0400 1021.10 931.40 1.64 274.80 0.00 19.00
0.00 0.00 274.80 39.00 72.00 0.00
-9999.00 2.40 -2.90 -9999.00 -9999.00 0.84
3.92 0.00 0.00 0.00 0.00 4.60
-19.20 -47.30 -0.01 999.00 -9999.00 20.00
-0.70
770 221027/0500 1020.70 930.90 0.34 273.50 0.00 19.00
0.00 0.00 273.70 100.00 75.00 0.00
-9999.00 2.00 -2.60 -9999.00 -9999.00 0.34
3.87 0.00 0.00 0.00 0.00 4.90
-19.40 -66.30 -0.01 999.00 864.50 20.00
-0.88
770 221027/0600 1020.50 930.60 -0.16 273.00 0.00 19.00
0.00 0.00 273.10 80.00 100.00 0.00
-9999.00 2.00 -2.30 -9999.00 -9999.00 -0.16
3.82 0.00 0.00 0.00 0.00 5.50
-20.10 -51.00 0.00 999.00 -9999.00 12.20
-1.06
770 221027/0700 1020.10 930.10 -0.86 272.30 0.00 19.00
0.00 0.00 272.60 30.00 100.00 0.00
-9999.00 2.10 -2.70 -9999.00 -9999.00 -0.76
3.73 0.00 0.00 0.00 0.00 6.00
-20.40 -41.80 0.00 999.00 -9999.00 2.53
-1.39
770 221027/0800 1019.70 929.50 -1.96 271.20 0.00 19.00
0.00 0.00 271.40 8.00 100.00 0.00
-9999.00 1.70 -2.50 -9999.00 -9999.00 -1.66
3.51 0.00 0.00 0.00 0.00 6.80
-20.80 -33.60 0.00 999.00 -9999.00 20.00
-2.22
770 221027/0900 1019.20 929.00 -2.76 270.40 0.00 19.00
0.00 0.00 270.60 2.00 100.00 0.00
-9999.00 1.60 -2.50 -9999.00 -9999.00 -2.26
3.33 0.00 0.00 0.00 0.00 7.20
-21.30 -22.70 0.00 999.00 -9999.00 20.00
-2.93


