
SNPARM = PRES;TMPC;TMWC;DWPC;THTE;DRCT;SKNT;OMEG;CFRL;HGHT 
STNPRM = SHOW;LIFT;SWET;KINX;LCLP;PWAT;TOTL;CAPE;LCLT;CINS;EQLV;LFCT;BRCH 

STID = KTOP STNM = 724560 TIME = 221026/1200 
SLAT = 39.07 SLON = -95.62 SELV = 286.0
STIM = 0

SHOW = 11.88 LIFT = 13.68 SWET = 74.12 KINX = 5.16
LCLP = 949.72 PWAT = 11.95 TOTL = 31.69 CAPE = 0.00
LCLT = 273.18 CINS = 0.00 EQLV = -9999.00 LFCT = -9999.00
BRCH = 0.00

PRES TMPC TMWC DWPC THTE DRCT SKNT OMEG
CFRL HGHT
983.10 2.74 1.80 0.51 288.54 235.30 3.07 0.00
0.00 295.88
980.20 3.84 2.36 0.37 289.87 284.04 7.21 0.00
2.00 319.84
974.80 6.94 3.66 -0.59 292.94 319.60 11.99 -0.10
2.00 364.99
965.50 9.74 4.51 -2.33 295.55 349.90 14.39 -0.10
0.00 444.14
951.90 10.94 4.68 -3.70 297.23 12.62 13.34 -0.20
0.00 562.09
934.40 10.44 4.08 -4.70 297.82 16.86 13.40 -0.20
0.00 716.54
913.50 9.04 3.19 -5.00 298.27 2.91 11.48 -0.20
0.00 904.18
890.70 7.84 2.32 -5.61 298.99 338.96 10.82 -0.10
0.00 1112.88
866.00 6.94 1.10 -8.06 299.23 331.53 13.03 0.00
0.00 1344.19
838.40 5.74 -0.28 -10.66 299.61 329.04 13.60 0.10
0.00 1609.53
808.00 3.94 -1.43 -10.75 301.02 325.86 13.85 0.10
0.00 1910.43
774.70 1.64 -2.72 -10.19 302.70 317.96 15.95 0.00
0.00 2250.82
738.50 -0.86 -4.21 -9.93 304.55 315.49 16.06 -0.10
0.00 2634.54
699.50 -3.76 -6.82 -12.79 304.86 308.43 22.80 -0.10
0.00 3065.25
657.60 -6.36 -9.88 -18.65 305.13 301.44 39.84 -0.10
0.00 3550.48
612.80 -10.06 -11.53 -14.71 309.07 288.70 39.37 -0.10
0.00 4098.22
565.50 -13.16 -13.82 -15.32 312.72 266.97 36.77 0.00
0.00 4713.95
519.60 -16.06 -17.24 -20.55 314.85 263.38 43.80 0.10
0.00 5355.25
478.30 -19.16 -20.71 -26.40 316.84 262.21 51.57 0.10
0.00 5975.20
441.20 -23.06 -24.80 -34.23 317.73 258.01 57.98 0.10
0.00 6571.12
407.90 -27.26 -28.61 -37.89 319.05 255.50 63.60 0.10
0.00 7140.93
377.60 -31.16 -31.91 -37.37 321.17 254.83 69.04 0.10
0.00 7692.20
350.30 -34.56 -35.15 -40.51 323.20 254.76 76.11 0.10
1.00 8220.16
325.70 -38.06 -38.69 -47.04 324.60 254.33 79.08 0.20
0.00 8725.03
303.50 -42.26 -42.71 -50.73 325.10 253.63 79.97 0.20
0.00 9206.52
283.50 -46.06 -46.30 -51.31 326.04 251.90 83.78 0.20
0.00 9663.49
265.40 -48.66 -48.87 -54.30 328.32 251.76 88.15 0.30
0.00 10099.55
248.70 -49.96 -50.26 -61.32 332.33 252.72 88.29 0.30
0.00 10525.39
233.50 -50.56 -50.91 -66.97 337.38 253.15 86.46 0.30
0.00 10936.86
219.60 -51.26 -51.62 -72.27 342.22 253.10 84.87 0.20
0.00 11336.12
205.60 -51.46 -51.84 -72.72 348.41 254.13 83.80 0.20
0.00 11763.79
191.70 -52.06 -52.44 -73.19 354.48 256.20 81.41 0.20
0.00 12217.43
177.70 -53.86 -9999.00 -9999.00 -9999.00 256.78 76.42 0.20
0.00 12706.21
163.80 -56.56 -9999.00 -9999.00 -9999.00 254.21 70.65 0.10
0.00 13225.81
149.80 -59.26 -9999.00 -9999.00 -9999.00 251.67 67.33 0.10
0.00 13788.72
135.90 -61.16 -9999.00 -9999.00 -9999.00 251.45 61.05 0.10
0.00 14395.70
121.90 -62.46 -9999.00 -9999.00 -9999.00 249.86 53.59 0.10
0.00 15068.26
107.90 -62.76 -9999.00 -9999.00 -9999.00 247.61 45.38 0.00
0.00 15820.10
94.00 -62.56 -9999.00 -9999.00 -9999.00 236.15 37.67 0.00
0.00 16669.81
81.00 -62.56 -9999.00 -9999.00 -9999.00 224.56 35.99 -0.10
0.00 17587.33
70.60 -61.86 -9999.00 -9999.00 -9999.00 222.43 33.68 0.00
0.00 18435.83
62.20 -60.96 -9999.00 -9999.00 -9999.00 227.05 30.79 0.00
0.00 19220.95
54.30 -59.16 -9999.00 -9999.00 -9999.00 233.53 22.22 0.00
0.00 20068.18
46.90 -59.46 -9999.00 -9999.00 -9999.00 215.46 17.40 0.00
0.00 20985.23
40.10 -59.46 -9999.00 -9999.00 -9999.00 217.37 13.44 0.00
0.00 21965.02
33.80 -58.86 -9999.00 -9999.00 -9999.00 208.39 8.18 0.00
0.00 23035.60
27.80 -58.26 -9999.00 -9999.00 -9999.00 273.01 3.69 0.00
0.00 24263.13
22.30 -57.96 -9999.00 -9999.00 -9999.00 316.91 8.24 0.00
0.00 25650.75
17.10 -55.56 -9999.00 -9999.00 -9999.00 306.87 5.83 0.00
0.00 27332.49
12.30 -52.76 -9999.00 -9999.00 -9999.00 253.97 17.58 0.00
0.00 29444.50

STID = KTOP STNM = 724560 TIME = 221026/1300 
SLAT = 39.07 SLON = -95.62 SELV = 286.0
STIM = 1

SHOW = 11.91 LIFT = 13.84 SWET = 73.85 KINX = 3.51
LCLP = 948.15 PWAT = 11.39 TOTL = 31.30 CAPE = 0.00
LCLT = 273.16 CINS = 0.00 EQLV = -9999.00 LFCT = -9999.00
BRCH = 0.00

PRES TMPC TMWC DWPC THTE DRCT SKNT OMEG
CFRL HGHT
984.20 2.94 1.92 0.53 288.66 227.73 2.89 0.00
0.00 295.87
981.30 3.84 2.32 0.28 289.69 280.89 5.15 0.00
2.00 319.82
975.90 6.54 3.24 -1.17 291.98 339.30 9.34 -0.10
1.00 364.88
966.60 9.14 4.03 -2.89 294.43 15.95 12.72 -0.20
0.00 443.80
953.00 10.44 4.25 -4.30 296.22 36.38 13.75 -0.20
0.00 561.37
935.40 10.24 3.85 -5.15 297.23 29.31 12.70 -0.20
0.00 716.32
914.50 9.14 3.13 -5.45 298.00 5.60 9.95 -0.20
0.00 903.72
891.70 8.14 2.26 -6.40 298.73 341.92 10.00 -0.10
0.00 1112.32
866.90 7.14 0.97 -9.04 298.84 339.44 11.62 0.00
0.00 1344.49
839.30 5.74 -0.45 -11.47 299.14 334.65 12.26 0.10
0.00 1609.62
808.80 3.94 -1.41 -10.68 300.97 326.77 13.46 0.10
0.00 1911.20
775.50 1.74 -2.47 -9.47 303.10 319.61 17.09 0.20
0.00 2251.32
739.20 -1.06 -4.32 -9.92 304.24 316.55 15.25 0.10
0.00 2635.66
700.10 -4.16 -7.40 -14.17 303.67 310.24 19.85 0.10
0.00 3066.58
658.10 -6.26 -10.23 -21.15 304.37 304.18 38.03 0.10
0.00 3552.23
613.20 -9.96 -11.87 -16.31 308.36 290.52 38.79 0.20
0.00 4100.93
565.90 -13.16 -14.20 -16.67 311.97 268.80 37.10 0.30
0.00 4716.27
519.90 -16.26 -17.34 -20.39 314.62 264.70 46.23 0.50
0.00 5358.27
478.50 -19.46 -20.80 -25.60 316.66 261.72 53.98 0.50
0.00 5978.82
441.40 -23.16 -24.75 -33.02 317.77 257.18 57.77 0.40
0.00 6574.03
408.00 -27.56 -28.69 -35.90 318.92 255.70 62.14 0.40
0.00 7144.91
377.70 -31.26 -32.06 -38.11 320.91 255.73 70.14 0.40
0.00 7695.60
350.40 -34.26 -35.25 -46.93 322.99 256.42 76.94 0.40
0.00 8223.61
325.70 -38.06 -38.85 -51.69 324.33 255.79 79.16 0.40
0.00 8730.73
303.50 -42.36 -42.77 -50.03 325.00 253.68 81.57 0.30
0.00 9212.12
283.50 -46.06 -46.30 -51.31 326.04 251.81 87.72 0.30
0.00 9668.98
265.50 -48.46 -48.70 -55.27 328.54 251.57 92.13 0.30
0.00 10102.75
248.70 -49.36 -49.71 -63.51 333.18 252.17 92.64 0.30
0.00 10531.82
233.50 -49.96 -50.33 -66.97 338.29 253.12 92.97 0.20
0.00 10944.39
219.60 -50.36 -50.76 -72.27 343.61 254.67 91.84 0.20
0.00 11345.00
205.60 -50.56 -50.98 -72.72 349.82 256.36 88.15 0.10
0.00 11774.41
191.70 -51.26 -51.68 -73.19 355.77 256.55 82.69 0.10
0.00 12229.78
177.70 -53.16 -9999.00 -9999.00 -9999.00 255.35 75.29 0.00
0.00 12720.23
163.80 -55.86 -9999.00 -9999.00 -9999.00 253.15 69.02 0.00
0.00 13241.50
149.80 -58.76 -9999.00 -9999.00 -9999.00 251.84 64.80 0.00
0.00 13805.98
135.90 -61.16 -9999.00 -9999.00 -9999.00 251.86 59.89 0.00
0.00 14413.68
121.90 -62.56 -9999.00 -9999.00 -9999.00 250.56 52.53 0.00
0.00 15086.07
107.90 -63.36 -9999.00 -9999.00 -9999.00 248.20 44.99 0.00
0.00 15836.66
94.00 -63.26 -9999.00 -9999.00 -9999.00 239.09 36.67 -0.10
0.00 16683.75
81.00 -63.46 -9999.00 -9999.00 -9999.00 228.66 34.40 -0.10
0.00 17597.79
70.60 -63.16 -9999.00 -9999.00 -9999.00 225.71 33.37 0.00
0.00 18441.86
62.20 -61.46 -9999.00 -9999.00 -9999.00 229.83 31.02 0.00
0.00 19223.64
54.30 -58.86 -9999.00 -9999.00 -9999.00 231.26 22.67 0.00
0.00 20070.48
46.90 -58.46 -9999.00 -9999.00 -9999.00 215.75 17.95 0.00
0.00 20990.31
40.10 -59.26 -9999.00 -9999.00 -9999.00 217.21 13.17 0.00
0.00 21972.86
33.80 -58.96 -9999.00 -9999.00 -9999.00 206.57 6.51 0.00
0.00 23043.69
27.80 -59.26 -9999.00 -9999.00 -9999.00 309.81 4.55 0.00
0.00 24268.07
22.30 -58.86 -9999.00 -9999.00 -9999.00 325.30 9.21 0.00
0.00 25649.56
17.10 -55.46 -9999.00 -9999.00 -9999.00 305.54 6.68 0.00
0.00 27328.19
12.30 -52.66 -9999.00 -9999.00 -9999.00 270.59 18.84 0.00
0.00 29441.17

STID = KTOP STNM = 724560 TIME = 221026/1400 
SLAT = 39.07 SLON = -95.62 SELV = 286.0
STIM = 2

SHOW = 12.23 LIFT = 14.20 SWET = 70.84 KINX = 0.54
LCLP = 942.18 PWAT = 11.48 TOTL = 30.44 CAPE = 0.00
LCLT = 273.58 CINS = 0.00 EQLV = -9999.00 LFCT = -9999.00
BRCH = 0.00

PRES TMPC TMWC DWPC THTE DRCT SKNT OMEG
CFRL HGHT
985.20 3.94 2.69 1.05 290.03 254.05 2.84 0.00
0.00 295.90
982.30 4.24 2.53 0.26 290.00 266.99 3.69 0.00
0.00 319.88
976.90 6.04 2.97 -1.19 291.34 350.54 5.91 -0.10
1.00 364.89
967.60 8.64 3.72 -3.05 293.70 38.29 9.40 -0.10
0.00 443.59
953.90 10.04 4.09 -4.16 295.80 57.68 11.27 -0.20
0.00 561.72
936.40 9.94 3.72 -5.09 296.85 47.35 10.04 -0.20
0.00 715.45
915.40 9.14 3.04 -5.77 297.71 12.53 7.17 -0.20
0.00 903.44
892.50 8.14 2.10 -7.04 298.28 338.46 7.94 -0.20
0.00 1112.75
867.80 7.14 0.79 -9.85 298.34 335.56 9.38 -0.20
0.00 1343.74
840.10 5.74 -0.55 -11.93 298.85 329.04 10.20 -0.10
0.00 1609.55
809.60 3.94 -1.31 -10.25 301.09 321.34 12.43 0.00
0.00 1910.83
776.10 1.74 -2.30 -8.84 303.39 321.34 16.16 0.10
0.00 2252.71
739.80 -1.26 -4.69 -10.82 303.45 318.50 13.48 0.10
0.00 2636.61
700.70 -3.96 -7.73 -16.25 302.95 307.30 20.51 0.20
0.00 3067.11
658.60 -6.06 -8.50 -13.35 307.61 301.31 38.87 0.20
0.00 3553.99
613.60 -9.66 -11.60 -16.03 308.78 287.18 33.55 0.30
0.00 4104.21
566.20 -13.16 -14.32 -17.13 311.70 267.61 37.33 0.40
0.00 4720.83
520.20 -16.16 -17.40 -20.95 314.46 264.81 49.34 0.50
0.00 5362.58
478.70 -19.36 -20.97 -27.12 316.32 261.78 52.99 0.40
0.00 5984.52
441.60 -23.26 -24.83 -33.01 317.60 257.85 54.45 0.30
0.00 6579.45
408.10 -27.66 -28.73 -35.45 318.84 256.24 58.80 0.20
0.00 7151.61
377.80 -31.06 -32.13 -41.41 320.75 256.45 66.34 0.20
0.00 7702.26
350.40 -34.06 -35.23 -51.97 322.99 257.47 71.64 0.30
0.00 8232.54
325.80 -37.96 -38.76 -51.69 324.44 257.39 75.64 0.20
0.00 8737.85
303.50 -42.46 -42.87 -50.03 324.86 255.62 79.00 0.20
0.00 9221.33
283.50 -46.06 -46.32 -52.06 326.00 253.63 85.43 0.20
0.00 9678.09
265.50 -48.06 -48.37 -57.61 329.04 253.00 91.01 0.10
0.00 10112.23
248.70 -49.16 -49.52 -63.51 333.48 253.28 92.48 0.10
0.00 10541.88
233.50 -49.86 -50.24 -66.97 338.44 254.20 93.47 0.00
0.00 10954.73
219.60 -50.46 -50.86 -72.27 343.45 255.88 93.14 0.00
0.00 11355.34
205.60 -50.76 -51.17 -72.72 349.51 256.53 90.09 -0.10
0.00 11784.45
191.70 -51.26 -51.68 -73.19 355.77 255.58 84.25 -0.10
0.00 12239.63
177.70 -52.96 -9999.00 -9999.00 -9999.00 253.57 75.54 -0.10
0.00 12730.29
163.80 -55.66 -9999.00 -9999.00 -9999.00 251.20 68.12 -0.10
0.00 13252.04
149.80 -58.86 -9999.00 -9999.00 -9999.00 250.69 64.01 -0.10
0.00 13816.65
135.90 -61.56 -9999.00 -9999.00 -9999.00 250.67 58.66 -0.10
0.00 14423.64
121.90 -63.26 -9999.00 -9999.00 -9999.00 248.92 51.85 -0.10
0.00 15094.28
107.90 -63.96 -9999.00 -9999.00 -9999.00 246.44 44.72 0.00
0.00 15842.55
94.00 -63.96 -9999.00 -9999.00 -9999.00 239.79 38.21 0.00
0.00 16687.01
81.00 -63.46 -9999.00 -9999.00 -9999.00 232.58 36.44 0.00
0.00 17599.53
70.60 -62.36 -9999.00 -9999.00 -9999.00 229.54 34.73 0.10
0.00 18445.21
62.20 -60.26 -9999.00 -9999.00 -9999.00 232.24 32.67 0.10
0.00 19230.70
54.30 -57.26 -9999.00 -9999.00 -9999.00 231.50 21.83 0.00
0.00 20083.11
46.90 -57.26 -9999.00 -9999.00 -9999.00 217.30 15.38 0.00
0.00 21008.94
40.10 -58.46 -9999.00 -9999.00 -9999.00 219.29 8.28 0.00
0.00 21996.07
33.80 -58.76 -9999.00 -9999.00 -9999.00 177.14 3.88 0.00
0.00 23069.40
27.80 -59.86 -9999.00 -9999.00 -9999.00 345.96 2.41 0.00
0.00 24292.64
22.30 -58.96 -9999.00 -9999.00 -9999.00 307.41 4.16 0.00
0.00 25671.88
17.10 -55.56 -9999.00 -9999.00 -9999.00 257.74 4.56 0.00
0.00 27349.73
12.30 -52.56 -9999.00 -9999.00 -9999.00 270.00 18.84 0.00
0.00 29462.70

STID = KTOP STNM = 724560 TIME = 221026/1500 
SLAT = 39.07 SLON = -95.62 SELV = 286.0
STIM = 3

SHOW = 12.48 LIFT = 14.23 SWET = 64.93 KINX = 1.96
LCLP = 903.69 PWAT = 11.72 TOTL = 29.96 CAPE = 0.00
LCLT = 273.28 CINS = 0.00 EQLV = -9999.00 LFCT = -9999.00
BRCH = 0.00

PRES TMPC TMWC DWPC THTE DRCT SKNT OMEG
CFRL HGHT
986.20 7.04 4.46 1.35 293.46 21.80 1.05 0.00
0.00 296.00
983.20 6.74 4.22 1.15 293.27 18.43 1.22 0.00
0.00 321.04
977.90 6.24 3.57 0.16 292.47 38.66 2.49 0.00
1.00 365.39
968.60 8.34 3.65 -2.78 293.47 64.09 7.56 0.00
0.00 444.00
954.90 9.84 4.09 -3.79 295.72 77.24 10.55 -0.10
0.00 561.91
937.30 9.64 3.70 -4.61 296.74 72.65 9.77 -0.10
0.00 716.24
916.30 8.84 2.89 -5.76 297.31 41.01 5.92 -0.10
0.00 903.86
893.40 7.94 1.94 -7.24 297.86 345.96 5.61 -0.10
0.00 1112.77
868.60 6.94 0.63 -10.09 297.93 331.26 6.88 -0.10
0.00 1344.30
840.90 5.64 -0.62 -12.05 298.61 320.01 7.87 0.00
0.00 1609.72
810.30 3.84 -1.29 -9.96 301.05 311.91 10.18 0.10
0.00 1911.60
776.90 1.64 -2.22 -8.38 303.45 318.65 12.94 0.10
0.00 2252.03
740.50 -1.36 -4.90 -11.43 302.93 310.60 10.74 0.20
0.00 2636.46
701.20 -3.56 -6.99 -14.02 304.27 303.83 22.69 0.30
0.00 3069.07
659.10 -5.66 -7.97 -12.32 308.54 295.36 33.10 0.30
0.00 3556.39
614.00 -9.56 -11.67 -16.57 308.59 280.10 28.81 0.30
0.00 4107.99
566.50 -13.36 -14.19 -16.15 311.88 265.45 39.16 0.30
0.00 4725.44
520.40 -15.96 -17.47 -21.98 314.29 265.26 49.32 0.30
0.00 5368.29
478.90 -19.46 -21.06 -27.24 316.12 262.27 50.58 0.30
0.00 5990.08
441.70 -23.46 -25.01 -33.20 317.29 257.04 52.82 0.10
0.00 6586.06
408.20 -27.36 -28.67 -37.61 318.89 255.00 58.53 0.00
0.00 7158.19
377.80 -30.86 -32.15 -45.18 320.69 255.17 64.51 0.00
0.00 7711.12
350.50 -34.06 -35.19 -50.24 323.04 255.66 70.57 0.00
0.00 8239.60
325.80 -38.26 -38.80 -45.57 324.41 255.17 75.16 0.10
0.00 8746.58
303.60 -42.66 -42.96 -47.67 324.70 252.32 79.31 0.10
2.00 9227.32
283.50 -46.06 -46.30 -51.31 326.04 250.83 86.38 0.10
0.00 9686.10
265.50 -48.16 -48.49 -59.07 328.85 250.97 89.37 0.20
0.00 10120.14
248.70 -49.26 -49.61 -63.51 333.33 250.95 92.27 0.10
0.00 10549.60
233.50 -49.86 -50.24 -66.97 338.44 252.96 96.10 0.10
0.00 10962.35
219.60 -50.46 -50.86 -72.27 343.45 256.22 96.21 0.00
0.00 11362.96
205.60 -51.16 -51.55 -72.72 348.88 257.38 93.36 0.00
0.00 11791.69
191.70 -51.86 -52.25 -73.19 354.80 256.06 88.68 -0.10
0.00 12245.84
177.70 -53.26 -9999.00 -9999.00 -9999.00 254.23 79.33 -0.10
0.00 12735.51
163.80 -55.86 -9999.00 -9999.00 -9999.00 251.21 68.75 -0.10
0.00 13256.66
149.80 -59.06 -9999.00 -9999.00 -9999.00 249.57 63.42 -0.10
0.00 13820.75
135.90 -61.76 -9999.00 -9999.00 -9999.00 249.89 58.74 -0.10
0.00 14427.16
121.90 -63.36 -9999.00 -9999.00 -9999.00 247.00 51.71 0.00
0.00 15097.33
107.90 -64.06 -9999.00 -9999.00 -9999.00 242.76 44.56 0.00
0.00 15845.24
94.00 -64.06 -9999.00 -9999.00 -9999.00 235.59 38.85 0.00
0.00 16689.30
81.00 -62.66 -9999.00 -9999.00 -9999.00 230.38 38.07 0.10
0.00 17603.34
70.60 -60.66 -9999.00 -9999.00 -9999.00 226.37 34.34 0.00
0.00 18454.05
62.20 -59.76 -9999.00 -9999.00 -9999.00 226.56 30.23 0.00
0.00 19243.62
54.30 -57.46 -9999.00 -9999.00 -9999.00 219.66 19.17 0.00
0.00 20096.62
46.90 -57.96 -9999.00 -9999.00 -9999.00 196.56 15.00 0.00
0.00 21020.53
40.10 -58.76 -9999.00 -9999.00 -9999.00 188.84 8.84 0.00
0.00 22005.36
33.80 -58.86 -9999.00 -9999.00 -9999.00 160.43 9.29 0.00
0.00 23077.69
27.80 -59.36 -9999.00 -9999.00 -9999.00 125.22 4.04 0.00
0.00 24302.08
22.30 -58.36 -9999.00 -9999.00 -9999.00 270.00 1.75 0.00
0.00 25684.86
17.10 -55.56 -9999.00 -9999.00 -9999.00 282.53 7.17 0.00
0.00 27365.04
12.30 -52.36 -9999.00 -9999.00 -9999.00 290.04 17.58 0.00
0.00 29478.98

STID = KTOP STNM = 724560 TIME = 221026/1600 
SLAT = 39.07 SLON = -95.62 SELV = 286.0
STIM = 4

SHOW = 12.18 LIFT = 13.53 SWET = 61.82 KINX = 3.36
LCLP = 882.17 PWAT = 12.21 TOTL = 30.46 CAPE = 0.00
LCLT = 274.06 CINS = 0.00 EQLV = -9999.00 LFCT = -9999.00
BRCH = 0.00

PRES TMPC TMWC DWPC THTE DRCT SKNT OMEG
CFRL HGHT
985.70 9.74 6.28 2.47 297.35 70.35 2.89 0.00
0.00 296.10
982.70 9.34 5.96 2.19 296.97 72.65 3.26 0.00
0.00 321.40
977.30 8.84 5.61 1.96 296.78 74.48 3.63 0.00
0.00 367.04
968.10 8.34 4.24 -0.98 294.78 82.69 7.63 0.00
0.00 445.24
954.40 9.54 4.02 -3.49 295.65 86.70 10.12 0.00
0.00 563.17
936.80 9.44 3.67 -4.35 296.74 86.70 10.12 0.00
0.00 717.44
915.80 8.64 2.77 -5.81 297.12 60.26 6.25 0.00
0.00 905.04
893.00 7.94 1.78 -7.88 297.55 360.00 5.24 0.00
0.00 1113.05
868.20 6.94 0.44 -10.98 297.56 336.80 5.92 0.00
0.00 1344.68
840.50 5.64 -0.60 -11.92 298.71 315.00 7.15 0.00
0.00 1610.20
809.90 3.74 -1.21 -9.40 301.28 304.33 9.63 0.00
0.00 1912.19
776.50 1.54 -2.22 -8.19 303.50 311.28 10.61 -0.10
0.00 2252.69
740.20 -1.36 -4.74 -10.81 303.29 301.53 10.02 -0.10
0.00 2636.18
700.90 -3.26 -6.41 -12.41 305.43 303.02 23.17 0.00
0.00 3069.26
658.80 -5.56 -8.11 -13.05 308.31 293.00 29.33 0.10
0.00 3557.18
613.80 -9.76 -11.29 -14.57 309.34 277.03 28.57 0.20
0.00 4107.69
566.40 -13.26 -14.16 -16.28 311.95 265.72 41.69 0.20
0.00 4723.93
520.30 -16.26 -17.63 -21.71 314.04 265.22 48.93 0.20
0.00 5366.66
478.80 -19.86 -21.29 -26.74 315.78 262.13 48.23 0.00
0.00 5987.74
441.70 -23.86 -25.19 -31.92 317.02 256.02 50.64 -0.20
0.00 6581.25
408.20 -27.66 -28.89 -37.35 318.54 252.44 56.64 -0.30
0.00 7152.58
377.80 -31.16 -32.34 -43.76 320.40 252.13 62.67 -0.30
0.00 7704.84
350.50 -34.56 -35.33 -43.22 322.86 253.30 68.96 -0.20
0.00 8232.47
325.80 -38.66 -39.00 -42.80 324.11 252.09 73.89 -0.10
0.00 8738.52
303.50 -42.86 -43.00 -44.94 324.67 249.08 77.78 0.00
100.00 9220.90
283.50 -46.16 -46.34 -49.98 325.97 248.74 83.59 0.10
0.00 9677.18
265.50 -48.36 -48.66 -57.61 328.60 248.74 88.38 0.20
0.00 10110.94
248.70 -49.26 -49.59 -61.32 333.37 248.98 92.60 0.20
0.00 10540.21
233.50 -49.66 -50.02 -63.98 338.79 252.15 96.93 0.20
0.00 10953.15
219.60 -50.26 -50.64 -67.41 343.81 254.87 99.01 0.20
0.00 11354.12
205.60 -51.26 -51.65 -72.72 348.72 255.91 96.54 0.10
0.00 11782.95
191.70 -52.46 -52.82 -73.19 353.84 256.32 91.16 0.10
0.00 12236.38
177.70 -53.76 -54.09 -73.70 359.46 255.22 82.96 0.00
0.00 12724.83
163.80 -55.76 -9999.00 -9999.00 -9999.00 251.61 72.05 0.00
0.00 13245.51
149.80 -58.96 -9999.00 -9999.00 -9999.00 246.92 62.92 -0.10
0.00 13809.85
135.90 -61.76 -9999.00 -9999.00 -9999.00 247.28 58.33 -0.10
0.00 14416.41
121.90 -63.26 -9999.00 -9999.00 -9999.00 244.61 50.74 0.00
0.00 15086.74
107.90 -64.36 -9999.00 -9999.00 -9999.00 239.53 45.98 0.00
0.00 15834.29
94.00 -64.16 -9999.00 -9999.00 -9999.00 234.16 38.81 0.10
0.00 16677.54
81.00 -62.46 -9999.00 -9999.00 -9999.00 229.46 37.06 0.10
0.00 17591.80
70.60 -59.76 -9999.00 -9999.00 -9999.00 226.94 32.44 0.00
0.00 18444.72
62.20 -59.16 -9999.00 -9999.00 -9999.00 229.30 25.62 0.00
0.00 19237.07
54.30 -58.06 -9999.00 -9999.00 -9999.00 221.69 16.65 0.00
0.00 20090.08
46.90 -58.26 -9999.00 -9999.00 -9999.00 201.04 16.24 0.00
0.00 21012.05
40.10 -58.56 -9999.00 -9999.00 -9999.00 201.25 11.25 0.00
0.00 21996.66
33.80 -58.86 -9999.00 -9999.00 -9999.00 186.55 11.93 0.00
0.00 23069.49
27.80 -58.96 -9999.00 -9999.00 -9999.00 203.96 5.73 0.00
0.00 24295.02
22.30 -57.96 -9999.00 -9999.00 -9999.00 271.91 5.83 0.00
0.00 25680.38
17.10 -55.76 -9999.00 -9999.00 -9999.00 287.20 8.55 0.00
0.00 27361.34
12.30 -52.66 -9999.00 -9999.00 -9999.00 300.82 12.90 0.00
0.00 29472.87

STID = KTOP STNM = 724560 TIME = 221026/1700 
SLAT = 39.07 SLON = -95.62 SELV = 286.0
STIM = 5

SHOW = 11.64 LIFT = 12.67 SWET = 58.35 KINX = 4.18
LCLP = 860.11 PWAT = 12.58 TOTL = 31.47 CAPE = 0.00
LCLT = 274.19 CINS = 0.00 EQLV = -9999.00 LFCT = -9999.00
BRCH = 0.00

PRES TMPC TMWC DWPC THTE DRCT SKNT OMEG
CFRL HGHT
984.70 11.84 7.48 2.94 300.12 90.00 4.66 0.00
0.00 296.19
981.80 11.44 7.15 2.60 299.67 90.00 5.44 0.00
0.00 320.85
976.30 10.84 6.72 2.28 299.30 91.85 6.02 0.00
0.00 367.73
967.10 9.94 6.14 1.96 298.98 93.47 6.43 0.10
0.00 446.53
953.40 9.54 4.36 -2.38 296.49 95.71 7.81 0.10
0.00 564.95
935.80 9.64 3.72 -4.50 296.95 96.48 8.61 0.20
0.00 719.46
914.90 8.84 2.72 -6.37 297.10 67.07 5.48 0.30
0.00 906.48
892.00 8.24 1.62 -9.26 297.28 9.09 4.91 0.30
0.00 1115.79
867.30 7.24 0.42 -11.88 297.59 341.57 4.91 0.40
0.00 1346.95
839.70 5.84 -0.33 -11.14 299.36 305.13 6.41 0.40
0.00 1612.01
809.20 3.84 -0.98 -8.72 301.84 291.12 9.17 0.30
0.00 1913.48
775.80 1.44 -2.26 -8.11 303.52 291.80 9.42 0.20
0.00 2254.29
739.50 -1.46 -4.50 -9.71 303.88 281.07 9.11 0.10
0.00 2638.02
700.40 -3.66 -6.74 -12.71 304.89 300.12 18.18 0.10
0.00 3068.88
658.30 -5.96 -8.31 -12.89 308.00 292.31 24.57 0.10
0.00 3556.42
613.40 -9.86 -10.88 -12.93 310.16 274.21 26.50 0.10
0.00 4105.64
566.00 -13.16 -14.01 -15.98 312.29 263.18 35.99 0.20
2.00 4722.36
520.00 -16.56 -17.76 -21.29 313.88 261.38 45.38 0.20
0.00 5363.88
478.60 -20.16 -21.53 -26.87 315.40 255.85 49.28 0.00
0.00 5983.05
441.50 -23.56 -25.15 -33.81 317.10 249.93 53.77 -0.40
0.00 6576.80
408.00 -27.36 -28.71 -38.16 318.87 248.69 58.80 -0.70
0.00 7149.07
377.70 -31.16 -32.17 -40.73 320.72 249.99 62.43 -0.80
0.00 7700.07
350.40 -34.76 -35.37 -41.12 322.83 250.82 66.22 -0.70
0.00 8227.65
325.70 -38.96 -39.18 -41.50 323.87 250.11 70.24 -0.50
100.00 8733.33
303.50 -43.06 -43.14 -44.17 324.47 248.81 74.16 -0.30
100.00 9213.11
283.50 -46.56 -46.72 -49.98 325.40 248.57 78.67 -0.10
0.00 9668.80
265.50 -48.66 -48.92 -56.37 328.21 248.15 84.56 0.00
0.00 10101.89
248.70 -49.46 -49.78 -61.32 333.08 249.02 91.12 0.20
0.00 10530.67
233.50 -49.76 -50.12 -63.98 338.63 251.89 97.49 0.20
0.00 10943.34
219.60 -50.26 -50.64 -67.41 343.81 253.32 100.17 0.20
0.00 11344.22
205.60 -51.46 -51.84 -72.72 348.41 254.33 99.26 0.20
0.00 11772.86
191.70 -53.06 -53.40 -73.19 352.88 255.65 94.04 0.20
0.00 12225.47
177.70 -54.76 -55.05 -73.70 357.82 254.32 85.55 0.10
0.00 12712.14
163.80 -56.56 -9999.00 -9999.00 -9999.00 249.02 75.93 0.10
0.00 13230.67
149.80 -58.96 -9999.00 -9999.00 -9999.00 242.03 67.09 0.00
0.00 13793.97
135.90 -61.66 -9999.00 -9999.00 -9999.00 239.63 61.46 0.00
0.00 14400.67
121.90 -63.16 -9999.00 -9999.00 -9999.00 239.47 52.78 0.00
0.00 15071.32
107.90 -64.16 -9999.00 -9999.00 -9999.00 235.24 46.35 0.00
0.00 15819.41
94.00 -64.06 -9999.00 -9999.00 -9999.00 232.69 40.05 0.00
0.00 16663.27
81.00 -62.86 -9999.00 -9999.00 -9999.00 228.76 37.72 0.00
0.00 17576.87
70.60 -59.86 -9999.00 -9999.00 -9999.00 226.43 32.98 0.00
0.00 18428.78
62.20 -58.76 -9999.00 -9999.00 -9999.00 227.79 25.45 0.00
0.00 19221.69
54.30 -58.86 -9999.00 -9999.00 -9999.00 219.99 15.71 0.00
0.00 20073.90
46.90 -58.36 -9999.00 -9999.00 -9999.00 203.04 18.36 0.00
0.00 20993.95
40.10 -58.26 -9999.00 -9999.00 -9999.00 198.15 12.47 0.00
0.00 21979.01
33.80 -59.26 -9999.00 -9999.00 -9999.00 192.70 14.14 0.00
0.00 23051.59
27.80 -59.06 -9999.00 -9999.00 -9999.00 217.12 9.01 0.00
0.00 24275.69
22.30 -57.06 -9999.00 -9999.00 -9999.00 271.74 6.41 0.00
0.00 25663.63
17.10 -55.16 -9999.00 -9999.00 -9999.00 300.47 3.83 0.00
0.00 27350.43
12.30 -52.66 -9999.00 -9999.00 -9999.00 299.05 6.00 0.00
0.00 29464.85

STID = KTOP STNM = 724560 TIME = 221026/1800 
SLAT = 39.07 SLON = -95.62 SELV = 286.0
STIM = 6

SHOW = 10.51 LIFT = 11.58 SWET = 51.52 KINX = 5.15
LCLP = 830.78 PWAT = 13.20 TOTL = 33.91 CAPE = 0.00
LCLT = 273.20 CINS = 0.00 EQLV = -9999.00 LFCT = -9999.00
BRCH = 0.00

PRES TMPC TMWC DWPC THTE DRCT SKNT OMEG
CFRL HGHT
984.60 13.64 8.13 2.43 301.58 94.24 5.26 0.00
0.00 296.25
981.70 13.14 7.76 2.11 301.05 95.53 6.04 0.00
0.00 321.06
976.30 12.54 7.37 1.85 300.72 95.04 6.62 0.00
0.00 367.37
967.00 11.64 6.81 1.56 300.45 96.34 7.03 0.00
0.00 447.50
953.30 10.44 6.09 1.27 300.33 97.70 7.25 -0.10
0.00 566.51
935.80 9.84 4.02 -3.84 297.59 96.17 7.23 -0.10
0.00 720.50
914.80 9.14 2.67 -7.19 296.97 79.05 6.14 -0.10
0.00 908.59
892.00 8.74 1.59 -10.64 297.17 31.33 5.23 -0.10
0.00 1117.27
867.20 7.74 0.75 -11.60 298.25 360.00 4.08 0.00
0.00 1349.78
839.60 6.24 0.26 -9.51 300.59 299.05 6.00 0.00
0.00 1615.33
809.10 4.24 -0.53 -7.86 302.78 283.74 8.99 0.10
0.00 1917.31
775.70 1.64 -2.11 -7.97 303.85 275.95 9.38 0.10
0.00 2258.55
739.50 -0.86 -4.16 -9.76 304.52 265.16 11.50 0.10
0.00 2641.81
700.30 -3.36 -6.74 -13.45 304.89 287.77 15.91 0.20
0.00 3074.51
658.30 -6.06 -8.24 -12.39 308.16 282.47 20.69 0.20
0.00 3561.10
613.40 -9.96 -10.44 -11.37 310.97 259.94 24.46 0.20
0.00 4110.18
566.00 -13.66 -14.06 -14.97 312.21 255.16 30.34 0.20
44.00 4726.28
520.00 -16.86 -17.52 -19.32 314.31 252.39 38.52 0.20
15.00 5366.88
478.60 -20.76 -21.80 -25.70 314.98 250.88 46.25 0.10
2.00 5985.03
441.50 -23.56 -25.19 -34.22 317.03 246.12 55.65 -0.10
0.00 6578.09
408.00 -27.16 -28.46 -37.10 319.27 246.78 61.09 -0.20
0.00 7150.59
377.70 -30.86 -31.80 -39.20 321.30 248.04 64.94 -0.30
0.00 7702.17
350.40 -34.66 -35.19 -39.92 323.11 248.60 67.60 -0.30
0.00 8230.20
325.70 -38.76 -38.97 -41.20 324.19 249.37 70.57 -0.30
100.00 8736.21
303.50 -43.06 -43.18 -44.94 324.39 250.30 72.63 -0.20
100.00 9216.20
283.50 -46.56 -46.70 -49.38 325.44 250.14 76.63 -0.10
0.00 9671.88
265.40 -48.56 -48.77 -54.30 328.47 249.06 84.23 -0.10
0.00 10107.56
248.70 -49.26 -49.56 -59.58 333.42 249.79 91.08 0.00
0.00 10534.17
233.50 -49.66 -50.05 -66.97 338.74 251.38 96.13 0.00
0.00 10947.11
219.60 -50.26 -50.64 -67.41 343.81 252.53 98.97 0.10
0.00 11348.08
205.60 -51.66 -52.03 -72.72 348.09 253.87 99.28 0.10
0.00 11776.52
191.70 -53.66 -53.97 -73.19 351.92 254.81 95.61 0.10
0.00 12228.32
177.70 -55.46 -55.73 -73.70 356.68 253.41 87.76 0.20
0.00 12713.54
163.80 -57.16 -9999.00 -9999.00 -9999.00 248.20 78.46 0.20
0.00 13230.53
149.80 -59.16 -9999.00 -9999.00 -9999.00 240.74 71.93 0.20
0.00 13792.78
135.90 -61.46 -9999.00 -9999.00 -9999.00 236.49 67.56 0.10
0.00 14399.48
121.90 -62.86 -9999.00 -9999.00 -9999.00 236.31 60.24 0.00
0.00 15070.92
107.90 -63.26 -9999.00 -9999.00 -9999.00 234.36 50.68 0.00
0.00 15821.16
94.00 -63.76 -9999.00 -9999.00 -9999.00 234.82 43.49 0.00
0.00 16667.43
81.00 -63.36 -9999.00 -9999.00 -9999.00 234.98 39.61 0.00
0.00 17580.60
70.60 -61.16 -9999.00 -9999.00 -9999.00 230.48 34.50 0.00
0.00 18428.90
62.20 -58.86 -9999.00 -9999.00 -9999.00 226.90 29.00 0.00
0.00 19219.21
54.30 -58.76 -9999.00 -9999.00 -9999.00 225.95 16.49 0.00
0.00 20071.42
46.90 -58.56 -9999.00 -9999.00 -9999.00 208.34 19.64 0.00
0.00 20991.25
40.10 -57.56 -9999.00 -9999.00 -9999.00 201.99 10.90 0.00
0.00 21977.46
33.80 -59.16 -9999.00 -9999.00 -9999.00 196.50 10.94 0.00
0.00 23052.04
27.80 -58.66 -9999.00 -9999.00 -9999.00 238.30 7.77 0.00
0.00 24277.57
22.30 -57.26 -9999.00 -9999.00 -9999.00 293.75 5.30 0.00
0.00 25666.16
17.10 -56.06 -9999.00 -9999.00 -9999.00 251.57 1.85 0.00
0.00 27348.68
12.30 -52.86 -9999.00 -9999.00 -9999.00 275.71 9.75 0.00
0.00 29457.79

STID = KTOP STNM = 724560 TIME = 221026/1900 
SLAT = 39.07 SLON = -95.62 SELV = 286.0
STIM = 7

SHOW = 10.54 LIFT = 10.47 SWET = 45.15 KINX = 5.23
LCLP = 804.72 PWAT = 13.84 TOTL = 33.93 CAPE = 0.00
LCLT = 271.81 CINS = 0.00 EQLV = -9999.00 LFCT = -9999.00
BRCH = 0.00

PRES TMPC TMWC DWPC THTE DRCT SKNT OMEG
CFRL HGHT
984.00 14.74 8.28 1.45 301.93 105.26 4.43 0.00
0.00 297.15
981.10 14.24 7.94 1.18 301.46 106.26 4.86 0.00
0.00 322.07
975.70 13.74 7.63 1.01 301.33 107.10 5.28 0.00
0.00 368.58
966.40 12.84 7.06 0.68 301.04 108.43 5.54 -0.10
0.00 449.08
952.80 11.64 6.30 0.28 300.82 107.82 5.71 -0.10
0.00 567.78
935.20 10.04 5.35 -0.07 300.64 109.65 5.77 -0.20
0.00 723.15
914.30 8.84 3.39 -3.97 298.64 109.65 5.77 -0.20
0.00 910.52
891.50 8.24 1.57 -9.45 297.24 82.57 4.51 -0.30
0.00 1119.07
866.70 7.34 0.61 -11.20 298.05 42.88 3.71 -0.30
0.00 1351.36
839.20 6.04 0.07 -9.86 300.24 310.24 3.30 -0.30
0.00 1615.80
808.70 4.14 -0.65 -8.11 302.57 285.52 7.26 -0.30
0.00 1917.75
775.30 1.54 -2.04 -7.55 304.05 276.48 8.61 -0.30
0.00 2259.05
739.10 -0.56 -4.02 -9.87 304.85 264.29 11.71 -0.30
0.00 2642.66
700.00 -3.26 -6.59 -13.08 305.22 279.06 13.58 -0.10
0.00 3074.78
658.00 -6.46 -7.90 -10.44 308.88 265.60 17.74 0.00
0.00 3561.39
613.10 -9.96 -10.35 -11.09 311.20 252.96 25.19 0.00
11.00 4110.38
565.80 -13.56 -13.96 -14.86 312.43 248.01 32.67 0.00
45.00 4725.58
519.80 -17.06 -17.41 -18.34 314.54 247.71 38.42 0.10
100.00 5366.33
478.40 -20.96 -21.89 -25.38 314.87 249.66 42.46 0.20
5.00 5984.26
441.40 -23.86 -25.37 -33.61 316.77 244.37 53.44 0.30
0.00 6575.34
408.00 -27.66 -28.75 -35.67 318.83 247.02 61.19 0.30
0.00 7145.29
377.60 -31.26 -31.97 -37.13 321.08 247.56 67.68 0.20
0.00 7697.77
350.30 -34.86 -35.26 -38.59 323.05 247.22 73.74 0.10
14.00 8225.30
325.70 -38.66 -38.95 -42.13 324.22 247.98 75.64 0.10
76.00 8729.23
303.50 -42.96 -43.14 -45.77 324.46 248.77 75.64 0.00
98.00 9209.42
283.50 -46.46 -46.58 -48.81 325.62 248.07 80.61 -0.10
0.00 9665.30
265.40 -48.06 -48.32 -55.28 329.16 247.08 88.79 -0.10
0.00 10101.56
248.70 -48.46 -48.83 -61.32 334.57 248.58 93.07 -0.20
0.00 10529.40
233.50 -48.46 -48.88 -63.98 340.61 249.93 94.52 -0.20
0.00 10944.19
219.60 -49.16 -49.60 -67.41 345.51 250.75 94.85 -0.20
0.00 11347.23
205.60 -50.96 -51.36 -72.72 349.19 252.27 94.42 -0.20
0.00 11777.41
191.70 -53.36 -53.68 -73.19 352.40 253.29 91.88 -0.20
0.00 12230.22
177.70 -55.36 -55.63 -73.70 356.84 252.06 85.76 -0.10
0.00 12715.90
163.80 -57.26 -9999.00 -9999.00 -9999.00 247.99 77.74 -0.10
0.00 13232.88
149.80 -59.46 -9999.00 -9999.00 -9999.00 241.76 71.45 0.00
0.00 13794.61
135.90 -61.96 -9999.00 -9999.00 -9999.00 237.17 68.43 0.10
0.00 14400.17
121.90 -63.76 -9999.00 -9999.00 -9999.00 234.80 65.37 0.10
0.00 15069.39
107.90 -63.46 -9999.00 -9999.00 -9999.00 231.73 58.64 0.10
0.00 15817.65
94.00 -62.76 -9999.00 -9999.00 -9999.00 233.26 49.69 0.10
0.00 16665.55
81.00 -62.36 -9999.00 -9999.00 -9999.00 239.39 38.15 0.00
0.00 17583.07
70.60 -61.76 -9999.00 -9999.00 -9999.00 233.87 32.94 0.00
0.00 18432.17
62.20 -59.26 -9999.00 -9999.00 -9999.00 226.25 31.47 0.00
0.00 19220.63
54.30 -58.36 -9999.00 -9999.00 -9999.00 230.40 20.42 0.00
0.00 20072.84
46.90 -58.86 -9999.00 -9999.00 -9999.00 213.13 22.03 0.00
0.00 20992.88
40.10 -57.26 -9999.00 -9999.00 -9999.00 221.99 15.68 0.00
0.00 21979.09
33.80 -58.76 -9999.00 -9999.00 -9999.00 210.51 12.63 0.00
0.00 23055.43
27.80 -58.16 -9999.00 -9999.00 -9999.00 236.93 9.97 0.00
0.00 24283.53
22.30 -57.66 -9999.00 -9999.00 -9999.00 279.46 2.37 0.00
0.00 25672.44
17.10 -56.96 -9999.00 -9999.00 -9999.00 237.99 5.50 0.00
0.00 27349.91
12.30 -53.26 -9999.00 -9999.00 -9999.00 273.63 12.26 0.00
0.00 29452.76

STID = KTOP STNM = 724560 TIME = 221026/2000 
SLAT = 39.07 SLON = -95.62 SELV = 286.0
STIM = 8

SHOW = 10.31 LIFT = 9.36 SWET = 40.41 KINX = 8.08
LCLP = 796.98 PWAT = 14.66 TOTL = 34.56 CAPE = 0.00
LCLT = 271.49 CINS = 0.00 EQLV = -9999.00 LFCT = -9999.00
BRCH = 0.00

PRES TMPC TMWC DWPC THTE DRCT SKNT OMEG
CFRL HGHT
983.30 15.14 8.39 1.25 302.25 116.57 3.90 0.00
0.00 296.32
980.30 14.74 8.12 1.04 301.95 116.57 4.35 0.00
0.00 322.15
975.00 14.14 7.79 0.93 301.75 117.65 4.60 0.00
0.00 367.91
965.70 13.34 7.30 0.70 301.66 118.61 4.88 0.00
0.00 448.60
952.00 12.14 6.60 0.44 301.57 119.48 5.13 -0.10
0.00 568.47
934.50 10.64 5.71 0.12 301.52 122.47 5.07 -0.10
0.00 723.39
913.60 8.94 3.91 -2.48 299.85 124.29 5.17 -0.20
0.00 911.15
890.80 7.84 1.88 -7.22 298.03 123.69 4.90 -0.20
0.00 1119.80
866.10 7.04 0.61 -10.37 298.17 98.13 4.12 -0.30
0.00 1351.07
838.50 5.64 -0.28 -10.41 299.61 71.57 0.62 -0.30
0.00 1616.35
808.10 3.84 -0.96 -8.63 302.02 283.39 4.20 -0.30
0.00 1917.15
774.80 1.24 -2.14 -7.33 303.91 275.36 6.24 -0.30
0.00 2257.29
738.60 -0.96 -3.99 -8.98 304.99 264.05 9.38 -0.20
0.00 2640.69
699.60 -3.56 -6.12 -10.67 306.21 274.57 9.75 0.00
0.00 3071.50
657.60 -6.56 -7.21 -8.28 310.27 252.90 18.49 0.00
0.00 3558.17
612.80 -10.06 -10.55 -11.48 310.88 238.78 29.99 -0.10
12.00 4106.10
565.50 -13.36 -13.62 -14.20 313.09 240.18 35.16 -0.20
100.00 4721.74
519.60 -17.46 -17.59 -17.95 314.26 247.95 33.12 -0.10
100.00 5361.17
478.30 -21.56 -22.16 -24.34 314.46 245.30 39.98 0.10
34.00 5976.62
441.20 -24.56 -25.73 -31.76 316.27 243.05 52.29 0.20
0.00 6567.98
407.80 -28.46 -29.24 -34.02 318.11 247.24 60.26 0.20
0.00 7136.51
377.60 -31.96 -32.39 -35.39 320.43 247.81 68.40 0.10
33.00 7683.82
350.30 -35.26 -35.54 -37.87 322.61 246.96 74.94 0.00
100.00 8210.17
325.70 -38.96 -39.15 -41.20 323.91 246.52 77.51 -0.10
100.00 8713.36
303.50 -43.16 -43.30 -45.35 324.21 245.98 76.34 0.00
100.00 9193.04
283.50 -46.76 -46.86 -48.81 325.19 244.69 83.16 0.00
0.00 9648.42
265.40 -48.06 -48.35 -56.37 329.12 245.50 91.80 0.00
0.00 10084.39
248.70 -48.36 -48.73 -61.32 334.71 247.04 96.62 0.00
0.00 10512.33
233.50 -48.16 -48.60 -63.98 341.06 247.76 98.00 -0.10
0.00 10927.48
219.60 -48.76 -49.24 -72.27 346.08 249.35 96.95 -0.10
0.00 11331.15
205.60 -50.56 -50.98 -72.72 349.82 251.05 95.09 -0.10
0.00 11762.10
191.70 -52.86 -53.20 -73.19 353.20 250.34 91.80 -0.10
0.00 12215.84
177.70 -54.96 -55.25 -73.70 357.50 249.10 87.12 -0.10
0.00 12702.51
163.80 -56.76 -9999.00 -9999.00 -9999.00 247.00 79.55 -0.10
0.00 13220.56
149.80 -59.06 -9999.00 -9999.00 -9999.00 242.33 72.38 -0.20
0.00 13783.47
135.90 -61.56 -9999.00 -9999.00 -9999.00 238.25 68.30 -0.10
0.00 14390.17
121.90 -63.76 -9999.00 -9999.00 -9999.00 235.12 64.88 -0.10
0.00 15060.02
107.90 -64.46 -9999.00 -9999.00 -9999.00 233.20 61.62 0.00
0.00 15806.50
94.00 -63.46 -9999.00 -9999.00 -9999.00 234.67 56.43 0.10
0.00 16650.97
81.00 -61.16 -9999.00 -9999.00 -9999.00 239.93 42.64 0.00
0.00 17569.58
70.60 -61.06 -9999.00 -9999.00 -9999.00 234.10 25.17 0.00
0.00 18422.50
62.20 -60.16 -9999.00 -9999.00 -9999.00 218.90 28.46 0.00
0.00 19210.59
54.30 -58.06 -9999.00 -9999.00 -9999.00 215.60 21.02 0.00
0.00 20061.60
46.90 -59.06 -9999.00 -9999.00 -9999.00 196.93 18.69 0.00
0.00 20981.86
40.10 -57.66 -9999.00 -9999.00 -9999.00 216.29 15.42 0.00
0.00 21966.70
33.80 -59.16 -9999.00 -9999.00 -9999.00 204.62 10.26 0.00
0.00 23041.03
27.80 -58.86 -9999.00 -9999.00 -9999.00 236.31 8.41 0.00
0.00 24265.99
22.30 -58.56 -9999.00 -9999.00 -9999.00 217.87 2.21 0.00
0.00 25649.74
17.10 -56.76 -9999.00 -9999.00 -9999.00 237.72 8.72 0.00
0.00 27324.48
12.30 -52.66 -9999.00 -9999.00 -9999.00 271.17 9.52 0.00
0.00 29431.19

STID = KTOP STNM = 724560 TIME = 221026/2100 
SLAT = 39.07 SLON = -95.62 SELV = 286.0
STIM = 9

SHOW = 10.47 LIFT = 9.41 SWET = 43.24 KINX = 9.45
LCLP = 788.11 PWAT = 14.55 TOTL = 34.22 CAPE = 0.00
LCLT = 270.93 CINS = 0.00 EQLV = -9999.00 LFCT = -9999.00
BRCH = 0.00

PRES TMPC TMWC DWPC THTE DRCT SKNT OMEG
CFRL HGHT
983.10 15.44 8.38 0.82 302.22 112.38 3.57 0.00
0.00 296.33
980.20 15.04 8.13 0.64 301.94 112.83 4.00 0.00
0.00 321.33
974.80 14.54 7.83 0.50 301.84 115.35 4.08 0.00
0.00 368.01
965.50 13.74 7.35 0.30 301.77 116.57 4.35 0.00
0.00 448.82
951.90 12.54 6.63 -0.03 301.61 120.96 4.53 0.00
0.00 567.99
934.40 10.94 5.65 -0.46 301.37 126.38 4.58 0.10
0.00 723.10
913.40 9.14 4.40 -1.33 300.96 131.63 4.68 0.10
0.00 911.97
890.60 8.04 2.03 -7.07 298.35 136.64 4.82 0.10
0.00 1120.84
865.90 7.14 0.69 -10.25 298.35 136.64 4.82 0.10
0.00 1352.29
838.40 5.74 -0.20 -10.29 299.79 157.38 2.53 0.10
0.00 1616.75
808.00 3.84 -0.93 -8.53 302.08 239.74 2.70 0.10
0.00 1917.65
774.70 1.24 -2.14 -7.33 303.92 249.15 4.37 0.00
0.00 2257.83
738.50 -1.16 -3.95 -8.46 305.09 250.14 7.44 -0.10
0.00 2641.16
699.40 -3.86 -5.96 -9.53 306.57 254.05 7.07 -0.10
0.00 3072.81
657.50 -6.56 -7.44 -8.91 309.84 239.25 17.85 -0.10
0.00 3558.16
612.70 -9.56 -10.55 -12.48 310.88 230.56 31.20 0.00
0.00 4106.64
565.40 -13.56 -13.98 -14.92 312.46 235.46 36.32 0.00
54.00 4722.68
519.60 -17.46 -17.84 -18.90 313.83 242.41 33.97 0.10
100.00 5360.47
478.20 -20.96 -21.82 -24.96 315.04 242.16 39.10 0.00
57.00 5978.16
441.20 -24.76 -25.79 -30.94 316.18 244.86 48.93 0.00
0.00 6568.46
407.80 -28.86 -29.36 -32.24 317.94 248.49 57.21 0.00
12.00 7136.32
377.50 -32.26 -32.61 -35.00 320.12 250.21 64.82 0.00
100.00 7684.75
350.30 -35.56 -35.83 -38.10 322.17 248.37 71.68 0.00
100.00 8208.58
325.70 -39.26 -39.45 -41.50 323.46 245.14 75.78 0.00
100.00 8711.14
303.40 -43.56 -43.65 -44.94 323.72 243.62 80.01 0.10
100.00 9192.32
283.40 -46.86 -46.98 -49.38 325.04 243.83 88.52 0.10
0.00 9647.37
265.40 -48.86 -49.11 -56.37 327.95 244.75 94.29 0.10
0.00 10080.14
248.60 -49.06 -49.40 -61.32 333.71 246.19 99.59 0.10
0.00 10509.28
233.50 -48.26 -48.72 -66.97 340.86 248.20 101.48 0.10
0.00 10921.06
219.60 -48.86 -49.34 -72.27 345.92 250.18 99.11 0.10
0.00 11324.54
205.60 -50.76 -51.17 -72.72 349.51 250.56 98.06 0.10
0.00 11755.20
191.70 -52.66 -53.01 -73.19 353.52 248.78 96.06 0.10
0.00 12208.94
177.70 -54.96 -9999.00 -9999.00 -9999.00 246.27 93.16 0.00
0.00 12695.83
163.80 -56.96 -9999.00 -9999.00 -9999.00 247.20 88.71 0.00
0.00 13213.65
149.80 -58.46 -9999.00 -9999.00 -9999.00 245.23 77.45 -0.10
0.00 13777.08
135.90 -61.16 -9999.00 -9999.00 -9999.00 238.93 69.62 -0.10
0.00 14385.21
121.90 -63.56 -9999.00 -9999.00 -9999.00 235.79 65.31 -0.10
0.00 15056.01
107.90 -65.26 -9999.00 -9999.00 -9999.00 232.70 62.51 0.00
0.00 15801.42
94.00 -64.46 -9999.00 -9999.00 -9999.00 235.82 57.05 0.00
0.00 16642.25
81.00 -62.26 -9999.00 -9999.00 -9999.00 240.63 44.37 0.00
0.00 17556.29
70.60 -59.56 -9999.00 -9999.00 -9999.00 232.05 26.85 0.00
0.00 18410.01
62.20 -59.76 -9999.00 -9999.00 -9999.00 211.41 25.72 0.00
0.00 19201.62
54.30 -57.96 -9999.00 -9999.00 -9999.00 207.57 24.77 0.00
0.00 20053.63
46.90 -57.76 -9999.00 -9999.00 -9999.00 194.60 19.27 0.00
0.00 20976.89
40.10 -58.06 -9999.00 -9999.00 -9999.00 226.58 14.98 0.00
0.00 21963.79
33.80 -59.36 -9999.00 -9999.00 -9999.00 217.12 9.01 0.00
0.00 23036.62
27.80 -59.16 -9999.00 -9999.00 -9999.00 248.63 9.60 0.00
0.00 24260.15
22.30 -58.16 -9999.00 -9999.00 -9999.00 223.26 4.53 0.00
0.00 25644.22
17.10 -54.86 -9999.00 -9999.00 -9999.00 240.12 10.53 0.00
0.00 27327.91
12.30 -51.46 -9999.00 -9999.00 -9999.00 270.00 10.30 0.00
0.00 29449.56

STID = KTOP STNM = 724560 TIME = 221026/2200 
SLAT = 39.07 SLON = -95.62 SELV = 286.0
STIM = 10

SHOW = 10.93 LIFT = 9.70 SWET = 50.74 KINX = 9.98
LCLP = 784.40 PWAT = 14.36 TOTL = 33.20 CAPE = 0.00
LCLT = 270.66 CINS = 0.00 EQLV = -9999.00 LFCT = -9999.00
BRCH = 0.00

PRES TMPC TMWC DWPC THTE DRCT SKNT OMEG
CFRL HGHT
984.20 15.64 8.41 0.63 302.17 109.29 4.12 0.00
0.00 295.47
981.20 15.34 8.19 0.42 301.98 109.18 4.74 0.00
0.00 321.32
975.80 14.84 7.89 0.27 301.87 109.80 5.17 0.00
0.00 368.00
966.50 14.04 7.42 0.07 301.80 113.75 5.30 0.00
0.00 448.81
952.90 12.84 6.72 -0.19 301.70 117.47 5.48 0.00
0.00 567.98
935.30 11.34 5.80 -0.59 301.60 123.69 5.59 0.00
0.00 724.00
914.40 9.54 4.69 -1.07 301.49 132.27 5.77 0.00
0.00 912.05
891.50 8.44 2.25 -7.06 298.69 145.84 6.57 0.00
0.00 1121.91
866.80 7.34 0.75 -10.49 298.36 152.02 7.03 -0.10
0.00 1353.37
839.20 5.84 -0.18 -10.46 299.73 161.57 5.54 -0.10
0.00 1618.67
808.70 3.94 -0.90 -8.62 302.06 183.37 3.30 -0.10
0.00 1920.38
775.40 1.24 -2.21 -7.55 303.70 202.83 4.00 -0.20
0.00 2260.32
739.10 -1.26 -3.96 -8.31 305.00 223.60 5.63 -0.20
0.00 2644.30
700.00 -3.86 -5.61 -8.46 307.17 225.00 6.04 -0.20
0.00 3075.54
658.00 -6.46 -7.54 -9.38 309.56 216.98 19.70 -0.20
0.00 3561.77
613.10 -9.16 -10.47 -13.05 310.97 222.51 31.62 -0.10
0.00 4111.57
565.80 -13.66 -14.10 -15.09 312.18 229.64 35.68 0.00
32.00 4727.51
519.80 -17.26 -17.92 -19.77 313.66 237.72 34.93 0.10
63.00 5367.83
478.50 -20.16 -21.61 -27.37 315.29 242.03 42.66 0.10
7.00 5984.87
441.40 -24.66 -25.60 -30.16 316.44 246.38 48.97 0.10
0.00 6577.49
408.00 -28.46 -28.97 -31.76 318.51 251.37 54.12 0.00
22.00 7145.67
377.60 -32.06 -32.46 -35.19 320.33 251.68 59.34 0.00
66.00 7696.38
350.30 -35.46 -35.76 -38.35 322.27 246.97 69.02 0.00
100.00 8222.39
325.70 -39.46 -39.63 -41.50 323.18 242.78 75.58 -0.10
100.00 8724.84
303.50 -43.56 -43.77 -47.16 323.50 244.15 83.74 -0.10
91.00 9203.58
283.50 -47.36 -47.68 -57.09 323.94 244.79 88.03 -0.10
0.00 9657.95
265.40 -49.26 -49.51 -57.62 327.32 243.86 94.77 0.00
0.00 10092.16
248.70 -49.16 -49.47 -59.58 333.57 245.69 101.46 0.00
0.00 10518.19
233.50 -48.46 -48.91 -66.97 340.56 247.51 99.03 0.00
0.00 10932.34
219.60 -49.06 -49.53 -72.27 345.61 248.62 96.99 0.10
0.00 11335.46
205.60 -50.76 -51.17 -72.72 349.51 249.34 97.98 0.10
0.00 11765.93
191.70 -52.86 -53.20 -73.19 353.20 247.04 96.62 0.10
0.00 12219.46
177.70 -55.46 -9999.00 -9999.00 -9999.00 243.70 95.12 0.10
0.00 12705.57
163.80 -57.76 -9999.00 -9999.00 -9999.00 244.19 92.79 0.10
0.00 13221.84
149.80 -59.16 -9999.00 -9999.00 -9999.00 245.37 84.83 0.10
0.00 13783.31
135.90 -60.66 -9999.00 -9999.00 -9999.00 240.06 70.84 0.10
0.00 14391.15
121.90 -63.46 -9999.00 -9999.00 -9999.00 233.43 66.51 0.10
0.00 15062.91
107.90 -64.46 -9999.00 -9999.00 -9999.00 231.83 63.50 0.10
0.00 15809.93
94.00 -63.96 -9999.00 -9999.00 -9999.00 237.51 56.41 0.00
0.00 16653.38
81.00 -62.16 -9999.00 -9999.00 -9999.00 245.49 43.55 0.00
0.00 17568.73
70.60 -59.76 -9999.00 -9999.00 -9999.00 237.04 29.64 0.00
0.00 18422.25
62.20 -59.46 -9999.00 -9999.00 -9999.00 212.01 23.82 0.00
0.00 19214.05
54.30 -59.06 -9999.00 -9999.00 -9999.00 217.74 28.24 0.00
0.00 20064.47
46.90 -57.66 -9999.00 -9999.00 -9999.00 216.65 19.85 0.00
0.00 20985.59
40.10 -59.06 -9999.00 -9999.00 -9999.00 235.18 16.34 0.00
0.00 21970.42
33.80 -59.46 -9999.00 -9999.00 -9999.00 238.20 11.42 0.00
0.00 23040.50
27.80 -58.66 -9999.00 -9999.00 -9999.00 258.91 10.10 0.00
0.00 24265.17
22.30 -57.06 -9999.00 -9999.00 -9999.00 266.19 5.85 0.00
0.00 25654.41
17.10 -54.86 -9999.00 -9999.00 -9999.00 264.99 11.11 0.00
0.00 27342.37
12.30 -51.36 -9999.00 -9999.00 -9999.00 274.54 12.28 0.00
0.00 29464.50

STID = KTOP STNM = 724560 TIME = 221026/2300 
SLAT = 39.07 SLON = -95.62 SELV = 286.0
STIM = 11

SHOW = 11.18 LIFT = 9.91 SWET = 58.47 KINX = 11.08
LCLP = 805.87 PWAT = 14.17 TOTL = 32.82 CAPE = 0.00
LCLT = 272.02 CINS = 0.00 EQLV = -9999.00 LFCT = -9999.00
BRCH = 0.00

PRES TMPC TMWC DWPC THTE DRCT SKNT OMEG
CFRL HGHT
984.00 14.84 8.39 1.64 302.20 90.00 4.27 0.00
0.00 295.44
981.00 15.04 8.28 1.08 302.23 91.74 6.41 0.00
0.00 321.26
975.60 14.74 7.96 0.61 302.06 95.86 7.61 0.10
0.00 367.92
966.40 13.94 7.44 0.28 301.87 99.69 8.08 0.10
0.00 447.85
952.70 12.84 6.78 -0.02 301.86 107.10 7.93 0.20
0.00 567.89
935.10 11.34 5.81 -0.56 301.65 116.57 7.81 0.20
0.00 723.96
914.20 9.84 4.38 -2.44 300.79 137.82 8.39 0.20
0.00 912.12
891.40 8.64 2.34 -7.11 298.89 153.95 9.73 0.00
0.00 1121.27
866.70 7.24 0.86 -9.75 298.61 159.19 10.39 -0.10
0.00 1352.80
839.10 5.64 -0.36 -10.77 299.38 159.30 9.34 -0.20
0.00 1617.99
808.60 3.74 -1.15 -9.15 301.56 152.59 5.91 -0.20
0.00 1919.51
775.20 1.14 -2.38 -7.93 303.37 165.96 5.61 -0.20
0.00 2260.32
739.00 -1.46 -4.27 -8.92 304.41 194.42 7.01 -0.30
0.00 2643.09
699.90 -4.16 -5.43 -7.43 307.55 202.38 7.15 -0.30
0.00 3074.01
657.90 -6.26 -7.64 -10.02 309.39 211.29 23.19 -0.30
0.00 3560.23
613.00 -9.46 -10.64 -13.00 310.66 217.34 32.98 -0.30
0.00 4109.99
565.70 -13.86 -14.35 -15.50 311.74 227.66 35.47 -0.30
21.00 4725.44
519.80 -16.86 -17.77 -20.39 313.90 237.70 35.63 -0.20
13.00 5364.65
478.40 -20.26 -21.73 -27.63 315.12 243.32 42.83 -0.10
0.00 5983.59
441.30 -24.66 -25.38 -28.63 316.83 248.20 47.07 0.00
0.00 6576.23
407.90 -28.26 -28.80 -31.76 318.80 253.96 49.92 0.00
17.00 7144.80
377.60 -32.06 -32.46 -35.19 320.33 250.80 59.65 0.00
74.00 7693.99
350.30 -35.66 -35.90 -37.87 322.07 242.87 70.28 -0.10
100.00 8219.79
325.70 -39.76 -40.21 -46.53 322.29 245.54 77.89 -0.10
51.00 8721.68
303.50 -43.96 -44.41 -55.27 322.51 246.12 83.49 -0.10
0.00 9199.66
283.50 -46.76 -47.11 -57.09 324.80 244.13 92.62 -0.20
0.00 9654.22
265.40 -48.76 -48.99 -55.28 328.13 244.82 100.45 -0.20
0.00 10089.50
248.70 -49.06 -49.40 -61.32 333.67 246.62 98.41 -0.10
0.00 10516.10
233.50 -48.66 -49.10 -66.97 340.26 246.80 94.68 0.00
0.00 10930.15
219.50 -49.36 -49.81 -72.27 345.20 247.49 95.88 0.00
0.00 11335.81
205.60 -50.96 -51.36 -72.72 349.19 247.56 97.73 0.10
0.00 11762.82
191.70 -52.76 -53.11 -73.19 353.36 245.73 97.80 0.10
0.00 12216.25
177.70 -55.26 -9999.00 -9999.00 -9999.00 243.13 97.12 0.10
0.00 12702.70
163.80 -57.76 -9999.00 -9999.00 -9999.00 243.38 95.38 0.10
0.00 13219.21
149.80 -59.06 -9999.00 -9999.00 -9999.00 243.60 88.69 0.10
0.00 13780.81
135.90 -60.66 -9999.00 -9999.00 -9999.00 240.67 77.31 0.10
0.00 14388.79
121.90 -62.56 -9999.00 -9999.00 -9999.00 234.22 69.44 0.10
0.00 15061.98
107.90 -64.06 -9999.00 -9999.00 -9999.00 233.33 66.36 0.10
0.00 15811.32
94.00 -63.56 -9999.00 -9999.00 -9999.00 238.73 56.14 0.00
0.00 16656.39
81.00 -61.76 -9999.00 -9999.00 -9999.00 247.02 40.31 0.00
0.00 17573.48
70.60 -59.66 -9999.00 -9999.00 -9999.00 238.09 26.09 0.00
0.00 18428.00
62.20 -59.36 -9999.00 -9999.00 -9999.00 215.04 20.65 0.00
0.00 19220.17
54.30 -58.96 -9999.00 -9999.00 -9999.00 216.12 26.69 0.00
0.00 20070.99
46.90 -57.66 -9999.00 -9999.00 -9999.00 225.41 19.37 0.00
0.00 20992.32
40.10 -59.76 -9999.00 -9999.00 -9999.00 226.06 14.84 0.00
0.00 21975.55
33.80 -59.06 -9999.00 -9999.00 -9999.00 253.61 10.33 0.00
0.00 23044.88
27.80 -58.76 -9999.00 -9999.00 -9999.00 267.34 8.35 0.00
0.00 24270.41
22.30 -56.96 -9999.00 -9999.00 -9999.00 288.43 6.14 0.00
0.00 25659.64
17.10 -55.06 -9999.00 -9999.00 -9999.00 268.09 11.65 0.00
0.00 27347.21
12.30 -51.36 -9999.00 -9999.00 -9999.00 267.47 13.23 0.00
0.00 29468.38

STID = KTOP STNM = 724560 TIME = 221027/0000 
SLAT = 39.07 SLON = -95.62 SELV = 286.0
STIM = 12

SHOW = 10.59 LIFT = 9.79 SWET = 67.71 KINX = 12.51
LCLP = 837.02 PWAT = 13.97 TOTL = 34.75 CAPE = 0.00
LCLT = 273.28 CINS = 0.00 EQLV = -9999.00 LFCT = -9999.00
BRCH = 0.00

PRES TMPC TMWC DWPC THTE DRCT SKNT OMEG
CFRL HGHT
983.80 13.04 7.83 2.39 300.98 81.25 5.11 0.00
0.00 296.24
980.90 14.24 8.07 1.54 301.79 84.17 9.58 0.00
0.00 321.09
975.50 14.54 7.89 0.68 301.92 87.09 11.48 0.10
0.00 367.67
966.20 13.84 7.39 0.27 301.78 91.85 12.04 0.20
0.00 448.44
952.60 12.84 6.68 -0.30 301.64 102.03 12.12 0.30
0.00 567.61
935.00 11.64 5.60 -1.64 301.13 117.80 12.08 0.20
0.00 723.75
914.10 10.24 4.23 -3.56 300.43 137.49 12.65 0.10
0.00 912.13
891.30 8.84 3.00 -5.05 300.35 153.43 13.46 0.00
0.00 1121.54
866.60 7.04 1.51 -6.68 300.06 163.07 14.01 -0.20
0.00 1353.17
839.00 5.24 -0.25 -9.34 299.66 164.39 13.71 -0.30
0.00 1618.17
808.50 3.34 -1.57 -9.93 300.72 146.93 9.97 -0.30
0.00 1919.30
775.10 1.04 -2.63 -8.61 302.87 142.85 8.04 -0.20
0.00 2259.82
738.90 -1.06 -4.28 -9.77 304.37 180.00 8.94 -0.10
0.00 2642.81
699.80 -3.96 -5.39 -7.64 307.65 191.66 12.49 -0.10
0.00 3074.24
657.90 -6.56 -8.24 -11.33 308.24 205.59 25.62 -0.10
0.00 3559.21
613.00 -9.76 -11.18 -14.17 309.66 216.24 35.16 0.00
0.00 4108.26
565.70 -13.76 -14.42 -15.98 311.62 228.29 35.92 0.10
5.00 4723.42
519.80 -16.56 -17.63 -20.71 314.14 241.74 38.15 0.00
0.00 5363.10
478.40 -20.76 -21.97 -26.75 314.73 245.56 42.25 0.00
0.00 5981.80
441.30 -24.86 -25.40 -27.75 316.81 248.52 45.09 0.00
27.00 6573.64
407.90 -28.76 -29.11 -30.99 318.32 250.53 47.80 0.00
100.00 7141.42
377.60 -32.86 -33.04 -34.24 319.44 245.51 57.63 -0.10
100.00 7689.17
350.30 -36.96 -37.12 -38.59 320.20 244.55 66.90 -0.20
100.00 8212.66
325.70 -40.66 -41.13 -48.77 320.89 244.91 74.20 -0.30
1.00 8712.20
303.50 -43.66 -44.18 -58.00 322.85 245.37 87.61 -0.30
0.00 9189.55
283.50 -46.46 -46.82 -57.09 325.23 244.11 95.22 -0.30
0.00 9644.70
265.40 -48.86 -49.13 -57.62 327.91 243.95 96.00 -0.30
0.00 10080.17
248.70 -49.26 -49.61 -63.51 333.33 245.09 93.16 -0.20
0.00 10506.48
233.50 -49.16 -49.57 -66.97 339.50 246.22 92.97 -0.10
0.00 10919.88
219.50 -49.86 -50.29 -72.27 344.42 246.55 94.23 -0.10
0.00 11324.64
205.60 -51.06 -51.46 -72.72 349.04 245.66 96.15 0.00
0.00 11751.08
191.70 -52.56 -52.92 -73.19 353.68 244.80 98.54 0.00
0.00 12204.61
177.70 -54.66 -9999.00 -9999.00 -9999.00 244.04 98.52 0.00
0.00 12691.95
163.80 -57.36 -9999.00 -9999.00 -9999.00 243.85 96.08 0.00
0.00 13209.64
149.80 -59.26 -9999.00 -9999.00 -9999.00 244.10 90.27 0.00
0.00 13771.51
135.90 -60.56 -9999.00 -9999.00 -9999.00 240.24 81.00 0.00
0.00 14379.35
121.90 -62.56 -9999.00 -9999.00 -9999.00 236.56 74.73 0.10
0.00 15052.70
107.90 -64.16 -9999.00 -9999.00 -9999.00 233.74 69.62 0.10
0.00 15801.86
94.00 -63.26 -9999.00 -9999.00 -9999.00 239.77 57.11 0.00
0.00 16647.33
81.00 -61.26 -9999.00 -9999.00 -9999.00 243.70 37.70 0.00
0.00 17566.16
70.60 -59.56 -9999.00 -9999.00 -9999.00 233.94 22.11 0.00
0.00 18421.90
62.20 -59.16 -9999.00 -9999.00 -9999.00 214.56 21.23 0.00
0.00 19214.62
54.30 -58.46 -9999.00 -9999.00 -9999.00 216.44 25.84 0.00
0.00 20066.83
46.90 -58.36 -9999.00 -9999.00 -9999.00 225.44 17.72 0.00
0.00 20987.73
40.10 -59.66 -9999.00 -9999.00 -9999.00 220.01 14.20 0.00
0.00 21969.59
33.80 -59.06 -9999.00 -9999.00 -9999.00 259.82 7.69 0.00
0.00 23039.16
27.80 -59.16 -9999.00 -9999.00 -9999.00 306.03 7.93 0.00
0.00 24263.55
22.30 -58.06 -9999.00 -9999.00 -9999.00 313.96 7.56 0.00
0.00 25647.95
17.10 -55.86 -9999.00 -9999.00 -9999.00 284.57 10.04 0.00
0.00 27328.13
12.30 -51.76 -9999.00 -9999.00 -9999.00 272.34 9.52 0.00
0.00 29443.51

STID = KTOP STNM = 724560 TIME = 221027/0100 
SLAT = 39.07 SLON = -95.62 SELV = 286.0
STIM = 13

SHOW = 9.21 LIFT = 9.34 SWET = 219.92 KINX = 12.82
LCLP = 854.14 PWAT = 13.98 TOTL = 38.10 CAPE = 0.00
LCLT = 273.58 CINS = 0.00 EQLV = -9999.00 LFCT = -9999.00
BRCH = 0.00

PRES TMPC TMWC DWPC THTE DRCT SKNT OMEG
CFRL HGHT
984.20 11.74 7.23 2.42 299.58 87.80 5.05 0.00
0.00 296.19
981.20 13.54 7.63 1.22 300.74 88.12 11.85 0.00
0.00 321.80
975.90 14.54 7.60 -0.18 301.18 91.53 14.57 0.00
0.00 367.44
966.60 14.14 7.17 -0.85 301.16 99.35 16.72 0.00
0.00 448.21
952.90 13.14 6.48 -1.34 301.12 107.06 17.87 -0.10
0.00 568.31
935.40 11.84 5.63 -1.86 301.14 114.94 18.41 -0.10
0.00 723.63
914.40 10.34 4.65 -2.39 301.34 124.73 17.74 -0.20
0.00 912.95
891.60 8.64 3.55 -2.93 301.55 139.33 16.39 -0.20
0.00 1122.30
866.80 6.94 2.19 -4.18 301.54 158.46 15.87 -0.20
0.00 1354.75
839.20 5.04 0.51 -6.11 301.27 170.88 15.93 -0.20
0.00 1619.64
808.70 3.14 -1.54 -9.37 300.77 154.23 12.51 -0.10
0.00 1920.55
775.40 1.04 -2.82 -9.26 302.46 141.50 10.92 -0.10
0.00 2259.82
739.10 -0.26 -3.91 -10.13 305.04 177.55 13.62 -0.10
0.00 2644.28
700.00 -3.26 -5.65 -9.71 307.06 190.71 21.95 -0.20
0.00 3076.72
658.00 -6.06 -8.55 -13.54 307.60 205.22 29.62 -0.20
0.00 3563.69
613.10 -9.66 -11.21 -14.52 309.59 219.76 33.10 0.00
0.00 4113.21
565.80 -13.36 -14.08 -15.74 312.21 233.87 32.94 0.20
2.00 4728.84
519.90 -16.76 -17.76 -20.63 313.91 245.83 37.47 0.40
0.00 5368.66
478.50 -21.16 -21.87 -24.44 314.89 248.49 42.39 0.40
6.00 5986.56
441.40 -25.06 -25.54 -27.63 316.56 251.24 42.87 0.20
84.00 6577.60
408.00 -29.16 -29.53 -31.60 317.64 247.29 45.28 0.10
100.00 7144.55
377.60 -33.56 -33.80 -35.59 318.27 246.20 55.83 0.00
100.00 7692.76
350.30 -38.16 -38.32 -39.92 318.39 246.11 61.40 -0.10
100.00 8214.15
325.70 -41.16 -41.71 -52.59 320.01 244.82 68.47 -0.10
0.00 8711.86
303.50 -43.76 -44.32 -62.00 322.63 243.37 80.19 -0.20
0.00 9188.58
283.50 -46.06 -46.52 -62.52 325.68 242.92 86.62 -0.20
0.00 9644.02
265.40 -47.96 -48.35 -63.02 329.10 244.23 87.57 -0.20
0.00 10080.74
248.70 -48.96 -49.35 -66.51 333.73 245.64 88.07 -0.20
0.00 10508.19
233.50 -49.36 -49.76 -66.97 339.20 245.65 89.98 -0.20
0.00 10921.68
219.50 -49.76 -50.19 -72.27 344.58 245.57 93.45 -0.20
0.00 11326.35
205.60 -50.96 -51.36 -72.72 349.19 245.76 96.50 -0.20
0.00 11752.98
191.70 -52.56 -52.92 -73.19 353.68 245.92 98.08 -0.20
0.00 12206.62
177.70 -54.46 -9999.00 -9999.00 -9999.00 245.11 97.86 -0.20
0.00 12694.17
163.80 -56.76 -9999.00 -9999.00 -9999.00 243.91 94.52 -0.20
0.00 13212.83
149.80 -59.16 -9999.00 -9999.00 -9999.00 242.99 88.52 -0.10
0.00 13775.60
135.90 -60.86 -9999.00 -9999.00 -9999.00 240.95 81.99 0.00
0.00 14383.16
121.90 -62.26 -9999.00 -9999.00 -9999.00 236.67 76.73 0.10
0.00 15056.51
107.90 -63.76 -9999.00 -9999.00 -9999.00 236.40 69.50 0.10
0.00 15806.92
94.00 -62.86 -9999.00 -9999.00 -9999.00 240.18 56.64 0.10
0.00 16654.00
81.00 -60.36 -9999.00 -9999.00 -9999.00 239.77 36.65 0.00
0.00 17575.67
70.60 -59.16 -9999.00 -9999.00 -9999.00 233.50 24.16 0.00
0.00 18434.02
62.20 -58.76 -9999.00 -9999.00 -9999.00 219.69 23.72 0.00
0.00 19228.22
54.30 -58.06 -9999.00 -9999.00 -9999.00 224.70 25.95 0.00
0.00 20082.02
46.90 -58.86 -9999.00 -9999.00 -9999.00 237.26 19.41 0.00
0.00 21002.71
40.10 -59.76 -9999.00 -9999.00 -9999.00 231.01 15.75 0.00
0.00 21983.19
33.80 -59.76 -9999.00 -9999.00 -9999.00 252.47 7.73 0.00
0.00 23050.77
27.80 -60.36 -9999.00 -9999.00 -9999.00 305.13 6.41 0.00
0.00 24269.72
22.30 -59.66 -9999.00 -9999.00 -9999.00 293.50 4.88 0.00
0.00 25645.08
17.10 -56.86 -9999.00 -9999.00 -9999.00 276.34 7.03 0.00
0.00 27315.16
12.30 -52.46 -9999.00 -9999.00 -9999.00 245.38 5.13 0.00
0.00 29422.35

STID = KTOP STNM = 724560 TIME = 221027/0200 
SLAT = 39.07 SLON = -95.62 SELV = 286.0
STIM = 14

SHOW = 8.83 LIFT = 8.96 SWET = 66.31 KINX = 10.57
LCLP = 858.97 PWAT = 14.29 TOTL = 38.88 CAPE = 0.00
LCLT = 273.27 CINS = 0.00 EQLV = -9999.00 LFCT = -9999.00
BRCH = 0.00

PRES TMPC TMWC DWPC THTE DRCT SKNT OMEG
CFRL HGHT
984.00 10.94 6.68 2.02 298.39 104.53 5.42 0.00
0.00 296.16
981.10 12.24 7.01 1.22 299.37 108.70 13.33 0.00
0.00 320.83
975.70 12.94 7.12 0.64 300.17 114.29 17.48 -0.10
0.00 367.11
966.50 13.14 7.26 0.85 301.49 121.74 22.16 -0.20
0.00 446.67
952.80 12.54 6.90 0.75 302.17 125.15 23.29 -0.20
0.00 566.49
935.20 11.54 6.06 -0.14 302.19 126.87 21.37 -0.30
0.00 722.53
914.30 10.04 4.84 -1.36 301.81 129.58 18.90 -0.30
0.00 910.83
891.40 8.44 3.66 -2.28 301.84 138.21 17.19 -0.20
0.00 1120.97
866.70 6.84 2.37 -3.46 301.95 155.74 15.13 -0.10
0.00 1352.42
839.10 5.14 0.69 -5.67 301.68 167.56 13.52 0.00
0.00 1617.37
808.60 3.54 -1.32 -9.37 301.22 154.13 14.24 0.00
0.00 1918.60
775.20 1.54 -2.65 -9.69 302.80 161.35 16.39 -0.30
0.00 2259.50
739.00 -0.46 -3.96 -9.87 304.97 180.56 19.81 -0.50
0.00 2643.18
699.90 -3.16 -6.39 -12.54 305.61 193.50 24.96 -0.60
0.00 3075.54
657.90 -6.06 -8.46 -13.19 307.79 212.71 28.40 -0.60
0.00 3562.60
613.10 -9.56 -11.07 -14.23 309.85 225.27 28.98 -0.40
0.00 4111.06
565.70 -12.76 -13.42 -14.86 313.41 241.48 30.52 -0.20
3.00 4728.91
519.80 -16.96 -17.59 -19.33 314.22 250.33 36.93 -0.10
11.00 5369.41
478.40 -21.16 -21.72 -23.66 315.17 255.21 39.57 0.00
50.00 5987.23
441.30 -25.56 -26.06 -28.37 315.75 253.00 41.84 0.00
60.00 6577.81
407.90 -29.86 -30.25 -32.58 316.54 248.11 44.79 0.00
100.00 7143.49
377.60 -34.86 -35.10 -37.13 316.29 245.43 52.33 -0.10
100.00 7687.69
350.30 -38.26 -38.92 -49.48 317.45 245.88 57.03 -0.20
46.00 8207.49
325.70 -41.16 -41.85 -61.46 319.77 245.70 63.73 -0.30
0.00 8705.06
303.50 -43.56 -44.13 -62.00 322.91 246.36 69.76 -0.30
0.00 9181.98
283.50 -45.86 -46.33 -62.52 325.96 248.31 71.48 -0.30
0.00 9637.82
265.40 -47.86 -48.25 -63.02 329.24 249.07 76.13 -0.20
0.00 10074.82
248.60 -49.16 -49.54 -66.52 333.47 247.44 82.03 -0.20
0.00 10504.82
233.50 -49.66 -50.07 -71.85 338.70 245.24 88.13 -0.20
0.00 10915.22
219.50 -50.26 -50.67 -72.27 343.81 245.08 94.04 -0.20
0.00 11319.16
205.60 -51.46 -51.84 -72.72 348.41 245.55 96.66 -0.10
0.00 11744.83
191.70 -52.96 -53.30 -73.19 353.04 245.72 98.25 -0.10
0.00 12197.55
177.70 -54.66 -9999.00 -9999.00 -9999.00 245.79 99.46 0.00
0.00 12684.44
163.80 -56.56 -9999.00 -9999.00 -9999.00 245.39 96.56 0.00
0.00 13203.09
149.80 -58.46 -9999.00 -9999.00 -9999.00 243.27 88.95 0.10
0.00 13767.04
135.90 -60.56 -9999.00 -9999.00 -9999.00 239.64 82.61 0.10
0.00 14376.03
121.90 -61.66 -9999.00 -9999.00 -9999.00 238.62 78.73 0.20
0.00 15050.81
107.90 -62.66 -9999.00 -9999.00 -9999.00 238.50 70.63 0.10
0.00 15804.25
94.00 -62.26 -9999.00 -9999.00 -9999.00 244.05 56.39 0.10
0.00 16654.77
81.00 -60.46 -9999.00 -9999.00 -9999.00 242.73 35.18 0.00
0.00 17577.52
70.60 -60.26 -9999.00 -9999.00 -9999.00 231.04 23.48 0.00
0.00 18433.46
62.20 -58.86 -9999.00 -9999.00 -9999.00 221.56 25.17 0.00
0.00 19225.44
54.30 -58.16 -9999.00 -9999.00 -9999.00 226.30 24.18 0.00
0.00 20078.84
46.90 -58.46 -9999.00 -9999.00 -9999.00 235.30 18.43 0.00
0.00 21000.17
40.10 -58.76 -9999.00 -9999.00 -9999.00 227.83 13.89 0.00
0.00 21983.86
33.80 -59.26 -9999.00 -9999.00 -9999.00 236.98 4.64 0.00
0.00 23055.19
27.80 -59.66 -9999.00 -9999.00 -9999.00 288.43 3.07 0.00
0.00 24277.57
22.30 -58.36 -9999.00 -9999.00 -9999.00 272.73 4.08 0.00
0.00 25659.39
17.10 -55.76 -9999.00 -9999.00 -9999.00 289.44 10.51 0.00
0.00 27338.79
12.30 -52.96 -9999.00 -9999.00 -9999.00 258.50 11.69 0.00
0.00 29448.87

STID = KTOP STNM = 724560 TIME = 221027/0300 
SLAT = 39.07 SLON = -95.62 SELV = 286.0
STIM = 15

SHOW = 8.81 LIFT = 8.53 SWET = 63.37 KINX = 11.30
LCLP = 883.29 PWAT = 14.44 TOTL = 38.52 CAPE = 0.00
LCLT = 274.73 CINS = 0.00 EQLV = -9999.00 LFCT = -9999.00
BRCH = 0.00

PRES TMPC TMWC DWPC THTE DRCT SKNT OMEG
CFRL HGHT
984.70 10.24 6.78 3.11 298.57 117.41 5.91 0.00
0.00 295.29
981.70 11.14 7.13 2.92 299.66 120.31 14.63 0.00
0.00 320.71
976.40 11.44 7.24 2.85 300.46 121.40 17.52 -0.10
0.00 365.92
967.00 12.04 7.50 2.86 302.08 125.92 23.50 -0.10
0.00 446.83
953.40 11.94 7.10 2.04 302.62 130.85 24.65 -0.20
0.00 565.39
935.80 11.34 6.19 0.50 302.46 137.52 21.85 -0.20
0.00 721.13
914.80 10.14 5.11 -0.72 302.38 144.87 19.23 -0.20
0.00 910.21
892.00 8.54 3.91 -1.69 302.35 146.50 15.83 -0.20
0.00 1119.40
867.20 7.14 2.47 -3.65 302.09 150.69 12.70 0.00
0.00 1351.82
839.50 5.94 0.60 -7.53 301.36 152.02 14.08 0.00
0.00 1618.08
809.00 4.04 -1.02 -9.31 301.76 152.24 16.69 0.00
0.00 1919.83
775.70 1.84 -2.60 -10.17 302.81 174.35 19.72 -0.20
0.00 2259.99
739.40 -0.66 -4.38 -10.99 304.08 186.28 21.31 -0.40
0.00 2644.55
700.30 -3.36 -6.24 -11.51 305.87 202.52 25.87 -0.40
0.00 3076.34
658.30 -6.16 -8.45 -12.95 307.74 220.65 27.14 -0.40
0.00 3562.88
613.30 -9.46 -10.59 -12.83 310.71 232.09 25.60 -0.20
0.00 4113.57
565.90 -12.56 -13.22 -14.63 313.75 248.13 29.72 -0.10
4.00 4731.63
520.00 -16.96 -17.41 -18.61 314.50 255.41 33.92 0.00
60.00 5372.16
478.50 -21.46 -21.91 -23.47 314.84 253.47 38.91 0.00
100.00 5990.95
441.40 -26.66 -27.06 -29.03 314.15 246.45 41.32 -0.10
100.00 6579.74
408.00 -30.76 -31.71 -39.99 314.24 250.19 48.72 -0.20
70.00 7142.92
377.70 -34.46 -35.59 -56.24 315.45 252.75 50.45 -0.20
45.00 7686.31
350.40 -37.56 -38.47 -58.64 318.06 254.51 50.19 -0.20
0.00 8207.10
325.70 -40.56 -41.30 -61.46 320.60 256.44 51.36 -0.30
0.00 8707.99
303.50 -43.76 -44.32 -62.00 322.63 254.33 54.68 -0.30
0.00 9185.32
283.50 -46.66 -47.09 -62.52 324.82 251.85 61.13 -0.20
0.00 9640.17
265.40 -49.16 -49.49 -63.02 327.34 252.08 68.80 -0.20
0.00 10075.15
248.70 -50.06 -50.40 -66.51 332.10 248.42 76.03 -0.10
0.00 10500.41
233.50 -50.26 -50.64 -71.85 337.79 245.58 85.98 0.00
0.00 10912.05
219.50 -50.56 -50.95 -72.27 343.34 245.55 94.33 0.00
0.00 11315.18
205.60 -51.66 -52.03 -72.72 348.09 245.15 98.91 0.10
0.00 11740.38
191.70 -53.16 -53.49 -73.19 352.72 245.04 102.64 0.10
0.00 12192.68
177.70 -54.96 -9999.00 -9999.00 -9999.00 245.69 103.81 0.20
0.00 12679.02
163.80 -56.66 -9999.00 -9999.00 -9999.00 246.29 99.49 0.20
0.00 13197.19
149.80 -58.26 -9999.00 -9999.00 -9999.00 244.64 90.71 0.20
0.00 13761.28
135.90 -59.96 -9999.00 -9999.00 -9999.00 239.75 82.52 0.20
0.00 14371.40
121.90 -61.66 -9999.00 -9999.00 -9999.00 238.38 78.92 0.20
0.00 15047.14
107.90 -62.36 -9999.00 -9999.00 -9999.00 241.33 70.84 0.10
0.00 15801.12
94.00 -62.36 -9999.00 -9999.00 -9999.00 244.25 54.99 0.10
0.00 16652.04
81.00 -61.16 -9999.00 -9999.00 -9999.00 238.24 33.59 0.00
0.00 17573.05
70.60 -61.06 -9999.00 -9999.00 -9999.00 223.74 25.00 0.00
0.00 18425.97
62.20 -59.86 -9999.00 -9999.00 -9999.00 212.24 25.49 0.00
0.00 19214.61
54.30 -57.96 -9999.00 -9999.00 -9999.00 216.87 25.25 0.00
0.00 20066.42
46.90 -57.56 -9999.00 -9999.00 -9999.00 220.99 15.70 0.00
0.00 20990.11
40.10 -58.06 -9999.00 -9999.00 -9999.00 213.98 10.78 0.00
0.00 21977.47
33.80 -59.16 -9999.00 -9999.00 -9999.00 168.69 3.96 0.00
0.00 23050.80
27.80 -58.66 -9999.00 -9999.00 -9999.00 218.66 1.24 0.00
0.00 24276.33
22.30 -57.66 -9999.00 -9999.00 -9999.00 291.80 3.15 0.00
0.00 25663.63
17.10 -56.16 -9999.00 -9999.00 -9999.00 298.14 9.48 0.00
0.00 27344.20
12.30 -53.16 -9999.00 -9999.00 -9999.00 265.03 17.93 0.00
0.00 29451.39

STID = KTOP STNM = 724560 TIME = 221027/0400 
SLAT = 39.07 SLON = -95.62 SELV = 286.0
STIM = 16

SHOW = 8.99 LIFT = 7.91 SWET = 210.40 KINX = 10.49
LCLP = 908.45 PWAT = 14.40 TOTL = 37.94 CAPE = 0.00
LCLT = 276.36 CINS = 0.00 EQLV = -9999.00 LFCT = -9999.00
BRCH = 0.00

PRES TMPC TMWC DWPC THTE DRCT SKNT OMEG
CFRL HGHT
984.60 9.64 7.03 4.36 299.16 120.65 6.10 0.00
0.00 295.27
981.60 10.44 7.33 4.19 300.16 122.83 14.34 0.00
0.00 320.65
976.20 10.54 7.31 4.05 300.68 124.78 17.04 -0.10
0.00 366.60
966.90 11.24 7.52 3.81 302.17 128.59 23.37 -0.10
0.00 446.44
953.20 11.14 7.28 3.42 303.12 134.07 25.41 -0.20
0.00 565.58
935.70 10.64 6.48 2.13 303.19 142.84 23.15 -0.20
0.00 720.11
914.70 9.84 5.35 0.35 302.97 150.33 19.23 -0.20
0.00 908.92
891.80 8.74 3.89 -2.06 302.29 148.67 15.70 -0.20
0.00 1119.04
867.00 7.44 2.12 -5.28 301.32 147.31 15.46 -0.30
0.00 1351.69
839.40 5.74 0.18 -8.73 300.48 144.96 18.26 -0.40
0.00 1617.02
808.90 3.84 -0.94 -8.57 301.96 148.24 19.19 -0.40
0.00 1918.59
775.50 1.44 -2.76 -9.90 302.53 171.47 19.64 -0.40
0.00 2259.49
739.30 -0.86 -4.90 -12.60 303.06 190.26 22.90 -0.30
0.00 2642.61
700.20 -3.46 -6.28 -11.45 305.80 210.44 25.68 -0.30
0.00 3074.19
658.20 -6.16 -8.47 -13.01 307.72 226.95 24.18 -0.30
0.00 3560.71
613.30 -9.16 -10.21 -12.21 311.43 239.04 22.65 -0.20
0.00 4110.55
565.90 -12.56 -13.12 -14.30 313.93 254.05 25.45 -0.10
9.00 4728.99
519.90 -17.16 -17.77 -19.47 313.89 254.15 31.29 -0.10
33.00 5370.73
478.50 -22.06 -22.47 -23.95 313.93 252.75 32.75 -0.10
100.00 5987.08
441.40 -26.86 -27.79 -33.41 312.99 250.40 39.37 -0.10
51.00 6574.87
408.00 -30.36 -31.83 -51.67 313.99 253.30 44.62 -0.20
15.00 7138.19
377.70 -33.36 -34.64 -58.04 316.87 259.86 43.03 -0.20
0.00 7683.24
350.30 -36.86 -37.84 -58.64 319.03 266.88 42.79 -0.20
0.00 8207.99
325.70 -40.86 -41.55 -59.22 320.23 265.88 43.24 -0.20
0.00 8707.36
303.50 -44.46 -44.97 -62.00 321.65 255.96 46.45 -0.20
0.00 9183.66
283.50 -47.46 -47.85 -62.52 323.67 251.44 54.29 -0.20
0.00 9637.01
265.40 -50.16 -50.45 -63.02 325.88 251.51 64.94 -0.10
0.00 10070.25
248.70 -51.06 -51.36 -66.51 330.61 248.65 73.62 0.00
0.00 10493.61
233.50 -50.66 -51.03 -71.85 337.18 247.04 85.64 0.00
0.00 10903.96
219.50 -50.46 -50.86 -72.27 343.50 246.23 96.37 0.10
0.00 11306.82
205.60 -51.46 -51.84 -72.72 348.41 245.44 104.22 0.10
0.00 11732.30
191.70 -53.36 -53.68 -73.19 352.40 245.19 107.87 0.20
0.00 12184.60
177.70 -55.56 -9999.00 -9999.00 -9999.00 245.57 107.11 0.20
0.00 12670.05
163.80 -57.36 -9999.00 -9999.00 -9999.00 245.99 101.22 0.20
0.00 13186.68
149.80 -58.66 -9999.00 -9999.00 -9999.00 244.68 91.76 0.20
0.00 13749.32
135.90 -60.06 -9999.00 -9999.00 -9999.00 240.57 83.41 0.20
0.00 14358.73
121.90 -61.66 -9999.00 -9999.00 -9999.00 238.27 77.19 0.10
0.00 15034.31
107.90 -62.06 -9999.00 -9999.00 -9999.00 242.27 68.47 0.10
0.00 15788.83
94.00 -61.46 -9999.00 -9999.00 -9999.00 245.61 50.33 0.00
0.00 16642.17
81.00 -61.26 -9999.00 -9999.00 -9999.00 238.74 31.82 0.00
0.00 17564.92
70.60 -61.36 -9999.00 -9999.00 -9999.00 228.26 26.55 0.00
0.00 18417.04
62.20 -59.86 -9999.00 -9999.00 -9999.00 216.87 26.22 0.00
0.00 19205.13
54.30 -57.96 -9999.00 -9999.00 -9999.00 222.34 23.66 0.00
0.00 20056.94
46.90 -57.36 -9999.00 -9999.00 -9999.00 221.39 15.27 0.00
0.00 20981.06
40.10 -58.26 -9999.00 -9999.00 -9999.00 205.51 9.48 0.00
0.00 21968.41
33.80 -58.76 -9999.00 -9999.00 -9999.00 170.54 5.91 0.00
0.00 23042.24
27.80 -57.76 -9999.00 -9999.00 -9999.00 198.43 0.62 0.00
0.00 24271.49
22.30 -57.56 -9999.00 -9999.00 -9999.00 348.69 2.97 0.00
0.00 25662.02
17.10 -55.76 -9999.00 -9999.00 -9999.00 299.29 9.13 0.00
0.00 27344.54
12.30 -52.16 -9999.00 -9999.00 -9999.00 278.56 22.20 0.00
0.00 29458.47

STID = KTOP STNM = 724560 TIME = 221027/0500 
SLAT = 39.07 SLON = -95.62 SELV = 286.0
STIM = 17

SHOW = 9.79 LIFT = 7.87 SWET = 220.14 KINX = 6.01
LCLP = 928.55 PWAT = 13.76 TOTL = 35.69 CAPE = 0.00
LCLT = 277.31 CINS = 0.00 EQLV = -9999.00 LFCT = -9999.00
BRCH = 0.00

PRES TMPC TMWC DWPC THTE DRCT SKNT OMEG
CFRL HGHT
984.60 8.84 6.93 5.00 298.97 122.62 5.77 0.00
0.00 296.09
981.70 9.74 7.28 4.82 300.05 123.69 14.01 0.00
0.00 320.56
976.30 10.04 7.34 4.67 300.77 125.15 16.86 0.00
0.00 366.41
967.00 10.84 7.50 4.21 302.13 128.66 23.64 -0.10
0.00 446.12
953.30 10.84 7.32 3.85 303.22 134.69 25.14 -0.10
0.00 565.12
935.70 10.44 6.51 2.45 303.28 144.23 22.26 -0.10
0.00 720.40
914.80 9.84 5.41 0.51 303.10 150.77 18.71 -0.10
0.00 908.24
891.90 8.94 3.46 -3.68 301.31 150.10 17.93 -0.10
0.00 1118.39
867.10 7.44 0.89 -10.11 298.61 148.85 20.65 -0.20
0.00 1350.99
839.50 5.64 -0.16 -9.91 299.75 146.03 22.24 -0.30
0.00 1616.16
809.00 3.64 -0.94 -8.16 301.96 151.19 22.16 -0.40
0.00 1917.51
775.60 1.14 -2.84 -9.57 302.37 169.74 20.73 -0.40
0.00 2258.08
739.40 -0.76 -4.72 -12.10 303.40 194.84 23.50 -0.30
0.00 2641.03
700.30 -3.36 -6.72 -13.39 304.91 216.96 24.55 -0.20
0.00 3072.67
658.20 -6.06 -8.42 -13.07 307.81 229.56 22.46 -0.10
0.00 3560.45
613.30 -9.06 -10.10 -12.06 311.63 236.75 20.90 0.00
0.00 4110.50
565.90 -12.66 -13.37 -14.91 313.47 251.41 23.15 0.00
3.00 4728.93
520.00 -17.36 -18.06 -20.07 313.38 254.00 27.49 0.00
9.00 5368.80
478.50 -22.26 -23.19 -27.12 312.73 248.26 34.09 0.10
64.00 5986.02
441.40 -26.46 -27.88 -38.27 312.81 251.05 41.28 0.10
1.00 6573.96
408.00 -29.56 -31.23 -57.42 314.87 255.03 40.62 0.10
0.00 7138.63
377.70 -32.86 -34.15 -54.74 317.61 261.53 42.23 0.00
0.00 7685.13
350.40 -36.86 -37.82 -56.85 319.05 262.81 43.47 0.00
0.00 8208.45
325.70 -40.76 -41.44 -57.44 320.40 260.07 42.79 -0.10
0.00 8709.89
303.50 -44.76 -45.23 -59.77 321.27 254.22 45.01 -0.10
0.00 9185.98
283.50 -48.16 -48.51 -62.52 322.67 249.89 52.54 -0.10
0.00 9638.33
265.40 -51.16 -51.41 -63.02 324.42 249.38 61.23 -0.10
0.00 10069.93
248.70 -51.96 -52.23 -66.51 329.27 248.40 71.25 0.00
0.00 10491.49
233.50 -51.26 -51.60 -71.85 336.27 247.76 85.20 0.10
0.00 10900.45
219.50 -50.96 -51.34 -72.27 342.73 247.24 96.89 0.10
0.00 11302.32
205.60 -51.96 -52.32 -72.72 347.62 246.29 104.82 0.20
0.00 11726.84
191.70 -53.86 -54.16 -73.19 351.60 245.26 109.07 0.20
0.00 12178.12
177.70 -56.16 -9999.00 -9999.00 -9999.00 245.22 108.47 0.20
0.00 12662.35
163.80 -57.86 -9999.00 -9999.00 -9999.00 245.20 101.42 0.20
0.00 13177.66
149.80 -58.96 -9999.00 -9999.00 -9999.00 243.05 91.30 0.20
0.00 13739.26
135.90 -60.36 -9999.00 -9999.00 -9999.00 239.40 85.08 0.20
0.00 14347.81
121.90 -61.76 -9999.00 -9999.00 -9999.00 238.52 78.13 0.10
0.00 15022.75
107.90 -62.06 -9999.00 -9999.00 -9999.00 241.12 66.76 0.10
0.00 15777.09
94.00 -61.36 -9999.00 -9999.00 -9999.00 243.43 47.34 0.00
0.00 16630.64
81.00 -61.06 -9999.00 -9999.00 -9999.00 234.51 29.10 -0.10
0.00 17554.04
70.60 -61.96 -9999.00 -9999.00 -9999.00 226.15 27.47 0.00
0.00 18405.35
62.20 -60.36 -9999.00 -9999.00 -9999.00 215.91 27.82 0.00
0.00 19191.41
54.30 -57.86 -9999.00 -9999.00 -9999.00 225.34 22.94 0.00
0.00 20042.42
46.90 -57.76 -9999.00 -9999.00 -9999.00 226.17 13.46 0.00
0.00 20965.89
40.10 -58.16 -9999.00 -9999.00 -9999.00 210.47 11.50 0.00
0.00 21952.56
33.80 -58.16 -9999.00 -9999.00 -9999.00 207.18 8.08 0.00
0.00 23028.15
27.80 -58.16 -9999.00 -9999.00 -9999.00 250.02 2.27 0.00
0.00 24257.97
22.30 -58.76 -9999.00 -9999.00 -9999.00 194.04 2.41 0.00
0.00 25643.33
17.10 -55.26 -9999.00 -9999.00 -9999.00 260.84 6.10 0.00
0.00 27323.13
12.30 -51.86 -9999.00 -9999.00 -9999.00 281.61 14.47 0.00
0.00 29440.92

STID = KTOP STNM = 724560 TIME = 221027/0600 
SLAT = 39.07 SLON = -95.62 SELV = 286.0
STIM = 18

SHOW = 9.38 LIFT = 8.72 SWET = 228.74 KINX = 8.02
LCLP = 942.59 PWAT = 13.38 TOTL = 36.59 CAPE = 0.00
LCLT = 277.75 CINS = 0.00 EQLV = -9999.00 LFCT = -9999.00
BRCH = 0.00

PRES TMPC TMWC DWPC THTE DRCT SKNT OMEG
CFRL HGHT
984.10 8.04 6.65 5.22 298.39 120.96 5.67 0.00
0.00 296.06
981.20 9.14 7.10 5.07 299.71 123.48 14.43 0.00
0.00 320.49
975.80 9.54 7.22 4.92 300.55 124.94 17.31 0.00
0.00 366.27
966.50 10.54 7.38 4.26 301.92 128.59 24.61 -0.10
0.00 445.92
952.80 10.64 7.19 3.76 302.97 134.37 25.00 -0.10
0.00 564.87
935.30 10.54 6.02 1.07 302.15 143.03 21.64 -0.10
0.00 719.29
914.30 9.94 4.70 -1.61 301.51 147.44 19.13 -0.10
0.00 908.13
891.50 9.04 2.41 -7.69 298.98 151.77 20.94 -0.20
0.00 1117.45
866.80 7.64 0.80 -11.07 298.41 152.41 24.32 -0.20
0.00 1349.26
839.20 5.84 0.35 -8.25 300.87 148.57 24.59 -0.30
0.00 1614.72
808.60 3.84 -0.75 -7.87 302.40 158.37 24.24 -0.30
0.00 1917.44
775.30 1.24 -3.06 -10.63 301.95 176.99 22.18 -0.40
0.00 2257.31
739.10 -0.96 -4.82 -12.05 303.24 198.89 23.41 -0.30
0.00 2640.32
700.00 -3.26 -6.34 -12.13 305.70 218.59 24.61 -0.20
0.00 3072.09
658.00 -5.96 -8.10 -12.12 308.47 229.01 21.62 -0.10
0.00 3559.12
613.10 -8.76 -9.97 -12.26 311.90 236.16 20.57 0.00
0.00 4109.79
565.80 -12.56 -13.64 -16.10 312.99 248.55 23.37 -0.10
0.00 4727.49
519.80 -17.36 -18.08 -20.15 313.38 250.19 28.09 -0.20
7.00 5369.01
478.40 -22.36 -23.23 -26.88 312.69 246.89 34.63 -0.20
14.00 5984.81
441.40 -26.16 -27.76 -40.28 312.98 250.06 39.88 -0.10
0.00 6571.46
408.00 -28.96 -30.72 -57.42 315.65 255.69 39.30 0.00
0.00 7137.15
377.60 -32.76 -34.00 -51.33 317.88 259.77 42.64 0.10
0.00 7686.33
350.30 -36.76 -37.66 -52.97 319.33 258.69 40.62 0.10
0.00 8210.03
325.70 -41.26 -41.85 -54.69 319.79 256.68 41.32 0.00
0.00 8709.08
303.50 -45.26 -45.68 -58.00 320.60 249.12 44.70 -0.10
0.00 9184.15
283.50 -48.76 -49.08 -62.52 321.81 247.08 53.36 -0.10
0.00 9635.40
265.40 -51.56 -51.80 -63.02 323.84 247.38 60.61 0.00
0.00 10066.04
248.70 -51.96 -52.23 -66.51 329.27 248.31 72.53 0.00
0.00 10487.21
233.50 -51.26 -51.60 -71.85 336.27 248.87 86.21 0.10
0.00 10896.18
219.50 -51.46 -51.81 -72.27 341.96 248.91 95.55 0.10
0.00 11297.59
205.60 -52.56 -52.89 -72.72 346.68 247.42 101.18 0.10
0.00 11721.06
191.70 -54.26 -54.55 -73.19 350.96 245.22 105.69 0.10
0.00 12171.31
177.70 -56.26 -56.50 -73.70 355.37 244.70 106.35 0.10
0.00 12654.99
163.80 -57.66 -9999.00 -9999.00 -9999.00 244.69 99.49 0.10
0.00 13170.42
149.80 -58.76 -9999.00 -9999.00 -9999.00 241.88 89.86 0.10
0.00 13732.55
135.90 -60.26 -9999.00 -9999.00 -9999.00 238.76 84.29 0.10
0.00 14341.53
121.90 -61.56 -9999.00 -9999.00 -9999.00 240.15 77.27 0.10
0.00 15016.95
107.90 -61.66 -9999.00 -9999.00 -9999.00 242.43 64.65 0.10
0.00 15772.36
94.00 -60.96 -9999.00 -9999.00 -9999.00 241.33 44.95 0.00
0.00 16627.52
81.00 -61.06 -9999.00 -9999.00 -9999.00 227.49 28.46 0.00
0.00 17551.79
70.60 -62.06 -9999.00 -9999.00 -9999.00 221.96 28.48 0.00
0.00 18402.90
62.20 -60.76 -9999.00 -9999.00 -9999.00 216.63 28.32 0.00
0.00 19188.03
54.30 -58.16 -9999.00 -9999.00 -9999.00 219.69 23.72 0.00
0.00 20037.65
46.90 -57.86 -9999.00 -9999.00 -9999.00 217.97 10.10 0.00
0.00 20960.27
40.10 -58.66 -9999.00 -9999.00 -9999.00 212.11 11.69 0.00
0.00 21945.56
33.80 -58.16 -9999.00 -9999.00 -9999.00 214.51 7.54 0.00
0.00 23019.89
27.80 -58.56 -9999.00 -9999.00 -9999.00 244.80 3.65 0.00
0.00 24248.57
22.30 -58.96 -9999.00 -9999.00 -9999.00 219.40 7.03 0.00
0.00 25632.00
17.10 -54.46 -9999.00 -9999.00 -9999.00 265.68 10.33 0.00
0.00 27314.12
12.30 -51.76 -9999.00 -9999.00 -9999.00 282.68 15.93 0.00
0.00 29436.26

STID = KTOP STNM = 724560 TIME = 221027/0700 
SLAT = 39.07 SLON = -95.62 SELV = 286.0
STIM = 19

SHOW = 8.85 LIFT = 9.53 SWET = 234.15 KINX = 8.66
LCLP = 950.61 PWAT = 13.00 TOTL = 37.67 CAPE = 0.00
LCLT = 277.87 CINS = 0.00 EQLV = -9999.00 LFCT = -9999.00
BRCH = 0.00

PRES TMPC TMWC DWPC THTE DRCT SKNT OMEG
CFRL HGHT
984.80 7.54 6.41 5.23 297.79 126.03 5.28 0.00
0.00 295.20
981.80 8.64 6.87 5.08 299.12 126.25 14.45 0.00
0.00 320.41
976.40 9.04 6.97 4.90 299.93 126.87 17.48 -0.10
0.00 366.09
967.10 10.24 7.21 4.19 301.46 129.98 25.10 -0.10
0.00 445.57
953.40 10.34 7.23 4.17 303.00 134.40 26.11 -0.20
0.00 564.33
935.90 10.34 5.79 0.73 301.57 142.52 22.03 -0.20
0.00 718.51
914.90 10.14 3.48 -6.07 298.65 147.65 20.69 -0.20
0.00 907.16
892.10 9.44 1.76 -11.74 297.43 155.32 23.74 -0.30
0.00 1116.45
867.30 7.94 0.91 -11.33 298.57 154.39 26.07 -0.30
0.00 1349.30
839.70 6.04 0.66 -7.48 301.47 150.57 26.09 -0.40
0.00 1614.85
809.20 3.94 -0.75 -8.06 302.33 162.67 25.43 -0.40
0.00 1916.55
775.80 1.54 -3.24 -12.13 301.49 177.11 23.15 -0.40
0.00 2257.42
739.50 -0.96 -4.73 -11.68 303.38 197.65 22.42 -0.40
0.00 2641.45
700.40 -3.06 -6.23 -12.18 305.84 220.21 21.37 -0.30
0.00 3073.15
658.30 -5.76 -7.85 -11.69 308.90 231.87 19.50 -0.20
0.00 3561.46
613.40 -8.26 -9.70 -12.41 312.36 236.16 20.57 -0.10
0.00 4112.60
566.00 -12.36 -13.76 -17.07 312.73 251.27 24.20 -0.10
0.00 4732.14
520.00 -17.56 -18.35 -20.70 312.88 250.11 29.12 -0.20
0.00 5373.38
478.60 -22.56 -22.87 -24.04 313.25 243.57 36.23 -0.20
100.00 5988.48
441.50 -25.86 -27.47 -39.57 313.41 248.59 36.71 -0.20
0.00 6576.69
408.00 -28.96 -30.69 -55.61 315.68 254.70 40.48 -0.10
0.00 7144.37
377.70 -32.96 -34.10 -48.82 317.71 253.90 40.64 0.00
0.00 7691.45
350.40 -37.16 -37.95 -50.24 318.88 253.47 38.91 -0.10
0.00 8214.35
325.70 -41.66 -42.17 -52.59 319.32 249.61 39.59 -0.10
0.00 8714.51
303.50 -45.56 -45.96 -58.00 320.18 245.19 45.38 -0.10
0.00 9188.86
283.50 -49.26 -49.56 -62.52 321.09 245.24 52.41 -0.10
0.00 9639.32
265.40 -52.16 -52.38 -63.02 322.96 246.66 60.30 -0.10
0.00 10068.89
248.70 -52.26 -52.52 -66.51 328.82 248.80 72.51 0.00
0.00 10489.21
233.50 -51.96 -52.27 -71.85 335.21 249.76 83.64 0.00
0.00 10897.25
219.60 -52.56 -52.87 -72.27 340.21 249.49 89.80 0.00
0.00 11294.09
205.60 -53.26 -53.56 -72.72 345.58 246.70 96.23 0.00
0.00 11718.77
191.70 -54.46 -54.74 -73.19 350.64 244.44 104.43 0.10
0.00 12168.10
177.70 -56.36 -56.60 -73.70 355.20 244.51 106.08 0.10
0.00 12651.44
163.80 -57.76 -9999.00 -9999.00 -9999.00 243.94 99.03 0.10
0.00 13166.64
149.80 -58.86 -9999.00 -9999.00 -9999.00 241.31 89.02 0.10
0.00 13728.50
135.90 -59.96 -9999.00 -9999.00 -9999.00 238.76 82.01 0.10
0.00 14337.77
121.90 -61.06 -9999.00 -9999.00 -9999.00 240.00 75.37 0.10
0.00 15014.46
107.90 -60.96 -9999.00 -9999.00 -9999.00 242.79 62.02 0.10
0.00 15772.01
94.00 -60.26 -9999.00 -9999.00 -9999.00 239.30 43.38 0.00
0.00 16630.00
81.00 -60.76 -9999.00 -9999.00 -9999.00 224.48 30.50 0.00
0.00 17556.45
70.60 -61.76 -9999.00 -9999.00 -9999.00 228.17 32.32 0.00
0.00 18408.77
62.20 -60.36 -9999.00 -9999.00 -9999.00 218.66 31.10 0.00
0.00 19195.19
54.30 -57.96 -9999.00 -9999.00 -9999.00 215.54 28.40 0.00
0.00 20046.00
46.90 -57.66 -9999.00 -9999.00 -9999.00 198.43 11.05 0.00
0.00 20969.48
40.10 -58.96 -9999.00 -9999.00 -9999.00 217.06 11.93 0.00
0.00 21954.54
33.80 -57.96 -9999.00 -9999.00 -9999.00 227.82 8.39 0.00
0.00 23028.62
27.80 -58.16 -9999.00 -9999.00 -9999.00 267.71 4.86 0.00
0.00 24259.02
22.30 -57.76 -9999.00 -9999.00 -9999.00 257.80 7.36 0.00
0.00 25647.61
17.10 -54.56 -9999.00 -9999.00 -9999.00 282.17 10.14 0.00
0.00 27334.01
12.30 -52.06 -9999.00 -9999.00 -9999.00 289.54 12.78 0.00
0.00 29454.22

STID = KTOP STNM = 724560 TIME = 221027/0800 
SLAT = 39.07 SLON = -95.62 SELV = 286.0
STIM = 20

SHOW = 8.74 LIFT = 9.52 SWET = 235.58 KINX = 8.23
LCLP = 952.59 PWAT = 12.85 TOTL = 37.73 CAPE = 0.00
LCLT = 277.88 CINS = 0.00 EQLV = -9999.00 LFCT = -9999.00
BRCH = 0.00

PRES TMPC TMWC DWPC THTE DRCT SKNT OMEG
CFRL HGHT
984.30 7.34 6.30 5.20 297.59 122.20 6.20 0.00
0.00 295.20
981.40 8.24 6.68 5.08 298.73 123.90 14.98 0.00
0.00 319.55
976.00 8.44 6.71 4.95 299.37 124.73 17.74 -0.10
0.00 365.16
966.70 9.84 7.14 4.45 301.34 129.64 26.50 -0.10
0.00 444.54
953.00 10.04 7.13 4.27 302.82 133.03 27.89 -0.10
0.00 563.21
935.40 9.94 6.17 2.19 302.52 139.04 23.41 -0.20
0.00 718.18
914.50 10.04 3.49 -5.83 298.73 148.36 22.59 -0.20
0.00 905.89
891.70 9.64 1.75 -12.40 297.41 157.19 26.55 -0.30
0.00 1115.31
866.90 8.14 1.07 -11.07 298.94 154.14 28.07 -0.30
0.00 1348.42
839.30 6.24 0.68 -7.84 301.52 148.90 27.45 -0.40
0.00 1614.28
808.80 3.94 -0.87 -8.52 302.11 161.30 26.65 -0.30
0.00 1916.22
775.40 1.64 -3.46 -13.40 301.08 173.87 23.64 -0.30
0.00 2257.30
739.20 -0.66 -4.48 -11.40 303.89 198.95 20.34 -0.20
0.00 2640.71
700.10 -2.96 -6.27 -12.54 305.81 223.26 18.14 -0.20
0.00 3072.91
658.10 -5.86 -7.87 -11.54 308.90 234.69 17.13 -0.20
0.00 3560.24
613.20 -8.16 -9.70 -12.62 312.38 236.95 19.23 -0.20
0.00 4111.54
565.80 -12.46 -13.67 -16.48 312.92 252.37 21.81 -0.20
0.00 4731.30
519.90 -17.76 -18.50 -20.71 312.65 246.53 27.31 -0.20
5.00 5370.98
478.50 -22.36 -23.47 -28.44 312.28 244.59 34.40 -0.20
64.00 5986.13
441.40 -25.36 -27.43 -49.06 313.41 252.23 36.93 -0.10
0.00 6575.19
408.00 -29.16 -30.71 -48.14 315.70 251.83 39.86 -0.10
0.00 7141.56
377.70 -33.26 -34.28 -46.26 317.46 247.99 40.44 0.00
0.00 7688.10
350.40 -37.56 -38.26 -48.78 318.41 245.42 40.15 0.00
0.00 8210.24
325.70 -41.86 -42.36 -52.59 319.04 242.74 42.83 0.00
0.00 8709.77
303.50 -46.06 -46.41 -56.53 319.52 243.43 47.79 0.00
0.00 9183.39
283.50 -49.86 -50.09 -58.55 320.31 245.44 54.68 0.00
0.00 9632.76
265.40 -52.06 -52.28 -63.02 323.11 248.17 63.19 0.00
0.00 10061.85
248.70 -52.16 -52.42 -66.51 328.97 249.94 73.62 0.10
0.00 10482.35
233.50 -52.76 -53.04 -71.85 334.00 251.13 81.70 0.10
0.00 10889.75
219.60 -53.36 -53.64 -72.27 338.98 250.69 88.09 0.10
0.00 11285.15
205.60 -53.76 -54.05 -72.72 344.79 247.67 94.08 0.10
0.00 11708.58
191.70 -54.76 -55.03 -73.19 350.16 245.30 101.34 0.10
0.00 12157.09
177.70 -56.16 -56.41 -73.70 355.53 244.16 103.38 0.10
0.00 12640.32
163.80 -57.76 -9999.00 -9999.00 -9999.00 243.18 98.60 0.10
0.00 13155.76
149.80 -59.16 -9999.00 -9999.00 -9999.00 241.82 89.26 0.00
0.00 13717.23
135.90 -59.86 -9999.00 -9999.00 -9999.00 239.73 79.39 0.10
0.00 14326.21
121.90 -60.76 -9999.00 -9999.00 -9999.00 239.72 72.44 0.10
0.00 15003.54
107.90 -60.86 -9999.00 -9999.00 -9999.00 243.03 61.67 0.00
0.00 15761.80
94.00 -59.76 -9999.00 -9999.00 -9999.00 240.38 45.59 0.00
0.00 16621.00
81.00 -60.46 -9999.00 -9999.00 -9999.00 227.66 32.60 0.00
0.00 17549.20
70.60 -62.06 -9999.00 -9999.00 -9999.00 229.67 35.41 0.00
0.00 18401.51
62.20 -59.96 -9999.00 -9999.00 -9999.00 226.19 33.10 0.00
0.00 19188.12
54.30 -58.16 -9999.00 -9999.00 -9999.00 217.18 28.28 0.00
0.00 20039.33
46.90 -56.86 -9999.00 -9999.00 -9999.00 210.11 11.23 0.00
0.00 20964.09
40.10 -59.26 -9999.00 -9999.00 -9999.00 228.53 11.15 0.00
0.00 21950.30
33.80 -58.56 -9999.00 -9999.00 -9999.00 221.19 8.26 0.00
0.00 23022.13
27.80 -58.46 -9999.00 -9999.00 -9999.00 242.45 5.03 0.00
0.00 24249.95
22.30 -57.66 -9999.00 -9999.00 -9999.00 268.49 7.38 0.00
0.00 25637.90
17.10 -55.46 -9999.00 -9999.00 -9999.00 296.57 8.68 0.00
0.00 27321.19
12.30 -52.36 -9999.00 -9999.00 -9999.00 294.36 11.31 0.00
0.00 29435.61

STID = KTOP STNM = 724560 TIME = 221027/0900 
SLAT = 39.07 SLON = -95.62 SELV = 286.0
STIM = 21

SHOW = 9.11 LIFT = 9.52 SWET = 237.41 KINX = 7.02
LCLP = 957.89 PWAT = 12.83 TOTL = 36.54 CAPE = 0.00
LCLT = 278.08 CINS = 0.00 EQLV = -9999.00 LFCT = -9999.00
BRCH = 0.00

PRES TMPC TMWC DWPC THTE DRCT SKNT OMEG
CFRL HGHT
984.80 7.14 6.26 5.33 297.46 123.69 5.59 0.00
0.00 295.19
981.80 7.94 6.63 5.29 298.59 124.55 14.39 0.00
0.00 320.34
976.40 8.14 6.67 5.18 299.25 125.31 17.13 -0.10
0.00 365.90
967.10 9.34 7.03 4.74 301.06 132.05 26.69 -0.10
0.00 445.13
953.40 9.84 7.01 4.20 302.49 133.92 29.12 -0.20
0.00 563.61
935.80 9.64 6.21 2.65 302.60 136.89 25.02 -0.20
0.00 718.38
914.90 9.74 3.70 -4.53 299.17 149.44 23.68 -0.30
0.00 905.84
892.00 9.54 1.73 -12.17 297.37 159.98 26.67 -0.40
0.00 1115.96
867.30 8.34 0.89 -12.60 298.46 157.41 28.83 -0.40
0.00 1348.07
839.70 6.34 0.44 -9.00 300.95 150.21 29.33 -0.50
0.00 1613.92
809.10 3.84 -1.19 -9.53 301.41 158.65 27.74 -0.40
0.00 1916.68
775.80 1.74 -3.55 -14.11 300.85 170.46 23.45 -0.40
0.00 2256.55
739.50 -0.56 -4.67 -12.41 303.46 197.46 18.12 -0.30
0.00 2640.96
700.40 -2.76 -6.11 -12.42 306.06 226.04 15.11 -0.20
0.00 3073.19
658.30 -5.66 -7.72 -11.48 309.14 234.29 15.31 -0.10
0.00 3561.87
613.40 -7.96 -9.65 -12.88 312.44 236.31 18.90 0.00
0.00 4113.41
566.00 -12.56 -13.57 -15.85 313.08 249.97 19.85 0.10
0.00 4733.09
520.00 -18.06 -18.27 -18.89 313.02 240.66 26.96 0.00
100.00 5373.55
478.60 -21.96 -23.50 -31.09 312.19 245.47 31.82 0.00
14.00 5988.71
441.50 -25.06 -27.00 -43.25 314.10 251.86 36.19 0.10
0.00 6578.46
408.00 -28.96 -30.37 -43.50 316.25 247.79 40.07 0.20
0.00 7147.07
377.70 -33.36 -34.34 -45.71 317.36 244.03 42.13 0.10
0.00 7693.73
350.40 -37.86 -38.56 -49.48 317.97 241.97 44.23 0.10
0.00 8215.44
325.70 -42.26 -42.73 -52.59 318.49 239.85 47.18 0.00
0.00 8714.21
303.50 -46.46 -46.79 -56.53 318.95 243.06 53.17 0.00
0.00 9187.01
283.50 -50.06 -50.28 -58.55 320.02 246.13 59.05 0.00
0.00 9635.77
265.40 -51.86 -52.09 -63.02 323.40 247.18 65.11 0.10
0.00 10064.86
248.70 -52.56 -52.81 -66.51 328.38 249.21 73.35 0.10
0.00 10485.18
233.50 -53.26 -53.53 -71.85 333.24 251.35 82.01 0.10
0.00 10891.75
219.60 -53.56 -53.83 -72.27 338.67 251.13 89.51 0.10
0.00 11286.52
205.60 -53.86 -54.14 -72.72 344.64 247.98 94.29 0.10
0.00 11709.66
191.70 -54.66 -54.94 -73.19 350.32 244.99 99.24 0.10
0.00 12158.17
177.70 -56.16 -56.41 -73.70 355.53 243.98 101.38 0.00
0.00 12641.51
163.80 -57.76 -9999.00 -9999.00 -9999.00 244.16 96.70 0.00
0.00 13156.95
149.80 -58.86 -9999.00 -9999.00 -9999.00 244.01 86.87 0.00
0.00 13718.81
135.90 -59.56 -9999.00 -9999.00 -9999.00 241.27 75.97 0.00
0.00 14328.65
121.90 -60.46 -9999.00 -9999.00 -9999.00 238.12 68.40 0.00
0.00 15006.93
107.90 -61.26 -9999.00 -9999.00 -9999.00 240.00 59.44 0.00
0.00 15765.02
94.00 -59.86 -9999.00 -9999.00 -9999.00 237.87 45.65 0.00
0.00 16623.20
81.00 -60.36 -9999.00 -9999.00 -9999.00 228.63 34.67 0.00
0.00 17551.40
70.60 -61.96 -9999.00 -9999.00 -9999.00 231.43 36.77 0.00
0.00 18404.12
62.20 -60.16 -9999.00 -9999.00 -9999.00 224.08 34.34 0.00
0.00 19190.54
54.30 -57.66 -9999.00 -9999.00 -9999.00 215.31 28.57 0.00
0.00 20042.35
46.90 -56.36 -9999.00 -9999.00 -9999.00 218.09 9.13 0.00
0.00 20969.26
40.10 -59.66 -9999.00 -9999.00 -9999.00 213.34 8.84 0.00
0.00 21955.70
33.80 -59.56 -9999.00 -9999.00 -9999.00 198.43 9.83 0.00
0.00 23024.03
27.80 -59.46 -9999.00 -9999.00 -9999.00 207.35 6.33 0.00
0.00 24246.12
22.30 -57.36 -9999.00 -9999.00 -9999.00 275.86 7.61 0.00
0.00 25631.81
17.10 -55.66 -9999.00 -9999.00 -9999.00 306.53 13.05 0.00
0.00 27315.49
12.30 -53.26 -9999.00 -9999.00 -9999.00 288.43 11.67 0.00
0.00 29424.61
STN YYMMDD/HHMM PMSL PRES SKTC STC1 SNFL WTNS
P01M C01M STC2 LCLD MCLD HCLD
SNRA UWND VWND R01M BFGR T2MS
Q2MS WXTS WXTP WXTZ WXTR USTM
VSTM HLCY SLLH WSYM CDBP VSBK
TD2M
724560 221026/1200 1019.60 984.30 1.34 274.50 -9999.00 20.00
-9999.00 -9999.00 275.20 2.00 1.00 0.00
-9999.00 1.60 0.60 -9999.00 -9999.00 1.74
4.09 0.00 0.00 0.00 0.00 13.40
-11.40 -4.00 -9999.00 999.00 -9999.00 20.00
0.64
724560 221026/1300 1020.70 985.40 1.04 274.20 0.00 20.00
0.00 0.00 274.80 2.00 0.00 0.00
-9999.00 1.20 0.80 -9999.00 -9999.00 1.64
4.07 0.00 0.00 0.00 0.00 12.60
-11.50 -19.10 0.00 999.00 -9999.00 20.00
0.59
724560 221026/1400 1021.50 986.40 4.24 277.40 0.00 20.00
0.00 0.00 277.10 1.00 0.00 0.00
-9999.00 1.30 0.20 -9999.00 -9999.00 3.84
4.29 0.00 0.00 0.00 0.00 11.90
-10.80 -31.80 0.00 999.00 -9999.00 20.00
1.33
724560 221026/1500 1022.20 987.40 8.84 282.00 0.00 20.00
0.00 0.00 281.20 1.00 2.00 0.00
-9999.00 -0.20 -0.60 -9999.00 -9999.00 7.14
4.45 0.00 0.00 0.00 0.00 10.90
-9.70 -39.90 0.01 999.00 -9999.00 20.00
1.85
724560 221026/1600 1021.40 986.90 12.44 285.60 0.00 18.00
0.00 0.00 284.60 0.00 100.00 0.00
-9999.00 -1.50 -0.60 -9999.00 -9999.00 10.04
4.89 0.00 0.00 0.00 0.00 10.50
-9.10 -36.60 0.01 999.00 -9999.00 20.00
3.16
724560 221026/1700 1020.00 985.90 15.44 288.60 0.00 16.00
0.00 0.00 287.40 0.00 100.00 0.00
-9999.00 -2.50 0.10 -9999.00 -9999.00 12.24
5.06 0.00 0.00 0.00 0.00 10.30
-7.90 -18.70 0.01 999.00 -9999.00 20.00
3.63
724560 221026/1800 1019.70 985.80 17.84 291.00 0.00 13.00
0.00 0.00 289.80 0.00 100.00 0.00
-9999.00 -2.90 0.20 -9999.00 -9999.00 14.24
4.88 0.00 0.00 0.00 0.00 9.80
-6.30 -15.30 0.00 999.00 -9999.00 20.00
3.12
724560 221026/1900 1019.00 985.30 18.64 291.80 0.00 11.00
0.00 0.00 290.90 0.00 100.00 0.00
-9999.00 -2.40 0.50 -9999.00 -9999.00 15.24
4.51 0.00 0.00 0.00 0.00 9.40
-5.20 -15.10 -0.01 999.00 -9999.00 20.00
2.01
724560 221026/2000 1018.20 984.50 17.34 290.50 0.00 10.00
0.00 0.00 290.00 0.00 100.00 0.00
-9999.00 -2.00 0.90 -9999.00 -9999.00 15.34
4.40 0.00 0.00 0.00 0.00 9.10
-3.90 -9.40 -0.01 999.00 -9999.00 20.00
1.65
724560 221026/2100 1018.00 984.30 17.74 290.90 0.00 10.00
0.00 0.00 290.30 0.00 100.00 0.00
-9999.00 -1.70 0.80 -9999.00 -9999.00 15.74
4.26 0.00 0.00 0.00 0.00 8.90
-2.60 3.00 0.00 999.00 -9999.00 20.00
1.20
724560 221026/2200 1019.00 985.30 16.44 289.60 0.00 10.00
0.00 0.00 289.50 0.00 100.00 0.00
-9999.00 -2.00 0.70 -9999.00 -9999.00 15.74
4.19 0.00 0.00 0.00 0.00 8.10
-1.40 12.10 0.00 999.00 -9999.00 20.00
0.99
724560 221026/2300 1018.90 985.10 13.74 286.90 0.00 10.00
0.00 0.00 287.30 0.00 100.00 0.00
-9999.00 -2.20 0.00 -9999.00 -9999.00 14.04
4.51 0.00 0.00 0.00 0.00 7.30
-0.50 32.00 -0.01 999.00 -9999.00 20.00
2.01
724560 221027/0000 1019.00 985.00 11.44 284.60 0.00 10.00
0.00 0.00 285.10 0.00 100.00 0.00
-9999.00 -2.60 -0.40 -9999.00 -9999.00 11.94
4.72 0.00 0.00 0.00 0.00 6.40
0.30 72.40 0.00 999.00 -9999.00 20.00
2.64
724560 221027/0100 1019.50 985.40 9.94 283.10 0.00 10.00
0.00 0.00 283.70 0.00 100.00 0.00
-9999.00 -2.60 -0.50 -9999.00 -9999.00 10.54
4.72 0.00 0.00 0.00 0.00 5.20
0.70 143.40 0.00 999.00 -9999.00 20.00
2.64
724560 221027/0200 1019.40 985.20 9.24 282.40 0.00 10.00
0.00 0.00 282.90 0.00 100.00 0.00
-9999.00 -2.70 0.20 -9999.00 -9999.00 9.74
4.59 0.00 0.00 0.00 0.00 3.70
0.60 164.70 0.00 999.00 -9999.00 20.00
2.25
724560 221027/0300 1020.20 985.80 9.04 282.20 0.00 10.00
0.00 0.00 282.50 0.00 100.00 0.00
-9999.00 -2.80 0.90 -9999.00 -9999.00 9.34
4.93 0.00 0.00 0.00 0.00 3.80
0.40 185.50 0.00 999.00 -9999.00 20.00
3.26
724560 221027/0400 1020.00 985.70 8.34 281.50 0.00 11.00
0.00 0.00 282.00 0.00 100.00 0.00
-9999.00 -2.70 1.20 -9999.00 -9999.00 8.74
5.37 0.00 0.00 0.00 0.00 2.80
0.00 214.70 0.00 999.00 -9999.00 20.00
4.46
724560 221027/0500 1020.30 985.80 7.54 280.70 0.00 11.00
0.00 0.00 281.30 0.00 64.00 0.00
-9999.00 -2.60 1.20 -9999.00 -9999.00 7.94
5.61 0.00 0.00 0.00 0.00 2.90
0.30 230.90 0.00 999.00 -9999.00 20.00
5.09
724560 221027/0600 1019.80 985.30 6.74 279.90 0.00 12.00
0.00 0.00 280.40 0.00 14.00 0.00
-9999.00 -2.60 1.10 -9999.00 -9999.00 7.14
5.69 0.00 0.00 0.00 0.00 3.20
0.80 241.50 0.00 999.00 -9999.00 20.00
5.28
724560 221027/0700 1020.60 985.90 6.14 279.30 0.00 12.00
0.00 0.00 279.90 0.00 100.00 0.00
-9999.00 -2.40 1.30 -9999.00 -9999.00 6.54
5.69 0.00 0.00 0.00 0.00 3.50
0.90 239.40 0.00 999.00 -9999.00 20.00
5.29
724560 221027/0800 1020.10 985.40 5.94 279.10 0.00 13.00
0.00 0.00 279.70 0.00 64.00 0.00
-9999.00 -2.80 1.30 -9999.00 -9999.00 6.44
5.67 0.00 0.00 0.00 0.00 2.60
0.80 240.80 0.00 999.00 -9999.00 20.00
5.23
724560 221027/0900 1020.60 985.90 5.94 279.10 0.00 13.00
0.00 0.00 279.50 0.00 100.00 0.00
-9999.00 -2.60 1.30 -9999.00 -9999.00 6.24
5.72 0.00 0.00 0.00 0.00 1.70
0.80 215.60 0.00 999.00 -9999.00 20.00
5.36


