
SNPARM = PRES;TMPC;TMWC;DWPC;THTE;DRCT;SKNT;OMEG;CFRL;HGHT 
STNPRM = SHOW;LIFT;SWET;KINX;LCLP;PWAT;TOTL;CAPE;LCLT;CINS;EQLV;LFCT;BRCH 

STID = KOTX STNM = 727860 TIME = 221026/1200 
SLAT = 47.70 SLON = -117.60 SELV = 661.0
STIM = 0

SHOW = 2.37 LIFT = 2.34 SWET = 168.36 KINX = 24.17
LCLP = 896.96 PWAT = 11.14 TOTL = 54.25 CAPE = 6.09
LCLT = 275.79 CINS = -7.57 EQLV = 705.11 LFCT = 777.06
BRCH = 1.61

PRES TMPC TMWC DWPC THTE DRCT SKNT OMEG
CFRL HGHT
930.40 5.54 4.41 3.16 299.23 213.39 10.24 0.40
0.00 669.79
927.70 5.44 4.25 2.92 299.18 216.25 14.45 0.60
0.00 693.57
922.60 5.14 3.97 2.65 299.14 217.13 17.06 0.70
0.00 738.64
913.80 4.44 3.49 2.40 299.09 219.01 19.76 0.70
0.00 816.85
901.00 3.44 3.28 3.06 300.07 221.51 22.57 0.70
6.00 931.62
884.60 2.24 2.21 2.12 299.66 225.00 24.18 0.60
73.00 1080.48
865.10 1.04 1.04 0.98 299.46 228.41 23.12 0.50
91.00 1260.31
843.90 0.14 -0.24 -0.76 299.35 233.69 20.01 0.30
54.00 1459.66
821.00 -1.16 -1.60 -2.25 299.34 242.04 17.81 0.10
25.00 1679.76
795.60 -2.86 -3.30 -3.99 299.12 250.52 16.90 -0.10
25.00 1929.76
767.70 -5.06 -5.24 -5.58 298.91 253.77 15.99 -0.10
100.00 2211.63
737.30 -7.46 -7.56 -7.79 298.55 251.57 17.19 -0.20
100.00 2527.87
704.30 -9.46 -10.14 -11.60 298.34 252.28 19.77 -0.30
37.00 2883.20
668.90 -11.16 -13.48 -20.75 297.44 262.33 20.38 -0.60
0.00 3280.36
630.90 -14.26 -17.12 -31.21 296.84 258.18 17.07 -0.60
0.00 3726.45
590.20 -18.16 -20.51 -34.78 297.64 250.23 13.21 -0.40
12.00 4228.11
547.10 -22.86 -23.77 -28.50 299.62 228.61 15.27 0.00
70.00 4789.05
505.10 -26.56 -27.06 -30.00 301.88 204.70 21.39 0.20
82.00 5370.15
467.00 -30.36 -31.13 -38.03 302.90 206.13 22.94 0.10
79.00 5932.04
432.60 -35.06 -35.61 -42.50 303.26 213.15 22.73 -0.10
83.00 6470.65
401.40 -39.76 -40.03 -44.13 303.63 212.68 24.46 -0.30
100.00 6987.24
372.80 -44.06 -44.22 -47.57 304.23 208.48 20.77 -0.50
100.00 7487.61
346.90 -48.26 -48.38 -52.05 304.67 192.24 16.49 -0.40
100.00 7966.07
323.30 -52.66 -52.76 -57.50 304.64 168.98 15.23 -0.10
89.00 8425.35
301.90 -56.66 -56.74 -62.04 304.95 166.57 13.38 0.10
0.00 8863.36
282.50 -55.86 -55.96 -62.55 311.94 253.94 13.34 0.20
0.00 9285.03
264.90 -54.06 -54.24 -66.05 320.31 294.78 19.46 0.20
0.00 9695.87
248.40 -52.76 -53.03 -71.43 328.15 313.92 29.12 0.10
0.00 10109.53
233.40 -50.36 -50.74 -71.85 337.68 314.48 30.23 0.20
0.00 10513.54
219.60 -48.76 -49.24 -72.27 346.08 316.06 29.68 0.10
0.00 10912.43
205.70 -48.76 -9999.00 -9999.00 -9999.00 312.99 27.35 0.00
0.00 11341.92
191.70 -49.36 -9999.00 -9999.00 -9999.00 307.74 28.24 -0.10
0.00 11804.27
177.70 -50.46 -9999.00 -9999.00 -9999.00 309.81 30.34 -0.10
0.00 12299.82
163.80 -51.06 -9999.00 -9999.00 -9999.00 314.01 31.88 -0.10
0.00 12830.03
149.80 -50.86 -9999.00 -9999.00 -9999.00 317.39 33.00 0.00
0.00 13411.12
135.90 -50.86 -9999.00 -9999.00 -9999.00 312.60 29.56 0.00
0.00 14044.76
121.90 -52.16 -9999.00 -9999.00 -9999.00 301.30 28.42 0.00
0.00 14750.09
108.00 -52.86 -9999.00 -9999.00 -9999.00 297.03 32.05 0.00
0.00 15532.01
94.00 -53.16 -9999.00 -9999.00 -9999.00 295.40 29.90 0.00
0.00 16426.65
81.00 -53.86 -9999.00 -9999.00 -9999.00 293.92 24.44 0.00
0.00 17383.60
70.60 -54.26 -9999.00 -9999.00 -9999.00 298.11 16.08 0.00
0.00 18264.88
62.20 -55.56 -9999.00 -9999.00 -9999.00 310.50 12.26 0.00
0.00 19074.10
54.30 -56.46 -9999.00 -9999.00 -9999.00 310.71 11.01 0.00
0.00 19937.44
46.90 -56.56 -9999.00 -9999.00 -9999.00 298.30 8.61 0.00
0.00 20866.49
40.10 -54.96 -9999.00 -9999.00 -9999.00 287.20 8.55 0.00
0.00 21863.25
33.80 -53.96 -9999.00 -9999.00 -9999.00 272.66 8.35 0.00
0.00 22957.34
27.80 -54.86 -9999.00 -9999.00 -9999.00 298.77 11.31 0.00
0.00 24208.62
22.30 -55.16 -9999.00 -9999.00 -9999.00 318.72 10.61 0.00
0.00 25616.24
17.10 -53.96 -9999.00 -9999.00 -9999.00 8.13 4.12 0.00
0.00 27315.08
12.30 -53.46 -9999.00 -9999.00 -9999.00 346.76 6.78 0.00
0.00 29431.43

STID = KOTX STNM = 727860 TIME = 221026/1300 
SLAT = 47.70 SLON = -117.60 SELV = 661.0
STIM = 1

SHOW = 2.51 LIFT = 2.81 SWET = 141.78 KINX = 21.80
LCLP = 900.95 PWAT = 10.51 TOTL = 53.85 CAPE = 0.00
LCLT = 275.74 CINS = 0.00 EQLV = -9999.00 LFCT = -9999.00
BRCH = 0.00

PRES TMPC TMWC DWPC THTE DRCT SKNT OMEG
CFRL HGHT
930.40 5.14 4.16 3.05 298.69 216.12 8.90 0.30
0.00 669.78
927.70 5.04 4.01 2.84 298.66 218.25 12.86 0.50
0.00 693.52
922.60 4.64 3.71 2.65 298.59 220.45 15.58 0.60
0.00 738.52
913.90 4.04 3.26 2.35 298.60 223.24 17.87 0.60
0.00 815.71
901.00 3.14 2.53 1.78 298.48 229.28 20.24 0.60
0.00 931.21
884.60 2.54 1.97 1.26 299.16 241.66 19.64 0.50
63.00 1080.04
865.10 1.54 1.05 0.42 299.50 254.44 15.93 0.30
74.00 1260.10
843.90 0.54 -0.24 -1.28 299.35 258.02 13.11 0.30
2.00 1459.76
821.00 -0.96 -1.84 -3.10 298.89 256.19 12.20 0.40
2.00 1680.08
795.60 -2.56 -3.88 -6.02 298.02 255.56 13.25 0.30
0.00 1930.24
767.70 -4.56 -5.80 -8.00 297.89 261.30 16.71 0.20
53.00 2212.44
737.30 -6.76 -7.95 -10.32 297.85 272.12 21.00 0.10
63.00 2529.29
704.40 -8.86 -10.26 -13.45 298.11 282.80 21.91 0.00
0.00 2884.30
668.90 -11.26 -13.50 -20.44 297.42 286.21 17.40 -0.10
0.00 3282.90
630.90 -14.16 -17.12 -32.18 296.83 270.00 13.21 0.00
0.00 3728.98
590.20 -18.56 -20.69 -32.87 297.40 270.00 12.04 0.00
0.00 4230.36
547.20 -23.16 -23.68 -26.17 299.74 259.44 11.65 0.10
3.00 4789.21
505.20 -26.36 -26.79 -29.19 302.26 215.38 16.43 0.10
83.00 5370.12
467.10 -30.46 -30.84 -33.65 303.33 200.07 21.50 0.00
77.00 5932.05
432.70 -34.96 -35.27 -38.47 303.75 197.98 23.29 -0.10
85.00 6470.58
401.40 -39.46 -39.70 -43.20 304.09 202.78 21.08 -0.20
100.00 6989.23
372.90 -44.06 -44.22 -47.57 304.20 206.87 16.34 -0.20
100.00 7488.11
346.90 -48.46 -48.57 -52.05 304.40 180.00 10.49 -0.10
100.00 7968.14
323.40 -52.76 -52.86 -57.49 304.47 149.32 13.33 0.00
23.00 8425.10
301.90 -55.76 -55.83 -59.81 306.25 172.15 11.36 0.00
0.00 8865.89
282.50 -54.86 -54.98 -62.55 313.37 281.51 10.70 0.00
0.00 9289.41
264.90 -53.76 -53.98 -70.98 320.71 324.63 23.82 0.00
0.00 9701.47
248.40 -52.46 -52.74 -71.43 328.59 330.80 30.26 0.00
0.00 10115.70
233.40 -50.26 -50.64 -71.85 337.83 328.75 32.94 -0.10
0.00 10520.07
219.60 -49.46 -49.91 -72.27 345.00 324.98 32.50 -0.10
0.00 10918.42
205.70 -49.76 -9999.00 -9999.00 -9999.00 320.29 31.31 -0.20
0.00 11346.28
191.70 -50.56 -9999.00 -9999.00 -9999.00 318.25 31.51 -0.10
0.00 11806.37
177.70 -51.36 -9999.00 -9999.00 -9999.00 317.61 33.14 0.00
0.00 12299.58
163.80 -51.76 -9999.00 -9999.00 -9999.00 319.57 34.44 0.00
0.00 12827.89
149.80 -51.56 -9999.00 -9999.00 -9999.00 321.14 34.67 0.10
0.00 13407.14
135.90 -51.56 -9999.00 -9999.00 -9999.00 316.26 31.20 0.10
0.00 14038.79
121.90 -52.26 -9999.00 -9999.00 -9999.00 306.19 29.60 0.10
0.00 14742.85
108.00 -52.56 -9999.00 -9999.00 -9999.00 300.54 31.35 0.00
0.00 15525.12
94.00 -52.76 -9999.00 -9999.00 -9999.00 298.14 28.42 0.00
0.00 16421.18
81.00 -53.76 -9999.00 -9999.00 -9999.00 297.39 24.07 0.00
0.00 17379.22
70.60 -54.36 -9999.00 -9999.00 -9999.00 305.54 18.38 0.00
0.00 18260.50
62.20 -55.66 -9999.00 -9999.00 -9999.00 312.32 14.70 0.00
0.00 19069.35
54.30 -56.56 -9999.00 -9999.00 -9999.00 310.01 14.20 0.00
0.00 19932.29
46.90 -55.96 -9999.00 -9999.00 -9999.00 297.55 10.08 0.00
0.00 20862.42
40.10 -54.96 -9999.00 -9999.00 -9999.00 305.36 7.38 0.00
0.00 21860.55
33.80 -54.76 -9999.00 -9999.00 -9999.00 303.23 6.74 0.00
0.00 22952.64
27.80 -54.96 -9999.00 -9999.00 -9999.00 309.64 8.84 0.00
0.00 24201.34
22.30 -54.86 -9999.00 -9999.00 -9999.00 336.50 4.88 0.00
0.00 25609.61
17.10 -54.26 -9999.00 -9999.00 -9999.00 68.96 2.70 0.00
0.00 27308.45
12.30 -53.46 -9999.00 -9999.00 -9999.00 10.01 3.36 0.00
0.00 29423.35

STID = KOTX STNM = 727860 TIME = 221026/1400 
SLAT = 47.70 SLON = -117.60 SELV = 661.0
STIM = 2

SHOW = 2.54 LIFT = 3.34 SWET = 137.51 KINX = 24.09
LCLP = 905.14 PWAT = 10.73 TOTL = 53.85 CAPE = 0.00
LCLT = 275.05 CINS = 0.00 EQLV = -9999.00 LFCT = -9999.00
BRCH = 0.00

PRES TMPC TMWC DWPC THTE DRCT SKNT OMEG
CFRL HGHT
931.20 4.14 3.30 2.30 296.79 225.97 8.10 0.30
0.00 669.74
928.40 4.24 3.25 2.08 296.99 228.08 12.80 0.40
0.00 694.26
923.40 4.04 3.02 1.80 297.05 230.46 15.87 0.50
0.00 738.21
914.60 3.54 2.56 1.37 297.06 234.59 19.77 0.50
0.00 816.06
901.80 3.14 1.90 0.34 297.09 242.78 22.94 0.40
0.00 930.43
885.30 2.64 1.39 -0.20 297.89 258.14 19.85 0.10
13.00 1080.03
865.80 1.74 0.86 -0.28 299.01 270.70 15.93 -0.20
24.00 1260.01
844.60 0.44 -0.26 -1.20 299.22 270.83 13.40 -0.30
1.00 1459.53
821.70 -1.06 -1.90 -3.12 298.68 267.27 12.26 -0.40
2.00 1679.58
796.30 -2.56 -3.90 -6.09 297.89 272.64 12.65 -0.40
0.00 1929.48
768.30 -4.56 -5.69 -7.67 298.02 282.09 16.69 -0.20
3.00 2212.46
737.90 -6.86 -7.63 -9.09 298.35 287.96 22.05 -0.10
13.00 2529.02
704.90 -9.36 -10.15 -11.87 298.24 294.11 22.34 -0.10
1.00 2884.49
669.40 -11.96 -13.12 -16.19 298.02 296.87 16.34 -0.10
0.00 3281.99
631.30 -14.56 -16.69 -25.00 297.55 287.35 9.77 0.00
0.00 3728.11
590.60 -18.86 -20.48 -28.34 297.69 301.12 12.02 0.30
0.00 4228.57
547.40 -23.36 -23.89 -26.43 299.41 291.34 13.34 0.30
3.00 4789.21
505.40 -26.46 -26.93 -29.67 302.01 240.59 12.26 0.30
39.00 5369.53
467.20 -30.56 -31.10 -35.50 302.92 204.03 15.73 0.30
46.00 5932.51
432.80 -34.66 -35.30 -43.43 303.66 201.94 15.07 0.40
38.00 6471.11
401.50 -39.46 -39.87 -46.91 303.83 208.30 14.34 0.40
58.00 6989.94
372.90 -44.16 -44.41 -50.53 303.92 195.95 14.14 0.30
60.00 7490.38
347.00 -48.56 -48.70 -53.05 304.21 174.19 11.52 0.10
90.00 7968.28
323.40 -52.66 -52.76 -57.49 304.61 160.91 10.68 0.00
0.00 8427.11
301.90 -54.76 -54.85 -59.81 307.66 214.70 9.21 0.00
0.00 8869.01
282.50 -53.56 -53.74 -65.58 315.20 317.39 19.79 0.10
0.00 9294.77
264.90 -53.86 -54.05 -66.05 320.61 343.77 31.97 0.10
0.00 9707.96
248.40 -52.36 -52.64 -71.43 328.74 345.15 36.38 0.20
0.00 10122.19
233.40 -50.36 -50.74 -71.85 337.68 342.30 38.33 0.20
0.00 10526.56
219.60 -49.66 -50.10 -72.27 344.69 337.43 37.45 0.20
0.00 10924.64
205.70 -49.76 -9999.00 -9999.00 -9999.00 331.66 36.42 0.10
0.00 11352.31
191.70 -50.26 -9999.00 -9999.00 -9999.00 327.67 36.32 0.10
0.00 11812.71
177.70 -50.86 -9999.00 -9999.00 -9999.00 324.98 37.24 0.10
0.00 12306.81
163.80 -51.36 -9999.00 -9999.00 -9999.00 324.46 36.77 0.00
0.00 12836.19
149.80 -51.66 -9999.00 -9999.00 -9999.00 323.52 34.30 0.00
0.00 13415.84
135.90 -51.96 -9999.00 -9999.00 -9999.00 317.58 30.52 0.00
0.00 14046.77
121.90 -52.46 -9999.00 -9999.00 -9999.00 308.42 28.77 -0.10
0.00 14749.87
108.00 -52.86 -9999.00 -9999.00 -9999.00 305.79 30.89 0.00
0.00 15531.26
94.00 -53.26 -9999.00 -9999.00 -9999.00 310.64 28.92 0.00
0.00 16425.69
81.00 -54.16 -9999.00 -9999.00 -9999.00 307.63 23.54 0.00
0.00 17381.78
70.60 -54.86 -9999.00 -9999.00 -9999.00 309.09 20.03 0.00
0.00 18261.25
62.20 -55.76 -9999.00 -9999.00 -9999.00 311.52 15.83 0.00
0.00 19068.99
54.30 -56.66 -9999.00 -9999.00 -9999.00 307.81 14.26 0.00
0.00 19931.53
46.90 -55.66 -9999.00 -9999.00 -9999.00 296.57 9.98 0.00
0.00 20862.08
40.10 -54.96 -9999.00 -9999.00 -9999.00 311.35 6.47 0.00
0.00 21860.90
33.80 -54.76 -9999.00 -9999.00 -9999.00 294.30 6.60 0.00
0.00 22953.00
27.80 -54.76 -9999.00 -9999.00 -9999.00 289.65 8.66 0.00
0.00 24202.27
22.30 -55.06 -9999.00 -9999.00 -9999.00 312.88 3.71 0.00
0.00 25610.54
17.10 -55.46 -9999.00 -9999.00 -9999.00 116.57 1.30 0.00
0.00 27303.93
12.30 -54.16 -9999.00 -9999.00 -9999.00 77.47 1.79 0.00
0.00 29409.67

STID = KOTX STNM = 727860 TIME = 221026/1500 
SLAT = 47.70 SLON = -117.60 SELV = 661.0
STIM = 3

SHOW = 2.58 LIFT = 3.37 SWET = 137.76 KINX = 25.45
LCLP = 906.42 PWAT = 11.72 TOTL = 53.77 CAPE = 0.00
LCLT = 274.51 CINS = 0.00 EQLV = -9999.00 LFCT = -9999.00
BRCH = 0.00

PRES TMPC TMWC DWPC THTE DRCT SKNT OMEG
CFRL HGHT
930.70 3.44 2.68 1.73 295.56 232.59 8.31 0.30
0.00 669.72
927.90 3.44 2.61 1.57 295.71 235.58 12.72 0.40
0.00 694.18
922.90 3.34 2.46 1.37 295.95 238.78 15.00 0.40
0.00 738.04
914.10 3.34 2.33 1.09 296.64 250.84 19.54 0.40
0.00 815.80
901.30 3.34 2.31 1.05 297.99 270.60 18.45 0.20
0.00 930.24
884.90 2.54 2.08 1.50 299.36 292.28 17.42 0.00
0.00 1079.07
865.30 1.24 1.21 1.13 299.80 297.82 15.81 0.00
43.00 1259.92
844.10 -0.06 -0.11 -0.22 299.58 288.43 13.52 0.00
100.00 1459.24
821.30 -1.36 -1.53 -1.81 299.45 279.75 12.61 -0.10
39.00 1678.17
795.90 -2.86 -3.23 -3.80 299.23 281.80 13.29 -0.10
11.00 1928.00
767.90 -4.86 -5.08 -5.46 299.20 289.52 16.28 0.00
27.00 2210.90
737.50 -7.06 -7.34 -7.88 298.92 296.31 19.29 0.10
28.00 2527.41
704.50 -9.36 -9.87 -10.95 298.77 303.37 19.08 0.10
10.00 2882.99
669.10 -11.86 -12.50 -14.07 299.09 318.37 14.02 0.00
8.00 3279.70
631.00 -14.66 -15.98 -20.23 298.76 313.83 6.74 0.10
0.00 3726.13
590.30 -18.36 -20.09 -28.34 298.32 320.48 10.08 0.30
0.00 4227.29
547.20 -22.56 -23.61 -29.15 299.83 311.27 12.67 0.50
0.00 4788.28
505.20 -26.06 -26.75 -30.87 302.31 245.04 12.43 0.40
0.00 5370.19
467.10 -30.56 -31.21 -36.83 302.77 206.95 12.86 0.30
0.00 5932.31
432.70 -34.76 -35.34 -42.50 303.63 196.97 11.99 0.30
0.00 6470.91
401.40 -39.66 -40.03 -46.29 303.62 197.88 12.65 0.40
8.00 6989.53
372.90 -44.36 -44.60 -50.53 303.66 194.62 13.85 0.40
10.00 7487.86
346.90 -48.56 -48.72 -54.17 304.19 196.31 8.29 0.40
59.00 7967.46
323.40 -51.96 -52.08 -57.49 305.58 234.46 5.01 0.40
0.00 8425.13
301.90 -52.26 -52.41 -59.81 311.18 314.57 18.26 0.30
0.00 8870.25
282.50 -52.56 -52.77 -65.58 316.63 356.17 46.52 0.10
0.00 9299.41
264.90 -53.06 -53.27 -66.05 321.78 354.70 40.00 0.10
0.00 9714.30
248.40 -51.56 -51.87 -71.43 329.93 349.88 47.55 0.10
0.00 10130.03
233.40 -50.46 -50.83 -71.85 337.52 348.06 48.83 0.00
0.00 10535.04
219.60 -50.06 -50.48 -72.27 344.07 345.56 46.74 -0.10
0.00 10932.68
205.70 -50.46 -9999.00 -9999.00 -9999.00 343.08 44.06 -0.10
0.00 11359.29
191.70 -51.06 -9999.00 -9999.00 -9999.00 341.73 41.53 -0.10
0.00 11818.14
177.70 -51.66 -9999.00 -9999.00 -9999.00 339.78 39.34 -0.10
0.00 12310.47
163.80 -52.16 -9999.00 -9999.00 -9999.00 335.29 37.63 0.00
0.00 12837.94
149.80 -52.26 -9999.00 -9999.00 -9999.00 330.54 34.36 0.00
0.00 13415.76
135.90 -52.36 -9999.00 -9999.00 -9999.00 322.16 29.76 0.00
0.00 14045.26
121.90 -52.86 -9999.00 -9999.00 -9999.00 311.34 27.93 0.00
0.00 14747.10
108.00 -53.56 -9999.00 -9999.00 -9999.00 310.31 28.54 0.00
0.00 15526.54
94.00 -53.96 -9999.00 -9999.00 -9999.00 317.10 26.24 0.00
0.00 16418.12
81.00 -54.56 -9999.00 -9999.00 -9999.00 311.58 18.43 0.00
0.00 17371.81
70.60 -55.16 -9999.00 -9999.00 -9999.00 298.11 16.08 0.00
0.00 18249.87
62.20 -55.86 -9999.00 -9999.00 -9999.00 301.72 12.57 0.00
0.00 19056.87
54.30 -56.76 -9999.00 -9999.00 -9999.00 310.60 10.74 0.00
0.00 19919.02
46.90 -55.96 -9999.00 -9999.00 -9999.00 301.61 8.90 0.00
0.00 20848.71
40.10 -54.56 -9999.00 -9999.00 -9999.00 299.05 6.00 0.00
0.00 21847.76
33.80 -54.06 -9999.00 -9999.00 -9999.00 282.09 5.56 0.00
0.00 22942.60
27.80 -54.36 -9999.00 -9999.00 -9999.00 300.96 6.80 0.00
0.00 24195.02
22.30 -54.56 -9999.00 -9999.00 -9999.00 349.11 5.15 0.00
0.00 25606.19
17.10 -54.76 -9999.00 -9999.00 -9999.00 34.51 3.77 0.00
0.00 27304.25
12.30 -53.96 -9999.00 -9999.00 -9999.00 322.13 6.64 0.00
0.00 29414.33

STID = KOTX STNM = 727860 TIME = 221026/1600 
SLAT = 47.70 SLON = -117.60 SELV = 661.0
STIM = 4

SHOW = 3.82 LIFT = 4.06 SWET = 83.68 KINX = 23.09
LCLP = 900.87 PWAT = 11.64 TOTL = 51.62 CAPE = 0.00
LCLT = 275.12 CINS = 0.00 EQLV = -9999.00 LFCT = -9999.00
BRCH = 0.00

PRES TMPC TMWC DWPC THTE DRCT SKNT OMEG
CFRL HGHT
931.80 4.64 3.63 2.45 297.41 247.69 8.20 0.30
0.00 668.87
929.00 4.34 3.39 2.27 297.22 250.56 10.51 0.30
0.00 693.40
924.00 3.94 3.10 2.10 297.16 252.47 11.62 0.30
0.00 737.33
915.20 3.74 2.91 1.91 297.71 267.47 13.23 0.20
0.00 815.15
902.30 3.14 2.57 1.86 298.42 291.34 13.34 0.00
0.00 930.42
885.90 2.04 1.71 1.28 298.49 303.21 12.76 -0.10
12.00 1078.90
866.30 0.94 0.52 -0.05 298.28 316.47 10.72 -0.30
19.00 1259.26
845.10 -0.06 -0.56 -1.26 298.56 316.64 9.62 -0.40
61.00 1458.19
822.20 -1.06 -1.68 -2.58 299.04 311.99 10.45 -0.40
4.00 1677.92
796.70 -2.56 -3.18 -4.12 299.23 305.64 12.67 -0.30
3.00 1928.71
768.80 -4.36 -4.99 -6.05 299.24 303.11 16.01 -0.20
3.00 2210.69
738.30 -6.56 -7.26 -8.55 298.96 302.38 18.86 0.00
2.00 2528.45
705.30 -8.96 -9.73 -11.36 298.91 305.47 19.08 0.00
0.00 2884.22
669.70 -11.56 -12.10 -13.38 299.68 312.88 14.84 -0.10
5.00 3283.30
631.60 -14.76 -15.28 -16.74 299.83 323.13 8.74 -0.20
21.00 3729.56
590.80 -18.16 -19.59 -25.60 299.05 325.22 8.51 -0.10
0.00 4231.68
547.60 -21.86 -23.15 -30.03 300.45 322.94 11.93 0.10
0.00 4794.56
505.50 -25.56 -26.50 -32.42 302.61 253.03 11.99 0.20
0.00 5378.85
467.30 -30.26 -31.11 -39.02 302.87 219.21 9.52 0.30
0.00 5943.05
432.90 -34.86 -35.50 -43.93 303.35 207.05 10.26 0.40
0.00 6481.62
401.60 -39.86 -40.29 -48.28 303.21 200.17 10.14 0.40
0.00 6999.65
373.00 -44.16 -44.49 -53.56 303.79 216.03 7.93 0.40
0.00 7499.53
347.00 -47.46 -47.69 -55.44 305.62 286.26 9.71 0.30
9.00 7980.36
323.40 -49.46 -49.69 -59.27 308.99 333.03 24.84 0.10
0.00 8443.63
302.00 -51.36 -51.59 -65.09 312.34 1.17 56.93 0.00
0.00 8890.01
282.50 -52.16 -52.38 -65.58 317.21 6.51 56.51 0.10
0.00 9322.57
264.90 -52.86 -53.08 -66.05 322.07 4.62 62.74 0.10
0.00 9738.02
248.40 -53.26 -53.51 -71.43 327.40 2.62 63.77 0.10
0.00 10152.34
233.40 -53.16 -53.43 -71.85 333.43 1.11 60.24 0.10
0.00 10553.35
219.60 -52.26 -52.58 -72.27 340.68 357.51 53.67 0.10
0.00 10946.61
205.70 -51.56 -9999.00 -9999.00 -9999.00 352.39 48.41 0.00
0.00 11370.07
191.70 -51.56 -9999.00 -9999.00 -9999.00 350.70 44.48 0.00
0.00 11827.26
177.70 -51.86 -9999.00 -9999.00 -9999.00 349.80 39.47 -0.10
0.00 12318.82
163.80 -52.26 -9999.00 -9999.00 -9999.00 344.31 35.92 0.00
0.00 12845.93
149.80 -52.66 -9999.00 -9999.00 -9999.00 336.71 33.41 0.00
0.00 13423.09
135.90 -52.86 -9999.00 -9999.00 -9999.00 326.93 29.90 0.00
0.00 14051.32
121.90 -53.16 -9999.00 -9999.00 -9999.00 314.71 27.33 0.00
0.00 14751.87
108.00 -53.66 -9999.00 -9999.00 -9999.00 314.07 25.41 0.00
0.00 15530.61
94.00 -53.96 -9999.00 -9999.00 -9999.00 319.88 22.61 0.00
0.00 16421.99
81.00 -54.36 -9999.00 -9999.00 -9999.00 312.78 17.74 0.00
0.00 17376.11
70.60 -54.66 -9999.00 -9999.00 -9999.00 298.78 15.73 0.00
0.00 18255.58
62.20 -55.26 -9999.00 -9999.00 -9999.00 300.55 13.75 0.00
0.00 19064.62
54.30 -56.26 -9999.00 -9999.00 -9999.00 314.34 11.95 0.00
0.00 19928.95
46.90 -56.26 -9999.00 -9999.00 -9999.00 311.47 11.15 0.00
0.00 20859.08
40.10 -55.06 -9999.00 -9999.00 -9999.00 307.41 8.31 0.00
0.00 21856.29
33.80 -54.16 -9999.00 -9999.00 -9999.00 323.84 6.25 0.00
0.00 22949.63
27.80 -54.46 -9999.00 -9999.00 -9999.00 348.69 6.93 0.00
0.00 24201.48
22.30 -54.56 -9999.00 -9999.00 -9999.00 29.48 5.13 0.00
0.00 25612.33
17.10 -53.96 -9999.00 -9999.00 -9999.00 45.00 1.11 0.00
0.00 27313.50
12.30 -53.46 -9999.00 -9999.00 -9999.00 282.99 7.77 0.00
0.00 29429.85

STID = KOTX STNM = 727860 TIME = 221026/1700 
SLAT = 47.70 SLON = -117.60 SELV = 661.0
STIM = 5

SHOW = 4.66 LIFT = 4.34 SWET = 72.99 KINX = 23.00
LCLP = 891.76 PWAT = 11.64 TOTL = 50.29 CAPE = 0.00
LCLT = 275.49 CINS = 0.00 EQLV = -9999.00 LFCT = -9999.00
BRCH = 0.00

PRES TMPC TMWC DWPC THTE DRCT SKNT OMEG
CFRL HGHT
934.40 6.04 4.59 3.00 299.19 286.46 8.92 0.20
0.00 669.77
931.60 5.74 4.30 2.70 298.87 287.82 11.42 0.20
0.00 694.36
926.50 5.24 3.95 2.49 298.67 288.71 12.72 0.20
0.00 739.27
917.70 4.44 3.41 2.21 298.48 291.21 13.97 0.20
0.00 817.15
904.80 3.34 2.64 1.78 298.28 297.86 15.38 0.10
0.00 932.29
888.30 1.94 1.53 1.00 297.85 302.94 16.43 0.00
14.00 1081.29
868.70 0.84 0.12 -0.85 297.21 315.92 17.04 -0.20
9.00 1261.07
847.40 -0.26 -1.05 -2.17 297.33 321.34 17.40 -0.40
11.00 1460.25
824.40 -1.56 -2.27 -3.33 297.65 324.39 17.68 -0.50
2.00 1680.03
798.80 -3.06 -3.71 -4.74 297.96 324.75 17.83 -0.50
3.00 1930.65
770.70 -4.86 -5.46 -6.48 298.15 320.75 17.81 -0.50
4.00 2213.38
740.10 -6.96 -7.43 -8.33 298.42 313.29 18.41 -0.30
8.00 2530.86
706.90 -9.36 -9.70 -10.43 298.75 310.48 19.15 -0.10
29.00 2887.42
671.20 -11.96 -12.28 -13.06 299.17 315.45 17.44 0.00
52.00 3286.14
632.90 -14.86 -15.20 -16.14 299.77 320.77 12.30 0.10
98.00 3733.37
591.90 -18.16 -18.98 -21.94 299.85 322.85 8.04 0.20
5.00 4236.93
548.50 -21.76 -23.00 -29.47 300.52 327.89 11.69 0.30
0.00 4801.60
506.20 -25.46 -26.61 -34.44 302.32 271.68 13.21 0.30
0.00 5388.00
467.90 -30.26 -31.20 -40.49 302.62 247.29 9.05 0.40
0.00 5953.01
433.30 -34.96 -35.66 -45.60 303.04 228.58 8.80 0.40
0.00 6493.99
401.90 -39.76 -40.24 -49.88 303.21 232.25 7.61 0.30
0.00 7013.24
373.20 -43.66 -44.01 -53.56 304.41 287.74 10.20 0.20
0.00 7515.18
347.20 -46.46 -46.76 -56.92 306.89 337.34 24.20 0.10
0.00 7997.34
323.50 -48.16 -48.46 -61.51 310.72 14.54 58.80 0.30
0.00 8464.73
302.10 -49.76 -50.00 -59.81 314.65 18.24 71.99 0.40
0.00 8913.88
282.60 -51.46 -51.68 -62.54 318.22 13.29 76.05 0.50
0.00 9348.54
264.90 -52.46 -52.69 -66.05 322.65 9.80 75.31 0.40
0.00 9767.32
248.40 -52.46 -52.74 -71.43 328.59 4.66 69.39 0.30
0.00 10182.77
233.40 -52.26 -52.56 -71.85 334.80 359.83 65.46 0.20
0.00 10585.32
219.60 -52.46 -52.77 -72.27 340.37 356.14 63.46 0.10
0.00 10979.21
205.70 -52.56 -52.89 -72.71 346.63 354.48 58.55 0.10
0.00 11401.52
191.70 -52.46 -9999.00 -9999.00 -9999.00 354.53 50.93 0.00
0.00 11856.76
177.70 -52.36 -9999.00 -9999.00 -9999.00 354.66 41.74 -0.10
0.00 12346.76
163.80 -52.66 -9999.00 -9999.00 -9999.00 348.26 35.31 -0.10
0.00 12872.80
149.80 -53.06 -9999.00 -9999.00 -9999.00 337.38 32.83 -0.10
0.00 13448.92
135.90 -53.56 -9999.00 -9999.00 -9999.00 327.50 31.10 0.00
0.00 14075.57
121.90 -53.96 -9999.00 -9999.00 -9999.00 318.43 29.86 0.00
0.00 14773.74
108.00 -53.76 -9999.00 -9999.00 -9999.00 316.16 27.19 0.00
0.00 15550.88
94.00 -53.96 -9999.00 -9999.00 -9999.00 317.90 21.74 0.00
0.00 16442.06
81.00 -54.76 -9999.00 -9999.00 -9999.00 312.44 18.41 0.00
0.00 17395.31
70.60 -55.16 -9999.00 -9999.00 -9999.00 301.56 15.97 0.00
0.00 18272.97
62.20 -55.46 -9999.00 -9999.00 -9999.00 294.04 13.83 0.00
0.00 19080.71
54.30 -56.26 -9999.00 -9999.00 -9999.00 308.05 11.34 0.00
0.00 19944.65
46.90 -56.36 -9999.00 -9999.00 -9999.00 322.03 10.10 0.00
0.00 20874.56
40.10 -55.56 -9999.00 -9999.00 -9999.00 315.00 6.88 0.00
0.00 21870.40
33.80 -54.46 -9999.00 -9999.00 -9999.00 324.78 4.04 0.00
0.00 22961.74
27.80 -54.16 -9999.00 -9999.00 -9999.00 11.89 3.77 0.00
0.00 24213.58
22.30 -54.46 -9999.00 -9999.00 -9999.00 87.14 3.88 0.00
0.00 25625.72
17.10 -53.46 -9999.00 -9999.00 -9999.00 236.31 1.40 0.00
0.00 27329.22
12.30 -52.86 -9999.00 -9999.00 -9999.00 295.41 8.61 0.00
0.00 29450.88

STID = KOTX STNM = 727860 TIME = 221026/1800 
SLAT = 47.70 SLON = -117.60 SELV = 661.0
STIM = 6

SHOW = 5.28 LIFT = 4.59 SWET = 55.98 KINX = 22.98
LCLP = 869.07 PWAT = 11.16 TOTL = 49.08 CAPE = 13.47
LCLT = 274.30 CINS = -5.25 EQLV = 667.06 LFCT = 795.40
BRCH = 70.36

PRES TMPC TMWC DWPC THTE DRCT SKNT OMEG
CFRL HGHT
933.80 6.84 4.63 2.16 299.31 300.34 9.23 0.10
0.00 669.80
931.00 6.54 4.33 1.83 298.98 300.80 11.75 0.20
0.00 694.47
925.90 6.04 3.96 1.57 298.74 301.11 13.15 0.20
0.00 739.53
917.20 5.24 3.43 1.32 298.58 301.50 14.12 0.20
0.00 816.78
904.30 4.14 2.71 1.00 298.49 302.24 14.94 0.20
0.00 932.30
887.80 2.64 1.70 0.53 298.25 302.31 15.64 0.10
0.00 1081.77
868.20 1.04 0.28 -0.73 297.59 308.85 17.97 -0.10
11.00 1261.94
846.90 -0.26 -1.40 -3.05 296.72 317.69 20.49 -0.20
5.00 1461.30
823.90 -1.66 -2.86 -4.73 296.59 321.81 21.99 -0.30
0.00 1681.12
798.40 -3.46 -4.36 -5.85 296.80 323.33 21.79 -0.40
0.00 1930.62
770.30 -5.56 -6.01 -6.83 297.19 320.63 19.60 -0.30
2.00 2212.89
739.70 -7.86 -7.92 -8.06 297.62 315.45 17.44 -0.10
100.00 2529.59
706.60 -10.26 -10.29 -10.39 297.78 309.29 16.57 0.10
100.00 2884.05
670.90 -12.86 -12.96 -13.24 298.09 312.84 14.57 0.20
100.00 3281.57
632.60 -14.96 -15.45 -16.86 299.40 310.71 11.01 0.30
48.00 3728.13
591.60 -18.06 -18.81 -21.45 300.17 300.14 6.95 0.40
7.00 4231.93
548.30 -21.36 -22.72 -29.83 300.97 307.57 9.56 0.40
0.00 4796.10
506.10 -25.16 -26.65 -38.60 302.23 270.74 14.96 0.40
0.00 5382.07
467.80 -30.16 -31.27 -43.74 302.53 257.35 9.75 0.30
0.00 5947.62
433.20 -34.86 -35.66 -48.38 303.05 255.68 9.42 0.20
0.00 6488.93
401.80 -39.26 -39.82 -51.80 303.81 290.97 12.49 0.20
0.00 7008.96
373.20 -41.86 -42.37 -56.34 306.72 1.77 31.49 0.30
0.00 7511.70
347.20 -43.96 -44.33 -54.16 310.35 20.76 63.56 0.40
0.00 7998.39
323.50 -46.46 -46.74 -54.75 313.23 18.79 68.75 0.50
0.00 8470.14
302.00 -49.16 -49.40 -58.04 315.56 17.03 80.24 0.50
0.00 8923.78
282.60 -51.36 -51.54 -58.57 318.45 14.49 89.28 0.50
0.00 9356.97
264.90 -52.46 -52.64 -60.83 322.74 10.76 90.56 0.40
0.00 9775.85
248.40 -52.86 -53.07 -63.52 328.08 5.74 89.41 0.30
0.00 10190.94
233.40 -52.56 -52.83 -66.97 334.39 0.66 84.69 0.20
0.00 10592.85
219.60 -52.66 -52.97 -72.27 340.06 0.15 75.37 0.00
0.00 10986.29
205.70 -53.96 -54.24 -72.71 344.43 2.60 64.16 0.00
0.00 11407.08
191.70 -54.26 -54.55 -73.19 350.96 356.94 58.16 0.00
0.00 11859.01
177.70 -53.26 -9999.00 -9999.00 -9999.00 353.92 47.67 0.00
0.00 12346.02
163.80 -53.26 -9999.00 -9999.00 -9999.00 351.61 35.94 -0.10
0.00 12870.27
149.80 -54.16 -9999.00 -9999.00 -9999.00 341.35 32.19 -0.10
0.00 13444.16
135.90 -54.76 -9999.00 -9999.00 -9999.00 333.43 30.85 0.00
0.00 14067.54
121.90 -54.96 -9999.00 -9999.00 -9999.00 322.06 29.06 0.00
0.00 14762.21
108.00 -54.36 -9999.00 -9999.00 -9999.00 315.00 27.74 0.00
0.00 15536.51
94.00 -54.06 -9999.00 -9999.00 -9999.00 312.14 22.01 0.00
0.00 16426.27
81.00 -54.86 -9999.00 -9999.00 -9999.00 303.51 17.25 0.00
0.00 17379.09
70.60 -54.96 -9999.00 -9999.00 -9999.00 297.79 16.24 0.00
0.00 18256.95
62.20 -54.76 -9999.00 -9999.00 -9999.00 288.17 13.09 0.00
0.00 19066.36
54.30 -55.66 -9999.00 -9999.00 -9999.00 305.94 9.60 0.00
0.00 19932.88
46.90 -55.96 -9999.00 -9999.00 -9999.00 342.00 8.18 0.00
0.00 20864.93
40.10 -55.56 -9999.00 -9999.00 -9999.00 316.55 5.09 0.00
0.00 21861.69
33.80 -54.46 -9999.00 -9999.00 -9999.00 267.61 4.66 0.00
0.00 22953.03
27.80 -54.76 -9999.00 -9999.00 -9999.00 278.13 1.38 0.00
0.00 24203.15
22.30 -55.56 -9999.00 -9999.00 -9999.00 118.61 2.43 0.00
0.00 25609.81
17.10 -53.76 -9999.00 -9999.00 -9999.00 180.00 1.94 0.00
0.00 27307.87
12.30 -52.66 -9999.00 -9999.00 -9999.00 35.54 3.34 0.00
0.00 29429.04

STID = KOTX STNM = 727860 TIME = 221026/1900 
SLAT = 47.70 SLON = -117.60 SELV = 661.0
STIM = 7

SHOW = 4.91 LIFT = 4.51 SWET = 60.50 KINX = 21.09
LCLP = 843.85 PWAT = 10.23 TOTL = 49.69 CAPE = 0.00
LCLT = 272.85 CINS = 0.00 EQLV = -9999.00 LFCT = -9999.00
BRCH = 0.00

PRES TMPC TMWC DWPC THTE DRCT SKNT OMEG
CFRL HGHT
935.30 7.84 4.71 1.13 299.29 300.07 8.53 0.10
0.00 669.81
932.60 7.44 4.36 0.77 298.83 300.96 10.20 0.10
0.00 693.64
927.40 6.94 4.00 0.54 298.64 302.01 10.99 0.10
0.00 739.64
918.70 6.14 3.49 0.31 298.51 302.62 11.54 0.10
0.00 817.01
905.70 4.94 2.71 -0.02 298.32 304.46 12.02 0.00
0.00 933.56
889.20 3.44 1.74 -0.40 298.16 305.43 12.39 0.00
0.00 1083.20
869.60 1.74 0.59 -0.93 298.03 307.73 13.01 -0.10
0.00 1263.56
848.30 -0.06 -0.97 -2.26 297.38 317.16 14.57 -0.10
15.00 1462.93
825.20 -1.56 -2.83 -4.83 296.48 323.92 16.82 -0.10
4.00 1683.49
799.60 -3.16 -4.52 -6.83 296.36 324.90 17.56 -0.10
0.00 1933.74
771.50 -5.06 -6.18 -8.23 296.74 315.00 16.20 0.00
0.00 2215.95
740.80 -7.36 -8.17 -9.79 297.03 302.57 16.59 0.10
55.00 2533.73
707.60 -9.86 -10.61 -12.29 297.11 301.28 17.95 0.10
79.00 2889.28
671.80 -11.86 -12.93 -15.71 298.01 305.54 16.71 0.20
73.00 3288.34
633.40 -14.26 -15.44 -19.00 299.30 300.83 14.02 0.30
0.00 3736.86
592.30 -17.36 -18.60 -23.22 300.37 287.57 12.22 0.40
0.00 4242.58
548.80 -20.86 -22.50 -31.56 301.20 288.69 13.95 0.50
0.00 4810.06
506.50 -25.06 -26.70 -41.01 302.08 271.19 18.65 0.60
0.00 5397.59
468.10 -30.06 -31.24 -45.52 302.49 265.10 13.66 0.50
0.00 5964.43
433.50 -34.46 -35.37 -51.15 303.39 292.38 14.28 0.40
0.00 6505.93
402.00 -37.26 -37.98 -51.80 306.36 3.97 28.03 0.40
0.00 7029.95
373.30 -39.46 -40.04 -51.42 310.03 23.98 57.83 0.60
0.00 7539.03
347.30 -42.26 -42.74 -54.16 312.63 22.75 74.36 0.60
0.00 8029.92
323.60 -44.86 -45.24 -56.01 315.37 18.74 91.28 0.60
0.00 8504.95
302.10 -47.16 -47.48 -58.04 318.35 15.51 100.99 0.50
0.00 8962.06
282.60 -49.66 -49.90 -58.57 320.89 12.25 108.94 0.40
0.00 9401.03
265.00 -52.06 -52.23 -59.08 323.33 11.10 114.02 0.40
0.00 9819.44
248.40 -54.56 -54.67 -59.59 325.63 8.81 109.09 0.40
0.00 10235.73
233.40 -55.66 -55.78 -61.81 329.77 2.02 104.95 0.50
0.00 10633.28
219.60 -55.26 -55.45 -67.41 336.10 356.47 97.90 0.40
0.00 11021.64
205.70 -53.46 -53.76 -72.71 345.22 353.09 82.38 0.20
0.00 11440.41
191.70 -52.76 -9999.00 -9999.00 -9999.00 0.37 59.83 -0.10
0.00 11894.41
177.70 -55.86 -9999.00 -9999.00 -9999.00 3.70 51.18 -0.20
0.00 12380.19
163.80 -55.76 -9999.00 -9999.00 -9999.00 352.91 44.04 -0.10
0.00 12898.37
149.80 -54.36 -9999.00 -9999.00 -9999.00 343.59 33.00 -0.10
0.00 13468.73
135.90 -55.26 -9999.00 -9999.00 -9999.00 336.33 30.96 -0.10
0.00 14091.11
121.90 -55.56 -9999.00 -9999.00 -9999.00 327.47 29.25 0.00
0.00 14784.03
108.00 -55.16 -9999.00 -9999.00 -9999.00 317.42 29.27 0.00
0.00 15555.85
94.00 -54.16 -9999.00 -9999.00 -9999.00 311.23 25.06 0.00
0.00 16443.78
81.00 -54.46 -9999.00 -9999.00 -9999.00 296.83 18.51 0.00
0.00 17397.25
70.60 -55.06 -9999.00 -9999.00 -9999.00 296.03 18.59 0.00
0.00 18275.71
62.20 -54.96 -9999.00 -9999.00 -9999.00 291.09 14.57 0.00
0.00 19084.57
54.30 -56.46 -9999.00 -9999.00 -9999.00 298.52 10.18 0.00
0.00 19949.10
46.90 -57.06 -9999.00 -9999.00 -9999.00 324.46 8.35 0.00
0.00 20877.08
40.10 -55.66 -9999.00 -9999.00 -9999.00 292.48 6.10 0.00
0.00 21871.08
33.80 -54.36 -9999.00 -9999.00 -9999.00 265.10 6.82 0.00
0.00 22962.42
27.80 -54.96 -9999.00 -9999.00 -9999.00 291.04 2.70 0.00
0.00 24212.26
22.30 -55.66 -9999.00 -9999.00 -9999.00 196.70 2.02 0.00
0.00 25617.95
17.10 -54.56 -9999.00 -9999.00 -9999.00 187.59 2.93 0.00
0.00 27312.52
12.30 -53.36 -9999.00 -9999.00 -9999.00 113.63 3.40 0.00
0.00 29426.46

STID = KOTX STNM = 727860 TIME = 221026/2000 
SLAT = 47.70 SLON = -117.60 SELV = 661.0
STIM = 8

SHOW = 4.95 LIFT = 4.59 SWET = 44.03 KINX = 18.33
LCLP = 821.78 PWAT = 9.47 TOTL = 49.30 CAPE = 0.00
LCLT = 271.63 CINS = 0.00 EQLV = -9999.00 LFCT = -9999.00
BRCH = 0.00

PRES TMPC TMWC DWPC THTE DRCT SKNT OMEG
CFRL HGHT
934.50 8.64 4.77 0.25 299.48 290.14 6.22 0.10
0.00 669.84
931.70 8.14 4.42 0.01 299.03 289.98 6.82 0.10
0.00 694.64
926.70 7.64 4.10 -0.13 298.91 290.38 7.25 0.10
0.00 739.01
917.90 6.84 3.60 -0.33 298.81 290.73 7.69 0.10
0.00 817.52
905.00 5.64 2.85 -0.59 298.68 292.83 8.00 0.10
0.00 933.55
888.50 4.14 1.90 -0.94 298.55 293.55 8.26 0.00
0.00 1083.67
868.90 2.34 0.76 -1.32 298.45 294.23 8.53 0.00
0.00 1264.58
847.50 0.44 -0.80 -2.53 297.81 296.57 8.68 0.00
0.00 1465.45
824.50 -1.26 -2.41 -4.16 297.36 304.33 9.63 0.00
25.00 1685.58
799.00 -3.06 -4.34 -6.48 296.76 304.82 10.88 0.00
10.00 1935.27
770.90 -4.86 -6.32 -9.08 296.54 294.51 14.51 0.10
0.00 2217.84
740.20 -7.06 -8.45 -11.38 296.60 289.01 18.49 0.10
5.00 2536.13
707.10 -9.36 -10.85 -14.46 296.75 293.96 21.04 0.10
29.00 2891.34
671.30 -11.66 -13.43 -18.59 297.23 304.00 20.14 0.20
23.00 3291.14
633.00 -14.16 -15.94 -22.02 298.52 306.87 16.51 0.30
0.00 3738.96
592.00 -17.06 -18.66 -25.04 300.30 286.26 14.57 0.50
0.00 4244.06
548.60 -20.26 -22.45 -37.10 301.25 272.39 18.67 0.70
0.00 4811.43
506.30 -24.86 -26.64 -43.57 302.18 271.52 21.95 0.80
0.00 5400.08
468.00 -28.96 -30.31 -46.20 303.84 311.85 17.46 0.70
0.00 5967.10
433.40 -31.46 -32.68 -50.14 307.26 11.70 33.53 0.70
0.00 6513.33
402.00 -34.36 -35.29 -49.04 310.24 21.92 51.52 0.80
0.00 7042.24
373.30 -37.96 -38.64 -50.52 312.06 13.82 62.61 0.70
0.00 7556.10
347.20 -40.96 -41.50 -53.04 314.45 10.17 74.81 0.50
0.00 8051.93
323.60 -43.86 -44.28 -54.74 316.79 5.28 82.32 0.20
0.00 8527.39
302.10 -46.76 -47.05 -55.31 318.99 4.37 89.22 0.00
0.00 8985.92
282.60 -48.76 -49.01 -57.11 322.22 9.74 99.92 0.00
0.00 9426.16
265.00 -49.56 -49.78 -56.38 327.07 12.99 121.81 0.00
0.00 9847.77
248.40 -51.06 -51.24 -56.91 330.93 11.11 145.10 0.10
0.00 10269.75
233.40 -53.76 -53.91 -60.08 332.70 6.82 153.77 0.20
0.00 10672.22
219.60 -56.96 -57.06 -62.27 333.56 7.08 151.30 0.10
0.00 11060.77
205.70 -61.26 -61.31 -64.93 333.05 10.14 121.37 0.10
0.00 11470.45
191.70 -60.86 -60.98 -73.19 340.37 359.62 88.58 0.20
0.00 11908.05
177.70 -56.36 -9999.00 -9999.00 -9999.00 351.34 65.83 0.10
0.00 12384.29
163.80 -56.86 -9999.00 -9999.00 -9999.00 360.00 41.38 0.10
0.00 12900.56
149.80 -56.46 -9999.00 -9999.00 -9999.00 341.95 36.36 0.00
0.00 13466.73
135.90 -55.16 -9999.00 -9999.00 -9999.00 331.55 34.25 0.00
0.00 14086.26
121.90 -55.66 -9999.00 -9999.00 -9999.00 326.52 28.88 0.00
0.00 14779.18
108.00 -56.06 -9999.00 -9999.00 -9999.00 315.25 31.72 0.00
0.00 15549.23
94.00 -54.96 -9999.00 -9999.00 -9999.00 312.58 29.27 0.00
0.00 16433.71
81.00 -54.76 -9999.00 -9999.00 -9999.00 298.42 18.76 0.00
0.00 17384.78
70.60 -55.36 -9999.00 -9999.00 -9999.00 294.15 18.51 0.00
0.00 18262.04
62.20 -55.46 -9999.00 -9999.00 -9999.00 294.33 15.56 0.00
0.00 19069.41
54.30 -56.46 -9999.00 -9999.00 -9999.00 280.49 10.66 0.00
0.00 19932.95
46.90 -56.96 -9999.00 -9999.00 -9999.00 292.25 9.23 0.00
0.00 20861.14
40.10 -54.96 -9999.00 -9999.00 -9999.00 274.18 7.98 0.00
0.00 21856.98
33.80 -54.56 -9999.00 -9999.00 -9999.00 286.31 8.29 0.00
0.00 22949.57
27.80 -55.46 -9999.00 -9999.00 -9999.00 310.60 3.57 0.00
0.00 24197.41
22.30 -56.16 -9999.00 -9999.00 -9999.00 213.69 4.90 0.00
0.00 25599.87
17.10 -55.36 -9999.00 -9999.00 -9999.00 216.87 3.88 0.00
0.00 27289.38
12.30 -53.66 -9999.00 -9999.00 -9999.00 153.43 1.73 0.00
0.00 29398.02

STID = KOTX STNM = 727860 TIME = 221026/2100 
SLAT = 47.70 SLON = -117.60 SELV = 661.0
STIM = 9

SHOW = 6.23 LIFT = 6.10 SWET = 42.94 KINX = 15.23
LCLP = 807.35 PWAT = 9.13 TOTL = 46.44 CAPE = 1.67
LCLT = 270.82 CINS = -3.95 EQLV = 753.64 LFCT = 777.13
BRCH = 0.12

PRES TMPC TMWC DWPC THTE DRCT SKNT OMEG
CFRL HGHT
934.60 9.24 4.86 -0.32 299.64 258.11 7.54 0.20
0.00 669.86
931.80 8.84 4.60 -0.46 299.39 257.91 8.35 0.30
0.00 694.71
926.70 8.24 4.23 -0.61 299.16 258.44 8.72 0.30
0.00 740.07
917.90 7.44 3.74 -0.77 299.10 258.93 9.11 0.20
0.00 818.73
905.00 6.24 3.00 -1.04 298.96 259.38 9.48 0.10
0.00 935.01
888.50 4.74 2.06 -1.36 298.87 260.73 9.63 0.00
0.00 1085.44
868.90 2.94 0.92 -1.73 298.77 262.03 9.81 -0.20
0.00 1266.73
847.60 0.94 -0.39 -2.20 298.61 263.16 9.79 -0.30
0.00 1467.05
824.60 -0.86 -2.14 -4.05 297.87 265.43 9.75 -0.30
1.00 1687.53
799.00 -2.96 -4.07 -5.88 297.27 267.75 9.91 -0.40
22.00 1938.42
770.90 -5.06 -6.33 -8.68 296.55 277.88 12.74 -0.30
13.00 2220.96
740.30 -7.06 -8.67 -12.15 296.21 284.77 18.28 -0.20
1.00 2538.06
707.10 -9.16 -11.11 -16.14 296.30 291.61 21.10 0.00
0.00 2894.42
671.40 -11.26 -13.57 -20.92 296.95 301.83 19.89 0.20
0.00 3293.47
633.00 -13.66 -16.12 -25.83 298.17 305.25 17.83 0.30
0.00 3743.13
592.00 -16.76 -18.80 -27.81 300.05 282.80 17.52 0.30
0.00 4248.94
548.60 -20.36 -22.51 -36.77 301.16 272.94 22.77 0.30
0.00 4816.50
506.30 -23.36 -25.46 -45.48 303.90 311.01 23.68 0.20
0.00 5406.79
468.00 -25.56 -27.43 -46.20 308.07 359.63 30.11 0.20
0.00 5979.45
433.40 -29.36 -30.70 -45.01 310.18 13.97 41.84 0.10
0.00 6531.87
402.00 -33.36 -34.27 -45.14 311.76 5.62 51.53 0.20
0.00 7064.22
373.20 -36.76 -37.46 -47.56 313.83 3.85 60.74 0.20
0.00 7582.34
347.20 -39.56 -40.09 -48.86 316.54 357.07 72.16 0.20
0.00 8079.10
323.50 -41.56 -42.04 -50.93 320.16 356.22 85.47 0.30
0.00 8560.49
302.10 -44.36 -44.74 -53.22 322.45 359.29 93.82 0.40
0.00 9021.67
282.60 -47.76 -48.01 -54.76 323.74 3.32 97.28 0.30
0.00 9465.24
264.90 -50.26 -50.42 -55.29 326.12 4.71 113.44 0.10
4.00 9889.62
248.40 -52.76 -52.87 -56.91 328.40 4.70 128.05 0.10
51.00 10306.88
233.40 -54.86 -54.95 -58.64 331.07 4.20 140.42 0.10
37.00 10706.80
219.60 -57.06 -57.16 -62.27 333.41 5.19 139.45 0.10
5.00 11094.27
205.70 -59.86 -59.93 -64.93 335.25 6.94 130.13 0.10
0.00 11505.20
191.70 -62.96 -62.99 -65.45 337.10 7.14 104.74 0.10
0.00 11942.08
177.70 -61.46 -61.58 -73.70 346.85 357.73 73.68 0.10
0.00 12410.33
163.80 -57.06 -9999.00 -9999.00 -9999.00 347.91 52.84 0.00
0.00 12920.28
149.80 -57.46 -9999.00 -9999.00 -9999.00 340.20 36.13 0.00
0.00 13484.89
135.90 -57.26 -9999.00 -9999.00 -9999.00 329.59 37.61 0.00
0.00 14100.00
121.90 -55.46 -9999.00 -9999.00 -9999.00 325.49 33.94 0.00
0.00 14789.90
108.00 -55.86 -9999.00 -9999.00 -9999.00 318.04 28.48 0.00
0.00 15560.66
94.00 -55.86 -9999.00 -9999.00 -9999.00 314.49 31.04 0.00
0.00 16443.71
81.00 -54.96 -9999.00 -9999.00 -9999.00 305.47 19.08 -0.10
0.00 17392.39
70.60 -56.16 -9999.00 -9999.00 -9999.00 295.46 18.07 -0.10
0.00 18267.63
62.20 -56.56 -9999.00 -9999.00 -9999.00 294.29 17.48 0.00
0.00 19071.48
54.30 -56.96 -9999.00 -9999.00 -9999.00 285.40 13.91 0.00
0.00 19931.84
46.90 -57.26 -9999.00 -9999.00 -9999.00 278.67 11.60 0.00
0.00 20858.31
40.10 -54.96 -9999.00 -9999.00 -9999.00 267.21 7.96 0.00
0.00 21853.46
33.80 -55.06 -9999.00 -9999.00 -9999.00 304.82 5.44 0.00
0.00 22944.80
27.80 -55.06 -9999.00 -9999.00 -9999.00 270.00 1.75 0.00
0.00 24192.36
22.30 -55.26 -9999.00 -9999.00 -9999.00 219.81 9.11 0.00
0.00 25599.02
17.10 -55.06 -9999.00 -9999.00 -9999.00 242.35 4.60 0.00
0.00 27293.19
12.30 -53.76 -9999.00 -9999.00 -9999.00 240.64 3.57 0.00
0.00 29402.79

STID = KOTX STNM = 727860 TIME = 221026/2200 
SLAT = 47.70 SLON = -117.60 SELV = 661.0
STIM = 10

SHOW = 7.16 LIFT = 7.15 SWET = 54.67 KINX = 16.00
LCLP = 801.07 PWAT = 9.46 TOTL = 44.41 CAPE = 11.54
LCLT = 270.44 CINS = -2.17 EQLV = 697.53 LFCT = 785.53
BRCH = 0.70

PRES TMPC TMWC DWPC THTE DRCT SKNT OMEG
CFRL HGHT
935.40 9.54 4.91 -0.59 299.66 254.58 11.69 0.40
0.00 668.98
932.50 9.04 4.61 -0.73 299.32 254.60 13.91 0.50
0.00 694.71
927.50 8.54 4.29 -0.88 299.18 255.60 14.84 0.50
0.00 739.18
918.70 7.74 3.81 -1.01 299.15 255.26 15.27 0.40
0.00 817.86
905.80 6.54 3.08 -1.23 299.05 256.31 15.60 0.30
0.00 934.15
889.30 5.04 2.16 -1.52 298.98 257.16 15.73 0.20
0.00 1084.61
869.60 3.24 1.03 -1.86 298.92 257.86 15.70 0.00
0.00 1266.86
848.30 1.34 -0.18 -2.23 298.95 259.11 15.42 -0.20
0.00 1467.27
825.30 -0.76 -2.02 -3.88 298.02 260.29 14.98 -0.30
0.00 1687.76
799.60 -2.86 -3.99 -5.83 297.34 262.41 14.70 -0.40
24.00 1939.53
771.50 -5.16 -6.13 -7.89 296.83 269.23 14.37 -0.50
24.00 2221.87
740.80 -7.56 -8.60 -10.75 296.29 282.32 17.31 -0.50
21.00 2539.46
707.60 -9.76 -11.21 -14.80 296.09 287.60 21.19 -0.40
4.00 2894.87
671.80 -11.56 -13.71 -20.49 296.68 293.27 21.15 -0.30
0.00 3294.13
633.40 -13.86 -16.29 -25.98 297.85 291.90 20.30 -0.20
0.00 3743.09
592.30 -17.06 -19.20 -29.38 299.37 282.88 20.92 -0.20
0.00 4249.33
548.90 -20.56 -22.52 -34.66 301.11 297.24 22.07 -0.20
0.00 4816.03
506.60 -22.16 -24.38 -42.47 305.49 334.93 23.37 -0.10
0.00 5407.18
468.20 -24.56 -26.47 -42.70 309.50 355.51 27.27 0.00
0.00 5983.60
433.50 -28.86 -30.06 -40.46 311.16 2.66 33.45 0.10
0.00 6539.15
402.10 -32.66 -33.52 -42.33 312.86 1.88 41.39 0.10
0.00 7072.72
373.30 -35.56 -36.17 -43.03 315.73 354.21 53.88 0.10
0.00 7592.80
347.30 -37.96 -38.54 -46.46 318.83 354.07 65.81 0.10
0.00 8092.40
323.60 -40.06 -40.51 -47.10 322.43 355.98 80.42 0.10
0.00 8576.87
302.10 -42.86 -43.19 -48.82 324.80 357.80 90.97 0.10
0.00 9043.17
282.60 -46.06 -46.30 -51.34 326.34 353.30 99.94 0.10
3.00 9489.87
265.00 -49.56 -49.75 -55.29 327.11 356.90 104.08 0.10
5.00 9914.04
248.40 -52.36 -52.51 -58.15 328.95 2.13 114.88 0.10
2.00 10334.79
233.40 -54.36 -54.49 -60.08 331.79 2.04 130.81 0.10
1.00 10735.53
219.60 -57.86 -57.94 -62.27 332.17 1.25 133.68 0.10
16.00 11122.73
205.70 -60.86 -60.91 -64.93 333.68 5.61 127.06 0.00
0.00 11531.94
191.70 -62.56 -62.62 -68.39 337.69 9.42 97.28 0.00
0.00 11968.20
177.70 -62.46 -62.56 -73.70 345.21 358.75 71.11 0.10
0.00 12435.78
163.80 -59.56 -9999.00 -9999.00 -9999.00 347.61 60.66 0.10
0.00 12941.56
149.80 -57.36 -9999.00 -9999.00 -9999.00 339.89 46.33 0.00
0.00 13503.03
135.90 -57.56 -9999.00 -9999.00 -9999.00 328.32 39.94 0.00
0.00 14117.86
121.90 -57.26 -9999.00 -9999.00 -9999.00 325.99 38.89 -0.10
0.00 14804.41
108.00 -56.66 -9999.00 -9999.00 -9999.00 327.84 30.28 0.00
0.00 15570.57
94.00 -56.76 -9999.00 -9999.00 -9999.00 318.52 24.63 0.00
0.00 16450.16
81.00 -55.66 -9999.00 -9999.00 -9999.00 314.59 19.09 0.00
0.00 17395.35
70.60 -56.36 -9999.00 -9999.00 -9999.00 282.14 15.70 0.00
0.00 18268.79
62.20 -56.66 -9999.00 -9999.00 -9999.00 284.69 20.69 0.00
0.00 19072.08
54.30 -56.76 -9999.00 -9999.00 -9999.00 281.43 18.63 0.00
0.00 19932.64
46.90 -56.86 -9999.00 -9999.00 -9999.00 280.05 15.58 0.00
0.00 20860.40
40.10 -55.26 -9999.00 -9999.00 -9999.00 286.26 9.71 0.00
0.00 21855.78
33.80 -55.26 -9999.00 -9999.00 -9999.00 310.36 5.09 0.00
0.00 22945.87
27.80 -54.26 -9999.00 -9999.00 -9999.00 239.35 6.10 0.00
0.00 24195.14
22.30 -55.46 -9999.00 -9999.00 -9999.00 250.02 11.36 0.00
0.00 25603.74
17.10 -55.46 -9999.00 -9999.00 -9999.00 324.25 5.98 0.00
0.00 27295.58
12.30 -53.76 -9999.00 -9999.00 -9999.00 264.81 2.14 0.00
0.00 29403.25

STID = KOTX STNM = 727860 TIME = 221026/2300 
SLAT = 47.70 SLON = -117.60 SELV = 661.0
STIM = 11

SHOW = 9.13 LIFT = 9.05 SWET = 62.51 KINX = 13.55
LCLP = 792.05 PWAT = 9.09 TOTL = 40.60 CAPE = 0.00
LCLT = 269.30 CINS = 0.00 EQLV = -9999.00 LFCT = -9999.00
BRCH = 0.00

PRES TMPC TMWC DWPC THTE DRCT SKNT OMEG
CFRL HGHT
936.30 9.34 4.47 -1.58 298.59 258.87 12.08 0.40
0.00 670.73
933.60 9.04 4.26 -1.73 298.43 259.70 15.21 0.60
0.00 694.65
928.50 8.54 3.94 -1.88 298.31 259.99 16.76 0.70
0.00 739.95
919.70 7.74 3.45 -2.05 298.24 260.54 17.72 0.70
0.00 818.53
906.80 6.54 2.71 -2.28 298.14 260.84 18.30 0.80
0.00 934.68
890.30 5.04 1.78 -2.56 298.07 261.70 18.84 0.80
0.00 1084.94
870.60 3.24 0.64 -2.94 297.98 261.79 19.04 0.70
0.00 1266.95
849.20 1.34 -0.64 -3.46 297.91 263.09 19.37 0.60
0.00 1468.04
826.20 -0.76 -2.30 -4.65 297.37 264.23 19.33 0.50
0.00 1688.26
800.50 -2.96 -4.30 -6.55 296.65 265.96 19.27 0.40
0.00 1939.68
772.30 -5.26 -6.44 -8.65 296.17 270.00 18.84 0.20
1.00 2222.58
741.60 -7.46 -8.76 -11.53 295.91 278.30 18.84 0.00
0.00 2539.80
708.30 -9.86 -11.30 -14.93 295.83 280.68 20.96 -0.10
0.00 2895.90
672.50 -11.96 -13.90 -19.97 296.29 282.59 20.49 -0.20
0.00 3294.38
634.00 -14.16 -16.55 -26.27 297.37 277.91 21.17 -0.10
0.00 3743.46
592.80 -17.26 -19.49 -30.76 298.83 278.75 20.44 0.00
0.00 4249.98
549.30 -19.16 -21.65 -38.55 302.32 315.37 21.29 0.10
0.00 4818.84
506.90 -20.76 -23.11 -39.33 307.39 333.23 23.72 0.20
0.00 5414.28
468.40 -23.96 -25.77 -38.65 310.56 340.41 24.34 0.20
0.00 5994.25
433.70 -28.16 -29.33 -38.44 312.22 344.42 29.64 0.20
0.00 6551.05
402.20 -31.76 -32.53 -39.18 314.33 342.10 39.80 0.10
0.00 7087.91
373.40 -34.86 -35.45 -41.52 316.78 345.47 48.76 0.00
0.00 7609.62
347.30 -37.06 -37.47 -41.86 320.46 349.37 61.07 0.00
2.00 8112.79
323.60 -39.16 -39.50 -43.58 323.98 352.43 73.68 -0.10
10.00 8599.15
302.10 -42.06 -42.26 -44.98 326.23 349.38 88.54 -0.10
100.00 9067.19
282.60 -45.66 -45.85 -49.41 327.03 353.23 92.33 -0.10
52.00 9515.08
265.00 -48.96 -49.15 -54.31 328.02 358.63 97.53 -0.20
5.00 9940.19
248.40 -51.16 -51.31 -55.82 330.82 359.61 113.64 -0.20
5.00 10362.65
233.40 -54.36 -54.49 -60.08 331.79 358.45 122.22 -0.30
9.00 10764.48
219.60 -57.86 -57.94 -62.27 332.17 358.50 126.30 -0.30
7.00 11151.68
205.60 -60.86 -60.91 -64.93 333.72 1.77 125.54 -0.30
0.00 11563.94
191.70 -62.66 -62.72 -68.39 337.53 9.55 99.48 -0.30
0.00 11997.08
177.70 -63.66 -63.74 -73.70 343.24 1.21 73.64 -0.20
0.00 12463.22
163.80 -62.16 -9999.00 -9999.00 -9999.00 346.63 64.69 -0.10
0.00 12964.47
149.80 -60.66 -9999.00 -9999.00 -9999.00 342.63 55.96 0.00
0.00 13518.23
135.90 -59.26 -9999.00 -9999.00 -9999.00 337.55 44.77 0.00
0.00 14125.93
121.90 -57.56 -9999.00 -9999.00 -9999.00 328.25 36.56 0.00
0.00 14809.30
107.90 -56.66 -9999.00 -9999.00 -9999.00 328.49 31.22 0.00
0.00 15580.78
94.00 -56.36 -9999.00 -9999.00 -9999.00 321.67 21.29 0.00
0.00 16455.32
81.00 -55.86 -9999.00 -9999.00 -9999.00 309.81 19.72 0.00
0.00 17400.94
70.60 -55.66 -9999.00 -9999.00 -9999.00 277.06 20.55 0.00
0.00 18275.38
62.20 -57.06 -9999.00 -9999.00 -9999.00 284.26 23.66 0.00
0.00 19079.23
54.30 -57.06 -9999.00 -9999.00 -9999.00 288.80 19.29 0.00
0.00 19938.39
46.90 -57.36 -9999.00 -9999.00 -9999.00 292.80 14.53 0.00
0.00 20864.44
40.10 -56.76 -9999.00 -9999.00 -9999.00 313.99 7.83 0.00
0.00 21855.24
33.80 -56.56 -9999.00 -9999.00 -9999.00 312.51 3.17 0.00
0.00 22938.32
27.80 -55.26 -9999.00 -9999.00 -9999.00 212.97 8.57 0.00
0.00 24181.01
22.30 -56.06 -9999.00 -9999.00 -9999.00 219.81 3.03 0.00
0.00 25584.45
17.10 -53.56 -9999.00 -9999.00 -9999.00 43.36 4.82 0.00
0.00 27281.34
12.30 -51.86 -9999.00 -9999.00 -9999.00 285.07 10.47 0.00
0.00 29407.33

STID = KOTX STNM = 727860 TIME = 221027/0000 
SLAT = 47.70 SLON = -117.60 SELV = 661.0
STIM = 12

SHOW = 10.24 LIFT = 10.16 SWET = 65.71 KINX = 11.23
LCLP = 779.08 PWAT = 8.60 TOTL = 38.32 CAPE = 0.00
LCLT = 267.70 CINS = 0.00 EQLV = -9999.00 LFCT = -9999.00
BRCH = 0.00

PRES TMPC TMWC DWPC THTE DRCT SKNT OMEG
CFRL HGHT
936.90 9.04 3.87 -2.98 297.20 252.72 9.15 0.40
0.00 669.83
934.10 8.84 3.71 -3.14 297.16 252.70 12.41 0.60
0.00 694.59
929.00 8.44 3.42 -3.34 297.12 253.95 14.76 0.70
0.00 739.84
920.20 7.74 2.96 -3.55 297.13 254.51 16.72 0.80
0.00 818.34
907.30 6.64 2.25 -3.86 297.08 255.23 18.28 0.90
0.00 934.42
890.70 5.14 1.29 -4.19 297.00 256.10 19.41 0.90
0.00 1085.53
871.10 3.44 0.18 -4.61 296.98 256.63 20.16 0.90
0.00 1266.58
849.70 1.44 -1.14 -5.07 296.85 257.64 20.88 0.90
0.00 1467.61
826.60 -0.66 -2.59 -5.65 296.76 259.00 21.37 0.80
0.00 1688.71
801.00 -2.96 -4.57 -7.36 296.10 260.79 21.83 0.60
0.00 1939.02
772.70 -5.26 -6.55 -9.00 295.93 264.85 21.64 0.40
0.00 2222.74
742.00 -7.56 -8.99 -12.12 295.46 273.85 20.24 0.20
0.00 2539.72
708.70 -10.16 -11.56 -15.14 295.36 279.91 20.32 0.10
0.00 2895.34
672.80 -11.96 -14.21 -21.78 295.73 282.47 20.69 0.10
0.00 3294.48
634.30 -14.26 -16.88 -28.65 296.77 277.48 19.39 0.10
0.00 3743.22
593.10 -16.96 -19.43 -32.82 298.85 293.11 17.33 0.10
0.00 4249.65
549.50 -18.56 -21.16 -38.16 303.03 317.55 21.58 0.20
0.00 4820.57
507.00 -20.36 -22.62 -36.31 308.17 318.60 24.09 0.20
0.00 5418.44
468.50 -23.76 -25.36 -35.22 311.21 319.71 23.43 0.20
0.00 5999.02
433.80 -27.86 -28.82 -35.28 313.00 324.14 28.52 0.00
0.00 6556.30
402.30 -31.16 -31.72 -35.81 315.55 332.90 37.10 -0.10
0.00 7094.07
373.50 -33.86 -34.26 -37.48 318.58 341.18 45.77 -0.10
46.00 7617.43
347.40 -36.06 -36.40 -39.45 322.08 348.34 56.72 -0.10
86.00 8122.61
323.70 -38.26 -38.53 -41.26 325.45 347.39 72.07 0.00
100.00 8610.82
302.10 -41.26 -41.53 -44.98 327.36 351.97 79.25 0.10
81.00 9082.68
282.60 -44.56 -44.87 -50.65 328.53 358.98 87.63 0.20
2.00 9532.43
265.00 -47.16 -47.44 -54.31 330.66 359.25 104.31 0.20
0.00 9960.27
248.40 -50.56 -50.76 -56.91 331.68 357.38 110.45 0.20
0.00 10384.99
233.40 -53.96 -54.10 -60.08 332.39 355.74 114.92 0.20
0.00 10787.74
219.60 -57.36 -57.45 -62.27 332.94 354.69 119.58 0.20
2.00 11175.74
205.70 -60.76 -60.82 -64.93 333.83 355.97 121.50 0.10
0.00 11585.53
191.70 -63.46 -63.48 -65.45 336.29 359.09 110.35 0.10
0.00 12020.96
177.70 -65.06 -65.10 -68.92 340.99 0.81 82.17 0.00
0.00 12484.66
163.80 -64.46 -64.54 -74.24 349.98 344.25 70.84 0.00
0.00 12981.51
149.80 -62.16 -9999.00 -9999.00 -9999.00 345.75 62.33 0.00
0.00 13530.29
135.90 -60.56 -9999.00 -9999.00 -9999.00 345.34 42.97 0.00
0.00 14134.00
121.90 -58.46 -9999.00 -9999.00 -9999.00 330.29 38.01 0.10
0.00 14813.87
108.00 -56.16 -9999.00 -9999.00 -9999.00 327.74 32.38 0.00
0.00 15578.79
94.00 -55.46 -9999.00 -9999.00 -9999.00 320.91 20.03 0.00
0.00 16462.04
81.00 -56.66 -9999.00 -9999.00 -9999.00 304.20 24.18 0.00
0.00 17407.89
70.60 -56.56 -9999.00 -9999.00 -9999.00 295.17 21.46 0.00
0.00 18278.91
62.20 -57.36 -9999.00 -9999.00 -9999.00 297.12 17.89 0.00
0.00 19080.53
54.30 -56.46 -9999.00 -9999.00 -9999.00 296.94 13.29 0.00
0.00 19940.29
46.90 -56.46 -9999.00 -9999.00 -9999.00 298.37 11.03 0.00
0.00 20869.56
40.10 -56.96 -9999.00 -9999.00 -9999.00 332.18 7.91 0.00
0.00 21861.96
33.80 -55.86 -9999.00 -9999.00 -9999.00 294.44 4.70 0.00
0.00 22946.29
27.80 -54.66 -9999.00 -9999.00 -9999.00 233.88 8.90 0.00
0.00 24192.70
22.30 -55.56 -9999.00 -9999.00 -9999.00 300.96 4.53 0.00
0.00 25599.69
17.10 -54.26 -9999.00 -9999.00 -9999.00 325.30 3.07 0.00
0.00 27295.80
12.30 -52.96 -9999.00 -9999.00 -9999.00 338.75 3.75 0.00
0.00 29413.12

STID = KOTX STNM = 727860 TIME = 221027/0100 
SLAT = 47.70 SLON = -117.60 SELV = 661.0
STIM = 13

SHOW = 10.26 LIFT = 10.26 SWET = 72.17 KINX = 7.71
LCLP = 800.16 PWAT = 8.82 TOTL = 38.14 CAPE = 0.00
LCLT = 268.33 CINS = 0.00 EQLV = -9999.00 LFCT = -9999.00
BRCH = 0.00

PRES TMPC TMWC DWPC THTE DRCT SKNT OMEG
CFRL HGHT
936.70 7.54 3.17 -2.70 295.82 228.50 6.74 0.30
0.00 669.78
933.90 7.84 3.27 -2.86 296.31 230.57 11.32 0.50
0.00 694.44
928.80 7.94 3.23 -3.10 296.77 233.58 14.72 0.60
0.00 739.58
920.00 7.64 2.91 -3.55 297.05 237.99 18.32 0.70
0.00 818.02
907.10 6.74 2.21 -4.16 297.01 241.48 20.34 0.70
0.00 934.12
890.50 5.34 1.25 -4.67 296.92 244.83 21.46 0.60
0.00 1085.34
870.90 3.54 0.08 -5.09 296.80 247.54 21.85 0.60
0.00 1266.51
849.50 1.64 -1.17 -5.51 296.80 250.45 22.05 0.50
0.00 1467.68
826.40 -0.46 -2.58 -5.96 296.80 253.30 22.30 0.40
0.00 1688.99
800.80 -2.86 -4.31 -6.77 296.59 255.84 22.24 0.40
0.00 1939.50
772.60 -5.36 -6.57 -8.85 295.91 260.11 21.48 0.20
0.00 2222.29
741.80 -7.86 -9.15 -12.00 295.21 268.36 20.40 0.10
0.00 2540.13
708.50 -9.86 -11.98 -18.04 294.66 281.52 20.42 -0.10
0.00 2895.82
672.70 -11.36 -14.23 -25.02 295.66 290.70 18.69 -0.10
0.00 3294.53
634.20 -13.56 -16.42 -29.23 297.49 295.69 17.04 0.00
0.00 3744.43
593.00 -15.86 -18.76 -35.35 299.85 309.09 20.03 0.20
0.00 4252.70
549.50 -17.76 -20.12 -31.98 304.73 310.36 25.49 0.30
0.00 4824.49
507.00 -20.36 -22.02 -29.80 309.18 305.12 28.03 0.20
0.00 5423.40
468.50 -23.86 -24.91 -30.15 311.96 304.67 28.34 0.10
0.00 6003.96
433.80 -27.36 -27.86 -30.50 314.52 318.28 31.24 -0.10
16.00 6561.78
402.20 -30.16 -30.54 -32.89 317.39 329.70 37.35 -0.20
100.00 7103.05
373.50 -32.86 -33.18 -35.50 320.23 339.44 43.14 -0.30
100.00 7626.86
347.40 -35.36 -35.53 -36.84 323.42 341.82 56.02 -0.40
100.00 8133.88
323.60 -37.86 -38.01 -39.36 326.29 348.99 66.10 -0.40
100.00 8625.39
302.10 -40.96 -41.23 -44.59 327.82 357.99 72.11 -0.30
68.00 9095.86
282.60 -44.06 -44.38 -50.01 329.29 1.96 85.33 -0.10
2.00 9546.39
265.00 -47.16 -47.40 -52.63 330.74 0.57 97.51 -0.10
2.00 9974.70
248.40 -50.46 -50.64 -55.82 331.87 357.88 104.97 0.00
2.00 10399.53
233.40 -53.56 -53.72 -60.08 333.00 354.06 110.74 0.00
1.00 10802.73
219.60 -56.66 -56.77 -62.27 334.02 352.34 117.99 0.10
4.00 11191.72
205.70 -60.16 -60.23 -64.93 334.78 352.38 120.14 0.10
66.00 11602.75
191.70 -63.26 -63.29 -65.45 336.62 352.99 112.94 0.00
0.00 12039.01
177.70 -65.56 -65.59 -68.92 340.17 354.20 98.02 0.00
0.00 12502.38
163.80 -67.16 -67.18 -69.50 345.50 351.69 80.69 0.10
0.00 12995.40
149.80 -64.76 -64.84 -74.84 358.52 344.67 64.65 0.10
0.00 13537.26
135.90 -58.86 -9999.00 -9999.00 -9999.00 342.43 36.67 0.10
0.00 14139.69
121.90 -58.76 -9999.00 -9999.00 -9999.00 330.52 35.92 0.00
0.00 14821.79
108.00 -56.96 -9999.00 -9999.00 -9999.00 324.72 34.98 0.00
0.00 15584.75
94.00 -56.16 -9999.00 -9999.00 -9999.00 318.01 23.52 -0.10
0.00 16464.96
81.00 -58.26 -9999.00 -9999.00 -9999.00 307.53 20.09 0.00
0.00 17405.80
70.60 -57.66 -9999.00 -9999.00 -9999.00 305.67 20.32 0.00
0.00 18271.39
62.20 -56.16 -9999.00 -9999.00 -9999.00 300.30 17.33 0.00
0.00 19073.19
54.30 -55.86 -9999.00 -9999.00 -9999.00 299.86 12.10 0.00
0.00 19936.53
46.90 -56.46 -9999.00 -9999.00 -9999.00 300.74 8.35 0.00
0.00 20867.09
40.10 -57.16 -9999.00 -9999.00 -9999.00 337.89 6.70 0.00
0.00 21859.03
33.80 -55.06 -9999.00 -9999.00 -9999.00 261.47 3.92 0.00
0.00 22944.87
27.80 -54.56 -9999.00 -9999.00 -9999.00 230.91 8.00 0.00
0.00 24193.85
22.30 -54.66 -9999.00 -9999.00 -9999.00 280.49 5.34 0.00
0.00 25604.06
17.10 -53.06 -9999.00 -9999.00 -9999.00 248.20 4.18 0.00
0.00 27308.33
12.30 -52.96 -9999.00 -9999.00 -9999.00 291.04 2.70 0.00
0.00 29431.43

STID = KOTX STNM = 727860 TIME = 221027/0200 
SLAT = 47.70 SLON = -117.60 SELV = 661.0
STIM = 14

SHOW = 10.83 LIFT = 10.87 SWET = 202.44 KINX = 3.85
LCLP = 815.20 PWAT = 8.94 TOTL = 36.78 CAPE = 0.00
LCLT = 268.63 CINS = 0.00 EQLV = -9999.00 LFCT = -9999.00
BRCH = 0.00

PRES TMPC TMWC DWPC THTE DRCT SKNT OMEG
CFRL HGHT
937.70 6.44 2.61 -2.64 294.59 222.27 8.66 0.30
0.00 670.61
935.00 6.84 2.75 -2.84 295.15 223.90 14.30 0.50
0.00 694.28
929.90 7.14 2.78 -3.20 295.74 226.31 18.01 0.70
0.00 739.22
921.00 7.44 2.61 -4.18 296.32 232.43 22.30 0.70
0.00 818.31
908.10 6.74 1.93 -5.08 296.32 238.09 24.26 0.60
0.00 934.23
891.60 5.44 0.97 -5.78 296.22 243.84 24.67 0.40
0.00 1084.37
871.90 3.74 -0.18 -6.31 296.15 247.10 24.46 0.20
0.00 1266.32
850.50 1.84 -1.46 -6.82 296.10 249.23 24.11 0.10
0.00 1467.37
827.40 -0.36 -2.94 -7.28 295.99 250.82 23.66 0.10
0.00 1688.49
801.70 -2.76 -4.59 -7.83 295.96 251.57 23.35 0.10
0.00 1939.75
773.40 -5.46 -6.72 -9.14 295.54 252.17 23.47 0.20
0.00 2223.21
742.60 -7.86 -9.53 -13.45 294.45 258.79 22.98 0.10
0.00 2540.63
709.30 -9.56 -12.29 -21.06 294.01 278.13 19.23 0.00
0.00 2896.06
673.30 -11.16 -14.05 -24.71 295.87 295.31 15.91 0.10
0.00 3296.95
634.80 -13.16 -16.19 -30.04 297.74 304.06 16.65 0.20
0.00 3746.95
593.50 -15.36 -17.85 -28.81 301.28 306.98 20.67 0.40
0.00 4256.91
549.90 -17.56 -18.98 -24.16 306.55 303.35 27.21 0.40
0.00 4830.49
507.30 -20.36 -21.30 -24.84 310.33 301.23 28.85 0.30
0.00 5430.81
468.70 -23.36 -24.03 -26.86 313.34 309.76 28.55 0.20
8.00 6013.27
433.90 -25.86 -26.48 -29.49 316.66 324.87 32.07 0.10
68.00 6574.82
402.40 -28.56 -29.07 -31.90 319.65 331.28 39.20 0.00
63.00 7117.63
373.60 -31.26 -31.64 -33.99 322.62 332.10 52.31 -0.10
100.00 7646.57
347.40 -34.26 -34.52 -36.43 324.99 341.32 56.39 -0.10
100.00 8158.35
323.70 -37.26 -37.47 -39.36 327.10 352.78 60.31 -0.10
100.00 8649.48
302.20 -40.66 -40.98 -44.98 328.18 0.33 67.79 -0.10
42.00 9120.70
282.70 -43.96 -44.24 -48.84 329.48 2.47 81.27 -0.10
10.00 9571.47
265.00 -47.16 -47.37 -51.89 330.78 0.72 92.66 -0.10
12.00 10002.24
248.40 -50.46 -50.59 -53.98 331.95 356.72 98.45 -0.10
100.00 10427.07
233.40 -53.46 -53.54 -56.33 333.27 352.77 103.38 -0.10
100.00 10830.37
219.60 -56.56 -56.62 -59.12 334.26 350.34 108.76 -0.10
100.00 11219.54
205.60 -59.96 -60.01 -62.77 335.18 349.40 113.03 0.00
98.00 11633.92
191.70 -63.56 -63.61 -68.39 336.09 349.55 113.58 0.00
0.00 12067.07
177.70 -67.06 -67.08 -68.92 337.72 351.68 106.00 0.00
0.00 12528.43
163.80 -67.96 -67.97 -69.50 344.16 354.57 82.15 0.10
0.00 13018.72
149.80 -64.86 -64.94 -74.84 358.34 348.51 60.45 0.10
0.00 13559.40
135.90 -58.26 -9999.00 -9999.00 -9999.00 336.42 41.76 0.00
0.00 14162.54
121.90 -58.36 -9999.00 -9999.00 -9999.00 328.50 35.31 -0.10
0.00 14846.24
108.00 -58.46 -9999.00 -9999.00 -9999.00 332.14 34.50 0.00
0.00 15607.25
94.00 -57.36 -9999.00 -9999.00 -9999.00 328.95 23.35 0.00
0.00 16481.97
81.00 -57.56 -9999.00 -9999.00 -9999.00 310.48 19.15 0.00
0.00 17421.71
70.60 -58.06 -9999.00 -9999.00 -9999.00 301.84 21.72 0.00
0.00 18287.91
62.20 -57.66 -9999.00 -9999.00 -9999.00 300.52 21.43 0.00
0.00 19086.19
54.30 -57.16 -9999.00 -9999.00 -9999.00 305.91 6.95 0.00
0.00 19943.97
46.90 -58.06 -9999.00 -9999.00 -9999.00 274.76 2.33 0.00
0.00 20868.30
40.10 -57.66 -9999.00 -9999.00 -9999.00 333.43 3.90 0.00
0.00 21855.43
33.80 -54.46 -9999.00 -9999.00 -9999.00 262.41 5.89 0.00
0.00 22941.52
27.80 -55.06 -9999.00 -9999.00 -9999.00 260.91 9.83 0.00
0.00 24190.79
22.30 -55.36 -9999.00 -9999.00 -9999.00 278.97 7.48 0.00
0.00 25597.12
17.10 -53.26 -9999.00 -9999.00 -9999.00 204.44 7.03 0.00
0.00 27297.90
12.30 -53.16 -9999.00 -9999.00 -9999.00 235.78 5.87 0.00
0.00 29419.08

STID = KOTX STNM = 727860 TIME = 221027/0300 
SLAT = 47.70 SLON = -117.60 SELV = 661.0
STIM = 15

SHOW = 12.04 LIFT = 12.06 SWET = 72.67 KINX = 0.36
LCLP = 822.64 PWAT = 8.85 TOTL = 34.19 CAPE = 0.00
LCLT = 268.63 CINS = 0.00 EQLV = -9999.00 LFCT = -9999.00
BRCH = 0.00

PRES TMPC TMWC DWPC THTE DRCT SKNT OMEG
CFRL HGHT
938.00 5.74 2.19 -2.76 293.74 225.91 8.66 0.30
0.00 670.59
935.20 5.94 2.24 -2.92 294.12 227.83 13.89 0.50
0.00 695.05
930.20 6.04 2.19 -3.20 294.54 230.44 17.39 0.50
0.00 738.94
921.30 6.04 1.88 -4.13 294.83 239.89 22.46 0.40
0.00 817.66
908.40 5.54 1.20 -5.35 294.85 250.71 24.69 0.20
0.00 933.00
891.80 4.54 0.20 -6.75 294.67 259.70 23.89 -0.10
0.00 1083.43
872.20 3.14 -1.03 -8.13 294.46 262.08 22.55 -0.20
0.00 1263.88
850.80 1.44 -2.26 -8.83 294.53 258.21 22.82 0.00
0.00 1464.45
827.70 -0.46 -3.48 -8.96 294.92 253.17 24.15 0.10
0.00 1685.25
802.00 -2.76 -5.05 -9.36 295.08 249.75 25.25 0.20
0.00 1936.31
773.70 -5.26 -7.23 -11.36 294.59 251.57 25.80 0.10
0.00 2219.71
742.90 -7.36 -10.17 -18.04 293.28 265.67 23.17 -0.10
0.00 2537.32
709.50 -9.26 -12.19 -21.76 294.14 287.46 18.12 -0.10
0.00 2894.17
673.60 -10.86 -13.90 -25.30 296.05 298.87 17.31 0.00
0.00 3294.25
635.00 -13.06 -15.80 -26.89 298.37 303.02 18.53 0.10
0.00 3745.60
593.70 -15.56 -17.06 -22.11 302.59 303.42 22.57 0.20
0.00 4255.41
550.00 -17.96 -18.72 -21.16 307.00 304.85 26.52 0.20
0.00 4829.62
507.40 -20.36 -21.04 -23.48 310.73 305.63 27.00 0.10
13.00 5429.43
468.80 -22.86 -23.52 -26.16 314.14 312.36 26.81 0.00
12.00 6012.39
434.00 -25.46 -25.93 -28.05 317.52 321.51 31.53 -0.20
96.00 6574.86
402.40 -27.86 -28.12 -29.36 321.18 328.14 40.48 -0.30
100.00 7120.59
373.60 -29.86 -30.12 -31.48 325.05 337.57 49.38 -0.40
100.00 7651.87
347.40 -32.96 -33.29 -35.45 326.94 346.27 53.19 -0.30
100.00 8166.56
323.70 -36.56 -36.99 -40.97 327.85 357.45 56.78 -0.20
63.00 8659.75
302.20 -39.96 -40.41 -46.25 329.05 2.18 71.54 -0.20
0.00 9132.37
282.70 -43.56 -43.84 -48.30 330.09 0.81 82.56 -0.20
4.00 9584.21
265.00 -46.86 -47.06 -51.21 331.26 355.88 89.20 -0.20
46.00 10015.65
248.40 -50.26 -50.40 -53.98 332.25 352.02 93.76 -0.20
100.00 10440.95
233.40 -53.46 -53.54 -56.33 333.27 349.71 96.74 -0.20
100.00 10844.43
219.60 -56.46 -56.55 -60.55 334.37 347.63 100.62 -0.10
98.00 11233.69
205.60 -59.76 -59.81 -62.77 335.50 346.86 105.13 -0.10
96.00 11648.36
191.70 -63.56 -63.61 -68.39 336.09 346.65 110.20 -0.10
0.00 12081.71
177.70 -67.06 -67.08 -68.92 337.72 348.85 109.48 0.00
0.00 12543.08
163.80 -68.46 -68.47 -69.50 343.32 352.48 87.59 0.00
0.00 13032.77
149.80 -65.86 -65.93 -74.84 356.62 346.99 63.00 0.00
0.00 13571.49
135.90 -60.56 -9999.00 -9999.00 -9999.00 336.13 49.92 0.10
0.00 14169.93
121.90 -58.66 -9999.00 -9999.00 -9999.00 332.74 35.63 0.00
0.00 14849.48
108.00 -58.86 -9999.00 -9999.00 -9999.00 336.07 30.17 0.00
0.00 15609.26
94.00 -57.86 -9999.00 -9999.00 -9999.00 328.47 20.05 0.00
0.00 16482.15
81.00 -57.36 -9999.00 -9999.00 -9999.00 304.59 20.53 0.00
0.00 17421.24
70.60 -57.86 -9999.00 -9999.00 -9999.00 299.98 17.48 0.00
0.00 18288.24
62.20 -57.76 -9999.00 -9999.00 -9999.00 295.67 16.59 0.00
0.00 19086.71
54.30 -56.66 -9999.00 -9999.00 -9999.00 253.61 3.44 0.00
0.00 19945.28
46.90 -58.06 -9999.00 -9999.00 -9999.00 243.43 4.78 0.00
0.00 20870.68
40.10 -56.96 -9999.00 -9999.00 -9999.00 294.44 4.70 0.00
0.00 21859.42
33.80 -54.46 -9999.00 -9999.00 -9999.00 272.05 5.44 0.00
0.00 22947.25
27.80 -55.56 -9999.00 -9999.00 -9999.00 287.45 7.13 0.00
0.00 24195.09
22.30 -55.36 -9999.00 -9999.00 -9999.00 298.61 7.30 0.00
0.00 25599.81
17.10 -53.86 -9999.00 -9999.00 -9999.00 222.14 5.50 0.00
0.00 27298.26
12.30 -53.66 -9999.00 -9999.00 -9999.00 232.13 6.64 0.00
0.00 29414.13

STID = KOTX STNM = 727860 TIME = 221027/0400 
SLAT = 47.70 SLON = -117.60 SELV = 661.0
STIM = 16

SHOW = 12.97 LIFT = 12.94 SWET = 78.77 KINX = -0.66
LCLP = 826.37 PWAT = 8.77 TOTL = 31.63 CAPE = 0.00
LCLT = 268.56 CINS = 0.00 EQLV = -9999.00 LFCT = -9999.00
BRCH = 0.00

PRES TMPC TMWC DWPC THTE DRCT SKNT OMEG
CFRL HGHT
938.30 5.34 1.93 -2.88 293.20 225.00 8.24 0.30
0.00 670.57
935.50 5.44 1.92 -3.08 293.45 230.53 12.84 0.40
0.00 694.98
930.40 5.34 1.76 -3.36 293.67 234.13 15.58 0.50
0.00 739.64
921.60 5.24 1.38 -4.30 293.84 249.08 21.21 0.40
0.00 817.24
908.70 4.74 0.74 -5.39 293.94 259.70 23.89 0.30
0.00 932.21
892.10 4.04 -0.24 -7.31 293.80 262.88 23.48 0.20
0.00 1082.24
872.40 2.94 -1.57 -9.85 293.37 258.23 23.82 0.10
0.00 1263.31
851.00 1.44 -2.82 -11.10 293.43 253.76 25.70 0.10
0.00 1463.72
827.90 -0.36 -4.06 -11.45 293.80 251.43 26.85 0.00
0.00 1684.45
802.20 -2.56 -5.80 -12.77 293.67 252.74 26.85 -0.10
0.00 1935.51
774.00 -4.66 -7.96 -16.29 293.22 262.19 24.32 -0.30
0.00 2218.13
743.20 -6.66 -9.95 -19.53 293.57 278.29 20.22 -0.30
0.00 2536.32
709.80 -8.46 -11.45 -20.60 295.30 288.81 18.67 -0.30
0.00 2894.02
673.80 -10.66 -13.12 -20.77 297.36 296.57 18.69 -0.20
0.00 3295.88
635.20 -12.96 -14.64 -19.68 300.32 301.46 19.35 -0.20
0.00 3747.49
593.80 -15.36 -16.36 -19.33 303.74 307.25 23.43 -0.10
0.00 4258.85
550.10 -17.96 -18.75 -21.34 306.92 308.13 26.42 -0.10
2.00 4833.23
507.50 -20.26 -21.02 -23.78 310.74 307.95 26.85 -0.20
5.00 5433.04
468.90 -22.56 -23.14 -25.39 314.73 309.32 29.12 -0.40
25.00 6016.34
434.10 -24.86 -25.17 -26.45 318.73 319.22 33.61 -0.50
100.00 6579.75
402.50 -26.46 -26.84 -28.50 323.23 335.96 41.47 -0.60
100.00 7127.59
373.60 -28.66 -29.13 -31.48 326.66 339.25 53.19 -0.60
91.00 7663.49
347.50 -32.26 -32.77 -36.22 327.73 343.70 56.06 -0.50
63.00 8178.16
323.70 -36.36 -36.86 -41.56 328.05 352.25 57.63 -0.40
1.00 8674.29
302.20 -40.36 -40.68 -44.59 328.64 357.31 66.12 -0.30
13.00 9146.71
282.70 -43.96 -44.16 -47.31 329.59 356.45 75.31 -0.30
100.00 9597.77
265.00 -47.06 -47.20 -49.97 331.04 353.04 84.93 -0.30
100.00 10028.65
248.40 -50.46 -50.59 -53.98 331.95 351.40 89.59 -0.20
100.00 10453.57
233.40 -53.76 -53.86 -57.41 332.78 348.39 94.60 -0.20
100.00 10856.60
219.60 -56.76 -56.84 -60.55 333.91 345.00 98.33 -0.20
100.00 11245.32
205.70 -60.26 -60.30 -62.77 334.66 343.50 99.88 -0.20
100.00 11656.16
191.70 -63.76 -63.78 -65.45 335.81 344.33 100.68 -0.10
0.00 12091.81
177.70 -67.86 -67.87 -68.92 336.41 344.46 104.43 0.00
0.00 12552.06
163.80 -68.26 -68.30 -74.24 343.61 348.57 91.16 0.10
0.00 13041.04
149.80 -66.26 -66.32 -74.84 355.93 347.16 62.96 0.10
0.00 13579.50
135.90 -61.76 -9999.00 -9999.00 -9999.00 336.33 49.84 0.10
0.00 14175.65
121.90 -58.96 -9999.00 -9999.00 -9999.00 330.49 40.62 0.00
0.00 14852.82
108.00 -58.56 -9999.00 -9999.00 -9999.00 332.19 27.89 0.00
0.00 15612.59
94.00 -58.96 -9999.00 -9999.00 -9999.00 326.13 17.07 0.00
0.00 16483.86
81.00 -58.16 -9999.00 -9999.00 -9999.00 296.57 20.42 0.00
0.00 17418.81
70.60 -57.66 -9999.00 -9999.00 -9999.00 304.01 19.44 0.00
0.00 18284.60
62.20 -57.86 -9999.00 -9999.00 -9999.00 299.56 14.96 0.00
0.00 19083.26
54.30 -56.66 -9999.00 -9999.00 -9999.00 245.77 4.25 0.00
0.00 19941.63
46.90 -57.66 -9999.00 -9999.00 -9999.00 244.18 6.68 0.00
0.00 20867.89
40.10 -55.76 -9999.00 -9999.00 -9999.00 262.88 6.25 0.00
0.00 21860.30
33.80 -54.26 -9999.00 -9999.00 -9999.00 265.91 5.46 0.00
0.00 22951.64
27.80 -55.46 -9999.00 -9999.00 -9999.00 320.91 8.00 0.00
0.00 24200.33
22.30 -55.56 -9999.00 -9999.00 -9999.00 325.01 7.11 0.00
0.00 25604.73
17.10 -53.96 -9999.00 -9999.00 -9999.00 240.95 2.00 0.00
0.00 27302.02
12.30 -53.26 -9999.00 -9999.00 -9999.00 276.01 7.42 0.00
0.00 29419.33

STID = KOTX STNM = 727860 TIME = 221027/0500 
SLAT = 47.70 SLON = -117.60 SELV = 661.0
STIM = 17

SHOW = 12.63 LIFT = 12.75 SWET = 73.60 KINX = 4.95
LCLP = 829.09 PWAT = 9.74 TOTL = 32.95 CAPE = 0.00
LCLT = 268.49 CINS = 0.00 EQLV = -9999.00 LFCT = -9999.00
BRCH = 0.00

PRES TMPC TMWC DWPC THTE DRCT SKNT OMEG
CFRL HGHT
938.70 5.04 1.73 -2.99 292.77 225.97 8.10 0.30
0.00 670.56
935.90 5.04 1.68 -3.12 292.96 230.65 12.57 0.40
0.00 694.93
930.80 4.94 1.53 -3.40 293.18 234.29 15.31 0.50
0.00 739.50
922.00 4.84 1.22 -4.12 293.49 250.38 20.82 0.40
0.00 816.96
909.00 4.44 0.69 -5.02 293.81 261.94 23.54 0.30
0.00 932.64
892.50 3.94 -0.04 -6.39 294.16 266.93 21.79 0.10
0.00 1081.60
872.80 2.84 -1.14 -7.91 294.19 263.01 20.75 0.00
0.00 1262.55
851.40 1.24 -2.55 -9.50 293.91 258.11 22.63 0.00
0.00 1462.80
828.30 -0.46 -4.01 -10.99 293.86 256.84 24.73 0.00
0.00 1683.32
802.50 -2.36 -5.72 -12.98 293.77 259.81 25.27 -0.10
0.00 1935.31
774.30 -4.26 -7.65 -16.03 293.71 268.12 23.72 -0.20
0.00 2218.14
743.40 -6.16 -9.38 -18.12 294.52 282.24 21.08 -0.30
0.00 2537.80
710.00 -8.36 -10.56 -16.17 296.82 290.62 19.31 -0.20
0.00 2895.88
674.00 -10.26 -11.93 -16.18 299.35 298.89 19.31 0.00
0.00 3298.13
635.30 -12.76 -13.85 -16.74 301.62 305.12 21.62 0.20
0.00 3751.44
594.00 -15.66 -16.35 -18.36 303.72 304.55 25.00 0.30
2.00 4261.41
550.20 -18.16 -18.83 -20.98 306.79 300.47 26.83 0.30
8.00 4836.43
507.60 -20.26 -20.87 -23.00 310.98 298.52 28.07 0.20
26.00 5435.91
469.00 -22.56 -22.88 -24.07 315.14 306.09 28.36 -0.10
100.00 6019.13
434.10 -24.16 -24.44 -25.52 319.93 326.77 33.66 -0.30
100.00 6584.92
402.50 -25.26 -25.69 -27.38 325.15 337.47 45.63 -0.40
100.00 7134.90
373.60 -27.76 -28.41 -31.62 327.83 340.88 51.61 -0.40
31.00 7673.11
347.50 -31.96 -32.61 -37.05 327.99 345.85 49.28 -0.20
4.00 8189.04
323.70 -36.36 -36.83 -41.26 328.09 351.72 53.98 -0.10
3.00 8685.47
302.20 -39.76 -40.13 -44.59 329.49 353.44 68.05 -0.10
4.00 9158.50
282.70 -43.36 -43.58 -46.85 330.50 351.38 77.80 -0.10
89.00 9610.74
265.00 -46.96 -47.13 -50.57 331.15 349.87 87.22 -0.10
100.00 10042.27
248.40 -50.46 -50.59 -53.98 331.95 347.47 93.12 -0.10
100.00 10467.29
233.40 -53.86 -53.96 -57.41 332.63 345.60 96.87 -0.10
100.00 10870.23
219.60 -57.06 -57.13 -60.55 333.45 345.02 97.73 0.00
100.00 11258.59
205.60 -60.56 -60.59 -62.77 334.24 343.82 98.29 0.00
100.00 11671.91
191.70 -63.96 -63.98 -65.45 335.49 342.78 95.78 0.10
0.00 12104.04
177.70 -67.96 -67.97 -68.92 336.24 342.11 97.36 0.10
0.00 12563.96
163.80 -69.26 -69.29 -74.24 341.93 342.38 91.10 0.20
0.00 13051.62
149.80 -66.46 -66.52 -74.84 355.59 344.08 60.20 0.10
0.00 13588.51
135.90 -63.16 -9999.00 -9999.00 -9999.00 333.71 53.94 0.10
0.00 14182.39
121.90 -60.36 -9999.00 -9999.00 -9999.00 334.26 42.06 0.00
0.00 14855.10
108.00 -58.36 -9999.00 -9999.00 -9999.00 331.11 25.74 -0.10
0.00 15612.75
94.00 -59.66 -9999.00 -9999.00 -9999.00 311.42 13.21 -0.10
0.00 16483.00
81.00 -58.56 -9999.00 -9999.00 -9999.00 295.84 20.51 0.00
0.00 17415.56
70.60 -58.26 -9999.00 -9999.00 -9999.00 307.96 22.42 0.00
0.00 18279.34
62.20 -56.86 -9999.00 -9999.00 -9999.00 311.19 12.39 0.00
0.00 19078.74
54.30 -56.36 -9999.00 -9999.00 -9999.00 258.02 6.55 0.00
0.00 19939.69
46.90 -57.16 -9999.00 -9999.00 -9999.00 257.69 10.94 0.00
0.00 20867.67
40.10 -55.76 -9999.00 -9999.00 -9999.00 276.01 7.42 0.00
0.00 21861.21
33.80 -54.96 -9999.00 -9999.00 -9999.00 239.74 2.70 0.00
0.00 22950.80
27.80 -55.06 -9999.00 -9999.00 -9999.00 341.57 4.91 0.00
0.00 24198.64
22.30 -55.26 -9999.00 -9999.00 -9999.00 330.26 4.70 0.00
0.00 25605.30
17.10 -54.76 -9999.00 -9999.00 -9999.00 225.00 1.11 0.00
0.00 27300.64
12.30 -53.46 -9999.00 -9999.00 -9999.00 273.81 5.85 0.00
0.00 29413.13

STID = KOTX STNM = 727860 TIME = 221027/0600 
SLAT = 47.70 SLON = -117.60 SELV = 661.0
STIM = 18

SHOW = 12.90 LIFT = 13.20 SWET = 73.20 KINX = 9.22
LCLP = 839.36 PWAT = 10.98 TOTL = 32.71 CAPE = 0.00
LCLT = 269.09 CINS = 0.00 EQLV = -9999.00 LFCT = -9999.00
BRCH = 0.00

PRES TMPC TMWC DWPC THTE DRCT SKNT OMEG
CFRL HGHT
939.40 4.74 1.72 -2.54 292.68 221.99 7.85 0.30
0.00 670.54
936.60 4.74 1.67 -2.66 292.88 224.36 12.22 0.40
0.00 694.87
931.50 4.64 1.53 -2.89 293.13 228.24 14.59 0.50
0.00 739.37
922.70 4.64 1.28 -3.60 293.54 244.71 19.54 0.40
0.00 816.70
909.70 4.34 0.85 -4.34 294.06 260.46 22.26 0.30
0.00 932.24
893.20 3.84 0.11 -5.71 294.38 267.42 21.58 0.10
0.00 1081.04
873.40 2.74 -0.98 -7.12 294.45 265.28 21.25 0.00
0.00 1262.73
852.00 1.24 -2.26 -8.38 294.42 260.38 23.25 -0.10
0.00 1462.82
828.90 -0.46 -3.67 -9.67 294.42 259.13 24.73 -0.20
0.00 1683.22
803.10 -2.36 -5.34 -11.38 294.40 261.25 25.54 -0.30
0.00 1935.05
774.80 -4.16 -7.13 -13.84 294.58 270.46 24.28 -0.50
0.00 2218.78
743.90 -6.16 -8.35 -13.23 296.29 285.39 21.97 -0.50
0.00 2538.38
710.50 -8.06 -9.27 -11.83 299.01 293.48 20.96 -0.40
0.00 2896.55
674.40 -10.36 -11.16 -12.94 300.63 300.18 22.03 -0.20
0.00 3299.95
635.70 -13.06 -13.57 -14.82 302.06 301.21 23.62 0.00
12.00 3752.75
594.20 -15.76 -16.24 -17.61 303.87 298.54 25.21 0.20
36.00 4264.60
550.40 -17.96 -18.60 -20.63 307.12 293.31 26.01 0.30
13.00 4839.55
507.80 -19.66 -20.30 -22.43 311.88 298.68 25.91 0.20
16.00 5439.77
469.10 -21.66 -21.98 -23.06 316.61 319.44 30.17 0.00
100.00 6026.10
434.20 -22.66 -23.07 -24.47 322.21 334.29 40.75 -0.20
100.00 6594.52
402.60 -23.96 -24.73 -27.70 326.73 335.21 47.71 -0.30
68.00 7147.48
373.70 -27.36 -28.30 -33.14 327.98 338.42 45.96 -0.20
0.00 7687.38
347.50 -31.86 -32.70 -38.93 327.83 345.73 45.71 -0.10
0.00 8205.72
323.80 -35.96 -36.46 -40.96 328.65 353.27 56.33 0.00
0.00 8700.50
302.20 -39.66 -39.95 -43.16 329.78 352.33 65.46 0.00
81.00 9176.17
282.70 -43.36 -43.56 -46.41 330.53 347.33 75.25 0.00
100.00 9628.51
265.00 -47.06 -47.20 -49.97 331.04 342.53 84.11 0.00
100.00 10059.95
248.40 -50.56 -50.66 -53.18 331.84 341.13 89.51 0.00
100.00 10484.78
233.40 -53.76 -53.83 -56.33 332.82 341.22 91.10 0.10
100.00 10887.72
219.60 -56.76 -56.84 -60.55 333.91 340.54 92.72 0.10
100.00 11276.45
205.60 -59.96 -60.01 -62.77 335.18 339.96 94.08 0.10
100.00 11690.63
191.70 -63.46 -63.48 -65.45 336.29 340.18 93.96 0.20
100.00 12123.88
177.70 -67.66 -67.67 -68.92 336.73 339.46 96.87 0.20
0.00 12584.70
163.80 -70.06 -70.08 -74.24 340.59 338.88 91.63 0.20
0.00 13071.76
149.80 -67.66 -67.71 -74.84 353.53 339.29 66.45 0.10
0.00 13606.04
135.90 -65.06 -9999.00 -9999.00 -9999.00 332.80 54.82 0.10
0.00 14195.50
121.90 -60.66 -9999.00 -9999.00 -9999.00 334.32 39.45 0.00
0.00 14864.71
108.00 -59.36 -9999.00 -9999.00 -9999.00 326.73 22.30 -0.10
0.00 15620.05
94.00 -60.26 -9999.00 -9999.00 -9999.00 289.12 15.42 -0.10
0.00 16487.05
81.00 -59.76 -9999.00 -9999.00 -9999.00 298.48 20.77 0.00
0.00 17415.69
70.60 -58.56 -9999.00 -9999.00 -9999.00 303.13 22.03 0.00
0.00 18276.45
62.20 -56.86 -9999.00 -9999.00 -9999.00 323.97 7.93 0.00
0.00 19075.29
54.30 -57.36 -9999.00 -9999.00 -9999.00 245.56 4.70 0.00
0.00 19934.26
46.90 -57.06 -9999.00 -9999.00 -9999.00 254.05 8.49 0.00
0.00 20860.31
40.10 -55.96 -9999.00 -9999.00 -9999.00 229.76 3.30 0.00
0.00 21853.63
33.80 -55.36 -9999.00 -9999.00 -9999.00 228.58 4.41 0.00
0.00 22941.71
27.80 -54.86 -9999.00 -9999.00 -9999.00 323.13 3.88 0.00
0.00 24188.98
22.30 -54.86 -9999.00 -9999.00 -9999.00 270.00 1.75 0.00
0.00 25597.58
17.10 -54.66 -9999.00 -9999.00 -9999.00 262.50 7.44 0.00
0.00 27294.86
12.30 -53.56 -9999.00 -9999.00 -9999.00 265.68 10.33 0.00
0.00 29407.35

STID = KOTX STNM = 727860 TIME = 221027/0700 
SLAT = 47.70 SLON = -117.60 SELV = 661.0
STIM = 19

SHOW = 12.90 LIFT = 13.46 SWET = 75.50 KINX = 11.46
LCLP = 853.75 PWAT = 11.66 TOTL = 32.91 CAPE = 0.00
LCLT = 269.83 CINS = 0.00 EQLV = -9999.00 LFCT = -9999.00
BRCH = 0.00

PRES TMPC TMWC DWPC THTE DRCT SKNT OMEG
CFRL HGHT
939.30 4.14 1.57 -2.03 292.41 218.00 7.89 0.30
0.00 670.52
936.60 4.34 1.63 -2.15 292.81 220.60 12.53 0.40
0.00 693.94
931.40 4.34 1.53 -2.42 293.14 223.42 14.98 0.50
0.00 739.26
922.60 4.54 1.25 -3.52 293.50 239.33 19.42 0.50
0.00 816.55
909.70 4.34 0.89 -4.21 294.15 257.52 22.47 0.40
0.00 931.18
893.10 3.84 0.31 -5.03 294.80 266.19 23.37 0.20
0.00 1080.91
873.40 2.84 -0.64 -6.15 295.12 265.78 23.76 0.00
0.00 1261.74
851.90 1.34 -1.86 -7.19 295.19 261.67 24.15 -0.10
0.00 1462.88
828.80 -0.46 -3.28 -8.26 295.17 261.36 24.55 -0.30
0.00 1683.37
803.10 -2.46 -4.98 -9.79 295.06 264.16 24.81 -0.40
0.00 1934.24
774.70 -4.16 -6.47 -11.16 295.78 272.33 23.91 -0.40
0.00 2219.00
743.90 -6.16 -7.54 -10.26 297.73 284.04 20.82 -0.40
0.00 2537.68
710.40 -8.26 -8.94 -10.32 299.60 290.88 20.16 -0.30
0.00 2896.90
674.30 -10.46 -10.99 -12.14 300.94 295.66 21.99 -0.20
7.00 3300.17
635.60 -12.96 -13.50 -14.83 302.18 297.59 24.32 0.00
14.00 3753.06
594.20 -15.36 -16.06 -18.05 304.17 295.20 25.54 0.10
6.00 4264.21
550.40 -17.56 -18.40 -21.07 307.45 291.23 25.21 0.30
2.00 4840.03
507.70 -19.36 -20.04 -22.26 312.32 304.53 25.70 0.20
11.00 5442.54
469.00 -20.06 -20.58 -22.21 318.98 330.52 35.92 0.00
89.00 6031.21
434.20 -20.96 -21.75 -24.29 324.47 336.64 46.54 -0.30
62.00 6601.81
402.50 -23.26 -24.41 -28.98 327.30 337.14 47.01 -0.20
14.00 7159.25
373.70 -27.16 -28.34 -34.91 327.89 339.64 40.19 -0.10
0.00 7698.29
347.50 -31.76 -32.55 -38.18 328.08 348.54 43.01 0.00
0.00 8216.94
323.70 -35.96 -36.37 -39.87 328.83 349.85 52.89 0.10
9.00 8714.00
302.20 -39.96 -40.20 -42.83 329.39 345.01 62.33 0.10
100.00 9187.24
282.70 -43.66 -43.84 -46.41 330.10 339.18 73.78 0.10
100.00 9638.99
265.00 -47.16 -47.30 -49.97 330.90 337.60 80.05 0.10
100.00 10070.06
248.40 -50.66 -50.75 -53.18 331.69 338.07 81.66 0.10
100.00 10494.70
233.40 -53.66 -53.74 -56.33 332.97 338.85 82.91 0.10
100.00 10897.64
219.60 -56.46 -56.55 -60.55 334.37 338.10 86.46 0.10
100.00 11286.72
205.60 -59.86 -59.91 -62.77 335.34 336.56 90.83 0.10
100.00 11701.29
191.70 -63.56 -63.58 -65.45 336.13 336.24 94.02 0.10
100.00 12134.54
177.70 -67.36 -67.37 -68.92 337.23 338.42 94.00 0.10
0.00 12595.58
163.80 -69.96 -69.96 -69.50 340.80 338.78 85.86 0.10
0.00 13083.12
149.80 -68.66 -68.70 -74.84 351.81 336.01 69.74 0.10
0.00 13616.22
135.90 -65.26 -9999.00 -9999.00 -9999.00 328.24 52.78 0.10
0.00 14203.97
121.90 -61.76 -9999.00 -9999.00 -9999.00 329.98 40.38 0.00
0.00 14871.12
108.00 -60.66 -9999.00 -9999.00 -9999.00 322.77 18.30 0.00
0.00 15622.21
94.00 -60.36 -9999.00 -9999.00 -9999.00 290.10 16.96 0.00
0.00 16486.36
81.00 -60.36 -9999.00 -9999.00 -9999.00 298.94 18.86 0.00
0.00 17413.47
70.60 -57.96 -9999.00 -9999.00 -9999.00 297.43 17.29 0.00
0.00 18274.23
62.20 -57.56 -9999.00 -9999.00 -9999.00 291.80 4.18 0.00
0.00 19072.89
54.30 -59.16 -9999.00 -9999.00 -9999.00 244.06 7.98 0.00
0.00 19926.89
46.90 -57.36 -9999.00 -9999.00 -9999.00 242.35 9.21 0.00
0.00 20848.43
40.10 -56.66 -9999.00 -9999.00 -9999.00 181.43 7.77 0.00
0.00 21839.46
33.80 -56.06 -9999.00 -9999.00 -9999.00 229.18 5.65 0.00
0.00 22924.04
27.80 -54.16 -9999.00 -9999.00 -9999.00 287.35 3.26 0.00
0.00 24171.31
22.30 -54.66 -9999.00 -9999.00 -9999.00 231.34 3.73 0.00
0.00 25582.81
17.10 -54.26 -9999.00 -9999.00 -9999.00 271.59 6.99 0.00
0.00 27282.42
12.30 -52.76 -9999.00 -9999.00 -9999.00 280.20 9.87 0.00
0.00 29400.70

STID = KOTX STNM = 727860 TIME = 221027/0800 
SLAT = 47.70 SLON = -117.60 SELV = 661.0
STIM = 20

SHOW = 13.30 LIFT = 13.89 SWET = 81.16 KINX = 11.78
LCLP = 865.38 PWAT = 12.28 TOTL = 32.28 CAPE = 0.00
LCLT = 270.31 CINS = 0.00 EQLV = -9999.00 LFCT = -9999.00
BRCH = 0.00

PRES TMPC TMWC DWPC THTE DRCT SKNT OMEG
CFRL HGHT
939.00 3.54 1.34 -1.73 292.02 219.29 8.28 0.30
0.00 669.64
936.20 3.84 1.46 -1.85 292.53 220.87 13.36 0.50
0.00 693.89
931.10 4.04 1.44 -2.19 293.02 223.56 16.36 0.60
0.00 738.29
922.30 4.74 1.28 -3.77 293.58 234.78 20.20 0.60
0.00 815.59
909.30 4.64 1.08 -4.13 294.56 254.19 22.80 0.50
0.00 931.26
892.70 4.04 0.63 -4.38 295.48 261.15 23.99 0.30
0.00 1081.20
873.00 2.84 -0.36 -5.24 295.72 259.24 23.93 0.10
0.00 1262.20
851.60 1.24 -1.66 -6.33 295.62 259.61 23.70 -0.20
0.00 1462.47
828.50 -0.56 -2.91 -6.83 295.92 265.71 23.37 -0.40
0.00 1682.99
802.70 -2.56 -4.34 -7.43 296.30 270.00 22.92 -0.40
0.00 1934.91
774.40 -4.56 -5.99 -8.62 296.72 269.50 22.34 -0.30
0.00 2218.60
743.50 -6.26 -7.13 -8.75 298.53 274.68 21.45 -0.20
0.00 2538.24
710.10 -8.16 -8.72 -9.82 300.04 284.55 20.86 -0.30
3.00 2896.60
674.00 -10.26 -10.87 -12.21 301.18 289.55 22.05 -0.30
6.00 3300.29
635.40 -12.66 -13.41 -15.28 302.35 288.29 24.15 -0.10
3.00 3752.61
594.00 -15.06 -15.89 -18.21 304.49 286.26 24.28 0.20
2.00 4264.49
550.20 -17.26 -18.07 -20.55 308.03 292.33 23.52 0.50
1.00 4841.20
507.60 -18.86 -19.31 -20.66 313.57 315.00 31.31 0.30
100.00 5443.46
468.90 -18.36 -19.19 -21.57 321.41 330.16 45.69 -0.10
39.00 6034.86
434.10 -19.36 -20.77 -25.32 326.19 332.62 48.56 -0.40
8.00 6609.31
402.50 -22.76 -24.22 -30.28 327.60 336.55 41.49 -0.40
0.00 7167.33
373.60 -27.36 -28.50 -34.91 327.65 340.45 34.83 -0.30
0.00 7708.63
347.50 -31.96 -32.65 -37.49 327.92 342.82 42.09 -0.20
0.00 8224.95
323.70 -36.06 -36.48 -40.13 328.65 338.88 54.97 -0.10
11.00 8721.70
302.20 -39.96 -40.22 -43.16 329.36 334.98 64.32 -0.20
100.00 9194.84
282.70 -43.76 -43.95 -46.85 329.92 333.87 69.23 -0.20
100.00 9646.50
265.00 -47.26 -47.42 -50.57 330.71 333.64 73.48 -0.10
100.00 10077.37
248.40 -50.66 -50.78 -53.98 331.65 333.24 77.66 -0.10
100.00 10501.92
233.40 -53.76 -53.86 -57.41 332.78 333.79 84.01 -0.20
100.00 10904.76
219.60 -56.76 -56.81 -59.12 333.95 334.63 87.49 -0.20
100.00 11293.48
205.60 -59.96 -60.01 -62.77 335.18 334.81 86.71 -0.10
100.00 11707.67
191.70 -63.36 -63.39 -65.45 336.46 335.29 85.96 -0.10
100.00 12141.02
177.70 -67.36 -67.37 -68.92 337.23 335.77 89.47 0.00
0.00 12602.28
163.80 -70.16 -70.18 -74.24 340.42 336.56 84.48 0.00
0.00 13089.59
149.80 -69.46 -69.49 -74.84 350.43 336.71 65.35 0.10
0.00 13621.38
135.90 -65.96 -9999.00 -9999.00 -9999.00 327.48 50.21 0.10
0.00 14206.99
121.90 -63.06 -9999.00 -9999.00 -9999.00 324.62 41.94 0.00
0.00 14870.95
108.00 -60.76 -9999.00 -9999.00 -9999.00 304.61 16.76 0.00
0.00 15619.56
94.00 -60.66 -9999.00 -9999.00 -9999.00 293.20 19.23 0.00
0.00 16482.90
81.00 -60.36 -9999.00 -9999.00 -9999.00 294.99 22.07 0.00
0.00 17409.35
70.60 -57.96 -9999.00 -9999.00 -9999.00 298.11 16.08 0.00
0.00 18270.12
62.20 -58.16 -9999.00 -9999.00 -9999.00 275.44 4.10 0.00
0.00 19067.66
54.30 -59.16 -9999.00 -9999.00 -9999.00 258.89 11.09 0.00
0.00 19920.47
46.90 -56.06 -9999.00 -9999.00 -9999.00 247.67 11.75 0.00
0.00 20844.80
40.10 -56.76 -9999.00 -9999.00 -9999.00 211.76 9.60 0.00
0.00 21838.58
33.80 -56.56 -9999.00 -9999.00 -9999.00 251.15 8.41 0.00
0.00 22921.66
27.80 -55.26 -9999.00 -9999.00 -9999.00 243.43 3.90 0.00
0.00 24164.35
22.30 -56.06 -9999.00 -9999.00 -9999.00 210.96 3.40 0.00
0.00 25567.78
17.10 -55.36 -9999.00 -9999.00 -9999.00 270.00 2.72 0.00
0.00 27257.68
12.30 -52.86 -9999.00 -9999.00 -9999.00 305.31 5.71 0.00
0.00 29370.17

STID = KOTX STNM = 727860 TIME = 221027/0900 
SLAT = 47.70 SLON = -117.60 SELV = 661.0
STIM = 21

SHOW = 14.99 LIFT = 15.29 SWET = 80.53 KINX = 9.05
LCLP = 873.35 PWAT = 12.36 TOTL = 28.70 CAPE = 0.00
LCLT = 270.87 CINS = 0.00 EQLV = -9999.00 LFCT = -9999.00
BRCH = 0.00

PRES TMPC TMWC DWPC THTE DRCT SKNT OMEG
CFRL HGHT
939.60 3.44 1.45 -1.28 292.18 217.65 8.59 0.30
0.00 670.49
936.90 3.64 1.52 -1.39 292.58 219.91 13.93 0.50
0.00 693.85
931.70 3.74 1.50 -1.57 293.08 222.32 17.60 0.60
0.00 739.06
922.90 4.64 1.31 -3.51 293.58 227.20 21.45 0.70
0.00 816.26
910.00 4.74 0.97 -4.65 294.26 236.45 21.45 0.60
0.00 930.95
893.40 3.94 0.26 -5.38 294.66 239.93 21.33 0.40
0.00 1080.76
873.60 2.64 -0.85 -6.48 294.69 242.51 21.46 0.20
0.00 1262.41
852.20 1.14 -2.21 -8.00 294.49 252.24 21.02 0.00
0.00 1462.40
829.00 -0.46 -3.13 -7.74 295.44 262.94 20.55 -0.20
0.00 1683.69
803.30 -2.36 -4.04 -6.86 296.80 264.08 20.71 -0.20
0.00 1934.60
775.00 -4.26 -5.12 -6.58 298.23 264.81 21.46 -0.10
0.00 2218.39
744.00 -6.26 -6.56 -7.11 299.49 274.93 22.61 -0.10
17.00 2539.08
710.50 -7.86 -8.38 -9.37 300.60 283.46 23.37 -0.10
11.00 2898.55
674.40 -9.86 -10.67 -12.42 301.47 284.26 24.46 -0.20
2.00 3302.55
635.70 -12.26 -13.22 -15.61 302.63 282.53 25.08 -0.10
0.00 3756.47
594.30 -14.86 -15.70 -18.05 304.75 280.68 24.11 0.10
0.00 4268.70
550.50 -17.66 -18.14 -19.57 307.87 288.13 23.10 0.10
57.00 4844.91
507.80 -18.06 -18.44 -19.52 315.00 323.37 36.79 0.00
100.00 5448.81
469.10 -16.96 -18.25 -21.80 323.05 329.04 46.45 -0.20
1.00 6042.55
434.20 -18.66 -20.48 -26.55 326.66 326.74 43.20 -0.30
0.00 6620.81
402.60 -22.86 -24.39 -30.98 327.27 333.58 34.93 -0.20
0.00 7179.34
373.70 -27.56 -28.62 -34.53 327.43 337.28 33.70 -0.10
0.00 7720.16
347.50 -31.86 -32.54 -37.27 328.09 331.41 44.25 -0.10
0.00 8238.29
323.70 -36.06 -36.50 -40.40 328.61 325.11 54.00 -0.10
8.00 8735.14
302.20 -39.96 -40.36 -45.39 329.13 328.77 57.69 -0.10
51.00 9208.27
282.70 -43.46 -43.84 -50.65 330.08 330.02 64.14 -0.10
42.00 9660.20
265.00 -46.76 -47.07 -54.31 331.24 331.09 72.34 0.00
27.00 10091.81
248.40 -50.26 -50.50 -58.15 332.08 335.12 76.65 0.10
25.00 10517.20
233.40 -53.66 -53.84 -61.81 332.81 334.62 79.76 0.20
20.00 10920.49
219.60 -56.96 -57.08 -64.44 333.52 331.79 81.78 0.20
20.00 11309.12
205.60 -60.36 -60.45 -67.89 334.46 329.38 83.53 0.20
37.00 11722.72
191.70 -63.86 -63.90 -68.39 335.61 327.72 85.47 0.10
55.00 12155.15
177.70 -67.16 -67.20 -73.70 337.51 328.68 84.81 0.10
0.00 12616.07
163.80 -69.66 -69.69 -74.24 341.26 331.18 77.37 0.10
0.00 13104.21
149.80 -69.66 -69.69 -74.84 350.09 328.91 61.69 0.10
0.00 13636.39
135.90 -66.16 -9999.00 -9999.00 -9999.00 322.20 50.39 0.00
0.00 14221.43
121.90 -64.36 -9999.00 -9999.00 -9999.00 322.33 41.96 0.00
0.00 14883.01
108.00 -61.06 -9999.00 -9999.00 -9999.00 315.72 21.97 -0.10
0.00 15628.78
94.00 -61.86 -9999.00 -9999.00 -9999.00 289.57 18.55 -0.10
0.00 16489.08
81.00 -60.96 -9999.00 -9999.00 -9999.00 290.29 24.65 0.00
0.00 17411.61
70.60 -58.06 -9999.00 -9999.00 -9999.00 302.91 11.79 0.00
0.00 18270.97
62.20 -57.96 -9999.00 -9999.00 -9999.00 239.04 4.53 0.00
0.00 19068.70
54.30 -58.36 -9999.00 -9999.00 -9999.00 257.13 13.95 0.00
0.00 19923.49
46.90 -55.96 -9999.00 -9999.00 -9999.00 255.47 10.84 0.00
0.00 20849.75
40.10 -57.16 -9999.00 -9999.00 -9999.00 230.19 9.11 0.00
0.00 21842.84
33.80 -56.26 -9999.00 -9999.00 -9999.00 247.99 9.85 0.00
0.00 22925.68
27.80 -56.36 -9999.00 -9999.00 -9999.00 228.37 7.01 0.00
0.00 24166.08
22.30 -56.56 -9999.00 -9999.00 -9999.00 184.40 5.07 0.00
0.00 25564.35
17.10 -54.96 -9999.00 -9999.00 -9999.00 180.00 1.36 0.00
0.00 27253.86
12.30 -52.86 -9999.00 -9999.00 -9999.00 324.73 9.75 0.00
0.00 29368.28
STN YYMMDD/HHMM PMSL PRES SKTC STC1 SNFL WTNS
P01M C01M STC2 LCLD MCLD HCLD
SNRA UWND VWND R01M BFGR T2MS
Q2MS WXTS WXTP WXTZ WXTR USTM
VSTM HLCY SLLH WSYM CDBP VSBK
TD2M
727860 221026/1200 1008.60 931.40 5.04 278.20 -9999.00 15.00
-9999.00 -9999.00 278.30 100.00 100.00 0.00
-9999.00 2.70 4.00 -9999.00 -9999.00 5.14
5.23 0.00 0.00 0.00 0.00 14.20
8.50 83.10 -9999.00 999.00 884.60 20.00
3.29
727860 221026/1300 1008.70 931.40 4.44 277.60 0.00 15.00
0.00 0.00 277.80 74.00 100.00 0.00
-9999.00 2.20 3.20 -9999.00 -9999.00 4.64
5.20 0.00 0.00 0.00 0.00 13.20
6.70 103.00 0.00 999.00 -9999.00 0.03
3.21
727860 221026/1400 1009.80 932.20 3.14 276.30 0.00 15.00
0.00 0.00 276.70 24.00 90.00 0.00
-9999.00 2.30 2.50 -9999.00 -9999.00 3.44
4.91 0.00 0.00 0.00 0.00 10.10
6.90 112.40 0.00 999.00 -9999.00 20.00
2.42
727860 221026/1500 1009.50 931.70 2.64 275.80 0.00 15.00
0.00 0.00 276.10 100.00 59.00 0.00
-9999.00 2.50 2.10 -9999.00 -9999.00 2.84
4.71 0.00 0.00 0.00 0.00 10.60
4.30 123.40 0.00 999.00 844.10 0.05
1.83
727860 221026/1600 1010.30 932.70 4.74 277.90 0.00 15.00
0.00 0.00 277.70 61.00 9.00 0.00
-9999.00 3.30 1.20 -9999.00 -9999.00 4.54
4.99 0.00 0.00 0.00 0.00 11.30
1.30 57.20 0.00 999.00 -9999.00 0.01
2.65
727860 221026/1700 1012.70 935.40 6.74 279.90 0.00 14.00
0.00 0.00 279.60 98.00 5.00 0.00
-9999.00 4.20 -1.50 -9999.00 -9999.00 6.04
5.22 0.00 0.00 0.00 0.00 11.90
-0.70 32.60 0.01 999.00 -9999.00 0.15
3.32
727860 221026/1800 1011.90 934.80 7.44 280.60 0.00 13.00
0.00 0.00 280.40 100.00 7.00 0.00
-9999.00 3.80 -2.20 -9999.00 -9999.00 6.84
4.95 0.00 0.00 0.00 0.00 12.90
-1.80 18.30 0.00 999.00 706.60 20.00
2.57
727860 221026/1900 1013.30 936.30 9.84 283.00 0.00 11.00
0.00 0.00 282.30 79.00 0.00 0.00
-9999.00 3.40 -2.20 -9999.00 -9999.00 8.14
4.64 0.00 0.00 0.00 0.00 8.90
-10.70 -4.40 0.01 999.00 -9999.00 20.00
1.69
727860 221026/2000 1012.20 935.50 12.34 285.50 0.00 9.00
0.00 0.00 284.70 29.00 0.00 0.00
-9999.00 2.80 -1.10 -9999.00 -9999.00 9.14
4.32 0.00 0.00 0.00 0.00 -0.40
-0.60 21.80 0.00 999.00 -9999.00 20.00
0.69
727860 221026/2100 1012.10 935.60 12.54 285.70 0.00 8.00
0.00 0.00 285.20 22.00 51.00 0.00
-9999.00 3.40 0.60 -9999.00 -9999.00 9.74
4.11 0.00 0.00 0.00 0.00 -0.50
-1.20 52.00 -0.01 999.00 -9999.00 20.00
0.01
727860 221026/2200 1012.80 936.30 12.04 285.20 0.00 7.00
0.00 0.00 284.90 24.00 16.00 0.00
-9999.00 5.30 1.40 -9999.00 -9999.00 9.94
3.99 0.00 0.00 0.00 0.00 0.60
-1.00 49.50 0.00 999.00 -9999.00 20.00
-0.38
727860 221026/2300 1014.10 937.40 10.34 283.50 0.00 7.00
0.00 0.00 283.60 1.00 100.00 0.00
-9999.00 6.00 1.20 -9999.00 -9999.00 9.44
3.70 0.00 0.00 0.00 0.00 1.50
-1.40 34.90 0.00 999.00 -9999.00 20.00
-1.39
727860 221027/0000 1014.80 937.90 8.44 281.60 0.00 7.00
0.00 0.00 282.00 0.00 100.00 0.00
-9999.00 4.50 1.50 -9999.00 -9999.00 8.54
3.32 0.00 0.00 0.00 0.00 1.90
-2.90 53.50 0.00 999.00 -9999.00 20.00
-2.85
727860 221027/0100 1014.90 937.70 6.14 279.30 0.00 6.00
0.00 0.00 279.80 0.00 100.00 0.00
-9999.00 2.20 2.10 -9999.00 -9999.00 6.54
3.38 0.00 0.00 0.00 0.00 2.60
-3.70 116.90 0.00 999.00 -9999.00 20.00
-2.61
727860 221027/0200 1016.40 938.80 5.04 278.20 0.00 7.00
0.00 0.00 278.70 0.00 100.00 0.00
-9999.00 2.40 2.90 -9999.00 -9999.00 5.54
3.39 0.00 0.00 0.00 0.00 2.80
-2.20 151.80 0.00 999.00 -9999.00 20.00
-2.55
727860 221027/0300 1017.00 939.10 4.54 277.70 0.00 7.00
0.00 0.00 278.10 0.00 100.00 0.00
-9999.00 2.50 2.70 -9999.00 -9999.00 4.84
3.36 0.00 0.00 0.00 0.00 2.90
-2.80 152.20 0.00 999.00 -9999.00 20.00
-2.67
727860 221027/0400 1017.30 939.40 4.44 277.60 0.00 7.00
0.00 0.00 277.90 0.00 100.00 0.00
-9999.00 2.40 2.50 -9999.00 -9999.00 4.64
3.33 0.00 0.00 0.00 0.00 3.20
-3.90 133.50 0.00 999.00 -9999.00 20.00
-2.78
727860 221027/0500 1017.90 939.80 4.14 277.30 0.00 7.00
0.00 0.00 277.60 0.00 100.00 0.00
-9999.00 2.40 2.40 -9999.00 -9999.00 4.34
3.30 0.00 0.00 0.00 0.00 3.30
-3.50 143.00 0.00 999.00 -9999.00 20.00
-2.90
727860 221027/0600 1018.70 940.50 3.84 277.00 0.00 7.00
0.00 0.00 277.30 12.00 100.00 0.00
-9999.00 2.20 2.50 -9999.00 -9999.00 4.04
3.40 0.00 0.00 0.00 0.00 3.40
-4.10 154.90 0.00 999.00 -9999.00 20.00
-2.49
727860 221027/0700 1018.80 940.40 3.14 276.30 0.00 7.00
0.00 0.00 276.70 14.00 100.00 0.00
-9999.00 2.00 2.70 -9999.00 -9999.00 3.44
3.53 0.00 0.00 0.00 0.00 3.40
-4.60 151.70 0.00 999.00 -9999.00 20.00
-1.99
727860 221027/0800 1018.60 940.00 2.34 275.50 0.00 7.00
0.00 0.00 276.00 6.00 100.00 0.00
-9999.00 2.10 2.80 -9999.00 -9999.00 2.64
3.61 0.00 0.00 0.00 0.00 3.80
-5.10 140.40 0.00 999.00 -9999.00 20.00
-1.69
727860 221027/0900 1019.30 940.70 2.34 275.50 0.00 7.00
0.00 0.00 275.90 17.00 100.00 0.00
-9999.00 2.10 3.00 -9999.00 -9999.00 2.64
3.73 0.00 0.00 0.00 0.00 3.80
-5.00 133.80 0.00 999.00 -9999.00 20.00
-1.24


