
SNPARM = PRES;TMPC;TMWC;DWPC;THTE;DRCT;SKNT;OMEG;CFRL;HGHT 
STNPRM = SHOW;LIFT;SWET;KINX;LCLP;PWAT;TOTL;CAPE;LCLT;CINS;EQLV;LFCT;BRCH 

STID = KAMA STNM = 723630 TIME = 221026/1200 
SLAT = 35.23 SLON = -101.70 SELV = 1104.0
STIM = 0

SHOW = 12.44 LIFT = 12.26 SWET = 226.85 KINX = 6.76
LCLP = 820.24 PWAT = 9.25 TOTL = 29.20 CAPE = 0.00
LCLT = 272.43 CINS = 0.00 EQLV = -9999.00 LFCT = -9999.00
BRCH = 0.00

PRES TMPC TMWC DWPC THTE DRCT SKNT OMEG
CFRL HGHT
889.20 5.64 3.22 0.40 301.26 126.38 4.58 0.00
0.00 1114.12
886.60 7.74 4.14 0.04 303.53 138.09 10.18 0.00
0.00 1138.17
881.70 8.94 4.25 -1.22 304.31 151.22 15.73 0.00
0.00 1183.95
873.40 10.44 4.09 -3.88 304.81 153.69 19.29 0.10
0.00 1262.43
861.20 11.14 3.76 -6.14 305.41 153.69 19.72 0.20
0.00 1379.56
845.70 10.54 3.22 -6.80 306.09 157.11 18.98 0.20
0.00 1530.79
827.40 9.34 2.55 -6.71 306.95 159.29 17.04 0.20
0.00 1712.37
807.50 8.34 1.79 -7.35 307.80 168.69 14.86 0.10
0.00 1913.66
786.10 7.24 0.87 -8.33 308.57 180.00 13.99 0.00
0.00 2134.89
762.40 5.64 -0.21 -8.87 309.42 191.63 13.48 -0.10
0.00 2385.82
736.50 3.94 -0.94 -7.89 311.50 196.78 12.78 -0.10
0.00 2667.47
708.30 2.24 -1.86 -7.61 313.61 205.43 13.11 -0.20
0.00 2983.72
677.90 0.14 -3.79 -9.83 314.02 225.90 17.58 -0.30
0.00 3336.61
645.20 -1.96 -6.22 -14.02 313.99 235.90 22.51 -0.30
0.00 3731.15
610.10 -4.56 -8.76 -17.82 314.54 241.49 25.64 -0.20
0.00 4173.54
572.60 -6.96 -11.57 -24.53 315.39 245.92 29.99 0.00
0.00 4670.41
532.80 -9.46 -13.93 -28.78 318.09 252.97 35.14 0.20
0.00 5229.37
493.80 -13.16 -16.71 -29.28 320.58 256.09 41.22 0.30
0.00 5812.23
458.20 -17.36 -20.36 -34.06 321.45 252.80 48.60 0.30
0.00 6377.27
425.80 -21.26 -23.93 -41.00 322.46 250.24 55.73 0.20
0.00 6922.29
396.20 -24.86 -27.14 -46.41 324.08 250.69 60.51 0.10
0.00 7449.80
369.00 -28.66 -30.46 -49.03 325.56 253.18 63.11 0.10
0.00 7962.79
344.10 -32.86 -34.12 -48.94 326.45 256.05 65.25 0.10
0.00 8458.52
321.40 -36.96 -37.83 -50.23 327.16 255.84 65.91 0.00
0.00 8934.48
300.60 -40.16 -40.88 -54.25 328.80 253.71 67.19 0.00
0.00 9393.94
281.60 -43.26 -43.80 -55.89 330.49 252.52 69.85 -0.10
0.00 9836.29
264.40 -46.06 -46.48 -57.65 332.36 253.62 73.70 -0.10
0.00 10257.83
248.10 -47.96 -48.33 -59.60 335.58 257.72 76.73 -0.10
0.00 10679.04
233.30 -49.46 -49.86 -66.98 339.13 261.58 75.60 -0.10
0.00 11083.13
219.50 -51.06 -51.43 -72.27 342.57 262.75 75.39 0.00
0.00 11480.94
205.60 -52.86 -53.18 -72.72 346.21 263.36 77.25 0.00
0.00 11904.51
191.70 -54.66 -54.94 -73.19 350.32 264.36 77.10 0.00
0.00 12354.04
177.70 -56.66 -9999.00 -9999.00 -9999.00 265.64 74.03 0.00
0.00 12836.83
163.80 -59.06 -9999.00 -9999.00 -9999.00 266.77 68.88 0.00
0.00 13350.12
149.80 -61.76 -9999.00 -9999.00 -9999.00 265.41 63.13 0.00
0.00 13906.49
135.90 -64.26 -9999.00 -9999.00 -9999.00 260.75 59.25 0.00
0.00 14505.49
121.90 -66.26 -9999.00 -9999.00 -9999.00 256.73 56.68 0.00
0.00 15167.07
107.90 -67.46 -9999.00 -9999.00 -9999.00 257.20 52.58 0.00
0.00 15903.73
94.00 -67.36 -9999.00 -9999.00 -9999.00 256.46 43.96 0.00
0.00 16734.26
81.00 -66.36 -9999.00 -9999.00 -9999.00 250.45 37.72 0.00
0.00 17633.05
70.60 -64.86 -9999.00 -9999.00 -9999.00 243.90 31.80 0.00
0.00 18467.87
62.20 -63.06 -9999.00 -9999.00 -9999.00 244.57 26.24 0.00
0.00 19243.54
54.30 -60.26 -9999.00 -9999.00 -9999.00 248.40 20.05 0.00
0.00 20084.41
46.90 -58.76 -9999.00 -9999.00 -9999.00 234.58 10.72 0.00
0.00 21000.60
40.10 -59.96 -9999.00 -9999.00 -9999.00 221.82 9.91 0.00
0.00 21980.85
33.80 -57.86 -9999.00 -9999.00 -9999.00 256.50 9.98 0.00
0.00 23052.68
27.80 -56.76 -9999.00 -9999.00 -9999.00 310.36 5.09 0.00
0.00 24287.36
22.30 -56.76 -9999.00 -9999.00 -9999.00 300.65 12.20 0.00
0.00 25683.69
17.10 -54.66 -9999.00 -9999.00 -9999.00 294.23 17.04 0.00
0.00 27373.59
12.30 -50.86 -9999.00 -9999.00 -9999.00 288.57 25.62 0.00
0.00 29499.10

STID = KAMA STNM = 723630 TIME = 221026/1300 
SLAT = 35.23 SLON = -101.70 SELV = 1104.0
STIM = 1

SHOW = 12.42 LIFT = 12.22 SWET = 235.06 KINX = 7.05
LCLP = 819.27 PWAT = 9.31 TOTL = 29.19 CAPE = 0.00
LCLT = 272.10 CINS = 0.00 EQLV = -9999.00 LFCT = -9999.00
BRCH = 0.00

PRES TMPC TMWC DWPC THTE DRCT SKNT OMEG
CFRL HGHT
889.70 5.44 2.99 0.09 300.71 128.66 4.97 0.00
0.00 1114.10
887.00 7.34 3.84 -0.21 302.82 142.50 10.53 0.00
0.00 1139.04
882.20 8.54 4.04 -1.25 303.79 153.14 16.76 0.00
0.00 1183.79
873.90 10.14 3.95 -3.87 304.44 156.94 21.33 0.10
0.00 1262.13
861.70 10.94 3.60 -6.37 305.00 157.38 22.73 0.10
0.00 1379.09
846.20 10.44 3.02 -7.38 305.58 158.57 22.32 0.20
0.00 1530.15
827.80 9.34 2.42 -7.22 306.58 159.70 20.71 0.20
0.00 1712.58
807.90 8.14 1.64 -7.54 307.41 167.86 18.47 0.10
0.00 1913.69
786.50 6.94 0.73 -8.27 308.22 178.07 17.31 0.10
0.00 2134.61
762.80 5.54 -0.25 -8.81 309.29 187.46 16.45 0.00
0.00 2385.23
736.90 3.74 -1.03 -7.84 311.25 191.59 15.46 -0.10
0.00 2666.58
708.70 2.04 -1.80 -7.07 313.71 208.93 16.86 -0.20
0.00 2982.44
678.20 0.34 -3.52 -9.31 314.55 229.67 21.91 -0.30
0.00 3336.34
645.50 -1.96 -6.10 -13.54 314.19 240.20 24.63 -0.30
0.00 3730.87
610.40 -4.66 -8.95 -18.44 314.12 245.66 26.86 -0.20
0.00 4172.96
572.80 -7.26 -11.84 -25.15 314.84 248.40 31.14 0.00
0.00 4670.56
532.90 -9.86 -14.14 -28.31 317.69 251.57 35.63 0.20
0.00 5230.03
493.90 -13.46 -16.95 -29.59 320.12 253.17 41.61 0.30
0.00 5812.00
458.30 -17.56 -20.47 -33.63 321.25 251.93 48.21 0.20
0.00 6376.37
425.90 -21.46 -23.95 -38.62 322.43 250.40 54.43 0.10
0.00 6920.85
396.30 -25.06 -27.20 -43.77 323.99 250.46 60.39 0.10
0.00 7447.83
369.10 -28.86 -30.58 -47.66 325.34 252.11 64.51 0.00
0.00 7960.28
344.20 -33.06 -34.29 -48.93 326.16 253.25 66.74 0.00
0.00 8455.47
321.40 -36.86 -37.77 -50.98 327.26 253.43 68.10 -0.10
0.00 8933.35
300.60 -40.06 -40.76 -53.26 328.98 254.05 70.71 -0.10
0.00 9393.00
281.70 -43.16 -43.69 -54.79 330.65 255.01 73.60 -0.20
0.00 9833.14
264.40 -45.66 -46.08 -56.40 332.99 257.50 77.19 -0.20
0.00 10257.52
248.10 -47.26 -47.69 -61.34 336.58 261.35 78.79 -0.20
0.00 10679.76
233.30 -48.76 -49.22 -71.86 340.14 263.07 77.29 -0.20
0.00 11085.11
219.50 -50.86 -51.24 -72.27 342.88 263.36 77.25 -0.20
0.00 11483.72
205.60 -53.26 -53.56 -72.72 345.58 263.63 78.77 -0.20
0.00 11907.10
191.70 -55.16 -55.42 -73.19 349.51 264.19 78.69 -0.10
0.00 12355.71
177.70 -57.06 -57.28 -73.70 354.06 265.58 75.60 -0.10
0.00 12837.50
163.80 -59.46 -9999.00 -9999.00 -9999.00 267.00 70.61 -0.10
0.00 13349.83
149.80 -62.16 -9999.00 -9999.00 -9999.00 265.68 64.47 -0.10
0.00 13905.16
135.90 -64.86 -9999.00 -9999.00 -9999.00 260.75 60.41 0.00
0.00 14502.74
121.90 -66.86 -9999.00 -9999.00 -9999.00 257.15 56.78 0.00
0.00 15162.40
107.90 -67.96 -9999.00 -9999.00 -9999.00 257.74 50.29 0.00
0.00 15897.10
94.00 -67.96 -9999.00 -9999.00 -9999.00 256.28 42.60 0.00
0.00 16725.42
81.00 -66.96 -9999.00 -9999.00 -9999.00 250.74 38.27 0.00
0.00 17621.59
70.60 -65.16 -9999.00 -9999.00 -9999.00 244.02 34.15 0.00
0.00 18454.60
62.20 -63.36 -9999.00 -9999.00 -9999.00 244.69 27.72 0.00
0.00 19229.15
54.30 -60.36 -9999.00 -9999.00 -9999.00 247.17 20.03 0.00
0.00 20069.23
46.90 -58.16 -9999.00 -9999.00 -9999.00 234.94 13.52 0.00
0.00 20986.49
40.10 -59.26 -9999.00 -9999.00 -9999.00 215.07 11.15 0.00
0.00 21969.72
33.80 -57.46 -9999.00 -9999.00 -9999.00 252.26 10.20 0.00
0.00 23044.30
27.80 -56.56 -9999.00 -9999.00 -9999.00 306.38 4.58 0.00
0.00 24280.70
22.30 -56.56 -9999.00 -9999.00 -9999.00 295.87 14.24 0.00
0.00 25678.33
17.10 -53.86 -9999.00 -9999.00 -9999.00 288.81 18.67 0.00
0.00 27372.11
12.30 -50.36 -9999.00 -9999.00 -9999.00 296.18 25.54 0.00
0.00 29503.89

STID = KAMA STNM = 723630 TIME = 221026/1400 
SLAT = 35.23 SLON = -101.70 SELV = 1104.0
STIM = 2

SHOW = 12.16 LIFT = 12.05 SWET = 237.74 KINX = 7.07
LCLP = 809.62 PWAT = 9.26 TOTL = 29.62 CAPE = 0.00
LCLT = 271.69 CINS = 0.00 EQLV = -9999.00 LFCT = -9999.00
BRCH = 0.00

PRES TMPC TMWC DWPC THTE DRCT SKNT OMEG
CFRL HGHT
890.60 6.04 3.21 -0.15 301.06 127.87 4.43 0.00
0.00 1114.11
888.00 7.34 3.74 -0.48 302.48 143.37 9.44 0.00
0.00 1138.12
883.10 8.34 3.90 -1.37 303.37 157.38 15.15 0.00
0.00 1183.75
874.80 10.14 3.98 -3.77 304.41 163.40 21.08 0.10
0.00 1261.97
862.60 10.94 3.65 -6.17 305.02 164.12 23.43 0.10
0.00 1378.82
847.10 10.54 2.98 -7.77 305.36 162.31 23.66 0.20
0.00 1529.74
828.60 9.44 2.28 -8.00 306.13 161.88 22.47 0.20
0.00 1713.02
808.70 8.24 1.50 -8.26 306.99 169.65 20.53 0.20
0.00 1913.99
787.30 6.94 0.62 -8.71 307.86 180.00 19.62 0.10
0.00 2134.71
763.60 5.54 -0.30 -9.00 309.08 187.63 19.02 0.00
0.00 2385.07
737.60 3.64 -1.12 -7.97 310.96 191.92 17.87 -0.10
0.00 2667.16
709.30 2.04 -1.74 -6.89 313.76 214.45 20.26 -0.20
0.00 2983.81
678.80 0.54 -3.52 -9.67 314.46 234.04 24.48 -0.30
0.00 3337.52
646.00 -1.86 -6.25 -14.38 313.80 245.14 26.34 -0.20
0.00 3733.12
610.90 -4.66 -9.03 -18.92 313.86 251.57 28.87 -0.10
0.00 4174.91
573.20 -7.46 -11.79 -23.81 314.90 251.34 31.57 0.10
0.00 4673.28
533.30 -10.36 -14.32 -26.99 317.32 250.07 35.33 0.30
0.00 5231.64
494.20 -13.76 -17.12 -29.27 319.76 250.89 41.53 0.40
0.00 5813.83
458.50 -17.76 -20.47 -32.07 321.24 250.90 47.49 0.30
0.00 6378.96
426.00 -21.76 -24.04 -36.67 322.28 249.73 53.85 0.20
0.00 6924.43
396.40 -25.26 -27.34 -43.32 323.74 248.95 60.57 0.10
0.00 7450.76
369.10 -29.06 -30.77 -48.32 325.04 249.54 64.47 0.00
0.00 7964.61
344.20 -33.16 -34.40 -49.64 325.98 250.46 66.78 -0.10
0.00 8459.49
321.50 -36.86 -37.79 -51.80 327.19 250.85 69.29 -0.10
0.00 8935.10
300.60 -40.26 -40.95 -53.26 328.70 252.20 72.44 -0.10
0.00 9396.69
281.70 -43.26 -43.76 -53.81 330.54 254.69 76.53 -0.20
0.00 9836.55
264.40 -45.46 -45.89 -56.40 333.28 258.72 80.42 -0.20
0.00 10261.02
248.10 -46.86 -47.34 -63.53 337.14 261.01 80.83 -0.20
0.00 10683.82
233.30 -48.66 -49.12 -71.86 340.29 261.12 79.23 -0.20
0.00 11089.62
219.50 -50.86 -51.24 -72.27 342.88 260.91 78.69 -0.20
0.00 11488.32
205.60 -53.06 -53.37 -72.72 345.89 261.43 79.56 -0.20
0.00 11911.88
191.70 -54.96 -55.22 -73.19 349.83 262.70 79.51 -0.20
0.00 12360.91
177.70 -56.96 -57.18 -73.70 354.22 264.62 76.67 -0.10
0.00 12843.03
163.80 -59.56 -9999.00 -9999.00 -9999.00 266.11 71.64 -0.10
0.00 13355.36
149.80 -62.36 -9999.00 -9999.00 -9999.00 264.58 65.75 -0.10
0.00 13910.29
135.90 -64.86 -9999.00 -9999.00 -9999.00 259.91 60.98 0.00
0.00 14507.59
121.90 -66.76 -9999.00 -9999.00 -9999.00 257.54 56.70 0.00
0.00 15167.42
107.90 -67.76 -9999.00 -9999.00 -9999.00 258.51 48.76 0.00
0.00 15902.65
94.00 -67.96 -9999.00 -9999.00 -9999.00 255.90 41.45 0.10
0.00 16731.37
81.00 -66.86 -9999.00 -9999.00 -9999.00 249.00 38.50 0.10
0.00 17627.76
70.60 -64.66 -9999.00 -9999.00 -9999.00 241.36 33.64 0.00
0.00 18461.97
62.20 -62.96 -9999.00 -9999.00 -9999.00 240.99 26.44 0.00
0.00 19238.20
54.30 -60.26 -9999.00 -9999.00 -9999.00 244.23 18.76 0.00
0.00 20079.27
46.90 -57.76 -9999.00 -9999.00 -9999.00 230.49 14.36 0.00
0.00 20997.60
40.10 -58.46 -9999.00 -9999.00 -9999.00 213.69 11.21 0.00
0.00 21983.59
33.80 -57.46 -9999.00 -9999.00 -9999.00 252.41 8.35 0.00
0.00 23060.17
27.80 -56.26 -9999.00 -9999.00 -9999.00 290.22 3.92 0.00
0.00 24297.42
22.30 -56.86 -9999.00 -9999.00 -9999.00 291.29 16.05 0.00
0.00 25695.05
17.10 -55.16 -9999.00 -9999.00 -9999.00 288.24 18.01 0.00
0.00 27382.62
12.30 -51.16 -9999.00 -9999.00 -9999.00 297.47 21.89 0.00
0.00 29504.27

STID = KAMA STNM = 723630 TIME = 221026/1500 
SLAT = 35.23 SLON = -101.70 SELV = 1104.0
STIM = 3

SHOW = 11.96 LIFT = 12.07 SWET = 240.67 KINX = 6.46
LCLP = 769.30 PWAT = 9.22 TOTL = 29.97 CAPE = 0.00
LCLT = 270.60 CINS = 0.00 EQLV = -9999.00 LFCT = -9999.00
BRCH = 0.00

PRES TMPC TMWC DWPC THTE DRCT SKNT OMEG
CFRL HGHT
890.90 9.04 4.57 -0.54 303.96 151.61 8.18 0.00
0.00 1115.15
888.30 8.64 4.32 -0.68 303.69 152.93 9.81 0.00
0.00 1139.33
883.50 8.24 4.01 -0.95 303.57 155.94 11.91 0.00
0.00 1184.10
875.20 9.34 3.90 -2.79 304.22 164.85 19.33 0.00
0.00 1262.18
862.90 10.74 3.73 -5.52 305.19 167.47 23.29 0.10
0.00 1379.73
847.40 10.74 3.07 -7.82 305.51 166.18 25.21 0.10
0.00 1530.61
829.00 9.64 2.18 -8.83 305.83 163.81 25.08 0.10
0.00 1712.95
809.00 8.24 1.22 -9.42 306.30 169.15 23.74 0.10
0.00 1914.89
787.60 6.74 0.28 -9.65 307.07 178.04 22.75 0.00
0.00 2135.42
763.90 5.34 -0.52 -9.45 308.55 185.66 21.66 -0.10
0.00 2385.48
737.90 3.64 -1.15 -8.05 310.86 191.31 20.80 -0.20
0.00 2667.35
709.60 2.24 -1.77 -7.34 313.62 218.05 22.69 -0.20
0.00 2983.97
679.10 0.84 -3.64 -10.68 314.13 236.07 25.76 -0.10
0.00 3337.82
646.20 -1.76 -6.24 -14.63 313.76 247.97 27.45 0.00
0.00 3734.73
611.10 -4.56 -8.83 -18.19 314.23 253.34 29.80 0.00
0.00 4176.55
573.40 -7.46 -11.49 -21.90 315.46 250.44 31.33 0.10
0.00 4674.88
533.40 -10.36 -14.19 -25.93 317.57 249.30 35.72 0.20
0.00 5234.54
494.30 -13.86 -17.12 -28.66 319.76 251.07 42.50 0.30
0.00 5816.52
458.50 -17.96 -20.47 -30.69 321.26 251.42 48.15 0.30
0.00 6382.87
426.10 -21.76 -24.02 -36.42 322.29 250.60 54.99 0.20
0.00 6926.40
396.50 -25.36 -27.46 -44.24 323.51 249.21 61.29 0.10
0.00 7452.50
369.20 -29.36 -31.02 -48.32 324.61 249.32 64.36 0.00
0.00 7965.79
344.30 -33.36 -34.57 -49.63 325.68 249.93 66.80 -0.10
0.00 8460.02
321.50 -36.96 -37.88 -51.80 327.06 250.26 70.16 -0.10
0.00 8937.35
300.70 -40.26 -40.97 -54.24 328.63 250.85 73.41 -0.20
0.00 9396.56
281.70 -43.36 -43.87 -54.79 330.36 253.74 77.70 -0.20
0.00 9838.57
264.40 -45.66 -46.08 -56.40 332.99 258.20 80.77 -0.20
0.00 10262.77
248.10 -47.06 -47.53 -63.53 336.84 260.54 80.34 -0.20
0.00 10685.19
233.30 -48.66 -49.10 -66.98 340.34 259.77 78.75 -0.10
0.00 11090.81
219.50 -50.66 -51.05 -72.27 343.19 258.83 79.20 -0.10
0.00 11489.69
205.60 -52.76 -53.08 -72.72 346.36 260.02 80.67 -0.10
0.00 11913.73
191.70 -54.76 -55.03 -73.19 350.16 261.91 80.05 -0.10
0.00 12363.27
177.70 -57.06 -57.28 -73.70 354.06 263.76 76.79 -0.10
0.00 12845.50
163.80 -59.76 -9999.00 -9999.00 -9999.00 265.00 71.37 -0.10
0.00 13357.48
149.80 -62.46 -9999.00 -9999.00 -9999.00 263.53 65.48 0.00
0.00 13912.02
135.90 -64.66 -9999.00 -9999.00 -9999.00 258.73 60.61 0.00
0.00 14509.46
121.90 -66.16 -9999.00 -9999.00 -9999.00 256.56 54.33 0.00
0.00 15170.56
107.90 -67.16 -9999.00 -9999.00 -9999.00 257.04 45.05 0.00
0.00 15907.93
94.00 -67.76 -9999.00 -9999.00 -9999.00 252.02 39.01 0.10
0.00 16738.26
81.00 -66.46 -9999.00 -9999.00 -9999.00 244.49 37.88 0.00
0.00 17635.96
70.60 -64.56 -9999.00 -9999.00 -9999.00 237.16 32.60 0.00
0.00 18471.18
62.20 -63.26 -9999.00 -9999.00 -9999.00 233.50 24.16 0.00
0.00 19247.04
54.30 -61.16 -9999.00 -9999.00 -9999.00 236.66 17.68 0.00
0.00 20085.73
46.90 -57.96 -9999.00 -9999.00 -9999.00 221.70 14.32 0.00
0.00 21001.70
40.10 -57.76 -9999.00 -9999.00 -9999.00 205.08 10.08 0.00
0.00 21988.83
33.80 -56.66 -9999.00 -9999.00 -9999.00 257.91 5.56 0.00
0.00 23069.16
27.80 -55.56 -9999.00 -9999.00 -9999.00 286.50 5.48 0.00
0.00 24310.71
22.30 -56.46 -9999.00 -9999.00 -9999.00 290.48 17.21 0.00
0.00 25711.88
17.10 -54.56 -9999.00 -9999.00 -9999.00 284.60 19.27 0.00
0.00 27403.33
12.30 -50.66 -9999.00 -9999.00 -9999.00 293.68 24.18 0.00
0.00 29530.29

STID = KAMA STNM = 723630 TIME = 221026/1600 
SLAT = 35.23 SLON = -101.70 SELV = 1104.0
STIM = 4

SHOW = 11.82 LIFT = 11.70 SWET = 238.07 KINX = 6.62
LCLP = 744.67 PWAT = 9.45 TOTL = 30.52 CAPE = 0.00
LCLT = 270.33 CINS = 0.00 EQLV = -9999.00 LFCT = -9999.00
BRCH = 0.00

PRES TMPC TMWC DWPC THTE DRCT SKNT OMEG
CFRL HGHT
890.40 11.34 5.74 -0.38 306.66 159.44 9.97 0.00
0.00 1115.24
887.80 10.84 5.45 -0.52 306.28 159.44 11.62 0.00
0.00 1139.64
882.90 10.24 5.09 -0.66 306.06 160.17 12.59 0.00
0.00 1185.71
874.60 9.44 4.55 -1.02 305.82 163.23 14.80 0.00
0.00 1264.15
862.40 10.04 3.63 -4.62 305.09 170.29 21.87 0.10
0.00 1380.72
846.90 10.44 3.00 -7.47 305.44 172.06 25.29 0.10
0.00 1531.43
828.50 9.64 2.11 -9.11 305.74 171.99 26.48 0.00
0.00 1713.79
808.60 8.14 1.08 -9.81 306.02 171.99 26.48 0.00
0.00 1914.78
787.10 6.54 -0.01 -10.44 306.48 176.92 25.29 -0.10
0.00 2136.34
763.40 5.14 -0.80 -10.15 307.99 184.65 23.97 -0.10
0.00 2386.36
737.50 3.54 -1.26 -8.24 310.68 193.92 23.41 -0.10
0.00 2667.15
709.20 2.14 -1.97 -7.77 313.25 220.55 24.81 0.00
0.00 2983.81
678.70 0.74 -3.71 -10.74 314.03 238.26 26.96 0.10
0.00 3337.72
646.00 -1.86 -6.07 -13.65 314.17 249.35 28.65 0.10
0.00 3732.27
610.80 -4.86 -8.65 -16.43 314.68 253.90 30.13 0.10
0.00 4175.26
573.20 -7.86 -11.43 -20.08 315.66 249.53 31.10 0.10
0.00 4671.89
533.20 -10.66 -14.22 -24.74 317.57 248.65 36.29 0.10
0.00 5231.06
494.10 -14.06 -17.11 -27.42 319.85 249.75 42.66 0.10
0.00 5812.75
458.40 -17.96 -20.49 -30.86 321.25 250.41 48.66 0.10
0.00 6377.48
426.00 -21.66 -24.10 -38.62 322.16 250.37 56.10 0.00
0.00 6921.23
396.40 -25.46 -27.59 -45.27 323.33 250.14 61.75 0.00
0.00 7447.44
369.10 -29.46 -31.09 -47.66 324.54 250.31 64.57 -0.10
0.00 7960.66
344.20 -33.36 -34.55 -48.93 325.75 250.78 67.27 -0.10
0.00 8454.93
321.50 -36.96 -37.88 -51.80 327.06 250.27 70.78 -0.20
0.00 8930.24
300.60 -40.36 -41.06 -54.25 328.52 250.29 74.28 -0.20
0.00 9391.63
281.70 -43.56 -44.06 -54.79 330.07 252.43 77.21 -0.20
0.00 9831.10
264.40 -45.56 -46.01 -57.65 333.09 255.69 78.59 -0.10
0.00 10255.20
248.10 -46.66 -47.15 -63.53 337.44 258.35 77.95 -0.10
0.00 10678.09
233.30 -48.26 -48.72 -66.98 340.95 258.88 78.59 -0.10
0.00 11084.43
219.50 -50.36 -50.74 -67.42 343.70 259.29 80.46 -0.10
0.00 11483.94
205.60 -52.66 -52.96 -67.89 346.57 260.40 81.57 -0.10
0.00 11908.37
191.70 -54.76 -55.01 -68.39 350.20 261.52 80.32 -0.10
0.00 12358.01
177.70 -57.16 -57.38 -73.70 353.89 262.22 77.45 -0.10
0.00 12840.13
163.80 -59.76 -9999.00 -9999.00 -9999.00 262.44 72.30 0.00
0.00 13351.99
149.80 -62.16 -9999.00 -9999.00 -9999.00 260.73 66.34 0.00
0.00 13906.92
135.90 -64.16 -9999.00 -9999.00 -9999.00 256.58 61.11 0.00
0.00 14505.50
121.90 -65.76 -9999.00 -9999.00 -9999.00 254.89 55.13 0.00
0.00 15168.03
107.90 -66.96 -9999.00 -9999.00 -9999.00 254.09 44.64 0.00
0.00 15906.47
94.00 -67.86 -9999.00 -9999.00 -9999.00 246.84 39.51 0.00
0.00 16737.01
81.00 -66.56 -9999.00 -9999.00 -9999.00 241.19 39.90 0.00
0.00 17634.27
70.60 -64.66 -9999.00 -9999.00 -9999.00 238.06 35.26 0.00
0.00 18469.09
62.20 -62.86 -9999.00 -9999.00 -9999.00 238.09 24.26 0.00
0.00 19245.50
54.30 -60.86 -9999.00 -9999.00 -9999.00 238.27 17.37 0.00
0.00 20085.58
46.90 -57.66 -9999.00 -9999.00 -9999.00 223.83 13.46 0.00
0.00 21002.84
40.10 -57.46 -9999.00 -9999.00 -9999.00 203.70 8.70 0.00
0.00 21991.34
33.80 -56.56 -9999.00 -9999.00 -9999.00 276.84 4.90 0.00
0.00 23072.68
27.80 -56.36 -9999.00 -9999.00 -9999.00 293.20 5.92 0.00
0.00 24312.22
22.30 -57.46 -9999.00 -9999.00 -9999.00 298.02 13.64 0.00
0.00 25707.59
17.10 -55.86 -9999.00 -9999.00 -9999.00 288.90 15.00 0.00
0.00 27390.11
12.30 -50.66 -9999.00 -9999.00 -9999.00 296.79 22.42 0.00
0.00 29510.79

STID = KAMA STNM = 723630 TIME = 221026/1700 
SLAT = 35.23 SLON = -101.70 SELV = 1104.0
STIM = 5

SHOW = 10.95 LIFT = 10.96 SWET = 233.83 KINX = 8.27
LCLP = 709.37 PWAT = 9.72 TOTL = 32.73 CAPE = 0.00
LCLT = 269.02 CINS = 0.00 EQLV = -9999.00 LFCT = -9999.00
BRCH = 0.00

PRES TMPC TMWC DWPC THTE DRCT SKNT OMEG
CFRL HGHT
889.50 13.84 6.68 -1.06 308.90 165.07 12.06 0.00
0.00 1115.35
886.90 13.14 6.29 -1.21 308.30 165.02 14.28 -0.10
0.00 1139.97
882.10 12.54 5.94 -1.38 308.05 165.44 15.46 -0.10
0.00 1185.51
873.70 11.74 5.45 -1.62 307.94 166.95 16.36 -0.10
0.00 1265.60
861.60 10.54 4.67 -2.09 307.63 168.57 17.64 -0.10
0.00 1381.93
846.10 9.84 3.19 -5.60 306.06 174.29 23.43 0.00
0.00 1532.80
827.60 9.44 2.01 -9.07 305.64 177.16 27.43 0.00
0.00 1716.09
807.70 8.14 1.06 -9.88 306.09 177.66 28.57 0.00
0.00 1917.24
786.40 6.64 -0.15 -11.27 306.26 180.40 27.78 -0.10
0.00 2136.99
762.70 5.24 -0.98 -11.12 307.67 186.86 26.03 -0.10
0.00 2387.30
736.80 3.64 -1.22 -8.30 310.85 199.39 25.74 0.00
0.00 2668.44
708.60 2.44 -1.91 -8.12 313.44 225.29 26.79 0.20
0.00 2984.48
678.20 0.84 -3.56 -10.40 314.43 241.29 27.91 0.30
0.00 3337.77
645.40 -2.06 -5.92 -12.58 314.61 250.24 29.31 0.40
0.00 3733.82
610.40 -5.06 -8.47 -15.13 315.14 253.30 30.42 0.40
0.00 4174.36
572.80 -7.96 -11.32 -19.18 315.96 248.71 32.11 0.40
0.00 4671.10
532.90 -10.86 -14.26 -24.07 317.58 248.52 38.21 0.40
0.00 5228.93
493.90 -14.26 -17.27 -27.55 319.61 249.36 44.64 0.30
0.00 5808.98
458.20 -17.96 -20.62 -32.07 321.05 250.38 50.31 0.20
0.00 6373.71
425.90 -21.76 -24.10 -37.46 322.19 251.57 56.51 0.10
0.00 6915.85
396.30 -25.56 -27.54 -42.47 323.45 250.99 61.42 0.00
0.00 7442.00
369.00 -29.46 -31.02 -45.92 324.68 250.14 64.02 -0.10
0.00 7955.26
344.20 -33.36 -34.55 -48.93 325.75 250.13 66.30 -0.10
0.00 8447.61
321.40 -37.06 -37.94 -50.98 326.99 249.84 69.33 -0.10
0.00 8924.99
300.60 -40.56 -41.22 -53.26 328.28 249.68 72.71 -0.10
0.00 9383.96
281.70 -43.46 -43.99 -55.88 330.17 251.43 76.22 -0.20
0.00 9823.34
264.40 -44.96 -45.45 -57.65 333.97 254.25 77.29 -0.20
0.00 10248.09
248.10 -46.06 -46.54 -59.60 338.42 256.80 77.41 -0.20
0.00 10672.10
233.30 -47.96 -48.39 -61.81 341.49 257.94 78.07 -0.20
0.00 11079.25
219.50 -50.36 -50.69 -62.28 343.79 258.69 79.23 -0.20
0.00 11479.03
205.60 -52.76 -53.01 -62.77 346.50 259.65 79.97 -0.10
0.00 11903.37
191.70 -54.96 -55.17 -65.45 349.93 259.98 79.29 -0.10
0.00 12352.71
177.70 -57.06 -57.25 -68.92 354.10 259.54 77.04 -0.10
0.00 12834.72
163.80 -59.26 -59.44 -74.24 358.70 258.57 73.52 -0.10
0.00 13347.30
149.80 -61.56 -9999.00 -9999.00 -9999.00 256.47 68.92 -0.10
0.00 13903.67
135.90 -64.16 -9999.00 -9999.00 -9999.00 254.10 63.83 -0.10
0.00 14503.10
121.90 -66.46 -9999.00 -9999.00 -9999.00 254.74 57.58 -0.10
0.00 15164.52
107.90 -67.76 -9999.00 -9999.00 -9999.00 252.33 46.08 0.00
0.00 15900.29
94.00 -68.56 -9999.00 -9999.00 -9999.00 241.98 40.93 0.00
0.00 16727.80
81.00 -66.76 -9999.00 -9999.00 -9999.00 238.32 42.91 0.00
0.00 17623.10
70.60 -64.26 -9999.00 -9999.00 -9999.00 238.63 37.32 0.00
0.00 18458.32
62.20 -61.76 -9999.00 -9999.00 -9999.00 240.38 22.79 0.00
0.00 19237.51
54.30 -60.26 -9999.00 -9999.00 -9999.00 226.58 14.98 0.00
0.00 20080.97
46.90 -57.66 -9999.00 -9999.00 -9999.00 215.54 11.69 0.00
0.00 20999.51
40.10 -57.86 -9999.00 -9999.00 -9999.00 190.41 9.67 0.00
0.00 21987.10
33.80 -57.36 -9999.00 -9999.00 -9999.00 212.28 4.37 0.00
0.00 23065.43
27.80 -57.86 -9999.00 -9999.00 -9999.00 222.88 3.71 0.00
0.00 24298.40
22.30 -58.26 -9999.00 -9999.00 -9999.00 287.65 8.97 0.00
0.00 25686.34
17.10 -55.96 -9999.00 -9999.00 -9999.00 287.45 14.26 0.00
0.00 27365.36
12.30 -50.56 -9999.00 -9999.00 -9999.00 291.49 26.52 0.00
0.00 29486.05

STID = KAMA STNM = 723630 TIME = 221026/1800 
SLAT = 35.23 SLON = -101.70 SELV = 1104.0
STIM = 6

SHOW = 9.77 LIFT = 10.07 SWET = 234.12 KINX = 9.86
LCLP = 663.00 PWAT = 9.87 TOTL = 34.46 CAPE = 0.00
LCLT = 266.02 CINS = 0.00 EQLV = -9999.00 LFCT = -9999.00
BRCH = 0.00

PRES TMPC TMWC DWPC THTE DRCT SKNT OMEG
CFRL HGHT
889.20 16.14 7.07 -3.24 309.69 172.30 14.51 0.00
0.00 1114.49
886.50 15.44 6.68 -3.44 309.08 172.23 17.25 -0.10
0.00 1140.26
881.70 14.84 6.33 -3.59 308.86 172.87 18.78 -0.10
0.00 1186.17
873.40 13.94 5.80 -3.84 308.64 173.29 19.95 -0.20
0.00 1265.94
861.20 12.64 5.03 -4.18 308.36 174.66 20.88 -0.30
0.00 1384.12
845.70 11.14 4.11 -4.63 308.19 175.91 21.81 -0.40
0.00 1535.95
827.30 9.44 2.80 -5.99 307.54 178.11 23.52 -0.40
0.00 1718.80
807.40 8.04 1.40 -8.23 306.94 180.00 24.86 -0.40
0.00 1920.04
786.10 6.54 0.07 -10.06 306.81 182.97 26.26 -0.20
0.00 2139.83
762.40 5.34 -0.96 -11.24 307.76 191.07 27.31 0.00
0.00 2390.25
736.50 3.94 -1.06 -8.30 311.23 207.29 27.54 0.10
0.00 2671.70
708.30 2.74 -1.81 -8.31 313.69 232.16 27.54 0.20
0.00 2988.22
677.90 0.64 -3.51 -9.83 314.60 245.03 28.07 0.30
0.00 3341.73
645.20 -2.16 -5.77 -11.83 314.96 251.57 29.49 0.40
0.00 3736.53
610.20 -5.16 -8.43 -14.70 315.27 253.19 30.23 0.40
0.00 4177.08
572.60 -8.06 -11.34 -18.95 315.96 249.52 32.77 0.50
0.00 4673.82
532.80 -10.86 -14.29 -24.29 317.53 250.95 39.86 0.50
0.00 5230.30
493.80 -14.26 -17.37 -28.39 319.42 250.43 46.39 0.40
0.00 5810.44
458.20 -17.96 -20.66 -32.44 320.98 251.70 51.96 0.30
0.00 6373.64
425.80 -21.76 -24.06 -36.93 322.29 252.98 57.09 0.20
0.00 6917.52
396.20 -25.66 -27.58 -41.69 323.41 251.91 60.68 0.10
0.00 7443.69
369.00 -29.56 -31.11 -45.92 324.55 250.00 63.05 0.00
0.00 7954.94
344.10 -33.56 -34.68 -47.67 325.58 249.18 65.05 -0.10
0.00 8449.04
321.40 -37.36 -38.14 -48.88 326.69 248.72 67.97 -0.10
0.00 8923.91
300.60 -40.76 -41.38 -52.37 328.03 250.25 72.44 -0.20
0.00 9382.39
281.60 -43.06 -43.57 -53.81 330.86 252.45 75.99 -0.20
0.00 9824.36
264.40 -44.56 -44.98 -53.45 334.72 254.05 77.78 -0.20
0.00 10247.48
248.10 -46.06 -46.49 -56.92 338.50 255.03 78.22 -0.20
0.00 10671.87
233.30 -47.76 -48.25 -66.98 341.70 255.72 78.77 -0.20
0.00 11079.20
219.50 -49.86 -50.29 -72.27 344.42 257.38 80.03 -0.20
0.00 11479.60
205.60 -52.36 -52.70 -72.72 346.99 259.72 80.56 -0.20
0.00 11904.79
191.70 -54.76 -55.03 -73.19 350.16 260.26 79.23 -0.20
0.00 12354.74
177.70 -57.16 -57.38 -73.70 353.89 258.52 77.10 -0.10
0.00 12836.86
163.80 -59.36 -59.53 -74.24 358.54 256.39 75.16 -0.10
0.00 13349.20
149.80 -61.76 -61.90 -74.84 363.68 254.42 71.58 -0.10
0.00 13905.18
135.90 -64.56 -9999.00 -9999.00 -9999.00 252.63 66.36 -0.10
0.00 14503.76
121.90 -66.96 -9999.00 -9999.00 -9999.00 252.83 58.55 -0.10
0.00 15163.74
107.90 -68.26 -9999.00 -9999.00 -9999.00 249.78 47.20 0.00
0.00 15897.72
94.00 -68.46 -9999.00 -9999.00 -9999.00 239.08 44.60 0.10
0.00 16724.42
81.00 -66.26 -9999.00 -9999.00 -9999.00 240.34 46.72 0.10
0.00 17621.04
70.60 -63.06 -9999.00 -9999.00 -9999.00 243.94 39.36 0.00
0.00 18459.68
62.20 -60.46 -9999.00 -9999.00 -9999.00 243.85 24.24 0.00
0.00 19243.50
54.30 -59.66 -9999.00 -9999.00 -9999.00 221.31 17.07 0.00
0.00 20090.74
46.90 -57.46 -9999.00 -9999.00 -9999.00 223.39 14.70 0.00
0.00 21011.00
40.10 -57.46 -9999.00 -9999.00 -9999.00 204.36 11.31 0.00
0.00 21999.96
33.80 -57.36 -9999.00 -9999.00 -9999.00 221.63 7.01 0.00
0.00 23079.30
27.80 -58.26 -9999.00 -9999.00 -9999.00 222.51 6.33 0.00
0.00 24311.12
22.30 -57.46 -9999.00 -9999.00 -9999.00 277.43 9.01 0.00
0.00 25700.36
17.10 -54.86 -9999.00 -9999.00 -9999.00 280.62 9.48 0.00
0.00 27386.76
12.30 -50.56 -9999.00 -9999.00 -9999.00 278.56 22.20 0.00
0.00 29512.75

STID = KAMA STNM = 723630 TIME = 221026/1900 
SLAT = 35.23 SLON = -101.70 SELV = 1104.0
STIM = 7

SHOW = 9.75 LIFT = 9.77 SWET = 235.42 KINX = 9.17
LCLP = 616.12 PWAT = 9.48 TOTL = 33.40 CAPE = 0.00
LCLT = 262.13 CINS = 0.00 EQLV = -9999.00 LFCT = -9999.00
BRCH = 0.00

PRES TMPC TMWC DWPC THTE DRCT SKNT OMEG
CFRL HGHT
888.00 17.84 7.05 -6.31 309.56 177.98 16.53 0.00
0.00 1115.52
885.40 17.14 6.67 -6.50 308.98 178.28 19.42 -0.10
0.00 1140.51
880.60 16.44 6.29 -6.62 308.68 178.39 20.78 -0.10
0.00 1186.72
872.30 15.54 5.79 -6.79 308.52 178.45 21.56 -0.20
0.00 1267.00
860.10 14.34 5.10 -7.02 308.45 179.00 22.34 -0.20
0.00 1385.96
844.60 12.74 4.16 -7.35 308.27 179.51 22.92 -0.30
0.00 1538.81
826.30 10.94 3.10 -7.69 308.22 180.00 23.31 -0.30
0.00 1721.84
806.50 9.04 1.91 -8.25 308.14 180.95 23.50 -0.30
0.00 1923.17
785.10 7.24 0.65 -9.16 308.20 182.35 23.72 -0.20
0.00 2144.93
761.50 5.14 -0.66 -9.54 308.58 184.72 23.58 -0.10
0.00 2394.86
735.70 3.94 -1.18 -8.69 311.08 208.07 26.42 0.00
0.00 2675.46
707.60 2.64 -1.84 -8.23 313.73 232.61 25.91 0.10
0.00 2991.12
677.20 0.44 -3.43 -9.19 314.89 243.82 25.97 0.30
0.00 3344.82
644.60 -2.26 -5.71 -11.39 315.20 249.25 27.43 0.40
0.00 3738.61
609.60 -5.26 -8.46 -14.59 315.30 250.56 28.01 0.60
0.00 4179.43
572.10 -7.96 -11.36 -19.36 316.00 249.81 32.07 0.70
0.00 4675.30
532.40 -10.86 -14.45 -25.34 317.30 251.83 40.48 0.70
0.00 5230.92
493.40 -14.26 -17.52 -29.60 319.23 250.53 47.80 0.60
0.00 5811.48
457.90 -17.96 -20.83 -34.28 320.72 251.76 54.00 0.50
0.00 6373.48
425.60 -21.56 -24.05 -38.94 322.33 252.52 58.86 0.40
0.00 6916.18
396.10 -25.36 -27.40 -42.89 323.72 252.08 61.87 0.30
0.00 7441.27
368.90 -29.46 -30.94 -43.98 324.86 251.46 64.12 0.20
0.00 7953.07
344.10 -33.66 -34.68 -45.54 325.60 250.07 66.12 0.10
0.00 8445.27
321.30 -37.56 -38.32 -48.89 326.44 249.86 68.28 0.00
0.00 8922.01
300.60 -40.86 -41.49 -53.26 327.85 252.11 71.45 -0.10
0.00 9378.06
281.60 -43.36 -43.82 -52.92 330.47 254.05 74.94 -0.20
0.00 9819.65
264.30 -44.86 -45.36 -57.65 334.15 254.57 77.39 -0.20
0.00 10244.75
248.10 -45.76 -46.33 -66.53 338.73 254.54 79.41 -0.20
0.00 10666.60
233.20 -47.26 -47.78 -66.98 342.51 255.53 80.85 -0.20
0.00 11077.49
219.50 -49.46 -49.88 -67.42 345.09 257.40 81.00 -0.20
0.00 11475.87
205.60 -52.16 -52.51 -72.72 347.31 258.99 80.34 -0.20
0.00 11901.64
191.70 -54.76 -55.03 -73.19 350.16 258.88 79.58 -0.20
0.00 12351.79
177.70 -57.26 -57.47 -73.70 353.73 257.50 78.98 -0.20
0.00 12833.80
163.80 -59.46 -9999.00 -9999.00 -9999.00 256.31 77.97 -0.20
0.00 13345.90
149.80 -61.86 -61.99 -74.84 363.50 255.32 75.10 -0.20
0.00 13901.62
135.90 -64.66 -9999.00 -9999.00 -9999.00 254.14 69.66 -0.20
0.00 14499.91
121.90 -67.36 -9999.00 -9999.00 -9999.00 252.55 60.88 -0.10
0.00 15159.10
107.90 -68.96 -9999.00 -9999.00 -9999.00 247.95 49.67 0.00
0.00 15891.12
94.00 -68.96 -9999.00 -9999.00 -9999.00 239.61 46.83 0.10
0.00 16715.40
81.00 -66.26 -9999.00 -9999.00 -9999.00 244.47 48.21 0.10
0.00 17610.92
70.60 -62.46 -9999.00 -9999.00 -9999.00 251.31 41.22 0.00
0.00 18450.77
62.20 -60.56 -9999.00 -9999.00 -9999.00 249.98 26.67 0.00
0.00 19235.52
54.30 -60.46 -9999.00 -9999.00 -9999.00 223.21 17.60 0.00
0.00 20080.97
46.90 -59.06 -9999.00 -9999.00 -9999.00 222.75 17.46 0.00
0.00 20996.08
40.10 -57.86 -9999.00 -9999.00 -9999.00 209.31 12.70 0.00
0.00 21980.46
33.80 -58.06 -9999.00 -9999.00 -9999.00 212.01 7.32 0.00
0.00 23057.04
27.80 -58.26 -9999.00 -9999.00 -9999.00 229.76 6.62 0.00
0.00 24286.86
22.30 -56.26 -9999.00 -9999.00 -9999.00 279.64 10.45 0.00
0.00 25679.97
17.10 -54.06 -9999.00 -9999.00 -9999.00 282.43 11.73 0.00
0.00 27374.14
12.30 -50.56 -9999.00 -9999.00 -9999.00 283.34 26.94 0.00
0.00 29503.99

STID = KAMA STNM = 723630 TIME = 221026/2000 
SLAT = 35.23 SLON = -101.70 SELV = 1104.0
STIM = 8

SHOW = 8.89 LIFT = 8.89 SWET = 234.65 KINX = 10.41
LCLP = 608.36 PWAT = 9.36 TOTL = 34.79 CAPE = 0.00
LCLT = 262.02 CINS = 0.00 EQLV = -9999.00 LFCT = -9999.00
BRCH = 0.00

PRES TMPC TMWC DWPC THTE DRCT SKNT OMEG
CFRL HGHT
886.60 18.64 7.42 -6.28 310.59 180.67 16.51 0.00
0.00 1114.61
884.00 17.94 7.05 -6.42 310.04 181.15 19.42 0.00
0.00 1139.70
879.10 17.34 6.72 -6.54 309.86 181.08 20.59 -0.10
0.00 1187.09
870.90 16.44 6.23 -6.66 309.73 181.56 21.37 -0.10
0.00 1266.78
858.70 15.14 5.50 -6.89 309.55 182.03 21.97 -0.10
0.00 1386.29
843.30 13.64 4.64 -7.18 309.50 182.49 22.36 -0.10
0.00 1538.85
825.00 11.84 3.60 -7.46 309.49 182.96 22.57 -0.10
0.00 1722.75
805.20 9.84 2.42 -7.82 309.43 183.91 22.79 0.00
0.00 1925.01
783.90 7.84 1.07 -8.71 309.28 185.42 22.63 0.00
0.00 2146.65
760.30 5.84 -0.10 -8.80 309.95 186.45 22.47 0.00
0.00 2397.57
734.50 4.14 -1.05 -8.62 311.51 209.92 23.76 0.00
0.00 2679.09
706.50 2.64 -1.85 -8.25 313.87 231.04 23.48 0.00
0.00 2994.25
676.30 0.54 -3.33 -9.03 315.25 239.97 24.46 0.00
0.00 3346.19
643.70 -2.26 -5.80 -11.71 315.14 246.57 25.41 0.20
0.00 3740.59
608.80 -5.06 -8.47 -15.10 315.40 246.64 26.46 0.40
0.00 4180.89
571.50 -7.66 -11.46 -20.90 315.88 251.46 32.38 0.50
0.00 4675.12
531.90 -10.76 -14.62 -27.16 317.04 253.61 41.30 0.60
0.00 5230.26
493.00 -14.46 -17.90 -31.88 318.61 252.65 48.83 0.50
0.00 5809.69
457.60 -18.06 -21.01 -35.70 320.44 252.78 55.11 0.50
0.00 6370.15
425.40 -21.66 -24.07 -38.04 322.36 252.92 59.54 0.40
0.00 6911.25
395.90 -25.46 -27.28 -39.33 324.00 252.92 62.18 0.30
0.00 7436.42
368.80 -29.66 -31.04 -42.74 324.73 252.77 64.26 0.30
0.00 7946.24
344.00 -33.76 -34.86 -47.67 325.34 252.10 65.73 0.20
0.00 8438.27
321.30 -37.66 -38.48 -50.99 326.18 251.09 67.13 0.10
0.00 8912.77
300.50 -41.26 -41.84 -52.37 327.36 252.21 71.19 0.10
0.00 9370.62
281.60 -43.76 -44.24 -54.79 329.82 254.97 76.44 0.00
0.00 9809.20
264.30 -44.96 -45.50 -60.85 333.92 255.79 78.34 0.00
0.00 10233.82
248.10 -45.46 -46.03 -63.53 339.22 254.70 80.96 -0.10
0.00 10655.86
233.20 -46.76 -47.31 -66.98 343.26 255.22 82.96 -0.10
0.00 11067.48
219.50 -49.06 -49.50 -67.42 345.70 256.36 82.36 -0.10
0.00 11466.66
205.60 -51.66 -52.03 -72.72 348.09 257.06 81.53 -0.10
0.00 11893.29
191.70 -54.36 -54.65 -73.19 350.80 257.35 81.62 -0.10
0.00 12344.36
177.70 -57.16 -9999.00 -9999.00 -9999.00 257.05 82.32 -0.20
0.00 12826.92
163.80 -59.56 -9999.00 -9999.00 -9999.00 256.20 81.41 -0.20
0.00 13339.02
149.80 -61.96 -62.09 -74.84 363.33 254.61 77.56 -0.20
0.00 13894.47
135.90 -64.66 -9999.00 -9999.00 -9999.00 253.05 71.27 -0.20
0.00 14492.63
121.90 -67.26 -9999.00 -9999.00 -9999.00 251.45 61.67 -0.10
0.00 15151.97
107.90 -68.96 -9999.00 -9999.00 -9999.00 244.62 50.31 0.00
0.00 15884.17
94.00 -68.76 -9999.00 -9999.00 -9999.00 237.62 47.14 0.10
0.00 16708.85
81.00 -66.26 -9999.00 -9999.00 -9999.00 245.73 47.73 0.10
0.00 17604.81
70.60 -62.86 -9999.00 -9999.00 -9999.00 253.35 41.36 0.00
0.00 18443.85
62.20 -60.96 -9999.00 -9999.00 -9999.00 246.58 26.88 0.00
0.00 19227.12
54.30 -61.26 -9999.00 -9999.00 -9999.00 216.49 17.64 0.00
0.00 20070.19
46.90 -60.76 -9999.00 -9999.00 -9999.00 215.84 21.56 0.00
0.00 20979.94
40.10 -58.56 -9999.00 -9999.00 -9999.00 209.74 17.23 0.00
0.00 21958.81
33.80 -58.26 -9999.00 -9999.00 -9999.00 200.43 10.57 0.00
0.00 23033.14
27.80 -57.26 -9999.00 -9999.00 -9999.00 237.99 9.17 0.00
0.00 24265.25
22.30 -54.96 -9999.00 -9999.00 -9999.00 285.68 11.50 0.00
0.00 25665.78
17.10 -53.76 -9999.00 -9999.00 -9999.00 287.53 11.62 0.00
0.00 27366.17
12.30 -51.06 -9999.00 -9999.00 -9999.00 280.81 21.76 0.00
0.00 29495.06

STID = KAMA STNM = 723630 TIME = 221026/2100 
SLAT = 35.23 SLON = -101.70 SELV = 1104.0
STIM = 9

SHOW = 7.82 LIFT = 7.88 SWET = 228.96 KINX = 11.81
LCLP = 607.57 PWAT = 9.41 TOTL = 36.80 CAPE = 0.00
LCLT = 262.42 CINS = 0.00 EQLV = -9999.00 LFCT = -9999.00
BRCH = 0.00

PRES TMPC TMWC DWPC THTE DRCT SKNT OMEG
CFRL HGHT
886.10 19.14 7.74 -5.86 311.45 185.06 15.40 0.00
0.00 1114.63
883.50 18.44 7.39 -5.95 310.93 185.53 18.14 0.00
0.00 1139.79
878.60 17.84 7.06 -6.07 310.75 185.77 19.33 0.00
0.00 1187.29
870.40 16.94 6.57 -6.19 310.62 186.16 19.93 0.00
0.00 1267.17
858.30 15.74 5.89 -6.42 310.54 186.52 20.53 0.00
0.00 1385.99
842.80 14.24 5.05 -6.66 310.54 186.93 20.94 0.00
0.00 1539.96
824.50 12.34 3.96 -6.99 310.39 187.39 21.15 0.00
0.00 1724.32
804.70 10.34 2.80 -7.30 310.37 188.43 21.21 0.00
0.00 1927.08
783.50 8.34 1.43 -8.32 310.12 189.46 21.27 0.00
0.00 2148.21
759.90 6.34 0.28 -8.37 310.83 190.59 21.15 0.00
0.00 2399.72
734.20 4.34 -0.96 -8.67 311.74 212.70 21.93 0.00
0.00 2680.64
706.20 2.74 -1.81 -8.30 314.00 231.34 22.40 -0.10
0.00 2996.10
675.90 0.54 -3.40 -9.26 315.15 241.35 23.91 -0.10
0.00 3349.44
643.40 -2.16 -5.89 -12.24 314.99 248.03 23.87 0.00
0.00 3742.90
608.60 -4.96 -8.53 -15.61 315.30 248.04 25.97 0.20
0.00 4182.25
571.30 -7.66 -11.71 -22.35 315.42 257.40 32.05 0.40
0.00 4676.71
531.70 -10.96 -14.90 -28.33 316.56 258.41 39.67 0.40
0.00 5231.80
492.90 -14.96 -18.09 -30.26 318.32 256.20 46.41 0.40
0.00 5809.13
457.50 -18.36 -20.98 -32.65 320.58 254.56 54.00 0.30
0.00 6368.88
425.30 -21.76 -23.95 -35.48 322.61 253.27 60.04 0.20
0.00 6909.71
395.90 -25.56 -27.38 -39.64 323.83 253.53 64.41 0.20
0.00 7432.96
368.70 -29.66 -31.15 -44.91 324.57 254.64 67.48 0.10
0.00 7944.62
343.90 -33.86 -34.99 -48.94 325.15 253.99 68.30 0.00
0.00 8436.68
321.20 -37.96 -38.78 -51.81 325.76 250.85 68.69 0.00
0.00 8910.92
300.50 -41.56 -42.07 -50.81 327.01 251.57 74.32 0.00
0.00 9366.05
281.60 -44.76 -45.15 -53.81 328.42 255.79 76.75 0.00
0.00 9803.40
264.30 -45.16 -45.66 -59.10 333.67 254.19 79.14 0.00
0.00 10226.91
248.10 -45.26 -45.84 -63.53 339.52 254.04 85.47 0.00
0.00 10648.95
233.20 -46.86 -47.40 -66.98 343.11 255.81 87.96 -0.10
0.00 11060.66
219.50 -48.96 -49.41 -67.42 345.86 256.55 86.89 -0.10
0.00 11459.84
205.60 -51.46 -51.84 -72.72 348.41 256.63 85.66 -0.20
0.00 11886.76
191.70 -54.26 -54.55 -73.19 350.96 256.66 85.04 -0.20
0.00 12338.14
177.70 -57.36 -9999.00 -9999.00 -9999.00 256.31 84.58 -0.20
0.00 12820.59
163.80 -60.06 -9999.00 -9999.00 -9999.00 255.67 83.20 -0.20
0.00 13331.85
149.80 -62.26 -9999.00 -9999.00 -9999.00 254.00 79.62 -0.20
0.00 13886.26
135.90 -64.66 -9999.00 -9999.00 -9999.00 251.47 73.35 -0.20
0.00 14483.98
121.90 -67.06 -9999.00 -9999.00 -9999.00 248.49 63.05 -0.10
0.00 15143.65
107.90 -68.76 -9999.00 -9999.00 -9999.00 240.63 51.50 0.00
0.00 15876.56
94.00 -68.66 -9999.00 -9999.00 -9999.00 234.95 47.69 0.00
0.00 16701.85
81.00 -66.36 -9999.00 -9999.00 -9999.00 245.64 45.20 0.10
0.00 17597.80
70.60 -63.36 -9999.00 -9999.00 -9999.00 252.46 39.32 0.10
0.00 18435.64
62.20 -61.16 -9999.00 -9999.00 -9999.00 237.40 25.60 0.00
0.00 19217.61
54.30 -61.16 -9999.00 -9999.00 -9999.00 212.43 19.56 0.00
0.00 20060.47
46.90 -60.86 -9999.00 -9999.00 -9999.00 217.23 24.40 0.00
0.00 20970.23
40.10 -57.96 -9999.00 -9999.00 -9999.00 220.86 19.00 0.00
0.00 21950.25
33.80 -57.26 -9999.00 -9999.00 -9999.00 216.47 11.11 0.00
0.00 23028.58
27.80 -56.76 -9999.00 -9999.00 -9999.00 265.24 11.69 0.00
0.00 24264.98
22.30 -55.16 -9999.00 -9999.00 -9999.00 288.70 13.33 0.00
0.00 25666.47
17.10 -53.16 -9999.00 -9999.00 -9999.00 272.64 12.65 0.00
0.00 27368.42
12.30 -50.06 -9999.00 -9999.00 -9999.00 276.18 23.45 0.00
0.00 29505.02

STID = KAMA STNM = 723630 TIME = 221026/2200 
SLAT = 35.23 SLON = -101.70 SELV = 1104.0
STIM = 10

SHOW = 7.25 LIFT = 7.30 SWET = 230.96 KINX = 12.35
LCLP = 613.14 PWAT = 9.55 TOTL = 37.95 CAPE = 0.00
LCLT = 263.15 CINS = 0.00 EQLV = -9999.00 LFCT = -9999.00
BRCH = 0.00

PRES TMPC TMWC DWPC THTE DRCT SKNT OMEG
CFRL HGHT
886.60 19.24 7.94 -5.21 311.92 184.57 14.61 0.00
0.00 1114.63
883.90 18.74 7.67 -5.34 311.60 185.08 17.56 0.00
0.00 1140.76
879.10 18.14 7.34 -5.46 311.41 185.30 18.92 0.00
0.00 1187.32
870.80 17.34 6.90 -5.58 311.40 185.65 19.72 -0.10
0.00 1268.23
858.70 16.14 6.24 -5.77 311.35 186.10 20.12 -0.10
0.00 1387.18
843.20 14.54 5.34 -6.05 311.21 186.52 20.53 -0.10
0.00 1541.27
824.90 12.74 4.32 -6.34 311.21 187.06 20.55 -0.10
0.00 1725.79
805.10 10.74 3.16 -6.70 311.15 188.05 20.80 -0.10
0.00 1928.75
783.80 8.74 1.77 -7.78 310.86 188.66 20.63 -0.10
0.00 2151.15
760.30 6.64 0.54 -7.99 311.36 189.82 20.49 -0.10
0.00 2401.81
734.50 4.64 -0.85 -8.86 311.92 212.35 20.69 -0.10
0.00 2684.00
706.50 2.94 -1.73 -8.38 314.13 229.79 21.37 -0.20
0.00 2999.60
676.20 0.74 -3.63 -10.44 314.58 241.87 22.24 -0.20
0.00 3353.03
643.70 -1.96 -5.99 -13.05 314.73 245.68 22.16 -0.10
0.00 3746.54
608.80 -4.56 -8.70 -17.47 314.89 251.84 25.56 0.10
0.00 4187.42
571.50 -7.36 -11.75 -23.96 315.25 261.01 31.08 0.30
0.00 4682.29
531.90 -11.06 -14.45 -24.42 317.41 262.95 37.98 0.40
0.00 5237.41
493.00 -15.06 -17.77 -27.05 318.92 261.01 46.02 0.40
0.00 5815.93
457.60 -18.66 -20.95 -30.40 320.63 257.76 54.06 0.30
0.00 6375.19
425.40 -22.06 -24.16 -35.25 322.24 254.49 60.28 0.30
0.00 6915.28
395.90 -25.66 -27.56 -41.32 323.52 255.13 65.11 0.20
0.00 7439.82
368.80 -29.76 -31.23 -44.91 324.41 257.47 69.85 0.10
0.00 7949.32
344.00 -33.96 -34.92 -45.07 325.25 256.64 72.28 0.00
0.00 8441.04
321.30 -38.06 -38.73 -47.71 325.82 251.76 72.61 0.00
0.00 8914.96
300.50 -42.16 -42.62 -50.81 326.17 252.94 74.16 0.00
0.00 9371.54
281.60 -45.16 -45.53 -53.81 327.84 253.49 75.17 0.10
0.00 9807.94
264.30 -44.96 -45.48 -59.10 333.96 252.58 83.06 0.10
0.00 10231.27
248.10 -45.46 -46.03 -63.53 339.22 254.82 89.76 0.00
0.00 10653.31
233.20 -46.96 -47.49 -66.98 342.96 257.01 90.71 0.00
0.00 11064.74
219.50 -48.96 -49.43 -72.27 345.81 257.76 88.85 0.00
0.00 11463.83
205.60 -51.56 -51.93 -72.72 348.25 257.50 87.94 -0.10
0.00 11890.65
191.70 -54.46 -54.74 -73.19 350.64 256.82 88.58 -0.10
0.00 12341.72
177.70 -57.56 -57.76 -73.70 353.24 255.96 88.91 -0.10
0.00 12823.73
163.80 -60.46 -9999.00 -9999.00 -9999.00 254.69 86.81 -0.10
0.00 13334.28
149.80 -62.76 -9999.00 -9999.00 -9999.00 253.53 82.25 -0.10
0.00 13887.51
135.90 -64.86 -9999.00 -9999.00 -9999.00 251.42 74.40 -0.10
0.00 14484.24
121.90 -66.86 -9999.00 -9999.00 -9999.00 246.76 64.47 -0.10
0.00 15143.90
107.90 -68.46 -9999.00 -9999.00 -9999.00 239.82 53.71 -0.10
0.00 15877.71
94.00 -68.56 -9999.00 -9999.00 -9999.00 234.99 49.09 0.00
0.00 16703.80
81.00 -66.36 -9999.00 -9999.00 -9999.00 245.21 44.93 0.00
0.00 17599.98
70.60 -62.76 -9999.00 -9999.00 -9999.00 249.30 37.37 0.00
0.00 18439.02
62.20 -60.46 -9999.00 -9999.00 -9999.00 234.61 25.49 0.00
0.00 19223.40
54.30 -60.46 -9999.00 -9999.00 -9999.00 226.59 19.79 0.00
0.00 20069.05
46.90 -60.46 -9999.00 -9999.00 -9999.00 227.07 22.82 0.00
0.00 20981.16
40.10 -57.96 -9999.00 -9999.00 -9999.00 237.99 16.49 0.00
0.00 21962.10
33.80 -57.46 -9999.00 -9999.00 -9999.00 225.00 8.24 0.00
0.00 23039.93
27.80 -57.76 -9999.00 -9999.00 -9999.00 279.29 10.82 0.00
0.00 24272.90
22.30 -55.56 -9999.00 -9999.00 -9999.00 287.04 12.59 0.00
0.00 25669.88
17.10 -53.16 -9999.00 -9999.00 -9999.00 270.00 14.37 0.00
0.00 27370.27
12.30 -49.46 -9999.00 -9999.00 -9999.00 276.58 25.43 0.00
0.00 29509.76

STID = KAMA STNM = 723630 TIME = 221026/2300 
SLAT = 35.23 SLON = -101.70 SELV = 1104.0
STIM = 11

SHOW = 6.64 LIFT = 6.68 SWET = 230.77 KINX = 12.80
LCLP = 624.84 PWAT = 9.76 TOTL = 39.31 CAPE = 0.00
LCLT = 264.23 CINS = 0.00 EQLV = -9999.00 LFCT = -9999.00
BRCH = 0.00

PRES TMPC TMWC DWPC THTE DRCT SKNT OMEG
CFRL HGHT
886.40 18.84 7.97 -4.34 312.11 180.92 12.04 0.00
0.00 1115.59
883.80 18.54 7.81 -4.42 312.03 181.47 15.15 0.00
0.00 1140.73
879.00 18.04 7.53 -4.54 311.94 181.30 17.09 0.00
0.00 1187.27
870.70 17.24 7.08 -4.71 311.90 182.44 18.28 0.00
0.00 1268.18
858.60 16.04 6.41 -4.93 311.83 182.92 19.06 0.00
0.00 1387.11
843.10 14.54 5.56 -5.22 311.79 184.00 19.46 0.00
0.00 1541.21
824.80 12.74 4.53 -5.55 311.76 185.04 19.89 0.00
0.00 1725.78
805.00 10.74 3.36 -5.95 311.67 186.58 20.34 0.00
0.00 1928.78
783.70 8.64 2.11 -6.39 311.68 187.67 20.38 0.00
0.00 2151.21
760.10 6.54 0.64 -7.44 311.63 189.82 20.49 0.00
0.00 2402.92
734.40 4.94 -0.77 -9.15 312.09 215.41 19.77 0.00
0.00 2684.18
706.30 3.14 -1.71 -8.66 314.20 231.51 20.59 -0.10
0.00 3001.25
676.10 0.74 -3.95 -11.62 313.89 244.15 20.94 -0.20
0.00 3353.68
643.60 -1.86 -6.12 -13.81 314.45 246.80 22.18 -0.20
0.00 3747.28
608.80 -4.46 -8.94 -19.04 314.37 255.21 25.12 -0.10
0.00 4187.05
571.40 -7.46 -11.45 -21.56 315.90 261.87 30.23 0.00
0.00 4683.30
531.80 -11.26 -14.47 -23.67 317.42 264.05 37.49 0.20
0.00 5238.26
493.00 -15.36 -17.76 -25.60 318.95 264.34 45.28 0.30
0.00 5814.82
457.60 -18.66 -20.97 -30.55 320.60 259.25 54.18 0.30
0.00 6373.77
425.30 -22.06 -24.30 -36.94 322.01 255.87 60.49 0.30
0.00 6915.59
395.90 -25.76 -27.60 -40.61 323.46 258.88 68.49 0.20
0.00 7438.30
368.70 -29.76 -31.13 -42.75 324.62 259.40 73.91 0.20
0.00 7949.65
343.90 -34.26 -35.16 -44.63 324.91 257.45 74.22 0.20
0.00 8441.22
321.30 -38.56 -39.18 -47.71 325.13 254.60 73.14 0.30
0.00 8912.33
300.50 -42.26 -42.69 -50.12 326.06 253.10 73.48 0.30
0.00 9368.32
281.60 -44.36 -44.76 -52.92 329.03 253.31 78.48 0.30
0.00 9805.38
264.30 -44.96 -45.48 -59.10 333.96 254.85 86.95 0.30
0.00 10229.46
248.10 -45.76 -46.31 -63.53 338.78 257.05 91.88 0.30
0.00 10651.22
233.20 -46.86 -47.40 -66.98 343.11 258.64 90.73 0.20
0.00 11062.47
219.50 -48.66 -49.15 -72.27 346.27 259.09 88.23 0.20
0.00 11461.92
205.60 -51.36 -51.74 -72.72 348.56 258.94 87.08 0.10
0.00 11889.22
191.70 -54.56 -54.84 -73.19 350.48 258.14 86.95 0.10
0.00 12340.39
177.70 -57.76 -57.96 -73.70 352.91 256.51 88.29 0.10
0.00 12822.07
163.80 -60.26 -9999.00 -9999.00 -9999.00 254.99 88.48 0.10
0.00 13332.62
149.80 -62.36 -9999.00 -9999.00 -9999.00 253.87 83.92 0.00
0.00 13886.63
135.90 -64.26 -9999.00 -9999.00 -9999.00 252.83 75.02 0.00
0.00 14484.78
121.90 -66.26 -9999.00 -9999.00 -9999.00 249.26 64.18 -0.10
0.00 15146.36
107.90 -68.36 -9999.00 -9999.00 -9999.00 243.43 55.17 -0.10
0.00 15881.41
94.00 -69.16 -9999.00 -9999.00 -9999.00 237.55 49.96 0.00
0.00 16706.50
81.00 -67.26 -9999.00 -9999.00 -9999.00 243.65 46.39 0.00
0.00 17599.40
70.60 -63.26 -9999.00 -9999.00 -9999.00 247.18 38.56 0.00
0.00 18435.63
62.20 -60.16 -9999.00 -9999.00 -9999.00 233.82 25.99 0.00
0.00 19219.64
54.30 -59.96 -9999.00 -9999.00 -9999.00 233.57 20.28 0.00
0.00 20066.88
46.90 -60.26 -9999.00 -9999.00 -9999.00 233.78 20.71 0.00
0.00 20980.49
40.10 -58.36 -9999.00 -9999.00 -9999.00 247.89 13.42 0.00
0.00 21960.97
33.80 -57.56 -9999.00 -9999.00 -9999.00 215.31 5.71 0.00
0.00 23037.55
27.80 -57.86 -9999.00 -9999.00 -9999.00 285.15 9.65 0.00
0.00 24269.95
22.30 -55.56 -9999.00 -9999.00 -9999.00 286.26 9.71 0.00
0.00 25666.60
17.10 -54.36 -9999.00 -9999.00 -9999.00 274.69 11.89 0.00
0.00 27362.33
12.30 -49.86 -9999.00 -9999.00 -9999.00 284.30 20.45 0.00
0.00 29494.11

STID = KAMA STNM = 723630 TIME = 221027/0000 
SLAT = 35.23 SLON = -101.70 SELV = 1104.0
STIM = 12

SHOW = 6.35 LIFT = 6.45 SWET = 231.96 KINX = 11.89
LCLP = 644.94 PWAT = 9.72 TOTL = 39.90 CAPE = 0.00
LCLT = 264.99 CINS = 0.00 EQLV = -9999.00 LFCT = -9999.00
BRCH = 0.00

PRES TMPC TMWC DWPC THTE DRCT SKNT OMEG
CFRL HGHT
886.30 17.04 7.26 -3.97 310.45 163.44 7.50 0.00
0.00 1114.56
883.70 17.54 7.44 -4.09 311.19 166.81 12.76 0.00
0.00 1139.58
878.90 17.54 7.37 -4.29 311.59 169.51 16.01 0.00
0.00 1186.01
870.60 17.04 7.02 -4.58 311.78 172.21 18.63 0.00
0.00 1266.84
858.50 16.04 6.43 -4.85 311.89 175.52 19.87 0.10
0.00 1385.74
843.00 14.54 5.57 -5.17 311.84 178.39 20.78 0.10
0.00 1539.86
824.70 12.74 4.54 -5.51 311.80 181.05 21.17 0.20
0.00 1724.45
804.90 10.74 3.38 -5.87 311.74 184.12 21.62 0.20
0.00 1927.48
783.60 8.64 2.12 -6.35 311.72 186.62 21.91 0.30
0.00 2149.94
760.10 6.54 0.51 -7.90 311.33 191.50 22.40 0.20
0.00 2400.59
734.30 5.24 -0.67 -9.35 312.32 216.43 20.28 0.10
0.00 2683.11
706.30 3.24 -2.01 -9.94 313.49 236.61 20.47 0.00
0.00 2999.27
676.10 0.84 -4.05 -12.22 313.66 246.80 20.71 -0.10
0.00 3351.79
643.60 -1.56 -6.32 -15.46 313.99 251.41 22.55 -0.10
0.00 3745.63
608.70 -4.16 -8.76 -19.04 314.74 259.97 25.64 -0.10
0.00 4187.16
571.40 -7.66 -11.38 -20.46 316.05 265.54 30.01 0.00
0.00 4682.23
531.80 -11.76 -14.52 -22.00 317.37 266.86 35.41 0.10
0.00 5236.50
493.00 -15.56 -17.84 -25.16 318.84 263.23 42.83 0.20
0.00 5812.32
457.50 -18.76 -21.14 -31.38 320.32 258.48 52.53 0.30
0.00 6372.58
425.30 -22.16 -24.34 -36.43 321.95 259.12 60.72 0.30
0.00 6912.57
395.90 -25.86 -27.50 -37.91 323.66 259.94 67.87 0.30
0.00 7435.09
368.70 -29.86 -31.10 -40.96 324.67 255.58 70.20 0.30
0.00 7946.25
343.90 -34.46 -35.27 -43.40 324.75 255.06 71.58 0.20
0.00 8437.52
321.30 -38.86 -39.31 -44.83 324.94 257.70 74.75 0.20
0.00 8908.14
300.50 -41.96 -42.36 -48.87 326.57 257.19 77.10 0.20
0.00 9364.15
281.60 -44.16 -44.62 -54.79 329.24 255.83 80.15 0.10
0.00 9801.69
264.30 -45.76 -46.25 -60.85 332.75 256.47 84.71 0.10
0.00 10225.20
248.10 -46.66 -47.18 -66.53 337.39 257.83 88.42 0.20
0.00 10645.39
233.20 -47.46 -47.96 -66.98 342.20 258.62 89.57 0.20
0.00 11055.28
219.50 -48.76 -49.24 -72.27 346.12 258.52 88.79 0.20
0.00 11454.10
205.60 -51.16 -51.55 -72.72 348.88 257.99 87.78 0.20
0.00 11881.50
191.70 -54.46 -54.74 -73.19 350.64 257.24 87.04 0.10
0.00 12332.98
177.70 -57.66 -57.86 -73.70 353.07 255.81 87.16 0.10
0.00 12814.88
163.80 -60.16 -9999.00 -9999.00 -9999.00 254.57 86.85 0.10
0.00 13325.67
149.80 -62.16 -9999.00 -9999.00 -9999.00 254.37 82.91 0.10
0.00 13880.07
135.90 -63.76 -9999.00 -9999.00 -9999.00 253.46 74.36 0.00
0.00 14479.22
121.90 -65.36 -9999.00 -9999.00 -9999.00 249.46 63.68 0.00
0.00 15143.03
107.90 -67.56 -9999.00 -9999.00 -9999.00 243.62 55.07 0.00
0.00 15881.12
94.00 -68.56 -9999.00 -9999.00 -9999.00 239.26 51.30 0.00
0.00 16709.03
81.00 -66.76 -9999.00 -9999.00 -9999.00 243.54 47.96 0.00
0.00 17604.33
70.60 -62.96 -9999.00 -9999.00 -9999.00 246.73 40.81 0.00
0.00 18442.17
62.20 -59.96 -9999.00 -9999.00 -9999.00 242.90 27.72 0.00
0.00 19227.10
54.30 -59.76 -9999.00 -9999.00 -9999.00 240.40 19.66 0.00
0.00 20075.13
46.90 -60.46 -9999.00 -9999.00 -9999.00 240.10 17.93 0.00
0.00 20988.75
40.10 -59.06 -9999.00 -9999.00 -9999.00 247.38 12.63 0.00
0.00 21967.16
33.80 -57.66 -9999.00 -9999.00 -9999.00 200.22 7.87 0.00
0.00 23041.74
27.80 -57.46 -9999.00 -9999.00 -9999.00 267.34 8.35 0.00
0.00 24274.99
22.30 -56.16 -9999.00 -9999.00 -9999.00 280.71 7.32 0.00
0.00 25671.01
17.10 -55.86 -9999.00 -9999.00 -9999.00 268.21 12.43 0.00
0.00 27358.57
12.30 -50.26 -9999.00 -9999.00 -9999.00 268.39 20.78 0.00
0.00 29481.19

STID = KAMA STNM = 723630 TIME = 221027/0100 
SLAT = 35.23 SLON = -101.70 SELV = 1104.0
STIM = 13

SHOW = 6.12 LIFT = 6.26 SWET = 235.60 KINX = 11.48
LCLP = 664.63 PWAT = 9.71 TOTL = 40.40 CAPE = 0.00
LCLT = 265.51 CINS = 0.00 EQLV = -9999.00 LFCT = -9999.00
BRCH = 0.00

PRES TMPC TMWC DWPC THTE DRCT SKNT OMEG
CFRL HGHT
886.60 15.14 6.42 -3.84 308.46 151.26 6.88 0.00
0.00 1114.48
883.90 16.34 6.92 -4.00 309.94 156.28 14.01 0.00
0.00 1140.33
879.10 17.04 7.15 -4.24 311.06 159.37 17.64 -0.10
0.00 1186.61
870.80 16.94 7.00 -4.49 311.72 164.28 20.78 0.00
0.00 1267.33
858.70 15.94 6.42 -4.72 311.85 168.98 22.36 0.00
0.00 1386.17
843.20 14.54 5.61 -5.04 311.91 173.18 22.88 0.00
0.00 1540.23
824.90 12.84 4.61 -5.42 311.95 177.09 22.96 0.00
0.00 1724.81
805.10 10.84 3.45 -5.82 311.86 180.97 22.92 0.00
0.00 1927.87
783.80 8.74 2.19 -6.26 311.87 184.93 22.61 0.00
0.00 2150.34
760.30 6.64 0.55 -7.94 311.39 194.27 22.84 0.00
0.00 2401.03
734.50 5.24 -0.71 -9.49 312.21 215.29 21.17 -0.10
0.00 2683.52
706.50 3.24 -2.18 -10.59 313.07 238.85 20.65 -0.30
0.00 2999.57
676.20 1.04 -4.11 -12.91 313.51 250.38 20.82 -0.40
0.00 3353.28
643.70 -1.46 -6.46 -16.37 313.68 254.48 21.78 -0.40
0.00 3747.25
608.90 -4.46 -8.73 -17.92 314.80 262.65 24.28 -0.30
0.00 4187.25
571.50 -8.06 -11.28 -18.66 316.27 266.88 28.59 -0.20
0.00 4682.92
531.90 -12.06 -14.48 -20.77 317.44 265.70 33.70 0.00
0.00 5236.42
493.00 -15.76 -18.12 -26.07 318.32 261.19 41.86 0.10
0.00 5813.13
457.60 -18.86 -21.50 -34.29 319.65 258.06 51.63 0.20
0.00 6371.38
425.40 -22.36 -24.63 -38.33 321.42 258.84 59.21 0.30
0.00 6910.89
395.90 -26.06 -27.60 -37.14 323.51 258.40 66.63 0.30
0.00 7434.69
368.80 -30.06 -31.25 -40.63 324.42 253.73 70.01 0.20
0.00 7943.50
344.00 -34.46 -35.29 -43.79 324.69 252.15 71.62 0.10
0.00 8434.43
321.30 -38.96 -39.40 -44.83 324.80 255.42 74.86 0.10
0.00 8906.96
300.50 -42.46 -42.78 -47.76 325.94 258.16 77.60 0.20
7.00 9362.38
281.60 -44.06 -44.52 -54.79 329.38 259.65 82.15 0.30
0.00 9799.54
264.30 -44.86 -45.43 -63.05 334.03 259.76 87.45 0.20
0.00 10223.98
248.10 -46.06 -46.61 -66.53 338.28 258.10 89.53 0.20
0.00 10645.56
233.20 -47.36 -47.87 -66.98 342.35 256.29 90.17 0.10
0.00 11056.08
219.50 -49.06 -49.53 -72.27 345.66 255.58 91.26 0.20
0.00 11454.73
205.60 -51.46 -51.84 -72.72 348.41 255.64 91.63 0.20
0.00 11881.55
191.70 -54.56 -54.84 -73.19 350.48 255.43 90.33 0.20
0.00 12332.62
177.70 -57.66 -57.86 -73.70 353.07 255.15 89.43 0.20
0.00 12814.41
163.80 -60.06 -9999.00 -9999.00 -9999.00 255.33 88.95 0.20
0.00 13325.32
149.80 -61.66 -9999.00 -9999.00 -9999.00 255.16 84.21 0.10
0.00 13880.51
135.80 -63.46 -9999.00 -9999.00 -9999.00 253.26 74.84 0.00
0.00 14485.33
121.90 -65.06 -9999.00 -9999.00 -9999.00 249.06 64.69 0.00
0.00 15145.59
107.90 -66.66 -9999.00 -9999.00 -9999.00 243.08 55.34 -0.10
0.00 15885.82
94.00 -67.96 -9999.00 -9999.00 -9999.00 242.25 50.49 -0.10
0.00 16716.76
81.00 -66.46 -9999.00 -9999.00 -9999.00 250.41 45.77 0.00
0.00 17614.03
70.60 -63.36 -9999.00 -9999.00 -9999.00 255.69 39.30 0.00
0.00 18451.66
62.20 -60.96 -9999.00 -9999.00 -9999.00 253.65 30.36 0.00
0.00 19234.00
54.30 -59.46 -9999.00 -9999.00 -9999.00 240.48 18.53 0.00
0.00 20080.64
46.90 -59.16 -9999.00 -9999.00 -9999.00 234.38 16.01 0.00
0.00 20997.69
40.10 -57.76 -9999.00 -9999.00 -9999.00 240.69 12.70 0.00
0.00 21982.06
33.80 -57.16 -9999.00 -9999.00 -9999.00 228.37 7.01 0.00
0.00 23061.15
27.80 -57.86 -9999.00 -9999.00 -9999.00 265.60 7.60 0.00
0.00 24294.69
22.30 -57.56 -9999.00 -9999.00 -9999.00 251.57 6.14 0.00
0.00 25684.89
17.10 -56.46 -9999.00 -9999.00 -9999.00 264.52 14.24 0.00
0.00 27364.69
12.30 -50.06 -9999.00 -9999.00 -9999.00 272.45 22.75 0.00
0.00 29485.37

STID = KAMA STNM = 723630 TIME = 221027/0200 
SLAT = 35.23 SLON = -101.70 SELV = 1104.0
STIM = 14

SHOW = 6.07 LIFT = 6.31 SWET = 238.76 KINX = 11.88
LCLP = 678.96 PWAT = 9.81 TOTL = 40.57 CAPE = 0.00
LCLT = 265.91 CINS = 0.00 EQLV = -9999.00 LFCT = -9999.00
BRCH = 0.00

PRES TMPC TMWC DWPC THTE DRCT SKNT OMEG
CFRL HGHT
886.80 13.84 5.85 -3.71 307.13 138.37 7.01 0.00
0.00 1115.38
884.20 14.94 6.32 -3.83 308.52 143.91 14.18 -0.10
0.00 1140.14
879.40 16.04 6.76 -4.03 310.10 148.83 18.40 -0.10
0.00 1186.23
871.10 16.44 6.83 -4.28 311.29 155.39 22.86 -0.10
0.00 1266.71
859.00 15.74 6.36 -4.59 311.69 161.15 25.25 0.00
0.00 1385.37
843.50 14.44 5.56 -5.04 311.76 166.71 25.35 0.00
0.00 1539.30
825.20 12.74 4.52 -5.58 311.69 171.36 24.55 0.10
0.00 1723.74
805.30 10.94 3.41 -6.12 311.74 176.72 23.74 0.20
0.00 1927.75
784.00 8.94 2.11 -6.91 311.62 185.86 22.84 0.30
0.00 2150.28
760.50 7.24 0.65 -8.75 311.52 203.60 21.83 0.20
0.00 2401.23
734.70 5.34 -0.39 -8.52 312.91 223.15 21.31 0.10
0.00 2684.00
706.60 3.34 -1.94 -9.88 313.60 243.21 21.97 0.00
0.00 3001.27
676.40 1.14 -4.13 -13.26 313.41 255.72 22.05 -0.20
0.00 3353.87
643.90 -1.46 -6.35 -15.87 313.87 258.59 21.60 -0.30
0.00 3747.80
609.00 -4.76 -8.63 -16.60 315.01 261.10 22.61 -0.20
0.00 4188.73
571.60 -8.46 -11.28 -17.50 316.28 263.09 25.84 -0.10
0.00 4683.73
531.90 -12.36 -14.64 -20.53 317.17 262.02 30.79 0.10
0.00 5237.87
493.10 -15.86 -18.48 -28.12 317.64 258.04 40.31 0.20
0.00 5812.57
457.60 -18.86 -21.79 -38.23 319.11 256.13 50.21 0.30
0.00 6372.18
425.40 -22.46 -24.71 -38.33 321.30 257.51 57.50 0.30
0.00 6911.55
395.90 -26.36 -27.70 -35.54 323.36 257.29 65.31 0.30
0.00 7434.95
368.80 -30.46 -31.44 -38.61 324.14 253.84 71.19 0.30
0.00 7943.05
344.00 -34.56 -35.31 -42.65 324.66 251.28 74.46 0.20
0.00 8433.49
321.30 -38.86 -39.26 -44.03 325.02 251.70 75.49 0.10
0.00 8906.03
300.50 -42.36 -42.71 -48.30 326.04 255.96 77.68 0.20
4.00 9361.64
281.60 -44.36 -44.83 -55.89 328.91 260.82 84.01 0.20
0.00 9798.61
264.30 -45.36 -45.87 -60.85 333.34 261.27 89.61 0.20
0.00 10222.31
248.10 -46.16 -46.68 -63.53 338.18 258.22 92.27 0.20
0.00 10643.33
233.20 -46.86 -47.40 -66.98 343.11 255.62 95.45 0.20
0.00 11054.22
219.50 -48.56 -49.06 -72.27 346.43 254.12 96.54 0.20
0.00 11453.75
205.60 -51.26 -51.65 -72.72 348.72 252.84 94.13 0.20
0.00 11881.25
191.70 -54.36 -54.65 -73.19 350.80 252.41 91.90 0.10
0.00 12332.73
177.70 -57.46 -57.67 -73.70 353.40 253.23 90.89 0.10
0.00 12814.96
163.80 -59.96 -9999.00 -9999.00 -9999.00 254.94 89.72 0.10
0.00 13326.22
149.80 -61.86 -9999.00 -9999.00 -9999.00 256.72 86.23 0.00
0.00 13881.28
135.80 -63.46 -9999.00 -9999.00 -9999.00 256.41 78.54 -0.10
0.00 14485.82
121.90 -65.06 -9999.00 -9999.00 -9999.00 251.41 67.02 -0.10
0.00 15146.08
107.90 -66.56 -9999.00 -9999.00 -9999.00 244.94 56.39 -0.10
0.00 15886.49
94.00 -67.56 -9999.00 -9999.00 -9999.00 243.03 49.26 -0.10
0.00 16718.44
81.00 -66.46 -9999.00 -9999.00 -9999.00 252.20 44.48 0.00
0.00 17616.57
70.60 -64.16 -9999.00 -9999.00 -9999.00 260.77 39.96 0.00
0.00 18452.60
62.20 -61.76 -9999.00 -9999.00 -9999.00 256.39 31.37 0.00
0.00 19231.97
54.30 -59.76 -9999.00 -9999.00 -9999.00 242.33 17.99 0.00
0.00 20076.43
46.90 -60.06 -9999.00 -9999.00 -9999.00 220.82 11.29 0.00
0.00 20990.90
40.10 -58.86 -9999.00 -9999.00 -9999.00 222.58 9.75 0.00
0.00 21970.69
33.80 -57.76 -9999.00 -9999.00 -9999.00 198.43 7.36 0.00
0.00 23045.52
27.80 -57.26 -9999.00 -9999.00 -9999.00 207.30 6.78 0.00
0.00 24279.06
22.30 -56.86 -9999.00 -9999.00 -9999.00 246.19 7.23 0.00
0.00 25673.45
17.10 -54.16 -9999.00 -9999.00 -9999.00 276.16 19.93 0.00
0.00 27364.91
12.30 -48.96 -9999.00 -9999.00 -9999.00 272.78 28.01 0.00
0.00 29501.99

STID = KAMA STNM = 723630 TIME = 221027/0300 
SLAT = 35.23 SLON = -101.70 SELV = 1104.0
STIM = 15

SHOW = 6.07 LIFT = 6.37 SWET = 239.81 KINX = 12.19
LCLP = 698.07 PWAT = 10.21 TOTL = 40.73 CAPE = 0.00
LCLT = 267.04 CINS = 0.00 EQLV = -9999.00 LFCT = -9999.00
BRCH = 0.00

PRES TMPC TMWC DWPC THTE DRCT SKNT OMEG
CFRL HGHT
887.40 12.84 5.61 -2.91 306.57 127.87 8.86 0.00
0.00 1114.39
884.80 13.44 5.88 -2.95 307.48 133.51 15.79 -0.10
0.00 1139.03
879.90 13.94 6.06 -3.06 308.48 136.19 19.93 -0.10
0.00 1185.76
871.60 14.84 6.31 -3.50 310.07 143.65 25.56 -0.10
0.00 1265.70
859.50 14.94 6.10 -4.21 311.04 154.16 27.62 0.00
0.00 1383.80
844.00 14.34 5.51 -5.07 311.57 164.50 27.62 0.10
0.00 1537.40
825.70 12.94 4.53 -5.92 311.61 171.29 26.92 0.20
0.00 1721.76
805.80 11.14 3.38 -6.60 311.57 178.30 26.24 0.40
0.00 1925.78
784.50 9.54 2.23 -7.59 311.78 190.34 24.88 0.50
0.00 2148.46
760.90 8.04 1.05 -8.79 312.34 211.74 22.16 0.50
0.00 2400.95
735.10 5.74 0.12 -7.48 314.00 227.98 23.80 0.40
0.00 2684.19
707.00 3.64 -1.68 -9.53 314.10 245.13 23.54 0.30
0.00 3001.71
676.80 1.14 -3.75 -11.72 314.19 258.04 23.43 0.10
0.00 3354.34
644.20 -1.76 -5.97 -13.45 314.67 260.70 22.82 0.00
0.00 3749.13
609.30 -5.06 -8.43 -14.96 315.40 259.79 21.91 0.00
0.00 4189.45
571.80 -8.76 -11.33 -16.88 316.17 258.21 22.82 0.10
0.00 4685.06
532.10 -12.66 -14.89 -20.77 316.67 257.56 27.06 0.20
0.00 5238.37
493.20 -16.06 -18.85 -29.93 316.97 255.45 37.12 0.30
0.00 5813.80
457.80 -19.06 -22.05 -40.31 318.61 255.05 47.46 0.40
0.00 6371.19
425.50 -22.76 -24.91 -37.75 320.96 256.61 54.51 0.50
0.00 6911.52
396.00 -26.66 -27.80 -34.13 323.19 257.24 63.33 0.50
0.00 7434.17
368.80 -30.66 -31.43 -36.68 324.16 254.38 69.99 0.40
0.00 7943.58
344.00 -34.76 -35.40 -41.29 324.54 252.29 72.80 0.30
0.00 8433.63
321.30 -38.76 -39.24 -45.25 325.04 254.05 74.94 0.30
0.00 8906.07
300.50 -41.96 -42.39 -49.47 326.53 257.81 79.10 0.20
0.00 9362.17
281.60 -44.16 -44.62 -54.79 329.24 260.13 84.98 0.20
0.00 9799.71
264.30 -45.46 -45.94 -59.10 333.23 259.37 90.52 0.20
0.00 10223.50
248.10 -46.66 -47.13 -61.34 337.48 257.07 95.47 0.20
0.00 10643.97
233.20 -47.76 -48.25 -66.98 341.75 255.86 99.36 0.20
0.00 11053.60
219.50 -49.16 -49.62 -72.27 345.50 254.85 99.61 0.20
0.00 11451.80
205.60 -51.36 -51.74 -72.72 348.56 254.13 97.34 0.10
0.00 11878.62
191.70 -54.16 -54.45 -73.19 351.12 254.01 95.18 0.10
0.00 12330.21
177.70 -57.06 -9999.00 -9999.00 -9999.00 254.17 93.28 0.00
0.00 12813.10
163.80 -59.66 -9999.00 -9999.00 -9999.00 254.83 90.56 0.00
0.00 13325.20
149.80 -61.86 -9999.00 -9999.00 -9999.00 256.68 86.83 -0.10
0.00 13880.65
135.80 -63.86 -9999.00 -9999.00 -9999.00 257.74 80.52 -0.10
0.00 14484.61
121.90 -65.36 -9999.00 -9999.00 -9999.00 253.79 69.58 -0.20
0.00 15143.77
107.90 -66.16 -9999.00 -9999.00 -9999.00 244.05 56.82 -0.20
0.00 15884.35
94.00 -67.16 -9999.00 -9999.00 -9999.00 240.75 50.10 -0.10
0.00 16717.92
81.00 -66.96 -9999.00 -9999.00 -9999.00 248.84 45.20 0.00
0.00 17615.84
70.60 -64.76 -9999.00 -9999.00 -9999.00 257.38 40.02 0.10
0.00 18449.65
62.20 -62.16 -9999.00 -9999.00 -9999.00 257.35 31.06 0.10
0.00 19227.17
54.30 -60.26 -9999.00 -9999.00 -9999.00 232.07 18.96 0.00
0.00 20069.83
46.90 -60.56 -9999.00 -9999.00 -9999.00 193.63 13.19 0.00
0.00 20982.16
40.10 -58.66 -9999.00 -9999.00 -9999.00 204.84 11.56 0.00
0.00 21961.27
33.80 -56.76 -9999.00 -9999.00 -9999.00 194.04 7.21 0.00
0.00 23039.10
27.80 -56.26 -9999.00 -9999.00 -9999.00 242.45 5.03 0.00
0.00 24278.36
22.30 -56.66 -9999.00 -9999.00 -9999.00 276.71 13.31 0.00
0.00 25676.62
17.10 -54.36 -9999.00 -9999.00 -9999.00 282.63 23.10 0.00
0.00 27368.08
12.30 -49.76 -9999.00 -9999.00 -9999.00 276.18 23.45 0.00
0.00 29500.34

STID = KAMA STNM = 723630 TIME = 221027/0400 
SLAT = 35.23 SLON = -101.70 SELV = 1104.0
STIM = 16

SHOW = 6.06 LIFT = 6.32 SWET = 245.76 KINX = 11.97
LCLP = 709.05 PWAT = 10.23 TOTL = 40.97 CAPE = 0.00
LCLT = 267.83 CINS = 0.00 EQLV = -9999.00 LFCT = -9999.00
BRCH = 0.00

PRES TMPC TMWC DWPC THTE DRCT SKNT OMEG
CFRL HGHT
886.60 12.34 5.55 -2.32 306.57 130.49 10.47 0.00
0.00 1114.38
884.00 12.74 5.71 -2.40 307.23 134.12 17.85 -0.10
0.00 1139.00
879.20 12.94 5.73 -2.58 307.85 136.08 21.85 0.00
0.00 1184.68
870.90 13.64 5.84 -3.20 309.07 142.36 28.94 0.00
0.00 1264.38
858.70 14.14 5.81 -3.90 310.49 151.28 32.34 0.10
0.00 1383.15
843.30 13.94 5.44 -4.63 311.53 162.71 30.71 0.20
0.00 1535.59
825.00 12.94 4.49 -6.07 311.60 173.66 28.15 0.30
0.00 1719.98
805.10 11.54 3.41 -7.25 311.68 185.16 28.09 0.40
0.00 1924.31
783.90 10.04 2.30 -8.27 311.98 197.92 27.16 0.40
0.00 2146.46
760.30 8.54 1.27 -8.90 312.91 216.23 24.32 0.50
0.00 2399.58
734.50 6.14 0.09 -8.29 313.99 226.52 25.97 0.40
0.00 2683.48
706.50 3.94 -1.61 -9.84 314.32 244.44 24.77 0.30
0.00 3000.49
676.30 1.14 -3.49 -10.73 314.85 258.51 24.38 0.20
0.00 3353.58
643.80 -2.16 -5.89 -12.23 314.94 260.07 23.66 0.10
0.00 3747.19
608.90 -5.46 -8.51 -14.31 315.32 256.97 21.54 0.10
0.00 4187.18
571.50 -8.96 -11.43 -16.75 316.04 251.91 20.65 0.10
0.00 4681.22
531.90 -12.86 -15.22 -21.73 316.10 250.71 24.69 0.20
0.00 5232.95
493.00 -16.26 -19.20 -31.88 316.39 251.86 35.57 0.30
0.00 5808.13
457.60 -19.26 -22.24 -41.11 318.32 253.49 45.78 0.40
0.00 6365.29
425.40 -22.96 -24.96 -36.43 320.91 256.22 53.01 0.50
0.00 6903.70
395.90 -26.86 -27.88 -33.40 323.10 256.40 61.95 0.50
0.00 7426.08
368.80 -30.86 -31.67 -37.36 323.79 254.63 68.90 0.40
0.00 7933.27
343.90 -34.96 -35.62 -41.95 324.22 254.14 72.49 0.30
0.00 8424.95
321.30 -38.66 -39.15 -45.25 325.18 254.86 75.87 0.30
0.00 8895.27
300.50 -41.76 -42.20 -49.47 326.81 256.93 80.77 0.20
0.00 9351.66
281.60 -43.96 -44.41 -53.81 329.57 258.37 87.67 0.10
0.00 9789.59
264.30 -45.76 -46.18 -56.40 332.88 258.15 93.69 0.10
0.00 10213.29
248.10 -47.36 -47.76 -59.60 336.48 257.42 98.12 0.10
0.00 10632.83
233.20 -48.56 -48.98 -63.99 340.58 256.77 100.97 0.00
0.00 11041.10
219.50 -49.76 -50.17 -67.42 344.62 255.46 101.34 0.00
0.00 11438.06
205.60 -51.56 -51.93 -72.72 348.25 254.69 99.28 0.00
0.00 11864.12
191.70 -54.06 -54.36 -73.19 351.28 254.97 97.36 -0.10
0.00 12315.60
177.70 -57.06 -9999.00 -9999.00 -9999.00 255.77 95.59 -0.10
0.00 12798.61
163.80 -59.86 -9999.00 -9999.00 -9999.00 256.46 92.91 -0.10
0.00 13310.47
149.80 -62.36 -9999.00 -9999.00 -9999.00 256.79 88.38 -0.20
0.00 13865.01
135.80 -64.46 -9999.00 -9999.00 -9999.00 256.56 81.08 -0.20
0.00 14467.39
121.90 -65.56 -9999.00 -9999.00 -9999.00 253.55 69.27 -0.20
0.00 15125.28
107.90 -66.06 -9999.00 -9999.00 -9999.00 242.64 56.64 -0.10
0.00 15865.69
94.00 -67.16 -9999.00 -9999.00 -9999.00 237.17 50.16 -0.10
0.00 16699.45
81.00 -66.86 -9999.00 -9999.00 -9999.00 246.67 44.64 0.10
0.00 17597.59
70.60 -63.56 -9999.00 -9999.00 -9999.00 255.40 38.54 0.10
0.00 18434.02
62.20 -59.96 -9999.00 -9999.00 -9999.00 253.34 27.78 0.10
0.00 19217.84
54.30 -59.56 -9999.00 -9999.00 -9999.00 223.29 18.41 0.00
0.00 20066.27
46.90 -59.86 -9999.00 -9999.00 -9999.00 204.17 16.61 0.00
0.00 20981.60
40.10 -57.46 -9999.00 -9999.00 -9999.00 227.20 14.30 0.00
0.00 21965.06
33.80 -56.46 -9999.00 -9999.00 -9999.00 227.73 8.66 0.00
0.00 23046.65
27.80 -57.56 -9999.00 -9999.00 -9999.00 266.01 8.37 0.00
0.00 24283.04
22.30 -58.16 -9999.00 -9999.00 -9999.00 287.16 13.83 0.00
0.00 25672.28
17.10 -53.86 -9999.00 -9999.00 -9999.00 291.92 17.17 0.00
0.00 27359.85
12.30 -48.96 -9999.00 -9999.00 -9999.00 282.99 20.73 0.00
0.00 29498.38

STID = KAMA STNM = 723630 TIME = 221027/0500 
SLAT = 35.23 SLON = -101.70 SELV = 1104.0
STIM = 17

SHOW = 6.47 LIFT = 6.61 SWET = 253.26 KINX = 11.46
LCLP = 717.34 PWAT = 10.11 TOTL = 40.46 CAPE = 0.00
LCLT = 268.17 CINS = 0.00 EQLV = -9999.00 LFCT = -9999.00
BRCH = 0.00

PRES TMPC TMWC DWPC THTE DRCT SKNT OMEG
CFRL HGHT
887.60 11.84 5.38 -2.12 306.07 132.21 11.29 0.00
0.00 1114.36
885.00 12.04 5.43 -2.23 306.49 135.44 17.99 -0.10
0.00 1138.89
880.10 12.24 5.45 -2.42 307.11 137.15 21.99 0.00
0.00 1185.36
871.80 12.94 5.52 -3.15 308.25 143.36 29.29 0.10
0.00 1264.78
859.70 13.14 5.41 -3.69 309.44 151.34 35.64 0.20
0.00 1382.11
844.20 13.34 5.33 -4.05 311.20 160.96 35.14 0.30
0.00 1534.95
825.80 13.24 4.52 -6.50 311.54 173.99 29.68 0.40
0.00 1720.06
806.00 12.04 3.49 -7.91 311.70 189.46 28.36 0.50
0.00 1923.42
784.70 10.74 2.67 -8.20 312.70 206.04 28.32 0.50
0.00 2146.84
761.10 8.84 1.47 -8.74 313.24 216.62 26.38 0.60
0.00 2400.15
735.30 6.54 0.07 -9.13 313.79 226.23 25.56 0.60
0.00 2684.10
707.20 4.34 -1.34 -9.63 314.81 247.67 23.52 0.50
0.00 3002.35
676.90 1.14 -3.45 -10.57 314.86 258.69 22.79 0.40
0.00 3356.54
644.30 -2.16 -5.85 -12.11 314.93 258.08 21.64 0.40
0.00 3751.03
609.40 -5.36 -8.48 -14.42 315.30 251.38 19.46 0.40
0.00 4190.76
571.90 -8.86 -11.52 -17.42 315.78 244.20 19.64 0.30
0.00 4685.91
532.20 -12.76 -15.44 -23.35 315.62 245.26 24.59 0.30
0.00 5238.85
493.30 -16.16 -19.29 -33.75 316.14 249.33 34.67 0.30
0.00 5813.86
457.80 -19.36 -22.34 -41.53 318.12 252.29 43.43 0.30
0.00 6372.29
425.50 -23.06 -24.88 -34.60 321.04 253.78 50.78 0.30
0.00 6911.99
396.00 -26.96 -27.92 -33.05 323.01 254.16 59.77 0.30
0.00 7434.04
368.80 -31.06 -31.84 -37.36 323.52 254.19 67.04 0.30
0.00 7942.73
344.00 -35.16 -35.79 -41.95 323.92 253.05 71.27 0.20
0.00 8431.96
321.30 -38.66 -39.13 -44.83 325.22 252.92 75.39 0.20
0.00 8904.10
300.50 -41.56 -42.00 -48.87 327.13 254.56 81.00 0.10
0.00 9360.69
281.60 -43.96 -44.36 -52.12 329.65 256.12 88.25 0.10
0.00 9798.80
264.30 -45.86 -46.22 -54.34 332.81 257.84 94.99 0.10
0.00 10222.42
248.10 -47.46 -47.83 -58.16 336.37 259.67 100.70 0.10
0.00 10641.79
233.20 -48.66 -49.07 -63.99 340.43 260.12 104.12 0.00
0.00 11049.87
219.50 -49.96 -50.36 -67.42 344.32 257.93 103.09 0.00
0.00 11446.57
205.60 -51.86 -52.22 -72.72 347.78 255.32 100.41 0.00
0.00 11872.15
191.70 -54.46 -54.74 -73.19 350.64 254.46 98.60 -0.10
0.00 12322.91
177.70 -57.56 -57.76 -73.70 353.24 255.18 96.45 -0.20
0.00 12804.92
163.80 -60.66 -9999.00 -9999.00 -9999.00 255.91 93.34 -0.20
0.00 13315.23
149.80 -62.86 -9999.00 -9999.00 -9999.00 255.87 87.53 -0.20
0.00 13868.07
135.90 -64.26 -9999.00 -9999.00 -9999.00 254.93 78.46 -0.20
0.00 14465.51
121.90 -65.26 -9999.00 -9999.00 -9999.00 250.62 67.33 -0.20
0.00 15128.67
107.90 -66.26 -9999.00 -9999.00 -9999.00 241.71 57.79 -0.20
0.00 15869.26
94.00 -67.56 -9999.00 -9999.00 -9999.00 236.55 52.16 -0.10
0.00 16701.82
81.00 -66.66 -9999.00 -9999.00 -9999.00 245.12 44.33 0.00
0.00 17599.52
70.60 -62.46 -9999.00 -9999.00 -9999.00 250.97 35.76 0.10
0.00 18438.56
62.20 -58.66 -9999.00 -9999.00 -9999.00 246.68 24.53 0.00
0.00 19226.84
54.30 -59.96 -9999.00 -9999.00 -9999.00 220.91 15.42 0.00
0.00 20077.05
46.90 -60.56 -9999.00 -9999.00 -9999.00 205.29 19.54 0.00
0.00 20990.02
40.10 -57.46 -9999.00 -9999.00 -9999.00 223.42 14.98 0.00
0.00 21971.88
33.80 -55.96 -9999.00 -9999.00 -9999.00 210.70 7.23 0.00
0.00 23054.71
27.80 -56.96 -9999.00 -9999.00 -9999.00 268.45 7.19 0.00
0.00 24294.26
22.30 -57.16 -9999.00 -9999.00 -9999.00 289.00 12.53 0.00
0.00 25688.66
17.10 -54.26 -9999.00 -9999.00 -9999.00 282.53 12.53 0.00
0.00 27378.56
12.30 -48.96 -9999.00 -9999.00 -9999.00 290.36 20.10 0.00
0.00 29515.16

STID = KAMA STNM = 723630 TIME = 221027/0600 
SLAT = 35.23 SLON = -101.70 SELV = 1104.0
STIM = 18

SHOW = 6.80 LIFT = 6.75 SWET = 246.50 KINX = 10.83
LCLP = 731.48 PWAT = 9.76 TOTL = 39.79 CAPE = 0.00
LCLT = 268.85 CINS = 0.00 EQLV = -9999.00 LFCT = -9999.00
BRCH = 0.00

PRES TMPC TMWC DWPC THTE DRCT SKNT OMEG
CFRL HGHT
886.10 10.84 5.03 -1.71 305.48 135.00 10.72 0.00
0.00 1114.34
883.50 10.94 5.04 -1.79 305.81 137.82 16.78 0.00
0.00 1138.82
878.60 10.94 4.99 -1.90 306.28 139.28 20.24 0.00
0.00 1185.18
870.40 11.34 5.06 -2.17 307.43 144.90 26.36 0.10
0.00 1263.39
858.20 12.14 5.19 -2.83 309.18 157.56 32.58 0.20
0.00 1381.37
842.70 14.14 5.20 -5.88 310.95 176.59 32.69 0.30
0.00 1534.41
824.50 13.94 4.43 -8.22 311.39 187.17 31.14 0.40
0.00 1718.25
804.70 12.44 3.70 -7.83 312.35 200.22 31.47 0.40
0.00 1922.31
783.40 10.84 2.72 -8.18 312.99 211.73 29.91 0.40
0.00 2146.30
759.90 8.94 1.51 -8.76 313.49 219.49 27.18 0.40
0.00 2399.03
734.10 6.94 0.29 -9.06 314.45 235.94 25.33 0.30
0.00 2683.69
706.10 4.24 -1.37 -9.55 314.90 248.11 22.40 0.30
0.00 3001.49
675.90 1.14 -3.54 -10.89 314.81 250.59 21.62 0.20
0.00 3354.97
643.40 -1.96 -5.92 -12.78 314.92 249.57 21.13 0.20
0.00 3748.95
608.60 -5.16 -8.61 -15.41 315.16 244.16 20.51 0.20
0.00 4188.30
571.30 -8.86 -11.87 -18.98 315.21 239.89 22.46 0.10
0.00 4681.52
531.70 -12.76 -15.77 -25.47 315.08 242.72 27.97 0.10
0.00 5233.55
492.90 -16.16 -19.49 -36.59 315.83 248.20 35.57 0.10
0.00 5807.54
457.50 -19.56 -22.47 -41.11 317.96 248.78 42.93 0.10
0.00 6364.57
425.30 -23.46 -25.08 -33.40 320.78 249.68 50.33 0.10
0.00 6902.27
395.80 -27.36 -28.12 -32.07 322.74 252.54 57.63 0.20
0.00 7423.75
368.70 -31.36 -32.03 -36.68 323.25 252.94 64.22 0.20
0.00 7930.06
343.90 -35.26 -35.90 -42.29 323.77 251.67 69.77 0.20
0.00 8419.02
321.20 -38.46 -38.99 -45.70 325.45 251.43 76.85 0.20
0.00 8891.39
300.50 -41.16 -41.63 -48.87 327.70 252.77 84.60 0.20
0.00 9346.44
281.60 -43.96 -44.33 -51.37 329.69 254.61 91.47 0.20
0.00 9784.94
264.30 -46.46 -46.76 -53.46 331.97 257.35 97.55 0.20
0.00 10208.00
248.10 -47.96 -48.31 -58.16 335.63 259.64 103.67 0.20
0.00 10626.35
233.20 -48.96 -49.36 -63.99 339.97 259.79 107.38 0.10
0.00 11033.71
219.50 -50.16 -50.55 -67.42 344.01 257.39 105.89 0.10
0.00 11429.96
205.60 -52.16 -52.51 -72.72 347.31 254.53 103.40 0.00
0.00 11855.06
191.70 -54.96 -55.22 -73.19 349.83 253.54 101.48 -0.10
0.00 12305.01
177.70 -57.96 -58.15 -73.70 352.58 253.70 98.97 -0.10
0.00 12786.02
163.80 -60.96 -9999.00 -9999.00 -9999.00 253.81 95.47 -0.10
0.00 13295.49
149.80 -63.16 -9999.00 -9999.00 -9999.00 254.12 89.47 -0.10
0.00 13847.55
135.80 -64.66 -9999.00 -9999.00 -9999.00 253.02 79.82 -0.10
0.00 14448.50
121.90 -65.76 -9999.00 -9999.00 -9999.00 247.96 69.37 -0.10
0.00 15105.75
107.90 -66.96 -9999.00 -9999.00 -9999.00 243.04 62.98 -0.10
0.00 15844.20
94.00 -67.66 -9999.00 -9999.00 -9999.00 241.97 57.87 0.00
0.00 16675.14
81.00 -66.36 -9999.00 -9999.00 -9999.00 250.25 48.29 0.00
0.00 17573.27
70.60 -63.06 -9999.00 -9999.00 -9999.00 250.92 38.03 0.00
0.00 18411.71
62.20 -58.86 -9999.00 -9999.00 -9999.00 240.44 29.93 0.00
0.00 19198.50
54.30 -59.36 -9999.00 -9999.00 -9999.00 221.48 17.89 0.00
0.00 20049.51
46.90 -60.46 -9999.00 -9999.00 -9999.00 212.43 22.09 0.00
0.00 20963.98
40.10 -57.96 -9999.00 -9999.00 -9999.00 227.35 20.07 0.00
0.00 21944.92
33.80 -56.76 -9999.00 -9999.00 -9999.00 207.03 10.68 0.00
0.00 23024.51
27.80 -57.56 -9999.00 -9999.00 -9999.00 242.93 9.81 0.00
0.00 24260.05
22.30 -56.76 -9999.00 -9999.00 -9999.00 283.76 9.79 0.00
0.00 25653.80
17.10 -53.66 -9999.00 -9999.00 -9999.00 288.15 12.47 0.00
0.00 27347.59
12.30 -49.36 -9999.00 -9999.00 -9999.00 290.12 20.90 0.00
0.00 29485.15

STID = KAMA STNM = 723630 TIME = 221027/0700 
SLAT = 35.23 SLON = -101.70 SELV = 1104.0
STIM = 19

SHOW = 6.89 LIFT = 6.57 SWET = 228.78 KINX = 10.09
LCLP = 750.79 PWAT = 9.62 TOTL = 39.33 CAPE = 0.00
LCLT = 269.82 CINS = 0.00 EQLV = -9999.00 LFCT = -9999.00
BRCH = 0.00

PRES TMPC TMWC DWPC THTE DRCT SKNT OMEG
CFRL HGHT
886.00 9.74 4.71 -1.08 304.81 136.59 9.89 0.00
0.00 1114.30
883.30 9.94 4.78 -1.13 305.29 139.55 15.58 0.00
0.00 1139.64
878.50 9.84 4.67 -1.27 305.61 140.96 18.51 0.00
0.00 1184.90
870.20 10.44 4.76 -1.78 306.78 148.55 23.45 0.10
0.00 1263.80
858.10 12.24 4.93 -3.83 308.54 174.07 30.07 0.20
0.00 1380.66
842.60 14.84 5.26 -6.95 311.03 194.55 31.70 0.20
0.00 1533.91
824.40 14.54 4.95 -7.23 312.66 206.57 29.97 0.30
0.00 1718.20
804.60 13.04 3.99 -7.83 313.02 211.81 29.49 0.30
0.00 1922.72
783.30 11.24 2.75 -8.88 313.02 215.75 29.91 0.30
0.00 2147.11
759.80 9.14 1.60 -8.81 313.70 222.32 29.43 0.20
0.00 2400.14
734.00 6.84 0.28 -8.91 314.45 232.87 26.07 0.10
0.00 2684.88
706.00 4.14 -1.52 -9.89 314.59 239.89 22.46 0.00
0.00 3002.61
675.80 1.04 -3.64 -11.05 314.61 242.29 21.72 0.00
0.00 3356.01
643.40 -2.06 -5.99 -12.84 314.77 248.00 20.75 0.10
0.00 3748.65
608.50 -5.36 -8.86 -15.94 314.69 247.01 20.88 0.10
0.00 4189.04
571.20 -8.86 -12.21 -20.73 314.55 244.46 24.32 0.00
0.00 4682.12
531.60 -12.76 -15.97 -26.89 314.74 246.75 28.54 0.00
0.00 5234.20
492.90 -16.26 -19.40 -34.22 316.02 245.71 34.95 0.10
0.00 5806.65
457.50 -19.96 -22.59 -37.62 317.82 247.11 41.96 0.20
0.00 6363.17
425.30 -23.56 -24.96 -31.64 321.00 249.44 49.79 0.30
0.00 6900.36
395.80 -27.46 -28.22 -32.23 322.57 251.50 57.56 0.30
0.00 7421.65
368.70 -31.46 -32.24 -38.09 322.90 250.74 64.20 0.30
0.00 7927.74
343.90 -35.16 -35.88 -43.40 323.80 249.31 70.40 0.20
0.00 8416.68
321.20 -38.36 -38.90 -45.70 325.59 249.70 77.25 0.10
0.00 8889.25
300.50 -41.16 -41.63 -48.87 327.70 251.48 85.63 0.10
0.00 9344.40
281.60 -44.06 -44.43 -51.37 329.54 252.55 92.64 0.10
0.00 9782.80
264.30 -46.66 -46.95 -53.46 331.68 254.38 98.83 0.10
0.00 10205.58
248.10 -48.46 -48.78 -58.16 334.88 257.04 105.65 0.10
0.00 10623.29
233.20 -49.66 -50.02 -63.99 338.91 258.07 108.99 0.10
0.00 11029.56
219.50 -50.66 -51.02 -67.42 343.24 255.96 107.32 0.00
0.00 11424.75
205.60 -52.36 -52.70 -72.72 346.99 252.77 104.93 0.00
0.00 11849.18
191.70 -54.96 -55.22 -73.19 349.83 251.46 103.26 -0.10
0.00 12298.92
177.70 -57.96 -58.15 -73.70 352.58 251.77 100.62 -0.10
0.00 12779.93
163.80 -60.76 -9999.00 -9999.00 -9999.00 252.95 96.72 -0.10
0.00 13289.64
149.80 -63.16 -9999.00 -9999.00 -9999.00 252.86 89.65 -0.10
0.00 13841.96
135.80 -64.86 -9999.00 -9999.00 -9999.00 250.56 80.54 -0.10
0.00 14442.62
121.90 -66.26 -9999.00 -9999.00 -9999.00 246.52 72.65 -0.10
0.00 15098.77
107.90 -67.26 -9999.00 -9999.00 -9999.00 245.51 67.02 -0.10
0.00 15835.79
94.00 -67.16 -9999.00 -9999.00 -9999.00 248.34 59.98 0.00
0.00 16667.13
81.00 -65.26 -9999.00 -9999.00 -9999.00 256.45 49.75 0.10
0.00 17568.75
70.60 -61.76 -9999.00 -9999.00 -9999.00 257.17 35.86 0.10
0.00 18412.01
62.20 -58.56 -9999.00 -9999.00 -9999.00 236.51 30.28 0.10
0.00 19201.77
54.30 -58.76 -9999.00 -9999.00 -9999.00 211.90 22.42 0.00
0.00 20054.58
46.90 -60.46 -9999.00 -9999.00 -9999.00 215.47 19.08 0.00
0.00 20970.33
40.10 -58.46 -9999.00 -9999.00 -9999.00 234.21 20.59 0.00
0.00 21950.12
33.80 -56.16 -9999.00 -9999.00 -9999.00 217.87 8.86 0.00
0.00 23029.96
27.80 -56.76 -9999.00 -9999.00 -9999.00 247.17 8.00 0.00
0.00 24269.50
22.30 -56.46 -9999.00 -9999.00 -9999.00 280.08 8.88 0.00
0.00 25666.81
17.10 -54.66 -9999.00 -9999.00 -9999.00 285.26 11.07 0.00
0.00 27357.87
12.30 -49.86 -9999.00 -9999.00 -9999.00 289.78 23.52 0.00
0.00 29488.21

STID = KAMA STNM = 723630 TIME = 221027/0800 
SLAT = 35.23 SLON = -101.70 SELV = 1104.0
STIM = 20

SHOW = 6.90 LIFT = 6.49 SWET = 220.10 KINX = 9.82
LCLP = 762.58 PWAT = 9.85 TOTL = 39.48 CAPE = 0.00
LCLT = 270.33 CINS = 0.00 EQLV = -9999.00 LFCT = -9999.00
BRCH = 0.00

PRES TMPC TMWC DWPC THTE DRCT SKNT OMEG
CFRL HGHT
885.20 8.94 4.42 -0.79 304.27 141.34 8.70 0.00
0.00 1114.28
882.50 9.04 4.42 -0.90 304.59 145.86 13.85 0.00
0.00 1139.57
877.80 9.14 4.37 -1.14 305.03 147.99 16.49 0.00
0.00 1183.80
869.50 10.14 4.38 -2.47 305.98 161.89 21.87 0.10
0.00 1262.62
857.40 12.74 4.76 -5.25 308.16 192.12 32.38 0.20
0.00 1379.60
842.00 14.04 5.48 -4.65 311.78 201.80 39.74 0.30
0.00 1531.90
823.70 13.74 4.98 -5.61 312.95 203.99 36.79 0.50
0.00 1716.88
803.90 12.54 4.06 -6.58 313.37 204.65 31.20 0.60
0.00 1921.15
782.60 10.94 3.19 -6.54 314.28 211.76 28.79 0.70
0.00 2145.48
759.10 9.14 1.66 -8.53 313.97 221.39 26.15 0.70
0.00 2398.65
733.40 6.74 0.09 -9.41 314.10 228.16 22.42 0.70
0.00 2682.48
705.50 4.14 -1.63 -10.30 314.41 236.47 19.35 0.70
0.00 2999.24
675.30 1.24 -3.63 -11.42 314.69 244.23 18.76 0.60
0.00 3353.01
642.90 -1.86 -6.13 -13.82 314.55 250.87 20.14 0.50
0.00 3746.21
608.20 -4.96 -9.07 -18.09 314.25 251.71 24.15 0.30
0.00 4184.78
570.90 -8.56 -12.20 -21.76 314.60 246.30 26.09 0.20
0.00 4678.70
531.40 -12.56 -15.32 -23.47 315.97 237.96 31.86 0.10
0.00 5230.18
492.70 -16.26 -19.01 -30.10 316.78 242.49 37.00 0.10
0.00 5803.16
457.30 -19.66 -21.97 -32.85 318.94 243.89 43.71 0.10
0.00 6360.31
425.10 -23.36 -24.54 -29.70 321.75 245.77 51.13 0.00
0.00 6898.35
395.70 -27.46 -28.43 -33.95 322.25 247.48 57.83 -0.10
0.00 7418.27
368.60 -31.26 -32.27 -40.64 322.87 245.97 64.86 -0.20
0.00 7924.67
343.90 -35.06 -35.84 -44.20 323.86 244.84 70.82 -0.30
0.00 8411.99
321.20 -38.46 -38.99 -45.70 325.45 246.17 76.44 -0.30
0.00 8884.56
300.40 -41.46 -41.88 -48.30 327.34 248.60 83.04 -0.30
0.00 9341.59
281.50 -44.36 -44.68 -50.69 329.19 249.69 90.09 -0.30
0.00 9779.58
264.30 -47.06 -47.33 -53.46 331.09 251.17 97.49 -0.20
0.00 10199.35
248.10 -48.86 -49.16 -58.16 334.28 254.08 104.84 -0.20
0.00 10616.31
233.20 -50.36 -50.69 -63.99 337.85 255.19 108.70 -0.20
0.00 11021.58
219.50 -51.36 -51.69 -67.42 342.16 253.63 108.92 -0.20
0.00 11415.53
205.60 -52.96 -53.28 -72.72 346.05 251.24 107.50 -0.20
0.00 11838.72
191.60 -55.26 -55.52 -73.19 349.41 249.99 105.01 -0.20
0.00 12290.88
177.70 -57.96 -58.15 -73.70 352.58 250.02 102.31 -0.20
0.00 12768.25
163.70 -60.56 -9999.00 -9999.00 -9999.00 250.85 98.29 -0.10
0.00 13282.03
149.80 -62.76 -9999.00 -9999.00 -9999.00 251.45 91.59 -0.10
0.00 13831.35
135.80 -64.66 -9999.00 -9999.00 -9999.00 250.42 82.89 0.00
0.00 14432.87
121.90 -66.56 -9999.00 -9999.00 -9999.00 249.79 75.35 0.10
0.00 15088.86
107.90 -67.16 -9999.00 -9999.00 -9999.00 251.46 68.43 0.10
0.00 15825.52
94.00 -65.66 -9999.00 -9999.00 -9999.00 252.14 60.82 0.10
0.00 16660.09
81.00 -63.16 -9999.00 -9999.00 -9999.00 252.80 48.60 0.00
0.00 17569.56
70.60 -60.46 -9999.00 -9999.00 -9999.00 252.27 29.97 0.00
0.00 18419.66
62.20 -59.46 -9999.00 -9999.00 -9999.00 225.00 25.82 0.00
0.00 19210.16
54.30 -59.16 -9999.00 -9999.00 -9999.00 210.96 23.78 0.00
0.00 20060.38
46.90 -59.36 -9999.00 -9999.00 -9999.00 240.26 15.66 0.00
0.00 20977.64
40.10 -58.86 -9999.00 -9999.00 -9999.00 243.14 16.76 0.00
0.00 21959.03
33.80 -57.26 -9999.00 -9999.00 -9999.00 216.57 7.50 0.00
0.00 23035.12
27.80 -57.86 -9999.00 -9999.00 -9999.00 258.31 5.75 0.00
0.00 24268.37
22.30 -56.66 -9999.00 -9999.00 -9999.00 279.27 9.63 0.00
0.00 25661.47
17.10 -55.26 -9999.00 -9999.00 -9999.00 262.75 10.76 0.00
0.00 27349.43
12.30 -50.46 -9999.00 -9999.00 -9999.00 290.02 24.40 0.00
0.00 29473.98

STID = KAMA STNM = 723630 TIME = 221027/0900 
SLAT = 35.23 SLON = -101.70 SELV = 1104.0
STIM = 21

SHOW = 5.13 LIFT = 5.78 SWET = 202.05 KINX = 12.66
LCLP = 761.70 PWAT = 10.35 TOTL = 43.24 CAPE = 0.00
LCLT = 269.83 CINS = 0.00 EQLV = -9999.00 LFCT = -9999.00
BRCH = 0.00

PRES TMPC TMWC DWPC THTE DRCT SKNT OMEG
CFRL HGHT
885.40 8.54 4.04 -1.27 303.41 147.53 7.60 0.00
0.00 1114.26
882.80 8.74 4.09 -1.41 303.81 153.03 12.43 0.00
0.00 1138.58
877.90 9.34 4.19 -1.94 304.58 159.18 14.76 0.10
0.00 1184.66
869.70 10.34 4.42 -2.65 306.04 186.51 22.28 0.10
0.00 1262.57
857.60 12.04 5.82 -0.80 310.85 202.72 33.70 0.20
0.00 1379.46
842.10 14.04 6.23 -2.15 313.74 207.93 36.50 0.30
0.00 1532.63
823.80 14.44 5.27 -5.78 313.59 208.07 29.72 0.40
0.00 1717.84
804.00 13.44 4.20 -7.70 313.62 210.82 25.78 0.50
0.00 1922.64
782.80 11.84 2.96 -9.19 313.56 217.79 24.09 0.50
0.00 2146.53
759.30 9.74 1.67 -9.74 313.88 218.50 21.83 0.50
0.00 2400.23
733.60 7.14 0.18 -9.91 314.22 220.66 19.97 0.40
0.00 2684.47
705.70 4.44 -1.56 -10.66 314.51 228.81 18.59 0.30
0.00 3001.52
675.50 1.44 -3.58 -11.69 314.74 239.14 18.55 0.10
0.00 3355.49
643.10 -1.66 -6.01 -13.82 314.75 245.51 21.56 -0.10
0.00 3748.86
608.30 -5.06 -8.61 -15.68 315.20 238.95 23.35 -0.20
0.00 4188.72
571.00 -9.16 -11.59 -16.89 315.82 229.69 28.54 -0.30
0.00 4682.04
531.50 -12.86 -15.18 -21.56 316.24 236.31 33.62 -0.30
0.00 5232.62
492.70 -16.56 -19.12 -29.15 316.62 240.37 37.32 -0.30
0.00 5806.40
457.30 -19.96 -21.82 -29.49 319.25 239.21 43.65 -0.20
0.00 6362.94
425.20 -23.76 -24.80 -29.29 321.31 242.06 50.58 -0.20
0.00 6898.53
395.70 -27.66 -28.68 -34.72 321.85 244.83 57.09 -0.20
0.00 7419.53
368.60 -31.56 -32.55 -40.96 322.43 244.99 63.87 -0.20
0.00 7925.40
343.90 -35.36 -36.06 -43.40 323.53 244.58 69.68 -0.20
0.00 8412.12
321.20 -38.86 -39.29 -44.42 325.01 245.38 74.15 -0.20
0.00 8884.00
300.50 -41.76 -42.13 -47.76 326.92 247.00 81.04 -0.10
0.00 9338.08
281.50 -44.36 -44.68 -50.69 329.19 247.67 89.45 -0.10
0.00 9778.02
264.30 -46.96 -47.23 -53.46 331.24 249.76 97.73 -0.10
0.00 10197.88
248.10 -49.16 -49.42 -56.92 333.88 252.84 104.70 -0.10
0.00 10614.66
233.20 -50.76 -51.05 -61.81 337.29 253.65 109.71 -0.10
0.00 11019.30
219.50 -51.96 -52.27 -67.42 341.23 252.48 111.64 -0.10
0.00 11412.37
205.60 -53.46 -53.76 -72.72 345.26 250.77 110.28 -0.10
0.00 11834.50
191.60 -55.26 -55.52 -73.19 349.41 249.12 107.91 -0.10
0.00 12286.15
177.70 -57.76 -57.96 -73.70 352.91 248.67 105.73 -0.10
0.00 12763.74
163.70 -60.36 -9999.00 -9999.00 -9999.00 250.09 102.68 -0.10
0.00 13277.99
149.80 -62.66 -9999.00 -9999.00 -9999.00 251.53 96.25 -0.10
0.00 13827.70
135.80 -64.36 -9999.00 -9999.00 -9999.00 251.08 86.87 0.00
0.00 14429.80
121.90 -65.86 -9999.00 -9999.00 -9999.00 250.38 77.54 0.00
0.00 15087.37
107.90 -65.96 -9999.00 -9999.00 -9999.00 251.72 66.90 0.00
0.00 15827.42
94.00 -64.76 -9999.00 -9999.00 -9999.00 252.55 57.01 0.00
0.00 16666.23
81.00 -63.66 -9999.00 -9999.00 -9999.00 251.85 48.66 0.00
0.00 17576.57
70.60 -61.06 -9999.00 -9999.00 -9999.00 251.25 33.24 0.00
0.00 18424.46
62.20 -60.76 -9999.00 -9999.00 -9999.00 225.00 23.89 0.00
0.00 19211.44
54.30 -60.36 -9999.00 -9999.00 -9999.00 215.63 27.00 0.00
0.00 20056.68
46.90 -59.56 -9999.00 -9999.00 -9999.00 225.94 16.76 0.00
0.00 20970.94
40.10 -60.36 -9999.00 -9999.00 -9999.00 247.04 12.45 0.00
0.00 21948.44
33.80 -57.36 -9999.00 -9999.00 -9999.00 236.66 8.84 0.00
0.00 23020.52
27.80 -56.86 -9999.00 -9999.00 -9999.00 235.41 6.84 0.00
0.00 24256.35
22.30 -55.46 -9999.00 -9999.00 -9999.00 258.96 8.12 0.00
0.00 25656.55
17.10 -54.76 -9999.00 -9999.00 -9999.00 273.90 8.57 0.00
0.00 27351.12
12.30 -50.26 -9999.00 -9999.00 -9999.00 293.13 21.76 0.00
0.00 29479.04
STN YYMMDD/HHMM PMSL PRES SKTC STC1 SNFL WTNS
P01M C01M STC2 LCLD MCLD HCLD
SNRA UWND VWND R01M BFGR T2MS
Q2MS WXTS WXTP WXTZ WXTR USTM
VSTM HLCY SLLH WSYM CDBP VSBK
TD2M
723630 221026/1200 1015.60 890.30 3.24 276.40 -9999.00 10.00
-9999.00 -9999.00 276.90 0.00 0.00 0.00
-9999.00 -2.10 2.50 -9999.00 -9999.00 4.14
4.47 0.00 0.00 0.00 0.00 9.70
-0.70 114.60 -9999.00 999.00 -9999.00 20.00
0.48
723630 221026/1300 1016.20 890.80 3.04 276.20 0.00 10.00
0.00 0.00 276.80 0.00 0.00 0.00
-9999.00 -1.90 2.60 -9999.00 -9999.00 3.94
4.36 0.00 0.00 0.00 0.00 9.60
0.00 159.90 0.00 999.00 -9999.00 20.00
0.14
723630 221026/1400 1017.00 891.70 5.24 278.40 0.00 10.00
0.00 0.00 278.20 0.00 0.00 0.00
-9999.00 -1.70 2.50 -9999.00 -9999.00 5.44
4.29 0.00 0.00 0.00 0.00 10.00
0.40 198.00 0.00 999.00 -9999.00 20.00
-0.06
723630 221026/1500 1016.00 892.10 10.54 283.70 0.00 10.00
0.00 0.00 282.70 0.00 0.00 0.00
-9999.00 -2.20 4.40 -9999.00 -9999.00 9.24
4.17 0.00 0.00 0.00 0.00 10.30
0.80 225.50 0.00 999.00 -9999.00 20.00
-0.44
723630 221026/1600 1014.80 891.60 14.94 288.10 0.00 10.00
0.00 0.00 286.90 0.00 0.00 0.00
-9999.00 -2.00 5.60 -9999.00 -9999.00 11.84
4.23 0.00 0.00 0.00 0.00 10.90
1.20 249.90 0.00 999.00 -9999.00 20.00
-0.26
723630 221026/1700 1013.20 890.70 18.64 291.80 0.00 9.00
0.00 0.00 290.40 0.00 0.00 0.00
-9999.00 -2.00 6.60 -9999.00 -9999.00 14.54
4.04 0.00 0.00 0.00 0.00 11.60
1.50 269.70 0.00 999.00 -9999.00 20.00
-0.90
723630 221026/1800 1012.30 890.30 21.54 294.70 0.00 9.00
0.00 0.00 293.30 0.00 0.00 0.00
-9999.00 -1.50 7.70 -9999.00 -9999.00 17.04
3.46 0.00 0.00 0.00 0.00 11.90
1.20 267.20 0.00 999.00 -9999.00 20.00
-2.99
723630 221026/1900 1010.80 889.20 23.14 296.30 0.00 8.00
0.00 0.00 295.10 0.00 0.00 0.00
-9999.00 -0.80 8.80 -9999.00 -9999.00 18.74
2.74 0.00 0.00 0.00 0.00 11.70
1.10 212.00 0.00 999.00 -9999.00 20.00
-6.09
723630 221026/2000 1008.90 887.70 23.54 296.70 0.00 8.00
0.00 0.00 295.70 0.00 0.00 0.00
-9999.00 -0.20 8.90 -9999.00 -9999.00 19.44
2.73 0.00 0.00 0.00 0.00 11.80
0.80 166.40 0.00 999.00 -9999.00 20.00
-6.16
723630 221026/2100 1008.30 887.20 22.94 296.10 0.00 8.00
0.00 0.00 295.50 0.00 0.00 0.00
-9999.00 0.40 8.30 -9999.00 -9999.00 19.74
2.83 0.00 0.00 0.00 0.00 12.00
-0.20 141.90 0.00 999.00 -9999.00 20.00
-5.70
723630 221026/2200 1008.70 887.70 21.44 294.60 0.00 8.00
0.00 0.00 294.30 0.00 0.00 0.00
-9999.00 0.40 7.80 -9999.00 -9999.00 19.54
2.95 0.00 0.00 0.00 0.00 11.70
-0.90 130.90 0.00 999.00 -9999.00 20.00
-5.14
723630 221026/2300 1008.70 887.60 18.94 292.10 0.00 8.00
0.00 0.00 292.30 0.00 0.00 0.00
-9999.00 0.00 6.50 -9999.00 -9999.00 18.74
3.16 0.00 0.00 0.00 0.00 11.50
-1.40 132.70 0.00 999.00 -9999.00 20.00
-4.24
723630 221027/0000 1008.90 887.40 15.24 288.40 0.00 8.00
0.00 0.00 289.10 0.00 0.00 0.00
-9999.00 -1.10 4.30 -9999.00 -9999.00 15.84
3.24 0.00 0.00 0.00 0.00 10.90
-1.70 176.10 0.00 999.00 -9999.00 20.00
-3.91
723630 221027/0100 1009.60 887.70 13.04 286.20 0.00 8.00
0.00 0.00 286.90 0.00 7.00 0.00
-9999.00 -1.80 3.60 -9999.00 -9999.00 13.84
3.27 0.00 0.00 0.00 0.00 10.30
-1.60 217.50 0.00 999.00 -9999.00 20.00
-3.78
723630 221027/0200 1010.10 888.00 11.84 285.00 0.00 8.00
0.00 0.00 285.60 0.00 4.00 0.00
-9999.00 -2.70 3.40 -9999.00 -9999.00 12.54
3.30 0.00 0.00 0.00 0.00 9.70
-1.40 264.40 0.00 999.00 -9999.00 20.00
-3.66
723630 221027/0300 1011.00 888.50 11.14 284.30 0.00 7.00
0.00 0.00 284.90 0.00 0.00 0.00
-9999.00 -3.90 3.90 -9999.00 -9999.00 11.74
3.50 0.00 0.00 0.00 0.00 9.20
-1.00 351.60 0.00 999.00 -9999.00 20.00
-2.87
723630 221027/0400 1010.20 887.70 10.84 284.00 0.00 7.00
0.00 0.00 284.40 0.00 0.00 0.00
-9999.00 -4.50 4.90 -9999.00 -9999.00 11.34
3.66 0.00 0.00 0.00 0.00 8.70
-0.30 422.30 0.00 999.00 -9999.00 20.00
-2.28
723630 221027/0500 1011.40 888.70 10.44 283.60 0.00 7.00
0.00 0.00 284.00 0.00 0.00 0.00
-9999.00 -4.60 5.30 -9999.00 -9999.00 10.84
3.70 0.00 0.00 0.00 0.00 8.10
0.20 445.00 0.00 999.00 -9999.00 20.00
-2.12
723630 221027/0600 1009.90 887.20 9.64 282.80 0.00 7.00
0.00 0.00 283.40 0.00 0.00 0.00
-9999.00 -4.20 5.30 -9999.00 -9999.00 10.04
3.82 0.00 0.00 0.00 0.00 9.20
0.70 427.70 0.00 999.00 -9999.00 20.00
-1.71
723630 221027/0700 1010.00 887.10 8.74 281.90 0.00 7.00
0.00 0.00 282.50 0.00 0.00 0.00
-9999.00 -3.90 5.20 -9999.00 -9999.00 9.04
4.01 0.00 0.00 0.00 0.00 9.90
0.70 375.40 0.00 999.00 -9999.00 20.00
-1.05
723630 221027/0800 1009.50 886.30 7.94 281.10 0.00 7.00
0.00 0.00 281.70 0.00 0.00 0.00
-9999.00 -3.00 5.00 -9999.00 -9999.00 8.14
4.10 0.00 0.00 0.00 0.00 10.20
1.40 319.70 0.00 999.00 -9999.00 20.00
-0.76
723630 221027/0900 1009.90 886.50 7.34 280.50 0.00 7.00
0.00 0.00 281.10 0.00 0.00 0.00
-9999.00 -2.30 4.80 -9999.00 -9999.00 7.64
3.96 0.00 0.00 0.00 0.00 10.50
1.80 204.70 0.00 999.00 -9999.00 20.00
-1.23


