
SNPARM = PRES;TMPC;TMWC;DWPC;THTE;DRCT;SKNT;OMEG;CFRL;HGHT 
STNPRM = SHOW;LIFT;SWET;KINX;LCLP;PWAT;TOTL;CAPE;LCLT;CINS;EQLV;LFCT;BRCH 

STID = HSI STNM = 815 TIME = 221026/1200 
SLAT = 40.32 SLON = -98.44 SELV = 583.0
STIM = 0

SHOW = 9.41 LIFT = 10.77 SWET = 54.04 KINX = 8.52
LCLP = 843.27 PWAT = 10.21 TOTL = 37.62 CAPE = 0.00
LCLT = 267.58 CINS = 0.00 EQLV = -9999.00 LFCT = -9999.00
BRCH = 0.00

PRES TMPC TMWC DWPC THTE DRCT SKNT OMEG
CFRL HGHT
948.10 3.54 0.58 -4.01 289.60 11.31 1.98 0.00
0.00 593.26
945.30 7.14 2.54 -4.10 293.62 49.64 5.09 0.00
0.00 617.42
940.10 9.54 3.66 -4.58 296.37 95.71 9.75 0.00
0.00 662.95
931.20 9.84 3.49 -5.69 296.91 97.13 12.53 0.10
0.00 741.83
918.10 9.44 3.06 -6.32 297.44 91.88 11.85 0.20
0.00 859.30
901.30 8.74 2.45 -7.02 298.02 90.00 9.52 0.30
0.00 1012.11
881.40 7.54 1.64 -7.41 298.59 90.00 7.19 0.20
0.00 1196.22
859.60 6.04 0.80 -7.23 299.42 101.31 5.94 0.10
0.00 1401.76
836.20 4.44 -0.18 -7.34 300.20 145.78 5.87 0.00
0.00 1627.02
810.10 2.64 -1.45 -7.99 300.83 195.35 10.28 -0.10
0.00 1884.25
781.30 1.54 -2.13 -7.92 303.08 239.84 16.63 -0.10
0.00 2176.36
749.90 -1.06 -3.57 -7.53 304.33 263.21 16.43 0.00
0.00 2505.18
715.90 -3.96 -6.55 -11.45 303.15 281.71 16.26 0.10
0.00 2873.32
679.20 -5.66 -9.13 -17.50 303.39 289.11 31.45 0.30
0.00 3287.14
639.90 -9.16 -10.37 -12.85 306.99 280.18 40.66 0.40
0.00 3751.28
597.70 -12.26 -14.17 -19.42 306.77 275.82 42.17 0.40
0.00 4275.95
553.30 -15.76 -17.97 -26.32 307.59 273.40 42.62 0.30
0.00 4861.84
510.00 -18.96 -20.95 -29.90 310.34 262.91 42.48 0.10
0.00 5472.25
470.80 -22.16 -23.77 -31.98 313.28 254.29 45.20 -0.10
0.00 6063.79
435.50 -26.16 -26.97 -31.23 315.54 252.42 49.51 -0.20
0.00 6632.04
403.50 -30.36 -30.90 -34.52 316.53 256.07 50.04 -0.20
4.00 7179.30
374.40 -34.06 -34.56 -39.00 317.88 257.21 51.79 -0.10
17.00 7707.34
348.00 -37.06 -37.70 -45.93 319.90 256.01 59.46 -0.10
0.00 8215.96
324.10 -40.36 -41.02 -54.73 321.49 256.42 70.34 0.00
0.00 8704.26
302.40 -44.36 -44.79 -55.30 322.28 257.83 78.30 0.00
0.00 9172.45
282.80 -48.46 -48.70 -55.85 322.63 259.13 84.46 0.00
0.00 9617.21
265.00 -51.26 -51.43 -57.63 324.54 256.30 88.58 0.10
0.00 10042.14
248.50 -52.66 -52.85 -61.32 328.39 253.07 91.38 0.10
0.00 10458.38
233.40 -52.46 -52.73 -66.97 334.54 252.43 93.32 0.10
0.00 10863.17
219.50 -52.26 -52.58 -72.27 340.72 252.46 94.11 0.20
0.00 11260.00
205.60 -52.26 -52.60 -72.72 347.15 252.85 96.15 0.20
0.00 11682.99
191.70 -52.06 -52.44 -73.19 354.48 254.43 96.99 0.20
0.00 12135.81
177.70 -52.66 -9999.00 -9999.00 -9999.00 256.61 92.25 0.10
0.00 12625.92
163.80 -54.16 -9999.00 -9999.00 -9999.00 255.63 81.41 0.10
0.00 13149.82
149.80 -56.46 -9999.00 -9999.00 -9999.00 250.94 73.15 0.10
0.00 13719.52
135.90 -58.96 -9999.00 -9999.00 -9999.00 249.46 68.67 0.00
0.00 14333.63
121.90 -60.46 -9999.00 -9999.00 -9999.00 250.02 59.11 0.00
0.00 15012.87
107.90 -61.96 -9999.00 -9999.00 -9999.00 247.82 48.87 0.00
0.00 15769.71
94.00 -62.16 -9999.00 -9999.00 -9999.00 246.48 40.89 0.00
0.00 16621.84
81.00 -61.46 -9999.00 -9999.00 -9999.00 232.29 34.62 0.00
0.00 17542.63
70.60 -60.96 -9999.00 -9999.00 -9999.00 231.15 37.16 0.00
0.00 18395.15
62.20 -58.16 -9999.00 -9999.00 -9999.00 227.70 29.16 0.00
0.00 19187.13
54.30 -57.46 -9999.00 -9999.00 -9999.00 229.96 23.85 0.00
0.00 20043.32
46.90 -57.86 -9999.00 -9999.00 -9999.00 210.07 17.06 0.00
0.00 20967.43
40.10 -58.76 -9999.00 -9999.00 -9999.00 224.48 15.25 0.00
0.00 21952.50
33.80 -57.06 -9999.00 -9999.00 -9999.00 249.33 10.99 0.00
0.00 23029.33
27.80 -58.26 -9999.00 -9999.00 -9999.00 233.13 7.77 0.00
0.00 24262.01
22.30 -57.56 -9999.00 -9999.00 -9999.00 260.07 7.89 0.00
0.00 25650.93
17.10 -54.76 -9999.00 -9999.00 -9999.00 235.30 6.14 0.00
0.00 27337.33
12.30 -52.26 -9999.00 -9999.00 -9999.00 264.69 16.78 0.00
0.00 29455.61

STID = HSI STNM = 815 TIME = 221026/1300 
SLAT = 40.32 SLON = -98.44 SELV = 583.0
STIM = 1

SHOW = 8.82 LIFT = 10.16 SWET = 57.96 KINX = 10.48
LCLP = 839.42 PWAT = 10.46 TOTL = 38.91 CAPE = 0.00
LCLT = 267.47 CINS = 0.00 EQLV = -9999.00 LFCT = -9999.00
BRCH = 0.00

PRES TMPC TMWC DWPC THTE DRCT SKNT OMEG
CFRL HGHT
948.70 3.84 0.74 -4.05 289.84 32.01 1.83 0.00
0.00 593.27
946.00 7.54 2.72 -4.22 293.90 79.99 6.70 0.00
0.00 616.57
940.80 9.84 3.71 -4.98 296.37 102.34 12.72 0.00
0.00 662.13
931.80 10.04 3.49 -6.08 296.83 102.26 13.71 0.10
0.00 741.91
918.70 9.84 3.16 -6.77 297.55 100.22 12.04 0.20
0.00 859.42
902.00 9.04 2.61 -7.06 298.24 96.71 9.98 0.30
0.00 1011.39
882.00 7.64 1.95 -6.45 299.19 95.08 8.78 0.30
0.00 1196.44
860.30 6.04 1.05 -6.34 299.87 111.04 8.12 0.10
0.00 1400.94
836.80 4.44 -0.18 -7.33 300.14 147.34 8.99 0.00
0.00 1627.00
810.60 2.94 -1.26 -7.93 301.14 203.96 11.48 -0.10
0.00 1885.19
781.80 1.64 -1.95 -7.49 303.40 240.09 16.36 -0.20
0.00 2177.33
750.40 -1.06 -3.51 -7.34 304.40 253.65 15.19 -0.10
0.00 2506.01
716.30 -3.86 -6.67 -12.14 302.85 270.00 15.15 -0.10
0.00 2875.07
679.60 -5.46 -8.16 -13.70 305.17 289.09 32.07 0.00
0.00 3288.93
640.20 -9.26 -10.61 -13.46 306.51 280.66 36.77 0.20
0.00 3754.16
598.00 -12.36 -14.55 -21.04 306.04 274.98 38.01 0.30
0.00 4278.32
553.50 -15.86 -18.23 -27.75 307.12 272.00 38.87 0.30
0.00 4865.01
510.20 -19.36 -21.14 -28.93 310.01 260.58 40.37 0.10
0.00 5474.58
470.90 -22.56 -23.57 -27.93 313.63 253.92 46.29 0.00
0.00 6066.57
435.60 -26.46 -27.05 -30.01 315.40 253.23 48.48 -0.10
7.00 6633.95
403.60 -30.46 -31.03 -34.92 316.31 256.30 47.59 -0.10
6.00 7180.65
374.40 -34.06 -34.63 -39.87 317.78 256.18 50.41 -0.20
1.00 7710.32
348.00 -36.96 -37.68 -47.57 319.93 255.39 60.82 -0.20
0.00 8219.03
324.10 -39.96 -40.59 -51.73 322.16 256.47 73.93 -0.20
0.00 8707.85
302.40 -43.86 -44.17 -50.07 323.22 258.14 83.16 -0.10
0.00 9176.97
282.80 -48.36 -48.53 -52.89 322.89 257.02 86.52 0.00
27.00 9622.34
265.00 -51.86 -51.99 -56.38 323.70 254.35 88.56 0.00
0.00 10046.79
248.50 -53.06 -53.21 -59.59 327.83 253.15 91.12 0.10
0.00 10462.09
233.40 -52.26 -52.54 -66.97 334.84 253.03 93.82 0.10
0.00 10866.70
219.50 -52.16 -52.49 -72.27 340.88 252.88 96.35 0.10
0.00 11263.80
205.60 -52.56 -52.89 -72.72 346.68 253.30 99.38 0.20
0.00 11686.60
191.70 -52.66 -53.01 -73.19 353.52 254.59 100.14 0.20
0.00 12138.50
177.70 -52.96 -9999.00 -9999.00 -9999.00 255.79 94.99 0.20
0.00 12627.61
163.80 -53.96 -9999.00 -9999.00 -9999.00 254.99 83.26 0.10
0.00 13151.38
149.80 -55.96 -9999.00 -9999.00 -9999.00 250.60 73.12 0.10
0.00 13722.01
135.90 -58.76 -9999.00 -9999.00 -9999.00 248.66 66.72 0.00
0.00 14337.12
121.90 -60.56 -9999.00 -9999.00 -9999.00 248.59 58.00 0.00
0.00 15016.52
107.90 -61.86 -9999.00 -9999.00 -9999.00 245.73 47.73 0.00
0.00 15773.35
94.00 -61.76 -9999.00 -9999.00 -9999.00 243.68 39.88 0.00
0.00 16626.50
81.00 -60.96 -9999.00 -9999.00 -9999.00 232.41 34.07 0.00
0.00 17549.25
70.60 -61.56 -9999.00 -9999.00 -9999.00 234.08 37.41 0.00
0.00 18401.56
62.20 -58.86 -9999.00 -9999.00 -9999.00 236.21 31.08 0.00
0.00 19191.14
54.30 -58.26 -9999.00 -9999.00 -9999.00 232.51 25.21 0.00
0.00 20044.34
46.90 -57.96 -9999.00 -9999.00 -9999.00 221.31 17.07 0.00
0.00 20966.53
40.10 -58.46 -9999.00 -9999.00 -9999.00 227.37 16.63 0.00
0.00 21952.05
33.80 -56.96 -9999.00 -9999.00 -9999.00 247.11 9.48 0.00
0.00 23029.88
27.80 -58.56 -9999.00 -9999.00 -9999.00 212.83 7.17 0.00
0.00 24261.99
22.30 -57.86 -9999.00 -9999.00 -9999.00 258.11 7.54 0.00
0.00 25648.97
17.10 -56.46 -9999.00 -9999.00 -9999.00 244.29 5.83 0.00
0.00 27327.60
12.30 -53.46 -9999.00 -9999.00 -9999.00 276.12 16.41 0.00
0.00 29431.89

STID = HSI STNM = 815 TIME = 221026/1400 
SLAT = 40.32 SLON = -98.44 SELV = 583.0
STIM = 2

SHOW = 8.34 LIFT = 9.66 SWET = 62.66 KINX = 11.52
LCLP = 839.82 PWAT = 11.27 TOTL = 39.94 CAPE = 0.00
LCLT = 267.44 CINS = 0.00 EQLV = -9999.00 LFCT = -9999.00
BRCH = 0.00

PRES TMPC TMWC DWPC THTE DRCT SKNT OMEG
CFRL HGHT
949.60 3.84 0.73 -4.08 289.73 53.13 0.97 0.00
0.00 592.40
946.80 6.94 2.39 -4.25 293.17 97.91 7.05 -0.10
0.00 616.52
941.60 9.74 3.63 -5.11 296.11 111.09 14.57 -0.10
0.00 661.98
932.70 10.24 3.53 -6.37 296.79 112.91 14.98 0.00
0.00 740.82
919.60 10.14 3.25 -7.07 297.61 111.16 12.92 0.00
0.00 858.31
902.80 9.24 2.86 -6.49 298.69 105.00 11.27 0.10
0.00 1011.19
882.80 7.74 2.36 -5.18 299.99 102.99 10.37 0.00
0.00 1196.19
861.00 6.04 1.25 -5.64 300.23 118.52 10.18 -0.10
0.00 1401.52
837.50 4.54 -0.09 -7.22 300.24 149.53 11.50 -0.30
0.00 1627.45
811.30 3.14 -1.10 -7.77 301.37 203.20 11.83 -0.30
0.00 1885.56
782.50 1.94 -1.77 -7.48 303.65 238.67 15.70 -0.30
0.00 2177.71
751.00 -0.86 -3.28 -6.98 304.78 241.65 16.78 -0.20
0.00 2507.46
716.90 -3.66 -6.51 -12.01 303.07 253.23 14.80 -0.20
0.00 2876.51
680.10 -5.46 -7.95 -12.90 305.50 288.04 26.96 -0.10
0.00 3291.34
640.60 -9.16 -10.15 -12.13 307.29 281.11 33.26 0.10
0.00 3757.58
598.40 -11.96 -14.27 -21.03 306.45 274.20 34.48 0.30
0.00 4281.94
553.80 -15.86 -17.56 -23.21 308.23 267.54 36.17 0.20
0.00 4870.10
510.40 -19.56 -20.46 -23.62 311.12 256.50 39.96 0.00
0.00 5480.71
471.10 -23.16 -23.58 -25.23 313.59 253.57 47.40 -0.10
100.00 6071.63
435.70 -27.06 -27.39 -29.03 314.84 254.79 48.12 0.00
100.00 6639.11
403.70 -30.96 -31.35 -33.93 315.80 254.25 45.80 0.00
82.00 7184.47
374.50 -34.26 -34.74 -39.00 317.59 251.98 51.48 0.00
7.00 7713.25
348.10 -37.06 -37.68 -45.44 319.91 252.59 65.56 -0.10
0.00 8221.51
324.10 -40.26 -40.70 -47.09 322.01 253.16 75.10 -0.10
0.00 8711.91
302.40 -44.26 -44.52 -49.42 322.70 253.82 79.49 0.00
1.00 9180.32
282.80 -48.36 -48.53 -52.89 322.89 252.59 82.44 0.00
6.00 9625.30
265.10 -51.56 -51.70 -56.38 324.10 251.07 85.63 0.00
0.00 10047.57
248.50 -52.46 -52.66 -61.32 328.68 250.36 90.75 0.00
0.00 10466.17
233.40 -52.16 -52.44 -66.97 334.99 251.02 96.13 0.00
0.00 10871.41
219.50 -52.16 -52.49 -72.27 340.88 253.03 98.50 0.10
0.00 11268.61
205.60 -52.36 -52.70 -72.72 346.99 255.08 101.11 0.10
0.00 11691.60
191.70 -52.16 -52.53 -73.19 354.32 255.75 101.01 0.10
0.00 12144.21
177.70 -52.46 -9999.00 -9999.00 -9999.00 255.68 95.03 0.10
0.00 12634.43
163.80 -53.76 -9999.00 -9999.00 -9999.00 254.82 85.33 0.00
0.00 13159.04
149.80 -55.96 -9999.00 -9999.00 -9999.00 251.33 74.63 0.00
0.00 13729.92
135.90 -58.76 -9999.00 -9999.00 -9999.00 248.75 67.52 0.00
0.00 14345.04
121.90 -60.86 -9999.00 -9999.00 -9999.00 248.38 57.46 0.00
0.00 15023.96
107.90 -62.16 -9999.00 -9999.00 -9999.00 243.65 46.39 0.00
0.00 15779.72
94.00 -61.96 -9999.00 -9999.00 -9999.00 241.41 39.37 0.00
0.00 16631.85
81.00 -60.86 -9999.00 -9999.00 -9999.00 233.40 32.91 0.00
0.00 17554.39
70.60 -61.56 -9999.00 -9999.00 -9999.00 233.44 35.55 0.00
0.00 18406.91
62.20 -59.26 -9999.00 -9999.00 -9999.00 239.23 29.62 0.00
0.00 19195.74
54.30 -57.96 -9999.00 -9999.00 -9999.00 229.30 23.83 0.00
0.00 20048.74
46.90 -57.16 -9999.00 -9999.00 -9999.00 218.66 14.92 0.00
0.00 20973.29
40.10 -57.66 -9999.00 -9999.00 -9999.00 218.55 15.89 0.00
0.00 21962.48
33.80 -56.56 -9999.00 -9999.00 -9999.00 234.09 6.95 0.00
0.00 23043.31
27.80 -58.46 -9999.00 -9999.00 -9999.00 199.44 7.01 0.00
0.00 24276.85
22.30 -57.66 -9999.00 -9999.00 -9999.00 261.38 6.49 0.00
0.00 25664.80
17.10 -56.46 -9999.00 -9999.00 -9999.00 242.02 7.03 0.00
0.00 27344.20
12.30 -53.36 -9999.00 -9999.00 -9999.00 267.43 17.31 0.00
0.00 29448.98

STID = HSI STNM = 815 TIME = 221026/1500 
SLAT = 40.32 SLON = -98.44 SELV = 583.0
STIM = 3

SHOW = 7.94 LIFT = 9.34 SWET = 67.61 KINX = 12.80
LCLP = 823.00 PWAT = 11.73 TOTL = 40.83 CAPE = 0.00
LCLT = 267.25 CINS = 0.00 EQLV = -9999.00 LFCT = -9999.00
BRCH = 0.00

PRES TMPC TMWC DWPC THTE DRCT SKNT OMEG
CFRL HGHT
950.60 5.34 1.61 -3.98 291.28 97.13 1.57 0.00
0.00 592.44
947.80 6.14 1.97 -4.20 292.26 111.80 6.27 -0.10
0.00 616.57
942.60 8.74 3.20 -4.77 295.16 122.64 14.76 -0.10
0.00 661.83
933.70 10.14 3.52 -6.20 296.68 125.78 16.28 -0.10
0.00 740.44
920.50 10.24 3.28 -7.17 297.57 126.42 14.72 0.00
0.00 858.70
903.70 9.24 2.84 -6.58 298.55 119.64 12.96 0.10
0.00 1011.46
883.70 7.74 2.46 -4.86 300.10 116.57 12.16 0.00
0.00 1196.28
861.90 6.04 1.39 -5.19 300.42 125.43 12.39 -0.10
0.00 1401.40
838.30 4.44 -0.10 -7.06 300.13 151.19 13.31 -0.30
0.00 1628.04
812.10 2.94 -1.10 -7.38 301.29 192.34 12.72 -0.30
0.00 1885.76
783.20 1.74 -2.13 -8.33 302.83 226.58 14.98 -0.30
0.00 2178.44
751.70 -0.56 -3.06 -6.84 305.13 236.48 18.65 -0.20
0.00 2507.93
717.50 -3.86 -6.31 -10.82 303.39 233.71 15.42 -0.20
0.00 2877.83
680.70 -5.66 -8.12 -13.06 305.11 281.63 20.22 -0.10
0.00 3292.02
641.10 -9.06 -10.00 -11.86 307.48 282.15 28.61 0.00
0.00 3758.96
598.80 -11.96 -13.73 -18.35 307.36 272.13 31.29 0.20
0.00 4284.34
554.20 -16.16 -17.44 -21.44 308.37 263.62 33.24 0.10
0.00 4871.85
510.70 -19.96 -20.66 -23.12 310.74 254.24 40.77 0.00
1.00 5482.66
471.30 -23.36 -23.60 -24.51 313.53 253.86 47.51 -0.10
100.00 6074.10
435.90 -27.66 -27.82 -28.63 314.13 255.62 46.93 0.00
100.00 6640.44
403.80 -31.66 -31.95 -33.93 314.87 254.02 45.86 0.10
100.00 7185.85
374.60 -34.36 -34.80 -38.72 317.47 252.75 56.33 0.10
9.00 7713.62
348.20 -37.16 -37.56 -41.83 320.08 250.71 69.97 0.00
3.00 8221.54
324.20 -40.66 -40.94 -44.74 321.62 249.79 75.35 0.00
14.00 8711.29
302.50 -44.66 -44.85 -48.24 322.18 250.48 77.89 0.00
72.00 9178.75
282.80 -48.46 -48.60 -52.08 322.78 250.24 82.15 0.00
0.00 9625.44
265.10 -51.26 -51.38 -55.29 324.58 248.55 87.65 0.00
0.00 10047.90
248.50 -52.16 -52.32 -58.14 329.21 247.94 94.11 0.00
0.00 10467.07
233.40 -52.06 -52.32 -63.99 335.19 250.17 98.50 0.00
0.00 10872.69
219.50 -52.06 -52.36 -67.42 341.08 252.89 98.37 0.00
0.00 11270.06
205.60 -52.26 -52.58 -67.89 347.20 255.00 100.54 0.00
0.00 11693.24
191.70 -52.56 -52.92 -73.19 353.68 256.52 101.67 0.10
0.00 12145.55
177.70 -52.66 -53.04 -73.70 361.27 255.96 94.50 0.10
0.00 12635.10
163.80 -53.66 -9999.00 -9999.00 -9999.00 253.07 84.05 0.00
0.00 13159.60
149.80 -56.06 -9999.00 -9999.00 -9999.00 250.25 74.71 0.00
0.00 13730.48
135.90 -58.86 -9999.00 -9999.00 -9999.00 248.51 66.80 0.00
0.00 14345.31
121.90 -60.76 -9999.00 -9999.00 -9999.00 248.49 56.16 0.00
0.00 15024.23
107.90 -61.56 -9999.00 -9999.00 -9999.00 241.73 43.88 0.00
0.00 15781.24
94.00 -61.56 -9999.00 -9999.00 -9999.00 238.11 39.36 0.00
0.00 16635.40
81.00 -60.56 -9999.00 -9999.00 -9999.00 233.27 32.48 0.00
0.00 17559.45
70.60 -61.06 -9999.00 -9999.00 -9999.00 230.73 34.38 0.00
0.00 18413.58
62.20 -58.46 -9999.00 -9999.00 -9999.00 233.44 29.02 0.00
0.00 19204.82
54.30 -56.66 -9999.00 -9999.00 -9999.00 219.22 21.81 0.00
0.00 20062.00
46.90 -56.56 -9999.00 -9999.00 -9999.00 212.41 14.49 0.00
0.00 20990.62
40.10 -57.36 -9999.00 -9999.00 -9999.00 213.31 16.28 0.00
0.00 21981.88
33.80 -56.76 -9999.00 -9999.00 -9999.00 228.24 7.28 0.00
0.00 23062.96
27.80 -58.96 -9999.00 -9999.00 -9999.00 207.70 8.78 0.00
0.00 24294.50
22.30 -57.96 -9999.00 -9999.00 -9999.00 242.74 7.21 0.00
0.00 25679.86
17.10 -55.86 -9999.00 -9999.00 -9999.00 226.01 7.83 0.00
0.00 27360.43
12.30 -53.16 -9999.00 -9999.00 -9999.00 263.45 11.93 0.00
0.00 29469.07

STID = HSI STNM = 815 TIME = 221026/1600 
SLAT = 40.32 SLON = -98.44 SELV = 583.0
STIM = 4

SHOW = 8.10 LIFT = 9.42 SWET = 70.10 KINX = 12.55
LCLP = 766.51 PWAT = 11.93 TOTL = 40.48 CAPE = 0.00
LCLT = 266.06 CINS = 0.00 EQLV = -9999.00 LFCT = -9999.00
BRCH = 0.00

PRES TMPC TMWC DWPC THTE DRCT SKNT OMEG
CFRL HGHT
950.00 9.74 3.89 -4.25 295.81 134.03 8.10 0.00
0.00 592.60
947.10 9.34 3.66 -4.30 295.64 133.36 9.62 0.00
0.00 617.94
941.90 8.84 3.35 -4.41 295.56 134.24 10.30 0.00
0.00 663.51
933.00 9.34 3.29 -5.47 296.33 133.96 15.11 0.00
0.00 742.08
919.90 9.94 3.22 -6.76 297.54 134.05 16.49 0.00
0.00 859.31
903.00 9.14 2.70 -6.89 298.34 131.05 15.97 0.00
0.00 1012.98
883.00 7.74 2.19 -5.77 299.60 128.77 15.19 0.00
0.00 1197.89
861.30 5.94 1.19 -5.68 300.06 136.02 15.38 -0.10
0.00 1402.18
837.70 4.44 -0.10 -7.07 300.20 160.56 14.01 -0.30
0.00 1628.92
811.50 3.04 -1.08 -7.48 301.41 196.86 13.40 -0.30
0.00 1886.88
782.70 1.54 -2.23 -8.28 302.69 223.06 16.22 -0.30
0.00 2178.69
751.20 -0.56 -3.15 -7.11 305.01 233.97 18.49 -0.20
0.00 2508.27
717.10 -3.66 -6.14 -10.67 303.75 227.58 15.27 -0.10
0.00 2877.45
680.30 -5.56 -8.00 -12.83 305.39 276.87 16.24 0.00
0.00 3292.12
640.80 -8.86 -10.02 -12.34 307.49 282.82 24.49 0.10
0.00 3758.38
598.60 -12.06 -13.42 -16.74 307.95 269.17 26.81 0.10
0.00 4282.85
553.90 -16.46 -17.26 -19.57 308.75 256.52 29.16 0.00
0.00 4871.55
510.50 -19.76 -20.11 -21.25 311.69 248.46 39.69 -0.10
100.00 5481.21
471.20 -23.76 -24.03 -25.12 312.85 248.42 45.96 -0.10
100.00 6071.12
435.80 -27.86 -28.09 -29.30 313.73 254.49 49.40 0.00
100.00 6636.87
403.70 -31.66 -31.95 -33.93 314.89 257.92 51.05 0.10
100.00 7182.19
374.50 -34.96 -35.22 -37.45 316.87 255.48 55.79 0.10
100.00 7709.44
348.10 -37.66 -37.94 -40.87 319.54 250.19 66.49 0.10
77.00 8216.34
324.20 -40.86 -41.08 -43.94 321.41 248.59 73.45 0.10
100.00 8703.39
302.40 -44.66 -44.80 -47.19 322.28 249.64 78.73 0.00
100.00 9172.89
282.80 -48.26 -48.39 -51.34 323.11 249.93 83.76 0.00
0.00 9617.58
265.10 -50.96 -51.07 -54.31 325.06 248.85 88.31 0.00
0.00 10040.52
248.50 -52.26 -52.42 -58.14 329.07 248.77 93.36 0.00
0.00 10459.88
233.40 -52.66 -52.87 -61.81 334.32 249.47 95.82 0.00
0.00 10864.85
219.50 -52.16 -52.41 -62.28 341.01 250.82 99.34 0.10
0.00 11261.60
205.60 -52.36 -52.68 -67.89 347.04 253.62 102.64 0.10
0.00 11684.60
191.70 -53.26 -53.59 -73.19 352.56 255.27 100.84 0.10
0.00 12136.08
177.70 -53.56 -9999.00 -9999.00 -9999.00 255.11 94.46 0.10
0.00 12623.86
163.80 -53.76 -9999.00 -9999.00 -9999.00 251.77 83.86 0.00
0.00 13147.16
149.80 -55.76 -9999.00 -9999.00 -9999.00 247.95 75.02 0.00
0.00 13718.31
135.90 -58.56 -9999.00 -9999.00 -9999.00 248.51 65.75 0.00
0.00 14333.99
121.90 -60.46 -9999.00 -9999.00 -9999.00 248.74 53.57 0.00
0.00 15013.86
107.90 -61.36 -9999.00 -9999.00 -9999.00 239.86 41.78 0.00
0.00 15771.77
94.00 -61.56 -9999.00 -9999.00 -9999.00 233.35 40.68 0.00
0.00 16626.33
81.00 -60.66 -9999.00 -9999.00 -9999.00 231.24 35.37 0.00
0.00 17550.17
70.60 -60.56 -9999.00 -9999.00 -9999.00 229.33 34.58 0.00
0.00 18405.10
62.20 -57.96 -9999.00 -9999.00 -9999.00 230.92 29.27 0.00
0.00 19198.20
54.30 -56.26 -9999.00 -9999.00 -9999.00 215.15 23.29 0.00
0.00 20057.16
46.90 -56.56 -9999.00 -9999.00 -9999.00 215.46 15.73 0.00
0.00 20986.64
40.10 -57.06 -9999.00 -9999.00 -9999.00 211.65 16.67 0.00
0.00 21978.58
33.80 -56.86 -9999.00 -9999.00 -9999.00 216.87 8.74 0.00
0.00 23060.17
27.80 -58.96 -9999.00 -9999.00 -9999.00 205.08 10.08 0.00
0.00 24291.42
22.30 -57.66 -9999.00 -9999.00 -9999.00 232.85 8.04 0.00
0.00 25677.75
17.10 -55.76 -9999.00 -9999.00 -9999.00 242.02 7.03 0.00
0.00 27359.88
12.30 -53.16 -9999.00 -9999.00 -9999.00 284.40 14.84 0.00
0.00 29468.99

STID = HSI STNM = 815 TIME = 221026/1700 
SLAT = 40.32 SLON = -98.44 SELV = 583.0
STIM = 5

SHOW = 8.34 LIFT = 9.27 SWET = 222.26 KINX = 14.39
LCLP = 737.09 PWAT = 12.28 TOTL = 39.99 CAPE = 0.00
LCLT = 265.60 CINS = 0.00 EQLV = -9999.00 LFCT = -9999.00
BRCH = 0.00

PRES TMPC TMWC DWPC THTE DRCT SKNT OMEG
CFRL HGHT
949.10 12.34 5.23 -4.22 298.66 156.93 11.40 0.00
0.00 593.58
946.30 11.84 4.93 -4.35 298.32 156.80 13.31 0.00
0.00 618.29
941.10 11.24 4.57 -4.47 298.13 156.60 14.18 0.00
0.00 664.29
932.20 10.44 4.09 -4.64 298.08 156.41 15.05 0.00
0.00 743.42
919.10 9.24 3.30 -5.06 297.87 155.56 16.43 0.00
0.00 860.86
902.30 8.64 2.62 -6.20 298.27 153.17 18.94 0.10
0.00 1013.44
882.30 7.44 1.80 -6.59 298.86 152.45 20.16 0.00
0.00 1198.23
860.60 5.84 0.87 -6.58 299.47 157.89 20.12 -0.10
0.00 1402.51
837.10 4.34 -0.04 -6.65 300.41 178.71 17.29 -0.30
0.00 1628.38
810.90 2.64 -1.23 -7.25 301.18 203.20 17.75 -0.40
0.00 1886.30
782.10 0.94 -2.61 -8.39 302.04 216.87 19.42 -0.40
0.00 2177.80
750.70 -0.96 -3.28 -6.82 304.82 231.60 20.32 -0.40
0.00 2505.98
716.60 -4.06 -5.77 -8.65 304.56 227.42 19.52 -0.20
0.00 2874.92
679.80 -6.56 -8.35 -11.82 304.84 239.32 13.33 0.00
0.00 3288.87
640.40 -9.56 -10.42 -12.14 306.84 285.56 15.93 0.20
0.00 3752.82
598.20 -12.76 -13.33 -14.64 308.19 276.47 18.96 0.30
8.00 4276.28
553.60 -16.26 -16.89 -18.66 309.41 256.63 24.36 0.30
16.00 4863.54
510.20 -19.86 -20.38 -22.11 311.30 244.38 36.83 0.20
87.00 5473.66
471.00 -23.26 -23.76 -25.77 313.32 235.91 46.45 0.00
93.00 6062.81
435.60 -27.16 -27.66 -30.30 314.44 237.37 52.58 -0.10
76.00 6630.17
403.60 -31.26 -31.76 -35.34 315.19 249.42 52.49 0.00
74.00 7175.18
374.50 -34.96 -35.38 -39.28 316.63 253.12 52.18 0.00
59.00 7701.11
348.10 -37.86 -38.21 -42.18 319.12 249.03 62.41 0.00
23.00 8207.78
324.10 -40.96 -41.22 -44.75 321.23 247.32 70.53 -0.10
60.00 8696.62
302.40 -44.56 -44.73 -47.70 322.39 247.52 75.68 -0.10
100.00 9164.03
282.80 -48.46 -48.53 -50.00 322.90 248.17 79.93 -0.10
0.00 9608.63
265.00 -51.36 -51.40 -52.63 324.59 248.70 86.11 -0.10
0.00 10033.47
248.50 -52.76 -52.90 -58.14 328.32 248.64 89.06 -0.10
0.00 10449.53
233.40 -52.76 -52.99 -63.99 334.13 247.63 93.90 0.00
0.00 10853.96
219.50 -52.06 -52.34 -64.45 341.12 250.30 102.54 0.00
0.00 11250.71
205.60 -52.76 -53.03 -64.93 346.46 253.43 103.55 0.00
0.00 11673.41
191.70 -53.96 -54.26 -73.19 351.44 253.12 99.67 0.10
0.00 12123.78
177.70 -54.46 -54.77 -73.70 358.32 251.68 93.92 0.10
0.00 12609.78
163.80 -54.46 -9999.00 -9999.00 -9999.00 248.88 85.18 0.10
0.00 13131.18
149.80 -55.76 -9999.00 -9999.00 -9999.00 244.41 76.46 0.10
0.00 13701.41
135.90 -58.16 -9999.00 -9999.00 -9999.00 243.58 66.80 0.10
0.00 14317.66
121.90 -59.66 -9999.00 -9999.00 -9999.00 243.43 54.29 0.00
0.00 14999.44
107.90 -60.26 -9999.00 -9999.00 -9999.00 235.80 42.50 0.00
0.00 15760.74
94.00 -61.56 -9999.00 -9999.00 -9999.00 231.95 39.70 0.00
0.00 16617.52
81.00 -61.46 -9999.00 -9999.00 -9999.00 232.57 39.63 0.00
0.00 17539.61
70.60 -60.16 -9999.00 -9999.00 -9999.00 233.43 37.49 0.00
0.00 18393.74
62.20 -58.56 -9999.00 -9999.00 -9999.00 237.47 29.25 0.00
0.00 19186.47
54.30 -57.06 -9999.00 -9999.00 -9999.00 220.10 24.13 0.00
0.00 20042.65
46.90 -57.16 -9999.00 -9999.00 -9999.00 220.48 19.15 0.00
0.00 20969.12
40.10 -57.06 -9999.00 -9999.00 -9999.00 205.64 16.16 0.00
0.00 21959.69
33.80 -57.36 -9999.00 -9999.00 -9999.00 206.10 10.61 0.00
0.00 23040.03
27.80 -59.36 -9999.00 -9999.00 -9999.00 197.78 10.82 0.00
0.00 24268.70
22.30 -57.76 -9999.00 -9999.00 -9999.00 216.33 8.20 0.00
0.00 25653.42
17.10 -56.16 -9999.00 -9999.00 -9999.00 234.25 5.98 0.00
0.00 27333.61
12.30 -53.46 -9999.00 -9999.00 -9999.00 270.00 13.79 0.00
0.00 29439.35

STID = HSI STNM = 815 TIME = 221026/1800 
SLAT = 40.32 SLON = -98.44 SELV = 583.0
STIM = 6

SHOW = 7.54 LIFT = 8.28 SWET = 168.44 KINX = 16.06
LCLP = 730.94 PWAT = 13.10 TOTL = 41.35 CAPE = 0.00
LCLT = 266.17 CINS = 0.00 EQLV = -9999.00 LFCT = -9999.00
BRCH = 0.00

PRES TMPC TMWC DWPC THTE DRCT SKNT OMEG
CFRL HGHT
949.10 13.64 6.06 -3.52 300.48 158.03 11.95 0.00
0.00 592.74
946.30 13.04 5.74 -3.60 300.08 158.50 13.77 0.00
0.00 617.57
941.10 12.44 5.39 -3.72 299.89 158.91 14.57 0.00
0.00 663.76
932.20 11.54 4.87 -3.84 299.76 159.02 15.19 0.00
0.00 743.22
919.10 10.34 4.15 -4.08 299.67 159.78 15.73 0.00
0.00 861.13
902.30 8.84 3.24 -4.36 299.63 160.91 16.03 0.00
0.00 1014.09
882.30 7.64 2.41 -4.83 300.16 163.87 16.78 0.00
0.00 1199.06
860.60 6.44 1.52 -5.47 300.81 188.13 16.49 -0.10
0.00 1403.67
837.00 5.14 0.49 -6.33 301.49 216.19 19.74 -0.40
0.00 1631.10
810.90 3.34 -0.86 -7.30 301.92 225.64 24.73 -0.60
0.00 1888.76
782.10 0.34 -2.20 -5.99 302.90 226.40 22.53 -0.50
0.00 2180.36
750.60 -1.76 -3.27 -5.48 304.88 225.92 17.04 -0.20
0.00 2508.85
716.50 -3.96 -5.62 -8.38 304.87 226.93 12.24 0.30
0.00 2877.40
679.80 -6.06 -7.77 -10.92 305.93 254.22 9.29 0.60
0.00 3290.75
640.40 -8.86 -9.86 -11.82 307.85 270.00 12.43 0.40
0.00 3755.78
598.20 -12.26 -12.86 -14.18 309.02 243.69 19.72 0.10
4.00 4280.47
553.60 -15.86 -16.25 -17.26 310.51 238.32 29.22 -0.20
81.00 4868.79
510.20 -19.76 -20.23 -21.76 311.55 237.08 36.09 -0.10
99.00 5479.56
471.00 -23.36 -23.88 -25.99 313.13 234.08 44.37 0.10
61.00 6068.71
435.60 -27.16 -27.66 -30.30 314.44 234.10 50.35 0.20
32.00 6635.95
403.60 -31.46 -31.91 -35.13 314.97 237.76 50.99 0.20
18.00 7180.74
374.50 -35.16 -35.54 -39.00 316.40 248.84 51.65 0.20
20.00 7706.23
348.00 -38.16 -38.46 -41.84 318.78 247.45 63.31 0.10
30.00 8214.36
324.10 -41.36 -41.61 -45.17 320.64 246.15 71.58 0.00
70.00 8700.51
302.40 -45.06 -45.22 -48.24 321.64 244.95 75.70 0.00
93.00 9167.00
282.80 -48.66 -48.77 -51.34 322.53 244.61 80.21 -0.10
0.00 9610.91
265.00 -51.46 -51.55 -54.31 324.37 246.65 86.75 -0.10
0.00 10035.46
248.50 -52.76 -52.92 -59.59 328.28 247.16 89.59 -0.10
0.00 10451.43
233.40 -52.26 -52.54 -66.97 334.84 247.23 95.86 -0.10
0.00 10856.31
219.50 -51.66 -51.96 -64.45 341.74 250.70 102.29 -0.10
0.00 11253.86
205.60 -52.46 -52.77 -67.89 346.88 252.55 103.65 -0.10
0.00 11677.24
191.70 -53.56 -53.88 -73.19 352.08 251.95 100.93 0.00
0.00 12128.32
177.70 -54.26 -54.57 -73.70 358.64 250.29 93.88 0.00
0.00 12614.99
163.80 -54.66 -54.98 -74.24 366.42 247.05 86.69 0.10
0.00 13136.38
149.80 -55.76 -9999.00 -9999.00 -9999.00 244.37 79.93 0.10
0.00 13706.35
135.90 -57.76 -9999.00 -9999.00 -9999.00 242.78 67.93 0.10
0.00 14323.17
121.90 -59.66 -9999.00 -9999.00 -9999.00 238.79 54.74 0.10
0.00 15005.59
107.90 -60.96 -9999.00 -9999.00 -9999.00 232.54 49.18 0.00
0.00 15765.65
94.00 -60.96 -9999.00 -9999.00 -9999.00 233.48 44.72 0.00
0.00 16622.22
81.00 -61.66 -9999.00 -9999.00 -9999.00 235.46 36.32 0.00
0.00 17545.19
70.60 -61.56 -9999.00 -9999.00 -9999.00 233.42 38.46 0.00
0.00 18396.10
62.20 -58.56 -9999.00 -9999.00 -9999.00 236.59 32.81 0.00
0.00 19186.23
54.30 -56.96 -9999.00 -9999.00 -9999.00 223.59 22.26 0.00
0.00 20042.61
46.90 -57.36 -9999.00 -9999.00 -9999.00 220.60 21.48 0.00
0.00 20968.87
40.10 -56.46 -9999.00 -9999.00 -9999.00 214.44 16.49 0.00
0.00 21960.36
33.80 -57.56 -9999.00 -9999.00 -9999.00 213.98 10.78 0.00
0.00 23041.69
27.80 -58.96 -9999.00 -9999.00 -9999.00 213.69 11.91 0.00
0.00 24270.94
22.30 -57.66 -9999.00 -9999.00 -9999.00 222.36 8.94 0.00
0.00 25657.27
17.10 -55.06 -9999.00 -9999.00 -9999.00 221.99 5.23 0.00
0.00 27342.12
12.30 -52.76 -9999.00 -9999.00 -9999.00 272.73 12.26 0.00
0.00 29456.54

STID = HSI STNM = 815 TIME = 221026/1900 
SLAT = 40.32 SLON = -98.44 SELV = 583.0
STIM = 7

SHOW = 6.41 LIFT = 6.87 SWET = 147.68 KINX = 21.53
LCLP = 732.06 PWAT = 15.51 TOTL = 44.15 CAPE = 0.00
LCLT = 267.12 CINS = 0.00 EQLV = -9999.00 LFCT = -9999.00
BRCH = 0.00

PRES TMPC TMWC DWPC THTE DRCT SKNT OMEG
CFRL HGHT
948.00 14.44 6.71 -2.58 302.08 189.62 11.62 0.10
0.00 593.67
945.20 13.84 6.40 -2.62 301.71 190.15 13.23 0.10
0.00 618.60
940.00 13.34 6.12 -2.69 301.66 190.52 13.83 0.10
0.00 664.99
931.10 12.44 5.61 -2.82 301.52 191.15 14.06 0.10
0.00 744.81
918.00 11.24 4.93 -2.97 301.50 192.36 14.51 0.10
0.00 863.25
901.20 9.74 4.05 -3.18 301.52 194.40 14.84 0.10
0.00 1016.91
881.30 7.94 3.16 -2.93 301.92 206.27 16.69 0.10
0.00 1201.60
859.60 5.84 2.16 -2.52 302.37 212.07 17.19 0.20
0.00 1406.41
836.10 3.64 0.90 -2.64 302.57 212.22 16.76 0.30
0.00 1632.40
810.00 1.04 -0.58 -2.74 302.71 212.74 16.16 0.60
0.00 1888.73
781.20 -0.16 -1.10 -2.32 305.30 215.45 14.06 0.80
3.00 2179.36
749.80 -1.46 -2.79 -4.67 305.95 225.00 11.27 0.90
1.00 2507.17
715.80 -3.56 -4.40 -5.65 307.36 235.58 12.72 0.80
2.00 2875.59
679.10 -5.86 -6.34 -7.10 308.78 237.34 17.99 0.40
15.00 3290.01
639.70 -8.76 -9.03 -9.52 309.52 236.43 25.64 -0.40
55.00 3755.99
597.60 -12.06 -12.26 -12.68 310.20 239.27 32.32 -1.00
100.00 4280.41
553.10 -15.76 -16.02 -16.69 310.99 242.66 32.15 -1.20
100.00 4868.38
509.80 -19.96 -20.27 -21.26 311.57 239.48 30.23 -0.90
100.00 5478.16
470.70 -23.76 -24.09 -25.45 312.85 238.51 36.44 -0.50
100.00 6065.55
435.40 -27.46 -27.81 -29.59 314.26 232.93 43.82 -0.20
100.00 6630.71
403.40 -31.66 -31.95 -33.94 314.96 232.76 47.82 -0.10
100.00 7175.22
374.30 -35.56 -35.75 -37.45 316.12 241.03 51.73 -0.10
100.00 7700.35
347.90 -38.96 -39.07 -40.28 317.90 244.27 59.52 -0.10
100.00 8205.50
324.00 -42.16 -42.28 -43.95 319.67 243.87 68.38 -0.10
100.00 8690.13
302.40 -45.56 -45.65 -47.19 321.01 242.38 75.85 0.00
100.00 9153.25
282.80 -48.96 -49.00 -50.00 322.18 243.02 83.04 0.10
100.00 9596.37
265.00 -52.06 -52.13 -54.31 323.49 244.97 87.68 0.20
0.00 10020.07
248.40 -53.36 -53.53 -61.33 327.38 243.49 90.52 0.20
0.00 10437.50
233.40 -52.46 -52.73 -66.97 334.54 244.10 96.95 0.20
0.00 10839.06
219.50 -52.06 -52.36 -67.42 341.08 248.01 101.18 0.20
0.00 11236.07
205.60 -52.46 -52.80 -72.72 346.84 249.09 102.31 0.20
0.00 11659.06
191.70 -52.86 -53.20 -73.19 353.20 248.74 102.33 0.10
0.00 12110.85
177.70 -53.46 -9999.00 -9999.00 -9999.00 248.71 97.36 0.10
0.00 12599.19
163.80 -54.46 -9999.00 -9999.00 -9999.00 246.72 90.93 0.00
0.00 13121.77
149.80 -55.96 -9999.00 -9999.00 -9999.00 245.18 85.61 -0.10
0.00 13691.74
135.90 -57.26 -9999.00 -9999.00 -9999.00 245.87 73.64 -0.10
0.00 14308.99
121.90 -58.76 -9999.00 -9999.00 -9999.00 240.13 55.77 -0.10
0.00 14993.64
107.90 -61.06 -9999.00 -9999.00 -9999.00 231.80 48.70 0.00
0.00 15755.12
94.00 -61.76 -9999.00 -9999.00 -9999.00 232.80 47.55 0.00
0.00 16609.87
81.00 -60.96 -9999.00 -9999.00 -9999.00 234.09 41.72 0.10
0.00 17532.63
70.60 -60.36 -9999.00 -9999.00 -9999.00 232.10 38.89 0.00
0.00 18387.36
62.20 -58.36 -9999.00 -9999.00 -9999.00 237.96 31.86 0.00
0.00 19180.08
54.30 -56.66 -9999.00 -9999.00 -9999.00 231.95 22.69 0.00
0.00 20037.46
46.90 -57.06 -9999.00 -9999.00 -9999.00 222.06 21.46 0.00
0.00 20965.00
40.10 -56.46 -9999.00 -9999.00 -9999.00 219.81 18.20 0.00
0.00 21957.18
33.80 -58.16 -9999.00 -9999.00 -9999.00 207.76 12.51 0.00
0.00 23037.01
27.80 -58.96 -9999.00 -9999.00 -9999.00 222.17 13.89 0.00
0.00 24264.54
22.30 -58.26 -9999.00 -9999.00 -9999.00 221.38 10.88 0.00
0.00 25648.94
17.10 -55.56 -9999.00 -9999.00 -9999.00 214.78 8.51 0.00
0.00 27329.51
12.30 -52.86 -9999.00 -9999.00 -9999.00 273.63 12.26 0.00
0.00 29441.04

STID = HSI STNM = 815 TIME = 221026/2000 
SLAT = 40.32 SLON = -98.44 SELV = 583.0
STIM = 8

SHOW = 5.93 LIFT = 6.02 SWET = 59.36 KINX = 23.37
LCLP = 759.99 PWAT = 16.63 TOTL = 44.90 CAPE = 0.00
LCLT = 270.04 CINS = 0.00 EQLV = -9999.00 LFCT = -9999.00
BRCH = 0.00

PRES TMPC TMWC DWPC THTE DRCT SKNT OMEG
CFRL HGHT
947.40 14.44 7.49 -0.10 304.05 180.00 7.77 0.10
0.00 592.79
944.60 13.94 7.23 -0.14 303.78 181.30 8.55 0.10
0.00 617.75
939.40 13.44 6.95 -0.22 303.72 181.27 8.74 0.20
0.00 664.21
930.50 12.54 6.45 -0.35 303.59 182.44 9.13 0.20
0.00 744.14
917.40 11.34 5.78 -0.51 303.57 184.57 9.75 0.40
0.00 862.74
900.70 9.74 4.88 -0.72 303.48 187.52 10.39 0.50
0.00 1015.67
880.70 7.94 3.86 -0.93 303.57 190.92 11.29 0.70
0.00 1201.48
859.00 5.94 2.70 -1.17 303.65 193.82 12.20 0.80
0.00 1406.53
835.60 3.64 1.43 -1.28 303.75 196.53 12.98 0.90
0.00 1631.79
809.40 1.54 0.64 -0.46 305.34 201.21 13.97 0.90
0.00 1889.60
780.70 0.04 -0.54 -1.29 306.52 208.66 16.61 0.80
13.00 2179.88
749.30 -1.36 -2.15 -3.21 307.33 213.69 18.20 0.50
7.00 2508.16
715.30 -3.56 -3.97 -4.58 308.29 218.66 19.89 0.30
19.00 2876.98
678.70 -5.86 -6.24 -6.84 309.04 221.35 25.87 0.00
31.00 3290.59
639.40 -8.56 -8.92 -9.57 309.77 228.19 32.05 -0.20
41.00 3755.81
597.30 -12.46 -12.83 -13.64 309.22 232.68 34.93 -0.30
70.00 4280.25
552.90 -16.06 -16.45 -17.48 310.29 236.13 34.15 -0.50
93.00 4866.31
509.70 -19.66 -20.02 -21.18 311.98 238.41 33.74 -0.70
100.00 5474.83
470.50 -23.26 -23.58 -24.83 313.71 235.21 36.42 -0.70
100.00 6064.86
435.30 -27.36 -27.66 -29.18 314.51 232.47 40.17 -0.50
100.00 6629.30
403.40 -31.76 -32.04 -33.94 314.83 237.19 45.53 -0.30
100.00 7172.18
374.30 -35.66 -35.91 -38.20 315.88 240.86 50.27 -0.20
100.00 7697.08
347.90 -38.76 -38.96 -41.19 318.06 241.10 57.48 -0.10
100.00 8202.33
324.00 -42.16 -42.35 -45.18 319.56 241.25 68.24 -0.10
100.00 8687.16
302.30 -45.76 -45.91 -48.82 320.65 242.10 78.03 -0.10
99.00 9152.29
282.80 -49.36 -49.49 -52.89 321.45 243.14 83.84 -0.20
64.00 9592.63
265.00 -52.46 -52.54 -55.29 322.86 241.97 85.16 -0.20
0.00 10015.56
248.40 -52.86 -53.07 -63.52 328.08 241.21 89.55 -0.20
0.00 10433.09
233.40 -52.76 -53.02 -66.97 334.08 245.62 93.63 -0.20
0.00 10834.82
219.50 -52.86 -53.16 -72.27 339.80 247.63 94.95 -0.20
0.00 11230.84
205.60 -52.86 -53.18 -72.72 346.21 248.16 98.15 -0.10
0.00 11652.69
191.70 -53.46 -53.78 -73.19 352.24 248.98 98.02 0.00
0.00 12103.45
177.70 -54.46 -9999.00 -9999.00 -9999.00 248.44 94.62 0.10
0.00 12590.01
163.80 -55.46 -9999.00 -9999.00 -9999.00 246.29 90.81 0.10
0.00 13110.21
149.80 -56.66 -9999.00 -9999.00 -9999.00 243.66 87.57 0.20
0.00 13677.96
135.90 -57.96 -9999.00 -9999.00 -9999.00 244.30 80.63 0.20
0.00 14293.21
121.90 -58.26 -9999.00 -9999.00 -9999.00 242.58 63.68 0.10
0.00 14977.54
107.90 -59.76 -9999.00 -9999.00 -9999.00 234.26 51.22 0.00
0.00 15742.24
94.00 -61.76 -9999.00 -9999.00 -9999.00 233.18 44.41 0.00
0.00 16599.62
81.00 -61.36 -9999.00 -9999.00 -9999.00 233.62 41.26 0.00
0.00 17521.50
70.60 -60.16 -9999.00 -9999.00 -9999.00 233.19 36.64 0.00
0.00 18375.83
62.20 -58.46 -9999.00 -9999.00 -9999.00 242.32 31.37 0.00
0.00 19168.74
54.30 -57.16 -9999.00 -9999.00 -9999.00 233.13 20.40 0.00
0.00 20024.92
46.90 -57.26 -9999.00 -9999.00 -9999.00 217.48 22.03 0.00
0.00 20950.97
40.10 -56.86 -9999.00 -9999.00 -9999.00 211.72 20.32 0.00
0.00 21941.76
33.80 -57.86 -9999.00 -9999.00 -9999.00 210.63 17.15 0.00
0.00 23021.35
27.80 -58.06 -9999.00 -9999.00 -9999.00 227.01 15.68 0.00
0.00 24252.31
22.30 -57.66 -9999.00 -9999.00 -9999.00 227.39 13.19 0.00
0.00 25641.55
17.10 -56.16 -9999.00 -9999.00 -9999.00 230.33 10.35 0.00
0.00 27322.12
12.30 -52.66 -9999.00 -9999.00 -9999.00 276.01 11.13 0.00
0.00 29431.72

STID = HSI STNM = 815 TIME = 221026/2100 
SLAT = 40.32 SLON = -98.44 SELV = 583.0
STIM = 9

SHOW = 7.08 LIFT = 6.93 SWET = 64.92 KINX = 20.42
LCLP = 740.36 PWAT = 14.91 TOTL = 42.44 CAPE = 0.00
LCLT = 268.47 CINS = 0.00 EQLV = -9999.00 LFCT = -9999.00
BRCH = 0.00

PRES TMPC TMWC DWPC THTE DRCT SKNT OMEG
CFRL HGHT
946.50 14.84 7.26 -1.36 303.56 152.30 8.78 0.00
0.00 594.60
943.80 14.44 7.03 -1.47 303.33 152.93 9.81 0.00
0.00 618.71
938.60 13.94 6.75 -1.55 303.28 154.40 10.33 0.00
0.00 665.29
929.80 13.14 6.29 -1.71 303.22 154.86 10.51 0.00
0.00 744.51
916.70 11.94 5.59 -1.94 303.15 155.73 10.86 0.00
0.00 863.43
899.90 10.44 4.70 -2.23 303.12 158.39 11.07 0.00
0.00 1017.72
880.00 8.64 3.62 -2.61 303.06 160.94 11.31 0.00
0.00 1203.16
858.30 6.54 2.34 -3.02 302.90 164.58 11.69 0.10
0.00 1408.79
834.90 4.34 0.91 -3.65 302.70 174.81 12.88 0.20
0.00 1634.68
808.90 1.84 -0.69 -4.19 302.60 179.19 13.79 0.40
0.00 1891.03
780.20 -0.26 -2.37 -5.49 302.81 194.65 17.68 0.60
0.00 2181.30
748.90 -1.56 -2.99 -5.05 305.66 202.99 20.88 0.80
0.00 2508.25
714.90 -3.36 -4.29 -5.66 307.70 207.34 25.80 0.90
0.00 2877.18
678.30 -5.96 -6.61 -7.67 308.36 212.82 31.90 0.70
7.00 3291.04
639.10 -8.96 -9.39 -10.20 308.92 216.69 38.03 0.40
23.00 3754.84
597.10 -12.76 -13.17 -14.09 308.65 226.90 37.24 -0.10
29.00 4277.51
552.70 -15.66 -16.08 -17.15 310.96 239.42 39.70 -0.70
78.00 4863.89
509.50 -19.06 -19.43 -20.54 313.01 247.89 40.25 -1.10
100.00 5473.85
470.40 -22.86 -23.23 -24.63 314.30 249.41 42.54 -1.10
100.00 6063.74
435.20 -26.96 -27.31 -29.05 315.07 241.35 42.95 -0.90
100.00 6629.23
403.30 -31.46 -31.78 -33.94 315.24 233.13 40.79 -0.60
100.00 7173.02
374.20 -35.66 -35.91 -38.20 315.91 236.24 45.09 -0.40
100.00 7698.38
347.90 -39.46 -39.62 -41.51 317.07 238.96 52.37 -0.30
100.00 8201.03
324.00 -43.06 -43.14 -44.34 318.39 241.03 64.16 -0.20
100.00 8684.20
302.30 -46.66 -46.71 -47.71 319.45 242.30 74.38 -0.20
100.00 9147.51
282.70 -49.86 -49.99 -53.78 320.73 242.31 79.86 -0.10
0.00 9588.81
265.00 -51.96 -52.16 -60.83 323.43 241.44 84.93 0.00
0.00 10009.44
248.40 -52.76 -53.00 -66.52 328.19 244.78 88.89 0.00
0.00 10427.52
233.40 -53.16 -53.40 -66.97 333.48 246.59 89.96 0.00
0.00 10828.98
219.50 -52.86 -53.16 -72.27 339.80 247.36 91.34 0.10
0.00 11224.65
205.60 -53.06 -53.37 -72.72 345.89 248.04 92.99 0.10
0.00 11646.30
191.70 -53.46 -53.78 -73.19 352.24 247.81 94.62 0.10
0.00 12096.86
177.70 -54.26 -9999.00 -9999.00 -9999.00 247.34 94.31 0.10
0.00 12583.64
163.80 -55.36 -9999.00 -9999.00 -9999.00 245.46 91.18 0.10
0.00 13104.20
149.80 -56.66 -9999.00 -9999.00 -9999.00 243.15 87.32 0.10
0.00 13672.08
135.90 -57.86 -9999.00 -9999.00 -9999.00 243.25 79.84 0.10
0.00 14287.47
121.90 -58.46 -9999.00 -9999.00 -9999.00 242.07 65.52 0.00
0.00 14971.64
107.90 -59.36 -9999.00 -9999.00 -9999.00 234.73 52.82 0.00
0.00 15736.69
94.00 -60.86 -9999.00 -9999.00 -9999.00 233.85 46.43 0.00
0.00 16596.70
81.00 -60.96 -9999.00 -9999.00 -9999.00 234.26 39.24 0.00
0.00 17521.41
70.60 -59.66 -9999.00 -9999.00 -9999.00 236.90 36.64 0.00
0.00 18377.55
62.20 -58.06 -9999.00 -9999.00 -9999.00 243.91 31.35 0.00
0.00 19172.13
54.30 -56.76 -9999.00 -9999.00 -9999.00 232.04 22.42 0.00
0.00 20029.90
46.90 -57.26 -9999.00 -9999.00 -9999.00 216.77 23.04 0.00
0.00 20956.81
40.10 -57.26 -9999.00 -9999.00 -9999.00 218.01 21.45 0.00
0.00 21946.69
33.80 -57.46 -9999.00 -9999.00 -9999.00 221.19 16.51 0.00
0.00 23026.27
27.80 -57.76 -9999.00 -9999.00 -9999.00 229.86 12.96 0.00
0.00 24259.24
22.30 -57.56 -9999.00 -9999.00 -9999.00 234.58 10.72 0.00
0.00 25649.76
17.10 -56.16 -9999.00 -9999.00 -9999.00 244.57 13.11 0.00
0.00 27330.72
12.30 -52.16 -9999.00 -9999.00 -9999.00 285.71 12.92 0.00
0.00 29442.73

STID = HSI STNM = 815 TIME = 221026/2200 
SLAT = 40.32 SLON = -98.44 SELV = 583.0
STIM = 10

SHOW = 7.92 LIFT = 7.80 SWET = 218.90 KINX = 18.73
LCLP = 724.81 PWAT = 13.92 TOTL = 40.61 CAPE = 0.00
LCLT = 266.95 CINS = 0.00 EQLV = -9999.00 LFCT = -9999.00
BRCH = 0.00

PRES TMPC TMWC DWPC THTE DRCT SKNT OMEG
CFRL HGHT
947.50 15.04 6.99 -2.62 302.74 139.82 11.44 0.00
0.00 592.81
944.60 14.64 6.76 -2.71 302.55 140.71 13.81 0.00
0.00 618.70
939.50 14.14 6.47 -2.82 302.47 141.34 14.92 -0.10
0.00 664.36
930.60 13.34 6.00 -2.99 302.41 141.12 15.46 -0.10
0.00 744.45
917.50 12.14 5.31 -3.18 302.37 142.00 15.77 -0.20
0.00 863.33
900.70 10.64 4.42 -3.47 302.34 142.43 15.93 -0.30
0.00 1017.56
880.80 8.84 3.33 -3.84 302.29 142.99 15.81 -0.30
0.00 1202.93
859.10 6.84 2.11 -4.22 302.26 143.97 15.85 -0.40
0.00 1408.51
835.60 4.74 0.59 -5.29 301.89 151.84 15.64 -0.30
0.00 1635.40
809.50 2.64 -1.19 -7.09 301.44 162.85 16.47 -0.30
0.00 1893.01
780.80 0.24 -2.88 -7.93 301.69 177.56 18.28 -0.10
0.00 2183.64
749.50 -1.86 -3.62 -6.30 304.32 189.46 21.27 0.10
0.00 2510.37
715.50 -3.96 -4.91 -6.38 306.39 194.31 29.88 0.30
0.00 2878.33
678.90 -6.26 -7.03 -8.33 307.46 201.80 37.67 0.40
2.00 3291.09
639.50 -9.06 -9.68 -10.85 308.33 211.48 44.64 0.40
8.00 3756.51
597.50 -11.86 -12.36 -13.42 310.03 235.48 40.79 0.20
16.00 4279.64
553.00 -14.56 -15.01 -16.07 312.78 254.67 37.47 -0.10
54.00 4869.29
509.80 -18.56 -18.98 -20.22 313.71 250.14 39.45 -0.30
100.00 5480.86
470.60 -22.86 -23.27 -24.83 314.19 242.59 41.36 -0.40
100.00 6072.55
435.40 -27.26 -27.62 -29.45 314.55 240.92 41.57 -0.50
100.00 6637.43
403.40 -31.66 -31.95 -33.94 314.96 243.90 42.39 -0.50
100.00 7182.17
374.30 -35.86 -36.07 -37.95 315.65 240.48 43.75 -0.40
100.00 7706.96
347.90 -39.76 -39.82 -40.57 316.77 239.88 51.88 -0.40
100.00 8210.93
324.00 -43.66 -43.85 -47.09 317.34 243.19 60.72 -0.30
90.00 8693.16
302.40 -46.76 -47.13 -59.80 318.78 245.76 66.26 -0.30
40.00 9153.52
282.80 -49.16 -49.49 -65.57 321.42 245.68 73.12 -0.30
0.00 9595.23
265.00 -50.96 -51.22 -63.03 324.85 246.74 76.75 -0.20
0.00 10019.77
248.40 -51.76 -52.04 -66.52 329.68 248.33 77.33 -0.10
0.00 10439.74
233.40 -52.36 -52.63 -66.97 334.69 248.77 79.39 -0.10
0.00 10842.84
219.50 -53.16 -53.45 -72.27 339.33 248.42 82.93 -0.10
0.00 11238.96
205.60 -53.76 -54.05 -72.72 344.79 247.61 87.18 0.00
0.00 11659.65
191.70 -54.16 -54.45 -73.19 351.12 247.09 91.32 0.00
0.00 12108.78
177.70 -54.76 -55.05 -73.70 357.82 247.40 93.01 0.00
0.00 12594.23
163.80 -55.76 -9999.00 -9999.00 -9999.00 246.67 90.75 0.10
0.00 13113.72
149.80 -56.86 -9999.00 -9999.00 -9999.00 244.47 86.97 0.10
0.00 13680.81
135.90 -58.06 -9999.00 -9999.00 -9999.00 243.68 81.06 0.10
0.00 14295.63
121.90 -58.66 -9999.00 -9999.00 -9999.00 243.15 69.68 0.10
0.00 14979.17
107.90 -59.36 -9999.00 -9999.00 -9999.00 237.83 56.92 0.00
0.00 15743.86
94.00 -60.56 -9999.00 -9999.00 -9999.00 237.78 48.45 0.00
0.00 16604.47
81.00 -61.06 -9999.00 -9999.00 -9999.00 236.39 37.55 0.00
0.00 17529.62
70.60 -59.46 -9999.00 -9999.00 -9999.00 236.14 36.27 0.00
0.00 18385.96
62.20 -56.76 -9999.00 -9999.00 -9999.00 241.62 30.24 0.00
0.00 19183.32
54.30 -56.26 -9999.00 -9999.00 -9999.00 229.11 21.08 0.00
0.00 20044.67
46.90 -57.56 -9999.00 -9999.00 -9999.00 217.57 22.30 0.00
0.00 20972.00
40.10 -57.26 -9999.00 -9999.00 -9999.00 225.41 19.37 0.00
0.00 21961.19
33.80 -57.66 -9999.00 -9999.00 -9999.00 234.13 15.58 0.00
0.00 23040.28
27.80 -57.76 -9999.00 -9999.00 -9999.00 245.10 11.99 0.00
0.00 24272.67
22.30 -57.66 -9999.00 -9999.00 -9999.00 248.20 12.55 0.00
0.00 25662.88
17.10 -55.36 -9999.00 -9999.00 -9999.00 259.92 17.75 0.00
0.00 27346.56
12.30 -51.86 -9999.00 -9999.00 -9999.00 291.34 13.34 0.00
0.00 29463.87

STID = HSI STNM = 815 TIME = 221026/2300 
SLAT = 40.32 SLON = -98.44 SELV = 583.0
STIM = 11

SHOW = 8.34 LIFT = 8.25 SWET = 218.06 KINX = 17.81
LCLP = 730.41 PWAT = 13.38 TOTL = 39.88 CAPE = 0.00
LCLT = 266.81 CINS = 0.00 EQLV = -9999.00 LFCT = -9999.00
BRCH = 0.00

PRES TMPC TMWC DWPC THTE DRCT SKNT OMEG
CFRL HGHT
947.30 14.24 6.53 -2.87 301.74 132.65 10.04 0.00
0.00 592.78
944.40 14.04 6.39 -3.00 301.73 133.26 13.60 0.00
0.00 618.62
939.30 13.74 6.19 -3.11 301.86 134.01 15.93 0.00
0.00 664.20
930.30 12.94 5.71 -3.32 301.79 134.56 17.72 -0.10
0.00 745.10
917.30 11.84 5.04 -3.59 301.78 135.42 18.82 -0.10
0.00 862.95
900.50 10.34 4.14 -3.88 301.75 136.22 19.37 -0.10
0.00 1017.04
880.60 8.54 3.04 -4.26 301.70 137.00 19.66 -0.10
0.00 1202.24
858.90 6.54 1.81 -4.67 301.64 138.22 19.54 -0.10
0.00 1407.64
835.50 4.44 0.34 -5.55 301.40 140.34 19.17 -0.20
0.00 1633.35
809.40 2.84 -1.19 -7.47 301.44 158.42 19.02 -0.20
0.00 1890.94
780.70 1.24 -2.46 -8.47 302.49 172.41 20.57 -0.30
0.00 2182.22
749.30 -1.36 -3.72 -7.45 304.13 184.44 22.59 -0.30
0.00 2510.92
715.40 -3.86 -4.88 -6.46 306.46 187.72 30.38 -0.10
0.00 2878.25
678.70 -6.36 -7.23 -8.72 307.11 197.17 38.83 0.20
0.00 3292.21
639.40 -9.36 -9.87 -10.85 307.99 212.28 43.65 0.40
5.00 3756.19
597.40 -11.66 -11.81 -12.13 311.04 242.77 37.35 0.40
100.00 4279.35
552.90 -14.56 -15.27 -17.01 312.33 252.16 35.51 0.20
8.00 4869.35
509.70 -18.46 -19.39 -22.39 313.02 250.53 37.30 0.10
53.00 5481.08
470.60 -23.06 -23.72 -26.46 313.45 250.96 40.48 0.00
73.00 6071.12
435.30 -27.66 -28.18 -31.08 313.69 252.54 43.38 0.00
85.00 6636.95
403.40 -32.06 -32.43 -35.14 314.23 250.14 44.62 -0.10
92.00 7179.13
374.30 -36.36 -36.54 -38.20 314.95 244.08 46.21 -0.20
100.00 7702.92
347.90 -40.56 -40.77 -43.68 315.37 244.11 51.61 -0.20
94.00 8205.48
324.00 -43.96 -44.44 -59.26 316.43 248.27 56.66 -0.20
23.00 8686.53
302.40 -46.66 -47.06 -62.03 318.88 251.27 60.51 -0.20
0.00 9146.67
282.80 -48.36 -48.70 -62.54 322.61 252.14 60.82 -0.20
0.00 9589.27
265.00 -49.66 -50.00 -66.05 326.71 252.49 64.57 -0.10
0.00 10015.80
248.40 -51.26 -51.55 -66.52 330.42 251.21 69.97 -0.10
0.00 10437.48
233.40 -52.96 -53.21 -66.97 333.78 249.29 74.15 -0.10
0.00 10840.49
219.50 -53.86 -54.12 -72.27 338.25 247.99 78.79 0.00
0.00 11235.43
205.60 -53.76 -54.05 -72.72 344.79 247.52 82.83 0.00
0.00 11655.46
191.70 -53.86 -54.16 -73.19 351.60 246.54 84.91 0.10
0.00 12104.89
177.70 -54.86 -55.15 -73.70 357.66 246.77 88.15 0.10
0.00 12590.56
163.80 -55.96 -56.24 -74.24 364.24 247.22 88.29 0.10
0.00 13109.70
149.80 -56.66 -56.94 -74.84 372.45 244.92 83.86 0.20
0.00 13676.79
135.90 -57.96 -9999.00 -9999.00 -9999.00 243.37 79.74 0.20
0.00 14292.05
121.90 -58.76 -9999.00 -9999.00 -9999.00 243.64 71.76 0.10
0.00 14975.58
107.90 -59.26 -9999.00 -9999.00 -9999.00 240.35 59.67 0.10
0.00 15740.27
94.00 -60.36 -9999.00 -9999.00 -9999.00 239.38 50.33 0.00
0.00 16601.49
81.00 -60.36 -9999.00 -9999.00 -9999.00 238.13 35.68 0.00
0.00 17528.60
70.60 -59.46 -9999.00 -9999.00 -9999.00 236.77 33.66 0.00
0.00 18386.34
62.20 -56.86 -9999.00 -9999.00 -9999.00 243.95 29.20 0.00
0.00 19183.52
54.30 -56.46 -9999.00 -9999.00 -9999.00 232.70 20.51 0.00
0.00 20044.27
46.90 -58.06 -9999.00 -9999.00 -9999.00 220.60 23.29 0.00
0.00 20970.11
40.10 -57.96 -9999.00 -9999.00 -9999.00 232.36 20.36 0.00
0.00 21956.55
33.80 -58.36 -9999.00 -9999.00 -9999.00 251.34 15.79 0.00
0.00 23032.13
27.80 -58.26 -9999.00 -9999.00 -9999.00 260.98 12.39 0.00
0.00 24261.09
22.30 -57.66 -9999.00 -9999.00 -9999.00 265.79 13.25 0.00
0.00 25649.68
17.10 -55.26 -9999.00 -9999.00 -9999.00 277.94 16.86 0.00
0.00 27333.75
12.30 -51.86 -9999.00 -9999.00 -9999.00 277.13 7.83 0.00
0.00 29451.55

STID = HSI STNM = 815 TIME = 221027/0000 
SLAT = 40.32 SLON = -98.44 SELV = 583.0
STIM = 12

SHOW = 8.18 LIFT = 8.29 SWET = 225.72 KINX = 15.06
LCLP = 746.06 PWAT = 12.46 TOTL = 40.16 CAPE = 0.00
LCLT = 267.17 CINS = 0.00 EQLV = -9999.00 LFCT = -9999.00
BRCH = 0.00

PRES TMPC TMWC DWPC THTE DRCT SKNT OMEG
CFRL HGHT
946.80 12.84 5.87 -2.80 300.36 125.10 8.78 0.00
0.00 593.62
944.00 13.04 5.91 -2.96 300.74 128.16 13.83 0.00
0.00 618.48
938.80 12.94 5.80 -3.12 301.05 129.38 16.84 0.00
0.00 664.83
930.00 12.54 5.48 -3.41 301.33 131.91 20.36 -0.10
0.00 743.80
916.90 11.44 4.80 -3.72 301.31 133.22 22.13 -0.10
0.00 862.43
900.10 10.04 3.94 -4.05 301.36 134.31 22.80 0.00
0.00 1016.40
880.20 8.24 2.83 -4.44 301.30 134.65 22.67 0.10
0.00 1201.48
858.50 6.34 1.58 -5.06 301.21 139.62 22.18 0.10
0.00 1406.78
835.10 4.74 0.44 -5.77 301.63 155.64 22.61 0.10
0.00 1632.64
809.00 3.14 -0.79 -6.68 302.31 168.96 24.34 -0.10
0.00 1890.63
780.30 1.54 -2.18 -8.08 303.10 176.16 26.09 -0.30
0.00 2182.40
749.00 -0.76 -3.52 -7.90 304.55 179.16 26.61 -0.30
0.00 2510.74
715.10 -3.46 -5.35 -8.45 305.58 182.92 30.54 -0.20
0.00 2878.84
678.50 -6.06 -7.99 -11.68 305.68 196.32 36.64 0.10
0.00 3292.23
639.20 -9.06 -9.89 -11.49 307.98 219.69 35.59 0.40
0.00 3756.76
597.20 -12.16 -12.21 -12.34 310.35 247.77 33.37 0.60
100.00 4279.86
552.80 -14.46 -15.43 -17.89 312.06 258.16 33.14 0.60
2.00 4868.21
509.60 -18.76 -19.79 -23.24 312.38 253.03 35.96 0.60
3.00 5479.77
470.50 -23.36 -24.34 -28.90 312.47 254.77 42.89 0.50
23.00 6069.19
435.30 -27.86 -28.78 -34.80 312.76 252.77 46.58 0.40
34.00 6632.83
403.30 -32.36 -33.07 -39.46 313.27 248.86 46.85 0.30
39.00 7176.16
374.20 -36.46 -37.21 -48.20 313.95 251.27 47.79 0.20
66.00 7699.58
347.90 -39.96 -40.65 -56.91 315.51 257.71 51.09 0.00
36.00 8200.77
324.00 -42.96 -43.51 -59.26 317.81 262.10 53.73 -0.10
0.00 8683.46
302.40 -45.56 -46.01 -62.03 320.43 265.47 56.51 -0.10
0.00 9145.72
282.80 -47.86 -48.23 -62.54 323.32 264.25 58.18 -0.20
0.00 9589.89
265.00 -49.96 -50.26 -63.03 326.32 259.66 60.63 -0.20
0.00 10016.61
248.40 -51.96 -52.23 -66.52 329.38 252.40 63.58 -0.20
0.00 10437.35
233.40 -53.26 -53.50 -66.97 333.33 247.80 71.97 -0.20
0.00 10839.45
219.50 -53.56 -53.83 -72.27 338.72 247.64 78.13 -0.20
0.00 11234.39
205.60 -53.56 -53.85 -72.72 345.11 247.28 78.96 -0.20
0.00 11654.89
191.70 -54.16 -54.45 -73.19 351.12 245.43 79.88 -0.10
0.00 12104.22
177.70 -55.46 -9999.00 -9999.00 -9999.00 245.21 84.30 0.00
0.00 12588.90
163.80 -56.46 -9999.00 -9999.00 -9999.00 247.20 87.24 0.10
0.00 13106.71
149.80 -56.46 -9999.00 -9999.00 -9999.00 246.45 82.63 0.10
0.00 13673.41
135.90 -56.86 -57.16 -75.48 382.61 241.54 76.22 0.10
0.00 14290.52
121.90 -58.76 -9999.00 -9999.00 -9999.00 242.66 71.08 0.10
0.00 14975.81
107.90 -59.36 -9999.00 -9999.00 -9999.00 242.54 61.07 0.10
0.00 15740.32
94.00 -59.76 -9999.00 -9999.00 -9999.00 241.01 51.30 0.00
0.00 16602.55
81.00 -59.56 -9999.00 -9999.00 -9999.00 239.55 33.35 0.00
0.00 17532.70
70.60 -59.86 -9999.00 -9999.00 -9999.00 240.48 30.36 0.00
0.00 18391.25
62.20 -57.86 -9999.00 -9999.00 -9999.00 247.41 28.83 0.00
0.00 19185.83
54.30 -56.66 -9999.00 -9999.00 -9999.00 241.10 21.31 0.00
0.00 20044.20
46.90 -58.26 -9999.00 -9999.00 -9999.00 223.51 21.15 0.00
0.00 20969.18
40.10 -59.16 -9999.00 -9999.00 -9999.00 235.47 21.93 0.00
0.00 21952.41
33.80 -58.76 -9999.00 -9999.00 -9999.00 258.69 13.87 0.00
0.00 23023.99
27.80 -58.96 -9999.00 -9999.00 -9999.00 268.81 9.32 0.00
0.00 24249.80
22.30 -58.46 -9999.00 -9999.00 -9999.00 299.20 7.56 0.00
0.00 25633.55
17.10 -56.66 -9999.00 -9999.00 -9999.00 288.43 9.21 0.00
0.00 27309.08
12.30 -52.26 -9999.00 -9999.00 -9999.00 231.01 5.24 0.00
0.00 29418.19

STID = HSI STNM = 815 TIME = 221027/0100 
SLAT = 40.32 SLON = -98.44 SELV = 583.0
STIM = 13

SHOW = 7.03 LIFT = 7.77 SWET = 241.11 KINX = 14.82
LCLP = 760.92 PWAT = 12.25 TOTL = 42.24 CAPE = 0.00
LCLT = 267.71 CINS = 0.00 EQLV = -9999.00 LFCT = -9999.00
BRCH = 0.00

PRES TMPC TMWC DWPC THTE DRCT SKNT OMEG
CFRL HGHT
947.20 11.84 5.47 -2.51 299.46 122.66 8.99 0.00
0.00 592.70
944.40 12.14 5.56 -2.67 299.95 124.70 15.37 -0.10
0.00 617.46
939.20 12.14 5.49 -2.82 300.37 125.89 18.22 -0.10
0.00 663.66
930.30 11.94 5.28 -3.11 300.87 128.88 23.21 -0.10
0.00 743.31
917.20 11.14 4.75 -3.39 301.18 129.63 24.96 -0.10
0.00 861.72
900.50 9.74 3.91 -3.63 301.28 131.60 25.45 -0.10
0.00 1014.55
880.50 8.24 2.98 -3.97 301.59 140.59 25.39 -0.10
0.00 1200.41
858.80 6.94 2.09 -4.43 302.25 156.21 26.96 -0.20
0.00 1405.88
835.40 5.34 0.96 -5.12 302.69 166.92 28.32 -0.40
0.00 1632.15
809.30 3.44 -0.54 -6.41 302.78 174.60 28.88 -0.60
0.00 1890.49
780.60 1.34 -2.32 -8.17 302.79 178.84 28.75 -0.70
0.00 2182.20
749.20 -0.76 -4.17 -10.12 303.20 181.54 28.96 -0.70
0.00 2511.32
715.30 -3.26 -6.03 -11.13 304.19 191.68 29.76 -0.60
0.00 2879.34
678.70 -5.76 -7.85 -11.84 305.91 211.16 29.27 -0.50
0.00 3292.93
639.40 -8.56 -9.34 -10.80 308.96 235.58 25.43 -0.10
0.00 3758.04
597.30 -11.66 -11.93 -12.48 310.84 255.58 28.09 0.20
79.00 4283.27
552.90 -15.06 -15.55 -16.76 311.84 256.14 30.81 0.40
30.00 4871.43
509.70 -19.26 -20.06 -22.76 311.91 249.78 35.39 0.50
7.00 5481.61
470.50 -23.56 -24.66 -30.10 311.95 252.90 39.63 0.60
0.00 6071.64
435.30 -27.76 -28.97 -38.11 312.44 252.63 39.69 0.50
0.00 6635.14
403.40 -31.76 -33.01 -49.84 313.27 256.90 40.29 0.30
0.00 7177.43
374.30 -35.36 -36.45 -60.38 315.00 265.78 42.27 0.20
14.00 7702.53
347.90 -38.86 -39.64 -56.91 317.00 269.77 47.40 0.10
0.00 8207.90
324.00 -42.46 -43.02 -57.48 318.54 270.85 52.64 0.10
0.00 8692.26
302.40 -45.86 -46.22 -56.56 320.13 272.16 56.76 0.00
0.00 9154.72
282.80 -49.06 -49.32 -58.57 321.68 270.93 59.63 0.00
0.00 9597.43
265.00 -51.56 -51.80 -63.03 323.98 263.94 60.74 -0.20
0.00 10021.49
248.40 -53.06 -53.29 -66.52 327.74 255.00 64.55 -0.30
0.00 10439.67
233.40 -53.56 -53.79 -66.97 332.87 247.49 70.03 -0.30
0.00 10840.49
219.50 -53.86 -54.12 -72.27 338.25 245.35 75.45 -0.30
0.00 11234.89
205.60 -53.76 -54.05 -72.72 344.79 244.64 78.46 -0.20
0.00 11654.91
191.70 -53.96 -54.26 -73.19 351.44 243.50 81.84 -0.20
0.00 12104.25
177.70 -54.96 -9999.00 -9999.00 -9999.00 244.70 86.36 -0.10
0.00 12589.70
163.80 -56.16 -9999.00 -9999.00 -9999.00 247.25 87.41 0.00
0.00 13108.47
149.80 -56.76 -9999.00 -9999.00 -9999.00 247.10 82.87 0.10
0.00 13675.17
135.90 -57.06 -9999.00 -9999.00 -9999.00 243.94 78.71 0.10
0.00 14291.56
121.90 -58.16 -58.44 -76.19 392.30 243.64 73.06 0.10
0.00 14977.48
107.90 -59.46 -9999.00 -9999.00 -9999.00 245.08 63.62 0.10
0.00 15742.89
94.00 -59.36 -9999.00 -9999.00 -9999.00 243.34 53.24 0.10
0.00 16605.72
81.00 -58.46 -9999.00 -9999.00 -9999.00 243.13 32.23 0.00
0.00 17539.15
70.60 -60.06 -9999.00 -9999.00 -9999.00 243.78 29.02 0.00
0.00 18399.51
62.20 -58.26 -9999.00 -9999.00 -9999.00 249.59 26.73 0.00
0.00 19192.98
54.30 -56.86 -9999.00 -9999.00 -9999.00 234.01 20.16 0.00
0.00 20050.15
46.90 -57.96 -9999.00 -9999.00 -9999.00 215.79 20.59 0.00
0.00 20975.35
40.10 -58.46 -9999.00 -9999.00 -9999.00 229.92 20.82 0.00
0.00 21960.87
33.80 -57.56 -9999.00 -9999.00 -9999.00 256.87 11.97 0.00
0.00 23037.20
27.80 -58.66 -9999.00 -9999.00 -9999.00 257.09 9.56 0.00
0.00 24267.31
22.30 -57.96 -9999.00 -9999.00 -9999.00 288.92 7.19 0.00
0.00 25653.64
17.10 -57.26 -9999.00 -9999.00 -9999.00 288.10 10.63 0.00
0.00 27328.77
12.30 -52.76 -9999.00 -9999.00 -9999.00 254.83 11.87 0.00
0.00 29432.58

STID = HSI STNM = 815 TIME = 221027/0200 
SLAT = 40.32 SLON = -98.44 SELV = 583.0
STIM = 14

SHOW = 6.41 LIFT = 7.45 SWET = 249.96 KINX = 15.89
LCLP = 774.43 PWAT = 12.55 TOTL = 43.31 CAPE = 0.00
LCLT = 268.21 CINS = 0.00 EQLV = -9999.00 LFCT = -9999.00
BRCH = 0.00

PRES TMPC TMWC DWPC THTE DRCT SKNT OMEG
CFRL HGHT
947.10 10.94 5.10 -2.23 298.71 116.10 10.61 -0.10
0.00 592.67
944.20 11.24 5.19 -2.39 299.21 117.73 17.11 -0.10
0.00 618.24
939.10 11.14 5.08 -2.54 299.52 118.84 19.74 -0.10
0.00 663.41
930.20 11.34 5.02 -2.95 300.35 123.34 26.52 -0.10
0.00 742.84
917.10 10.74 4.60 -3.22 300.89 125.09 28.73 -0.10
0.00 861.06
900.40 9.64 3.99 -3.23 301.47 130.72 29.47 -0.10
0.00 1013.79
880.40 8.74 3.46 -3.25 302.65 147.61 30.83 -0.10
0.00 1199.81
858.70 7.44 2.48 -4.02 303.10 156.80 32.54 -0.10
0.00 1405.68
835.30 5.54 1.13 -4.92 303.06 163.43 32.01 0.00
0.00 1632.28
809.20 3.34 -0.45 -5.93 303.00 171.77 31.22 0.10
0.00 1890.71
780.50 1.04 -2.36 -7.74 302.73 178.91 30.69 0.10
0.00 2182.27
749.20 -1.06 -4.34 -10.07 302.89 190.11 30.98 0.00
0.00 2510.01
715.20 -2.76 -5.69 -10.97 304.86 209.13 29.14 -0.10
0.00 2879.28
678.60 -4.96 -6.84 -10.10 307.85 231.07 25.97 -0.20
0.00 3293.97
639.30 -7.86 -8.69 -10.15 310.22 251.13 24.01 -0.10
0.00 3760.53
597.30 -11.06 -11.35 -11.94 311.89 260.10 24.84 0.10
55.00 4285.90
552.80 -15.76 -16.04 -16.76 311.01 249.44 28.21 0.30
100.00 4875.34
509.60 -19.46 -20.56 -24.57 311.10 251.97 35.14 0.50
1.00 5484.52
470.50 -23.66 -24.89 -31.26 311.60 252.81 36.81 0.60
0.00 6072.72
435.30 -27.46 -29.02 -43.38 312.32 250.91 37.41 0.50
0.00 6636.41
403.40 -30.96 -32.45 -57.51 314.08 255.44 40.95 0.40
0.00 7179.88
374.30 -34.76 -35.82 -53.53 315.95 258.41 47.40 0.20
0.00 7706.52
347.90 -38.86 -39.57 -53.02 317.11 261.13 52.89 0.00
0.00 8212.54
324.00 -42.56 -43.01 -52.63 318.56 265.83 56.10 -0.10
0.00 8696.80
302.40 -46.16 -46.43 -53.21 319.82 269.44 60.02 -0.20
0.00 9158.87
282.80 -49.56 -49.75 -55.85 321.05 268.74 61.99 -0.30
0.00 9600.80
265.00 -52.46 -52.64 -60.83 322.70 263.48 61.60 -0.40
0.00 10023.53
248.40 -54.16 -54.33 -63.52 326.15 255.27 62.67 -0.50
0.00 10439.82
233.40 -54.46 -54.66 -66.97 331.51 247.63 68.90 -0.50
0.00 10838.82
219.50 -54.36 -54.61 -72.27 337.48 244.03 75.84 -0.50
0.00 11231.97
205.60 -54.56 -54.82 -72.72 343.54 242.69 80.46 -0.50
0.00 11650.75
191.70 -55.16 -55.42 -73.19 349.51 243.26 84.62 -0.40
0.00 12098.03
177.70 -55.96 -56.21 -73.70 355.86 245.55 87.28 -0.20
0.00 12581.04
163.80 -56.76 -9999.00 -9999.00 -9999.00 247.84 87.04 0.00
0.00 13097.90
149.80 -57.36 -9999.00 -9999.00 -9999.00 248.05 83.14 0.10
0.00 13663.03
135.90 -57.86 -9999.00 -9999.00 -9999.00 244.64 78.46 0.20
0.00 14277.43
121.90 -58.36 -58.64 -76.19 391.94 242.97 75.23 0.30
0.00 14961.76
107.90 -58.86 -9999.00 -9999.00 -9999.00 245.01 66.22 0.20
0.00 15727.89
94.00 -58.46 -9999.00 -9999.00 -9999.00 245.34 52.16 0.10
0.00 16593.75
81.00 -57.26 -9999.00 -9999.00 -9999.00 250.50 29.68 0.00
0.00 17531.75
70.60 -60.66 -9999.00 -9999.00 -9999.00 243.00 23.12 0.00
0.00 18393.32
62.20 -58.56 -9999.00 -9999.00 -9999.00 245.13 23.54 0.00
0.00 19185.11
54.30 -57.06 -9999.00 -9999.00 -9999.00 222.08 18.84 0.00
0.00 20041.29
46.90 -58.16 -9999.00 -9999.00 -9999.00 212.64 20.53 0.00
0.00 20965.63
40.10 -58.36 -9999.00 -9999.00 -9999.00 232.18 18.69 0.00
0.00 21950.92
33.80 -57.86 -9999.00 -9999.00 -9999.00 252.72 9.15 0.00
0.00 23026.75
27.80 -58.96 -9999.00 -9999.00 -9999.00 241.48 10.18 0.00
0.00 24255.14
22.30 -57.26 -9999.00 -9999.00 -9999.00 272.79 7.96 0.00
0.00 25642.77
17.10 -55.66 -9999.00 -9999.00 -9999.00 291.10 11.87 0.00
0.00 27326.84
12.30 -52.06 -9999.00 -9999.00 -9999.00 267.54 18.08 0.00
0.00 29441.74

STID = HSI STNM = 815 TIME = 221027/0300 
SLAT = 40.32 SLON = -98.44 SELV = 583.0
STIM = 15

SHOW = 6.17 LIFT = 7.30 SWET = 251.38 KINX = 17.69
LCLP = 783.10 PWAT = 12.31 TOTL = 43.76 CAPE = 0.00
LCLT = 268.28 CINS = 0.00 EQLV = -9999.00 LFCT = -9999.00
BRCH = 0.00

PRES TMPC TMWC DWPC THTE DRCT SKNT OMEG
CFRL HGHT
947.50 10.14 4.67 -2.31 297.77 122.23 10.57 -0.10
0.00 592.64
944.60 10.54 4.83 -2.43 298.40 122.47 17.74 -0.10
0.00 618.13
939.40 10.54 4.78 -2.54 298.85 123.54 20.75 -0.10
0.00 664.07
930.60 10.54 4.70 -2.71 299.63 126.55 28.05 -0.10
0.00 742.38
917.50 10.44 4.46 -3.18 300.55 130.11 32.26 -0.10
0.00 860.33
900.70 10.04 4.15 -3.34 301.79 138.84 34.83 0.00
0.00 1013.93
880.80 9.14 3.57 -3.56 302.82 153.43 34.75 0.00
0.00 1199.21
859.10 7.54 2.54 -4.01 303.17 159.59 35.64 0.00
0.00 1405.16
835.60 5.54 1.09 -5.04 302.94 164.88 35.00 0.00
0.00 1632.68
809.50 3.24 -0.54 -6.05 302.77 169.67 33.57 0.00
0.00 1890.96
780.80 1.14 -2.46 -8.27 302.49 176.88 32.09 -0.10
0.00 2182.39
749.40 -0.26 -3.59 -9.09 304.33 199.81 28.09 -0.10
0.00 2511.62
715.50 -2.66 -4.96 -8.72 306.26 222.04 29.29 -0.20
0.00 2880.36
678.80 -4.66 -6.32 -9.07 308.83 237.29 28.40 -0.30
0.00 3296.43
639.50 -7.16 -8.44 -10.70 310.66 260.02 21.31 -0.30
0.00 3763.75
597.40 -10.96 -12.20 -14.90 310.32 273.78 20.63 -0.20
5.00 4290.92
553.00 -15.26 -16.51 -20.08 310.15 267.32 24.88 0.00
55.00 4879.38
509.70 -19.66 -20.79 -25.01 310.71 254.97 29.97 0.10
0.00 5490.08
470.60 -23.96 -25.15 -31.44 311.17 250.19 33.24 0.30
0.00 6077.55
435.30 -27.46 -29.12 -46.18 312.14 249.05 36.40 0.40
0.00 6642.43
403.40 -31.16 -32.58 -54.20 313.89 249.81 42.21 0.40
0.00 7185.68
374.30 -35.16 -36.13 -51.40 315.50 252.49 49.71 0.40
0.00 7711.66
347.90 -38.96 -39.56 -49.54 317.13 257.89 54.64 0.40
0.00 8217.16
324.00 -42.76 -43.10 -49.46 318.43 265.19 57.91 0.40
0.00 8701.12
302.40 -46.46 -46.69 -52.32 319.44 268.03 62.20 0.40
0.00 9162.70
282.80 -50.06 -50.23 -55.85 320.33 266.68 63.81 0.30
1.00 9603.84
265.00 -52.86 -53.00 -59.08 322.16 259.51 64.01 0.10
0.00 10025.72
248.40 -54.56 -54.72 -63.52 325.55 251.41 68.24 -0.10
0.00 10441.25
233.40 -55.06 -55.25 -66.97 330.60 247.52 75.68 -0.20
0.00 10839.34
219.50 -54.86 -55.07 -67.42 336.76 245.68 82.07 -0.30
0.00 11231.50
205.60 -54.76 -55.01 -72.72 343.22 244.94 86.21 -0.30
0.00 11649.61
191.70 -55.16 -55.42 -73.19 349.51 245.44 86.93 -0.30
0.00 12096.68
177.70 -55.76 -56.02 -73.70 356.19 246.50 86.21 -0.20
0.00 12579.91
163.80 -56.56 -9999.00 -9999.00 -9999.00 247.78 84.77 -0.10
0.00 13097.26
149.80 -57.56 -9999.00 -9999.00 -9999.00 248.76 80.44 0.00
0.00 13662.39
135.90 -57.96 -9999.00 -9999.00 -9999.00 246.67 75.52 0.00
0.00 14276.36
121.90 -57.96 -9999.00 -9999.00 -9999.00 242.26 71.78 0.10
0.00 14961.16
107.90 -58.36 -9999.00 -9999.00 -9999.00 242.42 63.77 0.10
0.00 15728.89
94.00 -58.06 -9999.00 -9999.00 -9999.00 245.72 50.08 0.10
0.00 16596.57
81.00 -56.46 -9999.00 -9999.00 -9999.00 250.84 29.00 0.00
0.00 17537.18
70.60 -60.36 -9999.00 -9999.00 -9999.00 224.52 16.34 0.00
0.00 18400.96
62.20 -58.56 -9999.00 -9999.00 -9999.00 235.21 22.47 0.00
0.00 19193.32
54.30 -56.66 -9999.00 -9999.00 -9999.00 219.67 20.69 0.00
0.00 20050.30
46.90 -57.56 -9999.00 -9999.00 -9999.00 223.15 21.31 0.00
0.00 20976.77
40.10 -57.46 -9999.00 -9999.00 -9999.00 242.53 16.41 0.00
0.00 21965.51
33.80 -57.66 -9999.00 -9999.00 -9999.00 245.85 6.18 0.00
0.00 23044.09
27.80 -58.56 -9999.00 -9999.00 -9999.00 241.56 10.61 0.00
0.00 24274.19
22.30 -56.96 -9999.00 -9999.00 -9999.00 277.67 10.20 0.00
0.00 25664.07
17.10 -54.56 -9999.00 -9999.00 -9999.00 288.43 12.28 0.00
0.00 27353.58
12.30 -51.36 -9999.00 -9999.00 -9999.00 284.31 19.64 0.00
0.00 29477.17

STID = HSI STNM = 815 TIME = 221027/0400 
SLAT = 40.32 SLON = -98.44 SELV = 583.0
STIM = 16

SHOW = 6.03 LIFT = 7.05 SWET = 248.57 KINX = 18.17
LCLP = 802.92 PWAT = 12.34 TOTL = 44.17 CAPE = 0.00
LCLT = 269.41 CINS = 0.00 EQLV = -9999.00 LFCT = -9999.00
BRCH = 0.00

PRES TMPC TMWC DWPC THTE DRCT SKNT OMEG
CFRL HGHT
946.70 9.24 4.47 -1.51 297.47 124.25 11.05 0.00
0.00 592.62
943.90 9.74 4.71 -1.55 298.26 125.68 18.65 0.00
0.00 617.18
938.70 9.74 4.67 -1.62 298.74 127.48 22.03 0.00
0.00 663.02
929.80 9.84 4.65 -1.75 299.67 132.35 29.70 0.00
0.00 742.10
916.80 10.14 4.57 -2.36 300.89 137.25 34.91 0.10
0.00 859.04
900.00 10.24 4.35 -3.04 302.29 149.79 35.51 0.10
0.00 1012.75
880.10 9.04 3.65 -3.14 303.09 160.68 35.82 0.20
0.00 1198.22
858.40 7.24 2.54 -3.51 303.28 162.54 36.25 0.30
0.00 1404.21
835.00 5.24 1.02 -4.76 302.87 162.94 35.76 0.40
0.00 1630.70
808.90 3.24 -0.80 -6.91 302.29 166.96 35.30 0.40
0.00 1889.02
780.20 1.74 -2.21 -8.57 303.05 181.44 30.91 0.30
0.00 2180.97
748.90 0.14 -2.88 -7.50 305.84 203.96 26.79 0.20
0.00 2510.02
715.00 -2.56 -4.60 -7.79 307.06 225.00 30.77 0.10
0.00 2879.41
678.40 -3.96 -5.93 -9.13 309.66 243.43 26.07 0.00
0.00 3295.26
639.10 -6.96 -8.58 -11.54 310.43 262.21 18.63 0.00
0.00 3763.61
597.10 -10.66 -12.55 -17.05 309.71 277.71 18.82 0.10
0.00 4290.26
552.70 -14.96 -16.57 -21.38 310.09 270.95 23.50 0.10
5.00 4879.62
509.50 -19.76 -20.86 -25.01 310.62 252.70 24.83 0.20
0.00 5489.39
470.40 -24.16 -25.43 -32.56 310.75 251.01 31.64 0.30
0.00 6076.75
435.20 -27.46 -29.10 -45.56 312.20 247.86 37.12 0.30
0.00 6639.98
403.30 -31.36 -32.53 -45.66 314.03 248.71 44.41 0.30
0.00 7183.15
374.20 -35.26 -36.04 -45.79 315.69 253.88 51.77 0.30
0.00 7708.97
347.90 -39.36 -39.81 -46.45 316.77 261.38 54.43 0.30
0.00 8212.10
324.00 -43.26 -43.55 -48.81 317.78 264.61 57.94 0.30
0.00 8695.14
302.40 -46.86 -47.12 -54.20 318.80 265.11 63.75 0.30
0.00 9155.80
282.80 -50.26 -50.47 -58.57 319.96 262.01 65.71 0.30
0.00 9596.35
265.00 -53.36 -53.49 -59.08 321.43 254.52 65.50 0.20
0.00 10017.56
248.40 -55.56 -55.69 -63.52 324.06 248.34 71.06 0.10
0.00 10431.67
233.40 -56.36 -56.51 -66.97 328.63 246.52 79.00 0.00
0.00 10827.66
219.50 -55.76 -55.94 -67.42 335.37 246.00 87.39 0.00
0.00 11217.85
205.60 -55.46 -55.69 -72.72 342.12 246.50 91.08 0.00
0.00 11634.42
191.70 -55.36 -55.61 -73.19 349.19 246.56 89.36 0.00
0.00 12080.58
177.70 -55.56 -55.83 -73.70 356.51 246.58 87.00 0.00
0.00 12563.81
163.80 -56.16 -9999.00 -9999.00 -9999.00 247.68 84.40 0.00
0.00 13081.87
149.80 -56.96 -9999.00 -9999.00 -9999.00 248.41 78.13 0.00
0.00 13648.30
135.90 -57.66 -9999.00 -9999.00 -9999.00 245.32 71.19 -0.10
0.00 14263.56
121.90 -57.96 -9999.00 -9999.00 -9999.00 240.32 67.07 0.00
0.00 14948.84
107.90 -58.16 -58.48 -76.98 406.22 240.82 58.95 0.00
0.00 15716.93
94.00 -58.56 -9999.00 -9999.00 -9999.00 243.43 43.43 0.00
0.00 16584.00
81.00 -58.66 -9999.00 -9999.00 -9999.00 247.80 30.85 0.00
0.00 17518.74
70.60 -59.76 -9999.00 -9999.00 -9999.00 227.49 22.14 -0.10
0.00 18379.30
62.20 -59.06 -9999.00 -9999.00 -9999.00 229.17 20.80 0.00
0.00 19171.84
54.30 -56.46 -9999.00 -9999.00 -9999.00 221.99 23.52 0.00
0.00 20028.22
46.90 -56.36 -9999.00 -9999.00 -9999.00 228.41 20.78 0.00
0.00 20957.70
40.10 -56.76 -9999.00 -9999.00 -9999.00 243.84 12.33 0.00
0.00 21950.79
33.80 -57.26 -9999.00 -9999.00 -9999.00 225.00 4.12 0.00
0.00 23032.12
27.80 -58.46 -9999.00 -9999.00 -9999.00 251.22 10.26 0.00
0.00 24263.66
22.30 -58.36 -9999.00 -9999.00 -9999.00 274.86 9.17 0.00
0.00 25649.35
17.10 -55.66 -9999.00 -9999.00 -9999.00 267.09 11.48 0.00
0.00 27329.14
12.30 -51.36 -9999.00 -9999.00 -9999.00 301.16 19.52 0.00
0.00 29447.42

STID = HSI STNM = 815 TIME = 221027/0500 
SLAT = 40.32 SLON = -98.44 SELV = 583.0
STIM = 17

SHOW = 6.41 LIFT = 7.04 SWET = 254.53 KINX = 16.49
LCLP = 817.60 PWAT = 12.76 TOTL = 43.51 CAPE = 0.00
LCLT = 270.41 CINS = 0.00 EQLV = -9999.00 LFCT = -9999.00
BRCH = 0.00

PRES TMPC TMWC DWPC THTE DRCT SKNT OMEG
CFRL HGHT
946.90 8.84 4.54 -0.74 297.61 132.93 11.40 0.00
0.00 592.61
944.00 9.24 4.71 -0.81 298.28 133.34 18.96 0.00
0.00 618.00
938.80 9.24 4.65 -0.93 298.72 134.64 22.11 -0.10
0.00 663.77
929.90 9.54 4.66 -1.27 299.70 141.23 30.40 -0.10
0.00 742.72
916.90 10.14 4.69 -1.98 301.17 148.98 34.67 -0.10
0.00 859.61
900.10 9.84 4.44 -2.12 302.53 161.09 37.16 -0.10
0.00 1013.21
880.20 8.64 3.57 -2.75 302.94 163.30 38.54 0.00
0.00 1198.41
858.50 6.94 2.31 -3.74 302.78 160.56 38.52 0.00
0.00 1404.12
835.10 5.14 0.62 -5.86 302.01 160.35 37.55 0.10
0.00 1630.40
809.00 3.74 -1.04 -8.72 301.75 170.81 34.05 0.10
0.00 1888.83
780.30 2.74 -1.11 -6.75 305.28 190.42 26.86 0.10
0.00 2181.53
749.00 0.14 -2.53 -6.43 306.55 206.93 27.02 0.00
0.00 2511.20
715.00 -1.66 -4.09 -7.83 308.06 228.23 26.83 0.00
0.00 2882.30
678.40 -3.26 -5.60 -9.40 310.29 245.87 20.44 0.10
0.00 3299.37
639.20 -6.56 -8.61 -12.48 310.34 258.23 14.28 0.10
0.00 3767.42
597.20 -10.26 -12.62 -18.54 309.54 266.51 15.97 0.20
0.00 4294.72
552.80 -14.76 -16.19 -20.25 310.72 245.38 20.51 0.20
0.00 4884.64
509.60 -19.86 -20.38 -22.12 311.41 241.86 28.42 0.10
39.00 5494.50
470.50 -24.06 -24.54 -26.58 312.18 244.51 32.50 0.00
81.00 6081.86
435.20 -27.86 -28.73 -34.37 312.85 247.25 39.18 -0.10
0.00 6646.41
403.30 -31.56 -32.51 -41.52 314.10 250.65 46.33 -0.10
0.00 7188.98
374.20 -35.56 -36.17 -43.01 315.51 253.75 49.98 -0.20
0.00 7714.28
347.90 -39.46 -39.93 -46.99 316.60 257.72 53.87 -0.20
0.00 8216.99
324.00 -43.06 -43.50 -53.62 317.83 259.80 59.21 -0.20
0.00 8700.12
302.40 -46.66 -46.98 -56.56 319.00 259.17 63.09 -0.10
0.00 9161.18
282.80 -50.16 -50.35 -57.11 320.14 254.47 63.11 -0.10
0.00 9602.02
265.00 -53.26 -53.39 -59.08 321.57 247.69 64.47 -0.10
0.00 10023.42
248.40 -55.86 -55.99 -63.52 323.62 244.08 69.76 0.00
0.00 10437.34
233.40 -57.16 -57.29 -66.97 327.41 243.37 78.01 0.00
0.00 10832.33
219.50 -57.06 -57.21 -67.42 333.36 246.40 87.33 0.00
0.00 11220.63
205.60 -56.36 -56.56 -72.72 340.71 248.54 91.84 0.10
0.00 11635.10
191.70 -55.96 -56.19 -73.19 348.23 247.65 89.90 0.10
0.00 12079.72
177.70 -55.96 -56.21 -73.70 355.86 246.47 87.08 0.10
0.00 12561.84
163.80 -56.16 -9999.00 -9999.00 -9999.00 247.01 83.57 0.10
0.00 13079.42
149.80 -56.56 -9999.00 -9999.00 -9999.00 246.67 77.00 0.10
0.00 13646.38
135.90 -57.26 -9999.00 -9999.00 -9999.00 242.65 70.20 0.00
0.00 14262.77
121.90 -57.76 -9999.00 -9999.00 -9999.00 239.47 66.53 0.00
0.00 14949.01
107.90 -57.56 -9999.00 -9999.00 -9999.00 241.71 57.79 0.00
0.00 15718.53
94.00 -58.96 -9999.00 -9999.00 -9999.00 245.22 38.93 0.00
0.00 16586.00
81.00 -60.26 -9999.00 -9999.00 -9999.00 249.40 30.92 0.00
0.00 17516.38
70.60 -61.26 -9999.00 -9999.00 -9999.00 231.41 24.61 0.00
0.00 18370.70
62.20 -58.76 -9999.00 -9999.00 -9999.00 226.11 21.29 0.00
0.00 19161.02
54.30 -56.56 -9999.00 -9999.00 -9999.00 210.32 23.85 0.00
0.00 20017.80
46.90 -55.66 -9999.00 -9999.00 -9999.00 219.94 21.79 0.00
0.00 20948.56
40.10 -56.06 -9999.00 -9999.00 -9999.00 229.27 9.23 0.00
0.00 21944.86
33.80 -57.26 -9999.00 -9999.00 -9999.00 189.21 7.28 0.00
0.00 23027.95
27.80 -58.46 -9999.00 -9999.00 -9999.00 240.10 8.95 0.00
0.00 24259.48
22.30 -58.76 -9999.00 -9999.00 -9999.00 260.54 8.28 0.00
0.00 25643.88
17.10 -56.56 -9999.00 -9999.00 -9999.00 262.12 12.74 0.00
0.00 27318.62
12.30 -52.26 -9999.00 -9999.00 -9999.00 303.11 16.01 0.00
0.00 29428.22

STID = HSI STNM = 815 TIME = 221027/0600 
SLAT = 40.32 SLON = -98.44 SELV = 583.0
STIM = 18

SHOW = 6.17 LIFT = 6.84 SWET = 245.85 KINX = 16.65
LCLP = 820.97 PWAT = 13.37 TOTL = 43.93 CAPE = 0.00
LCLT = 270.36 CINS = 0.00 EQLV = -9999.00 LFCT = -9999.00
BRCH = 0.00

PRES TMPC TMWC DWPC THTE DRCT SKNT OMEG
CFRL HGHT
946.70 8.44 4.29 -0.85 297.12 141.55 8.43 0.00
0.00 592.59
943.80 8.94 4.50 -0.96 297.86 143.13 15.54 0.00
0.00 617.96
938.70 9.04 4.49 -1.11 298.38 145.65 18.59 0.00
0.00 662.81
929.80 9.64 4.68 -1.38 299.73 155.72 28.34 0.00
0.00 741.76
916.70 10.04 4.86 -1.32 301.59 161.67 35.20 0.10
0.00 859.57
899.90 9.54 4.32 -2.04 302.29 163.94 38.62 0.10
0.00 1013.11
880.00 8.34 3.05 -3.90 301.80 165.61 38.31 0.20
0.00 1198.14
858.40 6.84 1.96 -4.68 302.02 168.69 36.65 0.20
0.00 1402.76
835.00 5.34 0.76 -5.78 302.29 173.66 35.18 0.10
0.00 1629.09
808.90 4.04 -0.08 -5.97 303.78 181.79 31.10 0.10
0.00 1887.83
780.20 2.84 -0.62 -5.41 306.34 193.74 27.00 0.00
0.00 2180.87
748.90 -0.06 -2.44 -5.86 306.75 206.75 26.75 -0.10
0.00 2510.56
714.90 -1.56 -3.95 -7.58 308.36 231.41 24.61 -0.30
0.00 2881.67
678.40 -3.36 -5.59 -9.17 310.33 242.93 19.64 -0.40
0.00 3297.64
639.10 -6.66 -8.53 -12.00 310.52 234.29 15.31 -0.40
0.00 3766.77
597.10 -10.76 -12.43 -16.29 309.93 234.37 14.34 -0.50
0.00 4293.61
552.70 -15.16 -15.60 -16.70 311.78 224.05 24.86 -0.40
22.00 4882.76
509.50 -20.36 -20.44 -20.70 311.34 237.58 31.53 -0.40
100.00 5491.79
470.40 -24.56 -25.30 -28.91 310.98 241.24 36.34 -0.30
89.00 6078.10
435.20 -27.56 -28.82 -38.41 312.68 244.17 40.58 -0.20
0.00 6640.82
403.30 -31.56 -32.37 -39.46 314.31 248.24 47.69 -0.20
0.00 7183.71
374.20 -35.56 -36.21 -43.85 315.44 249.96 52.72 -0.20
0.00 7709.01
347.90 -39.36 -39.95 -50.30 316.55 253.06 56.66 -0.30
0.00 8211.83
324.00 -43.06 -43.50 -53.62 317.83 254.73 61.21 -0.30
0.00 8695.05
302.40 -46.66 -46.96 -55.30 319.04 252.42 61.73 -0.30
0.00 9156.11
282.80 -50.16 -50.35 -57.11 320.14 248.03 60.74 -0.30
0.00 9596.96
265.00 -53.56 -53.68 -59.08 321.13 243.04 62.98 -0.30
1.00 10018.07
248.40 -56.46 -56.55 -61.33 322.76 240.69 67.06 -0.20
0.00 10431.14
233.40 -58.26 -58.34 -63.99 325.79 242.83 73.58 -0.10
0.00 10824.58
219.50 -58.56 -58.67 -67.42 331.05 248.40 83.35 -0.10
0.00 11210.54
205.60 -57.66 -57.83 -72.72 338.66 250.48 87.18 0.00
0.00 11622.33
191.70 -56.46 -56.68 -73.19 347.43 248.10 87.51 0.10
0.00 12065.11
177.70 -56.26 -56.50 -73.70 355.37 246.12 87.32 0.10
0.00 12546.34
163.80 -56.36 -9999.00 -9999.00 -9999.00 245.86 84.07 0.20
0.00 13063.33
149.80 -56.76 -9999.00 -9999.00 -9999.00 245.05 76.90 0.10
0.00 13629.76
135.90 -57.56 -9999.00 -9999.00 -9999.00 242.37 70.38 0.10
0.00 14245.44
121.90 -57.76 -9999.00 -9999.00 -9999.00 241.16 65.64 0.10
0.00 14931.21
107.90 -56.66 -9999.00 -9999.00 -9999.00 241.89 58.14 0.10
0.00 15702.33
94.00 -56.86 -9999.00 -9999.00 -9999.00 251.75 37.84 0.00
0.00 16575.85
81.00 -61.66 -9999.00 -9999.00 -9999.00 254.66 22.77 0.00
0.00 17507.76
70.60 -59.96 -9999.00 -9999.00 -9999.00 226.06 29.68 0.00
0.00 18361.88
62.20 -57.36 -9999.00 -9999.00 -9999.00 231.67 21.29 0.00
0.00 19157.20
54.30 -57.36 -9999.00 -9999.00 -9999.00 208.69 23.47 0.00
0.00 20015.18
46.90 -56.66 -9999.00 -9999.00 -9999.00 231.48 24.34 0.00
0.00 20942.08
40.10 -56.56 -9999.00 -9999.00 -9999.00 234.06 9.60 0.00
0.00 21934.94
33.80 -58.26 -9999.00 -9999.00 -9999.00 191.31 11.89 0.00
0.00 23014.28
27.80 -58.16 -9999.00 -9999.00 -9999.00 231.01 10.49 0.00
0.00 24243.81
22.30 -57.06 -9999.00 -9999.00 -9999.00 270.00 8.94 0.00
0.00 25634.66
17.10 -55.56 -9999.00 -9999.00 -9999.00 284.26 11.83 0.00
0.00 27319.90
12.30 -52.86 -9999.00 -9999.00 -9999.00 288.43 15.37 0.00
0.00 29431.42

STID = HSI STNM = 815 TIME = 221027/0700 
SLAT = 40.32 SLON = -98.44 SELV = 583.0
STIM = 19

SHOW = 5.23 LIFT = 6.81 SWET = 243.66 KINX = 18.76
LCLP = 828.02 PWAT = 14.02 TOTL = 45.83 CAPE = 0.00
LCLT = 270.41 CINS = 0.00 EQLV = -9999.00 LFCT = -9999.00
BRCH = 0.00

PRES TMPC TMWC DWPC THTE DRCT SKNT OMEG
CFRL HGHT
947.10 7.84 3.96 -0.91 296.39 143.13 8.74 0.00
0.00 592.57
944.30 8.54 4.29 -0.99 297.36 147.63 16.34 0.00
0.00 617.01
939.10 8.84 4.39 -1.10 298.13 150.40 19.66 0.10
0.00 662.67
930.20 9.14 4.51 -1.12 299.36 157.77 28.75 0.20
0.00 741.49
917.10 9.34 4.55 -1.21 300.88 161.36 34.65 0.30
0.00 859.00
900.30 9.34 3.88 -3.07 301.27 164.92 38.83 0.40
0.00 1012.21
880.40 8.34 3.19 -3.45 302.07 168.52 38.05 0.50
0.00 1197.09
858.70 6.84 2.44 -3.20 303.04 173.63 36.75 0.50
0.00 1402.60
835.30 5.74 1.59 -3.84 304.05 180.65 33.99 0.50
0.00 1629.07
809.20 4.54 0.77 -4.18 305.57 186.17 28.92 0.40
0.00 1888.21
780.50 2.84 -0.42 -4.81 306.75 188.91 26.34 0.40
0.00 2181.45
749.10 0.24 -2.29 -5.90 307.04 198.43 25.19 0.30
0.00 2512.29
715.20 -1.46 -3.86 -7.49 308.50 224.63 21.29 0.10
0.00 2882.44
678.60 -3.66 -5.63 -8.77 310.22 237.86 17.89 -0.10
0.00 3299.27
639.30 -6.56 -8.36 -11.64 310.81 219.09 16.03 -0.20
0.00 3768.10
597.30 -10.46 -11.60 -13.97 311.42 214.27 21.39 -0.20
0.00 4295.25
552.80 -15.56 -15.63 -15.83 311.72 231.73 26.96 -0.20
100.00 4885.55
509.60 -20.56 -20.86 -21.86 310.64 239.33 32.75 -0.20
100.00 5493.74
470.50 -24.16 -25.10 -29.79 311.27 246.61 37.67 0.00
39.00 6080.13
435.30 -27.96 -28.88 -35.02 312.60 249.10 41.38 0.30
0.00 6642.74
403.40 -32.06 -32.76 -38.85 313.71 248.46 47.61 0.50
0.00 7184.53
374.30 -36.16 -36.70 -43.00 314.69 248.96 51.40 0.60
0.00 7708.49
347.90 -39.76 -40.27 -48.84 316.08 250.53 57.69 0.50
0.00 8212.09
324.00 -43.26 -43.71 -54.73 317.51 247.53 64.53 0.40
0.00 8694.69
302.40 -46.96 -47.24 -55.30 318.62 242.30 65.60 0.30
0.00 9155.24
282.80 -50.66 -50.81 -55.85 319.47 238.98 64.82 0.20
0.00 9595.30
265.00 -54.16 -54.24 -57.63 320.30 237.45 65.00 0.10
0.00 10015.37
248.50 -56.36 -56.45 -61.32 322.88 240.46 68.55 0.00
0.00 10425.40
233.40 -58.06 -58.15 -63.99 326.09 246.10 76.71 0.00
0.00 10821.66
219.50 -58.36 -58.45 -64.45 331.40 250.11 82.21 0.00
0.00 11207.98
205.60 -56.76 -56.95 -72.72 340.08 250.27 83.99 -0.10
0.00 11620.82
191.70 -55.56 -55.81 -73.19 348.87 247.81 85.39 -0.10
0.00 12065.44
177.70 -55.46 -9999.00 -9999.00 -9999.00 245.93 85.74 -0.10
0.00 12548.56
163.80 -56.06 -9999.00 -9999.00 -9999.00 245.71 83.12 -0.10
0.00 13066.86
149.80 -56.76 -9999.00 -9999.00 -9999.00 245.33 76.32 0.00
0.00 13633.69
135.90 -57.36 -9999.00 -9999.00 -9999.00 243.43 69.06 0.00
0.00 14249.65
121.90 -56.96 -9999.00 -9999.00 -9999.00 242.24 62.57 0.10
0.00 14937.00
107.90 -55.36 -9999.00 -9999.00 -9999.00 241.36 52.68 0.00
0.00 15711.87
94.00 -57.16 -9999.00 -9999.00 -9999.00 246.01 36.79 0.00
0.00 16587.42
81.00 -60.96 -9999.00 -9999.00 -9999.00 229.33 18.18 0.00
0.00 17520.19
70.60 -60.36 -9999.00 -9999.00 -9999.00 230.85 28.30 0.00
0.00 18374.92
62.20 -56.36 -9999.00 -9999.00 -9999.00 222.88 22.26 0.00
0.00 19171.36
54.30 -58.16 -9999.00 -9999.00 -9999.00 213.99 20.84 0.00
0.00 20029.73
46.90 -56.86 -9999.00 -9999.00 -9999.00 236.43 24.94 0.00
0.00 20954.49
40.10 -56.66 -9999.00 -9999.00 -9999.00 232.31 10.80 0.00
0.00 21946.66
33.80 -59.56 -9999.00 -9999.00 -9999.00 201.21 13.97 0.00
0.00 23022.49
27.80 -57.66 -9999.00 -9999.00 -9999.00 238.50 14.12 0.00
0.00 24249.74
22.30 -55.66 -9999.00 -9999.00 -9999.00 289.50 9.89 0.00
0.00 25646.72
17.10 -55.26 -9999.00 -9999.00 -9999.00 318.45 11.42 0.00
0.00 27338.56
12.30 -53.56 -9999.00 -9999.00 -9999.00 281.31 14.86 0.00
0.00 29448.16

STID = HSI STNM = 815 TIME = 221027/0800 
SLAT = 40.32 SLON = -98.44 SELV = 583.0
STIM = 20

SHOW = 5.05 LIFT = 7.18 SWET = 245.72 KINX = 19.44
LCLP = 821.87 PWAT = 14.22 TOTL = 45.88 CAPE = 0.00
LCLT = 270.59 CINS = 0.00 EQLV = -9999.00 LFCT = -9999.00
BRCH = 0.00

PRES TMPC TMWC DWPC THTE DRCT SKNT OMEG
CFRL HGHT
946.10 8.54 4.42 -0.64 297.45 147.68 11.27 0.00
0.00 592.60
943.30 8.74 4.48 -0.72 297.89 149.88 18.18 0.00
0.00 617.11
938.10 8.64 4.40 -0.79 298.26 150.84 21.13 0.10
0.00 662.82
929.20 8.64 4.33 -0.92 299.08 155.72 28.34 0.20
0.00 741.63
916.20 8.74 4.09 -1.65 299.99 159.82 34.36 0.30
0.00 858.13
899.50 9.04 3.59 -3.52 300.71 164.37 38.93 0.40
0.00 1010.32
879.50 8.44 3.56 -2.46 303.02 168.34 37.49 0.40
0.00 1196.25
857.90 7.34 2.83 -2.80 303.99 173.59 34.79 0.40
0.00 1401.26
834.50 6.54 2.13 -3.47 305.31 182.54 30.73 0.40
0.00 1628.48
808.40 5.24 1.08 -4.35 306.32 184.83 27.68 0.30
0.00 1888.57
779.80 3.24 -0.45 -5.53 306.75 187.02 27.00 0.30
0.00 2181.63
748.50 1.14 -1.97 -6.44 307.74 200.18 24.22 0.20
0.00 2512.45
714.60 -0.86 -3.41 -7.16 309.50 222.17 22.28 0.10
0.00 2883.92
678.00 -3.76 -5.46 -8.09 310.66 231.69 20.05 -0.10
0.00 3301.52
638.80 -6.96 -8.27 -10.58 311.08 213.18 18.10 -0.10
0.00 3769.17
596.80 -10.76 -11.29 -12.34 312.09 207.71 21.72 -0.10
2.00 4296.13
552.50 -15.86 -15.95 -16.20 311.22 225.00 26.38 -0.30
100.00 4883.55
509.30 -20.06 -20.86 -23.74 310.67 253.03 31.27 -0.40
58.00 5492.28
470.30 -23.76 -25.03 -31.80 311.41 256.28 34.40 -0.30
0.00 6078.46
435.10 -28.06 -28.58 -31.57 313.12 248.98 39.53 0.00
3.00 6641.67
403.20 -32.36 -32.78 -36.01 313.75 246.31 44.97 0.20
28.00 7183.32
374.20 -36.36 -36.91 -43.42 314.41 249.78 51.13 0.20
0.00 7705.15
347.80 -39.96 -40.48 -49.55 315.80 247.34 57.46 0.20
0.00 8208.45
324.00 -43.76 -44.16 -53.62 316.86 242.96 62.37 0.20
0.00 8688.38
302.30 -47.66 -47.91 -55.31 317.66 240.81 64.53 0.20
0.00 9149.92
282.70 -51.06 -51.25 -58.57 318.84 239.72 64.34 0.20
0.00 9589.05
265.00 -53.86 -54.00 -60.83 320.65 240.30 65.07 0.20
0.00 10006.74
248.40 -56.36 -56.42 -59.59 322.95 244.28 70.28 0.10
0.00 10419.62
233.40 -58.66 -58.71 -61.81 325.22 248.17 77.84 0.00
0.00 10812.79
219.50 -58.66 -58.75 -64.45 330.94 250.52 80.98 0.00
0.00 11198.30
205.60 -56.76 -56.95 -72.72 340.08 250.96 80.96 0.00
0.00 11610.86
191.70 -55.46 -55.71 -73.19 349.03 248.76 81.49 -0.10
0.00 12055.58
177.70 -55.36 -9999.00 -9999.00 -9999.00 246.10 83.92 -0.10
0.00 12538.92
163.80 -56.06 -9999.00 -9999.00 -9999.00 245.77 83.29 0.00
0.00 13057.34
149.80 -56.66 -9999.00 -9999.00 -9999.00 246.55 76.65 0.00
0.00 13624.30
135.90 -56.86 -9999.00 -9999.00 -9999.00 246.07 66.08 0.00
0.00 14241.12
121.90 -56.56 -9999.00 -9999.00 -9999.00 244.33 55.61 0.00
0.00 14929.90
107.90 -56.26 -9999.00 -9999.00 -9999.00 242.27 47.18 0.00
0.00 15703.88
94.00 -57.76 -9999.00 -9999.00 -9999.00 245.20 36.60 -0.10
0.00 16576.40
81.00 -61.36 -9999.00 -9999.00 -9999.00 242.02 21.11 0.00
0.00 17506.99
70.60 -60.06 -9999.00 -9999.00 -9999.00 230.91 28.03 0.00
0.00 18361.52
62.20 -57.16 -9999.00 -9999.00 -9999.00 221.40 24.09 0.00
0.00 19157.03
54.30 -57.96 -9999.00 -9999.00 -9999.00 215.29 21.17 0.00
0.00 20014.20
46.90 -57.26 -9999.00 -9999.00 -9999.00 225.65 24.18 0.00
0.00 20938.54
40.10 -56.26 -9999.00 -9999.00 -9999.00 219.71 14.90 0.00
0.00 21930.71
33.80 -58.46 -9999.00 -9999.00 -9999.00 213.69 14.70 0.00
0.00 23010.29
27.80 -56.76 -9999.00 -9999.00 -9999.00 258.08 17.87 0.00
0.00 24243.26
22.30 -57.16 -9999.00 -9999.00 -9999.00 297.70 8.78 0.00
0.00 25638.30
17.10 -55.56 -9999.00 -9999.00 -9999.00 315.83 9.48 0.00
0.00 27323.15
12.30 -53.36 -9999.00 -9999.00 -9999.00 302.40 11.97 0.00
0.00 29432.26

STID = HSI STNM = 815 TIME = 221027/0900 
SLAT = 40.32 SLON = -98.44 SELV = 583.0
STIM = 21

SHOW = 5.18 LIFT = 7.01 SWET = 237.53 KINX = 19.94
LCLP = 831.17 PWAT = 14.87 TOTL = 45.63 CAPE = 0.00
LCLT = 271.58 CINS = 0.00 EQLV = -9999.00 LFCT = -9999.00
BRCH = 0.00

PRES TMPC TMWC DWPC THTE DRCT SKNT OMEG
CFRL HGHT
946.90 8.74 4.84 0.23 298.28 154.70 11.81 0.00
0.00 592.60
944.10 8.84 4.87 0.19 298.64 155.35 18.16 0.10
0.00 617.10
938.90 8.54 4.69 0.15 298.83 156.04 21.04 0.10
0.00 662.78
930.00 8.24 4.52 0.15 299.44 158.05 27.02 0.10
0.00 741.47
917.00 8.04 4.37 0.09 300.55 161.77 33.55 0.20
0.00 857.67
900.20 8.24 4.05 -0.94 301.73 165.89 38.25 0.30
0.00 1010.30
880.30 8.14 3.37 -2.60 302.50 168.98 37.61 0.30
0.00 1194.81
858.60 7.34 2.85 -2.75 303.95 172.19 34.30 0.30
0.00 1400.48
835.10 6.54 1.92 -4.11 304.76 181.42 31.27 0.10
0.00 1628.49
809.10 5.34 0.87 -5.17 305.75 190.52 27.66 0.00
0.00 1887.40
780.40 3.54 -0.36 -5.77 306.84 194.66 26.11 -0.10
0.00 2181.43
749.10 1.44 -1.72 -6.18 308.19 203.37 24.96 -0.20
0.00 2512.34
715.10 -0.86 -3.22 -6.63 309.81 217.83 23.12 -0.30
0.00 2884.86
678.50 -3.86 -5.19 -7.19 311.13 227.88 19.11 -0.40
0.00 3302.13
639.20 -7.36 -8.18 -9.57 311.21 212.47 17.74 -0.30
0.00 3770.27
597.20 -10.66 -11.13 -12.04 312.33 207.24 22.07 -0.20
12.00 4296.64
552.80 -15.76 -16.11 -17.02 310.88 228.98 25.74 -0.10
100.00 4885.24
509.60 -19.96 -20.50 -22.30 311.22 250.05 27.89 -0.10
52.00 5493.87
470.50 -23.96 -24.29 -25.67 312.57 233.48 31.66 -0.10
100.00 6081.24
435.20 -28.36 -28.64 -30.17 313.01 231.29 35.10 -0.10
100.00 6645.39
403.30 -32.36 -32.71 -35.35 313.83 240.19 41.41 0.00
84.00 7186.59
374.20 -36.06 -36.64 -43.42 314.81 244.72 50.49 -0.10
0.00 7710.49
347.90 -39.86 -40.41 -50.30 315.87 242.35 59.42 -0.20
0.00 8212.24
324.00 -44.06 -44.42 -52.63 316.48 240.30 61.95 -0.20
0.00 8693.90
302.40 -47.76 -48.00 -55.30 317.49 239.72 61.64 -0.10
0.00 9152.84
282.80 -50.76 -50.96 -58.57 319.24 240.12 61.62 -0.10
0.00 9592.02
265.00 -53.76 -53.88 -59.08 320.84 241.72 63.97 0.00
0.00 10012.37
248.40 -56.76 -56.81 -59.59 322.36 244.85 70.40 0.00
0.00 10424.97
233.40 -59.06 -59.08 -60.08 324.66 247.20 76.69 0.00
0.00 10817.41
219.50 -59.06 -59.14 -64.45 330.32 249.26 79.55 0.00
0.00 11202.21
205.60 -57.66 -57.83 -72.72 338.66 249.41 78.44 0.00
0.00 11613.52
191.70 -56.16 -56.39 -73.19 347.91 247.28 78.96 0.10
0.00 12056.60
177.70 -55.76 -56.02 -73.70 356.19 245.31 82.30 0.10
0.00 12538.72
163.80 -56.36 -9999.00 -9999.00 -9999.00 245.93 81.92 0.10
0.00 13056.30
149.80 -56.66 -9999.00 -9999.00 -9999.00 247.21 75.21 0.00
0.00 13622.87
135.90 -56.16 -9999.00 -9999.00 -9999.00 248.07 62.41 0.00
0.00 14240.69
121.90 -55.96 -9999.00 -9999.00 -9999.00 247.85 47.40 0.00
0.00 14931.54
107.90 -57.46 -9999.00 -9999.00 -9999.00 242.82 40.40 0.00
0.00 15704.45
94.00 -58.56 -9999.00 -9999.00 -9999.00 240.46 40.19 0.00
0.00 16572.93
81.00 -59.96 -9999.00 -9999.00 -9999.00 250.23 26.42 0.00
0.00 17504.84
70.60 -60.16 -9999.00 -9999.00 -9999.00 233.91 25.72 0.00
0.00 18361.98
62.20 -56.96 -9999.00 -9999.00 -9999.00 227.33 30.38 0.00
0.00 19157.67
54.30 -57.96 -9999.00 -9999.00 -9999.00 219.21 19.06 0.00
0.00 20015.24
46.90 -57.76 -9999.00 -9999.00 -9999.00 215.82 23.23 0.00
0.00 20938.50
40.10 -55.66 -9999.00 -9999.00 -9999.00 225.40 19.91 0.00
0.00 21930.91
33.80 -58.06 -9999.00 -9999.00 -9999.00 216.87 14.57 0.00
0.00 23012.99
27.80 -57.66 -9999.00 -9999.00 -9999.00 261.25 15.33 0.00
0.00 24244.53
22.30 -58.36 -9999.00 -9999.00 -9999.00 287.82 5.71 0.00
0.00 25632.80
17.10 -55.96 -9999.00 -9999.00 -9999.00 293.50 4.88 0.00
0.00 27311.43
12.30 -52.66 -9999.00 -9999.00 -9999.00 311.82 9.91 0.00
0.00 29421.99
STN YYMMDD/HHMM PMSL PRES SKTC STC1 SNFL WTNS
P01M C01M STC2 LCLD MCLD HCLD
SNRA UWND VWND R01M BFGR T2MS
Q2MS WXTS WXTP WXTZ WXTR USTM
VSTM HLCY SLLH WSYM CDBP VSBK
TD2M
815 221026/1200 1019.10 949.30 -1.26 271.90 -9999.00 7.00
-9999.00 -9999.00 272.50 0.00 17.00 0.00
-9999.00 0.20 -0.80 -9999.00 -9999.00 1.14
3.01 0.00 0.00 0.00 0.00 12.40
-7.00 105.10 -9999.00 999.00 -9999.00 20.00
-3.99
815 221026/1300 1019.70 949.90 -1.66 271.50 0.00 7.00
0.00 0.00 272.10 0.00 27.00 0.00
-9999.00 -0.30 -0.40 -9999.00 -9999.00 1.04
3.00 0.00 0.00 0.00 0.00 11.40
-6.50 131.90 0.00 999.00 -9999.00 20.00
-4.03
815 221026/1400 1020.60 950.70 0.84 274.00 0.00 7.00
0.00 0.00 273.70 0.00 100.00 0.00
-9999.00 -0.40 -0.40 -9999.00 -9999.00 2.04
3.00 0.00 0.00 0.00 0.00 10.50
-5.50 150.40 0.00 999.00 -9999.00 20.00
-4.02
815 221026/1500 1021.30 951.70 6.34 279.50 0.00 7.00
0.00 0.00 278.40 0.00 100.00 0.00
-9999.00 -0.70 0.00 -9999.00 -9999.00 5.24
3.01 0.00 0.00 0.00 0.00 9.20
-4.40 156.20 0.00 999.00 -9999.00 20.00
-3.96
815 221026/1600 1019.50 951.10 11.64 284.80 0.00 7.00
0.00 0.00 283.30 0.00 100.00 0.00
-9999.00 -3.10 2.70 -9999.00 -9999.00 9.94
2.96 0.00 0.00 0.00 0.00 7.60
-3.30 142.70 0.00 999.00 -9999.00 20.00
-4.19
815 221026/1700 1017.90 950.30 15.54 288.70 0.00 7.00
0.00 0.00 287.20 0.00 100.00 0.00
-9999.00 -2.30 5.40 -9999.00 -9999.00 12.84
2.98 0.00 0.00 0.00 0.00 7.30
-1.50 144.00 0.00 999.00 -9999.00 20.00
-4.11
815 221026/1800 1017.70 950.20 17.64 290.80 0.00 7.00
0.00 0.00 289.30 0.00 99.00 0.00
-9999.00 -2.40 6.00 -9999.00 -9999.00 14.24
3.14 0.00 0.00 0.00 0.00 9.10
-0.50 118.60 0.00 999.00 -9999.00 20.00
-3.42
815 221026/1900 1016.40 949.20 18.54 291.70 0.00 7.00
0.00 0.00 290.50 55.00 100.00 0.00
-9999.00 0.70 6.50 -9999.00 -9999.00 15.04
3.37 0.00 0.00 0.00 0.00 11.30
0.00 44.10 0.00 999.00 -9999.00 0.03
-2.49
815 221026/2000 1015.70 948.50 18.64 291.80 0.00 7.00
0.03 0.00 290.70 41.00 100.00 0.00
-9999.00 0.40 4.40 -9999.00 -9999.00 15.04
4.06 0.00 0.00 0.00 1.00 10.90
1.40 54.40 0.00 60.00 -9999.00 0.00
0.03
815 221026/2100 1014.90 947.80 17.04 290.20 0.00 7.00
0.00 0.00 289.70 23.00 100.00 0.00
-9999.00 -1.90 3.80 -9999.00 -9999.00 15.14
3.70 0.00 0.00 0.00 0.00 10.80
2.50 89.90 0.00 999.00 -9999.00 0.01
-1.24
815 221026/2200 1015.70 948.60 15.84 289.00 0.00 7.00
0.00 0.00 288.80 8.00 100.00 0.00
-9999.00 -3.90 4.30 -9999.00 -9999.00 15.04
3.37 0.00 0.00 0.00 0.00 7.80
2.80 153.80 0.00 999.00 -9999.00 0.51
-2.49
815 221026/2300 1015.60 948.40 13.54 286.70 0.00 7.00
0.00 0.00 286.90 5.00 100.00 0.00
-9999.00 -4.00 3.60 -9999.00 -9999.00 13.64
3.30 0.00 0.00 0.00 0.00 6.10
2.60 207.00 0.00 999.00 -9999.00 20.00
-2.78
815 221027/0000 1015.30 948.00 11.64 284.80 0.00 7.00
0.00 0.00 285.20 0.00 100.00 0.00
-9999.00 -3.60 2.70 -9999.00 -9999.00 11.94
3.31 0.00 0.00 0.00 0.00 5.80
2.40 269.50 0.00 999.00 -9999.00 20.00
-2.74
815 221027/0100 1015.90 948.30 10.64 283.80 0.00 7.00
0.00 0.00 284.20 0.00 79.00 0.00
-9999.00 -4.00 2.30 -9999.00 -9999.00 10.94
3.38 0.00 0.00 0.00 0.00 4.60
2.10 340.00 0.00 999.00 -9999.00 20.00
-2.46
815 221027/0200 1016.00 948.20 10.04 283.20 0.00 7.00
0.00 0.00 283.50 0.00 100.00 0.00
-9999.00 -4.80 2.10 -9999.00 -9999.00 10.34
3.45 0.00 0.00 0.00 0.00 4.70
1.80 484.00 0.00 999.00 -9999.00 20.00
-2.18
815 221027/0300 1016.60 948.60 8.64 281.80 0.00 7.00
0.00 0.00 282.40 0.00 55.00 0.00
-9999.00 -4.80 2.80 -9999.00 -9999.00 9.14
3.43 0.00 0.00 0.00 0.00 3.90
1.20 537.60 0.00 999.00 -9999.00 20.00
-2.26
815 221027/0400 1016.10 947.80 7.64 280.80 0.00 7.00
0.00 0.00 281.40 0.00 5.00 0.00
-9999.00 -4.60 3.20 -9999.00 -9999.00 8.14
3.63 0.00 0.00 0.00 0.00 3.00
1.20 534.60 0.00 999.00 -9999.00 20.00
-1.50
815 221027/0500 1016.30 948.00 7.24 280.40 0.00 7.00
0.00 0.00 280.90 0.00 81.00 0.00
-9999.00 -4.50 3.90 -9999.00 -9999.00 7.74
3.85 0.00 0.00 0.00 0.00 2.40
2.20 446.70 0.00 999.00 -9999.00 20.00
-0.70
815 221027/0600 1016.20 947.80 7.24 280.40 0.00 7.00
0.00 0.00 280.70 0.00 100.00 0.00
-9999.00 -2.80 3.40 -9999.00 -9999.00 7.54
3.82 0.00 0.00 0.00 0.00 3.20
3.40 354.30 0.00 999.00 -9999.00 20.00
-0.81
815 221027/0700 1016.80 948.20 6.24 279.40 0.00 7.00
0.00 0.00 279.90 0.00 100.00 0.00
-9999.00 -2.60 3.90 -9999.00 -9999.00 6.74
3.80 0.00 0.00 0.00 0.00 3.00
3.90 302.40 0.00 999.00 -9999.00 20.00
-0.88
815 221027/0800 1015.60 947.20 7.54 280.70 0.00 7.00
0.00 0.00 280.90 0.00 100.00 0.00
-9999.00 -3.10 5.30 -9999.00 -9999.00 7.84
3.88 0.00 0.00 0.00 0.00 1.80
3.90 282.10 0.00 999.00 -9999.00 20.00
-0.61
815 221027/0900 1016.40 948.00 7.94 281.10 0.00 7.00
0.00 0.00 281.30 0.00 100.00 0.00
-9999.00 -2.70 5.70 -9999.00 -9999.00 8.14
4.13 0.00 0.00 0.00 0.00 2.70
3.90 257.20 0.00 999.00 -9999.00 20.00
0.26


