
SNPARM = PRES;TMPC;TMWC;DWPC;THTE;DRCT;SKNT;OMEG;CFRL;HGHT 
STNPRM = SHOW;LIFT;SWET;KINX;LCLP;PWAT;TOTL;CAPE;LCLT;CINS;EQLV;LFCT;BRCH 

STID = KPIT STNM = 725200 TIME = 221026/1200 
SLAT = 40.50 SLON = -80.22 SELV = 329.0
STIM = 0

SHOW = 2.27 LIFT = 3.87 SWET = 191.62 KINX = 32.14
LCLP = 954.11 PWAT = 32.14 TOTL = 45.60 CAPE = 0.00
LCLT = 284.25 CINS = 0.00 EQLV = -9999.00 LFCT = -9999.00
BRCH = 0.00

PRES TMPC TMWC DWPC THTE DRCT SKNT OMEG
CFRL HGHT
967.60 12.24 11.73 11.31 312.83 162.26 5.09 0.00
0.00 336.81
964.70 12.14 11.57 11.11 312.75 162.72 9.15 0.00
0.00 362.01
959.40 11.94 11.36 10.90 312.83 162.47 11.62 0.00
0.00 408.24
950.30 11.64 11.21 10.85 313.51 170.11 16.96 0.00
5.00 488.14
936.80 12.24 11.73 11.33 316.64 176.85 21.21 0.00
10.00 608.18
919.50 12.54 12.23 11.98 320.33 189.98 21.31 -0.20
6.00 764.85
899.00 11.94 11.90 11.81 322.07 208.51 17.91 -0.30
4.00 954.30
876.60 11.04 10.98 10.89 322.42 217.12 18.03 -0.40
3.00 1165.75
852.40 10.04 9.51 9.09 321.51 214.05 17.35 -0.30
2.00 1399.48
825.40 8.94 8.50 8.13 322.46 202.86 17.50 0.10
2.00 1667.13
795.70 7.14 6.72 6.35 321.83 198.10 21.25 0.70
0.00 1970.20
763.20 4.44 4.15 3.86 319.84 193.12 26.53 1.30
0.00 2312.16
728.00 1.94 1.88 1.78 319.42 180.00 32.83 1.50
14.00 2695.57
690.00 -0.16 -0.20 -0.29 320.29 174.61 41.36 1.20
38.00 3127.09
649.20 -2.96 -2.96 -3.01 320.48 177.82 45.88 0.40
37.00 3613.13
605.60 -5.76 -5.79 -5.87 321.60 177.96 49.18 -0.80
50.00 4161.58
559.70 -9.06 -9.34 -9.81 322.33 170.46 49.24 -1.60
100.00 4776.04
515.00 -12.06 -12.54 -13.44 324.44 159.06 47.84 -1.80
100.00 5416.96
474.60 -15.56 -16.12 -17.36 325.83 147.51 51.36 -1.50
100.00 6038.01
438.40 -19.06 -19.65 -21.22 327.26 146.85 56.84 -1.00
100.00 6632.84
405.70 -22.96 -23.57 -25.68 327.98 153.05 63.85 -0.80
93.00 7205.44
376.00 -26.36 -27.56 -33.75 328.60 156.70 70.22 -0.80
64.00 7758.72
349.20 -29.76 -31.26 -44.06 329.63 161.89 76.85 -0.80
0.00 8289.34
324.90 -33.46 -34.87 -55.98 330.74 163.98 83.06 -0.60
0.00 8799.34
303.00 -37.46 -38.59 -70.05 331.56 161.24 85.76 -0.50
0.00 9284.87
283.20 -40.96 -41.78 -62.53 333.09 162.52 84.71 -0.30
0.00 9747.65
265.30 -43.06 -43.71 -59.07 336.38 168.00 79.43 -0.10
0.00 10189.41
248.60 -44.36 -45.03 -66.52 340.62 173.87 76.38 -0.10
0.00 10626.07
233.50 -45.26 -9999.00 -9999.00 -9999.00 177.52 71.74 -0.20
0.00 11044.90
219.60 -46.26 -9999.00 -9999.00 -9999.00 182.05 65.31 -0.20
0.00 11453.41
205.70 -48.26 -9999.00 -9999.00 -9999.00 184.47 57.28 -0.20
0.00 11885.77
191.70 -50.16 -50.63 -73.19 357.53 181.31 50.91 -0.30
0.00 12347.82
177.70 -51.76 -52.18 -73.70 362.74 174.89 47.98 -0.30
0.00 12841.04
163.80 -54.06 -9999.00 -9999.00 -9999.00 173.98 46.29 -0.20
0.00 13366.13
149.80 -57.16 -9999.00 -9999.00 -9999.00 181.01 43.90 -0.10
0.00 13935.05
135.90 -59.86 -9999.00 -9999.00 -9999.00 191.82 38.89 0.00
0.00 14546.88
121.90 -62.66 -9999.00 -9999.00 -9999.00 192.12 32.38 0.00
0.00 15221.19
108.00 -65.16 -9999.00 -9999.00 -9999.00 184.73 30.59 0.00
0.00 15962.71
94.00 -64.76 -9999.00 -9999.00 -9999.00 186.42 29.53 0.00
0.00 16808.78
81.00 -64.36 -9999.00 -9999.00 -9999.00 191.58 24.18 0.00
0.00 17717.59
70.60 -63.96 -9999.00 -9999.00 -9999.00 187.77 12.94 0.00
0.00 18558.24
62.20 -64.16 -9999.00 -9999.00 -9999.00 175.24 9.36 0.00
0.00 19333.54
54.30 -63.06 -9999.00 -9999.00 -9999.00 201.57 8.97 0.00
0.00 20166.66
46.90 -62.56 -9999.00 -9999.00 -9999.00 261.67 8.04 0.00
0.00 21068.70
40.10 -64.26 -9999.00 -9999.00 -9999.00 333.43 4.78 0.00
0.00 22030.38
33.80 -64.26 -9999.00 -9999.00 -9999.00 14.62 4.62 0.00
0.00 23075.44
27.80 -60.96 -9999.00 -9999.00 -9999.00 355.24 7.01 0.00
0.00 24279.80
22.30 -56.36 -9999.00 -9999.00 -9999.00 18.78 10.26 0.00
0.00 25663.88
17.10 -53.16 -9999.00 -9999.00 -9999.00 24.10 8.08 0.00
0.00 27361.16
12.30 -51.96 -9999.00 -9999.00 -9999.00 267.40 8.55 0.00
0.00 29488.60

STID = KPIT STNM = 725200 TIME = 221026/1300 
SLAT = 40.50 SLON = -80.22 SELV = 329.0
STIM = 1

SHOW = 0.71 LIFT = 1.69 SWET = 222.00 KINX = 32.52
LCLP = 947.75 PWAT = 28.59 TOTL = 49.63 CAPE = 0.00
LCLT = 284.66 CINS = 0.00 EQLV = -9999.00 LFCT = -9999.00
BRCH = 0.00

PRES TMPC TMWC DWPC THTE DRCT SKNT OMEG
CFRL HGHT
968.10 13.24 12.43 11.83 314.75 160.14 7.44 0.00
0.00 338.57
965.30 12.94 12.22 11.68 314.50 161.57 11.05 0.10
0.00 362.97
960.00 12.54 11.99 11.55 314.48 162.90 13.21 0.10
0.00 409.29
950.90 12.04 11.65 11.32 314.64 167.91 16.69 0.10
7.00 489.30
937.40 12.24 11.62 11.14 316.25 177.09 22.96 0.30
16.00 609.35
920.10 12.74 11.64 10.84 318.51 183.15 24.71 0.40
2.00 765.94
899.50 11.94 10.95 10.22 319.23 192.85 22.71 0.40
63.00 956.17
877.10 10.94 10.06 9.39 319.68 201.99 21.79 0.50
65.00 1167.34
852.90 9.34 8.73 8.23 319.25 207.36 24.94 0.50
3.00 1400.51
825.90 7.94 7.45 7.03 319.50 206.02 27.45 0.40
30.00 1667.11
796.10 6.74 6.41 6.11 320.94 195.48 26.20 0.50
89.00 1970.21
763.50 4.94 4.51 4.10 320.71 181.62 27.41 0.60
89.00 2313.12
728.20 2.54 2.13 1.70 320.00 170.71 31.29 0.90
49.00 2698.27
690.20 0.04 -0.41 -0.93 319.76 167.47 37.61 1.20
41.00 3130.26
649.40 -2.96 -3.13 -3.36 320.08 167.99 46.68 1.20
43.00 3616.28
605.80 -6.86 -6.89 -6.96 319.24 166.17 51.20 1.10
100.00 4163.36
559.70 -11.26 -12.06 -13.64 316.97 166.74 55.89 0.80
86.00 4776.34
515.10 -14.96 -16.53 -20.81 316.93 168.48 61.27 0.40
80.00 5409.15
474.80 -18.26 -20.60 -30.49 317.66 170.22 62.88 0.10
14.00 6021.30
438.60 -21.86 -24.11 -37.17 319.37 168.87 62.35 0.00
11.00 6609.00
405.90 -25.46 -27.54 -45.05 321.15 167.71 66.61 -0.20
0.00 7174.93
376.10 -28.76 -30.64 -54.78 323.42 166.00 68.26 -0.20
0.00 7724.13
349.30 -31.36 -33.07 -69.05 326.60 164.44 67.35 -0.20
0.00 8250.15
325.00 -33.56 -35.07 -69.56 330.36 164.66 66.06 -0.10
0.00 8758.16
303.00 -35.66 -36.84 -54.18 334.39 167.64 64.43 0.00
0.00 9247.59
283.20 -37.76 -38.68 -51.32 338.06 173.38 65.71 0.00
0.00 9715.33
265.30 -40.36 -41.22 -57.62 340.37 176.48 72.79 -0.10
0.00 10162.75
248.60 -42.56 -43.37 -66.52 343.30 180.74 74.79 -0.10
0.00 10603.69
233.50 -44.26 -45.00 -71.85 346.88 187.64 67.23 -0.20
0.00 11025.09
219.60 -45.76 -46.43 -72.27 350.70 190.97 58.18 -0.20
0.00 11434.95
205.70 -47.66 -9999.00 -9999.00 -9999.00 193.71 49.98 -0.10
0.00 11868.36
191.70 -50.06 -50.54 -73.19 357.69 189.75 44.74 -0.10
0.00 12331.13
177.70 -52.26 -52.66 -73.70 361.92 184.66 45.42 -0.10
0.00 12823.91
163.80 -53.26 -9999.00 -9999.00 -9999.00 188.96 43.65 -0.10
0.00 13349.36
149.80 -55.86 -9999.00 -9999.00 -9999.00 189.30 33.66 -0.10
0.00 13921.03
135.90 -59.96 -9999.00 -9999.00 -9999.00 185.88 32.23 0.00
0.00 14534.57
121.90 -62.76 -9999.00 -9999.00 -9999.00 190.39 33.37 0.10
0.00 15208.56
108.00 -63.76 -9999.00 -9999.00 -9999.00 187.48 31.35 0.10
0.00 15952.38
94.00 -63.56 -9999.00 -9999.00 -9999.00 191.55 27.16 0.00
0.00 16803.74
81.00 -63.26 -9999.00 -9999.00 -9999.00 184.81 20.86 0.00
0.00 17717.56
70.60 -63.36 -9999.00 -9999.00 -9999.00 182.35 14.20 0.00
0.00 18561.63
62.20 -63.96 -9999.00 -9999.00 -9999.00 181.08 10.30 0.00
0.00 19338.41
54.30 -63.66 -9999.00 -9999.00 -9999.00 214.33 9.63 0.00
0.00 20170.73
46.90 -63.96 -9999.00 -9999.00 -9999.00 260.54 5.91 0.00
0.00 21068.48
40.10 -64.96 -9999.00 -9999.00 -9999.00 35.54 3.34 0.00
0.00 22025.35
33.80 -64.36 -9999.00 -9999.00 -9999.00 43.15 4.25 0.00
0.00 23068.41
27.80 -61.76 -9999.00 -9999.00 -9999.00 19.36 7.61 0.00
0.00 24270.20
22.30 -58.26 -9999.00 -9999.00 -9999.00 43.83 13.46 0.00
0.00 25645.56
17.10 -54.36 -9999.00 -9999.00 -9999.00 54.12 11.27 0.00
0.00 27330.80
12.30 -51.96 -9999.00 -9999.00 -9999.00 292.38 3.57 0.00
0.00 29452.45

STID = KPIT STNM = 725200 TIME = 221026/1400 
SLAT = 40.50 SLON = -80.22 SELV = 329.0
STIM = 2

SHOW = 1.50 LIFT = 2.82 SWET = 206.81 KINX = 31.76
LCLP = 943.76 PWAT = 27.89 TOTL = 48.92 CAPE = 0.00
LCLT = 284.88 CINS = 0.00 EQLV = -9999.00 LFCT = -9999.00
BRCH = 0.00

PRES TMPC TMWC DWPC THTE DRCT SKNT OMEG
CFRL HGHT
968.50 13.84 12.84 12.12 315.86 161.08 7.19 0.00
0.00 338.59
965.70 13.54 12.63 11.96 315.59 162.90 10.57 0.00
0.00 363.03
960.30 13.14 12.35 11.77 315.48 165.12 12.86 0.00
0.00 410.32
951.20 12.54 11.95 11.50 315.47 167.96 14.90 -0.10
0.00 490.46
937.70 12.04 11.34 10.79 315.41 176.15 20.24 -0.20
11.00 610.53
920.50 11.84 10.49 9.46 315.22 182.70 24.69 -0.30
3.00 765.81
899.90 10.94 8.95 7.33 313.66 192.28 29.22 -0.40
13.00 955.19
877.50 9.84 7.85 6.17 313.64 201.40 30.89 -0.60
15.00 1165.28
853.30 8.14 7.75 7.39 316.54 207.71 30.50 -0.80
0.00 1397.24
826.20 7.24 7.21 7.13 318.80 206.02 27.45 -0.70
100.00 1663.78
796.40 6.84 6.43 6.06 320.94 181.40 23.89 -0.40
39.00 1966.45
763.90 5.34 4.38 3.50 320.30 165.86 26.24 0.10
39.00 2308.44
728.60 2.54 2.02 1.49 319.68 170.41 29.16 0.30
2.00 2693.61
690.50 -0.26 -0.32 -0.43 319.93 173.99 37.10 0.10
43.00 3126.30
649.60 -2.66 -2.71 -2.81 320.99 166.44 45.55 0.00
100.00 3613.39
605.90 -6.16 -6.18 -6.25 320.71 159.60 50.16 0.00
100.00 4162.68
559.90 -11.76 -11.80 -11.90 317.45 159.15 56.74 -0.10
100.00 4774.51
515.20 -15.66 -17.79 -24.89 314.65 168.17 58.74 -0.50
65.00 5407.09
474.90 -18.66 -21.07 -32.07 316.83 176.72 57.79 -0.80
0.00 6017.70
438.60 -22.26 -23.79 -30.69 319.98 183.97 61.73 -0.70
0.00 6606.07
405.90 -25.86 -27.45 -37.67 321.36 184.82 67.06 -0.50
0.00 7171.18
376.20 -29.56 -31.05 -45.22 322.80 186.55 69.79 -0.40
0.00 7717.19
349.30 -32.26 -33.54 -47.54 325.95 187.93 70.42 -0.30
0.00 8243.30
325.00 -33.66 -35.00 -53.60 330.52 187.59 67.62 -0.20
0.00 8750.29
303.00 -35.26 -36.55 -58.02 334.83 183.49 63.83 -0.20
0.00 9240.03
283.20 -37.56 -38.66 -58.55 338.06 182.02 66.08 -0.10
0.00 9708.35
265.30 -39.86 -40.81 -60.82 341.02 186.87 69.85 0.00
0.00 10156.42
248.60 -42.06 -42.91 -66.52 344.05 194.08 67.89 0.20
0.00 10598.31
233.50 -44.06 -44.82 -71.85 347.18 196.41 62.57 0.30
0.00 11020.36
219.60 -45.76 -46.43 -72.27 350.70 197.10 58.12 0.30
0.00 11430.39
205.70 -47.66 -48.24 -72.71 354.33 195.24 51.75 0.30
0.00 11863.81
191.70 -49.86 -9999.00 -9999.00 -9999.00 186.95 46.58 0.30
0.00 12326.78
177.70 -51.46 -9999.00 -9999.00 -9999.00 186.88 45.40 0.20
0.00 12820.67
163.80 -52.46 -9999.00 -9999.00 -9999.00 191.00 42.74 0.20
0.00 13348.02
149.80 -54.56 -9999.00 -9999.00 -9999.00 192.50 36.81 0.10
0.00 13922.44
135.90 -58.36 -9999.00 -9999.00 -9999.00 182.69 28.98 0.00
0.00 14540.11
121.90 -62.56 -9999.00 -9999.00 -9999.00 183.79 32.32 0.00
0.00 15216.96
108.00 -63.66 -9999.00 -9999.00 -9999.00 194.35 34.48 0.00
0.00 15961.32
94.00 -63.36 -9999.00 -9999.00 -9999.00 200.32 27.97 -0.10
0.00 16813.28
81.00 -63.46 -9999.00 -9999.00 -9999.00 193.54 21.58 0.00
0.00 17727.10
70.60 -63.66 -9999.00 -9999.00 -9999.00 186.34 17.60 0.00
0.00 18570.17
62.20 -63.96 -9999.00 -9999.00 -9999.00 193.43 13.38 0.00
0.00 19346.39
54.30 -64.16 -9999.00 -9999.00 -9999.00 215.10 8.78 0.00
0.00 20177.72
46.90 -63.76 -9999.00 -9999.00 -9999.00 275.71 1.94 0.00
0.00 21074.83
40.10 -64.16 -9999.00 -9999.00 -9999.00 54.46 3.34 0.00
0.00 22033.99
33.80 -63.76 -9999.00 -9999.00 -9999.00 3.58 3.11 0.00
0.00 23080.55
27.80 -61.56 -9999.00 -9999.00 -9999.00 7.13 7.83 0.00
0.00 24284.63
22.30 -58.16 -9999.00 -9999.00 -9999.00 38.96 11.73 0.00
0.00 25660.96
17.10 -54.16 -9999.00 -9999.00 -9999.00 60.95 10.00 0.00
0.00 27347.36
12.30 -51.96 -9999.00 -9999.00 -9999.00 113.96 5.73 0.00
0.00 29469.98

STID = KPIT STNM = 725200 TIME = 221026/1500 
SLAT = 40.50 SLON = -80.22 SELV = 329.0
STIM = 3

SHOW = 2.69 LIFT = 3.00 SWET = 191.48 KINX = 29.25
LCLP = 932.17 PWAT = 25.86 TOTL = 47.20 CAPE = 0.00
LCLT = 284.58 CINS = 0.00 EQLV = -9999.00 LFCT = -9999.00
BRCH = 0.00

PRES TMPC TMWC DWPC THTE DRCT SKNT OMEG
CFRL HGHT
968.30 14.54 13.05 12.01 316.49 171.25 7.67 0.00
0.00 338.61
965.40 14.24 12.78 11.75 316.07 173.29 9.98 0.00
0.00 364.00
960.10 13.74 12.45 11.53 315.78 175.16 11.50 0.00
0.00 410.52
951.00 13.04 12.00 11.24 315.63 177.40 12.84 -0.10
0.00 490.82
937.50 12.24 11.24 10.49 315.18 184.04 16.55 -0.20
2.00 611.06
920.20 11.34 10.27 9.44 314.66 190.78 20.77 -0.30
2.00 767.19
899.70 9.94 9.10 8.41 314.09 197.46 25.25 -0.30
9.00 955.24
877.30 9.04 7.80 6.74 313.53 201.15 28.54 -0.30
0.00 1164.76
853.00 7.44 7.09 6.76 314.86 203.29 30.46 -0.40
2.00 1397.12
826.00 6.54 6.52 6.45 317.01 199.26 30.05 -0.40
87.00 1662.05
796.20 6.74 5.98 5.32 319.78 175.73 26.11 -0.40
12.00 1964.29
763.70 4.94 3.71 2.55 318.64 170.68 26.38 -0.30
1.00 2305.97
728.40 2.24 1.14 -0.01 317.59 177.53 31.51 -0.10
0.00 2690.65
690.30 -0.36 -0.86 -1.44 318.70 170.84 36.60 0.00
4.00 3123.01
649.50 -4.36 -4.95 -5.78 316.10 173.12 38.93 -0.20
80.00 3607.21
605.90 -7.46 -8.95 -11.57 315.03 178.85 48.39 -0.70
63.00 4151.85
559.90 -10.96 -13.07 -18.02 315.02 176.51 50.99 -0.90
41.00 4762.65
515.20 -15.06 -16.85 -22.00 316.34 175.57 47.73 -0.70
3.00 5396.78
474.90 -19.16 -20.65 -26.01 317.62 189.60 54.76 -0.50
0.00 6007.64
438.60 -22.96 -24.51 -32.17 318.78 192.02 61.56 -0.40
0.00 6594.68
405.90 -26.76 -28.08 -36.41 320.37 191.04 64.92 -0.30
0.00 7157.97
376.10 -30.06 -31.39 -43.37 322.31 196.97 71.89 -0.20
0.00 7704.33
349.30 -32.16 -33.63 -54.11 325.77 201.45 75.97 -0.10
0.00 8228.12
325.00 -32.76 -34.38 -69.56 331.47 199.90 71.89 -0.10
0.00 8736.14
303.00 -34.16 -35.69 -70.05 336.20 197.04 65.62 0.00
0.00 9227.92
283.20 -36.86 -38.09 -62.53 338.98 197.85 65.91 0.10
0.00 9698.01
265.30 -38.86 -39.96 -66.04 342.39 199.10 68.86 0.10
0.00 10147.70
248.60 -40.86 -41.84 -71.42 345.79 200.33 70.44 0.10
0.00 10591.68
233.50 -43.46 -44.27 -71.85 348.09 201.63 70.63 0.10
0.00 11015.37
219.60 -45.76 -46.43 -72.27 350.70 202.34 64.90 0.00
0.00 11425.95
205.70 -47.96 -48.53 -72.71 353.86 200.15 57.52 0.00
0.00 11859.08
191.70 -49.96 -50.44 -73.19 357.85 193.78 53.01 0.00
0.00 12321.64
177.70 -51.36 -9999.00 -9999.00 -9999.00 190.59 51.77 0.00
0.00 12815.53
163.80 -52.46 -9999.00 -9999.00 -9999.00 194.72 47.40 -0.10
0.00 13343.00
149.80 -54.36 -9999.00 -9999.00 -9999.00 194.72 39.76 -0.10
0.00 13917.68
135.90 -58.06 -9999.00 -9999.00 -9999.00 189.52 32.89 -0.20
0.00 14536.07
121.90 -62.66 -9999.00 -9999.00 -9999.00 182.51 31.12 -0.10
0.00 15213.24
108.00 -65.16 -9999.00 -9999.00 -9999.00 191.56 34.89 0.00
0.00 15954.76
94.00 -64.06 -9999.00 -9999.00 -9999.00 200.34 29.62 0.00
0.00 16802.25
81.00 -63.06 -9999.00 -9999.00 -9999.00 184.51 22.22 0.00
0.00 17715.42
70.60 -62.36 -9999.00 -9999.00 -9999.00 174.47 18.14 0.00
0.00 18561.90
62.20 -63.46 -9999.00 -9999.00 -9999.00 173.23 11.54 0.00
0.00 19341.46
54.30 -63.96 -9999.00 -9999.00 -9999.00 175.24 4.68 0.00
0.00 20174.19
46.90 -63.66 -9999.00 -9999.00 -9999.00 213.69 0.70 0.00
0.00 21071.93
40.10 -63.96 -9999.00 -9999.00 -9999.00 360.00 0.19 0.00
0.00 22031.78
33.80 -63.46 -9999.00 -9999.00 -9999.00 333.43 3.90 0.00
0.00 23079.59
27.80 -59.96 -9999.00 -9999.00 -9999.00 1.47 7.58 0.00
0.00 24289.11
22.30 -56.16 -9999.00 -9999.00 -9999.00 37.65 8.59 0.00
0.00 25677.05
17.10 -53.86 -9999.00 -9999.00 -9999.00 88.03 5.63 0.00
0.00 27372.39
12.30 -52.36 -9999.00 -9999.00 -9999.00 180.00 7.19 0.00
0.00 29494.53

STID = KPIT STNM = 725200 TIME = 221026/1600 
SLAT = 40.50 SLON = -80.22 SELV = 329.0
STIM = 4

SHOW = 3.27 LIFT = 2.90 SWET = 183.06 KINX = 29.84
LCLP = 909.06 PWAT = 25.42 TOTL = 46.15 CAPE = 5.60
LCLT = 283.69 CINS = -0.27 EQLV = 819.09 LFCT = 890.83
BRCH = 0.12

PRES TMPC TMWC DWPC THTE DRCT SKNT OMEG
CFRL HGHT
967.60 15.64 13.17 11.48 316.93 205.97 8.43 0.10
0.00 338.66
964.70 15.44 12.90 11.14 316.50 207.38 12.26 0.00
0.00 364.15
959.40 15.04 12.58 10.85 316.23 208.25 14.78 -0.10
0.00 410.90
950.20 14.34 12.09 10.49 315.99 209.18 17.13 -0.30
0.00 492.50
936.80 13.14 11.38 10.09 315.65 209.17 19.13 -0.70
0.00 612.37
919.60 11.64 10.48 9.59 315.31 208.74 20.61 -1.00
0.00 768.03
899.00 9.84 9.44 9.09 315.09 208.16 21.81 -1.20
0.00 957.23
876.60 8.24 8.21 8.13 314.69 208.07 23.12 -1.20
100.00 1166.65
852.40 7.04 6.99 6.89 314.67 206.98 23.97 -1.00
100.00 1397.79
825.40 5.84 5.82 5.75 315.29 201.88 27.62 -0.80
100.00 1662.36
795.60 4.84 4.82 4.75 316.86 191.45 30.32 -0.80
70.00 1963.37
763.10 3.34 2.93 2.51 316.81 181.49 29.93 -0.70
9.00 2303.14
727.90 0.94 0.90 0.82 317.09 177.17 31.51 -0.60
100.00 2685.03
689.90 -2.16 -2.18 -2.25 315.78 176.44 34.44 -0.50
100.00 3114.11
649.10 -4.96 -5.48 -6.24 315.05 181.63 41.01 -0.60
30.00 3596.39
605.50 -6.86 -9.08 -13.20 314.82 180.00 46.43 -0.60
9.00 4141.29
559.60 -10.76 -13.02 -18.39 315.15 181.45 46.06 -0.50
0.00 4751.99
515.00 -14.76 -17.01 -24.03 316.05 197.87 50.00 -0.20
0.00 5385.55
474.70 -18.76 -20.64 -27.85 317.66 201.87 58.39 0.10
0.00 5997.43
438.50 -22.86 -24.37 -31.66 319.03 199.64 64.14 0.10
0.00 6583.60
405.80 -26.56 -28.02 -37.67 320.47 198.02 67.81 0.10
0.00 7147.36
376.10 -28.76 -30.42 -46.29 323.81 200.44 70.07 0.00
0.00 7693.60
349.20 -29.96 -31.77 -55.39 328.73 202.04 69.37 0.00
0.00 8223.21
325.00 -31.66 -33.37 -59.23 333.12 198.60 65.79 0.00
0.00 8732.69
303.00 -34.56 -35.97 -59.78 335.77 197.62 64.82 0.00
0.00 9225.19
283.20 -37.26 -38.44 -62.53 338.40 201.03 66.59 0.00
0.00 9694.50
265.30 -38.96 -40.07 -70.97 342.20 206.06 68.55 -0.10
0.00 10143.71
248.60 -41.16 -42.12 -71.42 345.34 209.48 68.28 -0.10
0.00 10587.31
233.50 -43.36 -44.17 -71.85 348.24 211.60 66.36 -0.10
0.00 11010.82
219.60 -45.26 -45.97 -72.27 351.47 212.21 62.68 -0.10
0.00 11421.93
205.70 -47.46 -48.06 -72.71 354.64 209.89 56.92 -0.10
0.00 11856.02
191.70 -49.56 -9999.00 -9999.00 -9999.00 202.65 50.93 -0.10
0.00 12319.51
177.70 -52.06 -9999.00 -9999.00 -9999.00 194.85 50.04 0.00
0.00 12813.06
163.80 -54.06 -9999.00 -9999.00 -9999.00 198.58 49.38 0.00
0.00 13337.79
149.80 -55.56 -9999.00 -9999.00 -9999.00 204.83 43.03 0.00
0.00 13908.80
135.90 -58.06 -9999.00 -9999.00 -9999.00 195.70 37.33 0.00
0.00 14525.48
121.90 -61.86 -9999.00 -9999.00 -9999.00 190.33 33.57 0.00
0.00 15203.92
108.00 -64.56 -9999.00 -9999.00 -9999.00 190.27 31.59 0.00
0.00 15947.93
94.00 -63.86 -9999.00 -9999.00 -9999.00 195.90 31.92 0.00
0.00 16797.04
81.00 -62.36 -9999.00 -9999.00 -9999.00 186.88 22.69 0.00
0.00 17712.17
70.60 -62.76 -9999.00 -9999.00 -9999.00 184.17 18.71 0.00
0.00 18559.26
62.20 -63.86 -9999.00 -9999.00 -9999.00 195.17 11.87 0.00
0.00 19337.34
54.30 -63.66 -9999.00 -9999.00 -9999.00 239.98 10.10 0.00
0.00 20169.86
46.90 -63.66 -9999.00 -9999.00 -9999.00 270.00 8.55 0.00
0.00 21068.25
40.10 -64.56 -9999.00 -9999.00 -9999.00 285.95 2.84 0.00
0.00 22026.72
33.80 -64.06 -9999.00 -9999.00 -9999.00 63.43 1.30 0.00
0.00 23071.53
27.80 -60.26 -9999.00 -9999.00 -9999.00 58.50 7.07 0.00
0.00 24278.47
22.30 -57.26 -9999.00 -9999.00 -9999.00 69.44 11.62 0.00
0.00 25661.90
17.10 -54.96 -9999.00 -9999.00 -9999.00 82.65 6.08 0.00
0.00 27348.69
12.30 -52.36 -9999.00 -9999.00 -9999.00 191.31 5.94 0.00
0.00 29465.52

STID = KPIT STNM = 725200 TIME = 221026/1700 
SLAT = 40.50 SLON = -80.22 SELV = 329.0
STIM = 5

SHOW = 3.36 LIFT = 3.47 SWET = 168.82 KINX = 29.65
LCLP = 922.19 PWAT = 24.85 TOTL = 46.36 CAPE = 1.38
LCLT = 283.65 CINS = -0.00 EQLV = 794.25 LFCT = 910.52
BRCH = 0.03

PRES TMPC TMWC DWPC THTE DRCT SKNT OMEG
CFRL HGHT
967.80 14.44 12.56 11.23 315.15 224.19 9.75 0.10
0.00 339.49
964.90 14.24 12.32 10.95 314.83 225.56 14.14 0.20
0.00 364.87
959.60 13.74 12.02 10.77 314.62 226.42 16.63 0.20
0.00 411.40
950.50 12.94 11.55 10.52 314.42 227.15 18.28 0.30
0.00 491.72
937.00 11.74 10.89 10.23 314.26 227.80 19.66 0.30
0.00 611.87
919.80 10.24 10.05 9.85 314.10 229.06 21.35 0.40
18.00 766.74
899.20 8.94 8.72 8.50 313.16 229.94 22.34 0.40
39.00 955.11
876.80 7.94 7.55 7.18 312.95 229.88 22.61 0.30
81.00 1163.99
852.60 7.14 6.70 6.28 313.91 225.00 23.35 0.30
85.00 1394.95
825.60 5.64 5.43 5.19 314.28 217.46 26.18 0.20
92.00 1659.36
795.80 3.74 3.70 3.61 314.07 215.97 27.12 0.10
91.00 1959.52
763.40 2.44 2.42 2.35 315.52 198.31 27.84 0.00
79.00 2296.86
728.10 0.24 0.20 0.12 315.44 187.72 30.38 0.00
100.00 2678.55
690.00 -2.66 -2.70 -2.78 314.65 193.18 31.53 -0.20
100.00 3107.66
649.30 -4.76 -5.75 -7.22 314.45 193.19 41.71 -0.60
3.00 3588.31
605.70 -7.66 -9.15 -11.82 314.67 188.23 47.49 -0.80
0.00 4132.43
559.70 -11.86 -12.95 -15.27 315.31 190.81 43.51 -0.60
0.00 4742.24
515.00 -14.96 -16.97 -23.02 316.14 206.88 46.83 -0.20
0.00 5375.69
474.70 -19.46 -21.37 -29.39 316.42 210.14 48.74 0.10
0.00 5986.50
438.50 -23.06 -24.97 -36.13 318.01 204.50 62.76 0.10
0.00 6571.56
405.80 -25.96 -27.72 -40.38 320.93 204.81 70.84 0.00
0.00 7135.72
376.10 -28.76 -30.40 -45.74 323.85 209.21 71.66 0.00
0.00 7682.62
349.20 -30.06 -31.88 -56.88 328.55 210.07 68.24 0.10
0.00 8212.12
325.00 -31.06 -32.90 -64.55 333.86 205.96 66.10 0.00
0.00 8722.12
303.00 -33.06 -34.67 -59.78 337.88 204.10 66.61 0.00
0.00 9216.77
283.20 -35.86 -37.23 -65.56 340.37 206.12 67.07 0.00
0.00 9688.95
265.30 -38.46 -39.63 -70.97 342.93 209.60 65.68 0.00
0.00 10139.97
248.60 -41.16 -42.12 -71.42 345.34 213.74 65.40 0.00
0.00 10584.05
233.50 -43.16 -43.99 -71.85 348.55 215.44 65.33 0.00
0.00 11007.74
219.60 -44.96 -45.69 -72.27 351.94 213.79 62.18 -0.10
0.00 11419.31
205.60 -47.26 -47.87 -72.72 355.01 211.76 57.58 -0.20
0.00 11857.10
191.70 -50.16 -50.63 -73.19 357.53 209.43 52.19 -0.10
0.00 12316.99
177.70 -52.96 -9999.00 -9999.00 -9999.00 204.79 47.71 0.00
0.00 12808.87
163.80 -56.06 -9999.00 -9999.00 -9999.00 199.85 49.77 0.10
0.00 13330.15
149.80 -57.06 -9999.00 -9999.00 -9999.00 209.74 50.12 0.10
0.00 13896.58
135.90 -58.16 -9999.00 -9999.00 -9999.00 193.36 31.95 0.10
0.00 14510.98
121.90 -61.96 -9999.00 -9999.00 -9999.00 190.85 38.17 0.00
0.00 15189.11
108.00 -63.36 -9999.00 -9999.00 -9999.00 196.64 33.26 0.00
0.00 15935.06
94.00 -63.86 -9999.00 -9999.00 -9999.00 190.64 29.45 0.00
0.00 16786.61
81.00 -62.76 -9999.00 -9999.00 -9999.00 196.53 25.93 0.00
0.00 17700.87
70.60 -63.56 -9999.00 -9999.00 -9999.00 187.13 17.23 0.00
0.00 18545.54
62.20 -64.16 -9999.00 -9999.00 -9999.00 202.50 14.72 0.00
0.00 19321.58
54.30 -64.26 -9999.00 -9999.00 -9999.00 237.99 10.99 0.00
0.00 20152.32
46.90 -64.26 -9999.00 -9999.00 -9999.00 284.93 3.01 0.00
0.00 21048.13
40.10 -64.76 -9999.00 -9999.00 -9999.00 131.63 2.33 0.00
0.00 22004.77
33.80 -62.96 -9999.00 -9999.00 -9999.00 119.05 2.00 0.00
0.00 23051.84
27.80 -59.66 -9999.00 -9999.00 -9999.00 58.13 8.47 0.00
0.00 24263.64
22.30 -58.06 -9999.00 -9999.00 -9999.00 77.91 11.13 0.00
0.00 25646.42
17.10 -54.26 -9999.00 -9999.00 -9999.00 109.44 7.01 0.00
0.00 27332.82
12.30 -51.26 -9999.00 -9999.00 -9999.00 219.21 9.52 0.00
0.00 29458.33

STID = KPIT STNM = 725200 TIME = 221026/1800 
SLAT = 40.50 SLON = -80.22 SELV = 329.0
STIM = 6

SHOW = 5.09 LIFT = 4.67 SWET = 157.92 KINX = 27.22
LCLP = 934.15 PWAT = 23.78 TOTL = 43.82 CAPE = 12.35
LCLT = 283.67 CINS = 0.00 EQLV = 792.89 LFCT = 923.73
BRCH = 0.28

PRES TMPC TMWC DWPC THTE DRCT SKNT OMEG
CFRL HGHT
967.10 13.34 12.02 11.04 313.70 225.00 8.51 0.10
0.00 338.58
964.10 13.14 11.83 10.85 313.53 226.89 12.51 0.20
0.00 364.76
958.90 12.64 11.52 10.67 313.31 228.18 14.86 0.20
0.00 410.28
949.70 11.84 11.03 10.40 313.09 229.12 17.21 0.30
0.00 491.22
936.30 10.74 10.36 10.02 312.89 230.71 19.33 0.40
0.00 610.13
919.10 9.34 9.32 9.24 312.23 231.09 20.73 0.50
74.00 764.58
898.50 8.24 8.18 8.07 311.82 231.67 21.29 0.50
100.00 952.54
876.20 7.04 6.97 6.86 311.56 231.34 21.15 0.60
97.00 1160.02
852.00 6.04 5.75 5.45 311.62 228.76 20.92 0.70
35.00 1390.27
825.00 4.24 4.16 4.03 311.27 219.41 25.39 0.60
49.00 1653.62
795.30 3.04 2.84 2.59 312.09 206.97 36.83 0.60
94.00 1951.75
762.80 2.24 2.08 1.87 314.80 195.75 31.49 0.70
96.00 2289.76
727.60 0.14 0.09 0.00 315.26 193.15 27.33 0.60
100.00 2670.42
689.60 -3.16 -3.32 -3.55 313.38 202.09 35.64 0.20
96.00 3098.16
648.90 -5.16 -6.09 -7.49 313.83 202.52 43.10 -0.30
76.00 3578.25
605.40 -8.06 -9.14 -11.02 314.75 202.05 40.87 -0.60
1.00 4120.63
559.50 -10.96 -13.00 -17.75 315.21 215.39 45.28 -0.60
0.00 4729.91
514.90 -14.66 -17.06 -24.78 315.97 217.10 48.95 -0.50
0.00 5363.47
474.60 -19.16 -21.38 -31.35 316.40 214.02 55.56 -0.40
0.00 5975.06
438.40 -22.86 -24.85 -36.64 318.21 213.08 61.21 -0.10
0.00 6560.81
405.80 -25.76 -27.68 -42.66 320.97 216.87 60.22 0.00
0.00 7123.75
376.00 -27.26 -29.24 -48.16 325.71 220.84 60.59 0.10
0.00 7674.45
349.20 -28.46 -30.48 -52.99 330.84 221.81 64.10 0.00
0.00 8205.40
324.90 -30.96 -32.80 -61.48 334.07 216.12 64.92 0.00
0.00 8719.38
303.00 -33.76 -35.29 -62.01 336.86 214.90 61.11 0.00
0.00 9211.25
283.20 -36.36 -37.67 -65.56 339.65 215.31 61.17 0.20
0.00 9682.24
265.30 -39.16 -40.25 -70.97 341.91 215.72 62.22 0.20
0.00 10132.12
248.60 -41.76 -42.66 -71.42 344.45 217.30 62.51 0.30
0.00 10574.95
233.50 -43.86 -44.63 -71.85 347.49 216.69 61.77 0.30
0.00 10997.45
219.60 -45.76 -46.43 -72.27 350.70 217.20 60.72 0.30
0.00 11407.67
205.60 -47.16 -47.78 -72.72 355.17 217.33 58.62 0.20
0.00 11844.79
191.70 -49.36 -9999.00 -9999.00 -9999.00 214.64 55.01 0.00
0.00 12305.60
177.70 -52.66 -9999.00 -9999.00 -9999.00 212.21 52.12 0.00
0.00 12798.71
163.80 -56.26 -9999.00 -9999.00 -9999.00 209.88 49.51 0.00
0.00 13320.10
149.80 -57.66 -9999.00 -9999.00 -9999.00 213.75 47.90 0.00
0.00 13885.49
135.90 -57.56 -9999.00 -9999.00 -9999.00 216.87 33.99 0.00
0.00 14499.89
121.90 -62.26 -9999.00 -9999.00 -9999.00 186.16 34.38 0.00
0.00 15178.49
108.00 -63.36 -9999.00 -9999.00 -9999.00 202.99 41.78 0.00
0.00 15923.91
94.00 -63.26 -9999.00 -9999.00 -9999.00 207.42 29.10 0.00
0.00 16776.69
81.00 -64.16 -9999.00 -9999.00 -9999.00 193.74 27.80 0.00
0.00 17689.20
70.60 -63.16 -9999.00 -9999.00 -9999.00 187.84 21.37 0.00
0.00 18531.86
62.20 -64.56 -9999.00 -9999.00 -9999.00 192.61 15.13 0.00
0.00 19307.90
54.30 -64.06 -9999.00 -9999.00 -9999.00 211.26 6.37 0.00
0.00 20138.24
46.90 -63.86 -9999.00 -9999.00 -9999.00 98.13 2.74 0.00
0.00 21035.34
40.10 -63.96 -9999.00 -9999.00 -9999.00 163.61 3.44 0.00
0.00 21994.73
33.80 -61.96 -9999.00 -9999.00 -9999.00 34.99 2.37 0.00
0.00 23046.30
27.80 -60.46 -9999.00 -9999.00 -9999.00 58.63 9.32 0.00
0.00 24258.67
22.30 -58.26 -9999.00 -9999.00 -9999.00 91.47 7.58 0.00
0.00 25638.23
17.10 -54.46 -9999.00 -9999.00 -9999.00 123.69 8.41 0.00
0.00 27323.07
12.30 -51.66 -9999.00 -9999.00 -9999.00 224.03 8.10 0.00
0.00 29445.69

STID = KPIT STNM = 725200 TIME = 221026/1900 
SLAT = 40.50 SLON = -80.22 SELV = 329.0
STIM = 7

SHOW = 7.08 LIFT = 6.69 SWET = 220.35 KINX = 21.62
LCLP = 916.46 PWAT = 20.93 TOTL = 40.30 CAPE = 17.44
LCLT = 282.32 CINS = -0.08 EQLV = 749.31 LFCT = 906.91
BRCH = 1.06

PRES TMPC TMWC DWPC THTE DRCT SKNT OMEG
CFRL HGHT
968.30 13.64 11.56 9.99 312.28 229.40 10.74 0.10
0.00 339.45
965.40 13.34 11.30 9.74 311.91 231.23 15.19 0.10
0.00 364.73
960.10 12.84 10.97 9.53 311.67 232.39 18.14 0.10
0.00 411.08
951.00 12.04 10.49 9.27 311.47 233.46 20.55 0.00
0.00 491.06
937.50 10.84 9.82 8.98 311.31 234.34 21.99 -0.10
0.00 610.72
920.30 9.34 8.96 8.61 311.16 234.97 23.02 -0.40
24.00 764.96
899.60 7.84 7.79 7.69 310.70 234.74 23.54 -0.60
100.00 953.42
877.60 6.74 6.68 6.58 310.67 234.63 23.82 -0.90
100.00 1157.55
852.80 5.34 5.31 5.22 310.43 233.32 23.74 -1.10
100.00 1392.77
826.00 3.84 3.82 3.75 310.34 230.44 23.17 -1.10
100.00 1653.35
796.20 2.24 2.21 2.12 310.51 222.95 23.10 -1.00
100.00 1951.46
763.60 0.04 0.00 -0.09 309.97 210.75 26.22 -0.50
100.00 2288.20
728.30 -0.76 -1.66 -2.79 311.28 219.66 29.53 -0.20
53.00 2667.20
690.30 -1.86 -3.63 -6.09 312.59 223.19 30.36 0.00
46.00 3094.61
649.50 -3.66 -5.72 -8.89 314.46 227.82 33.55 0.10
26.00 3577.76
605.90 -5.16 -9.06 -17.38 314.68 237.77 42.25 0.20
0.00 4125.15
559.90 -8.76 -13.00 -26.05 314.94 242.44 44.91 0.40
0.00 4740.82
515.20 -13.26 -17.00 -32.64 315.87 250.31 47.86 0.50
0.00 5379.50
474.90 -18.06 -20.93 -35.59 317.02 253.66 46.97 0.50
0.00 5993.57
438.70 -22.36 -24.64 -39.29 318.46 252.77 46.58 0.40
0.00 6580.73
405.90 -26.16 -28.00 -42.66 320.42 246.24 49.67 0.30
0.00 7146.96
376.20 -28.36 -30.20 -49.62 324.12 241.19 57.63 0.30
0.00 7693.93
349.30 -30.16 -31.96 -56.87 328.39 240.17 62.47 0.40
0.00 8223.59
325.00 -33.16 -34.68 -61.48 331.00 235.12 62.51 0.30
0.00 8733.30
303.00 -34.46 -9999.00 -9999.00 -9999.00 223.54 59.23 0.20
0.00 9224.36
283.20 -36.96 -38.22 -70.52 338.74 220.50 61.31 0.10
0.00 9694.05
265.30 -40.06 -41.06 -70.97 340.59 219.66 67.87 0.20
0.00 10142.50
248.60 -42.36 -43.21 -71.42 343.55 224.55 69.23 0.30
0.00 10583.91
233.50 -43.66 -44.45 -71.85 347.79 225.73 64.57 0.30
0.00 11006.04
219.60 -45.16 -45.88 -72.27 351.63 220.19 58.99 0.20
0.00 11416.98
205.60 -47.16 -47.78 -72.72 355.17 214.62 56.41 0.10
0.00 11854.68
191.70 -49.36 -9999.00 -9999.00 -9999.00 213.23 53.19 0.00
0.00 12315.48
177.70 -52.56 -9999.00 -9999.00 -9999.00 211.18 51.77 0.00
0.00 12808.70
163.80 -56.16 -9999.00 -9999.00 -9999.00 213.07 49.84 0.00
0.00 13330.33
149.80 -58.66 -9999.00 -9999.00 -9999.00 216.31 43.63 0.00
0.00 13894.55
135.90 -59.36 -9999.00 -9999.00 -9999.00 214.32 39.28 0.00
0.00 14504.95
121.90 -60.66 -9999.00 -9999.00 -9999.00 191.37 37.45 -0.10
0.00 15183.24
108.00 -63.96 -9999.00 -9999.00 -9999.00 198.20 44.77 0.00
0.00 15930.43
94.00 -63.06 -9999.00 -9999.00 -9999.00 210.19 34.38 0.00
0.00 16782.39
81.00 -64.26 -9999.00 -9999.00 -9999.00 190.03 29.00 0.00
0.00 17695.12
70.60 -62.86 -9999.00 -9999.00 -9999.00 200.94 23.91 0.00
0.00 18538.19
62.20 -64.06 -9999.00 -9999.00 -9999.00 191.84 12.30 0.00
0.00 19315.71
54.30 -63.36 -9999.00 -9999.00 -9999.00 205.20 3.65 0.00
0.00 20148.43
46.90 -63.36 -9999.00 -9999.00 -9999.00 81.25 2.56 0.00
0.00 21048.11
40.10 -62.66 -9999.00 -9999.00 -9999.00 229.40 1.79 0.00
0.00 22011.62
33.80 -61.86 -9999.00 -9999.00 -9999.00 43.53 5.36 0.00
0.00 23066.69
27.80 -61.86 -9999.00 -9999.00 -9999.00 68.50 6.90 0.00
0.00 24275.35
22.30 -58.56 -9999.00 -9999.00 -9999.00 106.99 7.30 0.00
0.00 25649.42
17.10 -55.16 -9999.00 -9999.00 -9999.00 126.63 9.44 0.00
0.00 27330.38
12.30 -51.76 -9999.00 -9999.00 -9999.00 257.47 12.53 0.00
0.00 29449.14

STID = KPIT STNM = 725200 TIME = 221026/2000 
SLAT = 40.50 SLON = -80.22 SELV = 329.0
STIM = 8

SHOW = 9.90 LIFT = 9.30 SWET = 200.12 KINX = 16.10
LCLP = 913.62 PWAT = 19.34 TOTL = 36.02 CAPE = 4.77
LCLT = 281.04 CINS = -0.03 EQLV = 814.62 LFCT = 902.52
BRCH = 0.34

PRES TMPC TMWC DWPC THTE DRCT SKNT OMEG
CFRL HGHT
968.80 12.64 10.49 8.76 309.35 225.81 9.75 0.10
0.00 339.40
965.90 12.44 10.26 8.49 309.09 227.73 14.43 0.20
0.00 364.58
960.60 12.04 9.97 8.27 308.96 229.05 17.48 0.20
0.00 410.75
951.50 11.24 9.45 7.96 308.70 230.40 20.42 0.20
0.00 490.44
938.00 10.14 8.77 7.59 308.55 231.26 22.67 0.30
0.00 609.67
920.70 8.64 7.85 7.13 308.30 232.13 24.36 0.40
0.00 764.27
900.20 6.84 6.69 6.50 307.91 233.30 25.68 0.50
69.00 950.18
877.80 5.44 5.27 5.05 307.23 234.07 26.15 0.60
77.00 1156.99
853.50 4.44 3.90 3.32 307.05 234.16 25.87 0.70
78.00 1386.34
826.50 2.94 2.91 2.82 308.16 226.04 22.67 0.70
97.00 1647.73
796.70 1.54 1.52 1.44 308.89 218.22 19.77 0.60
100.00 1944.74
764.10 -0.36 -0.53 -0.78 308.74 226.82 21.58 0.40
95.00 2280.53
728.80 -0.16 -1.73 -3.75 311.04 236.78 26.24 0.20
3.00 2659.35
690.70 -0.66 -3.29 -7.00 313.22 238.84 29.27 0.10
0.00 3088.96
649.90 -1.26 -5.67 -13.51 314.36 243.17 37.45 0.00
0.00 3574.86
606.20 -3.36 -8.31 -19.17 316.02 244.07 39.10 0.10
0.00 4127.29
560.20 -7.56 -11.74 -22.67 317.28 248.09 38.52 0.40
0.00 4746.12
515.50 -12.46 -15.99 -28.21 317.65 250.35 40.42 0.80
0.00 5386.99
475.10 -17.26 -20.10 -32.85 318.40 257.87 45.30 1.10
0.00 6004.25
438.80 -21.66 -24.03 -38.33 319.44 261.75 51.42 1.20
0.00 6594.62
406.00 -25.86 -27.72 -41.84 320.87 258.93 55.61 1.00
0.00 7161.86
376.20 -29.76 -31.27 -46.29 322.46 254.34 59.71 0.70
0.00 7709.38
349.30 -32.86 -34.23 -54.11 324.82 250.12 65.70 0.40
0.00 8234.61
325.00 -34.66 -36.01 -64.55 328.89 249.24 65.23 0.20
0.00 8739.89
303.00 -35.66 -36.97 -65.06 334.14 237.50 57.13 0.00
0.00 9228.18
283.20 -37.36 -38.58 -70.52 338.17 223.16 55.65 -0.10
0.00 9696.29
265.30 -40.56 -41.49 -66.04 339.91 221.25 60.98 -0.10
0.00 10143.88
248.60 -43.26 -44.03 -71.42 342.21 223.28 64.04 0.10
0.00 10583.96
233.50 -45.16 -45.84 -71.85 345.52 225.50 63.46 0.20
0.00 11003.89
219.60 -46.36 -46.99 -72.27 349.78 224.20 59.07 0.20
0.00 11412.40
205.60 -47.96 -48.53 -72.72 353.91 217.35 55.71 0.20
0.00 11848.17
191.70 -50.26 -9999.00 -9999.00 -9999.00 213.03 56.29 0.10
0.00 12307.24
177.70 -52.86 -9999.00 -9999.00 -9999.00 213.02 55.59 0.00
0.00 12799.12
163.80 -56.16 -9999.00 -9999.00 -9999.00 214.14 54.68 0.00
0.00 13320.39
149.80 -58.66 -9999.00 -9999.00 -9999.00 220.16 48.80 0.00
0.00 13884.61
135.90 -60.06 -9999.00 -9999.00 -9999.00 218.88 39.92 0.00
0.00 14494.02
121.90 -60.66 -9999.00 -9999.00 -9999.00 199.16 39.06 0.00
0.00 15171.19
108.00 -64.36 -9999.00 -9999.00 -9999.00 193.92 45.22 0.00
0.00 15917.67
94.00 -64.26 -9999.00 -9999.00 -9999.00 210.91 37.82 0.00
0.00 16766.38
81.00 -63.86 -9999.00 -9999.00 -9999.00 188.03 30.59 0.10
0.00 17677.37
70.60 -63.16 -9999.00 -9999.00 -9999.00 204.74 21.81 0.10
0.00 18520.64
62.20 -63.16 -9999.00 -9999.00 -9999.00 175.43 9.75 0.00
0.00 19299.27
54.30 -62.66 -9999.00 -9999.00 -9999.00 187.77 4.31 0.00
0.00 20135.17
46.90 -62.96 -9999.00 -9999.00 -9999.00 120.47 3.83 0.00
0.00 21037.21
40.10 -62.96 -9999.00 -9999.00 -9999.00 131.19 2.06 0.00
0.00 22000.95
33.80 -63.16 -9999.00 -9999.00 -9999.00 77.12 6.97 0.00
0.00 23052.02
27.80 -62.16 -9999.00 -9999.00 -9999.00 126.25 3.61 0.00
0.00 24256.10
22.30 -58.36 -9999.00 -9999.00 -9999.00 155.90 8.08 0.00
0.00 25629.85
17.10 -54.16 -9999.00 -9999.00 -9999.00 173.05 8.02 0.00
0.00 27315.47
12.30 -50.46 -9999.00 -9999.00 -9999.00 270.00 18.45 0.00
0.00 29445.32

STID = KPIT STNM = 725200 TIME = 221026/2100 
SLAT = 40.50 SLON = -80.22 SELV = 329.0
STIM = 9

SHOW = 11.05 LIFT = 10.68 SWET = 124.13 KINX = 12.87
LCLP = 912.30 PWAT = 18.89 TOTL = 33.94 CAPE = 3.10
LCLT = 280.55 CINS = -0.01 EQLV = 850.81 LFCT = 905.86
BRCH = 0.14

PRES TMPC TMWC DWPC THTE DRCT SKNT OMEG
CFRL HGHT
969.80 12.34 10.12 8.30 308.28 227.35 10.04 0.10
0.00 338.51
966.80 12.04 9.86 8.05 307.96 229.90 14.47 0.20
0.00 364.50
961.50 11.54 9.53 7.84 307.73 230.94 17.27 0.20
0.00 410.54
952.40 10.74 9.05 7.60 307.57 231.97 19.23 0.30
0.00 490.01
938.90 9.64 8.39 7.28 307.48 233.46 20.55 0.30
0.00 608.91
921.60 8.14 7.49 6.88 307.31 235.30 21.50 0.30
0.00 763.08
901.00 6.34 6.31 6.23 306.91 237.84 22.26 0.40
71.00 949.37
878.60 5.14 5.10 5.00 306.73 243.22 22.84 0.40
100.00 1155.69
854.30 4.04 3.73 3.38 306.57 250.06 23.35 0.40
60.00 1384.54
827.20 3.14 2.37 1.51 306.88 256.90 23.14 0.40
47.00 1646.53
797.40 1.24 0.84 0.34 307.31 259.56 22.51 0.30
54.00 1943.14
764.80 0.34 -0.38 -1.27 308.97 259.53 23.50 0.10
45.00 2278.82
729.40 0.24 -1.55 -3.84 311.34 258.02 26.20 0.10
1.00 2659.12
691.30 0.44 -3.09 -8.22 313.52 259.42 32.81 0.20
0.00 3089.51
650.40 -0.56 -5.25 -13.45 315.13 250.90 36.79 0.20
0.00 3577.77
606.70 -3.26 -8.30 -19.51 315.93 246.21 39.49 0.30
0.00 4130.57
560.60 -7.26 -11.56 -22.76 317.55 246.24 39.04 0.40
0.00 4750.72
515.70 -11.66 -14.83 -23.81 319.80 250.56 38.52 0.60
0.00 5395.51
475.30 -16.46 -19.18 -29.68 319.98 254.30 43.78 0.60
0.00 6014.54
438.90 -20.86 -23.54 -40.71 320.18 246.56 49.32 0.60
0.00 6608.23
406.10 -25.26 -27.35 -44.52 321.40 246.69 50.54 0.50
0.00 7176.90
376.30 -29.56 -31.38 -60.34 322.19 250.63 52.72 0.40
0.00 7725.14
349.40 -33.36 -34.71 -56.87 324.04 250.72 58.24 0.40
0.00 8249.87
325.10 -35.96 -37.11 -59.23 327.15 246.78 58.12 0.40
0.00 8753.11
303.10 -37.26 -38.37 -62.01 331.90 241.00 55.30 0.30
0.00 9238.27
283.20 -39.36 -40.34 -65.56 335.34 231.28 57.77 0.20
0.00 9705.10
265.30 -41.66 -42.49 -66.04 338.30 225.13 60.57 0.10
0.00 10149.72
248.60 -43.76 -44.50 -71.42 341.47 224.00 63.19 0.10
0.00 10588.28
233.50 -45.26 -45.93 -71.85 345.36 224.26 63.46 0.10
0.00 11007.66
219.60 -46.56 -47.18 -72.27 349.47 223.32 60.88 0.00
0.00 11415.90
205.60 -48.26 -48.81 -72.72 353.44 218.78 57.07 -0.10
0.00 11851.19
191.70 -50.96 -51.39 -73.19 356.25 214.19 55.65 -0.10
0.00 12309.23
177.70 -53.86 -9999.00 -9999.00 -9999.00 212.86 55.50 -0.10
0.00 12799.23
163.80 -56.96 -9999.00 -9999.00 -9999.00 215.07 55.77 -0.10
0.00 13318.36
149.80 -59.06 -9999.00 -9999.00 -9999.00 221.33 51.48 0.00
0.00 13881.01
135.90 -59.86 -9999.00 -9999.00 -9999.00 222.85 40.27 0.00
0.00 14490.13
121.90 -61.66 -9999.00 -9999.00 -9999.00 198.82 36.11 0.00
0.00 15166.03
108.00 -64.66 -9999.00 -9999.00 -9999.00 194.16 45.28 0.00
0.00 15910.21
94.00 -63.36 -9999.00 -9999.00 -9999.00 209.45 37.92 0.00
0.00 16760.14
81.00 -62.66 -9999.00 -9999.00 -9999.00 190.87 24.73 0.00
0.00 17675.70
70.60 -61.76 -9999.00 -9999.00 -9999.00 198.08 20.03 0.00
0.00 18524.20
62.20 -62.26 -9999.00 -9999.00 -9999.00 166.65 11.77 0.00
0.00 19307.09
54.30 -62.46 -9999.00 -9999.00 -9999.00 190.95 6.14 0.00
0.00 20145.19
46.90 -63.06 -9999.00 -9999.00 -9999.00 135.00 4.39 0.00
0.00 21047.44
40.10 -63.26 -9999.00 -9999.00 -9999.00 197.10 2.64 0.00
0.00 22010.26
33.80 -63.46 -9999.00 -9999.00 -9999.00 146.31 2.10 0.00
0.00 23059.83
27.80 -62.16 -9999.00 -9999.00 -9999.00 213.69 3.50 0.00
0.00 24263.05
22.30 -58.26 -9999.00 -9999.00 -9999.00 164.58 5.85 0.00
0.00 25637.12
17.10 -53.76 -9999.00 -9999.00 -9999.00 192.88 6.97 0.00
0.00 27324.69
12.30 -51.26 -9999.00 -9999.00 -9999.00 273.27 6.82 0.00
0.00 29452.61

STID = KPIT STNM = 725200 TIME = 221026/2200 
SLAT = 40.50 SLON = -80.22 SELV = 329.0
STIM = 10

SHOW = 10.43 LIFT = 11.52 SWET = 141.53 KINX = 13.38
LCLP = 920.04 PWAT = 19.41 TOTL = 34.44 CAPE = 0.00
LCLT = 280.51 CINS = -0.25 EQLV = 900.59 LFCT = 903.94
BRCH = 0.00

PRES TMPC TMWC DWPC THTE DRCT SKNT OMEG
CFRL HGHT
971.30 11.74 9.79 8.16 307.27 231.71 9.40 0.10
0.00 339.34
968.40 11.44 9.55 7.95 306.99 232.97 13.87 0.20
0.00 364.37
963.10 11.04 9.27 7.76 306.90 234.46 16.71 0.20
0.00 410.24
953.90 10.24 8.79 7.53 306.76 235.82 19.02 0.20
0.00 490.31
940.50 9.04 8.11 7.26 306.61 237.36 20.53 0.20
0.00 607.90
923.10 7.54 7.25 6.95 306.56 239.48 21.43 0.20
0.00 762.37
902.50 6.24 6.21 6.12 306.48 241.87 22.24 0.20
100.00 948.13
880.00 5.34 5.31 5.22 307.05 254.95 23.93 0.20
100.00 1155.07
855.60 4.54 4.51 4.43 308.19 266.01 25.12 0.10
100.00 1384.83
828.50 3.44 3.42 3.34 309.07 274.66 26.30 0.10
61.00 1646.88
798.60 1.34 1.29 1.18 308.14 276.29 26.57 0.00
100.00 1944.34
765.90 0.44 -0.44 -1.52 308.70 271.30 25.64 0.00
7.00 2280.70
730.40 1.04 -1.26 -4.20 311.81 268.41 27.99 0.10
0.00 2662.15
692.20 0.74 -2.89 -8.12 313.81 265.84 32.13 0.20
0.00 3093.94
651.20 -0.86 -4.82 -11.16 315.98 261.25 38.33 0.40
0.00 3582.84
607.30 -2.96 -6.73 -13.16 319.19 255.41 39.34 0.60
0.00 4137.78
561.00 -6.36 -10.88 -22.06 318.79 251.11 38.38 0.80
0.00 4761.68
516.10 -11.06 -15.80 -38.05 317.68 252.85 38.21 0.80
0.00 5407.68
475.60 -15.96 -19.66 -40.74 318.92 248.76 43.98 0.80
0.00 6028.88
439.20 -21.16 -23.50 -36.37 320.24 245.56 49.28 0.70
0.00 6622.35
406.30 -25.56 -27.95 -67.98 320.30 246.17 50.97 0.60
0.00 7191.73
376.50 -29.76 -31.50 -56.27 321.96 247.43 53.65 0.60
0.00 7739.11
349.50 -33.46 -34.75 -54.11 323.96 248.05 57.17 0.50
0.00 8265.26
325.10 -36.06 -37.20 -59.23 327.02 247.03 58.24 0.40
0.00 8770.28
303.10 -38.26 -39.24 -59.78 330.53 241.31 58.68 0.20
0.00 9254.32
283.30 -40.26 -41.14 -62.53 334.06 232.81 55.59 0.10
0.00 9716.84
265.30 -42.36 -43.13 -66.04 337.28 228.51 56.00 0.00
0.00 10162.33
248.60 -44.36 -45.05 -71.42 340.58 225.00 56.59 0.00
0.00 10599.65
233.50 -45.96 -46.58 -71.85 344.30 222.58 58.57 0.00
0.00 11017.84
219.60 -47.56 -48.11 -72.27 347.93 222.78 60.35 0.00
0.00 11424.56
205.60 -49.16 -49.65 -72.72 352.02 222.45 58.70 0.00
0.00 11858.02
191.70 -51.36 -51.77 -73.19 355.61 218.18 57.83 0.00
0.00 12314.72
177.70 -54.36 -9999.00 -9999.00 -9999.00 217.84 57.30 0.00
0.00 12803.72
163.80 -57.16 -9999.00 -9999.00 -9999.00 219.16 55.36 0.00
0.00 13322.02
149.80 -59.16 -9999.00 -9999.00 -9999.00 224.39 51.38 0.00
0.00 13884.27
135.90 -59.96 -9999.00 -9999.00 -9999.00 225.21 38.05 0.00
0.00 14493.11
121.90 -62.56 -9999.00 -9999.00 -9999.00 195.54 34.07 0.00
0.00 15167.42
108.00 -64.56 -9999.00 -9999.00 -9999.00 197.22 43.32 0.00
0.00 15910.18
94.00 -62.26 -9999.00 -9999.00 -9999.00 210.76 37.98 0.00
0.00 16762.55
81.00 -62.16 -9999.00 -9999.00 -9999.00 187.63 21.95 0.00
0.00 17681.60
70.60 -61.86 -9999.00 -9999.00 -9999.00 190.76 19.77 0.00
0.00 18530.90
62.20 -62.26 -9999.00 -9999.00 -9999.00 161.32 14.55 0.00
0.00 19313.61
54.30 -62.66 -9999.00 -9999.00 -9999.00 188.13 6.88 0.00
0.00 20151.31
46.90 -63.76 -9999.00 -9999.00 -9999.00 141.71 4.70 0.00
0.00 21051.62
40.10 -64.66 -9999.00 -9999.00 -9999.00 239.42 4.97 0.00
0.00 22009.64
33.80 -64.36 -9999.00 -9999.00 -9999.00 254.74 4.43 0.00
0.00 23053.45
27.80 -61.76 -9999.00 -9999.00 -9999.00 272.29 4.86 0.00
0.00 24255.24
22.30 -57.76 -9999.00 -9999.00 -9999.00 191.31 1.98 0.00
0.00 25632.22
17.10 -53.66 -9999.00 -9999.00 -9999.00 201.80 3.15 0.00
0.00 27322.12
12.30 -51.46 -9999.00 -9999.00 -9999.00 14.04 1.59 0.00
0.00 29449.55

STID = KPIT STNM = 725200 TIME = 221026/2300 
SLAT = 40.50 SLON = -80.22 SELV = 329.0
STIM = 11

SHOW = 10.58 LIFT = 11.61 SWET = 141.92 KINX = 13.32
LCLP = 936.09 PWAT = 18.78 TOTL = 34.27 CAPE = 0.00
LCLT = 280.97 CINS = 0.00 EQLV = -9999.00 LFCT = -9999.00
BRCH = 0.00

PRES TMPC TMWC DWPC THTE DRCT SKNT OMEG
CFRL HGHT
973.00 10.94 9.56 8.39 306.50 232.88 9.01 0.10
0.00 339.29
970.10 10.64 9.34 8.22 306.27 234.94 13.52 0.20
0.00 364.21
964.80 10.24 9.08 8.06 306.22 236.12 16.38 0.20
0.00 409.88
955.60 9.44 8.61 7.86 306.11 237.30 18.71 0.20
0.00 489.58
942.10 8.34 7.95 7.57 306.05 239.59 20.73 0.30
0.00 607.54
924.70 7.14 7.12 7.04 306.04 243.21 22.42 0.30
44.00 761.46
904.10 6.44 6.41 6.32 306.76 253.93 25.27 0.20
100.00 946.82
881.50 5.64 5.60 5.50 307.55 265.03 26.90 0.20
100.00 1154.52
857.10 4.54 4.53 4.46 308.04 270.82 27.00 0.10
100.00 1384.02
829.80 3.14 3.12 3.05 308.23 277.02 25.45 0.10
100.00 1647.42
799.80 1.34 1.30 1.20 308.00 277.07 23.68 0.00
100.00 1945.24
767.00 0.04 0.03 -0.02 309.58 275.79 28.90 0.00
100.00 2281.93
731.40 1.24 -1.08 -4.01 312.06 267.51 26.83 0.00
0.00 2663.84
693.10 0.84 -2.70 -7.72 314.08 264.40 29.86 0.20
0.00 3096.44
651.90 -0.46 -5.03 -12.79 315.38 258.69 34.67 0.30
0.00 3587.56
608.00 -2.16 -7.42 -18.33 317.48 245.66 35.82 0.50
0.00 4142.93
561.60 -5.96 -11.80 -32.89 316.67 245.42 35.02 0.60
0.00 4768.58
516.60 -10.76 -16.04 -61.03 316.97 247.54 37.63 0.70
0.00 5416.02
476.00 -16.36 -19.90 -39.56 318.46 245.77 42.60 0.70
0.00 6038.02
439.50 -21.36 -24.23 -49.10 318.86 243.33 46.74 0.70
0.00 6631.93
406.50 -25.66 -27.78 -47.46 320.60 241.43 47.11 0.60
0.00 7202.33
376.60 -29.66 -31.24 -48.14 322.38 241.74 52.93 0.50
0.00 7751.37
349.60 -33.36 -34.69 -55.38 324.03 243.17 56.37 0.50
0.00 8277.60
325.20 -36.36 -37.44 -57.45 326.62 243.52 60.12 0.40
0.00 8782.26
303.20 -38.66 -39.58 -58.01 329.98 242.94 60.20 0.30
0.00 9265.43
283.30 -40.66 -41.52 -65.56 333.45 239.52 58.61 0.20
0.00 9729.42
265.40 -42.46 -43.23 -66.04 337.09 234.17 57.73 0.00
0.00 10171.87
248.60 -44.36 -45.03 -66.52 340.62 229.84 56.93 0.00
0.00 10611.63
233.50 -45.86 -46.49 -71.85 344.45 225.83 57.15 -0.10
0.00 11029.92
219.60 -47.46 -48.02 -72.27 348.08 224.33 58.94 -0.10
0.00 11436.81
205.60 -49.06 -49.56 -72.72 352.18 225.00 59.34 0.00
0.00 11870.46
191.70 -51.36 -51.77 -73.19 355.61 223.36 57.71 0.00
0.00 12327.27
177.70 -54.46 -9999.00 -9999.00 -9999.00 221.83 57.09 0.00
0.00 12816.16
163.80 -57.46 -9999.00 -9999.00 -9999.00 224.29 55.09 0.00
0.00 13333.98
149.80 -60.16 -9999.00 -9999.00 -9999.00 227.02 50.72 0.00
0.00 13894.53
135.90 -61.16 -9999.00 -9999.00 -9999.00 227.03 42.74 0.00
0.00 14500.24
121.90 -61.86 -9999.00 -9999.00 -9999.00 191.18 33.06 0.00
0.00 15173.75
108.00 -64.46 -9999.00 -9999.00 -9999.00 199.12 46.25 0.00
0.00 15917.93
94.00 -61.86 -9999.00 -9999.00 -9999.00 210.96 37.37 0.00
0.00 16771.31
81.00 -61.26 -9999.00 -9999.00 -9999.00 184.97 17.93 0.00
0.00 17693.19
70.60 -62.16 -9999.00 -9999.00 -9999.00 193.90 20.20 0.00
0.00 18543.70
62.20 -61.96 -9999.00 -9999.00 -9999.00 168.39 14.47 0.00
0.00 19326.41
54.30 -62.46 -9999.00 -9999.00 -9999.00 198.43 7.36 0.00
0.00 20165.10
46.90 -64.06 -9999.00 -9999.00 -9999.00 173.88 5.48 0.00
0.00 21065.20
40.10 -65.16 -9999.00 -9999.00 -9999.00 249.83 10.14 0.00
0.00 22021.38
33.80 -64.36 -9999.00 -9999.00 -9999.00 274.09 8.18 0.00
0.00 23063.95
27.80 -61.46 -9999.00 -9999.00 -9999.00 295.02 6.43 0.00
0.00 24266.59
22.30 -57.56 -9999.00 -9999.00 -9999.00 258.69 3.96 0.00
0.00 25645.18
17.10 -53.66 -9999.00 -9999.00 -9999.00 278.13 2.74 0.00
0.00 27335.86
12.30 -51.16 -9999.00 -9999.00 -9999.00 25.35 4.08 0.00
0.00 29464.74

STID = KPIT STNM = 725200 TIME = 221027/0000 
SLAT = 40.50 SLON = -80.22 SELV = 329.0
STIM = 12

SHOW = 11.87 LIFT = 12.14 SWET = 114.58 KINX = 7.86
LCLP = 951.02 PWAT = 17.36 TOTL = 32.72 CAPE = 2.05
LCLT = 281.53 CINS = 0.00 EQLV = 861.56 LFCT = 938.25
BRCH = 0.16

PRES TMPC TMWC DWPC THTE DRCT SKNT OMEG
CFRL HGHT
974.40 10.34 9.49 8.74 306.16 265.24 9.36 0.10
0.00 338.40
971.40 10.04 9.26 8.57 305.93 265.97 13.83 0.10
0.00 364.09
966.10 9.64 8.99 8.39 305.85 267.34 16.72 0.10
0.00 409.61
956.90 8.84 8.47 8.11 305.63 269.43 19.42 -0.10
0.00 489.04
943.40 7.74 7.70 7.61 305.29 271.04 21.37 -0.20
94.00 606.59
926.00 6.84 6.80 6.71 305.14 274.47 22.42 -0.40
100.00 760.04
905.30 5.74 5.72 5.65 305.01 276.45 22.47 -0.50
100.00 945.69
882.60 4.54 4.51 4.43 304.91 277.06 22.13 -0.40
100.00 1153.33
858.20 3.44 3.38 3.27 305.29 275.44 20.49 -0.30
100.00 1381.55
830.90 2.34 2.31 2.23 306.28 271.17 19.04 0.00
100.00 1643.64
800.80 2.34 2.30 2.20 310.11 270.98 22.73 0.10
100.00 1942.18
767.90 -0.16 -0.21 -0.31 308.93 280.30 28.22 0.20
100.00 2280.02
732.20 0.34 -1.06 -2.78 312.01 269.56 25.45 0.20
7.00 2661.83
693.80 1.14 -3.77 -12.07 311.59 262.83 29.56 0.20
0.00 3094.56
652.60 -0.06 -6.21 -19.93 312.63 251.46 34.83 0.20
0.00 3585.52
608.60 -1.26 -8.61 -34.77 314.57 243.87 34.40 0.20
0.00 4142.54
562.10 -5.26 -11.87 -46.91 316.22 242.43 34.85 0.30
0.00 4770.53
517.00 -10.96 -15.62 -36.11 317.86 242.90 37.53 0.30
0.00 5419.48
476.30 -16.76 -20.19 -39.55 317.91 242.34 41.01 0.40
0.00 6041.91
439.70 -21.56 -24.05 -39.96 319.20 240.57 43.49 0.40
0.00 6636.45
406.70 -25.56 -27.49 -42.23 321.06 242.05 50.14 0.40
0.00 7206.52
376.70 -29.16 -30.99 -56.26 322.70 244.42 55.79 0.40
0.00 7757.86
349.70 -32.96 -34.36 -56.86 324.50 248.06 58.22 0.50
0.00 8284.91
325.30 -36.46 -37.49 -54.70 326.53 251.22 60.31 0.50
0.00 8789.74
303.20 -39.16 -40.03 -58.01 329.28 248.10 60.92 0.40
0.00 9274.42
283.30 -41.16 -41.93 -60.31 332.82 242.10 59.79 0.30
0.00 9737.41
265.40 -42.76 -43.50 -66.04 336.65 237.51 58.95 0.20
0.00 10179.10
248.60 -44.76 -45.40 -66.52 340.03 231.37 58.18 0.10
0.00 10618.20
233.50 -46.06 -46.67 -71.85 344.15 225.68 58.10 0.00
0.00 11035.93
219.60 -47.26 -47.83 -72.27 348.39 224.47 59.89 -0.10
0.00 11442.82
205.60 -48.86 -49.37 -72.72 352.49 226.59 59.36 -0.10
0.00 11876.86
191.70 -51.46 -51.87 -73.19 355.45 226.79 57.03 -0.10
0.00 12333.77
177.70 -54.46 -9999.00 -9999.00 -9999.00 224.44 55.77 -0.10
0.00 12822.55
163.80 -57.66 -9999.00 -9999.00 -9999.00 225.15 54.25 -0.10
0.00 13340.13
149.80 -60.26 -9999.00 -9999.00 -9999.00 228.39 48.85 -0.10
0.00 13900.29
135.90 -61.66 -9999.00 -9999.00 -9999.00 225.39 40.38 0.00
0.00 14505.14
121.90 -61.96 -9999.00 -9999.00 -9999.00 205.42 34.85 0.00
0.00 15177.69
108.00 -63.96 -9999.00 -9999.00 -9999.00 202.93 43.86 0.00
0.00 15922.58
94.00 -62.46 -9999.00 -9999.00 -9999.00 211.32 37.74 0.00
0.00 16775.76
81.00 -61.06 -9999.00 -9999.00 -9999.00 190.76 19.77 0.00
0.00 17696.77
70.60 -63.66 -9999.00 -9999.00 -9999.00 187.68 17.44 0.00
0.00 18544.67
62.20 -61.76 -9999.00 -9999.00 -9999.00 180.74 14.96 0.00
0.00 19324.97
54.30 -62.76 -9999.00 -9999.00 -9999.00 211.83 6.62 0.00
0.00 20163.46
46.90 -63.86 -9999.00 -9999.00 -9999.00 163.07 4.66 0.00
0.00 21063.35
40.10 -64.66 -9999.00 -9999.00 -9999.00 254.74 6.64 0.00
0.00 22021.13
33.80 -63.36 -9999.00 -9999.00 -9999.00 317.29 3.44 0.00
0.00 23067.45
27.80 -60.46 -9999.00 -9999.00 -9999.00 19.44 3.50 0.00
0.00 24275.81
22.30 -56.36 -9999.00 -9999.00 -9999.00 321.34 3.73 0.00
0.00 25661.50
17.10 -53.36 -9999.00 -9999.00 -9999.00 317.91 8.12 0.00
0.00 27358.01
12.30 -51.06 -9999.00 -9999.00 -9999.00 7.77 4.31 0.00
0.00 29488.82

STID = KPIT STNM = 725200 TIME = 221027/0100 
SLAT = 40.50 SLON = -80.22 SELV = 329.0
STIM = 13

SHOW = 12.66 LIFT = 13.97 SWET = 113.32 KINX = 3.28
LCLP = 936.21 PWAT = 16.04 TOTL = 31.73 CAPE = 0.02
LCLT = 279.46 CINS = 0.00 EQLV = 909.56 LFCT = 927.43
BRCH = 0.00

PRES TMPC TMWC DWPC THTE DRCT SKNT OMEG
CFRL HGHT
974.60 9.54 8.17 6.90 302.92 280.78 8.31 0.10
0.00 339.22
971.70 9.34 7.97 6.70 302.77 280.62 12.65 0.10
0.00 363.97
966.40 8.84 7.64 6.50 302.56 281.02 15.23 0.20
0.00 409.33
957.20 8.04 7.14 6.27 302.42 282.18 17.48 0.20
0.00 488.47
943.60 6.94 6.46 5.95 302.34 283.47 19.17 0.30
44.00 606.47
926.30 5.54 5.50 5.40 302.09 285.66 21.58 0.30
68.00 758.36
905.60 4.54 4.49 4.38 302.18 288.87 24.01 0.30
100.00 943.06
883.00 3.44 3.41 3.32 302.40 290.87 24.53 0.20
100.00 1148.78
858.50 2.44 2.41 2.32 303.12 291.63 24.24 0.10
100.00 1376.93
831.20 2.54 2.52 2.44 306.69 278.13 20.61 0.00
100.00 1638.52
801.10 2.24 2.19 2.08 309.82 283.18 22.14 0.10
100.00 1937.01
768.20 0.04 0.02 -0.06 309.38 284.26 24.46 0.20
100.00 2274.78
732.50 -1.06 -1.86 -2.90 310.24 280.09 23.29 0.40
19.00 2655.61
694.00 1.14 -4.69 -16.36 309.56 264.84 30.23 0.30
0.00 3088.11
652.80 -0.06 -7.28 -29.95 310.24 250.56 35.02 0.30
0.00 3578.71
608.70 -0.66 -8.65 -50.71 314.26 239.58 34.91 0.20
0.00 4137.32
562.30 -5.26 -11.52 -35.88 317.00 237.93 34.38 0.20
0.00 4764.48
517.10 -11.36 -15.81 -34.73 317.53 243.03 36.83 0.30
0.00 5414.25
476.40 -16.46 -19.75 -35.81 318.69 245.56 42.25 0.40
0.00 6036.48
439.80 -19.86 -22.94 -44.87 320.93 246.57 44.46 0.50
0.00 6633.22
406.80 -23.86 -26.47 -54.13 322.59 249.33 47.34 0.60
0.00 7206.99
376.80 -29.16 -30.76 -46.28 323.11 249.49 54.33 0.60
0.00 7760.09
349.70 -33.56 -34.68 -48.14 324.04 247.65 60.28 0.50
0.00 8288.40
325.30 -36.96 -37.91 -53.59 325.88 249.47 60.35 0.30
0.00 8792.07
303.20 -39.66 -40.46 -56.54 328.62 249.29 58.78 0.20
0.00 9275.72
283.30 -41.86 -42.62 -65.56 331.73 244.92 56.84 0.10
0.00 9737.52
265.40 -44.06 -44.68 -63.02 334.80 238.41 57.48 0.10
0.00 10177.31
248.60 -45.76 -46.31 -63.51 338.58 232.37 58.86 0.10
0.00 10614.20
233.50 -46.96 -47.49 -66.97 342.83 226.66 61.69 0.10
0.00 11030.19
219.60 -47.96 -48.49 -72.27 347.31 224.26 64.01 0.10
0.00 11435.65
205.60 -49.16 -49.65 -72.72 352.02 225.00 63.46 0.00
0.00 11868.72
191.70 -51.36 -51.77 -73.19 355.61 227.76 59.81 0.00
0.00 12325.43
177.70 -54.36 -9999.00 -9999.00 -9999.00 228.12 55.57 0.00
0.00 12814.43
163.80 -57.46 -9999.00 -9999.00 -9999.00 226.61 53.73 0.00
0.00 13332.37
149.80 -59.96 -9999.00 -9999.00 -9999.00 229.37 48.62 0.00
0.00 13893.18
135.90 -61.36 -9999.00 -9999.00 -9999.00 225.00 37.92 0.00
0.00 14498.88
121.90 -62.26 -9999.00 -9999.00 -9999.00 207.54 35.70 0.00
0.00 15171.44
108.00 -63.26 -9999.00 -9999.00 -9999.00 202.17 44.27 0.00
0.00 15917.04
94.00 -63.16 -9999.00 -9999.00 -9999.00 213.85 37.67 0.00
0.00 16770.22
81.00 -61.76 -9999.00 -9999.00 -9999.00 192.26 22.86 0.00
0.00 17688.18
70.60 -64.66 -9999.00 -9999.00 -9999.00 180.67 16.71 0.00
0.00 18532.65
62.20 -62.96 -9999.00 -9999.00 -9999.00 198.43 15.97 0.00
0.00 19308.88
54.30 -63.96 -9999.00 -9999.00 -9999.00 205.64 5.38 0.00
0.00 20142.59
46.90 -64.16 -9999.00 -9999.00 -9999.00 148.67 5.23 0.00
0.00 21039.27
40.10 -63.96 -9999.00 -9999.00 -9999.00 260.54 2.37 0.00
0.00 21997.97
33.80 -62.66 -9999.00 -9999.00 -9999.00 49.09 3.85 0.00
0.00 23047.78
27.80 -59.76 -9999.00 -9999.00 -9999.00 51.34 3.73 0.00
0.00 24260.16
22.30 -55.96 -9999.00 -9999.00 -9999.00 355.91 5.46 0.00
0.00 25649.39
17.10 -54.36 -9999.00 -9999.00 -9999.00 336.45 8.26 0.00
0.00 27343.57
12.30 -51.76 -9999.00 -9999.00 -9999.00 153.43 2.60 0.00
0.00 29466.19

STID = KPIT STNM = 725200 TIME = 221027/0200 
SLAT = 40.50 SLON = -80.22 SELV = 329.0
STIM = 14

SHOW = 13.66 LIFT = 14.53 SWET = 108.25 KINX = -4.77
LCLP = 939.91 PWAT = 15.27 TOTL = 30.20 CAPE = 0.05
LCLT = 279.41 CINS = -0.00 EQLV = 900.35 LFCT = 915.85
BRCH = 0.00

PRES TMPC TMWC DWPC THTE DRCT SKNT OMEG
CFRL HGHT
975.50 9.24 7.98 6.80 302.37 280.78 8.31 0.10
0.00 339.20
972.60 8.94 7.75 6.62 302.14 280.78 12.45 0.10
0.00 363.89
967.30 8.54 7.48 6.45 302.08 281.31 14.86 0.10
0.00 409.15
958.10 7.74 6.99 6.24 301.96 283.09 17.15 0.10
0.00 488.14
944.50 6.54 6.27 5.96 301.81 284.47 18.65 0.10
0.00 605.87
927.10 5.44 5.38 5.27 301.74 288.76 21.74 0.10
100.00 758.37
906.40 4.34 4.33 4.27 301.74 293.20 23.68 0.10
100.00 942.80
883.70 3.24 3.21 3.12 301.89 296.77 24.59 0.10
100.00 1149.10
859.20 1.94 1.92 1.85 302.00 298.18 24.69 0.20
100.00 1376.76
831.90 1.94 1.91 1.83 305.28 300.05 22.88 0.20
100.00 1637.58
801.80 2.04 1.97 1.84 309.23 293.60 21.83 0.20
87.00 1935.35
768.80 -0.36 -0.38 -0.44 308.45 286.84 22.13 0.20
100.00 2273.47
733.00 -1.16 -2.35 -3.94 309.14 282.68 23.89 0.30
11.00 2654.68
694.50 0.64 -6.12 -24.37 306.49 271.09 30.50 0.30
0.00 3086.26
653.30 0.04 -7.49 -34.69 309.67 255.43 35.53 0.30
0.00 3576.00
609.20 -0.76 -8.67 -47.14 314.19 243.73 34.23 0.20
0.00 4134.14
562.60 -5.66 -11.74 -35.26 316.55 237.86 33.95 0.20
0.00 4763.01
517.40 -11.46 -15.77 -33.26 317.57 239.88 36.38 0.30
0.00 5411.82
476.60 -15.66 -19.23 -36.92 319.50 238.85 40.17 0.30
0.00 6036.10
439.90 -19.06 -22.53 -53.47 321.53 231.84 41.51 0.30
0.00 6636.14
406.90 -23.86 -9999.00 -9999.00 -9999.00 228.49 45.14 0.10
0.00 7210.65
376.90 -28.86 -30.70 -53.47 323.13 230.36 51.46 0.10
0.00 7763.92
349.80 -33.76 -34.77 -45.88 323.90 241.66 56.06 0.10
0.00 8292.19
325.40 -37.86 -38.49 -46.54 325.00 244.77 63.34 0.20
0.00 8794.57
303.30 -40.66 -41.23 -50.73 327.42 243.43 65.58 0.30
0.00 9276.14
283.30 -41.76 -42.53 -65.56 331.87 242.66 64.30 0.20
0.00 9739.29
265.40 -42.46 -43.20 -63.02 337.14 239.10 63.17 0.00
0.00 10180.70
248.60 -44.36 -45.03 -66.52 340.62 234.68 58.80 -0.10
0.00 10620.46
233.50 -46.46 -47.02 -66.97 343.59 228.55 55.46 -0.20
0.00 11038.19
219.60 -48.96 -49.43 -72.27 345.77 224.58 56.72 -0.20
0.00 11443.20
205.60 -51.16 -51.55 -72.72 348.88 224.10 61.40 -0.10
0.00 11873.38
191.70 -52.56 -52.92 -73.19 353.68 226.97 64.04 0.00
0.00 12326.81
177.70 -54.36 -9999.00 -9999.00 -9999.00 231.11 60.64 0.10
0.00 12814.48
163.80 -57.16 -9999.00 -9999.00 -9999.00 231.18 54.86 0.10
0.00 13332.77
149.80 -59.76 -9999.00 -9999.00 -9999.00 232.34 50.54 0.10
0.00 13894.24
135.90 -61.26 -9999.00 -9999.00 -9999.00 229.81 40.95 0.00
0.00 14500.37
121.90 -62.56 -9999.00 -9999.00 -9999.00 209.29 36.52 0.00
0.00 15172.61
108.00 -63.36 -9999.00 -9999.00 -9999.00 205.78 44.23 0.00
0.00 15917.50
94.00 -63.26 -9999.00 -9999.00 -9999.00 215.07 35.84 0.00
0.00 16770.28
81.00 -61.96 -9999.00 -9999.00 -9999.00 180.88 25.25 0.00
0.00 17687.58
70.60 -64.66 -9999.00 -9999.00 -9999.00 174.70 18.92 0.00
0.00 18531.65
62.20 -63.86 -9999.00 -9999.00 -9999.00 190.71 14.63 0.00
0.00 19306.21
54.30 -64.16 -9999.00 -9999.00 -9999.00 158.50 6.90 0.00
0.00 20137.74
46.90 -63.66 -9999.00 -9999.00 -9999.00 167.13 6.97 0.00
0.00 21035.06
40.10 -63.36 -9999.00 -9999.00 -9999.00 276.01 3.71 0.00
0.00 21996.28
33.80 -62.26 -9999.00 -9999.00 -9999.00 21.80 4.18 0.00
0.00 23048.60
27.80 -59.66 -9999.00 -9999.00 -9999.00 350.84 6.10 0.00
0.00 24262.40
22.30 -57.06 -9999.00 -9999.00 -9999.00 5.83 9.58 0.00
0.00 25648.41
17.10 -56.06 -9999.00 -9999.00 -9999.00 21.80 10.47 0.00
0.00 27331.70
12.30 -52.86 -9999.00 -9999.00 -9999.00 164.48 3.63 0.00
0.00 29440.82

STID = KPIT STNM = 725200 TIME = 221027/0300 
SLAT = 40.50 SLON = -80.22 SELV = 329.0
STIM = 15

SHOW = 14.28 LIFT = 15.02 SWET = 102.07 KINX = -27.31
LCLP = 943.54 PWAT = 13.73 TOTL = 29.30 CAPE = 0.09
LCLT = 279.28 CINS = 0.00 EQLV = 900.65 LFCT = 921.46
BRCH = 0.01

PRES TMPC TMWC DWPC THTE DRCT SKNT OMEG
CFRL HGHT
977.20 8.94 7.76 6.64 301.67 286.70 8.12 0.10
0.00 339.17
974.30 8.74 7.59 6.48 301.58 287.57 12.22 0.10
0.00 363.80
969.00 8.24 7.27 6.33 301.43 287.72 14.69 0.10
0.00 408.93
959.70 7.44 6.79 6.13 301.33 288.85 16.82 0.10
0.00 488.55
946.20 6.34 6.12 5.85 301.28 290.34 18.43 0.10
0.00 605.11
928.70 5.24 5.19 5.08 301.13 295.66 21.99 0.10
100.00 758.10
907.90 4.14 4.13 4.07 301.13 298.92 23.31 0.20
100.00 942.96
885.20 3.04 2.99 2.89 301.25 301.12 24.05 0.20
100.00 1148.76
860.70 1.74 1.72 1.65 301.40 303.18 24.15 0.30
100.00 1375.85
833.30 1.24 1.24 1.18 303.65 306.36 21.95 0.30
100.00 1636.72
803.10 1.44 0.87 0.19 306.65 298.89 19.31 0.30
37.00 1934.20
770.00 -0.36 -1.76 -3.67 305.37 289.94 21.08 0.30
73.00 2272.27
734.20 0.04 -4.53 -13.26 304.40 289.25 25.93 0.20
0.00 2653.36
695.60 0.44 -7.28 -47.01 303.80 279.01 28.52 0.30
0.00 3085.81
654.30 0.54 -7.31 -38.09 309.78 264.46 32.21 0.30
0.00 3576.12
610.00 -1.16 -8.77 -40.71 313.94 252.19 33.66 0.40
0.00 4136.09
563.30 -5.96 -11.75 -32.39 316.46 239.63 35.35 0.40
0.00 4764.73
517.90 -11.56 -15.77 -32.37 317.50 239.25 35.70 0.50
0.00 5415.23
477.00 -15.26 -19.16 -41.14 319.49 239.04 40.77 0.50
0.00 6040.83
440.30 -18.56 -22.09 -50.00 322.20 239.08 45.75 0.50
0.00 6641.37
407.10 -23.46 -25.78 -41.82 323.73 236.63 47.69 0.40
0.00 7220.04
377.10 -28.86 -30.25 -41.08 323.88 236.13 51.24 0.30
0.00 7773.56
349.90 -33.56 -34.35 -41.46 324.55 235.32 55.98 0.20
0.00 8303.82
325.40 -37.56 -38.15 -45.14 325.52 238.39 59.30 0.10
0.00 8808.75
303.30 -40.06 -40.80 -55.28 328.06 239.13 61.32 0.00
0.00 9291.23
283.40 -41.36 -42.14 -62.52 332.45 239.04 63.42 0.00
0.00 9752.98
265.40 -42.76 -43.48 -63.02 336.70 237.61 64.18 0.00
0.00 10196.87
248.70 -44.46 -45.12 -66.51 340.43 236.41 63.19 -0.10
0.00 10633.55
233.50 -46.06 -46.67 -71.85 344.15 236.15 59.63 -0.10
0.00 11054.24
219.60 -48.36 -48.87 -72.27 346.69 233.29 56.22 -0.10
0.00 11460.14
205.60 -50.96 -51.36 -72.72 349.19 227.65 56.51 0.00
0.00 11891.09
191.70 -53.36 -53.68 -73.19 352.40 225.00 60.16 0.00
0.00 12343.91
177.70 -55.36 -55.63 -73.70 356.84 230.05 60.82 0.10
0.00 12829.58
163.80 -57.56 -9999.00 -9999.00 -9999.00 234.06 54.93 0.10
0.00 13346.21
149.80 -60.26 -9999.00 -9999.00 -9999.00 233.62 50.43 0.10
0.00 13906.50
135.90 -61.76 -9999.00 -9999.00 -9999.00 232.48 44.33 0.10
0.00 14511.21
121.90 -62.36 -9999.00 -9999.00 -9999.00 210.58 34.75 0.00
0.00 15182.97
108.00 -63.96 -9999.00 -9999.00 -9999.00 206.20 40.48 0.00
0.00 15927.15
94.00 -63.56 -9999.00 -9999.00 -9999.00 217.63 32.13 0.00
0.00 16778.09
81.00 -62.36 -9999.00 -9999.00 -9999.00 174.97 24.38 0.00
0.00 17693.88
70.60 -64.46 -9999.00 -9999.00 -9999.00 178.78 18.26 0.00
0.00 18537.54
62.20 -63.06 -9999.00 -9999.00 -9999.00 181.57 14.18 0.00
0.00 19313.95
54.30 -63.66 -9999.00 -9999.00 -9999.00 157.38 10.10 0.00
0.00 20148.07
46.90 -63.56 -9999.00 -9999.00 -9999.00 185.44 8.20 0.00
0.00 21046.67
40.10 -63.36 -9999.00 -9999.00 -9999.00 291.04 2.70 0.00
0.00 22008.12
33.80 -62.36 -9999.00 -9999.00 -9999.00 30.96 4.53 0.00
0.00 23060.19
27.80 -60.36 -9999.00 -9999.00 -9999.00 1.51 7.38 0.00
0.00 24271.70
22.30 -58.76 -9999.00 -9999.00 -9999.00 39.94 10.90 0.00
0.00 25649.97
17.10 -56.86 -9999.00 -9999.00 -9999.00 62.65 12.68 0.00
0.00 27323.55
12.30 -53.26 -9999.00 -9999.00 -9999.00 176.53 6.43 0.00
0.00 29426.88

STID = KPIT STNM = 725200 TIME = 221027/0400 
SLAT = 40.50 SLON = -80.22 SELV = 329.0
STIM = 16

SHOW = 15.17 LIFT = 15.61 SWET = 96.98 KINX = -32.87
LCLP = 942.46 PWAT = 12.16 TOTL = 27.95 CAPE = 0.00
LCLT = 278.98 CINS = 0.00 EQLV = 923.04 LFCT = 929.93
BRCH = 0.00

PRES TMPC TMWC DWPC THTE DRCT SKNT OMEG
CFRL HGHT
977.30 8.74 7.53 6.36 301.12 291.54 7.94 0.00
0.00 339.16
974.40 8.44 7.31 6.20 300.92 292.33 11.75 0.10
0.00 363.76
969.00 8.04 7.04 6.05 300.89 292.68 14.10 0.10
0.00 409.70
959.80 7.24 6.55 5.84 300.77 293.47 16.10 0.10
0.00 488.40
946.20 6.04 5.83 5.57 300.63 294.86 17.56 0.10
0.00 605.71
928.80 4.94 4.91 4.82 300.50 299.21 20.71 0.20
100.00 757.63
908.00 3.94 3.89 3.79 300.60 301.74 22.16 0.20
100.00 942.30
885.30 2.74 2.69 2.59 300.60 303.83 22.69 0.20
100.00 1147.87
860.70 1.44 1.43 1.37 300.79 306.67 22.77 0.30
100.00 1375.61
833.30 0.44 0.42 0.35 301.94 314.24 20.61 0.30
100.00 1635.93
803.10 0.24 -0.79 -2.15 303.15 308.39 19.08 0.30
12.00 1932.24
770.10 1.34 -3.18 -11.29 302.35 298.41 21.64 0.20
23.00 2269.32
734.30 0.64 -6.25 -28.70 300.74 294.99 25.29 0.10
0.00 2651.61
695.80 0.64 -7.18 -49.55 303.92 282.57 27.66 0.20
0.00 3083.29
654.40 0.44 -7.54 -44.67 309.26 266.02 30.77 0.20
0.00 3574.76
610.10 -1.66 -8.91 -36.05 313.75 249.52 32.77 0.30
0.00 4134.02
563.40 -6.66 -12.06 -30.48 315.93 241.91 35.90 0.30
0.00 4761.19
518.00 -11.46 -15.72 -32.59 317.57 242.58 40.93 0.30
0.00 5410.85
477.00 -14.96 -18.98 -42.04 319.79 241.43 42.25 0.20
0.00 6038.39
440.30 -18.86 -22.16 -44.30 322.13 236.17 45.36 0.20
0.00 6638.95
407.20 -23.86 -26.08 -41.43 323.23 231.01 47.24 0.10
0.00 7215.02
377.10 -28.86 -30.25 -41.08 323.88 232.50 49.46 0.10
0.00 7769.86
349.90 -33.56 -34.37 -41.79 324.52 236.76 55.28 0.10
0.00 8300.12
325.40 -37.26 -38.04 -48.78 325.67 237.37 60.90 0.00
0.00 8805.36
303.30 -39.86 -40.60 -54.17 328.38 237.72 63.64 0.00
0.00 9288.35
283.40 -41.56 -42.30 -60.31 332.21 236.79 63.85 0.00
0.00 9750.10
265.40 -42.86 -43.59 -66.04 336.51 233.90 63.95 0.00
0.00 10193.70
248.70 -44.36 -45.03 -66.51 340.58 229.84 63.54 0.00
0.00 10630.37
233.50 -46.16 -46.74 -66.97 344.05 226.65 61.97 0.00
0.00 11051.07
219.60 -48.26 -48.77 -72.27 346.85 225.94 58.39 0.00
0.00 11456.97
205.60 -50.96 -51.36 -72.72 349.19 225.00 56.04 0.00
0.00 11888.02
191.70 -53.76 -54.07 -73.19 351.76 223.26 58.68 0.00
0.00 12340.43
177.70 -55.76 -56.02 -73.70 356.19 229.10 61.42 0.10
0.00 12825.21
163.80 -57.56 -9999.00 -9999.00 -9999.00 234.90 56.74 0.10
0.00 13341.36
149.80 -59.86 -9999.00 -9999.00 -9999.00 232.47 47.51 0.10
0.00 13902.18
135.90 -62.16 -9999.00 -9999.00 -9999.00 230.13 43.03 0.10
0.00 14506.88
121.90 -62.76 -9999.00 -9999.00 -9999.00 217.63 35.31 0.00
0.00 15177.37
108.00 -64.56 -9999.00 -9999.00 -9999.00 202.78 38.13 0.00
0.00 15919.78
94.00 -64.26 -9999.00 -9999.00 -9999.00 217.69 32.40 0.00
0.00 16768.08
81.00 -62.86 -9999.00 -9999.00 -9999.00 174.58 22.63 0.00
0.00 17681.25
70.60 -64.06 -9999.00 -9999.00 -9999.00 187.43 18.03 0.00
0.00 18524.72
62.20 -61.86 -9999.00 -9999.00 -9999.00 187.31 15.27 0.00
0.00 19304.09
54.30 -62.86 -9999.00 -9999.00 -9999.00 182.08 10.68 0.00
0.00 20142.18
46.90 -62.86 -9999.00 -9999.00 -9999.00 210.96 7.93 0.00
0.00 21044.00
40.10 -62.46 -9999.00 -9999.00 -9999.00 315.00 3.85 0.00
0.00 22009.12
33.80 -62.36 -9999.00 -9999.00 -9999.00 6.34 3.52 0.00
0.00 23063.44
27.80 -60.46 -9999.00 -9999.00 -9999.00 350.27 6.90 0.00
0.00 24274.67
22.30 -58.66 -9999.00 -9999.00 -9999.00 49.40 8.95 0.00
0.00 25652.93
17.10 -55.36 -9999.00 -9999.00 -9999.00 97.35 12.14 0.00
0.00 27332.73
12.30 -52.56 -9999.00 -9999.00 -9999.00 190.78 12.45 0.00
0.00 29446.67

STID = KPIT STNM = 725200 TIME = 221027/0500 
SLAT = 40.50 SLON = -80.22 SELV = 329.0
STIM = 17

SHOW = 15.82 LIFT = 16.14 SWET = 92.42 KINX = -32.45
LCLP = 946.09 PWAT = 11.50 TOTL = 26.95 CAPE = 0.01
LCLT = 278.90 CINS = 0.00 EQLV = 914.78 LFCT = 931.82
BRCH = 0.00

PRES TMPC TMWC DWPC THTE DRCT SKNT OMEG
CFRL HGHT
977.20 8.34 7.27 6.22 300.54 294.68 7.91 0.00
0.00 338.30
974.20 8.04 7.05 6.06 300.35 294.44 11.73 0.10
0.00 363.72
968.90 7.64 6.78 5.91 300.31 295.50 13.99 0.10
0.00 408.75
959.60 6.84 6.29 5.70 300.19 296.57 16.06 0.10
0.00 488.20
946.10 5.74 5.58 5.37 300.08 297.70 17.56 0.10
1.00 604.51
928.60 4.64 4.62 4.54 299.88 302.06 20.86 0.20
100.00 757.16
907.80 3.64 3.59 3.48 299.97 304.25 22.09 0.20
100.00 941.66
885.10 2.44 2.41 2.32 300.02 306.97 22.61 0.20
100.00 1147.04
860.60 1.24 1.19 1.09 300.31 310.44 22.46 0.30
100.00 1373.67
833.20 -0.16 -0.19 -0.28 300.70 320.40 20.42 0.40
100.00 1633.62
803.00 -0.36 -1.99 -4.36 300.74 316.85 21.31 0.40
9.00 1929.23
770.00 2.14 -4.17 -19.12 300.23 310.94 25.19 0.30
0.00 2266.32
734.30 1.04 -6.65 -47.72 299.75 302.71 25.16 0.20
0.00 2648.23
695.70 0.34 -7.33 -45.94 303.71 287.20 25.62 0.20
0.00 3081.09
654.30 -0.16 -7.88 -43.13 308.67 265.40 29.04 0.20
0.00 3571.83
610.10 -2.36 -9.17 -32.78 313.32 246.94 32.73 0.20
0.00 4128.57
563.30 -7.06 -12.19 -29.02 315.74 242.52 37.88 0.20
0.00 4755.88
517.90 -11.26 -15.55 -32.17 317.90 241.43 42.25 0.20
0.00 5405.43
477.00 -14.96 -18.91 -40.31 319.93 236.67 42.77 0.20
0.00 6031.76
440.30 -19.36 -22.29 -38.93 321.98 233.41 46.93 0.20
0.00 6631.76
407.20 -24.16 -25.99 -36.62 323.42 233.45 48.60 0.20
0.00 7206.97
377.10 -28.76 -30.10 -40.10 324.12 236.43 53.40 0.10
0.00 7761.62
349.90 -33.16 -34.13 -43.63 324.87 238.63 61.21 0.10
0.00 8292.43
325.40 -37.36 -38.08 -47.59 325.61 239.04 65.70 0.00
0.00 8797.98
303.30 -40.56 -41.16 -51.48 327.52 238.23 66.03 0.00
0.00 9280.15
283.40 -42.46 -43.11 -58.55 330.96 235.97 64.22 -0.10
0.00 9740.31
265.40 -43.16 -43.90 -70.97 336.02 232.78 62.94 -0.10
0.00 10182.76
248.70 -44.66 -45.31 -66.51 340.14 227.99 63.27 -0.10
0.00 10618.87
233.50 -46.46 -47.02 -66.97 343.59 222.52 63.52 0.00
0.00 11039.01
219.60 -48.36 -48.87 -72.27 346.69 220.19 62.30 0.00
0.00 11444.56
205.60 -50.76 -51.17 -72.72 349.51 220.52 59.79 0.00
0.00 11875.70
191.70 -53.56 -53.88 -73.19 352.08 222.34 59.13 0.00
0.00 12328.51
177.70 -55.76 -56.02 -73.70 356.19 228.08 61.34 0.10
0.00 12813.52
163.80 -57.56 -9999.00 -9999.00 -9999.00 233.59 57.93 0.10
0.00 13329.67
149.80 -59.56 -9999.00 -9999.00 -9999.00 231.20 48.35 0.10
0.00 13890.88
135.90 -61.86 -9999.00 -9999.00 -9999.00 225.00 42.58 0.00
0.00 14496.44
121.90 -63.36 -9999.00 -9999.00 -9999.00 218.21 38.33 0.00
0.00 15166.45
108.00 -64.56 -9999.00 -9999.00 -9999.00 203.31 38.29 0.00
0.00 15907.79
94.00 -64.46 -9999.00 -9999.00 -9999.00 217.76 32.67 0.00
0.00 16755.69
81.00 -62.26 -9999.00 -9999.00 -9999.00 185.98 20.51 0.00
0.00 17669.73
70.60 -63.26 -9999.00 -9999.00 -9999.00 191.67 18.24 0.00
0.00 18516.01
62.20 -61.06 -9999.00 -9999.00 -9999.00 193.50 14.98 0.00
0.00 19298.36
54.30 -62.26 -9999.00 -9999.00 -9999.00 200.17 10.14 0.00
0.00 20139.23
46.90 -61.86 -9999.00 -9999.00 -9999.00 225.00 7.15 0.00
0.00 21044.48
40.10 -61.86 -9999.00 -9999.00 -9999.00 326.31 4.90 0.00
0.00 22013.27
33.80 -63.16 -9999.00 -9999.00 -9999.00 30.58 4.97 0.00
0.00 23067.09
27.80 -61.96 -9999.00 -9999.00 -9999.00 25.91 7.56 0.00
0.00 24271.74
22.30 -59.36 -9999.00 -9999.00 -9999.00 51.84 10.37 0.00
0.00 25642.91
17.10 -55.66 -9999.00 -9999.00 -9999.00 102.41 9.95 0.00
0.00 27318.82
12.30 -52.46 -9999.00 -9999.00 -9999.00 218.80 12.70 0.00
0.00 29431.79

STID = KPIT STNM = 725200 TIME = 221027/0600 
SLAT = 40.50 SLON = -80.22 SELV = 329.0
STIM = 18

SHOW = 16.71 LIFT = 16.31 SWET = 84.29 KINX = -41.72
LCLP = 946.65 PWAT = 10.49 TOTL = 25.85 CAPE = 3.85
LCLT = 278.65 CINS = 0.00 EQLV = 830.75 LFCT = 932.60
BRCH = 0.21

PRES TMPC TMWC DWPC THTE DRCT SKNT OMEG
CFRL HGHT
978.40 8.14 7.06 5.98 299.92 298.50 7.73 0.00
0.00 338.29
975.50 7.94 6.89 5.84 299.85 299.15 11.56 0.10
0.00 362.81
970.10 7.44 6.57 5.68 299.70 299.05 14.01 0.10
0.00 408.60
960.90 6.64 6.07 5.45 299.56 300.00 15.93 0.10
0.00 487.03
947.30 5.54 5.37 5.15 299.49 301.40 17.52 0.10
0.00 603.96
929.80 4.44 4.43 4.36 299.34 306.66 20.82 0.10
100.00 756.30
909.00 3.44 3.39 3.29 299.42 309.22 21.81 0.20
100.00 940.41
886.30 2.14 2.10 2.01 299.25 312.14 22.01 0.20
100.00 1145.32
861.70 0.74 0.69 0.58 299.15 316.82 21.58 0.30
100.00 1372.23
834.20 -1.26 -1.30 -1.40 298.38 323.89 20.44 0.40
100.00 1632.00
803.90 1.44 -3.34 -12.75 297.85 325.16 24.15 0.40
0.00 1928.45
771.00 2.74 -5.23 -40.22 297.72 318.23 26.83 0.40
0.00 2265.30
735.20 0.94 -6.63 -42.79 299.72 305.64 25.33 0.30
0.00 2648.05
696.50 0.14 -7.54 -55.42 303.16 291.80 25.10 0.20
0.00 3081.28
655.00 -0.56 -8.14 -43.86 308.08 266.03 28.03 0.20
0.00 3572.10
610.60 -2.96 -9.48 -31.79 312.69 248.26 33.04 0.20
0.00 4129.81
563.80 -7.36 -12.35 -28.67 315.37 244.75 37.80 0.20
0.00 4755.55
518.30 -11.36 -15.60 -31.95 317.74 240.92 41.57 0.20
0.00 5405.51
477.30 -15.36 -19.05 -37.50 319.67 234.16 43.12 0.10
0.00 6032.34
440.50 -19.86 -22.38 -34.90 321.84 231.82 47.46 0.10
0.00 6632.64
407.30 -24.26 -26.21 -38.46 323.01 233.04 49.11 0.10
0.00 7208.71
377.20 -28.56 -29.93 -40.10 324.36 234.82 53.94 0.00
0.00 7763.31
350.00 -33.06 -33.98 -42.48 325.09 235.33 59.75 0.00
0.00 8294.31
325.50 -37.46 -38.10 -46.04 325.56 235.64 64.70 -0.10
0.00 8799.72
303.40 -41.16 -41.71 -51.48 326.64 236.08 66.49 -0.10
0.00 9281.02
283.40 -43.26 -43.85 -58.55 329.81 236.03 65.35 -0.10
0.00 9742.02
265.40 -44.16 -44.77 -63.02 334.65 232.64 64.02 -0.10
0.00 10182.75
248.70 -45.36 -45.93 -63.51 339.14 227.64 62.57 -0.10
0.00 10617.24
233.50 -46.86 -47.40 -66.97 342.99 223.75 62.92 -0.10
0.00 11036.36
219.60 -48.66 -49.15 -72.27 346.23 221.52 63.31 0.00
0.00 11441.28
205.60 -50.76 -51.17 -72.72 349.51 220.74 62.80 0.00
0.00 11872.13
191.70 -53.26 -53.59 -73.19 352.56 222.99 62.67 0.00
0.00 12325.26
177.70 -55.76 -56.02 -73.70 356.19 227.88 62.86 0.10
0.00 12810.60
163.80 -57.96 -9999.00 -9999.00 -9999.00 232.13 59.79 0.10
0.00 13326.27
149.80 -59.76 -9999.00 -9999.00 -9999.00 230.06 51.44 0.10
0.00 13886.69
135.90 -61.96 -9999.00 -9999.00 -9999.00 222.59 45.65 0.00
0.00 14491.83
121.90 -63.66 -9999.00 -9999.00 -9999.00 218.87 41.16 0.00
0.00 15161.20
108.00 -64.86 -9999.00 -9999.00 -9999.00 209.37 37.22 0.00
0.00 15901.48
94.00 -65.56 -9999.00 -9999.00 -9999.00 215.88 33.80 0.00
0.00 16746.54
81.00 -62.76 -9999.00 -9999.00 -9999.00 191.67 24.01 0.00
0.00 17657.09
70.60 -64.16 -9999.00 -9999.00 -9999.00 186.80 21.33 0.00
0.00 18500.56
62.20 -62.06 -9999.00 -9999.00 -9999.00 191.18 17.04 0.00
0.00 19279.38
54.30 -62.66 -9999.00 -9999.00 -9999.00 196.97 11.99 0.00
0.00 20117.47
46.90 -62.26 -9999.00 -9999.00 -9999.00 212.57 8.29 0.00
0.00 21021.00
40.10 -62.16 -9999.00 -9999.00 -9999.00 19.98 2.27 0.00
0.00 21988.19
33.80 -63.16 -9999.00 -9999.00 -9999.00 79.46 8.49 0.00
0.00 23041.25
27.80 -61.86 -9999.00 -9999.00 -9999.00 74.25 7.87 0.00
0.00 24246.19
22.30 -59.86 -9999.00 -9999.00 -9999.00 75.70 10.22 0.00
0.00 25616.07
17.10 -55.76 -9999.00 -9999.00 -9999.00 112.44 9.67 0.00
0.00 27289.64
12.30 -51.36 -9999.00 -9999.00 -9999.00 226.58 14.98 0.00
0.00 29407.44

STID = KPIT STNM = 725200 TIME = 221027/0700 
SLAT = 40.50 SLON = -80.22 SELV = 329.0
STIM = 19

SHOW = 17.38 LIFT = 16.52 SWET = 82.44 KINX = -43.65
LCLP = 944.19 PWAT = 9.66 TOTL = 25.05 CAPE = 13.82
LCLT = 278.32 CINS = 0.00 EQLV = 832.85 LFCT = 927.87
BRCH = 0.68

PRES TMPC TMWC DWPC THTE DRCT SKNT OMEG
CFRL HGHT
979.90 8.14 6.93 5.71 299.46 304.99 7.11 0.00
0.00 338.27
977.00 7.94 6.74 5.52 299.34 305.42 10.72 0.00
0.00 362.75
971.60 7.44 6.42 5.36 299.19 305.84 12.94 0.00
0.00 408.47
962.30 6.74 5.95 5.12 299.16 307.16 15.11 0.10
0.00 487.65
948.70 5.64 5.22 4.74 299.00 308.77 16.43 0.10
0.00 604.43
931.20 4.34 4.23 4.05 298.75 314.19 19.50 0.10
58.00 756.53
910.40 3.04 2.91 2.71 298.24 316.17 20.20 0.20
65.00 940.18
887.60 1.44 1.42 1.34 297.69 319.22 20.51 0.30
81.00 1145.24
863.00 0.04 -0.00 -0.11 297.61 321.51 20.59 0.30
100.00 1371.20
835.40 -1.56 -1.95 -2.54 296.98 324.71 21.17 0.40
88.00 1631.01
805.20 3.94 -3.82 -28.63 296.32 325.81 24.88 0.40
0.00 1927.07
772.10 2.44 -5.45 -42.33 297.17 318.08 25.58 0.40
0.00 2266.67
736.20 1.14 -6.61 -50.65 299.57 310.55 24.81 0.30
0.00 2649.86
697.40 0.04 -7.60 -55.41 302.94 297.57 24.77 0.20
0.00 3083.71
655.80 -1.16 -8.54 -45.52 307.22 270.41 27.39 0.20
0.00 3574.47
611.30 -3.46 -9.82 -32.26 311.94 250.37 32.38 0.10
0.00 4131.63
564.40 -7.76 -12.54 -28.00 314.94 245.94 35.74 0.10
0.00 4756.97
518.80 -11.76 -15.78 -30.96 317.34 238.11 39.36 0.10
0.00 5406.72
477.60 -15.66 -19.21 -36.61 319.35 230.36 42.64 0.10
0.00 6035.27
440.80 -20.26 -22.68 -34.89 321.27 230.83 47.36 0.10
0.00 6634.36
407.50 -24.46 -26.45 -39.67 322.56 231.38 49.48 0.10
0.00 7211.13
377.30 -28.76 -30.23 -42.15 323.85 233.38 53.73 0.10
0.00 7766.90
350.10 -33.16 -34.22 -45.38 324.67 234.51 59.89 0.10
0.00 8297.40
325.60 -37.56 -38.24 -47.04 325.32 233.51 65.00 0.10
0.00 8802.43
303.40 -41.16 -41.74 -52.29 326.60 233.06 66.59 0.10
0.00 9285.73
283.40 -43.46 -44.03 -58.55 329.52 233.03 66.86 0.10
0.00 9746.53
265.40 -44.76 -45.31 -60.82 333.82 230.64 67.07 0.10
0.00 10186.49
248.70 -45.76 -46.33 -66.51 338.50 227.38 66.26 0.10
0.00 10620.03
233.50 -46.96 -47.49 -66.97 342.83 224.51 64.28 0.10
0.00 11038.69
219.60 -48.76 -49.24 -72.27 346.08 222.51 63.25 0.10
0.00 11443.43
205.60 -50.66 -51.08 -72.72 349.66 221.07 64.16 0.10
0.00 11874.28
191.70 -53.16 -53.49 -73.19 352.72 221.58 64.39 0.10
0.00 12327.61
177.70 -55.86 -56.12 -73.70 356.02 225.25 63.46 0.10
0.00 12812.95
163.80 -58.16 -9999.00 -9999.00 -9999.00 230.10 60.26 0.10
0.00 13328.27
149.80 -59.96 -9999.00 -9999.00 -9999.00 230.75 53.42 0.00
0.00 13888.17
135.90 -62.06 -9999.00 -9999.00 -9999.00 220.35 47.40 0.00
0.00 14492.87
121.90 -63.96 -9999.00 -9999.00 -9999.00 218.10 43.45 0.00
0.00 15161.61
108.00 -65.26 -9999.00 -9999.00 -9999.00 213.02 37.06 0.00
0.00 15900.65
94.00 -65.86 -9999.00 -9999.00 -9999.00 214.11 37.06 0.00
0.00 16744.28
81.00 -62.76 -9999.00 -9999.00 -9999.00 191.72 26.79 0.00
0.00 17654.18
70.60 -63.46 -9999.00 -9999.00 -9999.00 184.46 27.47 0.00
0.00 18499.06
62.20 -62.46 -9999.00 -9999.00 -9999.00 193.59 18.18 0.00
0.00 19278.43
54.30 -62.26 -9999.00 -9999.00 -9999.00 194.47 12.43 0.00
0.00 20116.52
46.90 -62.06 -9999.00 -9999.00 -9999.00 210.26 8.10 0.00
0.00 21021.34
40.10 -62.86 -9999.00 -9999.00 -9999.00 63.43 1.73 0.00
0.00 21987.38
33.80 -63.56 -9999.00 -9999.00 -9999.00 93.18 7.01 0.00
0.00 23037.70
27.80 -61.26 -9999.00 -9999.00 -9999.00 82.41 5.89 0.00
0.00 24243.20
22.30 -59.36 -9999.00 -9999.00 -9999.00 81.87 8.24 0.00
0.00 25616.63
17.10 -54.16 -9999.00 -9999.00 -9999.00 123.11 5.34 0.00
0.00 27298.37
12.30 -49.76 -9999.00 -9999.00 -9999.00 247.01 13.93 0.00
0.00 29431.60

STID = KPIT STNM = 725200 TIME = 221027/0800 
SLAT = 40.50 SLON = -80.22 SELV = 329.0
STIM = 20

SHOW = 18.39 LIFT = 16.78 SWET = 80.10 KINX = -38.25
LCLP = 941.58 PWAT = 8.50 TOTL = 23.20 CAPE = 11.30
LCLT = 277.83 CINS = 0.00 EQLV = 848.57 LFCT = 927.90
BRCH = 0.61

PRES TMPC TMWC DWPC THTE DRCT SKNT OMEG
CFRL HGHT
980.80 7.94 6.62 5.27 298.68 307.18 7.07 0.00
0.00 338.25
977.80 7.74 6.44 5.10 298.59 306.66 10.41 0.00
0.00 363.54
972.50 7.34 6.16 4.92 298.52 307.95 12.32 0.00
0.00 408.35
963.20 6.54 5.64 4.68 298.38 309.51 14.36 0.00
0.00 487.39
949.50 5.44 4.92 4.32 298.26 311.46 15.56 0.00
0.00 604.84
932.00 4.04 3.87 3.64 297.91 318.06 18.03 0.00
24.00 756.65
911.10 2.64 2.39 2.05 297.09 322.07 18.96 0.00
38.00 940.78
888.50 1.04 1.01 0.91 296.76 324.06 19.19 0.10
100.00 1143.54
863.60 -0.46 -0.49 -0.57 296.59 324.40 19.35 0.10
100.00 1371.67
836.10 -0.66 -3.16 -7.49 294.58 322.27 20.63 0.10
38.00 1630.42
805.90 5.24 -9999.00 -9999.00 -9999.00 325.47 25.70 0.10
0.00 1927.26
772.70 2.24 -5.39 -35.58 297.30 325.68 24.46 0.10
0.00 2268.25
736.80 1.44 -6.48 -63.62 299.67 318.25 24.22 0.10
0.00 2651.22
698.00 -0.36 -7.77 -46.98 302.61 300.81 24.65 0.10
0.00 3084.63
656.30 -1.56 -8.82 -47.53 306.63 277.84 27.06 0.10
0.00 3575.45
611.70 -3.86 -10.15 -33.56 311.25 256.32 30.38 0.20
0.00 4132.63
564.70 -7.96 -12.61 -27.38 314.79 247.77 33.37 0.20
0.00 4758.23
519.00 -12.06 -15.92 -30.23 317.08 237.04 38.21 0.20
0.00 5408.51
477.80 -16.06 -19.44 -35.79 318.92 230.73 42.66 0.20
0.00 6035.97
440.90 -20.46 -22.89 -35.59 320.89 232.10 47.75 0.20
0.00 6635.79
407.60 -24.66 -26.68 -40.68 322.17 231.99 50.80 0.20
0.00 7211.95
377.40 -28.86 -30.42 -44.22 323.51 233.09 56.60 0.20
0.00 7767.23
350.20 -33.16 -34.24 -45.87 324.61 232.27 61.89 0.20
0.00 8297.46
325.60 -37.46 -38.22 -48.77 325.34 230.08 65.09 0.20
0.00 8804.58
303.40 -40.86 -41.56 -56.54 326.86 230.66 66.80 0.20
0.00 9288.29
283.50 -43.76 -44.29 -57.09 329.10 230.91 68.08 0.10
0.00 9746.70
265.40 -44.86 -45.40 -60.82 333.67 228.65 69.09 0.10
0.00 10188.64
248.70 -45.36 -45.96 -66.51 339.09 226.94 69.13 0.10
0.00 10622.46
233.50 -46.36 -46.95 -71.85 343.70 225.81 68.01 0.10
0.00 11042.04
219.60 -48.36 -48.87 -72.27 346.69 224.16 65.79 0.10
0.00 11447.68
205.60 -50.56 -50.98 -72.72 349.82 222.93 64.74 0.10
0.00 11879.02
191.70 -52.86 -53.20 -73.19 353.20 223.41 64.45 0.00
0.00 12332.75
177.70 -55.46 -9999.00 -9999.00 -9999.00 225.62 63.05 0.00
0.00 12818.87
163.80 -58.06 -9999.00 -9999.00 -9999.00 229.74 59.81 0.00
0.00 13334.78
149.80 -60.16 -9999.00 -9999.00 -9999.00 230.06 52.95 0.00
0.00 13894.55
135.90 -62.16 -9999.00 -9999.00 -9999.00 221.50 47.20 0.00
0.00 14498.83
121.90 -64.36 -9999.00 -9999.00 -9999.00 217.46 45.03 0.00
0.00 15166.77
108.00 -65.56 -9999.00 -9999.00 -9999.00 220.94 38.83 0.00
0.00 15904.57
94.00 -66.06 -9999.00 -9999.00 -9999.00 218.43 37.20 0.00
0.00 16747.18
81.00 -63.26 -9999.00 -9999.00 -9999.00 205.59 25.62 0.00
0.00 17655.56
70.60 -63.36 -9999.00 -9999.00 -9999.00 197.20 25.62 0.00
0.00 18499.63
62.20 -61.96 -9999.00 -9999.00 -9999.00 195.42 17.52 0.00
0.00 19280.12
54.30 -62.36 -9999.00 -9999.00 -9999.00 192.80 13.15 0.00
0.00 20119.00
46.90 -62.76 -9999.00 -9999.00 -9999.00 180.00 6.22 0.00
0.00 21022.11
40.10 -63.76 -9999.00 -9999.00 -9999.00 70.35 2.89 0.00
0.00 21984.48
33.80 -64.16 -9999.00 -9999.00 -9999.00 113.20 1.48 0.00
0.00 23031.04
27.80 -60.56 -9999.00 -9999.00 -9999.00 79.99 3.36 0.00
0.00 24236.84
22.30 -57.36 -9999.00 -9999.00 -9999.00 95.31 8.39 0.00
0.00 25618.98
17.10 -52.46 -9999.00 -9999.00 -9999.00 195.52 3.63 0.00
0.00 27315.09
12.30 -50.36 -9999.00 -9999.00 -9999.00 268.41 13.99 0.00
0.00 29453.62

STID = KPIT STNM = 725200 TIME = 221027/0900 
SLAT = 40.50 SLON = -80.22 SELV = 329.0
STIM = 21

SHOW = 19.21 LIFT = 17.47 SWET = 76.50 KINX = -39.94
LCLP = 933.30 PWAT = 8.32 TOTL = 20.87 CAPE = 3.76
LCLT = 276.78 CINS = -0.00 EQLV = 862.54 LFCT = 921.92
BRCH = 0.25

PRES TMPC TMWC DWPC THTE DRCT SKNT OMEG
CFRL HGHT
981.50 7.64 6.04 4.35 297.32 310.60 7.17 0.00
0.00 339.08
978.60 7.34 5.79 4.12 297.07 311.19 10.33 0.00
0.00 363.46
973.20 6.94 5.48 3.90 296.97 311.78 12.24 0.00
0.00 409.00
964.00 6.14 4.94 3.60 296.76 313.30 13.87 -0.10
0.00 487.01
950.30 4.94 4.16 3.26 296.56 315.53 14.98 -0.10
0.00 604.14
932.80 3.44 3.18 2.83 296.37 318.48 15.83 -0.20
0.00 755.49
912.10 2.04 2.00 1.89 296.17 322.18 16.47 -0.20
100.00 937.26
888.80 0.64 0.64 0.58 295.99 324.31 16.98 -0.20
100.00 1145.77
864.50 -0.66 -0.69 -0.78 296.09 326.13 17.07 -0.10
100.00 1367.98
836.80 0.84 -3.75 -13.56 293.27 326.93 19.93 0.00
2.00 1628.91
806.50 4.74 -3.98 -62.94 295.54 332.10 26.15 0.10
0.00 1926.95
773.30 2.34 -5.32 -35.58 297.34 331.47 22.77 0.10
0.00 2267.44
737.30 1.14 -6.63 -54.95 299.37 323.32 23.74 0.10
0.00 2651.06
698.40 -0.66 -7.95 -46.97 302.23 305.92 23.50 0.10
0.00 3084.83
656.70 -1.66 -8.90 -48.71 306.43 283.39 25.16 0.20
0.00 3575.00
612.10 -4.16 -10.49 -36.37 310.53 262.05 26.67 0.30
0.00 4131.41
565.00 -8.26 -12.87 -27.99 314.25 248.20 30.34 0.30
0.00 4757.23
519.20 -12.26 -16.02 -29.88 316.87 236.48 36.58 0.30
0.00 5408.01
478.00 -16.26 -19.55 -35.27 318.70 231.26 42.83 0.30
0.00 6034.75
441.00 -20.56 -22.99 -35.83 320.70 231.84 48.43 0.20
0.00 6635.64
407.70 -24.86 -26.77 -39.67 322.00 232.71 53.22 0.10
0.00 7211.33
377.50 -28.86 -30.37 -43.34 323.56 231.64 58.22 0.10
0.00 7766.25
350.20 -33.16 -34.38 -49.49 324.37 229.36 61.44 0.10
0.00 8298.35
325.60 -37.26 -38.23 -55.96 325.30 229.30 64.04 0.10
0.00 8805.66
303.50 -41.16 -41.76 -53.18 326.53 229.13 66.78 0.00
0.00 9287.00
283.50 -44.16 -44.61 -54.73 328.61 228.31 68.94 0.00
0.00 9746.95
265.50 -45.26 -45.75 -59.07 333.09 226.80 70.09 0.10
0.00 10185.60
248.70 -45.26 -45.86 -66.51 339.24 225.88 71.15 0.10
0.00 10621.65
233.50 -46.06 -46.65 -66.97 344.20 226.10 71.72 0.00
0.00 11041.61
219.60 -48.06 -48.58 -72.27 347.16 226.13 69.52 0.00
0.00 11447.79
205.60 -50.46 -50.89 -72.72 349.98 224.88 66.61 0.00
0.00 11879.51
191.70 -53.06 -53.40 -73.19 352.88 224.63 64.41 -0.10
0.00 12333.14
177.70 -55.46 -9999.00 -9999.00 -9999.00 225.25 62.08 -0.10
0.00 12819.03
163.80 -57.86 -9999.00 -9999.00 -9999.00 226.20 59.21 0.00
0.00 13335.18
149.80 -60.36 -9999.00 -9999.00 -9999.00 225.44 53.44 0.00
0.00 13894.95
135.90 -62.56 -9999.00 -9999.00 -9999.00 220.20 47.55 0.00
0.00 14498.37
121.90 -64.66 -9999.00 -9999.00 -9999.00 218.77 46.83 0.00
0.00 15165.20
108.00 -65.66 -9999.00 -9999.00 -9999.00 223.30 41.63 0.00
0.00 15902.29
94.00 -65.76 -9999.00 -9999.00 -9999.00 222.42 36.58 0.00
0.00 16745.32
81.00 -62.96 -9999.00 -9999.00 -9999.00 210.51 25.25 0.00
0.00 17655.00
70.60 -62.56 -9999.00 -9999.00 -9999.00 201.72 24.67 0.00
0.00 18501.28
62.20 -61.26 -9999.00 -9999.00 -9999.00 197.35 16.28 0.00
0.00 19284.55
54.30 -62.66 -9999.00 -9999.00 -9999.00 192.23 11.93 0.00
0.00 20124.23
46.90 -63.26 -9999.00 -9999.00 -9999.00 173.66 5.28 0.00
0.00 21025.62
40.10 -63.76 -9999.00 -9999.00 -9999.00 93.18 3.50 0.00
0.00 21986.85
33.80 -63.86 -9999.00 -9999.00 -9999.00 140.19 1.52 0.00
0.00 23034.16
27.80 -60.46 -9999.00 -9999.00 -9999.00 73.30 2.02 0.00
0.00 24241.10
22.30 -56.56 -9999.00 -9999.00 -9999.00 108.43 7.36 0.00
0.00 25626.14
17.10 -52.66 -9999.00 -9999.00 -9999.00 194.04 1.59 0.00
0.00 27324.59
12.30 -51.46 -9999.00 -9999.00 -9999.00 286.89 11.36 0.00
0.00 29456.85
STN YYMMDD/HHMM PMSL PRES SKTC STC1 SNFL WTNS
P01M C01M STC2 LCLD MCLD HCLD
SNRA UWND VWND R01M BFGR T2MS
Q2MS WXTS WXTP WXTZ WXTR USTM
VSTM HLCY SLLH WSYM CDBP VSBK
TD2M
725200 221026/1200 1006.90 968.50 12.14 285.30 -9999.00 25.00
-9999.00 -9999.00 285.70 38.00 100.00 0.00
-9999.00 -0.50 2.70 -9999.00 -9999.00 11.74
8.81 0.00 0.00 0.00 0.00 3.90
22.40 -25.60 -9999.00 999.00 899.00 20.00
11.40
725200 221026/1300 1007.50 969.20 13.24 286.40 0.00 23.00
0.28 0.00 286.50 89.00 100.00 0.00
-9999.00 -1.50 3.60 -9999.00 -9999.00 12.94
9.14 0.00 0.00 0.00 1.00 5.40
21.00 -45.60 0.01 60.00 605.80 0.00
11.96
725200 221026/1400 1007.80 969.60 13.64 286.80 0.00 23.00
0.42 0.38 286.90 100.00 100.00 0.00
-9999.00 -1.60 3.50 -9999.00 -9999.00 13.44
9.33 0.00 0.00 0.00 1.00 5.10
19.40 12.40 0.00 60.00 826.20 0.00
12.27
725200 221026/1500 1007.50 969.40 15.44 288.60 0.00 22.00
0.02 0.00 288.30 87.00 63.00 0.00
-9999.00 -0.90 3.70 -9999.00 -9999.00 14.54
9.38 0.00 0.00 0.00 0.00 7.70
16.70 -62.80 0.01 999.00 826.00 0.00
12.35
725200 221026/1600 1006.70 968.70 15.44 288.60 0.00 21.00
0.00 0.00 288.60 100.00 9.00 0.00
-9999.00 1.10 3.70 -9999.00 -9999.00 15.24
9.10 0.00 0.00 0.00 0.00 10.30
15.20 -108.20 0.00 999.00 876.60 0.11
11.88
725200 221026/1700 1007.10 969.00 14.64 287.80 0.00 20.00
0.00 0.00 287.90 100.00 0.00 0.00
-9999.00 3.60 3.40 -9999.00 -9999.00 14.34
8.86 0.00 0.00 0.00 0.00 13.70
13.10 -109.10 0.00 999.00 763.40 0.04
11.49
725200 221026/1800 1006.40 968.20 13.54 286.70 0.00 21.00
0.08 0.00 287.00 100.00 1.00 0.00
-9999.00 3.60 3.10 -9999.00 -9999.00 13.24
8.72 0.00 0.00 0.00 1.00 15.80
11.70 -102.90 -0.01 60.00 898.50 0.00
11.24
725200 221026/1900 1007.70 969.50 14.04 287.20 0.00 19.00
0.01 0.00 287.50 100.00 0.00 0.00
-9999.00 4.30 3.20 -9999.00 -9999.00 13.54
8.16 0.00 0.00 0.00 0.00 13.70
1.80 0.60 0.01 999.00 899.60 0.01
10.28
725200 221026/2000 1008.40 970.00 12.54 285.70 0.00 20.00
0.12 0.00 286.10 100.00 0.00 0.00
-9999.00 3.90 3.50 -9999.00 -9999.00 12.44
7.50 0.00 0.00 0.00 1.00 12.60
0.10 36.20 0.00 60.00 796.70 0.00
9.04
725200 221026/2100 1009.30 970.90 12.64 285.80 0.00 19.00
0.00 0.00 286.10 100.00 0.00 0.00
-9999.00 4.20 3.50 -9999.00 -9999.00 12.24
7.26 0.00 0.00 0.00 0.00 14.70
-2.30 50.30 0.00 999.00 878.60 0.13
8.58
725200 221026/2200 1011.10 972.50 11.64 284.80 0.00 18.00
0.00 0.00 285.20 100.00 0.00 0.00
-9999.00 3.90 3.00 -9999.00 -9999.00 11.44
7.14 0.00 0.00 0.00 0.00 17.10
-4.00 63.20 -0.01 999.00 902.50 0.52
8.36
725200 221026/2300 1013.00 974.20 10.94 284.10 0.00 19.00
0.03 0.00 284.50 100.00 0.00 0.00
-9999.00 3.90 2.80 -9999.00 -9999.00 10.74
7.22 0.00 0.00 0.00 1.00 17.30
-3.50 60.00 0.00 60.00 904.10 0.00
8.55
725200 221027/0000 1014.50 975.50 10.54 283.70 0.00 21.00
0.25 0.00 284.10 100.00 0.00 0.00
-9999.00 4.90 0.20 -9999.00 -9999.00 10.24
7.38 0.00 0.00 0.00 1.00 19.70
-1.80 -44.40 0.00 60.00 943.40 0.00
8.89
725200 221027/0100 1014.90 975.80 9.64 282.80 0.00 20.00
0.11 0.00 283.30 100.00 0.00 0.00
-9999.00 4.70 -0.70 -9999.00 -9999.00 9.44
6.53 0.00 0.00 0.00 1.00 19.20
-3.00 -84.80 0.00 60.00 905.60 0.00
7.12
725200 221027/0200 1015.80 976.70 9.24 282.40 0.00 20.00
0.02 0.00 282.90 100.00 0.00 0.00
-9999.00 4.50 -0.80 -9999.00 -9999.00 9.04
6.46 0.00 0.00 0.00 1.00 19.70
-2.70 -70.70 0.00 60.00 927.10 0.00
6.97
725200 221027/0300 1017.60 978.40 9.04 282.20 0.00 20.00
0.01 0.00 282.60 100.00 0.00 0.00
-9999.00 4.40 -1.30 -9999.00 -9999.00 8.84
6.37 0.00 0.00 0.00 0.00 19.30
-3.80 -54.20 0.00 999.00 928.70 0.01
6.80
725200 221027/0400 1017.80 978.50 8.84 282.00 0.00 19.00
0.00 0.00 282.40 100.00 0.00 0.00
-9999.00 4.20 -1.60 -9999.00 -9999.00 8.64
6.25 0.00 0.00 0.00 0.00 18.80
-4.70 -62.50 0.00 999.00 928.80 0.01
6.53
725200 221027/0500 1017.60 978.30 8.44 281.60 0.00 20.00
0.03 0.00 282.00 100.00 0.00 0.00
-9999.00 4.10 -1.80 -9999.00 -9999.00 8.24
6.19 0.00 0.00 0.00 1.00 18.80
-4.60 -73.70 0.00 60.00 928.60 0.00
6.38
725200 221027/0600 1019.00 979.50 8.24 281.40 0.00 20.00
0.04 0.00 281.80 100.00 0.00 0.00
-9999.00 3.90 -2.00 -9999.00 -9999.00 8.04
6.08 0.00 0.00 0.00 1.00 18.60
-4.90 -84.90 0.00 60.00 929.80 0.00
6.14
725200 221027/0700 1020.50 981.00 8.14 281.30 0.00 19.00
0.01 0.00 281.60 100.00 0.00 0.00
-9999.00 3.30 -2.20 -9999.00 -9999.00 8.04
5.95 0.00 0.00 0.00 0.00 17.90
-5.00 -83.30 0.00 999.00 863.00 0.00
5.86
725200 221027/0800 1021.40 981.90 7.94 281.10 0.00 19.00
0.00 0.00 281.40 100.00 0.00 0.00
-9999.00 3.10 -2.20 -9999.00 -9999.00 7.84
5.78 0.00 0.00 0.00 0.00 17.20
-5.80 -71.10 0.00 999.00 888.50 0.02
5.45
725200 221027/0900 1022.30 982.70 7.64 280.80 0.00 19.00
0.00 0.00 281.10 100.00 0.00 0.00
-9999.00 2.90 -2.50 -9999.00 -9999.00 7.54
5.43 0.00 0.00 0.00 0.00 16.00
-6.40 -61.80 0.00 999.00 912.10 0.02
4.58


