
SNPARM = PRES;TMPC;TMWC;DWPC;THTE;DRCT;SKNT;OMEG;CFRL;HGHT 
STNPRM = SHOW;LIFT;SWET;KINX;LCLP;PWAT;TOTL;CAPE;LCLT;CINS;EQLV;LFCT;BRCH 

STID = KRNK STNM = 723180 TIME = 221026/1200 
SLAT = 37.21 SLON = -80.41 SELV = 620.0
STIM = 0

SHOW = 5.05 LIFT = 7.17 SWET = 310.38 KINX = 26.45
LCLP = 899.25 PWAT = 22.82 TOTL = 39.62 CAPE = 0.00
LCLT = 282.10 CINS = 0.00 EQLV = -9999.00 LFCT = -9999.00
BRCH = 0.00

PRES TMPC TMWC DWPC THTE DRCT SKNT OMEG
CFRL HGHT
937.70 12.34 10.77 9.57 313.84 75.96 0.80 0.00
0.00 629.85
934.90 12.44 10.65 9.28 313.85 150.26 4.70 0.10
0.00 654.96
929.80 12.14 10.37 9.01 313.74 160.77 8.84 0.00
0.00 700.88
921.00 11.64 10.09 8.89 314.07 167.86 15.70 -0.10
0.00 780.60
908.00 11.04 10.05 9.28 315.60 172.69 22.92 -0.30
0.00 899.55
891.40 10.64 10.50 10.34 319.00 174.29 27.33 -0.40
0.00 1053.72
871.60 10.54 10.46 10.35 321.58 180.75 29.72 -0.60
74.00 1241.29
850.10 9.74 9.70 9.61 322.36 190.66 30.44 -0.60
60.00 1449.53
826.90 9.04 8.33 7.76 321.77 201.87 30.77 -0.60
52.00 1679.55
801.10 8.14 8.02 7.88 324.64 207.04 31.62 -0.50
36.00 1942.25
772.80 7.44 6.52 5.78 324.70 202.72 33.70 -0.40
1.00 2239.44
741.90 6.14 5.08 4.19 325.52 195.63 38.93 -0.40
33.00 2575.27
708.50 4.44 3.42 2.51 326.40 190.71 43.88 -0.30
30.00 2952.25
672.50 2.04 -1.03 -4.65 321.08 191.80 44.66 -0.20
0.00 3375.49
634.00 0.54 -6.06 -20.56 315.83 196.77 42.40 -0.10
0.00 3849.82
592.80 -2.46 -9.39 -33.34 315.76 195.87 38.36 0.00
0.00 4385.42
549.30 -6.66 -11.91 -27.98 318.78 213.19 42.95 0.10
0.00 4984.80
506.80 -9.56 -14.58 -33.71 321.74 219.27 48.17 0.20
0.00 5609.77
468.40 -12.96 -17.64 -42.70 323.91 223.22 48.50 0.30
0.00 6213.91
433.60 -17.76 -21.25 -41.22 325.21 229.25 48.21 0.50
0.00 6796.53
402.20 -22.06 -25.01 -50.78 326.10 230.50 51.61 0.70
0.00 7353.82
373.40 -26.16 -28.61 -68.58 327.32 229.44 58.55 0.90
0.00 7895.45
347.30 -30.06 -31.95 -64.05 328.94 221.92 58.74 0.90
0.00 8415.20
323.60 -33.76 -35.18 -59.27 330.63 212.66 53.98 0.80
0.00 8914.32
302.10 -37.16 -38.26 -59.81 332.40 208.47 52.16 0.70
0.00 9392.66
282.60 -40.46 -41.27 -58.57 334.10 209.93 53.34 0.60
0.00 9850.37
265.00 -43.76 -44.36 -59.08 335.47 214.18 57.05 0.50
0.00 10285.25
248.40 -46.46 -46.92 -59.59 337.70 217.12 62.12 0.40
0.00 10717.07
233.40 -48.66 -49.05 -61.81 340.39 217.36 64.02 0.40
0.00 11128.38
219.60 -50.16 -50.52 -64.44 344.01 220.87 62.94 0.30
0.00 11527.54
205.60 -51.96 -52.29 -67.89 347.67 226.58 59.91 0.20
0.00 11955.79
191.70 -53.96 -54.26 -73.19 351.44 229.78 54.45 0.10
0.00 12406.97
177.70 -55.76 -56.02 -73.70 356.19 223.50 47.13 0.00
0.00 12891.53
163.80 -57.76 -57.98 -74.24 361.22 210.45 44.83 -0.10
0.00 13407.45
149.80 -59.06 -9999.00 -9999.00 -9999.00 210.26 40.48 -0.20
0.00 13969.05
135.90 -60.86 -9999.00 -9999.00 -9999.00 212.04 33.68 -0.10
0.00 14576.75
121.90 -63.96 -9999.00 -9999.00 -9999.00 217.17 29.25 -0.10
0.00 15247.39
108.00 -66.26 -9999.00 -9999.00 -9999.00 216.20 23.35 0.00
0.00 15984.66
94.00 -65.66 -9999.00 -9999.00 -9999.00 209.68 20.78 0.00
0.00 16826.67
81.00 -64.46 -9999.00 -9999.00 -9999.00 197.53 15.48 0.00
0.00 17733.30
70.60 -65.16 -9999.00 -9999.00 -9999.00 176.31 6.04 0.00
0.00 18571.34
62.20 -64.76 -9999.00 -9999.00 -9999.00 158.63 4.80 0.00
0.00 19343.30
54.30 -65.06 -9999.00 -9999.00 -9999.00 87.88 5.24 0.00
0.00 20171.25
46.90 -65.16 -9999.00 -9999.00 -9999.00 68.20 4.18 0.00
0.00 21063.42
40.10 -64.46 -9999.00 -9999.00 -9999.00 50.91 4.00 0.00
0.00 22018.68
33.80 -63.76 -9999.00 -9999.00 -9999.00 24.44 7.03 0.00
0.00 23064.50
27.80 -62.06 -9999.00 -9999.00 -9999.00 21.19 10.22 0.00
0.00 24267.15
22.30 -58.26 -9999.00 -9999.00 -9999.00 12.41 9.95 0.00
0.00 25641.54
17.10 -53.16 -9999.00 -9999.00 -9999.00 334.98 6.43 0.00
0.00 27331.44
12.30 -49.56 -9999.00 -9999.00 -9999.00 267.34 8.35 0.00
0.00 29470.45

STID = KRNK STNM = 723180 TIME = 221026/1300 
SLAT = 37.21 SLON = -80.41 SELV = 620.0
STIM = 1

SHOW = 7.11 LIFT = 8.40 SWET = 250.46 KINX = 7.39
LCLP = 897.71 PWAT = 17.81 TOTL = 36.26 CAPE = 0.00
LCLT = 282.72 CINS = 0.00 EQLV = -9999.00 LFCT = -9999.00
BRCH = 0.00

PRES TMPC TMWC DWPC THTE DRCT SKNT OMEG
CFRL HGHT
938.00 13.14 11.46 10.23 315.72 162.47 3.87 0.10
0.00 630.77
935.20 12.84 11.31 10.19 315.66 166.43 5.79 0.10
0.00 655.93
930.10 12.44 11.11 10.12 315.73 170.54 8.28 0.10
0.00 701.91
921.30 11.74 10.79 10.07 315.96 174.73 12.68 0.00
0.00 781.69
908.30 10.94 10.41 9.98 316.55 177.61 18.67 -0.10
0.00 900.64
891.60 10.54 10.16 9.84 318.03 182.35 23.72 -0.30
13.00 1055.64
871.80 10.14 9.75 9.42 319.52 192.67 25.68 -0.40
64.00 1242.96
850.30 9.14 9.02 8.88 320.41 208.79 24.61 -0.30
80.00 1450.72
827.10 7.94 7.92 7.85 320.60 221.99 23.52 -0.10
87.00 1679.96
801.30 7.34 6.45 5.69 320.28 215.59 24.36 0.00
34.00 1941.63
773.00 7.54 3.63 -0.34 317.03 201.39 29.84 0.00
0.00 2238.03
742.10 6.54 1.12 -5.63 315.33 197.01 34.54 0.10
0.00 2573.45
708.80 5.24 -1.45 -12.03 314.22 199.96 36.99 0.10
0.00 2949.07
672.90 3.64 -4.44 -23.88 312.87 203.50 38.97 0.10
0.00 3371.79
634.40 1.04 -6.68 -29.03 314.25 204.73 38.07 0.30
0.00 3847.09
593.10 -2.96 -8.52 -21.52 317.72 216.51 37.22 0.50
0.00 4383.71
549.50 -5.76 -11.04 -25.36 320.47 226.33 47.26 0.60
0.00 4984.83
507.00 -8.36 -13.98 -36.91 322.74 219.44 46.78 0.70
0.00 5612.04
468.50 -12.76 -17.50 -42.69 324.14 221.16 45.16 0.70
0.00 6219.17
433.80 -17.36 -21.05 -43.41 325.49 227.29 44.68 0.60
0.00 6800.59
402.20 -21.76 -24.78 -50.78 326.49 230.00 50.47 0.60
0.00 7362.06
373.50 -26.26 -28.58 -54.83 327.38 227.25 56.08 0.60
0.00 7901.97
347.30 -30.26 -32.03 -55.43 328.84 222.34 56.24 0.50
0.00 8423.33
323.60 -33.66 -35.05 -56.01 330.85 220.98 54.80 0.40
0.00 8922.36
302.10 -36.76 -37.88 -58.04 333.00 224.14 54.68 0.20
0.00 9401.20
282.60 -39.86 -40.75 -60.33 334.92 226.84 55.65 0.10
0.00 9859.90
265.00 -42.86 -43.55 -60.83 336.74 225.00 56.04 -0.10
0.00 10296.19
248.40 -45.96 -46.47 -61.33 338.40 220.56 56.76 -0.10
0.00 10729.33
233.40 -48.86 -49.24 -61.81 340.08 217.06 57.69 -0.10
0.00 11140.91
219.60 -51.06 -51.38 -64.44 342.62 220.27 58.29 0.00
0.00 11539.09
205.60 -53.26 -53.54 -67.89 345.63 225.41 57.56 0.00
0.00 11965.22
191.70 -54.96 -55.22 -73.19 349.83 227.15 54.84 0.00
0.00 12414.04
177.70 -55.96 -56.21 -73.70 355.86 224.37 49.73 0.00
0.00 12897.27
163.80 -57.86 -58.07 -74.24 361.05 216.10 46.15 -0.10
0.00 13412.83
149.80 -60.16 -9999.00 -9999.00 -9999.00 215.34 45.01 -0.20
0.00 13972.86
135.90 -60.96 -9999.00 -9999.00 -9999.00 222.57 35.61 -0.20
0.00 14578.85
121.90 -63.66 -9999.00 -9999.00 -9999.00 213.58 27.04 -0.10
0.00 15249.81
108.00 -66.56 -9999.00 -9999.00 -9999.00 209.19 24.69 0.00
0.00 15987.08
94.00 -65.76 -9999.00 -9999.00 -9999.00 206.79 22.42 0.00
0.00 16828.27
81.00 -64.96 -9999.00 -9999.00 -9999.00 192.77 14.94 0.00
0.00 17733.60
70.60 -65.36 -9999.00 -9999.00 -9999.00 151.82 6.18 0.00
0.00 18570.23
62.20 -64.76 -9999.00 -9999.00 -9999.00 141.63 5.94 0.00
0.00 19341.82
54.30 -64.56 -9999.00 -9999.00 -9999.00 84.29 5.85 0.00
0.00 20170.76
46.90 -64.06 -9999.00 -9999.00 -9999.00 75.96 4.80 0.00
0.00 21066.37
40.10 -63.66 -9999.00 -9999.00 -9999.00 48.99 5.92 0.00
0.00 22025.98
33.80 -63.66 -9999.00 -9999.00 -9999.00 23.55 8.26 0.00
0.00 23074.05
27.80 -62.06 -9999.00 -9999.00 -9999.00 11.07 9.11 0.00
0.00 24276.98
22.30 -58.06 -9999.00 -9999.00 -9999.00 1.25 8.94 0.00
0.00 25652.02
17.10 -52.46 -9999.00 -9999.00 -9999.00 4.76 7.01 0.00
0.00 27345.42
12.30 -49.26 -9999.00 -9999.00 -9999.00 315.00 5.77 0.00
0.00 29489.25

STID = KRNK STNM = 723180 TIME = 221026/1400 
SLAT = 37.21 SLON = -80.41 SELV = 620.0
STIM = 2

SHOW = 8.29 LIFT = 8.72 SWET = 217.78 KINX = 10.52
LCLP = 887.62 PWAT = 18.23 TOTL = 34.64 CAPE = 0.00
LCLT = 283.25 CINS = 0.00 EQLV = -9999.00 LFCT = -9999.00
BRCH = 0.00

PRES TMPC TMWC DWPC THTE DRCT SKNT OMEG
CFRL HGHT
938.40 14.64 12.45 10.94 318.51 194.74 7.63 0.10
0.00 629.92
935.50 14.24 12.24 10.84 318.26 192.99 10.37 0.10
0.00 656.12
930.40 13.74 11.97 10.72 318.13 192.72 12.35 0.00
0.00 702.31
921.60 12.94 11.55 10.56 318.08 192.09 13.91 -0.10
0.00 782.42
908.60 11.74 10.92 10.30 317.95 192.14 15.70 -0.20
0.00 901.76
891.90 10.64 10.09 9.64 317.78 194.74 19.08 -0.40
13.00 1056.96
872.20 9.74 9.10 8.57 317.65 205.14 21.04 -0.40
14.00 1243.13
850.70 9.14 8.45 7.89 318.79 219.47 21.39 -0.40
30.00 1450.59
827.40 7.64 7.60 7.51 319.67 227.17 21.72 -0.20
93.00 1680.55
801.60 7.64 5.86 4.32 318.69 212.24 25.49 -0.20
9.00 1942.05
773.30 7.34 3.47 -0.50 316.59 203.34 30.89 -0.10
0.00 2238.32
742.50 6.04 1.19 -4.65 315.49 204.36 33.90 -0.10
0.00 2572.10
709.10 4.84 -1.03 -9.50 315.20 208.32 36.85 0.00
0.00 2948.15
673.10 3.24 -3.34 -14.92 315.48 209.08 37.57 0.10
0.00 3371.47
634.50 0.84 -5.42 -17.66 317.17 207.80 36.23 0.30
0.00 3847.66
593.20 -1.36 -7.91 -24.02 318.83 222.36 44.70 0.50
0.00 4385.68
549.60 -3.96 -10.41 -30.17 321.51 223.29 50.70 0.60
0.00 4990.40
507.10 -7.96 -13.64 -35.46 323.39 221.83 47.18 0.70
0.00 5620.03
468.60 -12.86 -17.48 -40.48 324.18 232.88 45.07 0.60
0.00 6227.40
433.80 -17.46 -21.18 -45.00 325.25 239.44 47.38 0.40
0.00 6810.21
402.30 -21.86 -24.82 -49.03 326.41 238.07 49.20 0.40
0.00 7369.61
373.50 -26.46 -28.71 -52.42 327.19 233.22 51.90 0.30
0.00 7911.02
347.40 -30.66 -32.35 -54.16 328.31 226.62 53.46 0.20
0.00 8429.69
323.70 -34.26 -35.57 -56.01 329.99 224.85 53.71 0.10
0.00 8927.53
302.10 -36.96 -38.06 -58.04 332.72 227.04 54.16 0.10
0.00 9407.72
282.60 -39.46 -40.39 -60.33 335.49 225.89 53.03 0.00
0.00 9866.61
265.00 -42.26 -43.00 -60.83 337.62 220.03 50.74 -0.10
0.00 10303.84
248.40 -45.36 -45.93 -63.52 339.25 215.10 50.33 -0.10
0.00 10738.12
233.40 -48.26 -48.69 -63.99 340.95 215.77 50.51 -0.10
0.00 11150.79
219.60 -50.76 -51.12 -67.41 343.04 220.96 50.68 -0.10
0.00 11549.76
205.70 -53.06 -53.35 -67.88 345.89 223.43 50.29 0.00
0.00 11973.23
191.70 -54.86 -55.13 -73.19 349.99 223.12 50.29 0.00
0.00 12425.48
177.70 -56.36 -56.60 -73.70 355.20 222.43 48.95 0.00
0.00 12908.37
163.80 -57.96 -9999.00 -9999.00 -9999.00 220.73 46.13 0.00
0.00 13423.33
149.80 -59.96 -9999.00 -9999.00 -9999.00 219.87 44.54 0.00
0.00 13983.50
135.90 -61.26 -9999.00 -9999.00 -9999.00 228.27 38.52 0.00
0.00 14589.34
121.90 -62.26 -9999.00 -9999.00 -9999.00 212.60 25.60 0.00
0.00 15262.05
108.00 -66.06 -9999.00 -9999.00 -9999.00 206.98 23.97 0.00
0.00 16002.69
94.00 -66.06 -9999.00 -9999.00 -9999.00 211.74 22.16 0.00
0.00 16844.29
81.00 -65.86 -9999.00 -9999.00 -9999.00 190.62 12.65 0.00
0.00 17747.00
70.60 -66.56 -9999.00 -9999.00 -9999.00 146.31 7.01 0.00
0.00 18579.41
62.20 -65.76 -9999.00 -9999.00 -9999.00 136.01 7.83 0.00
0.00 19346.92
54.30 -65.26 -9999.00 -9999.00 -9999.00 99.04 8.66 0.00
0.00 20172.49
46.90 -64.46 -9999.00 -9999.00 -9999.00 101.56 8.72 0.00
0.00 21065.73
40.10 -64.06 -9999.00 -9999.00 -9999.00 74.05 7.07 0.00
0.00 22023.51
33.80 -63.76 -9999.00 -9999.00 -9999.00 31.61 5.92 0.00
0.00 23070.33
27.80 -61.16 -9999.00 -9999.00 -9999.00 355.60 5.07 0.00
0.00 24275.55
22.30 -56.46 -9999.00 -9999.00 -9999.00 357.51 4.47 0.00
0.00 25658.65
17.10 -51.46 -9999.00 -9999.00 -9999.00 29.48 5.13 0.00
0.00 27362.15
12.30 -49.36 -9999.00 -9999.00 -9999.00 296.57 2.60 0.00
0.00 29510.33

STID = KRNK STNM = 723180 TIME = 221026/1500 
SLAT = 37.21 SLON = -80.41 SELV = 620.0
STIM = 3

SHOW = 8.15 LIFT = 8.39 SWET = 179.70 KINX = 14.71
LCLP = 871.25 PWAT = 19.21 TOTL = 34.82 CAPE = 0.00
LCLT = 282.84 CINS = 0.00 EQLV = -9999.00 LFCT = -9999.00
BRCH = 0.00

PRES TMPC TMWC DWPC THTE DRCT SKNT OMEG
CFRL HGHT
938.30 15.74 12.80 10.80 319.54 217.48 7.34 0.00
0.00 629.96
935.50 15.24 12.53 10.67 319.11 215.94 9.60 0.00
0.00 655.34
930.30 14.64 12.23 10.55 318.89 215.42 10.72 0.00
0.00 702.59
921.50 13.84 11.81 10.39 318.84 214.76 11.58 0.10
0.00 782.96
908.50 12.64 11.19 10.14 318.73 214.70 12.28 0.10
0.00 902.69
891.90 11.14 10.39 9.81 318.63 215.13 12.82 0.10
0.00 1057.35
872.10 9.94 9.38 8.92 318.44 227.82 16.78 0.10
21.00 1244.72
850.60 9.34 8.58 7.97 319.16 233.69 20.01 0.10
10.00 1452.36
827.40 7.64 7.30 6.98 318.87 234.16 21.56 0.10
61.00 1681.41
801.60 6.94 5.80 4.81 318.54 221.52 24.90 0.10
12.00 1942.59
773.20 6.14 4.29 2.58 318.71 208.27 29.12 0.20
4.00 2239.04
742.40 5.14 2.18 -0.92 317.94 205.97 33.28 0.20
1.00 2571.85
708.90 4.34 -0.20 -5.89 317.24 208.96 35.30 0.40
0.00 2948.39
673.00 3.34 -2.47 -11.36 317.49 211.84 34.98 0.50
0.00 3370.50
634.40 1.84 -5.41 -21.25 317.05 224.61 40.38 0.50
0.00 3847.75
593.10 -0.66 -7.93 -28.29 318.65 228.79 47.77 0.50
0.00 4387.42
549.50 -3.76 -10.41 -31.76 321.49 223.21 48.23 0.60
0.00 4993.18
507.00 -7.96 -13.77 -37.88 323.12 226.96 44.11 0.60
0.00 5623.14
468.50 -12.66 -17.37 -41.31 324.37 242.25 46.31 0.40
0.00 6230.84
433.80 -17.96 -21.42 -41.62 324.87 237.87 47.47 0.30
0.00 6811.71
402.30 -22.46 -25.20 -46.27 325.79 229.40 46.56 0.20
0.00 7369.92
373.50 -26.46 -28.68 -51.42 327.23 226.62 48.64 0.20
0.00 7910.68
347.30 -30.36 -32.08 -53.04 328.78 226.82 51.94 0.20
0.00 8431.73
323.60 -33.86 -35.23 -56.01 330.57 229.06 54.25 0.10
0.00 8930.45
302.10 -36.86 -37.97 -58.04 332.86 229.57 55.11 0.10
0.00 9408.99
282.60 -39.36 -40.30 -60.33 335.64 226.48 53.30 0.00
0.00 9868.08
265.00 -41.96 -42.72 -60.83 338.06 221.23 50.10 0.00
0.00 10305.69
248.40 -44.86 -45.47 -63.52 340.00 217.29 48.10 -0.10
0.00 10740.72
233.40 -47.66 -48.13 -63.99 341.86 216.44 47.09 -0.20
0.00 11154.40
219.60 -50.36 -50.71 -64.44 343.70 219.11 46.81 -0.20
0.00 11554.26
205.60 -52.86 -53.16 -67.89 346.25 221.69 47.61 -0.10
0.00 11981.46
191.70 -55.06 -55.30 -68.39 349.72 223.39 48.91 -0.10
0.00 12430.59
177.70 -57.26 -57.47 -73.70 353.73 225.48 48.76 -0.10
0.00 12912.27
163.80 -58.96 -59.14 -74.24 359.21 225.83 47.40 -0.10
0.00 13424.96
149.80 -60.26 -9999.00 -9999.00 -9999.00 222.27 43.32 0.00
0.00 13983.43
135.90 -61.76 -9999.00 -9999.00 -9999.00 224.79 37.22 0.00
0.00 14588.13
121.90 -62.06 -9999.00 -9999.00 -9999.00 217.06 22.88 0.00
0.00 15260.37
108.00 -65.66 -9999.00 -9999.00 -9999.00 196.89 22.73 0.00
0.00 16002.07
94.00 -66.36 -9999.00 -9999.00 -9999.00 205.08 20.16 0.00
0.00 16843.87
81.00 -65.76 -9999.00 -9999.00 -9999.00 183.47 12.84 0.00
0.00 17746.15
70.60 -66.56 -9999.00 -9999.00 -9999.00 157.48 8.62 0.00
0.00 18578.75
62.20 -65.06 -9999.00 -9999.00 -9999.00 147.99 9.17 0.00
0.00 19347.56
54.30 -64.16 -9999.00 -9999.00 -9999.00 122.15 8.02 0.00
0.00 20176.71
46.90 -63.36 -9999.00 -9999.00 -9999.00 142.31 5.40 0.00
0.00 21074.67
40.10 -63.26 -9999.00 -9999.00 -9999.00 355.91 2.72 0.00
0.00 22036.81
33.80 -63.06 -9999.00 -9999.00 -9999.00 339.68 5.59 0.00
0.00 23087.37
27.80 -60.76 -9999.00 -9999.00 -9999.00 351.38 6.49 0.00
0.00 24295.74
22.30 -57.86 -9999.00 -9999.00 -9999.00 43.53 5.36 0.00
0.00 25675.62
17.10 -54.16 -9999.00 -9999.00 -9999.00 90.00 9.52 0.00
0.00 27363.19
12.30 -50.16 -9999.00 -9999.00 -9999.00 216.87 3.88 0.00
0.00 29494.48

STID = KRNK STNM = 723180 TIME = 221026/1600 
SLAT = 37.21 SLON = -80.41 SELV = 620.0
STIM = 4

SHOW = 8.15 LIFT = 8.02 SWET = 178.08 KINX = 12.41
LCLP = 857.61 PWAT = 18.85 TOTL = 34.62 CAPE = 3.60
LCLT = 282.71 CINS = -3.36 EQLV = 791.78 LFCT = 832.29
BRCH = 0.06

PRES TMPC TMWC DWPC THTE DRCT SKNT OMEG
CFRL HGHT
937.40 16.84 13.27 10.90 321.06 236.73 7.44 0.00
0.00 630.01
934.60 16.14 12.93 10.77 320.41 236.98 9.27 0.00
0.00 655.50
929.50 15.54 12.62 10.64 320.16 236.00 10.08 0.00
0.00 702.04
920.60 14.64 12.16 10.46 319.98 235.18 10.88 0.10
0.00 783.64
907.70 13.44 11.55 10.22 319.88 235.01 11.85 0.10
0.00 902.89
891.00 11.94 10.76 9.89 319.80 234.36 12.67 0.20
0.00 1059.07
871.30 10.34 9.71 9.21 319.48 235.89 14.55 0.20
30.00 1246.08
849.80 9.04 8.64 8.30 319.44 237.38 17.29 0.20
41.00 1453.97
826.60 7.54 7.29 7.04 318.95 235.98 18.75 0.20
43.00 1683.10
800.90 5.74 5.67 5.56 318.29 228.81 20.65 0.30
99.00 1942.93
772.50 5.84 4.03 2.33 318.16 214.16 26.30 0.30
10.00 2238.88
741.70 5.74 2.11 -1.77 317.87 209.12 31.14 0.30
2.00 2572.13
708.40 5.24 -0.05 -6.83 317.62 213.50 33.08 0.30
0.00 2947.68
672.50 3.94 -2.92 -14.73 316.46 222.91 33.95 0.40
0.00 3371.14
634.00 1.64 -5.62 -21.90 316.67 233.52 39.86 0.40
0.00 3847.73
592.80 -0.36 -7.76 -28.30 319.05 228.48 47.47 0.40
0.00 4386.49
549.20 -3.16 -10.23 -34.65 321.82 223.48 46.58 0.40
0.00 4993.55
506.80 -7.76 -13.81 -41.96 323.02 231.78 43.03 0.30
0.00 5623.23
468.30 -12.86 -17.48 -40.48 324.24 235.73 47.96 0.30
0.00 6231.16
433.60 -18.06 -21.53 -42.48 324.71 230.02 48.68 0.30
0.00 6811.95
402.20 -22.56 -25.28 -46.27 325.68 230.16 47.30 0.20
0.00 7368.36
373.40 -26.56 -28.77 -51.42 327.13 231.95 48.85 0.10
0.00 7909.05
347.30 -30.26 -32.01 -54.16 328.88 234.96 52.43 0.00
0.00 8428.18
323.60 -33.86 -35.25 -57.49 330.53 237.51 53.88 -0.10
0.00 8926.99
302.10 -36.96 -38.08 -59.81 332.68 236.96 52.37 -0.10
0.00 9405.44
282.60 -39.96 -40.84 -60.33 334.77 233.53 50.00 -0.10
0.00 9863.83
265.00 -42.66 -43.36 -60.83 337.03 227.96 47.86 -0.10
0.00 10300.22
248.40 -45.46 -46.03 -63.52 339.11 222.08 45.80 -0.10
0.00 10734.02
233.40 -48.06 -48.50 -63.99 341.25 217.57 44.60 0.00
0.00 11146.79
219.60 -50.56 -50.90 -64.44 343.39 215.71 44.25 0.00
0.00 11546.12
205.60 -52.76 -53.06 -67.89 346.41 217.75 45.69 0.00
0.00 11973.22
191.70 -54.86 -55.13 -73.19 349.99 222.72 48.39 0.00
0.00 12422.65
177.70 -57.26 -57.47 -73.70 353.73 229.35 48.89 0.00
0.00 12904.55
163.80 -59.66 -59.83 -74.24 358.03 231.60 46.60 0.00
0.00 13416.41
149.80 -60.46 -9999.00 -9999.00 -9999.00 225.56 42.44 0.00
0.00 13973.70
135.90 -61.76 -9999.00 -9999.00 -9999.00 221.27 35.92 0.00
0.00 14578.12
121.90 -62.96 -9999.00 -9999.00 -9999.00 218.80 25.43 0.00
0.00 15248.92
108.00 -65.76 -9999.00 -9999.00 -9999.00 194.27 22.84 0.00
0.00 15988.85
94.00 -66.96 -9999.00 -9999.00 -9999.00 199.08 21.99 0.00
0.00 16829.23
81.00 -65.66 -9999.00 -9999.00 -9999.00 187.73 15.87 0.00
0.00 17730.42
70.60 -66.56 -9999.00 -9999.00 -9999.00 177.95 10.88 0.00
0.00 18563.23
62.20 -64.96 -9999.00 -9999.00 -9999.00 165.43 10.04 0.00
0.00 19332.22
54.30 -64.36 -9999.00 -9999.00 -9999.00 140.39 7.30 0.00
0.00 20161.17
46.90 -64.16 -9999.00 -9999.00 -9999.00 140.19 4.55 0.00
0.00 21056.98
40.10 -63.86 -9999.00 -9999.00 -9999.00 12.34 6.37 0.00
0.00 22015.91
33.80 -63.46 -9999.00 -9999.00 -9999.00 10.01 6.70 0.00
0.00 23063.98
27.80 -60.66 -9999.00 -9999.00 -9999.00 27.47 5.48 0.00
0.00 24271.49
22.30 -56.96 -9999.00 -9999.00 -9999.00 78.69 3.96 0.00
0.00 25654.59
17.10 -54.16 -9999.00 -9999.00 -9999.00 96.01 3.71 0.00
0.00 27345.66
12.30 -50.46 -9999.00 -9999.00 -9999.00 243.43 7.81 0.00
0.00 29475.51

STID = KRNK STNM = 723180 TIME = 221026/1700 
SLAT = 37.21 SLON = -80.41 SELV = 620.0
STIM = 5

SHOW = 8.79 LIFT = 8.41 SWET = 178.24 KINX = 8.40
LCLP = 860.21 PWAT = 18.46 TOTL = 33.64 CAPE = 11.54
LCLT = 282.56 CINS = -0.14 EQLV = 767.70 LFCT = 859.16
BRCH = 0.28

PRES TMPC TMWC DWPC THTE DRCT SKNT OMEG
CFRL HGHT
937.50 16.44 13.01 10.70 320.27 253.18 8.72 -0.10
0.00 629.99
934.60 15.94 12.74 10.56 319.84 253.03 11.99 -0.10
0.00 656.37
929.50 15.44 12.47 10.43 319.70 251.82 13.69 0.00
0.00 702.87
920.70 14.54 12.00 10.24 319.49 251.80 14.92 0.10
0.00 783.52
907.70 13.44 11.42 9.99 319.50 251.34 15.79 0.20
0.00 903.66
891.10 11.84 10.58 9.66 319.30 250.48 16.28 0.30
0.00 1058.85
871.30 10.04 9.59 9.22 319.15 248.82 16.67 0.40
0.00 1246.67
849.80 8.34 8.27 8.17 318.42 246.30 17.40 0.40
74.00 1454.19
826.70 7.04 7.02 6.95 318.22 244.27 17.89 0.30
100.00 1681.81
800.90 5.74 5.69 5.60 318.35 244.00 17.72 0.20
100.00 1942.40
772.60 4.04 3.84 3.62 317.68 225.37 21.29 0.20
67.00 2236.39
741.70 5.34 1.83 -1.98 317.20 218.02 27.12 0.20
3.00 2569.44
708.40 5.54 -0.75 -9.80 315.91 217.02 28.71 0.30
0.00 2944.84
672.50 3.84 -3.46 -17.38 315.19 224.44 28.03 0.40
0.00 3368.31
634.00 2.14 -5.43 -22.68 317.02 232.61 38.38 0.40
0.00 3845.19
592.80 0.44 -7.42 -29.94 319.67 225.17 46.29 0.40
0.00 4385.20
549.30 -2.76 -10.03 -35.50 322.18 222.56 45.09 0.30
0.00 4992.13
506.80 -7.66 -13.66 -39.73 323.33 229.59 44.64 0.30
0.00 5623.83
468.40 -12.86 -17.51 -41.31 324.14 228.58 48.45 0.10
0.00 6230.24
433.70 -17.86 -21.40 -42.93 324.91 227.57 48.95 0.00
0.00 6811.12
402.20 -22.46 -25.22 -46.89 325.77 231.31 51.26 0.00
0.00 7369.57
373.40 -26.96 -29.07 -50.51 326.63 234.31 52.62 -0.10
0.00 7909.92
347.30 -30.86 -32.52 -54.16 328.06 239.58 52.93 -0.10
0.00 8428.00
323.60 -34.46 -35.77 -57.49 329.70 242.59 52.74 -0.10
0.00 8925.57
302.10 -37.46 -38.53 -59.81 331.97 240.42 49.59 -0.10
0.00 9402.91
282.60 -40.16 -41.02 -60.33 334.49 233.33 45.53 -0.10
0.00 9860.62
265.00 -43.06 -43.76 -63.03 336.40 225.72 43.69 0.00
0.00 10296.44
248.40 -45.76 -46.31 -63.52 338.66 220.86 41.86 0.00
0.00 10729.58
233.40 -48.26 -48.69 -63.99 340.95 216.71 40.95 0.10
0.00 11141.89
219.60 -50.46 -50.83 -67.41 343.50 213.11 42.68 0.10
0.00 11541.13
205.60 -52.36 -52.68 -67.89 347.04 213.42 45.84 0.10
0.00 11968.71
191.70 -54.46 -54.74 -73.19 350.64 218.62 48.23 0.00
0.00 12418.96
177.70 -56.76 -56.99 -73.70 354.55 227.60 48.41 0.00
0.00 12901.86
163.80 -59.36 -59.53 -74.24 358.54 231.30 42.56 -0.10
0.00 13414.67
149.80 -60.96 -9999.00 -9999.00 -9999.00 225.80 39.30 -0.10
0.00 13971.70
135.90 -61.86 -9999.00 -9999.00 -9999.00 220.26 34.87 -0.10
0.00 14575.27
121.90 -63.56 -9999.00 -9999.00 -9999.00 219.04 27.76 -0.10
0.00 15244.96
108.00 -65.86 -9999.00 -9999.00 -9999.00 196.61 23.12 0.00
0.00 15983.64
94.00 -67.36 -9999.00 -9999.00 -9999.00 193.31 26.15 0.00
0.00 16823.01
81.00 -65.46 -9999.00 -9999.00 -9999.00 195.55 19.56 0.00
0.00 17723.76
70.60 -66.16 -9999.00 -9999.00 -9999.00 189.75 12.61 0.00
0.00 18557.77
62.20 -64.36 -9999.00 -9999.00 -9999.00 174.38 11.91 0.00
0.00 19328.62
54.30 -63.86 -9999.00 -9999.00 -9999.00 168.69 7.93 0.00
0.00 20159.75
46.90 -64.06 -9999.00 -9999.00 -9999.00 201.04 2.70 0.00
0.00 21056.86
40.10 -64.06 -9999.00 -9999.00 -9999.00 354.29 7.81 0.00
0.00 22015.56
33.80 -63.16 -9999.00 -9999.00 -9999.00 8.37 6.68 0.00
0.00 23063.87
27.80 -61.06 -9999.00 -9999.00 -9999.00 23.39 7.83 0.00
0.00 24271.10
22.30 -58.36 -9999.00 -9999.00 -9999.00 55.84 6.57 0.00
0.00 25648.40
17.10 -55.36 -9999.00 -9999.00 -9999.00 108.43 7.98 0.00
0.00 27329.36
12.30 -50.26 -9999.00 -9999.00 -9999.00 211.16 9.75 0.00
0.00 29454.39

STID = KRNK STNM = 723180 TIME = 221026/1800 
SLAT = 37.21 SLON = -80.41 SELV = 620.0
STIM = 6

SHOW = 9.33 LIFT = 8.93 SWET = 166.26 KINX = 4.77
LCLP = 853.46 PWAT = 17.03 TOTL = 33.16 CAPE = 10.22
LCLT = 281.75 CINS = -0.32 EQLV = 784.24 LFCT = 850.34
BRCH = 0.26

PRES TMPC TMWC DWPC THTE DRCT SKNT OMEG
CFRL HGHT
936.10 16.14 12.51 9.98 318.94 246.97 8.45 -0.10
0.00 630.90
933.40 15.74 12.28 9.85 318.62 247.46 11.15 -0.10
0.00 655.47
928.30 15.14 11.96 9.70 318.35 248.52 12.74 -0.10
0.00 701.98
919.40 14.34 11.53 9.52 318.28 248.50 13.77 -0.10
0.00 783.56
906.40 13.14 10.89 9.25 318.15 248.63 14.39 -0.10
0.00 903.74
889.80 11.64 10.08 8.91 318.05 248.75 15.02 -0.10
0.00 1058.99
870.10 9.84 9.05 8.41 317.80 248.86 15.62 0.00
0.00 1245.94
848.70 8.04 7.70 7.39 317.04 249.29 17.04 0.10
53.00 1452.53
825.60 6.34 6.30 6.22 316.50 248.09 18.22 0.30
100.00 1680.00
799.90 4.84 4.81 4.74 316.25 244.74 19.11 0.50
100.00 1939.11
771.60 4.54 2.97 1.41 315.69 233.13 22.34 0.60
32.00 2233.14
740.90 6.74 1.07 -6.08 315.37 225.63 25.00 0.70
0.00 2565.35
707.60 6.34 -1.15 -13.33 314.96 225.00 25.82 0.70
0.00 2942.43
671.80 4.04 -2.99 -15.36 316.38 238.15 30.19 0.50
0.00 3365.91
633.40 2.34 -5.35 -22.92 317.27 239.41 40.85 0.30
0.00 3842.39
592.30 0.24 -7.55 -30.15 319.48 230.01 45.63 0.10
0.00 4381.58
548.90 -3.26 -10.25 -33.86 321.86 224.28 43.96 0.10
0.00 4986.82
506.50 -7.96 -13.82 -38.96 323.10 228.52 42.52 0.10
0.00 5616.51
468.10 -12.96 -17.62 -42.22 324.00 232.00 45.10 0.10
0.00 6222.84
433.50 -17.96 -21.46 -42.48 324.86 231.94 46.64 0.10
0.00 6802.14
402.00 -22.66 -25.32 -45.14 325.68 231.27 47.80 0.10
0.00 7360.53
373.30 -27.16 -29.22 -49.69 326.43 232.22 49.15 0.20
0.00 7898.79
347.20 -31.16 -32.78 -54.16 327.68 237.18 49.46 0.20
0.00 8416.48
323.60 -34.46 -35.77 -57.49 329.70 241.23 49.63 0.20
0.00 8911.71
302.10 -37.36 -38.44 -59.81 332.11 239.04 47.57 0.10
0.00 9389.15
282.60 -39.96 -40.87 -62.54 334.73 229.43 44.50 0.00
0.00 9847.16
264.90 -42.76 -43.48 -63.04 336.88 222.27 43.32 -0.10
0.00 10286.01
248.40 -45.46 -46.03 -63.52 339.11 220.08 41.63 -0.10
0.00 10717.18
233.40 -48.16 -48.60 -63.99 341.10 219.13 40.33 -0.10
0.00 11129.86
219.60 -50.66 -51.02 -67.41 343.19 217.53 40.17 0.00
0.00 11529.01
205.60 -52.66 -52.96 -67.89 346.57 216.30 42.66 0.00
0.00 11956.11
191.70 -54.46 -54.74 -73.19 350.64 220.93 44.48 0.00
0.00 12406.06
177.70 -56.56 -56.79 -73.70 354.88 227.84 44.29 0.10
0.00 12889.17
163.80 -59.16 -59.34 -74.24 358.87 228.95 39.92 0.10
0.00 13402.47
149.80 -61.06 -9999.00 -9999.00 -9999.00 219.81 36.40 0.10
0.00 13959.62
135.90 -62.06 -9999.00 -9999.00 -9999.00 214.59 34.21 0.10
0.00 14562.76
121.90 -63.86 -9999.00 -9999.00 -9999.00 212.82 31.90 0.10
0.00 15231.66
108.00 -65.56 -9999.00 -9999.00 -9999.00 195.83 27.06 0.00
0.00 15970.34
94.00 -67.06 -9999.00 -9999.00 -9999.00 194.82 31.14 0.00
0.00 16810.93
81.00 -65.56 -9999.00 -9999.00 -9999.00 209.44 22.53 0.00
0.00 17712.11
70.60 -66.16 -9999.00 -9999.00 -9999.00 205.60 10.33 0.00
0.00 18545.92
62.20 -64.96 -9999.00 -9999.00 -9999.00 180.00 9.91 0.00
0.00 19315.66
54.30 -64.96 -9999.00 -9999.00 -9999.00 172.87 6.25 0.00
0.00 20143.42
46.90 -65.16 -9999.00 -9999.00 -9999.00 201.80 1.05 0.00
0.00 21035.80
40.10 -64.96 -9999.00 -9999.00 -9999.00 25.56 4.95 0.00
0.00 21989.92
33.80 -62.96 -9999.00 -9999.00 -9999.00 68.50 6.90 0.00
0.00 23036.48
27.80 -60.86 -9999.00 -9999.00 -9999.00 68.75 11.25 0.00
0.00 24244.85
22.30 -58.36 -9999.00 -9999.00 -9999.00 81.53 9.23 0.00
0.00 25622.79
17.10 -54.36 -9999.00 -9999.00 -9999.00 115.35 4.08 0.00
0.00 27307.64
12.30 -49.16 -9999.00 -9999.00 -9999.00 244.29 11.64 0.00
0.00 29442.79

STID = KRNK STNM = 723180 TIME = 221026/1900 
SLAT = 37.21 SLON = -80.41 SELV = 620.0
STIM = 7

SHOW = 9.62 LIFT = 9.37 SWET = 156.36 KINX = 5.74
LCLP = 860.86 PWAT = 16.47 TOTL = 32.87 CAPE = 4.09
LCLT = 281.56 CINS = -0.32 EQLV = 798.93 LFCT = 857.10
BRCH = 0.11

PRES TMPC TMWC DWPC THTE DRCT SKNT OMEG
CFRL HGHT
937.30 15.34 12.04 9.68 317.43 273.73 8.95 -0.10
0.00 629.95
934.60 14.94 11.81 9.56 317.12 272.73 12.26 -0.10
0.00 654.42
929.40 14.44 11.54 9.44 317.02 272.42 13.81 -0.20
0.00 701.65
920.60 13.64 11.11 9.26 316.94 270.77 14.37 -0.20
0.00 782.01
907.60 12.44 10.48 9.01 316.83 269.25 14.76 -0.20
0.00 901.73
891.00 10.94 9.68 8.70 316.77 266.99 14.78 -0.20
0.00 1056.38
871.20 9.14 8.62 8.17 316.48 263.16 14.67 -0.20
0.00 1243.56
849.80 7.44 7.42 7.35 316.14 253.74 14.57 -0.20
100.00 1449.40
826.60 6.24 6.21 6.14 316.14 244.44 14.86 -0.10
100.00 1677.27
800.80 4.84 4.80 4.71 316.09 243.09 14.59 0.10
100.00 1937.04
772.50 6.84 2.79 -1.59 315.05 238.28 20.32 0.20
4.00 2231.85
741.80 8.24 1.05 -8.83 315.04 237.99 23.82 0.40
0.00 2565.75
708.40 6.04 -0.78 -10.98 315.77 244.70 23.64 0.40
0.00 2944.31
672.50 4.04 -3.40 -17.70 315.30 255.12 28.75 0.30
0.00 3368.29
634.00 2.34 -5.34 -22.91 317.19 246.95 38.21 0.20
0.00 3845.50
592.80 0.14 -7.50 -28.82 319.53 236.17 43.96 0.10
0.00 4385.42
549.30 -3.56 -10.34 -32.42 321.65 228.37 42.09 0.00
0.00 4991.16
506.90 -8.16 -13.90 -37.88 322.89 230.85 39.08 0.00
0.00 5619.81
468.40 -13.16 -17.76 -42.21 323.69 235.75 38.31 0.00
0.00 6226.82
433.70 -18.06 -21.55 -42.93 324.66 234.86 42.52 0.00
0.00 6807.13
402.20 -22.56 -25.26 -45.69 325.72 231.64 46.33 0.00
0.00 7365.25
373.40 -27.06 -29.13 -49.69 326.54 232.19 47.20 0.00
0.00 7905.40
347.30 -31.06 -32.67 -53.04 327.83 237.05 46.08 -0.10
0.00 8423.15
323.60 -34.66 -35.92 -56.01 329.47 241.49 45.98 -0.10
0.00 8920.32
302.10 -37.76 -38.80 -59.81 331.55 240.04 45.51 -0.10
0.00 9397.15
282.60 -40.56 -41.41 -62.54 333.87 230.98 43.51 -0.10
0.00 9854.18
265.00 -42.96 -43.69 -66.05 336.51 224.28 43.96 -0.10
0.00 10289.72
248.40 -45.46 -46.05 -66.52 339.06 221.70 42.93 -0.10
0.00 10723.23
233.40 -48.06 -48.53 -66.97 341.21 221.19 41.30 -0.10
0.00 11136.00
219.60 -50.66 -51.02 -67.41 343.19 220.33 40.52 0.00
0.00 11535.24
205.60 -52.96 -53.25 -67.89 346.10 220.63 41.47 0.10
0.00 11962.04
191.70 -54.46 -54.74 -73.19 350.64 225.73 43.41 0.10
0.00 12411.68
177.70 -56.26 -56.50 -73.70 355.37 231.18 43.38 0.10
0.00 12895.14
163.80 -58.66 -58.85 -74.24 359.71 229.46 40.64 0.00
0.00 13409.38
149.80 -60.76 -9999.00 -9999.00 -9999.00 221.86 37.55 -0.10
0.00 13967.58
135.90 -62.46 -9999.00 -9999.00 -9999.00 219.49 35.74 -0.10
0.00 14570.58
121.90 -64.56 -9999.00 -9999.00 -9999.00 214.86 34.32 -0.10
0.00 15237.72
108.00 -66.26 -9999.00 -9999.00 -9999.00 210.58 29.78 0.00
0.00 15973.93
94.00 -67.16 -9999.00 -9999.00 -9999.00 193.62 32.19 0.00
0.00 16812.89
81.00 -66.16 -9999.00 -9999.00 -9999.00 206.98 23.97 0.10
0.00 17712.55
70.60 -65.46 -9999.00 -9999.00 -9999.00 181.82 12.24 0.10
0.00 18546.56
62.20 -64.46 -9999.00 -9999.00 -9999.00 168.52 12.68 0.00
0.00 19318.52
54.30 -64.16 -9999.00 -9999.00 -9999.00 158.75 7.50 0.00
0.00 20148.86
46.90 -64.06 -9999.00 -9999.00 -9999.00 98.13 1.38 0.00
0.00 21045.32
40.10 -63.66 -9999.00 -9999.00 -9999.00 42.27 5.77 0.00
0.00 22004.94
33.80 -62.86 -9999.00 -9999.00 -9999.00 70.25 8.04 0.00
0.00 23055.01
27.80 -61.56 -9999.00 -9999.00 -9999.00 68.68 8.55 0.00
0.00 24261.66
22.30 -58.36 -9999.00 -9999.00 -9999.00 85.24 4.68 0.00
0.00 25637.34
17.10 -54.06 -9999.00 -9999.00 -9999.00 194.74 3.81 0.00
0.00 27323.36
12.30 -49.06 -9999.00 -9999.00 -9999.00 242.80 15.73 0.00
0.00 29460.44

STID = KRNK STNM = 723180 TIME = 221026/2000 
SLAT = 37.21 SLON = -80.41 SELV = 620.0
STIM = 8

SHOW = 10.41 LIFT = 10.30 SWET = 147.12 KINX = -0.72
LCLP = 864.96 PWAT = 15.18 TOTL = 31.95 CAPE = 5.41
LCLT = 281.24 CINS = -3.47 EQLV = 797.78 LFCT = 843.67
BRCH = 0.17

PRES TMPC TMWC DWPC THTE DRCT SKNT OMEG
CFRL HGHT
937.50 14.64 11.55 9.29 316.02 284.04 10.41 -0.10
0.00 630.83
934.70 14.14 11.27 9.15 315.59 284.23 14.22 -0.20
0.00 656.12
929.60 13.54 10.96 9.03 315.36 284.21 15.83 -0.20
0.00 702.30
920.80 12.64 10.49 8.85 315.17 284.04 16.82 -0.10
0.00 782.37
907.80 11.44 9.85 8.62 315.09 283.72 17.19 -0.10
0.00 901.62
891.20 9.94 9.02 8.27 314.96 282.32 17.31 0.00
0.00 1055.68
871.40 8.64 7.89 7.25 314.54 279.78 17.15 0.10
32.00 1242.27
850.00 7.14 6.85 6.56 314.63 262.63 16.65 0.20
56.00 1447.72
826.80 5.44 5.41 5.34 314.09 254.33 16.55 0.20
79.00 1675.04
801.00 3.84 3.63 3.38 313.20 254.23 17.15 0.30
80.00 1933.83
772.70 7.14 2.17 -3.69 313.48 250.45 22.05 0.30
4.00 2228.08
741.90 7.54 0.77 -8.54 314.42 245.77 21.31 0.30
0.00 2562.71
708.60 6.14 -1.91 -16.92 313.03 258.38 21.21 0.30
0.00 2939.56
672.70 4.44 -3.62 -20.68 314.69 265.34 26.30 0.20
0.00 3363.63
634.20 2.34 -5.44 -23.76 316.92 254.74 33.22 0.10
0.00 3840.98
593.00 0.04 -7.69 -30.54 319.07 243.43 39.96 0.10
0.00 4380.61
549.40 -3.76 -10.49 -32.88 321.33 233.36 38.73 0.10
0.00 4987.22
507.00 -8.26 -13.95 -37.55 322.79 235.16 35.02 0.20
0.00 5615.40
468.50 -13.16 -17.71 -40.89 323.79 239.09 35.55 0.20
0.00 6222.18
433.70 -18.16 -21.66 -43.92 324.45 237.57 39.12 0.30
0.00 6803.99
402.20 -22.36 -25.17 -47.56 325.87 234.40 42.06 0.30
0.00 7362.21
373.40 -26.66 -28.87 -52.43 326.95 235.22 42.56 0.30
0.00 7903.00
347.30 -30.86 -32.50 -53.04 328.10 238.90 42.87 0.20
0.00 8421.39
323.60 -34.56 -35.84 -56.01 329.60 241.25 45.65 0.10
0.00 8918.86
302.10 -37.76 -38.80 -59.81 331.55 240.41 46.02 0.00
0.00 9395.80
282.60 -40.66 -41.50 -62.54 333.73 234.78 44.46 -0.10
0.00 9852.73
265.00 -43.16 -43.85 -63.03 336.26 230.45 44.85 -0.20
0.00 10287.98
248.40 -45.66 -46.24 -66.52 338.76 229.43 44.50 -0.20
0.00 10721.12
233.40 -48.16 -48.62 -66.97 341.06 228.47 43.07 -0.20
0.00 11133.61
219.60 -50.56 -50.93 -67.41 343.35 225.00 41.20 -0.10
0.00 11532.85
205.60 -53.16 -53.44 -67.89 345.78 222.11 40.85 0.00
0.00 11959.56
191.70 -55.26 -55.51 -73.19 349.35 225.19 42.17 0.10
0.00 12408.18
177.70 -56.96 -57.18 -73.70 354.22 230.97 42.27 0.20
0.00 12889.96
163.80 -58.96 -59.14 -74.24 359.21 230.79 40.87 0.10
0.00 13403.02
149.80 -60.86 -9999.00 -9999.00 -9999.00 225.00 38.19 0.10
0.00 13960.70
135.90 -62.76 -9999.00 -9999.00 -9999.00 221.33 36.48 0.00
0.00 14563.12
121.90 -65.06 -9999.00 -9999.00 -9999.00 214.59 34.21 0.00
0.00 15228.99
108.00 -67.16 -9999.00 -9999.00 -9999.00 213.97 33.02 0.00
0.00 15962.72
94.00 -66.36 -9999.00 -9999.00 -9999.00 196.50 32.83 0.00
0.00 16801.47
81.00 -66.16 -9999.00 -9999.00 -9999.00 209.19 24.69 0.00
0.00 17702.88
70.60 -64.56 -9999.00 -9999.00 -9999.00 179.23 14.37 0.00
0.00 18538.70
62.20 -64.16 -9999.00 -9999.00 -9999.00 180.00 12.63 0.00
0.00 19312.89
54.30 -63.56 -9999.00 -9999.00 -9999.00 165.96 7.21 0.00
0.00 20145.01
46.90 -63.06 -9999.00 -9999.00 -9999.00 68.96 2.70 0.00
0.00 21044.90
40.10 -62.86 -9999.00 -9999.00 -9999.00 59.26 8.35 0.00
0.00 22008.65
33.80 -63.16 -9999.00 -9999.00 -9999.00 76.68 7.60 0.00
0.00 23059.96
27.80 -61.56 -9999.00 -9999.00 -9999.00 54.46 1.67 0.00
0.00 24265.76
22.30 -58.36 -9999.00 -9999.00 -9999.00 239.04 2.27 0.00
0.00 25641.45
17.10 -53.26 -9999.00 -9999.00 -9999.00 216.57 7.50 0.00
0.00 27330.57
12.30 -48.36 -9999.00 -9999.00 -9999.00 247.43 16.20 0.00
0.00 29474.88

STID = KRNK STNM = 723180 TIME = 221026/2100 
SLAT = 37.21 SLON = -80.41 SELV = 620.0
STIM = 9

SHOW = 12.02 LIFT = 11.64 SWET = 138.39 KINX = -1.73
LCLP = 861.11 PWAT = 14.10 TOTL = 29.93 CAPE = 4.13
LCLT = 280.04 CINS = -0.01 EQLV = 821.11 LFCT = 859.42
BRCH = 0.22

PRES TMPC TMWC DWPC THTE DRCT SKNT OMEG
CFRL HGHT
938.30 13.84 10.64 8.15 313.38 280.41 9.67 -0.10
0.00 629.89
935.50 13.44 10.39 8.00 313.06 281.80 13.29 -0.10
0.00 655.08
930.40 12.94 10.11 7.86 312.92 281.74 15.27 -0.10
0.00 701.10
921.50 12.14 9.64 7.64 312.79 281.58 16.45 0.00
0.00 781.83
908.50 10.94 8.97 7.35 312.63 280.81 17.60 0.10
0.00 900.74
891.90 9.44 8.08 6.93 312.41 279.76 18.34 0.30
0.00 1054.34
872.20 7.64 6.93 6.28 311.96 278.21 19.04 0.50
14.00 1239.28
850.70 5.74 5.68 5.58 311.62 274.53 19.68 0.60
69.00 1444.57
827.50 4.34 4.27 4.16 311.21 269.44 20.01 0.60
100.00 1670.61
801.70 4.94 2.82 0.56 311.17 261.72 21.60 0.50
30.00 1929.04
773.40 6.64 1.63 -4.55 312.13 259.74 22.90 0.50
0.00 2223.23
742.50 6.84 -0.32 -11.57 311.79 256.46 21.58 0.40
0.00 2557.86
709.20 5.74 -2.19 -17.33 312.35 260.82 19.48 0.30
0.00 2933.58
673.20 3.94 -3.18 -16.12 315.73 267.55 22.75 0.10
0.00 3357.88
634.60 2.14 -5.61 -24.27 316.50 262.15 28.44 -0.10
0.00 3835.60
593.40 -0.36 -7.80 -28.81 318.85 251.24 32.61 -0.20
0.00 4374.30
549.70 -3.86 -10.58 -33.35 321.08 239.15 33.72 -0.20
0.00 4981.38
507.20 -8.46 -14.10 -37.88 322.47 237.08 32.17 -0.10
0.00 5610.38
468.60 -13.36 -17.81 -40.09 323.59 237.93 34.38 -0.10
0.00 6218.10
433.90 -17.86 -21.46 -44.44 324.75 236.88 38.03 0.00
0.00 6798.15
402.30 -22.06 -24.95 -48.27 326.19 237.32 39.92 0.00
0.00 7358.61
373.50 -26.56 -28.77 -51.42 327.10 240.09 41.69 0.00
0.00 7899.69
347.40 -30.86 -32.46 -51.14 328.16 243.66 43.36 -0.10
0.00 8418.04
323.70 -34.76 -35.99 -54.74 329.34 245.22 44.50 -0.10
0.00 8915.17
302.10 -38.16 -39.13 -58.04 331.03 243.99 44.74 -0.10
0.00 9393.64
282.60 -41.26 -42.03 -60.33 332.91 238.61 44.37 -0.10
0.00 9849.60
265.00 -43.76 -44.40 -63.03 335.38 233.73 44.33 -0.10
0.00 10283.72
248.40 -46.26 -46.78 -63.52 337.91 230.03 43.84 -0.10
0.00 10715.73
233.40 -48.56 -49.00 -66.97 340.45 227.76 42.77 0.00
0.00 11127.31
219.60 -50.76 -51.12 -67.41 343.04 225.76 41.49 0.00
0.00 11526.01
205.60 -52.86 -53.18 -72.72 346.21 223.66 41.08 0.10
0.00 11952.82
191.70 -54.96 -55.22 -73.19 349.83 226.86 42.33 0.10
0.00 12402.05
177.70 -56.96 -57.18 -73.70 354.22 231.67 42.60 0.20
0.00 12884.17
163.80 -59.16 -59.34 -74.24 358.87 232.08 42.35 0.10
0.00 13396.98
149.80 -60.86 -9999.00 -9999.00 -9999.00 230.40 40.83 0.10
0.00 13954.40
135.90 -62.46 -9999.00 -9999.00 -9999.00 224.56 35.99 0.00
0.00 14557.25
121.90 -65.26 -9999.00 -9999.00 -9999.00 211.08 31.97 -0.10
0.00 15223.28
108.00 -67.76 -9999.00 -9999.00 -9999.00 211.86 32.01 0.00
0.00 15955.59
94.00 -65.96 -9999.00 -9999.00 -9999.00 199.42 32.13 0.00
0.00 16793.94
81.00 -65.96 -9999.00 -9999.00 -9999.00 208.24 23.82 0.00
0.00 17696.65
70.60 -63.56 -9999.00 -9999.00 -9999.00 180.72 15.54 0.00
0.00 18534.89
62.20 -64.06 -9999.00 -9999.00 -9999.00 180.91 12.24 0.00
0.00 19311.11
54.30 -63.36 -9999.00 -9999.00 -9999.00 155.56 7.03 0.00
0.00 20143.84
46.90 -63.16 -9999.00 -9999.00 -9999.00 76.50 4.99 0.00
0.00 21043.94
40.10 -64.16 -9999.00 -9999.00 -9999.00 81.72 10.80 0.00
0.00 22004.48
33.80 -64.96 -9999.00 -9999.00 -9999.00 107.35 6.51 0.00
0.00 23048.04
27.80 -61.96 -9999.00 -9999.00 -9999.00 212.01 1.83 0.00
0.00 24247.54
22.30 -57.86 -9999.00 -9999.00 -9999.00 256.43 5.79 0.00
0.00 25623.55
17.10 -53.26 -9999.00 -9999.00 -9999.00 247.25 6.53 0.00
0.00 27314.61
12.30 -48.36 -9999.00 -9999.00 -9999.00 258.69 8.92 0.00
0.00 29458.93

STID = KRNK STNM = 723180 TIME = 221026/2200 
SLAT = 37.21 SLON = -80.41 SELV = 620.0
STIM = 10

SHOW = 12.83 LIFT = 12.50 SWET = 131.73 KINX = -0.43
LCLP = 860.15 PWAT = 13.23 TOTL = 29.06 CAPE = 2.94
LCLT = 279.05 CINS = -0.03 EQLV = 825.69 LFCT = 858.62
BRCH = 0.27

PRES TMPC TMWC DWPC THTE DRCT SKNT OMEG
CFRL HGHT
939.70 13.04 9.83 7.19 311.04 282.65 9.75 -0.10
0.00 630.73
937.00 12.74 9.65 7.10 310.90 283.24 13.58 -0.20
0.00 654.93
931.80 12.24 9.37 6.98 310.80 283.87 16.20 -0.20
0.00 701.65
923.00 11.44 8.91 6.78 310.69 284.34 18.05 -0.20
0.00 781.13
910.00 10.24 8.24 6.53 310.57 284.04 19.23 -0.10
0.00 899.52
893.30 8.74 7.39 6.19 310.47 284.04 20.03 0.00
0.00 1053.38
873.50 6.94 6.35 5.78 310.35 284.30 20.45 0.10
0.00 1238.48
851.70 5.04 5.00 4.91 309.84 283.52 20.78 0.20
100.00 1445.80
829.10 3.64 3.62 3.54 309.46 282.99 20.73 0.30
100.00 1665.06
802.90 5.54 2.13 -1.82 309.41 279.03 21.04 0.40
3.00 1926.92
774.60 7.14 0.68 -8.67 309.68 273.67 21.21 0.50
0.00 2221.09
743.70 7.24 -0.53 -13.64 311.07 267.61 18.67 0.60
0.00 2555.59
710.20 6.04 -1.39 -13.80 314.04 273.65 18.30 0.50
0.00 2933.48
674.10 4.14 -2.98 -15.67 316.03 278.97 22.42 0.30
0.00 3358.82
635.40 2.34 -5.57 -25.07 316.42 270.82 27.00 0.00
0.00 3837.51
594.00 -0.56 -7.94 -29.16 318.46 258.01 29.00 -0.10
0.00 4378.19
550.30 -4.26 -10.81 -33.10 320.54 249.61 30.67 -0.10
0.00 4983.97
507.60 -8.76 -14.29 -37.87 322.03 242.34 31.80 -0.10
0.00 5614.51
469.00 -13.46 -17.91 -40.88 323.31 240.33 35.31 -0.10
0.00 6221.26
434.10 -17.76 -21.36 -43.91 324.88 240.97 38.44 0.00
0.00 6804.27
402.50 -22.06 -24.95 -48.26 326.15 242.55 39.18 0.00
0.00 7364.57
373.70 -26.56 -28.77 -51.42 327.05 245.42 40.15 0.10
0.00 7905.37
347.50 -30.86 -32.43 -50.31 328.17 249.38 41.92 0.10
0.00 8425.50
323.70 -34.86 -36.05 -53.63 329.24 249.71 43.71 0.10
0.00 8924.55
302.20 -38.46 -39.38 -56.57 330.62 246.37 44.09 0.00
0.00 9400.33
282.70 -41.66 -42.39 -60.33 332.30 240.95 44.00 0.00
0.00 9855.45
265.00 -44.16 -44.78 -63.03 334.80 236.38 44.56 0.00
0.00 10291.21
248.40 -46.56 -47.06 -63.52 337.47 232.52 44.06 0.10
0.00 10722.55
233.40 -48.76 -49.19 -66.97 340.15 227.95 42.64 0.10
0.00 11133.67
219.60 -50.66 -51.02 -67.41 343.19 225.37 42.31 0.10
0.00 11532.29
205.60 -52.56 -52.89 -72.72 346.68 227.01 43.03 0.20
0.00 11959.48
191.70 -54.56 -54.84 -73.19 350.48 232.37 43.90 0.10
0.00 12409.43
177.70 -56.96 -57.18 -73.70 354.22 235.45 43.16 0.10
0.00 12891.99
163.80 -59.36 -9999.00 -9999.00 -9999.00 234.62 41.94 0.10
0.00 13404.56
149.80 -61.26 -9999.00 -9999.00 -9999.00 235.34 41.34 0.00
0.00 13961.19
135.90 -62.76 -9999.00 -9999.00 -9999.00 232.65 37.14 -0.10
0.00 14563.05
121.90 -65.36 -9999.00 -9999.00 -9999.00 208.98 30.87 -0.10
0.00 15228.44
108.00 -67.96 -9999.00 -9999.00 -9999.00 211.54 33.04 0.00
0.00 15960.22
94.00 -65.86 -9999.00 -9999.00 -9999.00 206.57 30.40 0.00
0.00 16798.37
81.00 -65.66 -9999.00 -9999.00 -9999.00 207.18 24.24 0.00
0.00 17701.95
70.60 -62.76 -9999.00 -9999.00 -9999.00 188.64 15.52 0.00
0.00 18542.40
62.20 -63.66 -9999.00 -9999.00 -9999.00 180.94 11.85 0.00
0.00 19320.85
54.30 -63.16 -9999.00 -9999.00 -9999.00 162.07 6.93 0.00
0.00 20154.77
46.90 -63.76 -9999.00 -9999.00 -9999.00 85.24 4.68 0.00
0.00 21054.01
40.10 -64.86 -9999.00 -9999.00 -9999.00 94.09 8.18 0.00
0.00 22011.57
33.80 -64.26 -9999.00 -9999.00 -9999.00 180.00 1.75 0.00
0.00 23055.13
27.80 -61.56 -9999.00 -9999.00 -9999.00 278.13 5.50 0.00
0.00 24257.78
22.30 -58.96 -9999.00 -9999.00 -9999.00 267.61 4.66 0.00
0.00 25631.53
17.10 -54.56 -9999.00 -9999.00 -9999.00 240.64 3.57 0.00
0.00 27313.27
12.30 -48.86 -9999.00 -9999.00 -9999.00 300.47 3.83 0.00
0.00 29448.90

STID = KRNK STNM = 723180 TIME = 221026/2300 
SLAT = 37.21 SLON = -80.41 SELV = 620.0
STIM = 11

SHOW = 13.93 LIFT = 13.54 SWET = 123.17 KINX = 0.25
LCLP = 873.98 PWAT = 12.83 TOTL = 27.67 CAPE = 1.50
LCLT = 278.99 CINS = 0.00 EQLV = 846.68 LFCT = 874.21
BRCH = 0.17

PRES TMPC TMWC DWPC THTE DRCT SKNT OMEG
CFRL HGHT
941.50 11.84 9.18 6.93 309.17 285.46 9.48 -0.10
0.00 628.89
938.70 11.54 9.02 6.87 309.08 286.86 13.40 -0.20
0.00 653.82
933.50 11.04 8.73 6.74 308.96 287.77 15.91 -0.20
0.00 700.26
924.70 10.24 8.27 6.56 308.87 287.65 17.93 -0.10
0.00 779.26
911.60 9.04 7.60 6.31 308.76 287.90 19.60 -0.10
0.00 897.84
894.90 7.54 6.72 5.96 308.64 288.60 20.71 0.00
0.00 1050.76
875.10 5.74 5.66 5.53 308.49 288.92 21.56 0.10
17.00 1234.72
853.50 4.34 4.30 4.21 307.96 289.55 22.05 0.20
100.00 1439.01
830.20 4.04 2.76 1.37 307.37 290.15 22.55 0.30
58.00 1664.47
804.30 6.94 1.90 -4.49 308.60 287.50 22.61 0.50
0.00 1923.65
775.90 8.14 0.88 -10.00 309.86 284.04 20.03 0.60
0.00 2219.52
744.90 7.54 0.05 -11.59 312.25 283.24 16.96 0.70
0.00 2555.33
711.30 5.84 -0.89 -11.04 315.11 289.03 17.87 0.50
0.00 2933.92
675.10 3.94 -3.03 -15.37 315.79 284.41 21.85 0.20
0.00 3359.55
636.30 2.44 -5.72 -27.36 315.90 271.85 24.11 0.00
0.00 3838.68
594.80 -0.66 -8.04 -29.71 318.11 257.20 26.30 -0.10
0.00 4379.89
550.90 -4.56 -11.02 -33.58 320.01 251.09 29.37 -0.10
0.00 4987.24
508.10 -8.86 -14.32 -37.20 321.89 246.49 32.61 -0.10
0.00 5618.12
469.30 -13.46 -17.89 -40.46 323.29 246.68 36.81 -0.10
0.00 6227.40
434.40 -17.86 -21.36 -42.02 324.84 248.90 38.31 0.00
0.00 6809.93
402.70 -22.06 -24.93 -47.55 326.14 249.55 38.34 0.10
0.00 7371.56
373.80 -26.66 -28.80 -49.68 326.97 253.46 40.93 0.20
0.00 7913.93
347.60 -31.06 -32.60 -50.31 327.87 254.59 43.12 0.20
0.00 8433.60
323.80 -35.06 -36.23 -53.63 328.94 251.57 43.01 0.20
0.00 8932.08
302.20 -38.76 -39.65 -56.57 330.19 246.36 42.62 0.20
0.00 9409.50
282.70 -41.76 -42.49 -60.33 332.16 241.39 43.80 0.20
0.00 9864.23
265.00 -44.36 -44.96 -63.03 334.50 238.49 45.34 0.20
0.00 10299.70
248.50 -46.66 -47.18 -66.52 337.24 237.34 44.99 0.20
0.00 10728.07
233.40 -48.56 -49.00 -66.97 340.45 232.97 41.61 0.10
0.00 11141.94
219.60 -50.46 -50.86 -72.27 343.45 227.32 40.70 0.20
0.00 11540.91
205.60 -52.46 -52.80 -72.72 346.84 229.48 42.15 0.20
0.00 11968.39
191.70 -54.56 -54.84 -73.19 350.48 236.09 42.83 0.20
0.00 12418.44
177.70 -56.96 -57.18 -73.70 354.22 237.99 42.15 0.10
0.00 12901.01
163.80 -59.16 -9999.00 -9999.00 -9999.00 236.53 41.22 0.00
0.00 13413.82
149.80 -61.26 -9999.00 -9999.00 -9999.00 237.91 40.58 -0.10
0.00 13970.71
135.90 -63.26 -9999.00 -9999.00 -9999.00 238.12 37.51 -0.20
0.00 14571.85
121.90 -65.46 -9999.00 -9999.00 -9999.00 218.72 30.13 -0.10
0.00 15236.29
108.00 -68.16 -9999.00 -9999.00 -9999.00 211.76 33.59 -0.10
0.00 15967.54
94.00 -66.06 -9999.00 -9999.00 -9999.00 211.02 32.42 0.00
0.00 16804.87
81.00 -65.76 -9999.00 -9999.00 -9999.00 206.15 24.24 0.00
0.00 17707.80
70.60 -62.76 -9999.00 -9999.00 -9999.00 196.70 14.20 0.00
0.00 18548.05
62.20 -63.86 -9999.00 -9999.00 -9999.00 176.99 11.09 0.00
0.00 19326.13
54.30 -63.46 -9999.00 -9999.00 -9999.00 180.00 6.80 0.00
0.00 20159.05
46.90 -64.86 -9999.00 -9999.00 -9999.00 153.43 1.30 0.00
0.00 21055.30
40.10 -64.86 -9999.00 -9999.00 -9999.00 143.97 2.64 0.00
0.00 22010.33
33.80 -62.56 -9999.00 -9999.00 -9999.00 267.88 5.24 0.00
0.00 23058.14
27.80 -61.06 -9999.00 -9999.00 -9999.00 292.07 7.75 0.00
0.00 24267.08
22.30 -59.36 -9999.00 -9999.00 -9999.00 280.01 3.36 0.00
0.00 25641.16
17.10 -54.46 -9999.00 -9999.00 -9999.00 270.00 5.05 0.00
0.00 27321.73
12.30 -49.36 -9999.00 -9999.00 -9999.00 296.57 3.90 0.00
0.00 29455.44

STID = KRNK STNM = 723180 TIME = 221027/0000 
SLAT = 37.21 SLON = -80.41 SELV = 620.0
STIM = 12

SHOW = 14.78 LIFT = 14.39 SWET = 115.79 KINX = -1.31
LCLP = 880.95 PWAT = 12.78 TOTL = 26.63 CAPE = 2.08
LCLT = 278.67 CINS = -0.01 EQLV = 851.06 LFCT = 878.27
BRCH = 0.25

PRES TMPC TMWC DWPC THTE DRCT SKNT OMEG
CFRL HGHT
942.40 10.94 8.57 6.50 307.53 288.82 9.03 -0.10
0.00 630.62
939.70 10.64 8.41 6.44 307.43 289.54 12.78 -0.20
0.00 654.56
934.50 10.24 8.16 6.32 307.44 290.56 14.94 -0.20
0.00 700.81
925.60 9.34 7.65 6.13 307.23 291.22 17.72 -0.10
0.00 780.37
912.60 8.24 7.01 5.86 307.19 292.01 19.70 -0.10
0.00 897.55
895.90 6.74 6.10 5.46 307.01 293.06 21.33 0.00
0.00 1049.85
876.00 5.04 4.99 4.88 306.79 294.64 23.29 0.10
56.00 1234.02
854.40 3.54 3.51 3.43 306.05 295.54 24.32 0.20
93.00 1437.51
831.10 5.34 2.73 -0.22 307.15 297.59 24.32 0.30
8.00 1662.88
805.20 7.94 2.42 -4.48 309.61 296.80 21.11 0.50
0.00 1922.79
776.70 8.54 1.86 -6.98 312.05 293.63 16.96 0.60
0.00 2220.18
745.60 7.34 0.80 -8.10 313.99 292.09 14.47 0.70
0.00 2557.00
712.00 5.54 -0.93 -10.60 314.93 289.98 15.91 0.50
0.00 2934.97
675.70 4.04 -3.38 -17.65 314.87 280.36 18.36 0.20
0.00 3361.19
636.80 2.64 -5.60 -27.36 316.05 264.08 20.71 0.00
0.00 3841.37
595.20 -0.76 -8.09 -29.71 317.93 252.39 25.68 -0.20
0.00 4383.59
551.20 -4.76 -11.15 -33.57 319.73 251.81 29.23 -0.20
0.00 4991.61
508.40 -9.06 -14.42 -36.58 321.67 253.36 33.26 -0.10
0.00 5621.67
469.60 -13.56 -17.96 -40.46 323.11 253.81 37.63 0.00
0.00 6230.24
434.60 -18.16 -21.51 -40.43 324.56 254.25 39.36 0.20
0.00 6813.66
402.90 -22.36 -25.20 -49.02 325.63 256.03 41.03 0.30
0.00 7374.37
373.90 -26.86 -28.95 -48.91 326.72 257.20 43.82 0.40
0.00 7917.85
347.70 -31.06 -32.62 -51.13 327.81 253.18 43.63 0.40
0.00 8437.16
323.90 -35.16 -36.32 -53.62 328.77 249.08 42.42 0.30
0.00 8935.39
302.30 -38.76 -39.65 -56.57 330.16 246.63 42.11 0.30
0.00 9412.56
282.70 -41.86 -42.58 -60.33 332.01 243.08 42.48 0.30
0.00 9869.44
265.00 -44.36 -44.96 -63.03 334.50 240.07 44.39 0.30
0.00 10304.82
248.50 -46.56 -47.06 -63.52 337.43 239.25 45.20 0.20
0.00 10733.29
233.40 -48.06 -48.53 -66.97 341.21 237.17 43.01 0.10
0.00 11147.71
219.60 -49.86 -50.26 -67.41 344.43 232.58 40.60 0.10
0.00 11547.66
205.60 -52.26 -52.60 -72.72 347.15 232.03 40.40 0.10
0.00 11975.92
191.70 -54.66 -54.94 -73.19 350.32 235.86 41.53 0.10
0.00 12426.07
177.70 -57.06 -57.28 -73.70 354.06 239.48 42.85 0.10
0.00 12908.41
163.80 -58.96 -9999.00 -9999.00 -9999.00 241.49 43.55 0.00
0.00 13421.34
149.80 -61.06 -9999.00 -9999.00 -9999.00 240.39 40.89 -0.10
0.00 13978.76
135.90 -63.46 -9999.00 -9999.00 -9999.00 236.31 35.02 -0.10
0.00 14579.90
121.90 -66.16 -9999.00 -9999.00 -9999.00 223.15 29.82 -0.10
0.00 15242.91
108.00 -67.96 -9999.00 -9999.00 -9999.00 212.04 33.68 0.00
0.00 15973.27
94.00 -66.46 -9999.00 -9999.00 -9999.00 215.15 33.74 0.10
0.00 16810.19
81.00 -64.86 -9999.00 -9999.00 -9999.00 203.20 23.68 0.00
0.00 17714.21
70.60 -62.26 -9999.00 -9999.00 -9999.00 194.50 11.64 0.00
0.00 18557.28
62.20 -63.66 -9999.00 -9999.00 -9999.00 176.63 9.93 0.00
0.00 19336.65
54.30 -63.36 -9999.00 -9999.00 -9999.00 209.98 5.83 0.00
0.00 20170.17
46.90 -65.36 -9999.00 -9999.00 -9999.00 270.00 2.33 0.00
0.00 21065.56
40.10 -65.06 -9999.00 -9999.00 -9999.00 266.19 2.91 0.00
0.00 22018.99
33.80 -62.16 -9999.00 -9999.00 -9999.00 300.26 8.10 0.00
0.00 23067.30
27.80 -60.66 -9999.00 -9999.00 -9999.00 317.64 8.94 0.00
0.00 24278.53
22.30 -58.26 -9999.00 -9999.00 -9999.00 325.49 3.77 0.00
0.00 25657.44
17.10 -53.26 -9999.00 -9999.00 -9999.00 337.62 3.57 0.00
0.00 27346.95
12.30 -49.36 -9999.00 -9999.00 -9999.00 304.70 3.07 0.00
0.00 29486.45

STID = KRNK STNM = 723180 TIME = 221027/0100 
SLAT = 37.21 SLON = -80.41 SELV = 620.0
STIM = 13

SHOW = 14.31 LIFT = 14.67 SWET = 111.97 KINX = -4.15
LCLP = 884.20 PWAT = 12.20 TOTL = 27.43 CAPE = 0.23
LCLT = 278.30 CINS = -0.04 EQLV = 872.94 LFCT = 880.08
BRCH = 0.02

PRES TMPC TMWC DWPC THTE DRCT SKNT OMEG
CFRL HGHT
942.10 10.24 8.05 6.07 306.27 294.86 8.78 -0.10
0.00 628.83
939.30 9.94 7.88 6.00 306.17 294.59 12.61 -0.20
0.00 653.61
934.10 9.54 7.64 5.90 306.20 295.56 14.86 -0.20
0.00 699.75
925.20 8.74 7.17 5.71 306.11 295.17 17.81 -0.10
0.00 779.15
912.20 7.54 6.48 5.46 305.98 296.32 20.16 -0.10
0.00 896.11
895.50 6.14 5.61 5.06 305.90 297.87 22.84 -0.10
0.00 1048.10
875.60 4.44 4.43 4.36 305.55 299.36 24.96 -0.10
89.00 1231.94
854.10 4.54 3.53 2.44 306.12 302.41 26.46 0.00
43.00 1434.68
830.80 6.54 3.27 -0.35 308.40 307.88 24.36 0.20
1.00 1660.99
804.90 8.34 2.80 -3.91 310.54 303.35 18.38 0.50
0.00 1921.74
776.40 8.24 1.78 -6.73 311.93 291.21 13.97 0.70
0.00 2219.32
745.30 7.14 0.31 -9.61 312.86 282.72 12.35 0.60
0.00 2555.94
711.70 5.64 -1.70 -14.31 313.15 277.43 13.52 0.30
0.00 2933.90
675.50 4.24 -3.61 -19.92 314.32 265.87 16.16 0.00
0.00 3359.22
636.60 2.54 -5.66 -27.36 315.97 255.17 20.49 -0.20
0.00 3839.59
595.00 -0.76 -8.14 -30.30 317.86 252.11 25.93 -0.20
0.00 4381.88
551.10 -5.06 -11.26 -32.39 319.56 255.87 29.45 0.00
0.00 4988.35
508.30 -9.36 -14.57 -35.71 321.43 257.95 35.35 0.20
0.00 5617.83
469.50 -13.86 -18.03 -37.67 323.05 257.17 40.25 0.50
0.00 6225.84
434.50 -18.26 -21.75 -44.43 324.12 259.70 43.43 0.70
0.00 6808.94
402.80 -22.56 -25.34 -48.26 325.43 260.35 47.49 0.90
0.00 7369.43
373.90 -26.96 -29.03 -48.91 326.59 256.95 46.46 0.90
0.00 7910.79
347.60 -31.16 -32.71 -51.13 327.70 250.36 43.94 0.80
0.00 8431.94
323.90 -35.16 -36.29 -52.63 328.81 246.56 42.99 0.70
0.00 8928.05
302.30 -38.86 -39.72 -55.31 330.06 244.97 42.23 0.60
0.00 9405.11
282.70 -41.96 -42.65 -58.57 331.91 242.85 42.56 0.50
0.00 9861.81
265.00 -44.56 -45.15 -63.03 334.21 240.07 44.39 0.30
0.00 10296.90
248.50 -46.76 -47.27 -66.52 337.09 238.10 44.85 0.20
0.00 10724.99
233.40 -48.26 -48.72 -66.97 340.91 236.73 43.90 0.00
0.00 11139.05
219.60 -49.76 -50.19 -72.27 344.53 234.71 42.37 -0.10
0.00 11538.91
205.60 -51.76 -52.13 -72.72 347.94 233.46 41.10 -0.20
0.00 11967.74
191.70 -54.46 -54.74 -73.19 350.64 234.62 40.27 -0.10
0.00 12418.61
177.70 -57.26 -57.47 -73.70 353.73 237.51 41.22 -0.10
0.00 12900.95
163.80 -59.46 -9999.00 -9999.00 -9999.00 241.70 43.03 0.00
0.00 13413.05
149.80 -61.06 -9999.00 -9999.00 -9999.00 240.29 39.59 0.00
0.00 13969.81
135.90 -63.26 -9999.00 -9999.00 -9999.00 228.81 33.04 -0.10
0.00 14571.24
121.90 -66.26 -9999.00 -9999.00 -9999.00 222.67 30.38 -0.10
0.00 15234.41
108.00 -67.96 -9999.00 -9999.00 -9999.00 217.07 33.84 0.00
0.00 15964.59
94.00 -66.56 -9999.00 -9999.00 -9999.00 222.01 34.25 0.00
0.00 16801.31
81.00 -64.76 -9999.00 -9999.00 -9999.00 206.57 24.77 0.00
0.00 17705.33
70.60 -63.66 -9999.00 -9999.00 -9999.00 191.13 12.08 0.00
0.00 18545.78
62.20 -63.96 -9999.00 -9999.00 -9999.00 168.89 11.09 0.00
0.00 19322.00
54.30 -63.36 -9999.00 -9999.00 -9999.00 187.85 5.69 0.00
0.00 20154.93
46.90 -65.36 -9999.00 -9999.00 -9999.00 104.93 3.01 0.00
0.00 21050.31
40.10 -64.56 -9999.00 -9999.00 -9999.00 180.00 0.19 0.00
0.00 22004.89
33.80 -62.06 -9999.00 -9999.00 -9999.00 342.26 5.09 0.00
0.00 23054.70
27.80 -60.76 -9999.00 -9999.00 -9999.00 3.27 6.82 0.00
0.00 24265.93
22.30 -57.96 -9999.00 -9999.00 -9999.00 325.78 5.87 0.00
0.00 25645.49
17.10 -52.76 -9999.00 -9999.00 -9999.00 336.04 7.65 0.00
0.00 27338.11
12.30 -49.06 -9999.00 -9999.00 -9999.00 310.76 7.44 0.00
0.00 29481.46

STID = KRNK STNM = 723180 TIME = 221027/0200 
SLAT = 37.21 SLON = -80.41 SELV = 620.0
STIM = 14

SHOW = 13.81 LIFT = 14.69 SWET = 120.48 KINX = -4.53
LCLP = 893.77 PWAT = 11.90 TOTL = 28.03 CAPE = 0.00
LCLT = 278.64 CINS = 0.00 EQLV = -9999.00 LFCT = -9999.00
BRCH = 0.00

PRES TMPC TMWC DWPC THTE DRCT SKNT OMEG
CFRL HGHT
942.40 9.74 7.92 6.26 305.92 293.96 7.65 -0.10
0.00 628.82
939.50 9.54 7.79 6.19 305.94 293.20 11.83 -0.10
0.00 654.42
934.40 9.04 7.51 6.11 305.87 293.40 14.18 -0.10
0.00 699.60
925.50 8.34 7.11 5.95 305.92 294.03 17.66 -0.10
0.00 778.86
912.40 7.24 6.46 5.70 305.91 295.85 20.94 -0.10
0.00 896.54
895.70 5.84 5.58 5.29 305.82 298.79 24.61 -0.20
3.00 1048.35
875.90 4.64 4.57 4.44 305.83 303.69 28.01 -0.20
68.00 1231.18
854.30 5.34 4.00 2.60 307.16 309.02 29.00 -0.10
7.00 1435.18
831.00 6.84 3.57 0.02 309.06 310.24 23.15 0.20
0.00 1661.89
805.10 8.24 2.89 -3.50 310.73 299.56 14.96 0.40
0.00 1922.70
776.60 8.34 1.37 -8.43 310.91 281.89 11.31 0.60
0.00 2220.18
745.50 7.24 -0.28 -12.43 311.41 267.92 10.68 0.40
0.00 2556.74
711.90 5.74 -1.99 -16.22 312.42 263.45 11.93 0.10
0.00 2934.64
675.60 4.04 -3.64 -19.34 314.27 258.83 16.05 -0.20
0.00 3360.94
636.80 2.44 -5.91 -30.00 315.35 254.56 21.15 -0.30
0.00 3839.70
595.20 -0.86 -8.21 -30.51 317.68 254.17 25.64 -0.10
0.00 4381.59
551.20 -4.86 -11.18 -33.08 319.68 256.59 30.15 0.30
0.00 4989.38
508.40 -9.16 -14.50 -36.88 321.51 257.54 37.80 0.70
0.00 5619.21
469.50 -13.86 -18.08 -38.63 322.94 259.54 43.86 1.00
0.00 6228.94
434.60 -18.06 -21.64 -45.57 324.27 260.69 48.04 1.30
0.00 6810.53
402.80 -22.66 -25.32 -45.12 325.49 257.75 48.50 1.30
0.00 7372.84
373.90 -27.06 -29.13 -49.67 326.42 252.35 44.85 1.20
0.00 7913.99
347.70 -31.26 -32.79 -51.13 327.53 246.43 43.24 1.00
0.00 8432.87
323.90 -35.26 -36.38 -52.63 328.67 241.66 42.15 0.70
0.00 8930.79
302.30 -38.96 -39.83 -56.57 329.88 239.59 41.45 0.50
0.00 9407.65
282.70 -42.06 -42.74 -58.57 331.77 237.57 41.65 0.30
0.00 9864.14
265.00 -44.66 -45.22 -60.83 334.11 235.09 43.10 0.10
0.00 10299.05
248.50 -46.86 -47.34 -63.52 336.98 232.93 43.82 0.00
0.00 10726.96
233.40 -48.46 -48.91 -66.97 340.60 231.99 42.89 -0.10
0.00 11140.74
219.60 -49.96 -50.38 -72.27 344.22 232.48 41.14 -0.20
0.00 11540.24
205.60 -51.76 -52.13 -72.72 347.94 233.30 39.98 -0.20
0.00 11968.88
191.70 -54.26 -54.55 -73.19 350.96 234.53 39.84 -0.10
0.00 12419.95
177.70 -57.06 -57.28 -73.70 354.06 236.23 40.19 0.00
0.00 12902.74
163.80 -59.66 -59.83 -74.24 358.03 239.96 41.51 0.00
0.00 13414.84
149.80 -61.26 -9999.00 -9999.00 -9999.00 239.04 38.52 0.00
0.00 13971.08
135.90 -63.06 -9999.00 -9999.00 -9999.00 226.18 33.39 -0.10
0.00 14572.51
121.90 -66.26 -9999.00 -9999.00 -9999.00 223.34 33.12 0.00
0.00 15235.99
108.00 -68.06 -9999.00 -9999.00 -9999.00 226.88 33.53 0.00
0.00 15966.00
94.00 -66.96 -9999.00 -9999.00 -9999.00 225.92 34.07 0.00
0.00 16801.70
81.00 -64.96 -9999.00 -9999.00 -9999.00 208.07 23.12 0.00
0.00 17704.41
70.60 -65.26 -9999.00 -9999.00 -9999.00 189.75 12.61 0.00
0.00 18541.24
62.20 -64.56 -9999.00 -9999.00 -9999.00 173.88 10.94 0.00
0.00 19313.39
54.30 -63.46 -9999.00 -9999.00 -9999.00 186.58 5.09 0.00
0.00 20144.92
46.90 -65.16 -9999.00 -9999.00 -9999.00 103.57 5.79 0.00
0.00 21040.52
40.10 -64.36 -9999.00 -9999.00 -9999.00 84.29 1.94 0.00
0.00 21996.01
33.80 -63.36 -9999.00 -9999.00 -9999.00 30.26 5.40 0.00
0.00 23043.07
27.80 -62.16 -9999.00 -9999.00 -9999.00 41.88 7.56 0.00
0.00 24246.58
22.30 -58.06 -9999.00 -9999.00 -9999.00 346.76 6.78 0.00
0.00 25621.30
17.10 -52.46 -9999.00 -9999.00 -9999.00 350.07 7.89 0.00
0.00 27314.69
12.30 -48.96 -9999.00 -9999.00 -9999.00 294.44 2.35 0.00
0.00 29459.97

STID = KRNK STNM = 723180 TIME = 221027/0300 
SLAT = 37.21 SLON = -80.41 SELV = 620.0
STIM = 15

SHOW = 14.39 LIFT = 14.96 SWET = 101.65 KINX = -5.78
LCLP = 899.68 PWAT = 11.32 TOTL = 27.10 CAPE = 0.00
LCLT = 278.87 CINS = 0.00 EQLV = -9999.00 LFCT = -9999.00
BRCH = 0.00

PRES TMPC TMWC DWPC THTE DRCT SKNT OMEG
CFRL HGHT
943.60 9.54 7.90 6.41 305.74 291.50 6.90 -0.10
0.00 628.80
940.70 9.24 7.74 6.37 305.69 289.98 11.36 -0.10
0.00 654.35
935.60 8.84 7.50 6.26 305.70 290.75 13.71 -0.10
0.00 699.43
926.70 8.14 7.08 6.08 305.72 292.38 17.85 -0.20
0.00 778.53
913.60 7.14 6.47 5.81 305.80 295.64 21.54 -0.20
0.00 896.00
896.90 5.84 5.61 5.34 305.74 299.91 25.33 -0.30
12.00 1047.59
877.00 4.64 4.44 4.19 305.41 304.35 28.22 -0.30
52.00 1231.10
855.30 5.74 3.67 1.45 306.29 309.35 27.87 -0.20
4.00 1435.90
832.00 7.54 3.09 -2.14 307.78 309.25 20.57 0.10
0.00 1662.72
806.00 8.74 2.46 -5.64 309.56 295.35 12.26 0.30
0.00 1924.69
777.50 8.64 1.14 -10.03 310.20 268.78 9.13 0.40
0.00 2222.17
746.40 7.34 -0.52 -13.94 310.70 247.96 8.80 0.30
0.00 2558.53
712.70 5.44 -2.25 -16.85 311.73 244.49 9.48 0.00
0.00 2936.93
676.40 3.64 -3.94 -19.91 313.51 253.74 14.57 -0.20
0.00 3362.19
637.40 2.14 -6.07 -29.78 314.95 255.03 20.30 -0.20
0.00 3842.29
595.70 -0.76 -8.15 -30.50 317.72 254.43 24.59 0.00
0.00 4384.80
551.60 -4.66 -11.11 -34.07 319.71 255.35 30.71 0.40
0.00 4993.83
508.70 -9.16 -14.43 -35.70 321.60 256.70 40.52 0.80
0.00 5624.95
469.80 -13.76 -17.91 -36.77 323.22 257.52 44.97 1.00
0.00 6234.45
434.80 -18.16 -21.58 -42.02 324.37 256.69 48.10 1.10
0.00 6817.40
403.00 -22.86 -25.41 -43.62 325.30 253.23 48.48 1.10
0.00 7379.13
374.00 -27.16 -29.17 -48.20 326.34 250.36 46.81 0.90
0.00 7921.62
347.70 -31.36 -32.88 -51.13 327.40 245.17 43.03 0.60
0.00 8442.20
323.90 -35.06 -36.27 -56.00 328.83 238.71 41.14 0.30
0.00 8940.22
302.30 -38.66 -39.56 -56.57 330.30 234.87 40.85 0.10
0.00 9417.58
282.70 -41.96 -42.67 -60.33 331.87 230.40 40.83 -0.10
0.00 9874.47
265.00 -44.76 -45.31 -60.83 333.96 227.67 41.26 -0.20
0.00 10309.37
248.50 -47.26 -47.72 -63.52 336.39 228.61 41.43 -0.20
0.00 10736.81
233.40 -49.06 -49.48 -66.97 339.69 231.86 40.27 -0.10
0.00 11149.67
219.60 -50.36 -50.76 -72.27 343.61 234.87 38.48 0.10
0.00 11548.29
205.60 -51.86 -52.22 -72.72 347.78 236.07 37.94 0.20
0.00 11976.44
191.70 -53.86 -54.16 -73.19 351.60 235.22 39.49 0.20
0.00 12427.82
177.70 -56.46 -56.70 -73.70 355.04 235.48 40.79 0.10
0.00 12911.72
163.80 -59.06 -9999.00 -9999.00 -9999.00 237.99 40.31 0.00
0.00 13425.24
149.80 -61.46 -9999.00 -9999.00 -9999.00 237.58 36.60 -0.10
0.00 13982.00
135.90 -63.86 -9999.00 -9999.00 -9999.00 226.25 31.47 -0.10
0.00 14582.01
121.90 -66.36 -9999.00 -9999.00 -9999.00 225.99 31.88 0.00
0.00 15244.06
108.00 -67.96 -9999.00 -9999.00 -9999.00 230.96 31.76 0.10
0.00 15974.06
94.00 -66.36 -9999.00 -9999.00 -9999.00 228.04 31.08 0.00
0.00 16811.19
81.00 -64.96 -9999.00 -9999.00 -9999.00 208.11 19.39 0.00
0.00 17715.21
70.60 -65.86 -9999.00 -9999.00 -9999.00 192.93 12.16 0.00
0.00 18550.84
62.20 -64.66 -9999.00 -9999.00 -9999.00 189.46 10.63 0.00
0.00 19321.68
54.30 -63.96 -9999.00 -9999.00 -9999.00 218.05 5.67 0.00
0.00 20152.02
46.90 -64.66 -9999.00 -9999.00 -9999.00 116.57 3.48 0.00
0.00 21047.62
40.10 -63.16 -9999.00 -9999.00 -9999.00 33.69 2.10 0.00
0.00 22007.01
33.80 -62.46 -9999.00 -9999.00 -9999.00 37.69 5.40 0.00
0.00 23059.33
27.80 -60.76 -9999.00 -9999.00 -9999.00 47.20 7.15 0.00
0.00 24269.41
22.30 -57.36 -9999.00 -9999.00 -9999.00 358.78 9.13 0.00
0.00 25650.90
17.10 -53.26 -9999.00 -9999.00 -9999.00 14.38 7.83 0.00
0.00 27343.91
12.30 -49.86 -9999.00 -9999.00 -9999.00 156.57 6.35 0.00
0.00 29481.00

STID = KRNK STNM = 723180 TIME = 221027/0400 
SLAT = 37.21 SLON = -80.41 SELV = 620.0
STIM = 16

SHOW = 15.92 LIFT = 15.77 SWET = 90.71 KINX = -10.05
LCLP = 905.85 PWAT = 10.32 TOTL = 24.54 CAPE = 0.00
LCLT = 278.85 CINS = 0.00 EQLV = -9999.00 LFCT = -9999.00
BRCH = 0.00

PRES TMPC TMWC DWPC THTE DRCT SKNT OMEG
CFRL HGHT
943.20 8.94 7.57 6.29 304.98 286.50 5.48 -0.10
0.00 628.78
940.30 8.84 7.48 6.22 305.12 286.39 10.33 -0.10
0.00 654.30
935.20 8.54 7.28 6.10 305.22 287.61 12.84 -0.10
0.00 699.34
926.30 7.84 6.83 5.87 305.18 291.45 17.52 -0.20
0.00 778.39
913.20 6.84 6.16 5.48 305.11 295.88 21.81 -0.40
0.00 895.78
896.50 5.34 5.26 5.12 304.97 300.13 25.16 -0.50
48.00 1047.20
876.60 4.64 3.92 3.14 304.29 303.69 27.31 -0.60
21.00 1230.60
855.00 5.64 2.70 -0.77 304.13 308.86 25.70 -0.50
2.00 1434.44
831.70 7.64 2.01 -5.61 305.30 311.13 18.32 -0.20
0.00 1661.22
805.80 8.94 1.68 -8.98 307.69 295.64 10.78 0.00
0.00 1922.28
777.30 8.84 0.75 -12.30 309.28 256.55 9.19 0.20
0.00 2219.95
746.20 7.34 -0.81 -15.57 310.04 231.71 9.40 0.20
0.00 2556.45
712.50 5.34 -2.51 -18.16 311.16 229.64 10.20 0.20
0.00 2934.85
676.20 3.64 -4.29 -22.67 312.73 247.66 15.33 0.20
0.00 3360.10
637.30 1.94 -6.20 -29.99 314.70 250.87 20.14 0.40
0.00 3838.87
595.60 -0.86 -8.24 -30.92 317.55 250.38 23.72 0.60
0.00 4381.16
551.50 -4.46 -11.05 -35.17 319.82 251.78 32.30 0.80
0.00 4990.40
508.60 -9.06 -14.14 -32.35 322.24 253.25 41.78 0.90
0.00 5622.01
469.80 -14.06 -17.92 -34.02 323.25 253.92 44.87 0.90
0.00 6229.82
434.70 -18.56 -21.77 -39.72 324.10 251.86 47.42 0.90
0.00 6813.74
403.00 -23.06 -25.57 -43.62 325.04 249.63 49.11 0.70
0.00 7373.11
374.00 -27.46 -29.36 -46.34 326.05 248.80 48.33 0.50
0.00 7915.06
347.70 -31.36 -32.92 -53.03 327.32 245.33 44.68 0.20
0.00 8435.32
323.90 -35.06 -36.27 -56.00 328.83 238.90 41.74 0.00
0.00 8933.34
302.30 -38.66 -39.58 -58.04 330.26 231.86 40.27 -0.20
0.00 9410.70
282.70 -42.16 -42.83 -58.57 331.62 226.75 40.54 -0.30
0.00 9867.39
265.00 -45.06 -45.59 -60.83 333.52 228.05 41.26 -0.20
0.00 10301.82
248.50 -47.16 -47.62 -63.52 336.54 234.21 41.18 -0.10
0.00 10729.07
233.40 -48.36 -48.84 -71.85 340.71 241.30 39.65 0.10
0.00 11142.66
219.60 -49.76 -50.19 -72.27 344.53 243.04 37.70 0.20
0.00 11542.44
205.60 -51.36 -51.74 -72.72 348.56 238.93 37.65 0.20
0.00 11971.65
191.70 -53.26 -53.59 -73.19 352.56 233.91 39.90 0.20
0.00 12424.16
177.70 -55.96 -56.21 -73.70 355.86 231.72 41.08 0.00
0.00 12909.28
163.80 -58.96 -9999.00 -9999.00 -9999.00 233.87 39.20 -0.10
0.00 13423.52
149.80 -61.76 -9999.00 -9999.00 -9999.00 235.51 34.65 -0.10
0.00 13980.02
135.90 -64.36 -9999.00 -9999.00 -9999.00 231.86 29.88 -0.10
0.00 14578.88
121.90 -66.46 -9999.00 -9999.00 -9999.00 228.12 30.26 0.00
0.00 15239.98
108.00 -67.56 -9999.00 -9999.00 -9999.00 234.63 31.22 0.10
0.00 15970.52
94.00 -66.06 -9999.00 -9999.00 -9999.00 229.88 27.43 0.00
0.00 16809.07
81.00 -65.36 -9999.00 -9999.00 -9999.00 202.52 17.25 0.00
0.00 17712.87
70.60 -65.96 -9999.00 -9999.00 -9999.00 194.04 12.82 0.00
0.00 18547.49
62.20 -64.56 -9999.00 -9999.00 -9999.00 185.44 12.30 0.00
0.00 19318.33
54.30 -64.26 -9999.00 -9999.00 -9999.00 208.07 6.60 0.00
0.00 20148.27
46.90 -64.06 -9999.00 -9999.00 -9999.00 165.07 3.01 0.00
0.00 21044.52
40.10 -62.16 -9999.00 -9999.00 -9999.00 338.96 2.70 0.00
0.00 22007.58
33.80 -62.16 -9999.00 -9999.00 -9999.00 41.19 4.14 0.00
0.00 23063.15
27.80 -60.76 -9999.00 -9999.00 -9999.00 68.75 3.75 0.00
0.00 24274.09
22.30 -58.76 -9999.00 -9999.00 -9999.00 7.31 7.63 0.00
0.00 25651.06
17.10 -56.16 -9999.00 -9999.00 -9999.00 23.20 5.92 0.00
0.00 27327.36
12.30 -50.76 -9999.00 -9999.00 -9999.00 184.01 11.09 0.00
0.00 29446.12

STID = KRNK STNM = 723180 TIME = 221027/0500 
SLAT = 37.21 SLON = -80.41 SELV = 620.0
STIM = 17

SHOW = 17.24 LIFT = 16.64 SWET = 84.99 KINX = -16.05
LCLP = 905.15 PWAT = 9.15 TOTL = 22.20 CAPE = 0.00
LCLT = 278.43 CINS = 0.00 EQLV = -9999.00 LFCT = -9999.00
BRCH = 0.00

PRES TMPC TMWC DWPC THTE DRCT SKNT OMEG
CFRL HGHT
942.80 8.54 7.17 5.87 304.09 278.75 2.56 0.00
0.00 629.65
940.00 8.54 7.11 5.76 304.27 279.73 6.90 0.00
0.00 654.27
934.90 8.24 6.88 5.58 304.30 283.50 9.98 0.00
0.00 699.27
926.00 7.64 6.44 5.26 304.28 291.80 14.65 0.00
0.00 778.26
912.90 6.54 5.71 4.86 304.09 297.84 19.54 -0.10
0.00 895.56
896.20 4.94 4.74 4.50 303.84 300.96 22.65 -0.30
27.00 1046.82
876.30 4.44 3.48 2.42 303.35 304.78 25.54 -0.40
13.00 1230.06
854.80 5.24 2.03 -1.98 302.69 310.04 23.85 -0.40
2.00 1432.75
831.50 7.04 0.62 -9.69 302.26 314.06 16.76 -0.10
0.00 1659.10
805.60 8.54 0.28 -14.89 304.51 301.37 9.32 0.00
0.00 1919.62
777.10 8.54 0.01 -15.57 307.58 254.41 8.66 0.00
0.00 2216.87
746.00 7.04 -1.32 -17.80 308.91 233.34 10.41 0.00
0.00 2553.03
712.40 5.24 -2.98 -21.24 310.10 237.60 11.97 0.10
0.00 2930.05
676.10 3.94 -4.58 -27.59 311.98 250.07 16.53 0.30
0.00 3355.43
637.20 2.34 -6.05 -31.34 314.97 249.58 19.48 0.60
0.00 3834.82
595.50 -0.56 -8.04 -30.71 317.95 244.27 23.72 0.80
0.00 4377.89
551.50 -4.26 -10.80 -33.08 320.34 245.25 32.94 1.00
0.00 4986.38
508.60 -8.96 -13.97 -31.17 322.57 247.57 39.72 0.90
0.00 5618.37
469.70 -14.16 -17.98 -33.81 323.18 246.77 41.86 0.70
0.00 6227.82
434.70 -18.86 -22.01 -40.07 323.68 245.19 45.38 0.40
0.00 6809.69
402.90 -23.36 -25.79 -43.17 324.71 244.97 48.66 0.20
0.00 7370.22
374.00 -27.76 -29.62 -46.93 325.62 244.06 47.51 0.00
0.00 7909.72
347.70 -31.66 -33.14 -51.13 326.99 241.63 44.15 -0.20
0.00 8429.34
323.90 -35.36 -36.54 -56.00 328.41 236.75 41.80 -0.30
0.00 8926.74
302.30 -39.06 -39.97 -59.80 329.66 230.61 40.71 -0.30
0.00 9403.39
282.70 -42.56 -43.20 -58.57 331.05 227.56 40.02 -0.30
0.00 9859.29
265.00 -45.16 -45.68 -60.83 333.38 231.17 40.89 -0.20
0.00 10293.26
248.50 -46.56 -47.06 -63.52 337.43 239.31 41.10 -0.10
0.00 10720.97
233.40 -47.66 -48.18 -71.85 341.77 246.69 39.76 0.00
0.00 11135.76
219.60 -49.56 -50.00 -72.27 344.84 244.89 37.55 0.10
0.00 11536.34
205.60 -51.36 -51.74 -72.72 348.56 237.14 37.24 0.00
0.00 11965.74
191.70 -53.46 -53.78 -73.19 352.24 231.97 38.46 0.00
0.00 12418.05
177.70 -56.26 -56.50 -73.70 355.37 230.63 39.20 -0.10
0.00 12902.61
163.80 -59.26 -9999.00 -9999.00 -9999.00 233.73 37.10 -0.10
0.00 13416.14
149.80 -61.96 -9999.00 -9999.00 -9999.00 236.04 33.72 0.00
0.00 13971.98
135.90 -64.36 -9999.00 -9999.00 -9999.00 235.21 30.98 0.00
0.00 14570.56
121.90 -66.26 -9999.00 -9999.00 -9999.00 229.68 30.32 0.10
0.00 15231.98
108.00 -67.46 -9999.00 -9999.00 -9999.00 233.57 30.42 0.10
0.00 15963.04
94.00 -66.26 -9999.00 -9999.00 -9999.00 228.18 24.77 0.00
0.00 16801.39
81.00 -65.56 -9999.00 -9999.00 -9999.00 197.15 16.47 0.00
0.00 17704.32
70.60 -65.36 -9999.00 -9999.00 -9999.00 197.68 14.06 0.00
0.00 18539.74
62.20 -64.36 -9999.00 -9999.00 -9999.00 184.09 13.64 0.00
0.00 19312.07
54.30 -64.46 -9999.00 -9999.00 -9999.00 200.14 6.22 0.00
0.00 20142.01
46.90 -64.16 -9999.00 -9999.00 -9999.00 156.80 2.95 0.00
0.00 21037.62
40.10 -63.06 -9999.00 -9999.00 -9999.00 356.63 3.30 0.00
0.00 21998.38
33.80 -63.16 -9999.00 -9999.00 -9999.00 45.00 4.95 0.00
0.00 23049.20
27.80 -61.46 -9999.00 -9999.00 -9999.00 33.69 2.10 0.00
0.00 24255.28
22.30 -59.36 -9999.00 -9999.00 -9999.00 21.32 8.55 0.00
0.00 25628.06
17.10 -56.56 -9999.00 -9999.00 -9999.00 59.53 7.65 0.00
0.00 27300.47
12.30 -50.66 -9999.00 -9999.00 -9999.00 180.73 15.35 0.00
0.00 29417.78

STID = KRNK STNM = 723180 TIME = 221027/0600 
SLAT = 37.21 SLON = -80.41 SELV = 620.0
STIM = 18

SHOW = 17.41 LIFT = 16.99 SWET = 78.53 KINX = -20.47
LCLP = 908.28 PWAT = 8.46 TOTL = 21.95 CAPE = 0.00
LCLT = 278.15 CINS = 0.00 EQLV = -9999.00 LFCT = -9999.00
BRCH = 0.00

PRES TMPC TMWC DWPC THTE DRCT SKNT OMEG
CFRL HGHT
943.50 8.04 6.78 5.55 303.09 265.60 2.53 0.00
0.00 628.75
940.60 8.14 6.78 5.46 303.42 271.79 6.22 0.00
0.00 654.19
935.50 7.94 6.58 5.26 303.54 279.66 9.27 0.00
0.00 699.10
926.60 7.34 6.14 4.95 303.52 292.68 14.10 0.00
0.00 777.95
913.50 6.34 5.46 4.55 303.45 299.96 19.06 -0.10
0.00 895.06
896.80 4.84 4.47 4.04 303.14 304.51 22.63 -0.20
12.00 1046.12
876.90 4.24 3.19 2.02 302.65 308.80 25.43 -0.20
11.00 1229.12
855.30 5.04 1.92 -1.98 302.41 312.60 22.96 -0.20
2.00 1432.47
832.00 6.84 0.49 -9.79 301.94 312.84 14.57 0.00
0.00 1658.52
806.10 8.44 -0.38 -19.24 302.93 297.98 7.03 0.10
0.00 1918.70
777.60 8.24 -0.80 -20.35 305.66 253.69 8.29 0.00
0.00 2215.47
746.50 6.74 -1.97 -21.67 307.38 241.70 11.48 -0.20
0.00 2550.96
712.80 5.14 -3.44 -25.14 309.00 246.60 14.18 -0.10
0.00 2928.53
676.50 4.14 -4.75 -31.98 311.48 258.31 17.25 0.10
0.00 3353.68
637.50 2.54 -5.91 -30.87 315.22 252.10 19.60 0.40
0.00 3834.37
595.80 -0.26 -7.83 -30.29 318.32 239.99 26.03 0.70
0.00 4377.67
551.70 -4.06 -10.61 -32.15 320.69 240.55 32.79 0.70
0.00 4987.85
508.80 -8.96 -14.05 -32.14 322.36 238.88 36.07 0.70
0.00 5619.84
469.90 -14.26 -18.19 -35.69 322.73 238.12 37.51 0.50
0.00 6228.90
434.80 -18.96 -22.10 -40.43 323.50 239.13 42.77 0.30
0.00 6811.99
403.00 -23.66 -25.98 -42.31 324.37 239.66 48.83 0.20
0.00 7371.95
374.00 -28.16 -29.89 -45.27 325.20 238.56 48.04 0.10
0.00 7912.49
347.80 -32.16 -33.52 -49.55 326.37 237.39 42.89 0.00
0.00 8429.12
323.90 -35.76 -36.87 -54.74 327.90 234.92 39.88 -0.10
0.00 8927.60
302.30 -39.36 -40.24 -59.80 329.23 230.19 39.45 -0.10
0.00 9403.54
282.70 -42.86 -43.50 -60.33 330.58 228.16 39.90 -0.10
0.00 9858.86
265.00 -45.16 -45.68 -60.83 333.38 231.38 42.02 -0.10
0.00 10292.53
248.50 -46.16 -46.71 -66.52 337.98 239.96 41.51 -0.10
0.00 10720.63
233.40 -47.46 -47.99 -71.85 342.07 246.04 38.27 -0.10
0.00 11135.96
219.60 -49.66 -50.10 -72.27 344.69 242.17 35.37 -0.10
0.00 11536.63
205.60 -51.86 -52.22 -72.72 347.78 233.00 34.54 -0.10
0.00 11965.46
191.70 -54.06 -54.36 -73.19 351.28 227.83 36.17 -0.10
0.00 12416.63
177.70 -56.56 -9999.00 -9999.00 -9999.00 228.37 37.43 -0.10
0.00 12900.20
163.80 -59.36 -9999.00 -9999.00 -9999.00 232.88 36.05 -0.10
0.00 13413.25
149.80 -61.96 -9999.00 -9999.00 -9999.00 234.93 33.47 -0.10
0.00 13968.96
135.90 -64.26 -9999.00 -9999.00 -9999.00 233.90 31.97 0.00
0.00 14567.68
121.90 -66.06 -9999.00 -9999.00 -9999.00 230.84 31.06 0.00
0.00 15229.58
108.00 -67.16 -9999.00 -9999.00 -9999.00 232.68 29.80 0.00
0.00 15961.53
94.00 -66.26 -9999.00 -9999.00 -9999.00 225.99 23.76 0.00
0.00 16800.49
81.00 -65.46 -9999.00 -9999.00 -9999.00 201.80 17.77 0.00
0.00 17703.64
70.60 -64.86 -9999.00 -9999.00 -9999.00 199.07 16.65 0.00
0.00 18540.26
62.20 -63.96 -9999.00 -9999.00 -9999.00 185.06 15.40 0.00
0.00 19314.26
54.30 -64.26 -9999.00 -9999.00 -9999.00 187.91 7.05 0.00
0.00 20145.40
46.90 -64.06 -9999.00 -9999.00 -9999.00 136.74 4.53 0.00
0.00 21041.64
40.10 -63.46 -9999.00 -9999.00 -9999.00 9.46 3.54 0.00
0.00 22001.72
33.80 -64.06 -9999.00 -9999.00 -9999.00 23.50 4.88 0.00
0.00 23049.28
27.80 -62.36 -9999.00 -9999.00 -9999.00 333.43 5.65 0.00
0.00 24250.22
22.30 -59.46 -9999.00 -9999.00 -9999.00 24.78 8.35 0.00
0.00 25619.77
17.10 -55.76 -9999.00 -9999.00 -9999.00 87.46 8.74 0.00
0.00 27294.90
12.30 -50.06 -9999.00 -9999.00 -9999.00 202.38 17.85 0.00
0.00 29418.97

STID = KRNK STNM = 723180 TIME = 221027/0700 
SLAT = 37.21 SLON = -80.41 SELV = 620.0
STIM = 19

SHOW = 17.84 LIFT = 17.40 SWET = 73.98 KINX = -24.28
LCLP = 914.36 PWAT = 7.97 TOTL = 21.05 CAPE = 0.00
LCLT = 278.00 CINS = 0.00 EQLV = -9999.00 LFCT = -9999.00
BRCH = 0.00

PRES TMPC TMWC DWPC THTE DRCT SKNT OMEG
CFRL HGHT
944.50 7.44 6.38 5.32 302.06 265.60 2.53 0.00
0.00 628.72
941.60 7.84 6.53 5.23 302.72 271.85 6.02 0.00
0.00 654.09
936.50 7.74 6.39 5.06 302.98 283.74 8.99 0.00
0.00 698.91
927.60 7.14 5.95 4.75 302.97 297.65 13.81 -0.10
0.00 777.62
914.50 6.14 5.27 4.37 302.92 305.54 18.38 -0.20
0.00 894.51
897.80 4.64 4.32 3.94 302.69 309.68 22.20 -0.30
18.00 1045.29
877.80 4.14 2.99 1.67 302.09 314.06 25.14 -0.30
10.00 1228.90
856.20 5.04 1.65 -2.75 301.70 318.91 22.16 -0.20
1.00 1431.98
832.80 6.64 0.35 -9.96 301.55 320.53 12.84 -0.10
0.00 1658.68
806.90 7.94 -0.69 -19.57 302.21 302.28 4.37 0.00
0.00 1918.28
778.40 7.94 -1.44 -25.51 304.09 256.37 6.60 0.00
0.00 2214.29
747.20 6.44 -2.64 -27.47 305.76 248.39 11.07 -0.10
0.00 2550.10
713.50 4.84 -3.85 -28.37 307.98 254.39 13.71 0.00
0.00 2926.83
677.10 4.04 -4.93 -34.66 310.97 263.37 16.82 0.20
0.00 3352.42
638.00 2.34 -5.99 -30.41 314.99 253.09 20.71 0.30
0.00 3833.66
596.30 -0.46 -7.87 -29.31 318.19 241.65 27.82 0.40
0.00 4376.14
552.10 -4.16 -10.73 -33.06 320.36 240.04 32.28 0.30
0.00 4986.89
509.10 -8.96 -14.23 -34.63 321.91 234.24 34.23 0.20
0.00 5619.79
470.10 -14.06 -18.15 -37.35 322.72 234.32 35.63 0.20
0.00 6230.31
435.00 -19.06 -22.12 -39.37 323.44 235.22 42.56 0.20
0.00 6813.25
403.20 -23.86 -26.10 -41.52 324.14 234.93 49.36 0.20
0.00 7372.62
374.10 -28.56 -30.16 -43.85 324.76 233.45 48.60 0.20
0.00 7914.16
347.80 -32.46 -33.76 -48.84 326.00 232.67 43.24 0.20
0.00 8431.95
324.00 -35.86 -36.96 -54.73 327.73 232.45 39.20 0.20
0.00 8927.85
302.30 -39.26 -40.12 -58.04 329.42 229.90 38.60 0.10
0.00 9405.93
282.80 -42.66 -43.32 -60.32 330.83 228.20 39.34 0.00
0.00 9859.14
265.00 -44.86 -45.40 -60.83 333.82 231.63 41.63 0.00
0.00 10295.66
248.50 -45.86 -46.43 -66.52 338.43 239.27 40.68 -0.10
0.00 10724.32
233.40 -47.46 -47.99 -71.85 342.07 242.89 36.65 -0.10
0.00 11139.93
219.60 -49.56 -50.00 -72.27 344.84 236.85 34.11 -0.10
0.00 11540.69
205.60 -51.96 -52.32 -72.72 347.62 228.48 33.99 -0.10
0.00 11969.51
191.70 -54.36 -54.65 -73.19 350.80 225.89 35.45 -0.10
0.00 12420.28
177.70 -56.96 -9999.00 -9999.00 -9999.00 229.04 37.04 -0.10
0.00 12903.06
163.80 -59.76 -9999.00 -9999.00 -9999.00 235.38 36.58 0.00
0.00 13415.16
149.80 -62.36 -9999.00 -9999.00 -9999.00 237.02 34.97 0.00
0.00 13969.83
135.90 -64.56 -9999.00 -9999.00 -9999.00 232.07 33.49 0.00
0.00 14567.55
121.90 -66.16 -9999.00 -9999.00 -9999.00 228.54 31.10 0.00
0.00 15228.81
108.00 -67.46 -9999.00 -9999.00 -9999.00 226.85 29.82 0.00
0.00 15960.05
94.00 -67.26 -9999.00 -9999.00 -9999.00 222.43 24.48 0.00
0.00 16796.37
81.00 -66.16 -9999.00 -9999.00 -9999.00 210.47 19.15 0.00
0.00 17695.82
70.60 -65.16 -9999.00 -9999.00 -9999.00 198.99 19.11 0.00
0.00 18530.43
62.20 -63.96 -9999.00 -9999.00 -9999.00 188.50 17.09 0.00
0.00 19303.88
54.30 -64.26 -9999.00 -9999.00 -9999.00 182.54 8.74 0.00
0.00 20135.01
46.90 -63.96 -9999.00 -9999.00 -9999.00 143.53 5.56 0.00
0.00 21031.47
40.10 -63.46 -9999.00 -9999.00 -9999.00 45.00 3.30 0.00
0.00 21991.78
33.80 -64.86 -9999.00 -9999.00 -9999.00 43.26 4.53 0.00
0.00 23037.34
27.80 -63.06 -9999.00 -9999.00 -9999.00 354.29 3.90 0.00
0.00 24233.98
22.30 -58.76 -9999.00 -9999.00 -9999.00 76.61 8.39 0.00
0.00 25603.54
17.10 -53.96 -9999.00 -9999.00 -9999.00 123.69 8.41 0.00
0.00 27288.38
12.30 -49.36 -9999.00 -9999.00 -9999.00 224.57 18.26 0.00
0.00 29424.50

STID = KRNK STNM = 723180 TIME = 221027/0800 
SLAT = 37.21 SLON = -80.41 SELV = 620.0
STIM = 20

SHOW = 18.09 LIFT = 17.59 SWET = 71.72 KINX = -26.50
LCLP = 916.10 PWAT = 7.78 TOTL = 20.44 CAPE = 0.00
LCLT = 277.89 CINS = 0.00 EQLV = -9999.00 LFCT = -9999.00
BRCH = 0.00

PRES TMPC TMWC DWPC THTE DRCT SKNT OMEG
CFRL HGHT
945.30 7.24 6.22 5.19 301.61 277.59 2.93 0.00
0.00 629.58
942.50 7.64 6.37 5.10 302.25 278.37 6.68 0.00
0.00 654.03
937.30 7.54 6.24 4.95 302.55 287.35 9.77 0.00
0.00 699.65
928.40 6.94 5.80 4.64 302.54 299.36 14.26 -0.10
0.00 778.23
915.30 5.94 5.10 4.21 302.43 306.87 18.45 -0.20
0.00 894.94
898.60 4.34 4.12 3.85 302.17 310.99 21.62 -0.30
32.00 1045.45
878.60 3.94 2.76 1.40 301.52 315.32 24.32 -0.30
11.00 1228.72
857.00 5.14 1.39 -3.65 301.05 323.03 21.64 -0.30
0.00 1431.56
833.60 6.34 0.06 -10.54 300.85 334.61 12.68 -0.20
0.00 1657.93
807.60 6.94 -1.04 -17.94 301.52 319.76 3.30 -0.10
0.00 1917.70
779.00 7.34 -1.97 -28.29 302.91 256.87 5.98 0.00
0.00 2213.66
747.80 6.34 -2.89 -30.67 305.11 254.48 10.88 0.10
0.00 2548.76
714.00 4.94 -3.91 -30.15 307.76 260.68 13.19 0.30
0.00 2926.30
677.60 4.14 -4.88 -35.00 310.98 263.21 16.43 0.40
0.00 3351.72
638.50 2.14 -6.00 -28.96 314.93 250.38 20.82 0.40
0.00 3832.52
596.60 -0.76 -8.01 -28.75 317.89 241.98 27.29 0.30
0.00 4376.77
552.40 -4.46 -10.96 -33.80 319.85 238.98 31.27 0.10
0.00 4986.53
509.30 -9.16 -14.43 -35.69 321.49 234.46 33.41 -0.10
0.00 5619.99
470.30 -14.16 -18.24 -37.65 322.52 233.26 35.39 -0.20
0.00 6229.90
435.10 -19.16 -22.19 -39.37 323.29 234.62 41.94 -0.20
0.00 6814.08
403.30 -24.06 -26.26 -41.52 323.86 232.85 47.28 -0.10
0.00 7372.98
374.20 -28.76 -30.33 -43.85 324.47 229.27 47.94 0.00
0.00 7913.95
347.90 -32.76 -34.00 -48.19 325.61 229.84 43.98 0.10
0.00 8431.06
324.00 -35.96 -37.05 -54.73 327.59 230.45 39.04 0.10
0.00 8928.56
302.40 -39.16 -40.03 -58.03 329.53 228.29 38.25 0.10
0.00 9404.36
282.80 -42.36 -43.04 -60.32 331.26 225.61 38.60 0.00
0.00 9860.20
265.10 -44.46 -45.03 -60.83 334.36 229.64 40.79 -0.10
0.00 10294.85
248.50 -45.86 -46.43 -66.52 338.43 236.00 40.31 -0.20
0.00 10726.41
233.40 -47.46 -47.99 -71.85 342.07 237.99 36.65 -0.20
0.00 11142.02
219.60 -49.66 -50.10 -72.27 344.69 233.13 34.97 -0.10
0.00 11542.68
205.60 -52.16 -52.51 -72.72 347.31 229.10 36.50 -0.10
0.00 11971.22
191.70 -54.66 -54.94 -73.19 350.32 229.56 38.03 -0.10
0.00 12421.48
177.70 -57.36 -57.57 -73.70 353.56 233.89 38.23 0.00
0.00 12903.49
163.80 -60.16 -9999.00 -9999.00 -9999.00 239.92 36.81 0.00
0.00 13414.63
149.80 -62.66 -9999.00 -9999.00 -9999.00 239.70 34.65 0.10
0.00 13968.38
135.90 -64.66 -9999.00 -9999.00 -9999.00 231.24 34.13 0.10
0.00 14565.54
121.90 -66.16 -9999.00 -9999.00 -9999.00 225.24 32.56 0.10
0.00 15226.63
108.00 -67.66 -9999.00 -9999.00 -9999.00 222.35 29.70 0.00
0.00 15957.52
94.00 -67.66 -9999.00 -9999.00 -9999.00 222.81 25.16 0.00
0.00 16792.62
81.00 -66.06 -9999.00 -9999.00 -9999.00 212.80 20.80 0.00
0.00 17691.41
70.60 -66.06 -9999.00 -9999.00 -9999.00 198.27 21.08 0.00
0.00 18524.42
62.20 -64.26 -9999.00 -9999.00 -9999.00 191.65 19.23 0.00
0.00 19295.64
54.30 -64.26 -9999.00 -9999.00 -9999.00 175.91 10.90 0.00
0.00 20126.17
46.90 -63.76 -9999.00 -9999.00 -9999.00 145.78 5.87 0.00
0.00 21023.06
40.10 -63.36 -9999.00 -9999.00 -9999.00 72.18 5.71 0.00
0.00 21984.06
33.80 -63.86 -9999.00 -9999.00 -9999.00 46.55 5.09 0.00
0.00 23032.37
27.80 -61.26 -9999.00 -9999.00 -9999.00 357.14 3.88 0.00
0.00 24237.02
22.30 -57.96 -9999.00 -9999.00 -9999.00 81.57 5.30 0.00
0.00 25614.96
17.10 -52.86 -9999.00 -9999.00 -9999.00 175.43 4.88 0.00
0.00 27307.20
12.30 -49.26 -9999.00 -9999.00 -9999.00 246.63 17.13 0.00
0.00 29449.10

STID = KRNK STNM = 723180 TIME = 221027/0900 
SLAT = 37.21 SLON = -80.41 SELV = 620.0
STIM = 21

SHOW = 18.00 LIFT = 17.73 SWET = 66.48 KINX = -27.72
LCLP = 917.41 PWAT = 7.82 TOTL = 20.67 CAPE = 0.00
LCLT = 277.76 CINS = 0.00 EQLV = -9999.00 LFCT = -9999.00
BRCH = 0.00

PRES TMPC TMWC DWPC THTE DRCT SKNT OMEG
CFRL HGHT
945.80 7.04 6.06 5.05 301.18 274.40 2.53 0.00
0.00 629.57
943.00 7.44 6.20 4.96 301.83 277.35 6.08 0.00
0.00 653.99
937.80 7.34 6.06 4.76 302.07 287.28 9.15 0.00
0.00 699.55
928.90 6.74 5.62 4.47 302.08 300.26 13.50 -0.10
0.00 778.03
915.80 5.64 4.87 4.04 301.86 307.00 17.75 -0.20
0.00 894.56
899.00 4.04 3.89 3.68 301.61 310.78 20.51 -0.30
47.00 1045.73
879.10 3.94 2.59 1.00 301.08 315.70 22.53 -0.40
9.00 1227.88
857.40 5.14 1.33 -3.84 300.87 327.26 19.41 -0.40
0.00 1431.54
834.00 6.04 0.10 -9.65 300.92 350.25 12.61 -0.30
0.00 1657.69
808.00 5.94 -1.31 -15.95 301.04 352.41 2.93 -0.10
0.00 1916.75
779.40 6.94 -2.24 -28.98 302.34 259.05 6.14 0.00
0.00 2211.85
748.20 6.24 -3.05 -32.67 304.72 260.05 11.25 0.10
0.00 2546.46
714.40 5.24 -3.84 -32.24 307.77 264.21 13.48 0.30
0.00 2923.91
677.90 4.34 -4.73 -34.32 311.24 260.19 15.97 0.40
0.00 3350.66
638.70 2.14 -5.86 -27.16 315.25 246.21 19.74 0.40
0.00 3832.70
596.80 -0.86 -8.05 -28.57 317.78 239.34 25.52 0.20
0.00 4376.70
552.60 -4.76 -11.15 -33.80 319.46 236.85 28.77 0.00
0.00 4985.79
509.40 -9.26 -14.50 -35.69 321.35 232.78 31.47 -0.20
0.00 5620.07
470.40 -14.36 -18.33 -36.76 322.36 231.44 35.53 -0.20
0.00 6229.51
435.20 -19.46 -22.36 -38.41 323.00 233.08 41.06 -0.20
0.00 6813.00
403.30 -24.26 -26.40 -41.14 323.63 231.18 44.62 -0.20
0.00 7373.04
374.30 -28.86 -30.41 -43.85 324.31 227.03 46.46 -0.10
0.00 7911.75
347.90 -32.86 -34.08 -48.19 325.47 227.84 44.29 0.00
0.00 8430.55
324.00 -35.96 -37.05 -54.73 327.59 228.90 38.40 0.10
0.00 8927.94
302.40 -39.06 -39.94 -58.03 329.67 225.00 37.92 0.10
0.00 9403.84
282.80 -41.96 -42.65 -58.57 331.88 222.39 39.18 0.00
0.00 9860.18
265.10 -44.06 -44.66 -60.83 334.95 225.96 41.08 -0.10
0.00 10295.59
248.50 -45.56 -46.15 -66.52 338.87 231.81 40.54 -0.10
0.00 10727.80
233.40 -47.26 -47.80 -71.85 342.38 234.94 38.21 -0.10
0.00 11143.87
219.60 -49.56 -50.00 -72.27 344.84 232.89 37.02 -0.10
0.00 11544.81
205.60 -52.16 -52.51 -72.72 347.31 231.84 38.03 0.00
0.00 11973.44
191.70 -54.66 -54.94 -73.19 350.32 234.20 39.51 0.00
0.00 12423.70
177.70 -57.16 -57.38 -73.70 353.89 238.06 38.91 0.10
0.00 12905.93
163.80 -59.86 -9999.00 -9999.00 -9999.00 241.80 36.60 0.10
0.00 13417.67
149.80 -62.26 -9999.00 -9999.00 -9999.00 238.57 32.79 0.10
0.00 13972.34
135.90 -64.26 -9999.00 -9999.00 -9999.00 227.59 33.41 0.10
0.00 14570.63
121.90 -66.16 -9999.00 -9999.00 -9999.00 224.29 33.37 0.00
0.00 15232.36
108.00 -67.66 -9999.00 -9999.00 -9999.00 224.19 28.98 0.00
0.00 15963.25
94.00 -67.66 -9999.00 -9999.00 -9999.00 221.14 24.51 0.00
0.00 16798.35
81.00 -66.66 -9999.00 -9999.00 -9999.00 207.04 20.94 0.00
0.00 17695.83
70.60 -66.96 -9999.00 -9999.00 -9999.00 197.14 21.76 0.00
0.00 18525.83
62.20 -64.96 -9999.00 -9999.00 -9999.00 193.68 23.00 0.00
0.00 19294.08
54.30 -64.56 -9999.00 -9999.00 -9999.00 180.00 11.65 0.00
0.00 20122.63
46.90 -64.16 -9999.00 -9999.00 -9999.00 146.82 6.04 0.00
0.00 21018.01
40.10 -64.16 -9999.00 -9999.00 -9999.00 73.50 5.48 0.00
0.00 21976.26
33.80 -62.76 -9999.00 -9999.00 -9999.00 33.18 6.04 0.00
0.00 23025.32
27.80 -59.96 -9999.00 -9999.00 -9999.00 38.99 5.24 0.00
0.00 24236.84
22.30 -57.66 -9999.00 -9999.00 -9999.00 99.09 4.91 0.00
0.00 25619.94
17.10 -51.86 -9999.00 -9999.00 -9999.00 204.44 4.70 0.00
0.00 27317.22
12.30 -48.86 -9999.00 -9999.00 -9999.00 269.28 15.54 0.00
0.00 29465.88
STN YYMMDD/HHMM PMSL PRES SKTC STC1 SNFL WTNS
P01M C01M STC2 LCLD MCLD HCLD
SNRA UWND VWND R01M BFGR T2MS
Q2MS WXTS WXTP WXTZ WXTR USTM
VSTM HLCY SLLH WSYM CDBP VSBK
TD2M
723180 221026/1200 1009.80 938.80 11.94 285.10 -9999.00 9.00
-9999.00 -9999.00 285.30 74.00 0.00 0.00
-9999.00 -0.80 0.60 -9999.00 -9999.00 11.94
8.08 0.00 0.00 0.00 0.00 9.90
10.70 82.40 -9999.00 999.00 871.60 20.00
9.65
723180 221026/1300 1010.10 939.20 13.54 286.70 0.00 9.00
0.00 0.00 286.50 87.00 0.00 0.00
-9999.00 -0.60 2.00 -9999.00 -9999.00 13.04
8.42 0.00 0.00 0.00 0.00 12.40
8.40 85.50 0.00 999.00 827.10 0.24
10.27
723180 221026/1400 1010.20 939.50 16.34 289.50 0.00 9.00
0.00 0.00 288.80 93.00 0.00 0.00
-9999.00 0.90 3.60 -9999.00 -9999.00 14.74
8.86 0.00 0.00 0.00 0.00 12.80
7.20 26.90 0.00 999.00 827.40 20.00
11.03
723180 221026/1500 1010.00 939.40 17.94 291.10 0.00 9.00
0.00 0.00 290.60 61.00 0.00 0.00
-9999.00 2.60 3.00 -9999.00 -9999.00 15.94
8.79 0.00 0.00 0.00 0.00 14.00
5.40 5.70 0.00 999.00 -9999.00 20.00
10.91
723180 221026/1600 1008.90 938.50 21.64 294.80 0.00 9.00
0.00 0.00 293.80 99.00 0.00 0.00
-9999.00 3.40 2.30 -9999.00 -9999.00 17.34
8.91 0.00 0.00 0.00 0.00 16.20
5.00 29.90 0.01 999.00 800.90 20.00
11.09
723180 221026/1700 1009.10 938.60 17.94 291.10 0.00 9.00
0.00 0.00 291.10 100.00 0.00 0.00
-9999.00 4.60 1.70 -9999.00 -9999.00 16.54
8.75 0.00 0.00 0.00 0.00 17.70
5.60 -22.20 -0.01 999.00 849.80 0.07
10.83
723180 221026/1800 1007.70 937.30 17.74 290.90 0.00 8.00
0.00 0.00 290.70 100.00 0.00 0.00
-9999.00 4.10 1.70 -9999.00 -9999.00 16.24
8.36 0.00 0.00 0.00 0.00 17.70
3.90 0.70 0.00 999.00 825.60 0.05
10.13
723180 221026/1900 1009.00 938.40 16.54 289.70 0.00 8.00
0.00 0.00 289.90 100.00 0.00 0.00
-9999.00 4.70 0.00 -9999.00 -9999.00 15.44
8.15 0.00 0.00 0.00 0.00 18.20
2.10 -5.20 0.00 999.00 849.80 0.09
9.77
723180 221026/2000 1009.30 938.70 17.64 290.80 0.00 8.00
0.00 0.00 290.60 80.00 0.00 0.00
-9999.00 5.20 -0.90 -9999.00 -9999.00 15.04
7.96 0.00 0.00 0.00 0.00 18.80
0.50 -30.80 0.00 999.00 -9999.00 0.11
9.43
723180 221026/2100 1010.20 939.40 15.44 288.60 0.00 8.00
0.00 0.00 288.80 100.00 0.00 0.00
-9999.00 5.20 -0.60 -9999.00 -9999.00 14.04
7.35 0.00 0.00 0.00 0.00 18.60
-0.70 -32.70 0.00 999.00 827.50 20.00
8.28
723180 221026/2200 1011.90 940.90 13.74 286.90 0.00 8.00
0.00 0.00 287.30 100.00 0.00 0.00
-9999.00 5.20 -1.00 -9999.00 -9999.00 13.04
6.85 0.00 0.00 0.00 0.00 18.40
-2.70 -21.90 0.00 999.00 851.70 20.00
7.28
723180 221026/2300 1014.00 942.50 12.34 285.50 0.00 8.00
0.00 0.00 286.00 100.00 0.00 0.00
-9999.00 5.00 -1.10 -9999.00 -9999.00 11.84
6.70 0.00 0.00 0.00 0.00 17.70
-4.60 -22.10 0.00 999.00 853.50 20.00
6.98
723180 221027/0000 1015.30 943.60 11.44 284.60 0.00 8.00
0.00 0.00 285.10 93.00 0.00 0.00
-9999.00 4.80 -1.30 -9999.00 -9999.00 10.94
6.50 0.00 0.00 0.00 0.00 16.40
-6.00 -19.10 0.00 999.00 -9999.00 20.00
6.56
723180 221027/0100 1015.00 943.10 10.44 283.60 0.00 8.00
0.00 0.00 284.10 89.00 0.00 0.00
-9999.00 4.40 -1.50 -9999.00 -9999.00 10.24
6.30 0.00 0.00 0.00 0.00 15.80
-6.40 -18.20 0.00 999.00 875.60 20.00
6.11
723180 221027/0200 1015.50 943.40 9.74 282.90 0.00 8.00
0.00 0.00 283.40 68.00 0.00 0.00
-9999.00 4.10 -1.10 -9999.00 -9999.00 9.64
6.37 0.00 0.00 0.00 0.00 15.30
-6.50 1.80 0.00 999.00 -9999.00 20.00
6.27
723180 221027/0300 1016.80 944.60 9.24 282.40 0.00 8.00
0.00 0.00 282.90 52.00 0.00 0.00
-9999.00 3.80 -0.70 -9999.00 -9999.00 9.24
6.44 0.00 0.00 0.00 0.00 15.20
-5.80 19.70 0.00 999.00 -9999.00 20.00
6.45
723180 221027/0400 1016.60 944.20 8.24 281.40 0.00 8.00
0.00 0.00 282.00 48.00 0.00 0.00
-9999.00 3.20 -0.30 -9999.00 -9999.00 8.44
6.39 0.00 0.00 0.00 0.00 15.40
-4.60 29.70 0.00 999.00 -9999.00 20.00
6.33
723180 221027/0500 1016.30 943.90 7.74 280.90 0.00 8.00
0.00 0.00 281.50 27.00 0.00 0.00
-9999.00 2.30 0.70 -9999.00 -9999.00 7.94
6.20 0.00 0.00 0.00 0.00 15.40
-3.40 33.80 0.00 999.00 -9999.00 20.00
5.89
723180 221027/0600 1017.10 944.50 6.94 280.10 0.00 8.00
0.00 0.00 280.70 12.00 0.00 0.00
-9999.00 2.30 0.90 -9999.00 -9999.00 7.24
6.06 0.00 0.00 0.00 0.00 15.90
-1.70 40.60 0.00 999.00 -9999.00 20.00
5.57
723180 221027/0700 1018.30 945.50 6.14 279.30 0.00 8.00
0.00 0.00 279.90 18.00 0.00 0.00
-9999.00 2.10 1.00 -9999.00 -9999.00 6.54
5.96 0.00 0.00 0.00 0.00 15.70
-1.40 48.60 0.00 999.00 -9999.00 20.00
5.35
723180 221027/0800 1019.30 946.40 6.04 279.20 0.00 8.00
0.00 0.00 279.70 32.00 0.00 0.00
-9999.00 2.30 0.70 -9999.00 -9999.00 6.44
5.89 0.00 0.00 0.00 0.00 15.50
-1.40 61.30 0.00 999.00 -9999.00 20.00
5.20
723180 221027/0900 1019.90 946.90 5.64 278.80 0.00 8.00
0.00 0.00 279.30 47.00 0.00 0.00
-9999.00 2.10 0.80 -9999.00 -9999.00 6.04
5.83 0.00 0.00 0.00 0.00 14.80
-1.40 68.80 0.00 999.00 -9999.00 20.00
5.06


