
SNPARM = PRES;TMPC;TMWC;DWPC;THTE;DRCT;SKNT;OMEG;CFRL;HGHT 
STNPRM = SHOW;LIFT;SWET;KINX;LCLP;PWAT;TOTL;CAPE;LCLT;CINS;EQLV;LFCT;BRCH 

STID = KEYW STNM = 722010 TIME = 221026/1200 
SLAT = 24.55 SLON = -81.75 SELV = 0.0
STIM = 0

SHOW = 7.78 LIFT = 1.89 SWET = 121.87 KINX = -7.39
LCLP = 956.55 PWAT = 29.25 TOTL = 34.36 CAPE = 103.99
LCLT = 293.58 CINS = -5.09 EQLV = 330.18 LFCT = 919.02
BRCH = 16.02

PRES TMPC TMWC DWPC THTE DRCT SKNT OMEG
CFRL HGHT
1012.50 25.24 22.52 21.36 344.08 355.24 2.33 0.00
0.00 9.57
1009.40 24.94 22.34 21.22 343.77 360.00 2.33 0.00
0.00 36.60
1003.90 24.54 22.10 21.04 343.58 360.00 2.53 0.00
0.00 84.70
994.20 23.74 21.66 20.74 343.19 355.60 2.53 -0.10
0.00 169.99
980.00 22.64 20.96 20.19 342.42 355.24 2.33 -0.10
0.00 295.94
961.70 21.54 18.82 17.48 336.64 348.69 1.98 -0.20
0.00 460.25
939.80 19.84 17.11 15.67 333.50 330.26 1.57 -0.10
0.00 659.88
915.90 18.04 15.58 14.20 331.55 278.13 1.38 -0.10
2.00 881.66
889.90 15.74 14.72 14.11 332.41 250.02 2.27 0.00
46.00 1127.83
861.00 14.64 11.85 10.02 327.25 247.17 4.00 0.10
5.00 1408.20
829.00 13.34 8.28 4.12 321.23 268.57 7.77 0.20
0.00 1728.00
794.10 13.14 2.29 -17.06 310.06 299.60 9.83 0.10
0.00 2089.38
756.30 12.74 0.97 -25.48 311.92 307.35 9.29 0.00
0.00 2498.04
715.40 11.04 -0.28 -25.92 315.06 304.88 7.81 0.00
0.00 2962.09
671.60 8.34 -1.96 -24.89 318.13 315.76 10.30 -0.10
0.00 3485.38
624.70 5.34 -4.38 -30.21 320.42 325.76 16.92 0.00
0.00 4078.90
575.30 1.54 -6.86 -29.14 323.93 317.91 16.22 0.00
0.00 4746.09
527.50 -2.86 -9.47 -25.81 327.76 301.39 13.42 0.00
0.00 5438.27
484.50 -7.96 -10.20 -13.73 335.74 287.80 16.53 0.00
0.00 6105.41
446.00 -12.66 -14.04 -16.59 336.39 280.23 26.24 0.00
0.00 6743.42
411.40 -16.56 -17.69 -20.23 337.46 272.67 29.18 0.00
0.00 7355.33
380.20 -20.76 -21.88 -25.15 337.57 269.65 32.05 0.00
2.00 7943.41
352.20 -24.86 -25.65 -28.50 338.47 271.77 37.70 0.00
1.00 8504.38
327.00 -28.26 -28.97 -32.18 340.09 270.58 38.66 0.00
0.00 9040.53
304.40 -32.16 -33.08 -39.24 340.21 274.95 45.05 0.00
0.00 9550.01
284.00 -35.46 -36.45 -46.37 341.45 279.90 54.23 0.00
0.00 10036.08
265.80 -39.36 -40.11 -49.94 342.03 280.27 56.66 0.00
0.00 10493.15
248.90 -43.36 -43.89 -53.16 342.38 277.73 54.90 0.00
0.00 10938.90
233.60 -46.96 -47.35 -56.32 343.05 275.35 52.10 0.10
0.00 11362.30
219.60 -50.56 -50.83 -59.12 343.52 273.29 50.78 0.10
0.00 11768.25
205.60 -53.76 -54.00 -64.93 344.88 273.34 53.32 0.10
0.00 12194.39
191.70 -56.86 -57.04 -68.39 346.83 271.02 54.78 0.10
0.00 12640.76
177.70 -60.36 -60.50 -73.70 348.65 267.69 53.07 0.10
0.00 13117.00
163.80 -63.36 -63.45 -74.24 351.83 268.45 50.33 0.10
0.00 13620.75
149.80 -66.76 -9999.00 -9999.00 -9999.00 267.54 45.30 0.00
0.00 14164.96
135.90 -70.66 -9999.00 -9999.00 -9999.00 269.23 43.51 0.00
0.00 14747.72
121.90 -74.16 -9999.00 -9999.00 -9999.00 277.13 39.16 0.00
0.00 15386.54
108.00 -75.06 -9999.00 -9999.00 -9999.00 271.91 23.33 0.00
0.00 16090.14
94.00 -75.06 -9999.00 -9999.00 -9999.00 250.02 9.09 0.00
0.00 16895.17
81.00 -73.76 -9999.00 -9999.00 -9999.00 266.73 6.82 0.00
0.00 17761.06
70.60 -71.46 -9999.00 -9999.00 -9999.00 330.26 9.40 0.00
0.00 18567.72
62.20 -70.86 -9999.00 -9999.00 -9999.00 359.18 13.60 0.00
0.00 19316.69
54.30 -69.66 -9999.00 -9999.00 -9999.00 23.63 16.96 0.00
0.00 20123.37
46.90 -67.56 -9999.00 -9999.00 -9999.00 43.09 16.49 0.00
0.00 21000.53
40.10 -62.96 -9999.00 -9999.00 -9999.00 58.27 17.37 0.00
0.00 21953.73
33.80 -59.16 -9999.00 -9999.00 -9999.00 71.05 13.75 0.00
0.00 23014.81
27.80 -55.56 -9999.00 -9999.00 -9999.00 45.00 4.95 0.00
0.00 24249.20
22.30 -51.96 -9999.00 -9999.00 -9999.00 291.25 7.50 0.00
0.00 25664.90
17.10 -46.26 -9999.00 -9999.00 -9999.00 250.91 21.39 0.00
0.00 27406.09
12.30 -40.36 -9999.00 -9999.00 -9999.00 235.24 34.75 0.00
0.00 29622.74

STID = KEYW STNM = 722010 TIME = 221026/1300 
SLAT = 24.55 SLON = -81.75 SELV = 0.0
STIM = 1

SHOW = 8.09 LIFT = 1.40 SWET = 111.29 KINX = -6.70
LCLP = 942.19 PWAT = 29.26 TOTL = 34.18 CAPE = 71.75
LCLT = 292.50 CINS = -3.87 EQLV = 348.38 LFCT = 921.39
BRCH = 13.10

PRES TMPC TMWC DWPC THTE DRCT SKNT OMEG
CFRL HGHT
1013.80 25.54 22.06 20.54 341.90 6.34 1.77 0.00
0.00 9.57
1010.80 25.24 21.91 20.45 341.73 6.34 1.77 0.00
0.00 35.70
1005.10 24.74 21.69 20.34 341.65 6.34 1.77 -0.10
0.00 85.50
995.50 23.94 21.31 20.14 341.54 7.13 1.57 -0.10
0.00 169.83
981.20 22.74 20.77 19.86 341.43 8.13 1.38 -0.20
0.00 296.54
962.90 21.44 19.15 18.04 337.74 9.46 1.18 -0.20
0.00 460.65
941.00 19.74 17.71 16.67 335.53 360.00 0.19 -0.20
1.00 660.04
917.10 17.84 16.16 15.24 333.42 206.57 0.87 -0.10
1.00 881.52
891.10 15.74 14.56 13.86 331.69 208.61 2.43 0.00
13.00 1127.32
862.10 14.84 11.52 9.29 326.07 225.00 4.66 0.00
2.00 1408.33
830.10 13.24 8.13 3.86 320.64 256.76 6.78 0.00
1.00 1727.72
795.10 13.34 1.65 -24.42 308.23 313.21 8.80 0.00
0.00 2089.65
757.30 12.64 0.67 -29.52 311.01 312.27 8.66 0.00
0.00 2497.75
716.30 11.04 -0.14 -24.32 315.29 305.36 7.38 0.00
0.00 2962.24
672.30 8.24 -2.01 -24.88 317.92 318.18 9.91 0.00
0.00 3487.24
625.30 4.94 -4.57 -29.78 319.94 331.80 15.21 0.00
0.00 4080.91
575.90 1.44 -6.81 -27.95 323.96 320.60 14.08 0.00
0.00 4746.84
527.90 -2.96 -9.29 -23.96 328.13 296.98 11.99 0.00
0.00 5441.09
484.80 -8.26 -9.66 -11.69 336.91 280.57 14.82 0.00
0.00 6108.95
446.20 -12.66 -13.55 -15.10 337.38 277.79 22.94 0.00
2.00 6748.07
411.60 -16.86 -18.16 -21.25 336.48 270.76 29.14 0.00
0.00 7359.36
380.30 -20.86 -22.32 -26.97 336.71 270.32 34.77 0.00
0.00 7948.58
352.30 -24.66 -25.69 -29.58 338.36 270.30 37.10 0.00
0.00 8509.45
327.10 -28.16 -29.40 -36.06 339.28 269.72 40.21 0.00
0.00 9045.72
304.40 -31.76 -32.93 -41.55 340.43 276.39 48.87 0.00
0.00 9557.84
284.10 -35.36 -36.37 -46.37 341.56 279.50 54.16 0.00
0.00 10041.94
265.80 -39.36 -40.11 -49.94 342.03 279.29 54.14 0.00
0.00 10501.54
248.90 -43.36 -43.86 -52.42 342.42 277.54 53.30 0.00
0.00 10947.29
233.60 -47.06 -47.42 -55.36 342.94 277.02 54.02 0.10
0.00 11370.60
219.60 -50.36 -50.64 -59.12 343.83 277.42 55.63 0.10
0.00 11776.64
205.60 -53.56 -53.78 -62.77 345.24 276.66 56.92 0.10
0.00 12203.17
191.70 -56.86 -57.04 -68.39 346.83 272.52 57.36 0.10
0.00 12649.74
177.70 -60.16 -60.30 -73.70 348.98 269.80 54.97 0.10
0.00 13126.20
163.80 -63.46 -63.55 -74.24 351.66 268.71 51.88 0.10
0.00 13630.08
149.80 -66.66 -9999.00 -9999.00 -9999.00 270.45 49.34 0.10
0.00 14174.29
135.90 -70.36 -9999.00 -9999.00 -9999.00 275.93 45.10 0.00
0.00 14757.61
121.90 -73.66 -9999.00 -9999.00 -9999.00 280.11 36.50 0.00
0.00 15397.71
108.00 -74.76 -9999.00 -9999.00 -9999.00 270.00 23.50 0.00
0.00 16102.73
94.00 -74.76 -9999.00 -9999.00 -9999.00 248.63 9.60 0.00
0.00 16908.97
81.00 -73.76 -9999.00 -9999.00 -9999.00 292.62 7.58 0.00
0.00 17775.52
70.60 -71.96 -9999.00 -9999.00 -9999.00 354.71 10.53 0.00
0.00 18581.18
62.20 -71.36 -9999.00 -9999.00 -9999.00 22.91 14.98 0.00
0.00 19328.29
54.30 -70.16 -9999.00 -9999.00 -9999.00 41.68 18.98 0.00
0.00 20132.99
46.90 -67.26 -9999.00 -9999.00 -9999.00 53.37 18.88 0.00
0.00 21009.72
40.10 -62.96 -9999.00 -9999.00 -9999.00 69.66 18.43 0.00
0.00 21963.61
33.80 -58.36 -9999.00 -9999.00 -9999.00 81.87 12.35 0.00
0.00 23026.68
27.80 -54.96 -9999.00 -9999.00 -9999.00 70.82 4.74 0.00
0.00 24265.08
22.30 -51.96 -9999.00 -9999.00 -9999.00 282.72 6.18 0.00
0.00 25682.71
17.10 -47.26 -9999.00 -9999.00 -9999.00 254.26 22.20 0.00
0.00 27420.02
12.30 -41.26 -9999.00 -9999.00 -9999.00 232.21 33.92 0.00
0.00 29627.50

STID = KEYW STNM = 722010 TIME = 221026/1400 
SLAT = 24.55 SLON = -81.75 SELV = 0.0
STIM = 2

SHOW = 8.10 LIFT = 1.10 SWET = 108.18 KINX = -6.36
LCLP = 938.00 PWAT = 29.32 TOTL = 34.32 CAPE = 78.60
LCLT = 292.12 CINS = -3.03 EQLV = 356.58 LFCT = 922.53
BRCH = 17.54

PRES TMPC TMWC DWPC THTE DRCT SKNT OMEG
CFRL HGHT
1013.90 25.54 21.86 20.23 341.03 12.09 2.78 0.00
0.00 9.57
1010.80 25.24 21.70 20.13 340.85 12.09 2.78 0.00
0.00 36.56
1005.30 24.84 21.50 20.01 340.83 12.99 2.58 0.00
0.00 84.61
995.60 23.94 21.09 19.80 340.59 12.99 2.58 -0.10
0.00 169.81
981.30 22.74 20.51 19.48 340.38 14.04 2.41 -0.10
0.00 296.48
963.00 21.24 19.63 18.85 339.59 19.98 2.27 -0.10
0.00 460.53
941.10 19.64 17.79 16.84 335.80 26.57 0.87 0.00
0.00 659.85
917.10 17.74 16.35 15.59 334.10 180.00 0.58 0.10
2.00 882.20
891.20 15.94 14.47 13.60 331.36 206.57 2.18 0.20
14.00 1127.08
862.10 15.04 11.06 8.27 324.63 226.47 5.36 0.20
0.00 1409.18
830.20 12.84 8.39 4.81 321.40 256.37 6.60 0.10
0.00 1727.42
795.20 13.14 2.05 -19.07 309.30 327.72 8.72 0.00
0.00 2089.02
757.30 12.64 0.68 -29.29 311.05 319.69 8.41 0.00
0.00 2498.08
716.40 11.04 -0.06 -23.45 315.48 308.66 7.46 0.10
0.00 2961.42
672.40 8.14 -2.10 -25.32 317.70 324.46 10.02 0.10
0.00 3486.25
625.40 4.84 -4.61 -29.58 319.85 337.01 13.93 0.10
0.00 4079.61
575.90 1.44 -6.68 -26.58 324.28 324.57 12.39 0.00
0.00 4746.74
527.90 -3.06 -9.17 -22.74 328.42 294.27 10.86 -0.10
0.00 5440.91
484.80 -8.56 -9.40 -10.58 337.50 275.26 14.82 -0.20
0.00 6108.35
446.20 -12.86 -13.55 -14.74 337.38 275.34 20.88 -0.20
13.00 6746.93
411.60 -17.06 -19.19 -25.24 334.45 270.77 28.75 -0.20
0.00 7357.68
380.30 -21.06 -22.91 -29.59 335.59 269.67 34.19 -0.20
0.00 7946.30
352.30 -24.56 -26.22 -33.75 337.37 267.56 36.56 -0.10
0.00 8506.96
327.10 -27.96 -29.47 -38.31 339.14 269.74 42.74 -0.10
0.00 9043.49
304.40 -31.26 -32.71 -44.52 340.79 274.23 50.06 -0.10
0.00 9556.32
284.10 -35.06 -36.24 -49.36 341.75 277.25 53.85 0.00
0.00 10041.21
265.80 -39.26 -40.06 -51.18 342.09 276.55 52.80 0.00
0.00 10501.18
248.90 -43.26 -43.80 -53.16 342.53 275.81 53.69 0.00
0.00 10947.12
233.60 -46.86 -47.25 -56.32 343.21 277.70 58.02 0.10
0.00 11370.71
219.60 -50.06 -50.35 -59.12 344.29 279.20 61.99 0.10
0.00 11777.20
205.60 -53.36 -53.59 -62.77 345.56 277.98 62.96 0.10
0.00 12204.21
191.70 -56.86 -57.04 -68.39 346.83 275.41 61.85 0.10
0.00 12650.98
177.70 -60.46 -60.60 -73.70 348.49 273.48 60.72 0.10
0.00 13127.11
163.80 -63.66 -63.75 -74.24 351.32 270.97 57.50 0.10
0.00 13630.39
149.80 -66.66 -66.72 -74.84 355.25 270.65 51.67 0.10
0.00 14174.34
135.90 -70.36 -9999.00 -9999.00 -9999.00 275.57 46.06 0.00
0.00 14757.67
121.90 -73.56 -9999.00 -9999.00 -9999.00 279.99 34.71 0.00
0.00 15397.92
108.00 -74.86 -9999.00 -9999.00 -9999.00 266.15 23.17 0.00
0.00 16102.94
94.00 -74.66 -9999.00 -9999.00 -9999.00 245.92 10.00 0.00
0.00 16909.18
81.00 -73.76 -9999.00 -9999.00 -9999.00 311.76 7.28 0.00
0.00 17775.95
70.60 -71.66 -9999.00 -9999.00 -9999.00 21.41 10.64 0.00
0.00 18582.21
62.20 -71.06 -9999.00 -9999.00 -9999.00 39.19 16.30 0.00
0.00 19330.44
54.30 -69.66 -9999.00 -9999.00 -9999.00 46.97 19.93 0.00
0.00 20136.72
46.90 -66.16 -9999.00 -9999.00 -9999.00 59.04 19.25 0.00
0.00 21016.89
40.10 -62.16 -9999.00 -9999.00 -9999.00 73.77 15.99 0.00
0.00 21975.13
33.80 -57.46 -9999.00 -9999.00 -9999.00 74.85 9.65 0.00
0.00 23042.45
27.80 -54.46 -9999.00 -9999.00 -9999.00 41.42 4.41 0.00
0.00 24284.86
22.30 -51.56 -9999.00 -9999.00 -9999.00 273.27 6.82 0.00
0.00 25705.39
17.10 -47.26 -9999.00 -9999.00 -9999.00 255.07 24.13 0.00
0.00 27444.25
12.30 -41.86 -9999.00 -9999.00 -9999.00 236.49 34.48 0.00
0.00 29648.85

STID = KEYW STNM = 722010 TIME = 221026/1500 
SLAT = 24.55 SLON = -81.75 SELV = 0.0
STIM = 3

SHOW = 8.63 LIFT = 1.04 SWET = 96.54 KINX = -7.36
LCLP = 934.83 PWAT = 28.63 TOTL = 33.84 CAPE = 73.92
LCLT = 291.87 CINS = -4.54 EQLV = 360.72 LFCT = 913.26
BRCH = 14.13

PRES TMPC TMWC DWPC THTE DRCT SKNT OMEG
CFRL HGHT
1013.60 25.54 21.72 20.02 340.51 26.57 2.18 0.00
0.00 9.57
1010.60 25.34 21.60 19.93 340.45 26.57 2.18 0.00
0.00 35.70
1004.90 24.84 21.37 19.81 340.35 26.57 2.18 0.00
0.00 85.52
995.30 24.04 21.00 19.62 340.27 26.57 2.18 0.00
0.00 169.87
981.00 22.74 20.41 19.33 340.02 29.05 2.00 0.00
0.00 296.58
962.70 21.24 19.53 18.70 339.24 35.54 1.67 0.00
0.00 460.68
940.80 19.74 17.66 16.58 335.34 161.57 0.62 0.10
1.00 660.07
916.90 17.94 16.16 15.19 333.46 185.71 1.94 0.20
2.00 881.63
890.90 16.24 14.01 12.67 329.85 209.05 4.00 0.30
7.00 1127.67
861.90 15.24 10.42 6.85 322.73 228.24 7.28 0.30
0.00 1409.00
830.00 13.04 8.08 3.95 320.54 266.82 7.01 0.10
0.00 1727.43
795.00 13.04 2.53 -15.05 310.57 331.70 8.61 0.00
0.00 2089.19
757.10 12.74 0.97 -25.47 311.82 315.94 8.37 0.00
0.00 2498.44
716.20 11.14 0.01 -23.18 315.68 303.69 7.71 0.10
0.00 2962.09
672.20 8.24 -2.13 -26.27 317.63 328.84 9.75 0.10
0.00 3487.26
625.30 5.24 -4.35 -28.99 320.43 339.73 13.46 0.00
0.00 4080.02
575.80 1.34 -6.60 -25.22 324.52 327.99 12.82 -0.10
0.00 4747.64
527.80 -3.26 -9.47 -23.96 327.78 296.57 10.43 -0.20
0.00 5441.55
484.70 -8.86 -9.75 -11.02 336.74 275.71 15.62 -0.20
0.00 6108.45
446.10 -13.36 -13.80 -14.56 336.89 272.83 19.64 -0.20
51.00 6746.18
411.50 -17.26 -19.80 -28.03 333.27 272.05 27.21 -0.10
0.00 7356.20
380.30 -21.16 -22.94 -29.35 335.53 271.76 31.68 0.00
0.00 7942.62
352.20 -24.66 -26.16 -32.67 337.52 268.15 36.15 0.00
0.00 8505.16
327.00 -27.66 -29.43 -40.87 339.20 270.00 45.07 0.00
0.00 9042.05
304.40 -30.96 -32.54 -46.19 341.05 272.63 50.76 0.10
0.00 9553.31
284.10 -34.86 -36.16 -52.04 341.88 277.17 56.00 0.10
0.00 10038.69
265.80 -39.26 -40.06 -51.18 342.09 275.69 54.86 0.10
0.00 10498.85
248.90 -43.26 -43.77 -52.42 342.57 273.99 55.89 0.10
0.00 10944.79
233.60 -46.86 -47.23 -55.36 343.25 275.78 59.75 0.20
0.00 11368.38
219.60 -49.96 -50.23 -57.90 344.49 278.01 64.14 0.20
0.00 11774.97
205.60 -53.26 -53.46 -61.06 345.76 279.84 67.04 0.20
0.00 12202.17
191.70 -56.76 -56.92 -65.45 347.04 280.56 66.78 0.20
0.00 12649.15
177.70 -60.56 -60.67 -68.92 348.37 277.43 63.07 0.20
0.00 13125.29
163.80 -63.86 -63.95 -74.24 350.99 272.84 58.74 0.20
0.00 13628.21
149.80 -66.66 -66.72 -74.84 355.25 269.79 53.22 0.10
0.00 14171.89
135.90 -70.16 -9999.00 -9999.00 -9999.00 274.25 47.14 0.10
0.00 14755.51
121.90 -73.06 -9999.00 -9999.00 -9999.00 281.31 33.68 0.00
0.00 15396.88
108.00 -74.86 -9999.00 -9999.00 -9999.00 266.05 22.59 0.00
0.00 16102.78
94.00 -74.46 -9999.00 -9999.00 -9999.00 254.22 9.29 0.00
0.00 16909.43
81.00 -73.66 -9999.00 -9999.00 -9999.00 335.22 8.35 0.00
0.00 17776.85
70.60 -71.96 -9999.00 -9999.00 -9999.00 32.95 12.51 0.00
0.00 18582.71
62.20 -71.46 -9999.00 -9999.00 -9999.00 39.72 16.41 0.00
0.00 19329.64
54.30 -69.86 -9999.00 -9999.00 -9999.00 48.65 19.41 0.00
0.00 20134.73
46.90 -66.36 -9999.00 -9999.00 -9999.00 69.01 17.89 0.00
0.00 21014.04
40.10 -62.06 -9999.00 -9999.00 -9999.00 84.04 13.09 0.00
0.00 21972.05
33.80 -57.96 -9999.00 -9999.00 -9999.00 88.64 8.16 0.00
0.00 23038.38
27.80 -55.26 -9999.00 -9999.00 -9999.00 68.75 3.75 0.00
0.00 24277.06
22.30 -51.36 -9999.00 -9999.00 -9999.00 250.35 5.77 0.00
0.00 25695.66
17.10 -46.36 -9999.00 -9999.00 -9999.00 254.79 22.94 0.00
0.00 27438.80
12.30 -41.76 -9999.00 -9999.00 -9999.00 245.25 32.94 0.00
0.00 29648.21

STID = KEYW STNM = 722010 TIME = 221026/1600 
SLAT = 24.55 SLON = -81.75 SELV = 0.0
STIM = 4

SHOW = 8.71 LIFT = 0.95 SWET = 92.48 KINX = -7.72
LCLP = 933.41 PWAT = 28.37 TOTL = 33.85 CAPE = 70.66
LCLT = 291.76 CINS = -5.75 EQLV = 366.63 LFCT = 907.51
BRCH = 16.83

PRES TMPC TMWC DWPC THTE DRCT SKNT OMEG
CFRL HGHT
1013.40 25.54 21.66 19.93 340.29 344.05 1.42 0.00
0.00 9.57
1010.40 25.34 21.55 19.85 340.27 344.05 1.42 0.00
0.00 35.71
1004.70 24.84 21.32 19.74 340.19 344.05 1.42 0.00
0.00 85.53
995.10 24.04 20.95 19.55 340.11 344.05 1.42 -0.10
0.00 169.89
980.80 22.84 20.40 19.27 340.01 341.57 1.22 -0.20
0.00 296.66
962.50 21.24 19.49 18.65 339.14 338.20 1.05 -0.20
0.00 460.80
940.60 19.84 17.68 16.56 335.44 220.60 1.79 -0.10
1.00 660.27
916.70 18.04 16.07 14.98 333.13 211.61 2.97 0.00
2.00 881.95
890.70 16.34 13.92 12.46 329.58 215.54 5.01 0.00
5.00 1128.10
861.80 15.24 10.58 7.18 323.23 232.85 8.04 0.10
0.00 1408.56
829.80 13.34 7.51 2.32 318.94 283.67 7.40 0.00
0.00 1728.17
794.90 12.94 3.19 -10.96 312.31 329.47 8.80 0.00
0.00 2089.07
757.00 12.74 1.36 -21.02 312.86 312.51 9.48 0.00
0.00 2498.42
716.10 10.94 -0.12 -23.46 315.40 301.18 8.62 0.00
0.00 2962.01
672.10 8.24 -2.17 -26.77 317.54 331.78 9.03 0.00
0.00 3487.06
625.20 5.24 -4.33 -28.62 320.51 343.47 12.98 -0.10
0.00 4079.90
575.70 0.94 -6.77 -24.72 324.20 331.11 12.86 -0.20
0.00 4747.17
527.80 -3.46 -9.86 -26.05 326.91 294.54 9.83 -0.20
0.00 5438.90
484.60 -8.96 -10.21 -12.09 335.72 274.29 15.58 -0.10
0.00 6106.95
446.10 -13.56 -14.80 -17.21 334.80 271.65 20.20 0.00
1.00 6742.57
411.50 -17.36 -19.47 -25.62 333.94 271.74 25.66 0.10
0.00 7352.17
380.30 -21.06 -22.78 -28.76 335.84 274.09 29.99 0.20
0.00 7938.64
352.20 -24.56 -25.98 -31.95 337.84 270.31 35.55 0.20
0.00 8501.42
327.00 -27.26 -29.11 -40.87 339.76 270.74 45.26 0.20
0.00 9038.87
304.40 -30.66 -32.34 -47.14 341.39 276.78 52.62 0.20
0.00 9550.86
284.10 -34.96 -36.22 -51.30 341.77 280.36 57.26 0.20
0.00 10036.44
265.80 -39.16 -40.00 -51.87 342.20 276.28 56.88 0.20
0.00 10496.60
248.90 -43.06 -43.59 -52.42 342.87 273.65 58.00 0.20
0.00 10942.83
233.60 -46.66 -47.02 -54.49 343.59 273.67 60.72 0.20
0.00 11366.79
219.60 -49.76 -50.02 -56.82 344.84 275.45 63.42 0.20
0.00 11773.74
205.60 -53.16 -53.37 -61.06 345.92 277.34 65.42 0.20
0.00 12201.24
191.70 -56.66 -56.82 -65.45 347.20 280.78 66.43 0.30
0.00 12648.42
177.70 -60.46 -60.57 -68.92 348.53 280.87 63.89 0.20
0.00 13124.78
163.80 -63.46 -63.55 -74.24 351.66 274.95 58.49 0.20
0.00 13628.29
149.80 -66.16 -9999.00 -9999.00 -9999.00 271.26 53.05 0.10
0.00 14173.16
135.90 -69.86 -9999.00 -9999.00 -9999.00 272.92 45.71 0.10
0.00 14757.91
121.90 -73.06 -9999.00 -9999.00 -9999.00 283.39 33.55 0.00
0.00 15399.76
108.00 -75.26 -9999.00 -9999.00 -9999.00 268.51 22.34 0.00
0.00 16104.95
94.00 -75.16 -9999.00 -9999.00 -9999.00 260.96 8.66 0.00
0.00 16909.37
81.00 -74.56 -9999.00 -9999.00 -9999.00 348.11 7.54 0.00
0.00 17773.30
70.60 -73.06 -9999.00 -9999.00 -9999.00 45.69 11.40 0.00
0.00 18575.14
62.20 -71.96 -9999.00 -9999.00 -9999.00 50.49 14.36 0.00
0.00 19319.10
54.30 -69.46 -9999.00 -9999.00 -9999.00 66.04 19.13 0.00
0.00 20123.99
46.90 -65.46 -9999.00 -9999.00 -9999.00 88.09 17.48 0.00
0.00 21006.09
40.10 -60.86 -9999.00 -9999.00 -9999.00 102.63 11.54 0.00
0.00 21968.91
33.80 -57.86 -9999.00 -9999.00 -9999.00 111.16 6.45 0.00
0.00 23038.49
27.80 -55.66 -9999.00 -9999.00 -9999.00 86.19 2.91 0.00
0.00 24276.32
22.30 -51.36 -9999.00 -9999.00 -9999.00 255.47 5.42 0.00
0.00 25693.63
17.10 -46.56 -9999.00 -9999.00 -9999.00 260.24 18.34 0.00
0.00 27435.99
12.30 -41.56 -9999.00 -9999.00 -9999.00 251.04 26.90 0.00
0.00 29645.40

STID = KEYW STNM = 722010 TIME = 221026/1700 
SLAT = 24.55 SLON = -81.75 SELV = 0.0
STIM = 5

SHOW = 8.05 LIFT = 0.50 SWET = 98.79 KINX = -7.67
LCLP = 931.94 PWAT = 28.76 TOTL = 34.89 CAPE = 80.41
LCLT = 291.71 CINS = -4.44 EQLV = 375.27 LFCT = 911.61
BRCH = 29.09

PRES TMPC TMWC DWPC THTE DRCT SKNT OMEG
CFRL HGHT
1012.40 25.54 21.63 19.89 340.33 321.34 2.49 0.00
0.00 9.58
1009.30 25.24 21.48 19.80 340.17 321.34 2.49 0.00
0.00 36.61
1003.80 24.74 21.25 19.68 340.04 321.34 2.49 0.00
0.00 84.72
994.10 23.94 20.88 19.49 339.97 318.37 2.33 -0.10
0.00 170.01
979.90 22.74 20.34 19.22 339.88 318.37 2.33 -0.20
0.00 295.96
961.60 21.14 19.64 18.91 339.84 315.00 2.20 -0.20
0.00 460.22
939.70 19.64 17.88 16.97 336.32 248.20 2.10 -0.20
0.00 659.81
915.80 17.94 16.21 15.27 333.80 230.19 3.03 -0.10
2.00 881.62
889.90 16.04 14.28 13.24 330.92 223.26 4.53 0.00
8.00 1126.95
861.00 14.94 11.35 8.91 325.70 234.64 7.38 0.10
0.00 1407.50
829.00 13.44 6.80 0.42 317.09 297.26 7.21 0.10
0.00 1727.32
794.20 12.94 3.67 -8.70 313.65 328.82 8.62 0.10
0.00 2087.56
756.30 12.84 1.80 -17.64 314.09 315.76 10.30 0.10
0.00 2497.43
715.50 11.04 -0.15 -24.33 315.39 305.84 8.62 0.20
0.00 2960.50
671.60 8.34 -2.13 -26.95 317.69 338.20 8.37 0.10
0.00 3484.95
624.70 5.14 -4.41 -29.00 320.40 346.18 12.20 0.00
0.00 4078.25
575.30 0.64 -6.65 -22.37 324.62 329.04 12.45 -0.10
0.00 4744.22
527.50 -3.76 -10.22 -27.67 326.19 288.76 10.88 -0.10
0.00 5434.20
484.40 -9.26 -10.73 -13.04 334.62 272.15 15.56 -0.10
0.00 6100.21
445.90 -13.66 -15.61 -19.93 333.17 271.65 20.20 0.00
0.00 6735.48
411.40 -17.26 -19.34 -25.34 334.20 271.74 25.66 0.10
0.00 7343.46
380.20 -20.86 -22.48 -27.89 336.41 273.37 29.78 0.20
0.00 7930.44
352.20 -24.06 -25.81 -33.59 338.11 272.68 37.33 0.20
0.00 8492.07
327.00 -26.86 -28.75 -40.31 340.39 275.19 45.07 0.20
0.00 9030.48
304.40 -30.66 -32.40 -48.76 341.27 285.84 55.52 0.20
0.00 9542.89
284.00 -35.06 -36.15 -47.27 341.95 283.94 58.04 0.20
0.00 10030.85
265.80 -39.06 -39.88 -51.18 342.38 277.13 56.37 0.10
0.00 10488.59
248.90 -42.76 -43.36 -53.96 343.23 272.11 58.12 0.10
0.00 10935.20
233.60 -46.16 -46.57 -55.36 344.31 271.66 60.43 0.10
0.00 11359.90
219.60 -49.46 -49.76 -57.90 345.26 273.09 61.29 0.10
0.00 11767.58
205.60 -52.96 -53.18 -61.06 346.23 274.90 61.42 0.10
0.00 12195.55
191.70 -56.66 -56.82 -65.45 347.20 279.28 61.40 0.10
0.00 12642.94
177.70 -60.56 -60.67 -68.92 348.37 282.04 59.60 0.10
0.00 13119.19
163.80 -63.86 -63.95 -74.24 350.99 277.85 55.50 0.10
0.00 13622.11
149.80 -66.46 -66.52 -74.84 355.59 273.24 51.55 0.00
0.00 14166.06
135.90 -69.76 -9999.00 -9999.00 -9999.00 273.00 44.54 0.00
0.00 14750.53
121.90 -73.16 -9999.00 -9999.00 -9999.00 281.52 31.12 -0.10
0.00 15392.37
108.00 -75.46 -9999.00 -9999.00 -9999.00 268.95 21.17 0.00
0.00 16097.04
94.00 -75.36 -9999.00 -9999.00 -9999.00 260.73 9.63 0.00
0.00 16900.64
81.00 -74.46 -9999.00 -9999.00 -9999.00 345.96 5.61 0.00
0.00 17764.36
70.60 -72.86 -9999.00 -9999.00 -9999.00 52.13 8.86 0.00
0.00 18566.79
62.20 -71.16 -9999.00 -9999.00 -9999.00 48.99 11.85 0.00
0.00 19312.61
54.30 -69.06 -9999.00 -9999.00 -9999.00 73.18 17.44 0.00
0.00 20119.89
46.90 -65.26 -9999.00 -9999.00 -9999.00 93.27 13.62 0.00
0.00 21003.27
40.10 -60.96 -9999.00 -9999.00 -9999.00 110.56 8.29 0.00
0.00 21966.33
33.80 -58.46 -9999.00 -9999.00 -9999.00 137.12 3.71 0.00
0.00 23034.15
27.80 -55.76 -9999.00 -9999.00 -9999.00 173.66 1.77 0.00
0.00 24269.98
22.30 -51.66 -9999.00 -9999.00 -9999.00 229.24 7.44 0.00
0.00 25685.99
17.10 -46.96 -9999.00 -9999.00 -9999.00 244.72 15.46 0.00
0.00 27425.63
12.30 -41.26 -9999.00 -9999.00 -9999.00 247.35 26.73 0.00
0.00 29634.57

STID = KEYW STNM = 722010 TIME = 221026/1800 
SLAT = 24.55 SLON = -81.75 SELV = 0.0
STIM = 6

SHOW = 8.45 LIFT = 0.41 SWET = 90.48 KINX = -9.03
LCLP = 931.30 PWAT = 28.73 TOTL = 34.43 CAPE = 65.62
LCLT = 291.68 CINS = -4.58 EQLV = 385.44 LFCT = 909.34
BRCH = 20.77

PRES TMPC TMWC DWPC THTE DRCT SKNT OMEG
CFRL HGHT
1012.00 25.54 21.62 19.87 340.33 331.39 2.43 0.00
0.00 9.58
1008.90 25.24 21.47 19.78 340.17 331.39 2.43 0.00
0.00 36.63
1003.30 24.74 21.25 19.67 340.09 331.39 2.43 0.00
0.00 85.63
993.70 23.94 20.87 19.47 339.98 329.04 2.27 0.00
0.00 170.08
979.50 22.74 20.33 19.21 339.92 329.04 2.27 -0.10
0.00 296.08
961.10 21.14 19.61 18.87 339.81 326.31 2.10 -0.10
0.00 461.31
939.30 19.64 17.84 16.92 336.26 246.04 1.90 0.00
0.00 660.07
915.40 17.94 16.25 15.33 333.99 222.51 3.17 0.10
3.00 881.99
889.50 16.24 14.29 13.15 331.02 223.53 5.36 0.10
7.00 1127.51
860.60 15.04 11.28 8.70 325.53 242.10 7.48 0.10
0.00 1408.32
828.70 13.74 6.12 -1.89 315.27 305.71 7.65 0.00
0.00 1727.42
793.90 13.14 4.06 -7.48 314.67 321.34 8.70 0.00
0.00 2088.05
756.10 12.94 1.89 -17.27 314.36 320.19 10.63 0.00
0.00 2497.22
715.20 11.24 -0.11 -25.10 315.48 314.06 8.37 0.10
0.00 2961.82
671.40 8.54 -2.06 -27.30 317.88 343.69 8.29 0.10
0.00 3485.62
624.50 5.24 -4.32 -28.44 320.65 347.15 11.36 0.00
0.00 4079.42
575.20 0.54 -5.78 -16.87 326.76 323.50 12.08 0.00
0.00 4744.35
527.30 -3.86 -10.00 -25.21 326.76 285.71 12.92 0.10
0.00 5435.90
484.30 -9.36 -11.03 -13.74 333.99 271.40 15.93 0.10
0.00 6100.31
445.80 -13.46 -15.90 -21.69 332.60 272.20 20.22 0.20
0.00 6735.77
411.30 -17.16 -19.63 -27.36 333.66 275.23 25.54 0.20
0.00 7344.15
380.10 -20.56 -22.17 -27.37 337.02 272.90 30.73 0.20
0.00 7931.72
352.10 -23.46 -25.38 -33.75 338.92 273.20 38.33 0.20
0.00 8494.52
327.00 -26.76 -28.69 -40.58 340.49 282.35 46.33 0.30
0.00 9031.63
304.30 -30.96 -32.63 -48.19 340.92 287.93 56.14 0.30
0.00 9546.17
284.00 -35.26 -36.30 -46.81 341.70 281.65 57.71 0.20
0.00 10031.32
265.80 -38.76 -39.66 -52.61 342.74 272.54 56.97 0.10
0.00 10489.16
248.90 -42.36 -43.04 -55.80 343.74 268.63 56.93 0.10
0.00 10936.43
233.60 -45.86 -46.34 -57.40 344.68 269.62 58.86 0.10
0.00 11361.78
219.60 -49.26 -49.59 -59.12 345.53 271.30 60.04 0.10
0.00 11769.90
205.60 -52.86 -53.08 -61.06 346.39 272.76 60.49 0.10
0.00 12198.16
191.70 -56.66 -56.82 -65.45 347.20 275.82 59.36 0.10
0.00 12645.66
177.70 -60.46 -60.57 -68.92 348.53 278.52 56.37 0.10
0.00 13122.01
163.80 -63.96 -64.05 -74.24 350.82 277.20 52.66 0.00
0.00 13624.93
149.80 -66.76 -66.82 -74.84 355.07 273.81 49.65 0.00
0.00 14168.36
135.90 -70.16 -9999.00 -9999.00 -9999.00 272.70 45.32 0.00
0.00 14751.83
121.90 -73.66 -9999.00 -9999.00 -9999.00 278.97 33.62 0.00
0.00 15392.25
108.00 -75.86 -9999.00 -9999.00 -9999.00 271.56 21.37 0.00
0.00 16095.32
94.00 -75.86 -9999.00 -9999.00 -9999.00 269.05 11.65 0.00
0.00 16897.09
81.00 -75.26 -9999.00 -9999.00 -9999.00 341.57 3.69 0.00
0.00 17757.97
70.60 -73.66 -9999.00 -9999.00 -9999.00 68.75 7.50 0.00
0.00 18557.19
62.20 -71.46 -9999.00 -9999.00 -9999.00 60.26 10.96 0.00
0.00 19300.97
54.30 -69.76 -9999.00 -9999.00 -9999.00 85.60 15.19 0.00
0.00 20106.26
46.90 -65.56 -9999.00 -9999.00 -9999.00 98.28 10.80 0.00
0.00 20987.50
40.10 -61.06 -9999.00 -9999.00 -9999.00 111.80 6.27 0.00
0.00 21949.64
33.80 -58.06 -9999.00 -9999.00 -9999.00 116.57 1.30 0.00
0.00 23018.22
27.80 -54.56 -9999.00 -9999.00 -9999.00 245.22 2.78 0.00
0.00 24258.62
22.30 -51.66 -9999.00 -9999.00 -9999.00 230.79 9.52 0.00
0.00 25678.51
17.10 -47.66 -9999.00 -9999.00 -9999.00 241.22 15.73 0.00
0.00 27415.42
12.30 -41.26 -9999.00 -9999.00 -9999.00 246.61 29.84 0.00
0.00 29620.98

STID = KEYW STNM = 722010 TIME = 221026/1900 
SLAT = 24.55 SLON = -81.75 SELV = 0.0
STIM = 7

SHOW = 7.99 LIFT = 0.31 SWET = 98.06 KINX = -7.57
LCLP = 931.00 PWAT = 29.05 TOTL = 35.21 CAPE = 59.30
LCLT = 291.66 CINS = -6.36 EQLV = 396.91 LFCT = 903.17
BRCH = 18.75

PRES TMPC TMWC DWPC THTE DRCT SKNT OMEG
CFRL HGHT
1010.80 25.44 21.56 19.83 340.27 323.13 2.91 0.00
0.00 9.59
1007.80 25.14 21.41 19.74 340.10 323.13 2.91 0.00
0.00 35.78
1002.20 24.74 21.21 19.62 340.11 323.13 2.91 0.00
0.00 84.83
992.60 23.84 20.81 19.42 339.89 320.71 2.76 0.00
0.00 169.36
978.40 22.64 20.25 19.14 339.77 320.71 2.76 -0.10
0.00 295.45
960.10 21.04 19.46 18.69 339.36 311.99 2.62 -0.10
0.00 459.90
938.20 19.74 17.65 16.57 335.70 250.35 2.89 -0.10
1.00 659.77
914.50 17.94 16.15 15.17 333.76 233.13 3.88 0.00
2.00 880.08
888.60 16.34 14.00 12.60 330.16 234.87 6.41 0.10
5.00 1125.85
859.70 15.04 11.20 8.56 325.43 253.89 9.09 0.00
0.00 1406.96
827.90 13.54 6.17 -1.44 315.55 304.38 8.94 0.00
0.00 1725.27
793.10 12.74 4.17 -6.32 315.11 315.83 9.48 0.00
0.00 2085.92
755.40 12.74 1.68 -18.13 313.93 324.12 11.27 0.00
0.00 2494.00
714.60 11.24 -0.00 -23.76 315.86 319.90 9.65 0.10
0.00 2957.72
670.80 8.44 -2.11 -27.31 317.84 340.25 8.04 0.00
0.00 3481.89
624.10 5.04 -4.39 -27.92 320.58 344.65 10.28 0.00
0.00 4073.30
574.80 0.34 -4.84 -12.47 329.13 319.82 11.44 0.00
0.00 4738.36
527.00 -4.26 -9.29 -19.31 328.49 287.16 13.83 0.00
0.00 5428.43
484.00 -9.56 -11.30 -14.20 333.47 267.17 15.75 0.00
0.00 6092.60
445.60 -13.46 -16.38 -24.09 331.65 270.00 19.42 0.00
0.00 6726.43
411.20 -17.06 -19.56 -27.36 333.81 275.98 24.22 0.00
0.00 7333.32
380.00 -20.26 -22.14 -28.43 337.09 272.74 32.48 0.10
0.00 7921.48
352.00 -23.16 -25.09 -33.28 339.47 275.68 37.28 0.10
0.00 8485.10
326.90 -26.76 -28.90 -43.87 340.13 284.89 47.63 0.20
0.00 9022.68
304.30 -31.16 -32.80 -48.19 340.64 287.54 54.80 0.20
0.00 9534.81
284.00 -35.46 -36.48 -46.81 341.41 280.39 57.07 0.10
0.00 10019.55
265.80 -38.86 -39.75 -52.61 342.59 270.00 56.92 0.00
0.00 10477.10
248.80 -42.16 -42.93 -59.58 343.95 265.72 57.26 -0.10
0.00 10927.21
233.60 -45.56 -46.11 -60.07 345.05 267.92 58.90 -0.10
0.00 11350.31
219.60 -48.96 -49.34 -60.55 345.95 269.81 59.83 -0.10
0.00 11758.97
205.60 -52.56 -52.82 -62.77 346.82 271.68 59.65 -0.10
0.00 12187.81
191.70 -56.56 -56.72 -65.45 347.36 274.95 58.49 -0.10
0.00 12635.71
177.70 -60.46 -60.57 -68.92 348.53 277.59 55.85 -0.10
0.00 13112.18
163.80 -64.16 -64.24 -74.24 350.49 277.07 52.06 -0.10
0.00 13614.86
149.80 -67.16 -67.21 -74.84 354.39 275.05 48.56 -0.10
0.00 14157.50
135.90 -70.36 -9999.00 -9999.00 -9999.00 272.77 44.15 -0.10
0.00 14740.12
121.90 -74.06 -9999.00 -9999.00 -9999.00 276.62 35.39 0.00
0.00 15379.58
108.00 -75.96 -9999.00 -9999.00 -9999.00 272.05 21.78 0.00
0.00 16081.76
94.00 -75.76 -9999.00 -9999.00 -9999.00 275.53 12.10 0.00
0.00 16883.54
81.00 -75.06 -9999.00 -9999.00 -9999.00 305.54 1.67 0.00
0.00 17745.08
70.60 -73.16 -9999.00 -9999.00 -9999.00 86.05 5.65 0.00
0.00 18545.70
62.20 -70.46 -9999.00 -9999.00 -9999.00 75.14 9.85 0.00
0.00 19292.26
54.30 -68.66 -9999.00 -9999.00 -9999.00 97.47 11.95 0.00
0.00 20101.73
46.90 -64.06 -9999.00 -9999.00 -9999.00 85.71 7.79 0.00
0.00 20988.54
40.10 -60.86 -9999.00 -9999.00 -9999.00 70.91 5.34 0.00
0.00 21954.58
33.80 -58.86 -9999.00 -9999.00 -9999.00 34.29 5.17 0.00
0.00 23021.65
27.80 -55.56 -9999.00 -9999.00 -9999.00 35.54 1.67 0.00
0.00 24256.91
22.30 -53.16 -9999.00 -9999.00 -9999.00 228.24 7.28 0.00
0.00 25668.73
17.10 -49.06 -9999.00 -9999.00 -9999.00 231.23 16.43 0.00
0.00 27394.37
12.30 -41.66 -9999.00 -9999.00 -9999.00 239.61 29.95 0.00
0.00 29591.25

STID = KEYW STNM = 722010 TIME = 221026/2000 
SLAT = 24.55 SLON = -81.75 SELV = 0.0
STIM = 8

SHOW = 7.48 LIFT = 0.20 SWET = 102.94 KINX = -6.17
LCLP = 927.92 PWAT = 30.12 TOTL = 36.04 CAPE = 50.79
LCLT = 291.44 CINS = -6.52 EQLV = 403.21 LFCT = 899.61
BRCH = 15.92

PRES TMPC TMWC DWPC THTE DRCT SKNT OMEG
CFRL HGHT
1011.30 25.54 21.49 19.67 339.90 319.76 3.30 0.00
0.00 10.46
1008.30 25.24 21.33 19.56 339.67 319.76 3.30 0.00
0.00 36.65
1002.70 24.74 21.10 19.45 339.59 319.76 3.30 0.00
0.00 85.67
993.10 23.94 20.73 19.25 339.48 319.76 3.30 -0.10
0.00 170.16
978.90 22.74 20.17 18.97 339.37 315.00 3.30 -0.10
0.00 296.23
960.60 21.14 19.41 18.57 339.09 309.81 3.03 -0.10
0.00 460.62
938.80 19.74 17.64 16.56 335.58 259.38 3.17 -0.10
1.00 659.50
914.90 17.94 16.12 15.13 333.61 243.43 4.35 0.00
2.00 881.54
889.10 16.34 14.06 12.70 330.29 241.93 6.60 0.00
5.00 1126.24
860.20 15.14 11.17 8.41 325.23 264.92 8.78 0.00
0.00 1407.24
828.30 13.34 6.82 0.61 317.27 311.63 9.36 0.00
0.00 1726.38
793.50 12.84 4.45 -5.47 315.79 315.76 10.30 0.00
0.00 2086.89
755.70 13.04 1.67 -19.44 313.80 322.94 11.93 0.10
0.00 2496.16
714.90 11.44 0.27 -22.04 316.48 326.31 11.21 0.10
0.00 2960.09
671.10 8.54 -2.10 -27.86 317.81 337.48 8.62 0.10
0.00 3484.33
624.30 5.04 -4.04 -24.07 321.45 339.44 9.97 0.00
0.00 4076.93
575.00 0.24 -4.38 -10.69 330.24 312.88 11.13 0.00
0.00 4741.77
527.10 -4.66 -7.94 -12.97 331.61 284.42 14.04 0.00
0.00 5432.77
484.10 -9.66 -11.27 -13.92 333.52 265.76 15.77 0.10
0.00 6096.43
445.70 -13.46 -16.74 -26.16 330.90 270.61 18.26 0.10
0.00 6729.97
411.20 -17.06 -19.42 -26.52 334.09 277.59 23.52 0.00
0.00 7338.53
380.10 -20.26 -21.48 -24.99 338.34 270.70 31.66 0.00
0.00 7924.81
352.10 -23.16 -25.23 -34.42 339.18 277.66 36.46 0.10
0.00 8488.32
326.90 -26.86 -29.26 -51.66 339.43 286.68 48.06 0.10
0.00 9027.82
304.30 -31.26 -32.84 -47.14 340.58 286.03 55.57 0.10
0.00 9539.73
284.00 -35.56 -36.59 -47.27 341.23 281.01 58.97 0.10
0.00 10024.27
265.80 -38.96 -39.77 -50.54 342.57 273.40 58.95 0.00
0.00 10481.62
248.80 -42.26 -42.90 -53.96 344.02 267.15 58.55 -0.10
0.00 10931.55
233.60 -45.66 -46.16 -57.40 344.98 267.95 59.67 -0.10
0.00 11354.48
219.60 -48.86 -49.24 -60.55 346.10 270.74 60.41 -0.10
0.00 11763.14
205.60 -52.56 -52.82 -62.77 346.82 273.32 60.31 -0.10
0.00 12192.07
191.70 -56.56 -56.72 -65.45 347.36 275.86 58.97 -0.10
0.00 12639.98
177.70 -60.66 -60.77 -68.92 348.20 277.74 56.25 -0.10
0.00 13116.22
163.80 -64.36 -64.44 -74.24 350.15 277.31 51.90 -0.10
0.00 13618.43
149.80 -67.36 -67.41 -74.84 354.04 274.51 46.95 -0.10
0.00 14160.55
135.90 -70.76 -9999.00 -9999.00 -9999.00 273.59 43.40 -0.10
0.00 14742.31
121.90 -74.36 -9999.00 -9999.00 -9999.00 276.44 36.36 0.00
0.00 15380.65
108.00 -76.16 -9999.00 -9999.00 -9999.00 272.86 23.33 0.00
0.00 16081.95
94.00 -75.76 -9999.00 -9999.00 -9999.00 276.34 12.32 0.00
0.00 16883.32
81.00 -74.76 -9999.00 -9999.00 -9999.00 231.34 1.24 0.00
0.00 17745.51
70.60 -72.76 -9999.00 -9999.00 -9999.00 85.60 5.07 0.00
0.00 18547.54
62.20 -69.76 -9999.00 -9999.00 -9999.00 85.24 9.36 0.00
0.00 19296.14
54.30 -67.76 -9999.00 -9999.00 -9999.00 101.31 9.91 0.00
0.00 20108.79
46.90 -63.46 -9999.00 -9999.00 -9999.00 74.88 7.44 0.00
0.00 20998.82
40.10 -61.16 -9999.00 -9999.00 -9999.00 54.46 5.01 0.00
0.00 21965.54
33.80 -59.66 -9999.00 -9999.00 -9999.00 45.00 6.88 0.00
0.00 23029.87
27.80 -56.06 -9999.00 -9999.00 -9999.00 86.42 3.11 0.00
0.00 24261.40
22.30 -53.36 -9999.00 -9999.00 -9999.00 248.63 9.60 0.00
0.00 25670.96
17.10 -49.66 -9999.00 -9999.00 -9999.00 239.24 19.00 0.00
0.00 27393.50
12.30 -41.56 -9999.00 -9999.00 -9999.00 244.43 30.15 0.00
0.00 29587.97

STID = KEYW STNM = 722010 TIME = 221026/2100 
SLAT = 24.55 SLON = -81.75 SELV = 0.0
STIM = 9

SHOW = 7.15 LIFT = 0.01 SWET = 100.87 KINX = -4.29
LCLP = 927.22 PWAT = 31.09 TOTL = 36.61 CAPE = 51.89
LCLT = 291.33 CINS = -5.82 EQLV = 404.86 LFCT = 900.89
BRCH = 12.30

PRES TMPC TMWC DWPC THTE DRCT SKNT OMEG
CFRL HGHT
1010.70 25.44 21.39 19.56 339.57 338.96 2.70 0.00
0.00 11.33
1007.80 25.24 21.27 19.47 339.51 338.96 2.70 0.00
0.00 36.65
1002.20 24.74 21.04 19.35 339.39 338.96 2.70 0.00
0.00 85.70
992.60 23.94 20.67 19.16 339.32 337.38 2.53 0.00
0.00 170.23
978.40 22.64 20.09 18.89 339.11 337.38 2.53 0.00
0.00 296.33
960.10 21.14 19.38 18.52 339.03 329.04 2.27 -0.10
0.00 460.78
938.30 19.64 17.65 16.62 335.68 258.69 1.98 0.00
1.00 659.73
914.50 17.84 16.17 15.26 333.85 235.49 3.77 0.00
3.00 880.88
888.60 16.24 14.27 13.11 331.07 236.89 5.34 0.10
8.00 1126.60
859.80 15.14 10.76 7.62 324.05 280.62 6.33 0.00
0.00 1406.71
828.00 13.24 7.61 2.69 319.49 322.59 8.31 0.00
0.00 1724.96
793.10 12.94 4.90 -4.07 317.03 317.23 10.59 0.00
0.00 2086.79
755.40 13.14 1.55 -21.04 313.49 324.57 12.39 -0.10
0.00 2495.33
714.60 11.34 0.42 -20.09 316.97 334.26 12.08 -0.10
0.00 2959.46
670.90 8.54 -2.07 -27.49 317.91 341.57 8.61 -0.10
0.00 3482.62
624.10 4.94 -3.22 -17.63 323.56 334.44 9.91 0.00
0.00 4075.42
574.80 0.14 -4.31 -10.32 330.44 306.30 11.81 0.00
0.00 4740.40
527.00 -5.06 -7.21 -10.15 333.33 283.06 13.75 0.00
0.00 5429.66
484.00 -9.76 -11.62 -14.82 332.78 269.26 14.96 0.00
0.00 6092.93
445.60 -13.46 -17.01 -28.02 330.36 275.44 16.39 0.00
0.00 6726.42
411.20 -17.06 -18.96 -24.11 335.00 278.85 23.99 -0.10
0.00 7333.31
380.00 -20.46 -21.70 -25.33 337.95 271.11 30.11 -0.10
0.00 7921.35
352.00 -23.56 -25.32 -32.67 339.07 279.57 35.06 0.00
0.00 8484.36
326.90 -27.16 -29.65 -61.43 338.71 286.88 47.49 0.00
0.00 9021.04
304.30 -31.56 -33.02 -45.75 340.28 285.17 54.95 0.00
0.00 9532.31
284.00 -35.66 -36.74 -48.80 340.97 281.05 58.78 0.00
0.00 10016.45
265.80 -38.96 -39.82 -51.87 342.49 276.11 58.41 0.00
0.00 10473.70
248.80 -42.26 -42.97 -56.89 343.89 276.30 58.43 -0.10
0.00 10923.62
233.60 -45.66 -46.20 -60.07 344.90 277.77 60.39 -0.10
0.00 11346.54
219.60 -48.96 -49.38 -64.44 345.86 276.97 60.86 -0.20
0.00 11755.11
205.60 -52.66 -52.94 -64.93 346.61 274.67 59.63 -0.20
0.00 12183.85
191.70 -56.76 -56.92 -65.45 347.04 273.43 58.37 -0.20
0.00 12631.44
177.70 -60.86 -60.96 -68.92 347.88 275.16 56.18 -0.10
0.00 13107.24
163.80 -64.26 -64.34 -74.24 350.32 275.88 53.11 -0.10
0.00 13609.33
149.80 -67.46 -67.51 -74.84 353.87 274.95 49.53 -0.10
0.00 14151.45
135.90 -70.66 -9999.00 -9999.00 -9999.00 274.70 45.03 -0.10
0.00 14733.21
121.90 -74.46 -9999.00 -9999.00 -9999.00 276.27 37.33 0.00
0.00 15371.55
108.00 -76.26 -9999.00 -9999.00 -9999.00 273.06 25.49 0.00
0.00 16072.50
94.00 -75.16 -9999.00 -9999.00 -9999.00 273.42 13.03 0.00
0.00 16874.88
81.00 -74.36 -9999.00 -9999.00 -9999.00 206.57 0.87 0.00
0.00 17739.25
70.60 -72.36 -9999.00 -9999.00 -9999.00 63.43 5.65 0.00
0.00 18542.90
62.20 -69.46 -9999.00 -9999.00 -9999.00 85.24 9.36 0.00
0.00 19292.79
54.30 -67.96 -9999.00 -9999.00 -9999.00 90.00 8.74 0.00
0.00 20105.64
46.90 -64.36 -9999.00 -9999.00 -9999.00 71.15 8.41 0.00
0.00 20993.30
40.10 -62.66 -9999.00 -9999.00 -9999.00 43.60 5.63 0.00
0.00 21954.53
33.80 -61.06 -9999.00 -9999.00 -9999.00 42.27 5.77 0.00
0.00 23011.60
27.80 -56.96 -9999.00 -9999.00 -9999.00 175.91 2.72 0.00
0.00 24236.55
22.30 -52.56 -9999.00 -9999.00 -9999.00 243.85 11.91 0.00
0.00 25645.79
17.10 -48.06 -9999.00 -9999.00 -9999.00 237.26 19.41 0.00
0.00 27377.66
12.30 -40.96 -9999.00 -9999.00 -9999.00 244.03 25.27 0.00
0.00 29582.74

STID = KEYW STNM = 722010 TIME = 221026/2200 
SLAT = 24.55 SLON = -81.75 SELV = 0.0
STIM = 10

SHOW = 7.11 LIFT = -0.10 SWET = 96.35 KINX = 1.67
LCLP = 927.77 PWAT = 31.93 TOTL = 36.82 CAPE = 52.13
LCLT = 291.33 CINS = -6.22 EQLV = 401.57 LFCT = 895.82
BRCH = 9.37

PRES TMPC TMWC DWPC THTE DRCT SKNT OMEG
CFRL HGHT
1011.30 25.44 21.39 19.56 339.49 351.25 2.56 0.00
0.00 8.71
1008.20 25.24 21.27 19.47 339.45 351.25 2.56 0.00
0.00 35.77
1002.60 24.74 21.03 19.34 339.31 351.25 2.56 0.00
0.00 84.79
993.00 23.94 20.66 19.15 339.23 350.54 2.37 0.00
0.00 169.29
978.80 22.64 20.08 18.88 339.03 344.74 2.21 0.10
0.00 295.34
960.50 21.14 19.34 18.47 338.84 343.30 2.02 0.10
0.00 459.72
938.70 19.54 17.63 16.64 335.55 253.30 2.02 0.20
0.00 658.54
914.80 17.94 16.06 15.03 333.40 235.62 4.47 0.20
2.00 880.53
889.00 16.34 14.18 12.90 330.70 241.39 4.88 0.20
5.00 1125.27
860.10 15.34 10.18 6.28 322.27 307.23 6.10 0.20
0.00 1406.31
828.30 13.54 8.60 4.63 322.22 323.62 9.17 0.20
0.00 1724.74
793.40 13.24 5.08 -3.95 317.43 320.19 13.66 0.10
0.00 2086.90
755.70 12.84 1.66 -18.72 313.81 325.91 15.25 -0.10
0.00 2495.32
714.90 10.74 1.05 -13.85 318.69 337.13 13.50 -0.10
0.00 2958.66
671.10 8.34 -1.84 -23.51 318.54 345.38 9.23 -0.10
0.00 3482.26
624.30 4.74 -2.29 -12.56 325.90 333.43 9.13 0.00
0.00 4074.64
574.90 0.04 -4.33 -10.19 330.40 302.68 12.24 0.00
0.00 4740.61
527.00 -5.36 -7.27 -9.85 333.22 285.10 12.68 0.00
0.00 5430.77
484.00 -9.86 -12.35 -17.13 331.21 274.09 13.64 0.00
0.00 6093.46
445.70 -13.46 -17.38 -31.15 329.56 281.00 14.24 0.00
0.00 6724.98
411.20 -17.16 -18.82 -23.14 335.28 280.83 22.75 0.00
0.00 7333.43
380.00 -20.66 -21.61 -24.26 338.14 272.06 27.02 0.00
4.00 7921.17
352.00 -24.06 -25.43 -30.78 338.90 279.25 35.02 0.00
0.00 8483.44
326.90 -27.36 -29.85 -69.52 338.35 285.95 45.26 0.00
0.00 9019.38
304.30 -31.56 -33.09 -47.14 340.16 282.12 53.65 0.00
0.00 9530.43
284.00 -35.76 -36.80 -48.26 340.86 278.19 55.92 0.00
0.00 10014.47
265.80 -39.46 -40.24 -51.18 341.80 278.32 59.09 0.00
0.00 10471.14
248.80 -42.66 -43.32 -55.81 343.34 281.67 66.26 -0.10
0.00 10920.19
233.60 -45.46 -46.04 -61.80 345.16 281.06 68.88 -0.10
0.00 11342.93
219.60 -48.76 -49.20 -64.44 346.17 274.17 64.08 -0.10
0.00 11751.86
205.60 -52.56 -52.84 -64.93 346.77 268.31 59.27 -0.10
0.00 12180.88
191.70 -56.76 -56.92 -65.45 347.04 268.44 57.13 -0.10
0.00 12628.58
177.70 -60.86 -60.96 -68.92 347.88 272.18 56.18 -0.10
0.00 13104.38
163.80 -64.56 -64.64 -74.24 349.81 275.29 54.82 -0.10
0.00 13606.11
149.80 -67.66 -67.71 -74.84 353.53 275.93 50.78 -0.10
0.00 14147.58
135.90 -70.96 -9999.00 -9999.00 -9999.00 276.28 44.37 -0.10
0.00 14728.63
121.90 -74.56 -9999.00 -9999.00 -9999.00 276.80 37.76 0.00
0.00 15366.33
108.00 -76.26 -9999.00 -9999.00 -9999.00 269.14 26.03 0.00
0.00 16067.10
94.00 -74.46 -9999.00 -9999.00 -9999.00 269.19 13.79 0.00
0.00 16870.91
81.00 -74.46 -9999.00 -9999.00 -9999.00 210.26 2.70 0.00
0.00 17736.58
70.60 -72.16 -9999.00 -9999.00 -9999.00 59.53 3.83 0.00
0.00 18540.43
62.20 -69.36 -9999.00 -9999.00 -9999.00 97.31 7.63 0.00
0.00 19290.88
54.30 -67.66 -9999.00 -9999.00 -9999.00 73.30 8.12 0.00
0.00 20104.52
46.90 -64.86 -9999.00 -9999.00 -9999.00 77.57 11.73 0.00
0.00 20991.76
40.10 -63.46 -9999.00 -9999.00 -9999.00 65.77 8.53 0.00
0.00 21950.00
33.80 -60.96 -9999.00 -9999.00 -9999.00 64.18 6.68 0.00
0.00 23005.32
27.80 -56.36 -9999.00 -9999.00 -9999.00 217.87 4.43 0.00
0.00 24232.28
22.30 -51.46 -9999.00 -9999.00 -9999.00 244.93 13.29 0.00
0.00 25647.01
17.10 -46.36 -9999.00 -9999.00 -9999.00 242.70 20.34 0.00
0.00 27389.75
12.30 -40.56 -9999.00 -9999.00 -9999.00 257.91 25.04 0.00
0.00 29604.96

STID = KEYW STNM = 722010 TIME = 221026/2300 
SLAT = 24.55 SLON = -81.75 SELV = 0.0
STIM = 11

SHOW = 6.57 LIFT = 0.06 SWET = 106.02 KINX = 9.81
LCLP = 928.59 PWAT = 33.77 TOTL = 37.58 CAPE = 47.49
LCLT = 291.33 CINS = -14.51 EQLV = 400.64 LFCT = 832.18
BRCH = 6.82

PRES TMPC TMWC DWPC THTE DRCT SKNT OMEG
CFRL HGHT
1012.20 25.44 21.39 19.56 339.36 3.81 2.91 0.00
0.00 10.44
1009.20 25.24 21.27 19.47 339.31 360.00 2.91 0.00
0.00 36.60
1003.60 24.74 21.03 19.34 339.17 360.00 2.91 0.00
0.00 85.58
994.00 23.94 20.66 19.14 339.06 360.00 2.91 0.10
0.00 169.99
979.80 22.74 20.10 18.86 338.95 360.00 2.72 0.10
0.00 295.93
961.50 21.14 19.23 18.30 338.25 354.81 2.14 0.20
0.00 460.16
939.60 19.74 17.55 16.41 335.11 255.96 2.41 0.30
0.00 659.74
915.80 18.04 15.96 14.81 332.89 246.80 4.43 0.30
0.00 880.67
889.90 16.64 13.79 12.06 329.26 264.81 4.29 0.20
0.00 1126.20
861.00 15.64 10.15 5.96 322.04 329.30 7.23 0.10
0.00 1407.19
829.10 13.74 9.84 7.01 325.75 327.38 11.54 0.10
0.00 1726.67
794.20 13.34 5.70 -2.16 318.99 328.70 16.82 0.00
0.00 2088.85
756.30 12.54 3.77 -6.72 319.38 334.27 17.89 0.00
0.00 2499.22
715.40 10.44 2.56 -6.74 322.66 342.03 15.11 0.00
0.00 2963.32
671.50 8.04 -1.05 -16.30 320.59 348.27 10.51 0.00
0.00 3487.55
624.60 4.54 -1.35 -8.73 328.28 329.47 8.80 0.00
0.00 4080.63
575.10 -0.06 -4.42 -10.31 330.15 301.11 13.15 0.00
0.00 4747.47
527.20 -5.46 -7.86 -11.36 331.80 287.24 11.79 0.00
0.00 5437.04
484.20 -9.76 -13.07 -20.37 329.62 277.43 13.52 0.10
0.00 6099.29
445.80 -13.56 -17.54 -32.00 329.23 278.93 13.77 0.00
0.00 6732.15
411.30 -17.36 -19.06 -23.61 334.79 276.28 21.31 0.00
0.00 7340.08
380.10 -20.66 -21.53 -23.95 338.25 271.21 27.58 0.00
13.00 7927.44
352.10 -23.96 -26.25 -38.80 337.31 279.97 35.90 0.00
0.00 8489.60
326.90 -27.26 -29.60 -52.55 338.83 282.86 48.02 0.00
0.00 9027.76
304.30 -31.76 -33.28 -47.65 339.84 281.39 54.10 -0.10
0.00 9538.71
284.00 -35.96 -36.98 -48.26 340.58 280.46 58.86 -0.10
0.00 10022.34
265.80 -39.36 -40.13 -50.54 341.99 281.95 64.72 -0.20
0.00 10478.92
248.80 -42.16 -42.91 -58.13 343.99 283.96 68.45 -0.20
0.00 10928.55
233.60 -45.36 -45.95 -61.80 345.31 280.53 66.98 -0.10
0.00 11351.84
219.60 -48.86 -49.27 -62.27 346.06 271.59 62.96 -0.10
0.00 11760.77
205.60 -52.76 -53.01 -62.77 346.50 267.25 60.68 -0.10
0.00 12189.51
191.70 -56.86 -57.02 -65.45 346.88 269.81 60.02 -0.10
0.00 12636.90
177.70 -60.86 -60.96 -68.92 347.88 273.18 59.54 0.00
0.00 13112.58
163.80 -64.46 -64.54 -74.24 349.98 275.21 57.73 0.00
0.00 13614.43
149.80 -67.56 -67.61 -74.84 353.70 276.97 52.84 0.00
0.00 14156.16
135.90 -70.66 -9999.00 -9999.00 -9999.00 279.71 44.93 0.00
0.00 14737.78
121.90 -74.36 -9999.00 -9999.00 -9999.00 278.59 37.72 0.00
0.00 15376.28
108.00 -75.86 -9999.00 -9999.00 -9999.00 270.42 26.22 0.00
0.00 16078.11
94.00 -74.16 -9999.00 -9999.00 -9999.00 269.06 11.85 0.00
0.00 16883.34
81.00 -74.76 -9999.00 -9999.00 -9999.00 206.57 2.18 0.00
0.00 17749.02
70.60 -72.26 -9999.00 -9999.00 -9999.00 45.00 3.57 0.00
0.00 18552.06
62.20 -69.66 -9999.00 -9999.00 -9999.00 109.98 6.82 0.00
0.00 19301.77
54.30 -67.16 -9999.00 -9999.00 -9999.00 63.43 7.81 0.00
0.00 20115.81
46.90 -64.86 -9999.00 -9999.00 -9999.00 88.99 11.07 0.00
0.00 21004.12
40.10 -63.06 -9999.00 -9999.00 -9999.00 68.50 6.90 0.00
0.00 21963.28
33.80 -59.96 -9999.00 -9999.00 -9999.00 64.89 6.86 0.00
0.00 23022.10
27.80 -55.66 -9999.00 -9999.00 -9999.00 246.04 3.83 0.00
0.00 24253.92
22.30 -52.06 -9999.00 -9999.00 -9999.00 260.94 13.58 0.00
0.00 25668.97
17.10 -48.46 -9999.00 -9999.00 -9999.00 249.33 22.01 0.00
0.00 27401.23
12.30 -41.76 -9999.00 -9999.00 -9999.00 254.85 28.98 0.00
0.00 29600.52

STID = KEYW STNM = 722010 TIME = 221027/0000 
SLAT = 24.55 SLON = -81.75 SELV = 0.0
STIM = 12

SHOW = 6.00 LIFT = 0.34 SWET = 114.60 KINX = 14.37
LCLP = 929.83 PWAT = 35.34 TOTL = 38.39 CAPE = 39.20
LCLT = 291.39 CINS = -225.24 EQLV = 404.14 LFCT = 544.55
BRCH = 4.16

PRES TMPC TMWC DWPC THTE DRCT SKNT OMEG
CFRL HGHT
1012.80 25.44 21.42 19.61 339.41 22.38 3.57 0.00
0.00 9.57
1009.70 25.24 21.29 19.50 339.32 22.38 3.57 0.00
0.00 36.58
1004.20 24.74 21.05 19.37 339.16 23.63 3.40 0.00
0.00 84.66
994.50 23.84 20.64 19.16 338.93 20.56 3.32 0.10
0.00 169.89
980.30 22.64 20.09 18.89 338.84 21.80 3.15 0.20
0.00 295.73
962.00 21.24 18.95 17.83 337.11 15.26 2.21 0.30
0.00 459.85
940.10 19.84 17.27 15.92 334.02 264.29 1.94 0.30
0.00 659.35
916.30 18.34 15.61 14.07 331.58 270.00 3.30 0.30
0.00 880.24
890.40 17.04 13.10 10.59 326.95 308.66 3.73 0.20
0.00 1125.83
861.50 15.74 10.38 6.35 322.63 350.31 8.08 0.10
0.00 1406.83
829.60 14.04 10.40 7.86 327.37 337.13 13.50 0.10
0.00 1726.41
794.60 13.44 7.20 1.76 323.13 336.10 18.71 0.00
0.00 2089.87
756.70 12.34 5.72 -0.43 324.73 342.07 20.82 0.00
0.00 2500.36
715.70 10.44 3.15 -4.81 324.20 348.82 17.04 0.00
0.00 2965.54
671.70 7.64 0.26 -9.30 324.00 350.10 12.43 0.00
0.00 3490.69
624.70 4.24 -0.50 -5.75 330.51 325.01 9.48 0.00
0.00 4084.52
575.20 -0.36 -4.89 -11.34 328.99 303.69 14.01 0.10
0.00 4750.64
527.30 -5.56 -8.82 -14.22 329.61 290.32 11.19 0.10
0.00 5439.39
484.30 -9.76 -13.87 -24.71 327.91 280.62 12.65 0.10
0.00 6101.16
445.90 -13.66 -16.99 -26.93 330.36 278.02 13.93 0.10
0.00 6733.73
411.30 -17.36 -18.96 -23.14 334.99 278.27 22.96 0.00
0.00 7343.32
380.10 -21.06 -21.91 -24.34 337.54 270.77 28.75 0.00
19.00 7930.22
352.10 -23.76 -26.76 -58.60 336.23 280.46 38.52 -0.10
0.00 8492.08
327.00 -27.56 -29.74 -48.73 338.59 283.55 49.75 -0.10
0.00 9027.87
304.30 -31.96 -33.42 -47.14 339.59 282.11 57.42 -0.20
0.00 9540.49
284.00 -35.96 -36.91 -46.81 340.70 281.59 62.86 -0.20
0.00 10023.92
265.80 -39.16 -39.95 -50.54 342.28 282.75 65.13 -0.20
0.00 10480.69
248.90 -42.06 -42.82 -58.13 344.10 282.40 64.24 -0.20
0.00 10927.88
233.60 -45.46 -46.04 -61.80 345.16 278.83 63.31 -0.20
0.00 11353.87
219.60 -48.96 -49.36 -62.27 345.90 274.97 62.78 -0.20
0.00 11762.61
205.60 -52.86 -53.13 -64.93 346.30 273.58 62.28 -0.20
0.00 12191.16
191.70 -56.86 -57.02 -65.45 346.88 273.08 61.48 -0.30
0.00 12638.45
177.70 -60.96 -61.03 -66.00 347.76 273.50 60.53 -0.20
0.00 13114.03
163.80 -64.86 -64.91 -69.50 349.36 275.26 59.30 -0.10
0.00 13615.28
149.80 -67.76 -67.81 -74.84 353.35 278.28 53.98 -0.10
0.00 14156.23
135.90 -70.76 -9999.00 -9999.00 -9999.00 283.25 44.91 0.00
0.00 14737.42
121.90 -74.16 -9999.00 -9999.00 -9999.00 280.83 36.19 0.00
0.00 15376.08
108.00 -75.36 -9999.00 -9999.00 -9999.00 272.11 26.44 0.00
0.00 16079.15
94.00 -74.46 -9999.00 -9999.00 -9999.00 270.00 11.07 0.00
0.00 16884.78
81.00 -75.26 -9999.00 -9999.00 -9999.00 270.00 1.94 0.00
0.00 17748.72
70.60 -72.06 -9999.00 -9999.00 -9999.00 7.13 4.70 0.00
0.00 18551.16
62.20 -69.96 -9999.00 -9999.00 -9999.00 104.74 3.81 0.00
0.00 19300.68
54.30 -67.56 -9999.00 -9999.00 -9999.00 42.80 7.15 0.00
0.00 20113.33
46.90 -65.56 -9999.00 -9999.00 -9999.00 91.51 7.38 0.00
0.00 20999.28
40.10 -62.86 -9999.00 -9999.00 -9999.00 73.07 4.66 0.00
0.00 21957.29
33.80 -58.76 -9999.00 -9999.00 -9999.00 70.82 4.74 0.00
0.00 23019.62
27.80 -54.86 -9999.00 -9999.00 -9999.00 286.70 4.06 0.00
0.00 24257.16
22.30 -53.26 -9999.00 -9999.00 -9999.00 295.46 9.03 0.00
0.00 25670.92
17.10 -50.26 -9999.00 -9999.00 -9999.00 250.82 18.92 0.00
0.00 27391.52
12.30 -42.96 -9999.00 -9999.00 -9999.00 240.36 25.93 0.00
0.00 29576.34

STID = KEYW STNM = 722010 TIME = 221027/0100 
SLAT = 24.55 SLON = -81.75 SELV = 0.0
STIM = 13

SHOW = 6.26 LIFT = 1.07 SWET = 118.13 KINX = 16.37
LCLP = 928.76 PWAT = 36.06 TOTL = 37.77 CAPE = 9.84
LCLT = 291.29 CINS = -252.82 EQLV = 426.96 LFCT = 507.32
BRCH = 1.14

PRES TMPC TMWC DWPC THTE DRCT SKNT OMEG
CFRL HGHT
1014.00 25.54 21.42 19.55 339.20 9.46 2.37 0.00
0.00 9.56
1010.90 25.24 21.27 19.47 339.07 9.46 2.37 0.00
0.00 36.55
1005.40 24.74 21.03 19.33 338.89 9.46 2.37 0.10
0.00 84.57
995.70 23.94 20.65 19.13 338.80 9.46 2.37 0.10
0.00 169.71
981.50 22.74 20.10 18.86 338.70 5.19 2.14 0.20
0.00 295.43
963.20 21.44 18.66 17.28 335.82 326.31 1.40 0.30
0.00 459.41
941.30 20.14 17.05 15.41 333.06 270.00 3.11 0.40
0.00 658.77
917.40 18.74 15.20 13.15 330.00 284.74 3.81 0.40
0.00 880.51
891.50 17.34 12.53 9.31 324.97 327.72 4.37 0.20
0.00 1125.99
862.60 15.64 10.54 6.76 322.96 360.00 8.16 0.10
0.00 1406.69
830.60 13.94 10.27 7.69 326.83 343.14 13.40 0.00
0.00 1726.77
795.60 13.34 8.35 4.45 326.31 343.19 19.48 0.00
0.00 2089.77
757.50 12.14 7.44 3.77 329.61 350.46 22.26 0.00
0.00 2502.09
716.40 10.54 3.60 -3.61 325.31 359.37 17.68 0.00
0.00 2968.14
672.30 7.54 1.54 -4.99 327.28 356.25 11.87 0.00
0.00 3494.22
625.10 4.24 0.07 -4.28 331.92 320.36 8.84 0.10
0.00 4090.30
575.50 -0.26 -5.51 -13.77 327.45 306.50 12.08 0.20
0.00 4757.49
527.60 -5.06 -9.76 -19.30 327.41 285.42 11.69 0.30
0.00 5446.36
484.50 -9.46 -14.36 -30.11 326.78 278.62 12.98 0.20
0.00 6110.08
446.00 -13.66 -16.09 -21.99 332.16 275.13 15.21 0.20
0.00 6744.48
411.50 -17.16 -19.05 -24.19 334.76 274.29 23.37 0.10
0.00 7352.40
380.20 -21.16 -22.83 -28.65 335.77 271.07 31.08 0.00
0.00 7940.98
352.20 -23.76 -26.60 -49.44 336.54 282.32 40.97 -0.10
0.00 8502.51
327.00 -27.86 -30.03 -50.08 338.10 283.34 50.51 -0.10
0.00 9040.03
304.40 -32.06 -33.47 -46.19 339.50 281.09 58.59 -0.10
0.00 9549.89
284.00 -35.86 -36.82 -46.81 340.84 281.48 62.43 -0.10
0.00 10035.63
265.80 -38.86 -39.70 -51.18 342.68 282.23 64.20 -0.10
0.00 10492.79
248.90 -42.06 -42.82 -58.13 344.10 280.29 64.16 -0.10
0.00 10940.26
233.60 -45.66 -46.20 -60.07 344.90 276.77 62.59 -0.10
0.00 11366.07
219.60 -49.26 -49.64 -62.27 345.44 275.26 61.44 -0.20
0.00 11774.36
205.60 -52.96 -53.23 -64.93 346.14 276.66 62.00 -0.20
0.00 12202.52
191.70 -56.86 -57.04 -68.39 346.83 277.01 62.04 -0.20
0.00 12649.71
177.70 -60.76 -60.89 -73.70 347.99 274.37 61.17 -0.10
0.00 13125.50
163.80 -64.66 -64.74 -74.24 349.65 274.86 59.65 -0.10
0.00 13627.23
149.80 -67.96 -68.00 -74.84 353.01 280.00 54.84 -0.10
0.00 14168.17
135.90 -70.66 -70.69 -75.48 358.19 286.99 43.88 0.00
0.00 14749.22
121.90 -74.46 -9999.00 -9999.00 -9999.00 282.56 34.83 0.00
0.00 15387.57
108.00 -75.46 -9999.00 -9999.00 -9999.00 271.75 25.47 0.00
0.00 16089.93
94.00 -74.46 -9999.00 -9999.00 -9999.00 262.61 10.59 0.00
0.00 16895.36
81.00 -75.46 -9999.00 -9999.00 -9999.00 265.60 2.53 0.00
0.00 17758.86
70.60 -71.36 -9999.00 -9999.00 -9999.00 6.58 5.09 0.00
0.00 18562.30
62.20 -69.86 -9999.00 -9999.00 -9999.00 90.00 3.88 0.00
0.00 19313.31
54.30 -68.16 -9999.00 -9999.00 -9999.00 43.21 8.80 0.00
0.00 20124.97
46.90 -67.06 -9999.00 -9999.00 -9999.00 81.12 6.29 0.00
0.00 21006.42
40.10 -63.46 -9999.00 -9999.00 -9999.00 80.54 3.54 0.00
0.00 21959.62
33.80 -58.36 -9999.00 -9999.00 -9999.00 68.96 2.70 0.00
0.00 23021.44
27.80 -55.36 -9999.00 -9999.00 -9999.00 308.66 7.46 0.00
0.00 24258.69
22.30 -54.16 -9999.00 -9999.00 -9999.00 306.66 10.41 0.00
0.00 25667.93
17.10 -49.26 -9999.00 -9999.00 -9999.00 248.43 17.97 0.00
0.00 27388.92
12.30 -42.66 -9999.00 -9999.00 -9999.00 220.65 23.56 0.00
0.00 29580.01

STID = KEYW STNM = 722010 TIME = 221027/0200 
SLAT = 24.55 SLON = -81.75 SELV = 0.0
STIM = 14

SHOW = 6.61 LIFT = 1.98 SWET = 116.45 KINX = 17.48
LCLP = 927.82 PWAT = 34.99 TOTL = 37.17 CAPE = 0.00
LCLT = 291.19 CINS = 0.00 EQLV = -9999.00 LFCT = -9999.00
BRCH = 0.00

PRES TMPC TMWC DWPC THTE DRCT SKNT OMEG
CFRL HGHT
1013.00 25.44 21.32 19.45 338.96 324.46 1.67 0.00
0.00 9.57
1009.90 25.14 21.17 19.36 338.81 324.46 1.67 0.00
0.00 36.57
1004.30 24.64 20.92 19.21 338.61 324.46 1.67 0.10
0.00 85.49
994.70 23.84 20.54 19.00 338.48 315.00 1.65 0.20
0.00 169.81
980.50 22.64 19.93 18.65 338.18 315.00 1.65 0.30
0.00 295.61
962.20 21.54 18.24 16.55 334.35 278.75 2.56 0.40
0.00 459.72
940.30 20.44 16.48 14.29 331.14 275.44 4.10 0.40
0.00 659.34
916.50 19.14 14.13 10.99 326.55 308.66 3.73 0.40
0.00 880.50
890.70 17.64 11.88 7.78 323.04 5.91 5.67 0.30
0.00 1125.39
861.80 15.54 10.79 7.36 323.84 8.84 8.84 0.20
0.00 1406.41
829.90 13.84 9.53 6.32 324.71 347.85 12.92 0.10
0.00 1725.62
794.90 13.04 8.68 5.40 327.42 348.02 19.66 0.10
0.00 2088.66
756.80 12.14 8.19 5.32 332.02 356.52 22.38 0.00
0.00 2501.28
715.80 10.44 4.06 -2.19 326.69 7.13 17.23 0.00
0.00 2966.70
671.70 7.34 1.93 -3.65 328.44 2.05 10.88 0.00
0.00 3493.09
624.70 3.94 0.01 -4.05 331.87 319.84 8.14 0.10
0.00 4086.66
575.20 -0.16 -5.95 -15.84 326.44 307.97 10.10 0.10
0.00 4752.60
527.30 -4.76 -10.51 -24.97 325.73 286.19 12.55 0.20
0.00 5442.14
484.30 -9.36 -14.10 -28.31 327.37 277.24 12.33 0.20
0.00 6105.05
445.80 -13.66 -16.05 -21.76 332.31 270.00 15.73 0.10
0.00 6739.88
411.30 -17.36 -20.52 -33.19 331.90 271.96 22.75 -0.10
0.00 7347.71
380.10 -20.46 -23.65 -42.46 334.11 273.84 31.93 -0.20
0.00 7934.94
352.10 -23.96 -26.78 -50.20 336.25 282.62 40.02 -0.20
0.00 8497.06
327.00 -27.86 -29.92 -47.01 338.30 282.88 51.42 -0.20
0.00 9032.32
304.30 -31.96 -33.36 -45.75 339.71 280.44 57.87 -0.20
0.00 9544.64
284.00 -35.56 -36.59 -47.27 341.23 280.01 60.35 -0.20
0.00 10028.48
265.80 -38.86 -39.73 -51.87 342.63 280.68 62.86 -0.20
0.00 10485.93
248.90 -42.26 -42.97 -56.89 343.85 280.09 64.32 -0.20
0.00 10933.20
233.60 -45.86 -46.37 -58.63 344.64 276.15 63.50 -0.10
0.00 11358.64
219.60 -49.56 -49.88 -59.12 345.07 273.15 60.12 -0.10
0.00 11766.49
205.60 -53.16 -53.39 -62.77 345.87 274.66 59.83 -0.10
0.00 12194.17
191.70 -56.86 -57.04 -68.39 346.83 276.54 61.40 -0.10
0.00 12641.15
177.70 -60.76 -60.89 -73.70 347.99 275.96 61.71 0.00
0.00 13116.95
163.80 -64.36 -64.44 -74.24 350.15 277.84 59.81 0.00
0.00 13619.03
149.80 -67.66 -67.71 -74.84 353.53 282.37 53.50 0.00
0.00 14160.76
135.90 -70.66 -70.69 -75.48 358.19 288.36 44.41 0.00
0.00 14742.24
121.90 -74.16 -9999.00 -9999.00 -9999.00 279.06 32.07 0.10
0.00 15381.06
108.00 -75.06 -9999.00 -9999.00 -9999.00 266.53 25.68 0.10
0.00 16084.66
94.00 -74.26 -9999.00 -9999.00 -9999.00 249.68 11.19 0.00
0.00 16891.31
81.00 -75.06 -9999.00 -9999.00 -9999.00 270.00 3.30 0.00
0.00 17756.12
70.60 -70.56 -9999.00 -9999.00 -9999.00 14.62 4.62 0.00
0.00 18561.98
62.20 -69.76 -9999.00 -9999.00 -9999.00 98.75 5.11 0.00
0.00 19314.65
54.30 -68.06 -9999.00 -9999.00 -9999.00 66.50 9.75 0.00
0.00 20126.70
46.90 -66.76 -9999.00 -9999.00 -9999.00 74.29 6.45 0.00
0.00 21009.01
40.10 -62.06 -9999.00 -9999.00 -9999.00 48.58 4.41 0.00
0.00 21966.11
33.80 -58.76 -9999.00 -9999.00 -9999.00 35.22 4.04 0.00
0.00 23030.43
27.80 -57.16 -9999.00 -9999.00 -9999.00 328.82 8.62 0.00
0.00 24261.39
22.30 -54.86 -9999.00 -9999.00 -9999.00 301.11 13.15 0.00
0.00 25662.57
17.10 -48.16 -9999.00 -9999.00 -9999.00 245.87 20.44 0.00
0.00 27385.11
12.30 -41.16 -9999.00 -9999.00 -9999.00 225.86 27.60 0.00
0.00 29588.74

STID = KEYW STNM = 722010 TIME = 221027/0300 
SLAT = 24.55 SLON = -81.75 SELV = 0.0
STIM = 15

SHOW = 7.16 LIFT = 2.66 SWET = 104.44 KINX = 16.79
LCLP = 925.98 PWAT = 34.23 TOTL = 36.50 CAPE = 0.00
LCLT = 291.08 CINS = 0.00 EQLV = -9999.00 LFCT = -9999.00
BRCH = 0.00

PRES TMPC TMWC DWPC THTE DRCT SKNT OMEG
CFRL HGHT
1013.50 25.54 21.31 19.38 338.82 320.19 1.52 0.00
0.00 9.56
1010.50 25.24 21.16 19.29 338.66 320.19 1.52 0.00
0.00 35.69
1004.90 24.74 20.91 19.14 338.47 320.19 1.52 0.00
0.00 84.60
995.20 23.94 20.51 18.91 338.30 315.00 1.38 0.10
0.00 169.77
981.00 22.74 19.92 18.59 338.08 309.81 1.52 0.10
0.00 295.54
962.70 21.84 17.86 15.78 332.89 288.43 2.45 0.20
0.00 459.65
940.90 20.84 15.71 12.69 328.35 306.87 2.91 0.20
0.00 658.38
917.10 19.64 13.40 9.19 324.05 19.98 4.55 0.20
0.00 879.59
891.20 17.64 11.96 7.93 323.20 38.23 8.16 0.20
0.00 1125.42
862.30 15.64 10.57 6.83 323.10 28.81 8.88 0.20
0.00 1406.31
830.40 14.04 8.97 4.97 322.96 359.05 11.65 0.20
0.00 1725.41
795.30 13.14 9.20 6.37 328.95 351.38 19.44 0.10
0.00 2089.45
757.20 12.24 8.39 5.62 332.55 2.03 21.97 0.00
0.00 2502.09
716.10 10.34 3.92 -2.43 326.28 12.75 16.72 -0.10
0.00 2968.44
672.00 7.14 1.86 -3.58 328.22 4.67 9.56 -0.10
0.00 3494.31
624.90 3.74 -0.10 -4.10 331.54 316.04 7.56 0.00
0.00 4088.49
575.40 -0.26 -6.22 -16.87 325.77 308.09 9.13 0.00
0.00 4753.80
527.50 -4.66 -10.49 -25.32 325.72 290.35 12.84 0.00
0.00 5443.05
484.40 -9.46 -13.28 -22.35 329.12 274.93 11.31 0.10
0.00 6107.41
445.90 -13.86 -16.53 -23.46 331.31 272.32 14.39 0.00
0.00 6741.81
411.40 -17.26 -21.27 -48.07 330.31 278.56 22.20 -0.10
0.00 7349.26
380.20 -20.86 -23.59 -36.83 334.28 273.39 29.58 -0.20
0.00 7935.95
352.20 -23.96 -26.82 -51.92 336.14 281.77 38.09 -0.20
0.00 8497.50
327.00 -27.96 -29.94 -45.54 338.28 284.42 49.15 -0.20
0.00 9034.71
304.40 -31.66 -33.02 -44.15 340.26 281.78 55.17 -0.10
0.00 9544.90
284.00 -35.46 -36.45 -46.37 341.45 280.79 59.13 -0.10
0.00 10031.46
265.80 -38.96 -39.79 -51.18 342.53 281.35 62.22 -0.10
0.00 10488.91
248.90 -42.36 -43.07 -56.89 343.70 279.81 62.68 -0.10
0.00 10936.00
233.60 -45.86 -46.39 -60.07 344.59 274.81 62.57 -0.10
0.00 11361.34
219.60 -49.66 -49.97 -59.12 344.91 272.59 60.08 -0.10
0.00 11769.10
205.60 -53.16 -53.39 -62.77 345.87 272.86 58.35 0.00
0.00 12196.68
191.70 -56.86 -57.02 -65.45 346.88 273.79 58.80 0.00
0.00 12643.66
177.70 -60.76 -60.86 -68.92 348.04 274.99 60.26 0.00
0.00 13119.46
163.80 -64.36 -64.44 -74.24 350.15 278.86 60.55 0.10
0.00 13621.55
149.80 -67.26 -67.31 -74.84 354.21 284.24 52.91 0.10
0.00 14163.80
135.90 -70.36 -70.39 -75.48 358.72 290.01 42.58 0.10
0.00 14746.28
121.90 -73.46 -9999.00 -9999.00 -9999.00 277.57 30.96 0.10
0.00 15386.69
108.00 -74.56 -9999.00 -9999.00 -9999.00 265.95 24.73 0.00
0.00 16092.42
94.00 -74.06 -9999.00 -9999.00 -9999.00 249.93 10.76 0.00
0.00 16900.49
81.00 -74.86 -9999.00 -9999.00 -9999.00 298.30 2.87 0.00
0.00 17766.17
70.60 -69.56 -9999.00 -9999.00 -9999.00 53.53 5.56 0.00
0.00 18574.44
62.20 -69.46 -9999.00 -9999.00 -9999.00 88.26 6.41 0.00
0.00 19329.53
54.30 -67.56 -9999.00 -9999.00 -9999.00 73.44 7.50 0.00
0.00 20143.17
46.90 -65.96 -9999.00 -9999.00 -9999.00 36.87 4.86 0.00
0.00 21028.26
40.10 -60.86 -9999.00 -9999.00 -9999.00 32.35 6.90 0.00
0.00 21989.94
33.80 -58.46 -9999.00 -9999.00 -9999.00 46.17 6.74 0.00
0.00 23058.02
27.80 -58.06 -9999.00 -9999.00 -9999.00 335.32 7.91 0.00
0.00 24287.27
22.30 -54.66 -9999.00 -9999.00 -9999.00 299.90 8.95 0.00
0.00 25686.18
17.10 -45.46 -9999.00 -9999.00 -9999.00 246.64 18.63 0.00
0.00 27419.99
12.30 -40.46 -9999.00 -9999.00 -9999.00 229.21 26.17 0.00
0.00 29640.02

STID = KEYW STNM = 722010 TIME = 221027/0400 
SLAT = 24.55 SLON = -81.75 SELV = 0.0
STIM = 16

SHOW = 6.37 LIFT = 2.72 SWET = 112.24 KINX = 17.36
LCLP = 928.39 PWAT = 34.29 TOTL = 37.59 CAPE = 1.73
LCLT = 291.20 CINS = -320.04 EQLV = 438.78 LFCT = 466.92
BRCH = 0.26

PRES TMPC TMWC DWPC THTE DRCT SKNT OMEG
CFRL HGHT
1012.30 25.34 21.28 19.44 338.91 310.60 1.79 0.00
0.00 9.57
1009.30 25.04 21.13 19.34 338.72 310.60 1.79 0.00
0.00 35.71
1003.70 24.64 20.91 19.19 338.65 310.60 1.79 0.00
0.00 84.65
994.10 23.74 20.49 18.98 338.40 306.87 1.94 0.00
0.00 169.01
979.80 22.54 19.95 18.72 338.35 306.87 1.94 0.00
0.00 295.73
961.60 21.64 17.70 15.63 332.48 294.44 2.35 0.00
0.00 459.02
939.80 20.84 15.37 12.07 327.35 323.97 2.64 0.00
0.00 657.89
916.00 19.44 13.28 9.11 323.84 38.99 5.24 0.00
0.00 879.26
890.20 17.44 12.17 8.52 324.00 51.12 7.73 0.20
0.00 1124.28
861.40 15.54 10.91 7.60 324.26 41.88 7.56 0.20
0.00 1404.42
829.40 14.04 9.45 5.99 324.53 358.88 9.91 0.20
0.00 1724.91
794.50 13.04 9.51 7.03 330.01 348.80 19.02 0.10
0.00 2087.31
756.40 12.14 7.87 4.68 331.10 2.06 21.58 0.00
0.00 2500.21
715.40 10.04 3.46 -3.34 325.14 14.51 17.06 -0.10
0.00 2965.46
671.40 6.94 1.70 -3.75 327.91 1.27 8.74 0.00
0.00 3490.12
624.40 3.54 -0.46 -4.77 330.68 316.01 7.83 0.10
0.00 4083.06
575.00 -0.26 -6.53 -18.44 325.11 305.94 9.60 0.20
0.00 4747.20
527.20 -4.66 -10.27 -23.66 326.28 292.11 13.42 0.10
0.00 5435.43
484.20 -9.66 -13.01 -20.37 329.75 269.06 11.85 0.10
0.00 6098.40
445.70 -14.16 -16.90 -24.36 330.63 272.42 13.81 0.00
0.00 6732.50
411.30 -17.26 -21.05 -41.72 330.80 284.47 24.88 -0.10
0.00 7338.05
380.10 -20.96 -23.61 -36.16 334.28 271.96 28.38 -0.10
0.00 7924.79
352.10 -24.16 -26.84 -46.89 336.18 280.11 36.50 -0.10
0.00 8486.18
327.00 -27.76 -29.62 -42.42 338.87 282.43 48.74 0.00
0.00 9021.36
304.30 -31.56 -32.68 -40.46 340.90 278.89 54.06 0.00
0.00 9534.24
284.00 -35.56 -36.59 -47.27 341.23 280.61 62.26 0.00
0.00 10018.51
265.80 -39.16 -39.97 -51.18 342.24 280.41 63.40 0.00
0.00 10475.67
248.90 -42.46 -43.16 -56.89 343.55 278.52 64.24 0.00
0.00 10922.47
233.60 -45.86 -46.39 -60.07 344.59 273.49 63.83 0.00
0.00 11347.72
219.60 -49.56 -49.90 -60.55 345.02 272.70 61.85 0.00
0.00 11755.56
205.60 -53.16 -53.39 -62.77 345.87 274.01 61.15 0.10
0.00 12183.24
191.70 -56.86 -57.02 -65.45 346.88 274.23 60.57 0.10
0.00 12630.23
177.70 -60.86 -60.96 -68.92 347.88 274.76 60.82 0.10
0.00 13105.91
163.80 -64.36 -64.44 -74.24 350.15 277.72 60.76 0.10
0.00 13607.88
149.80 -67.26 -67.31 -74.84 354.21 282.12 53.65 0.10
0.00 14150.13
135.90 -70.16 -9999.00 -9999.00 -9999.00 289.85 42.33 0.10
0.00 14732.89
121.90 -73.16 -9999.00 -9999.00 -9999.00 277.41 28.59 0.00
0.00 15374.10
108.00 -75.16 -9999.00 -9999.00 -9999.00 266.04 25.31 0.00
0.00 16079.29
94.00 -74.36 -9999.00 -9999.00 -9999.00 248.01 10.90 0.00
0.00 16885.54
81.00 -74.96 -9999.00 -9999.00 -9999.00 279.46 3.54 0.00
0.00 17750.34
70.60 -69.86 -9999.00 -9999.00 -9999.00 75.17 6.84 0.00
0.00 18557.81
62.20 -70.36 -9999.00 -9999.00 -9999.00 78.69 7.93 0.00
0.00 19310.67
54.30 -68.16 -9999.00 -9999.00 -9999.00 98.33 8.04 0.00
0.00 20121.33
46.90 -66.26 -9999.00 -9999.00 -9999.00 48.01 5.23 0.00
0.00 21004.50
40.10 -61.36 -9999.00 -9999.00 -9999.00 41.50 6.74 0.00
0.00 21964.35
33.80 -58.66 -9999.00 -9999.00 -9999.00 76.43 5.79 0.00
0.00 23030.67
27.80 -56.96 -9999.00 -9999.00 -9999.00 351.87 4.12 0.00
0.00 24262.49
22.30 -53.36 -9999.00 -9999.00 -9999.00 294.78 5.56 0.00
0.00 25669.15
17.10 -45.66 -9999.00 -9999.00 -9999.00 257.25 16.72 0.00
0.00 27407.24
12.30 -41.16 -9999.00 -9999.00 -9999.00 238.83 28.15 0.00
0.00 29622.92

STID = KEYW STNM = 722010 TIME = 221027/0500 
SLAT = 24.55 SLON = -81.75 SELV = 0.0
STIM = 17

SHOW = 5.26 LIFT = 2.52 SWET = 127.16 KINX = 18.13
LCLP = 930.22 PWAT = 34.72 TOTL = 39.02 CAPE = 7.24
LCLT = 291.35 CINS = -299.43 EQLV = 418.10 LFCT = 487.08
BRCH = 1.27

PRES TMPC TMWC DWPC THTE DRCT SKNT OMEG
CFRL HGHT
1012.50 25.34 21.36 19.56 339.20 360.00 1.55 0.00
0.00 9.57
1009.50 25.04 21.21 19.47 339.03 360.00 1.55 0.00
0.00 35.70
1003.90 24.54 20.96 19.32 338.84 352.87 1.57 0.00
0.00 84.63
994.20 23.74 20.55 19.07 338.62 351.87 1.38 0.00
0.00 169.84
979.80 22.54 19.86 18.59 338.01 351.87 1.38 -0.20
0.00 297.45
961.90 21.34 18.06 16.37 333.74 344.05 1.42 -0.20
1.00 457.96
940.00 20.64 15.31 12.10 327.15 360.00 1.94 0.00
0.00 657.56
916.20 19.34 13.44 9.50 324.32 53.53 5.56 0.00
0.00 878.78
890.40 17.24 12.65 9.60 325.48 62.78 7.65 0.20
0.00 1123.68
861.50 15.44 11.68 9.16 326.63 45.00 7.15 0.20
0.00 1404.71
829.50 14.14 9.96 6.94 326.05 354.61 10.33 0.20
0.00 1725.30
794.50 13.14 9.60 7.14 330.31 351.95 19.42 0.10
0.00 2088.90
756.50 12.04 7.52 4.03 330.01 6.68 21.72 0.10
0.00 2500.66
715.50 10.04 3.05 -4.54 324.01 16.96 16.65 0.10
0.00 2965.67
671.50 7.04 1.99 -3.11 328.67 355.49 7.40 0.20
0.00 3490.32
624.50 3.74 -0.90 -6.19 329.52 312.88 7.42 0.10
0.00 4083.45
575.00 -0.16 -6.86 -20.65 324.33 303.69 9.81 0.00
0.00 4749.10
527.20 -4.66 -10.39 -24.52 326.01 293.43 12.70 0.00
0.00 5437.38
484.20 -9.76 -13.14 -20.67 329.49 270.00 11.46 0.00
0.00 6100.21
445.80 -14.06 -17.07 -25.73 330.25 275.33 14.63 0.00
0.00 6732.55
411.30 -17.86 -19.77 -25.34 333.44 279.46 25.99 0.00
0.00 7339.35
380.10 -20.76 -23.72 -39.72 334.02 271.60 27.80 0.00
0.00 7925.78
352.10 -24.06 -26.62 -43.57 336.59 278.68 37.33 0.00
0.00 8487.49
327.00 -27.56 -29.35 -40.87 339.34 280.06 48.93 0.00
0.00 9023.01
304.30 -31.56 -33.05 -46.19 340.24 282.40 57.89 0.10
0.00 9536.09
284.00 -35.56 -36.61 -47.75 341.19 280.59 63.44 0.10
0.00 10020.33
265.80 -39.06 -39.91 -51.87 342.34 278.72 64.06 0.20
0.00 10477.58
248.90 -42.56 -43.27 -58.13 343.36 277.66 64.08 0.20
0.00 10924.38
233.60 -46.06 -46.58 -60.07 344.29 275.31 63.01 0.20
0.00 11349.35
219.60 -49.46 -49.83 -62.27 345.13 274.14 61.93 0.20
0.00 11757.10
205.60 -53.16 -53.42 -64.93 345.83 274.91 61.23 0.10
0.00 12184.87
191.70 -56.96 -57.14 -68.39 346.67 275.66 61.09 0.10
0.00 12631.75
177.70 -60.66 -60.79 -73.70 348.16 276.46 62.16 0.20
0.00 13107.55
163.80 -63.96 -64.05 -74.24 350.82 277.61 60.16 0.20
0.00 13610.23
149.80 -66.86 -66.92 -74.84 354.90 280.59 51.77 0.10
0.00 14153.53
135.90 -70.06 -9999.00 -9999.00 -9999.00 288.61 39.57 0.10
0.00 14737.00
121.90 -73.36 -9999.00 -9999.00 -9999.00 281.87 27.39 0.00
0.00 15378.05
108.00 -75.66 -9999.00 -9999.00 -9999.00 264.89 23.99 0.00
0.00 16082.00
94.00 -74.36 -9999.00 -9999.00 -9999.00 245.94 11.91 0.00
0.00 16887.23
81.00 -74.86 -9999.00 -9999.00 -9999.00 257.74 4.56 0.00
0.00 17752.25
70.60 -70.16 -9999.00 -9999.00 -9999.00 110.38 7.25 0.00
0.00 18559.32
62.20 -70.66 -9999.00 -9999.00 -9999.00 81.12 6.29 0.00
0.00 19311.07
54.30 -68.56 -9999.00 -9999.00 -9999.00 114.10 8.08 0.00
0.00 20120.34
46.90 -66.46 -9999.00 -9999.00 -9999.00 49.18 5.65 0.00
0.00 21002.21
40.10 -61.56 -9999.00 -9999.00 -9999.00 34.38 4.47 0.00
0.00 21961.14
33.80 -58.46 -9999.00 -9999.00 -9999.00 113.96 1.90 0.00
0.00 23027.47
27.80 -55.06 -9999.00 -9999.00 -9999.00 360.00 2.53 0.00
0.00 24265.30
22.30 -51.76 -9999.00 -9999.00 -9999.00 278.53 3.92 0.00
0.00 25683.25
17.10 -47.36 -9999.00 -9999.00 -9999.00 262.71 16.84 0.00
0.00 27420.95
12.30 -41.66 -9999.00 -9999.00 -9999.00 244.80 32.85 0.00
0.00 29626.02

STID = KEYW STNM = 722010 TIME = 221027/0600 
SLAT = 24.55 SLON = -81.75 SELV = 0.0
STIM = 18

SHOW = 4.52 LIFT = 2.07 SWET = 134.52 KINX = 19.16
LCLP = 920.56 PWAT = 34.71 TOTL = 40.05 CAPE = 2.17
LCLT = 290.63 CINS = -309.04 EQLV = 406.57 LFCT = 485.33
BRCH = 0.36

PRES TMPC TMWC DWPC THTE DRCT SKNT OMEG
CFRL HGHT
1011.90 25.44 21.03 18.99 337.93 52.13 2.21 0.00
0.00 9.57
1008.90 25.14 20.87 18.88 337.71 52.13 2.21 0.00
0.00 35.73
1003.30 24.64 20.60 18.71 337.47 52.13 2.21 0.00
0.00 84.69
993.70 23.84 20.18 18.44 337.20 52.13 2.21 0.00
0.00 169.07
979.50 22.64 19.59 18.12 336.98 52.13 2.21 -0.10
0.00 294.96
961.20 21.14 18.59 17.32 335.85 56.31 2.10 -0.10
2.00 459.13
939.40 20.24 15.88 13.37 329.17 52.13 2.21 -0.10
1.00 657.84
915.60 19.04 13.56 9.96 324.80 67.83 5.67 0.00
0.00 879.02
889.80 17.04 13.10 10.59 327.03 68.75 7.50 0.10
0.00 1123.94
860.90 15.34 12.18 10.15 328.31 38.42 7.19 0.10
0.00 1405.12
829.00 14.34 10.02 6.91 326.30 350.54 11.81 0.00
0.00 1725.02
794.10 13.34 8.90 5.62 328.22 1.12 19.81 0.00
0.00 2087.95
756.10 11.84 7.37 3.89 329.64 8.86 21.43 0.00
0.00 2499.81
715.10 10.04 3.04 -4.58 324.03 16.77 14.80 0.10
0.00 2964.91
671.20 7.14 2.33 -2.37 329.64 339.68 5.59 0.10
0.00 3488.76
624.20 3.84 -1.34 -7.62 328.42 307.18 7.07 0.00
0.00 4082.35
574.80 -0.26 -7.23 -22.79 323.50 305.94 9.60 -0.10
0.00 4746.81
527.00 -4.96 -10.87 -26.85 325.02 299.88 10.53 -0.10
0.00 5434.75
484.10 -9.86 -13.12 -20.30 329.55 275.71 9.75 -0.10
0.00 6095.70
445.70 -13.76 -16.85 -25.63 330.69 279.34 15.56 0.00
0.00 6728.43
411.20 -18.36 -19.80 -23.78 333.43 272.58 25.85 0.00
0.00 7335.17
380.00 -20.86 -24.08 -45.65 333.34 272.42 27.60 0.00
0.00 7921.06
352.10 -24.06 -26.42 -40.16 336.98 278.55 37.92 0.00
0.00 8480.72
326.90 -27.86 -29.43 -38.78 339.26 279.26 45.86 0.10
0.00 9018.16
304.30 -31.46 -33.15 -51.45 340.02 284.54 58.80 0.20
0.00 9528.84
284.00 -35.36 -36.55 -50.61 341.28 280.08 62.14 0.20
0.00 10013.36
265.80 -39.06 -39.95 -53.41 342.26 276.51 63.34 0.20
0.00 10470.80
248.80 -42.76 -43.46 -58.13 343.10 276.86 63.38 0.20
0.00 10920.14
233.60 -46.16 -46.69 -61.80 344.09 277.37 62.08 0.20
0.00 11342.14
219.60 -49.46 -49.86 -64.44 345.09 276.10 60.37 0.20
0.00 11749.80
205.60 -53.06 -53.35 -67.89 345.94 275.01 60.06 0.20
0.00 12177.66
191.70 -56.86 -57.04 -68.39 346.83 275.92 62.10 0.20
0.00 12624.75
177.70 -60.56 -60.69 -73.70 348.32 277.66 64.08 0.20
0.00 13100.76
163.80 -63.76 -63.85 -74.24 351.16 279.10 60.20 0.10
0.00 13603.80
149.80 -66.66 -66.72 -74.84 355.25 279.79 50.27 0.10
0.00 14147.62
135.90 -70.06 -9999.00 -9999.00 -9999.00 282.34 38.17 0.00
0.00 14731.38
121.90 -73.66 -9999.00 -9999.00 -9999.00 279.74 26.42 0.00
0.00 15371.95
108.00 -75.66 -9999.00 -9999.00 -9999.00 261.52 22.40 0.00
0.00 16075.38
94.00 -74.26 -9999.00 -9999.00 -9999.00 247.71 12.80 0.00
0.00 16880.81
81.00 -74.46 -9999.00 -9999.00 -9999.00 254.93 5.23 0.00
0.00 17746.92
70.60 -70.46 -9999.00 -9999.00 -9999.00 136.04 7.56 0.00
0.00 18554.18
62.20 -70.66 -9999.00 -9999.00 -9999.00 64.36 5.38 0.00
0.00 19305.38
54.30 -68.96 -9999.00 -9999.00 -9999.00 98.62 6.49 0.00
0.00 20113.85
46.90 -66.26 -9999.00 -9999.00 -9999.00 33.69 6.29 0.00
0.00 20995.30
40.10 -62.46 -9999.00 -9999.00 -9999.00 17.65 4.49 0.00
0.00 21952.62
33.80 -59.66 -9999.00 -9999.00 -9999.00 348.69 0.99 0.00
0.00 23013.70
27.80 -54.16 -9999.00 -9999.00 -9999.00 12.53 3.57 0.00
0.00 24250.67
22.30 -50.96 -9999.00 -9999.00 -9999.00 244.98 3.22 0.00
0.00 25674.10
17.10 -48.46 -9999.00 -9999.00 -9999.00 256.72 14.37 0.00
0.00 27410.63
12.30 -41.86 -9999.00 -9999.00 -9999.00 239.90 30.98 0.00
0.00 29609.44

STID = KEYW STNM = 722010 TIME = 221027/0700 
SLAT = 24.55 SLON = -81.75 SELV = 0.0
STIM = 19

SHOW = 4.14 LIFT = 1.62 SWET = 136.72 KINX = 19.61
LCLP = 918.87 PWAT = 33.69 TOTL = 40.74 CAPE = 7.05
LCLT = 290.42 CINS = -326.29 EQLV = 404.57 LFCT = 497.12
BRCH = 1.04

PRES TMPC TMWC DWPC THTE DRCT SKNT OMEG
CFRL HGHT
1011.40 25.34 20.88 18.80 337.40 71.57 3.07 0.00
0.00 9.58
1008.30 25.14 20.75 18.70 337.34 72.65 3.26 0.00
0.00 36.61
1002.80 24.64 20.49 18.53 337.09 72.65 3.26 0.00
0.00 84.71
993.10 23.74 20.04 18.28 336.76 72.65 3.26 0.00
0.00 170.00
979.00 22.54 19.47 17.98 336.59 72.65 3.26 0.00
0.00 295.02
960.70 21.04 18.63 17.43 336.07 72.65 3.26 0.00
1.00 459.23
938.90 19.94 16.19 14.09 330.34 72.65 3.26 0.00
1.00 657.94
915.10 18.84 13.68 10.35 325.29 76.43 5.79 0.10
0.00 879.10
889.30 16.74 13.40 11.33 328.09 74.88 7.44 0.10
0.00 1123.99
860.40 15.24 12.28 10.39 328.70 35.36 7.38 0.10
0.00 1405.19
828.60 14.34 9.88 6.63 325.93 350.54 13.00 0.10
0.00 1724.20
793.70 13.64 8.38 4.26 326.67 6.22 19.74 0.20
0.00 2087.42
755.70 12.14 5.87 0.18 325.32 10.89 20.57 0.30
0.00 2499.65
714.80 10.34 3.23 -4.41 324.57 9.95 11.25 0.30
0.00 2964.11
670.90 7.24 2.66 -1.66 330.61 310.36 5.09 0.30
0.00 3488.61
624.00 3.84 -1.98 -9.66 326.84 305.91 6.95 0.20
0.00 4081.23
574.60 -0.26 -7.75 -27.34 322.30 309.37 9.79 0.10
0.00 4745.73
526.90 -5.16 -11.16 -28.43 324.42 301.16 9.75 0.00
0.00 5432.06
484.00 -10.26 -13.45 -20.67 328.90 277.97 9.81 -0.10
0.00 6092.36
445.60 -13.86 -17.18 -27.29 330.06 278.64 15.52 -0.10
0.00 6724.59
411.20 -18.56 -20.05 -24.28 332.96 272.37 23.52 0.00
0.00 7329.25
380.00 -21.16 -23.57 -34.18 334.41 276.47 29.33 0.00
0.00 7914.62
352.00 -24.16 -26.48 -39.88 336.91 279.55 39.78 0.10
0.00 8475.98
326.90 -27.86 -30.05 -50.84 338.09 284.15 49.28 0.10
0.00 9011.21
304.30 -31.56 -33.20 -50.01 339.96 284.79 57.05 0.20
0.00 9521.75
284.00 -35.36 -36.57 -51.30 341.23 279.58 60.68 0.20
0.00 10006.17
265.80 -38.96 -39.91 -55.26 342.32 275.57 62.06 0.20
0.00 10463.70
248.80 -42.76 -43.46 -58.13 343.10 276.99 62.24 0.20
0.00 10913.13
233.60 -46.16 -46.69 -61.80 344.09 278.81 62.12 0.20
0.00 11335.13
219.60 -49.26 -49.67 -64.44 345.40 277.57 61.93 0.20
0.00 11742.97
205.60 -52.76 -53.06 -67.89 346.41 274.87 61.79 0.20
0.00 12171.32
191.70 -56.66 -56.85 -68.39 347.16 274.11 62.32 0.10
0.00 12618.91
177.70 -60.56 -60.69 -73.70 348.32 276.99 62.24 0.20
0.00 13095.15
163.80 -63.66 -63.75 -74.24 351.32 279.59 58.31 0.10
0.00 13598.31
149.80 -66.46 -66.52 -74.84 355.59 280.90 48.27 0.10
0.00 14142.52
135.90 -69.96 -9999.00 -9999.00 -9999.00 280.77 36.38 0.00
0.00 14726.71
121.90 -73.66 -9999.00 -9999.00 -9999.00 274.33 25.72 0.00
0.00 15367.44
108.00 -75.26 -9999.00 -9999.00 -9999.00 257.20 21.91 0.00
0.00 16071.57
94.00 -74.46 -9999.00 -9999.00 -9999.00 258.53 13.68 0.00
0.00 16877.41
81.00 -73.76 -9999.00 -9999.00 -9999.00 246.50 4.88 0.00
0.00 17744.61
70.60 -70.56 -9999.00 -9999.00 -9999.00 152.24 8.33 0.00
0.00 18553.08
62.20 -70.76 -9999.00 -9999.00 -9999.00 42.27 5.77 0.00
0.00 19303.91
54.30 -69.16 -9999.00 -9999.00 -9999.00 69.15 4.37 0.00
0.00 20111.78
46.90 -66.16 -9999.00 -9999.00 -9999.00 11.63 6.74 0.00
0.00 20993.02
40.10 -63.56 -9999.00 -9999.00 -9999.00 25.02 6.43 0.00
0.00 21948.05
33.80 -60.76 -9999.00 -9999.00 -9999.00 27.90 3.73 0.00
0.00 23003.62
27.80 -54.96 -9999.00 -9999.00 -9999.00 37.30 5.13 0.00
0.00 24235.16
22.30 -52.06 -9999.00 -9999.00 -9999.00 218.66 4.97 0.00
0.00 25652.46
17.10 -48.46 -9999.00 -9999.00 -9999.00 237.63 16.34 0.00
0.00 27384.72
12.30 -41.96 -9999.00 -9999.00 -9999.00 227.64 32.87 0.00
0.00 29583.04

STID = KEYW STNM = 722010 TIME = 221027/0800 
SLAT = 24.55 SLON = -81.75 SELV = 0.0
STIM = 20

SHOW = 4.59 LIFT = 1.60 SWET = 130.83 KINX = 18.32
LCLP = 917.36 PWAT = 32.12 TOTL = 40.19 CAPE = 3.84
LCLT = 290.35 CINS = -341.23 EQLV = 454.63 LFCT = 496.41
BRCH = 0.56

PRES TMPC TMWC DWPC THTE DRCT SKNT OMEG
CFRL HGHT
1011.80 25.44 20.88 18.76 337.36 86.82 3.50 0.00
0.00 9.57
1008.70 25.14 20.71 18.64 337.14 86.82 3.50 0.00
0.00 36.60
1003.10 24.64 20.46 18.48 336.93 86.82 3.50 0.00
0.00 85.56
993.50 23.84 20.04 18.23 336.70 90.00 3.50 0.00
0.00 169.95
979.30 22.64 19.45 17.90 336.47 90.00 3.50 0.00
0.00 295.85
961.10 21.04 18.67 17.49 336.16 90.00 3.50 0.00
0.00 459.13
939.20 19.84 16.13 14.04 330.08 93.01 3.69 -0.10
0.00 658.65
915.40 18.74 13.85 10.73 325.78 88.09 5.83 -0.10
0.00 879.67
889.60 16.64 13.75 11.99 329.17 84.14 7.61 -0.10
0.00 1124.44
860.70 15.14 11.99 9.93 327.72 39.61 7.30 -0.10
0.00 1405.46
828.80 14.34 9.64 6.14 325.18 355.86 13.44 -0.20
0.00 1725.27
793.90 13.64 6.97 0.97 322.55 12.65 19.50 -0.10
0.00 2088.22
756.00 12.64 4.73 -3.63 322.02 12.46 18.90 0.00
0.00 2499.27
715.10 10.74 3.06 -5.51 324.04 6.98 9.60 0.00
0.00 2964.05
671.10 7.14 2.87 -1.08 331.14 307.69 5.40 0.10
0.00 3489.82
624.20 3.94 -2.50 -11.74 325.49 304.70 6.14 0.10
0.00 4082.21
574.80 -0.16 -7.95 -30.47 321.76 306.87 8.74 0.10
0.00 4746.61
527.00 -5.16 -11.08 -27.68 324.58 293.55 8.26 0.10
0.00 5434.29
484.10 -10.26 -13.71 -21.93 328.34 273.24 10.31 0.10
0.00 6094.45
445.70 -13.96 -17.40 -28.40 329.60 279.23 15.73 0.10
0.00 6726.36
411.20 -18.16 -20.18 -26.41 332.69 273.34 26.65 0.10
0.00 7333.01
380.00 -21.06 -23.57 -34.93 334.40 277.13 34.46 0.10
0.00 7918.91
352.10 -24.16 -26.90 -48.74 336.06 280.40 43.05 0.10
0.00 8478.25
326.90 -27.76 -29.86 -47.55 338.43 285.74 50.85 0.20
0.00 9015.62
304.30 -31.66 -33.19 -47.65 339.98 285.17 57.17 0.20
0.00 9526.17
284.00 -35.66 -36.81 -50.61 340.84 280.42 61.23 0.20
0.00 10010.20
265.80 -39.06 -39.98 -54.29 342.22 274.93 61.03 0.20
0.00 10467.34
248.80 -42.66 -43.39 -59.58 343.21 276.54 61.40 0.20
0.00 10916.77
233.60 -45.96 -46.51 -61.80 344.40 278.23 62.41 0.20
0.00 11339.05
219.60 -49.16 -49.57 -64.44 345.55 277.34 63.85 0.20
0.00 11747.16
205.60 -52.66 -52.96 -67.89 346.57 274.92 63.36 0.20
0.00 12175.70
191.70 -56.56 -56.75 -68.39 347.32 272.87 62.04 0.10
0.00 12623.50
177.70 -60.36 -60.50 -73.70 348.65 273.90 59.96 0.00
0.00 13100.08
163.80 -63.66 -63.75 -74.24 351.32 277.70 55.09 0.00
0.00 13603.47
149.80 -66.56 -66.62 -74.84 355.42 282.61 47.18 -0.10
0.00 14147.55
135.90 -69.96 -9999.00 -9999.00 -9999.00 284.41 35.90 -0.10
0.00 14731.59
121.90 -73.66 -9999.00 -9999.00 -9999.00 271.68 26.44 -0.10
0.00 15372.33
108.00 -75.16 -9999.00 -9999.00 -9999.00 252.31 23.66 0.00
0.00 16076.64
94.00 -74.66 -9999.00 -9999.00 -9999.00 262.71 16.84 0.00
0.00 16882.27
81.00 -72.66 -9999.00 -9999.00 -9999.00 249.86 6.22 0.00
0.00 17751.43
70.60 -70.96 -9999.00 -9999.00 -9999.00 174.09 5.67 0.00
0.00 18561.31
62.20 -71.06 -9999.00 -9999.00 -9999.00 14.83 6.84 0.00
0.00 19310.84
54.30 -68.86 -9999.00 -9999.00 -9999.00 360.00 2.53 0.00
0.00 20118.71
46.90 -65.56 -9999.00 -9999.00 -9999.00 354.14 7.61 0.00
0.00 21001.88
40.10 -63.06 -9999.00 -9999.00 -9999.00 28.50 7.73 0.00
0.00 21959.43
33.80 -60.06 -9999.00 -9999.00 -9999.00 32.35 6.90 0.00
0.00 23018.01
27.80 -55.96 -9999.00 -9999.00 -9999.00 46.22 6.45 0.00
0.00 24248.68
22.30 -53.26 -9999.00 -9999.00 -9999.00 224.09 8.66 0.00
0.00 25658.89
17.10 -48.36 -9999.00 -9999.00 -9999.00 233.13 20.40 0.00
0.00 27386.87
12.30 -41.96 -9999.00 -9999.00 -9999.00 222.96 34.77 0.00
0.00 29585.68

STID = KEYW STNM = 722010 TIME = 221027/0900 
SLAT = 24.55 SLON = -81.75 SELV = 0.0
STIM = 21

SHOW = 4.98 LIFT = 1.73 SWET = 132.23 KINX = 16.22
LCLP = 918.28 PWAT = 31.43 TOTL = 39.38 CAPE = 9.92
LCLT = 290.33 CINS = -306.31 EQLV = 413.84 LFCT = 480.40
BRCH = 1.88

PRES TMPC TMWC DWPC THTE DRCT SKNT OMEG
CFRL HGHT
1011.80 25.34 20.83 18.73 337.17 79.70 2.18 0.00
0.00 9.57
1008.80 25.14 20.71 18.63 337.10 79.70 2.18 0.00
0.00 35.72
1003.20 24.64 20.47 18.50 336.96 79.70 2.18 0.00
0.00 84.68
993.60 23.74 20.05 18.29 336.72 84.81 2.14 0.00
0.00 169.04
979.40 22.54 19.48 18.00 336.58 84.81 2.14 0.00
0.00 294.89
961.10 20.94 18.75 17.66 336.46 90.00 2.14 0.00
0.00 459.02
939.30 19.74 16.27 14.34 330.57 94.76 2.33 0.00
0.00 657.57
915.50 18.54 13.95 11.05 326.10 95.44 4.10 0.00
0.00 878.48
889.70 16.44 13.76 12.13 329.19 90.00 5.83 0.00
0.00 1123.08
860.70 14.74 11.82 9.90 327.20 41.01 5.92 0.00
0.00 1404.76
828.80 13.74 9.65 6.65 325.24 359.14 13.01 -0.10
0.00 1724.05
793.90 12.94 5.93 -0.97 319.71 16.36 18.63 -0.10
0.00 2086.13
756.00 12.44 3.23 -8.63 318.01 17.70 19.17 0.00
0.00 2496.29
715.20 10.74 2.34 -8.05 322.06 10.49 10.66 0.00
0.00 2959.48
671.20 6.94 2.85 -0.90 331.10 320.19 6.06 0.00
0.00 3484.89
624.20 3.94 -2.81 -12.99 324.72 306.53 6.53 0.00
0.00 4078.27
574.90 -0.16 -7.93 -30.27 321.78 306.03 7.93 0.00
0.00 4741.21
527.10 -5.16 -10.89 -26.06 324.97 284.38 7.83 0.10
0.00 5428.80
484.10 -9.86 -13.84 -24.11 328.03 272.60 12.84 0.10
0.00 6090.90
445.70 -14.46 -16.87 -23.12 330.72 278.05 19.42 0.10
0.00 6722.75
411.20 -18.16 -20.07 -25.82 332.90 273.20 27.82 0.10
0.00 7328.91
380.10 -20.96 -23.72 -37.55 334.06 276.89 35.61 0.10
0.00 7912.96
352.10 -24.26 -26.81 -44.41 336.25 283.91 42.02 0.20
0.00 8474.23
326.90 -27.86 -29.99 -48.74 338.21 285.98 50.12 0.30
0.00 9011.39
304.30 -31.76 -33.28 -47.65 339.84 286.08 58.22 0.40
0.00 9521.73
284.00 -35.76 -36.85 -49.36 340.78 282.57 62.49 0.40
0.00 10005.56
265.80 -39.46 -40.29 -52.61 341.72 276.54 61.40 0.30
0.00 10462.22
248.80 -42.86 -43.52 -56.89 343.00 275.60 61.67 0.20
0.00 10911.07
233.60 -46.06 -46.58 -60.07 344.29 276.95 62.63 0.20
0.00 11333.08
219.60 -49.36 -49.76 -64.44 345.24 279.61 64.02 0.20
0.00 11740.92
205.60 -52.96 -53.23 -64.93 346.14 281.24 64.76 0.20
0.00 12168.98
191.70 -56.76 -56.94 -68.39 347.00 277.35 62.28 0.20
0.00 12616.27
177.70 -60.36 -60.50 -73.70 348.65 273.70 57.23 0.10
0.00 13092.62
163.80 -63.56 -63.65 -74.24 351.49 276.05 51.57 0.00
0.00 13596.14
149.80 -66.66 -66.72 -74.84 355.25 281.64 46.21 -0.10
0.00 14140.22
135.90 -69.96 -9999.00 -9999.00 -9999.00 282.46 36.01 -0.10
0.00 14724.12
121.90 -73.86 -9999.00 -9999.00 -9999.00 268.25 25.47 -0.10
0.00 15364.53
108.00 -75.36 -9999.00 -9999.00 -9999.00 256.29 24.59 0.00
0.00 16068.13
94.00 -74.86 -9999.00 -9999.00 -9999.00 261.35 18.08 0.00
0.00 16872.95
81.00 -72.56 -9999.00 -9999.00 -9999.00 266.19 5.85 0.00
0.00 17741.90
70.60 -72.26 -9999.00 -9999.00 -9999.00 195.95 4.23 0.00
0.00 18549.36
62.20 -71.86 -9999.00 -9999.00 -9999.00 5.36 6.24 0.00
0.00 19295.00
54.30 -68.96 -9999.00 -9999.00 -9999.00 345.26 3.81 0.00
0.00 20101.08
46.90 -65.66 -9999.00 -9999.00 -9999.00 3.73 8.95 0.00
0.00 20983.82
40.10 -62.96 -9999.00 -9999.00 -9999.00 32.15 8.02 0.00
0.00 21941.37
33.80 -60.46 -9999.00 -9999.00 -9999.00 29.54 6.70 0.00
0.00 22999.19
27.80 -57.06 -9999.00 -9999.00 -9999.00 53.62 4.58 0.00
0.00 24225.58
22.30 -53.86 -9999.00 -9999.00 -9999.00 219.69 11.87 0.00
0.00 25630.30
17.10 -48.26 -9999.00 -9999.00 -9999.00 222.51 22.14 0.00
0.00 27356.34
12.30 -41.76 -9999.00 -9999.00 -9999.00 220.25 38.17 0.00
0.00 29556.59
STN YYMMDD/HHMM PMSL PRES SKTC STC1 SNFL WTNS
P01M C01M STC2 LCLD MCLD HCLD
SNRA UWND VWND R01M BFGR T2MS
Q2MS WXTS WXTP WXTZ WXTR USTM
VSTM HLCY SLLH WSYM CDBP VSBK
TD2M
722010 221026/1200 1013.60 1013.60 26.94 300.10 -9999.00 100.00
-9999.00 -9999.00 300.10 46.00 2.00 0.00
-9999.00 0.80 -1.40 -9999.00 -9999.00 25.24
16.41 0.00 0.00 0.00 0.00 2.60
-10.10 16.20 -9999.00 999.00 -9999.00 20.00
21.69
722010 221026/1300 1014.90 1014.90 26.94 300.10 0.00 100.00
0.00 0.00 300.10 13.00 2.00 0.00
-9999.00 -0.30 -1.10 -9999.00 -9999.00 25.44
15.59 0.00 0.00 0.00 0.00 2.20
-9.80 18.00 0.01 999.00 -9999.00 20.00
20.90
722010 221026/1400 1015.00 1015.00 26.94 300.10 0.00 100.00
0.00 0.00 300.10 14.00 13.00 0.00
-9999.00 -0.40 -1.50 -9999.00 -9999.00 25.44
15.32 0.00 0.00 0.00 0.00 2.40
-9.90 16.90 0.00 999.00 -9999.00 20.00
20.63
722010 221026/1500 1014.70 1014.70 26.94 300.10 0.00 100.00
0.00 0.00 300.10 7.00 51.00 0.00
-9999.00 -0.60 -1.10 -9999.00 -9999.00 25.44
15.11 0.00 0.00 0.00 0.00 2.50
-9.70 21.70 0.00 999.00 -9999.00 20.00
20.40
722010 221026/1600 1014.50 1014.50 26.94 300.10 0.00 100.00
0.00 0.00 300.10 5.00 1.00 0.00
-9999.00 0.00 -0.80 -9999.00 -9999.00 25.44
15.02 0.00 0.00 0.00 0.00 2.70
-9.70 21.40 0.00 999.00 -9999.00 20.00
20.31
722010 221026/1700 1013.50 1013.50 26.94 300.10 0.00 100.00
0.00 0.00 300.10 8.00 0.00 0.00
-9999.00 0.60 -1.20 -9999.00 -9999.00 25.44
15.01 0.00 0.00 0.00 0.00 2.90
-9.80 15.70 0.00 999.00 -9999.00 20.00
20.28
722010 221026/1800 1013.10 1013.10 26.94 300.10 0.00 100.00
0.00 0.00 300.10 7.00 0.00 0.00
-9999.00 0.50 -1.20 -9999.00 -9999.00 25.44
15.01 0.00 0.00 0.00 0.00 3.00
-9.80 21.00 0.00 999.00 -9999.00 20.00
20.27
722010 221026/1900 1012.00 1011.90 26.94 300.10 0.00 100.00
0.00 0.00 300.10 5.00 0.00 0.00
-9999.00 0.80 -1.30 -9999.00 -9999.00 25.34
15.00 0.00 0.00 0.00 0.00 3.80
-9.90 28.80 0.00 999.00 -9999.00 20.00
20.24
722010 221026/2000 1012.50 1012.50 26.94 300.10 0.00 100.00
0.00 0.00 300.10 5.00 0.00 0.00
-9999.00 1.00 -1.40 -9999.00 -9999.00 25.44
14.85 0.00 0.00 0.00 0.00 4.20
-10.00 27.90 0.00 999.00 -9999.00 20.00
20.09
722010 221026/2100 1012.00 1012.00 26.94 300.10 0.00 100.00
0.00 0.00 300.10 8.00 0.00 0.00
-9999.00 0.40 -1.40 -9999.00 -9999.00 25.34
14.76 0.00 0.00 0.00 0.00 3.20
-10.20 24.30 0.00 999.00 -9999.00 20.00
19.99
722010 221026/2200 1012.30 1012.30 26.94 300.10 0.00 100.00
0.00 0.00 300.10 5.00 4.00 0.00
-9999.00 0.30 -1.30 -9999.00 -9999.00 25.34
14.74 0.00 0.00 0.00 0.00 2.60
-10.60 26.40 0.00 999.00 -9999.00 20.00
19.97
722010 221026/2300 1013.40 1013.40 26.94 300.10 0.00 100.00
0.00 0.00 300.10 0.00 13.00 0.00
-9999.00 0.10 -1.40 -9999.00 -9999.00 25.34
14.73 0.00 0.00 0.00 0.00 3.10
-11.20 26.60 0.00 999.00 -9999.00 20.00
19.98
722010 221027/0000 1013.90 1013.90 26.94 300.10 0.00 100.00
0.00 0.00 300.10 0.00 19.00 0.00
-9999.00 -0.60 -1.50 -9999.00 -9999.00 25.34
14.77 0.00 0.00 0.00 0.00 2.90
-12.00 20.50 0.00 999.00 -9999.00 20.00
20.03
722010 221027/0100 1015.20 1015.10 26.94 300.10 0.00 100.00
0.00 0.00 300.10 0.00 0.00 0.00
-9999.00 -0.10 -0.90 -9999.00 -9999.00 25.34
14.67 0.00 0.00 0.00 0.00 2.40
-12.10 27.60 0.00 999.00 -9999.00 20.00
19.94
722010 221027/0200 1014.10 1014.10 26.94 300.10 0.00 100.00
0.00 0.00 300.10 0.00 0.00 0.00
-9999.00 0.60 -0.40 -9999.00 -9999.00 25.24
14.57 0.00 0.00 0.00 0.00 2.10
-12.10 29.90 0.00 999.00 -9999.00 20.00
19.82
722010 221027/0300 1014.60 1014.60 26.94 300.10 0.00 100.00
0.00 0.00 300.10 0.00 0.00 0.00
-9999.00 0.60 -0.40 -9999.00 -9999.00 25.34
14.51 0.00 0.00 0.00 0.00 1.10
-12.00 18.20 0.00 999.00 -9999.00 20.00
19.76
722010 221027/0400 1013.50 1013.40 26.94 300.10 0.00 100.00
0.00 0.00 300.10 0.00 0.00 0.00
-9999.00 0.70 -0.60 -9999.00 -9999.00 25.24
14.58 0.00 0.00 0.00 0.00 1.30
-11.80 23.50 0.00 999.00 -9999.00 20.00
19.82
722010 221027/0500 1013.60 1013.60 26.94 300.10 0.00 100.00
0.00 0.00 300.10 1.00 0.00 0.00
-9999.00 -0.10 -0.70 -9999.00 -9999.00 25.14
14.67 0.00 0.00 0.00 0.00 0.60
-11.70 23.00 0.00 999.00 -9999.00 20.00
19.92
722010 221027/0600 1013.10 1013.00 26.94 300.10 0.00 100.00
0.00 0.00 300.10 2.00 0.00 0.00
-9999.00 -1.10 -0.60 -9999.00 -9999.00 25.24
14.24 0.00 0.00 0.00 0.00 -0.20
-11.50 9.80 0.00 999.00 -9999.00 20.00
19.44
722010 221027/0700 1012.50 1012.50 26.94 300.10 0.00 100.00
0.00 0.00 300.10 1.00 0.00 0.00
-9999.00 -1.60 -0.40 -9999.00 -9999.00 25.24
14.10 0.00 0.00 0.00 0.00 -0.30
-11.20 -6.30 0.00 999.00 -9999.00 20.00
19.28
722010 221027/0800 1012.90 1012.90 26.94 300.10 0.00 100.00
0.00 0.00 300.10 0.00 0.00 0.00
-9999.00 -1.80 -0.10 -9999.00 -9999.00 25.24
14.06 0.00 0.00 0.00 0.00 -0.90
-10.70 -18.90 0.00 999.00 -9999.00 20.00
19.24
722010 221027/0900 1013.00 1012.90 26.94 300.10 0.00 100.00
0.00 0.00 300.10 0.00 0.00 0.00
-9999.00 -1.10 -0.10 -9999.00 -9999.00 25.24
14.00 0.00 0.00 0.00 0.00 -0.80
-10.60 -12.20 0.00 999.00 -9999.00 20.00
19.17


