
SNPARM = PRES;TMPC;TMWC;DWPC;THTE;DRCT;SKNT;OMEG;CFRL;HGHT 
STNPRM = SHOW;LIFT;SWET;KINX;LCLP;PWAT;TOTL;CAPE;LCLT;CINS;EQLV;LFCT;BRCH 

STID = KEWB STNM = 725065 TIME = 221026/1200 
SLAT = 41.68 SLON = -70.97 SELV = 20.0
STIM = 0

SHOW = 0.26 LIFT = -0.87 SWET = 184.65 KINX = 33.95
LCLP = 1004.41 PWAT = 47.67 TOTL = 46.48 CAPE = 66.67
LCLT = 291.39 CINS = -42.75 EQLV = 412.76 LFCT = 738.56
BRCH = 8.66

PRES TMPC TMWC DWPC THTE DRCT SKNT OMEG
CFRL HGHT
1008.00 18.54 18.43 18.30 328.68 18.43 3.69 0.00
100.00 29.39
1005.00 18.64 18.54 18.42 329.48 15.71 6.45 0.00
100.00 55.04
999.50 18.64 18.54 18.43 330.25 31.37 9.32 -0.10
100.00 102.29
989.90 18.34 18.22 18.10 330.41 62.59 11.81 -0.20
100.00 185.35
975.80 19.34 19.23 19.11 336.13 90.00 13.60 -0.30
100.00 308.99
957.60 18.64 18.58 18.48 336.30 98.49 13.15 -0.30
93.00 471.37
936.00 17.44 17.38 17.28 335.00 99.95 11.25 -0.30
29.00 667.45
912.20 16.74 16.67 16.58 335.99 90.00 9.13 -0.10
0.00 888.01
886.60 15.54 15.45 15.35 335.47 82.72 9.21 -0.20
0.00 1130.91
857.90 14.54 13.08 12.18 331.67 91.15 9.71 -0.20
0.00 1410.42
826.20 12.84 11.76 11.06 332.20 102.99 10.37 -0.40
0.00 1728.50
791.40 10.74 9.98 9.45 332.00 111.80 11.50 -0.50
0.00 2089.54
753.70 8.64 7.35 6.39 330.06 121.43 12.30 -0.50
0.00 2495.77
713.00 5.84 4.12 2.64 327.53 125.54 10.02 -0.40
0.00 2953.40
669.30 3.24 3.20 3.13 332.46 128.33 10.64 -0.30
100.00 3469.64
622.60 -0.06 -0.10 -0.17 332.05 124.46 12.02 -0.10
100.00 4053.65
573.50 -3.86 -5.02 -6.45 329.17 125.87 15.58 0.00
71.00 4707.75
525.90 -7.66 -8.90 -10.75 329.79 143.57 20.28 0.00
53.00 5387.44
483.20 -11.96 -12.70 -13.99 330.73 146.18 23.39 0.10
3.00 6041.36
445.00 -15.96 -16.93 -19.13 330.82 146.19 24.79 0.10
1.00 6667.05
410.70 -19.86 -20.78 -23.39 331.74 141.18 31.92 0.10
3.00 7266.94
379.70 -23.86 -24.76 -28.11 332.46 146.40 35.45 -0.10
2.00 7844.64
351.80 -27.66 -28.69 -33.93 333.25 156.50 38.97 -0.10
0.00 8397.57
326.80 -32.16 -33.07 -39.78 333.19 161.64 46.25 0.00
0.00 8922.57
304.20 -36.26 -36.91 -43.10 333.96 166.79 55.26 0.00
0.00 9423.89
284.00 -39.76 -40.21 -45.55 335.35 167.79 65.19 0.10
0.00 9896.90
265.80 -43.56 -43.86 -48.34 336.00 162.03 68.01 0.10
4.00 10345.73
248.90 -47.76 -47.94 -51.74 335.90 153.21 66.38 0.00
80.00 10783.22
233.60 -51.66 -51.78 -55.36 335.96 151.01 67.73 0.00
96.00 11198.17
219.60 -55.06 -55.16 -59.12 336.58 157.54 71.68 -0.10
0.00 11595.80
205.70 -55.36 -55.54 -64.93 342.32 162.88 53.46 -0.10
0.00 12012.96
191.70 -55.76 -56.00 -73.19 348.55 165.50 34.91 0.00
0.00 12461.91
177.80 -57.16 -57.38 -73.70 353.84 167.47 21.48 0.00
0.00 12939.35
163.80 -59.06 -9999.00 -9999.00 -9999.00 173.99 18.55 0.00
0.00 13455.58
149.80 -61.26 -9999.00 -9999.00 -9999.00 180.63 17.68 0.00
0.00 14012.61
135.90 -63.46 -9999.00 -9999.00 -9999.00 182.77 12.06 0.00
0.00 14613.47
121.90 -65.56 -9999.00 -9999.00 -9999.00 167.91 8.35 0.00
0.00 15277.43
108.00 -66.46 -9999.00 -9999.00 -9999.00 161.90 10.63 0.00
0.00 16011.51
94.00 -66.26 -9999.00 -9999.00 -9999.00 174.21 13.48 0.00
0.00 16851.89
81.00 -66.26 -9999.00 -9999.00 -9999.00 182.12 10.49 0.00
0.00 17753.29
70.60 -66.56 -9999.00 -9999.00 -9999.00 186.84 4.90 0.00
0.00 18584.89
62.20 -66.46 -9999.00 -9999.00 -9999.00 218.66 2.49 0.00
0.00 19351.11
54.30 -66.16 -9999.00 -9999.00 -9999.00 284.04 3.21 0.00
0.00 20173.49
46.90 -65.46 -9999.00 -9999.00 -9999.00 342.90 5.28 0.00
0.00 21062.66
40.10 -64.16 -9999.00 -9999.00 -9999.00 24.68 7.91 0.00
0.00 22017.92
33.80 -62.96 -9999.00 -9999.00 -9999.00 21.04 10.82 0.00
0.00 23066.49
27.80 -60.36 -9999.00 -9999.00 -9999.00 20.07 10.76 0.00
0.00 24276.29
22.30 -57.26 -9999.00 -9999.00 -9999.00 30.11 11.23 0.00
0.00 25659.39
17.10 -55.36 -9999.00 -9999.00 -9999.00 7.52 10.39 0.00
0.00 27344.63
12.30 -54.26 -9999.00 -9999.00 -9999.00 292.52 17.25 0.00
0.00 29450.37

STID = KEWB STNM = 725065 TIME = 221026/1300 
SLAT = 41.68 SLON = -70.97 SELV = 20.0
STIM = 1

SHOW = -0.46 LIFT = -0.90 SWET = 183.59 KINX = 35.43
LCLP = 1004.16 PWAT = 49.82 TOTL = 47.18 CAPE = 41.95
LCLT = 291.33 CINS = -75.92 EQLV = 411.93 LFCT = 688.01
BRCH = 4.47

PRES TMPC TMWC DWPC THTE DRCT SKNT OMEG
CFRL HGHT
1007.30 18.44 18.35 18.23 328.49 352.87 3.13 0.00
33.00 27.68
1004.20 18.44 18.34 18.22 328.88 355.03 4.49 0.00
96.00 54.20
998.70 18.44 18.35 18.24 329.67 2.20 5.05 0.10
100.00 101.45
989.20 18.54 18.44 18.33 331.30 46.64 4.82 0.10
100.00 183.70
975.10 19.04 18.91 18.79 335.04 99.16 6.10 0.10
100.00 307.41
956.90 18.54 18.43 18.32 335.87 110.14 6.22 0.20
95.00 469.78
935.30 17.64 17.58 17.48 335.84 105.26 4.43 0.30
94.00 666.03
911.60 17.04 16.89 16.76 336.88 72.90 2.64 0.40
90.00 886.04
885.90 15.74 15.45 15.24 335.56 54.46 3.34 0.40
89.00 1130.28
857.20 14.34 13.58 13.10 333.45 90.00 3.69 0.30
82.00 1410.06
825.50 13.04 12.06 11.43 333.29 125.13 6.41 0.30
3.00 1728.50
790.80 11.24 10.20 9.50 332.79 131.63 9.36 0.40
1.00 2089.26
753.20 9.04 7.75 6.81 331.32 136.47 10.72 0.30
0.00 2495.39
712.50 6.34 5.18 4.25 330.57 140.06 10.90 0.10
0.00 2954.20
668.90 3.14 3.08 2.98 332.18 132.66 13.48 -0.30
100.00 3470.08
622.30 -0.06 -0.08 -0.13 332.16 118.99 16.43 -0.70
100.00 4053.04
573.20 -3.66 -3.71 -3.80 332.34 119.74 18.78 -1.10
100.00 4707.90
525.70 -7.66 -7.69 -7.77 332.53 133.13 21.02 -1.30
100.00 5387.08
483.00 -11.96 -12.08 -12.29 332.06 135.33 23.76 -1.10
100.00 6041.51
444.90 -16.26 -16.66 -17.52 331.38 133.84 27.19 -0.80
100.00 6665.54
410.60 -20.06 -20.49 -21.62 332.32 134.04 32.69 -0.50
100.00 7265.07
379.60 -24.26 -24.64 -25.95 332.72 145.22 34.05 -0.60
100.00 7842.31
351.80 -28.56 -28.96 -30.78 332.82 166.74 41.51 -0.90
100.00 8391.95
326.80 -32.36 -32.67 -34.51 333.87 167.17 55.98 -1.10
100.00 8915.85
304.20 -35.56 -35.87 -38.15 335.66 162.33 64.63 -1.10
100.00 9417.76
284.00 -38.86 -39.15 -41.92 337.07 158.56 68.03 -1.00
100.00 9892.41
265.80 -42.56 -42.82 -46.15 337.66 153.36 68.45 -0.70
100.00 10343.11
248.90 -46.86 -47.05 -50.51 337.32 146.17 68.05 -0.30
100.00 10782.44
233.60 -51.06 -51.21 -55.36 336.88 142.87 69.19 0.10
98.00 11198.79
219.60 -54.66 -54.77 -59.12 337.19 145.95 69.39 0.30
0.00 11597.32
205.70 -56.96 -57.07 -62.77 339.85 157.08 62.84 0.20
0.00 12013.33
191.70 -55.76 -56.00 -73.19 348.55 170.94 40.71 0.00
0.00 12460.63
177.80 -56.86 -57.08 -73.70 354.33 175.20 25.54 -0.10
0.00 12938.40
163.80 -58.96 -9999.00 -9999.00 -9999.00 184.44 20.07 -0.10
0.00 13455.12
149.80 -61.26 -9999.00 -9999.00 -9999.00 189.46 16.55 -0.10
0.00 14012.27
135.90 -63.06 -9999.00 -9999.00 -9999.00 177.75 9.91 -0.10
0.00 14613.70
121.90 -65.16 -9999.00 -9999.00 -9999.00 165.62 7.83 -0.10
0.00 15278.93
108.00 -66.76 -9999.00 -9999.00 -9999.00 173.88 10.94 0.00
0.00 16013.19
94.00 -67.36 -9999.00 -9999.00 -9999.00 180.80 13.99 0.00
0.00 16850.73
81.00 -67.26 -9999.00 -9999.00 -9999.00 176.19 11.67 0.10
0.00 17747.56
70.60 -66.66 -9999.00 -9999.00 -9999.00 169.38 6.33 0.10
0.00 18576.94
62.20 -65.96 -9999.00 -9999.00 -9999.00 187.13 3.13 0.00
0.00 19343.90
54.30 -65.66 -9999.00 -9999.00 -9999.00 306.87 1.94 0.00
0.00 20168.27
46.90 -65.16 -9999.00 -9999.00 -9999.00 4.64 7.21 0.00
0.00 21059.16
40.10 -63.96 -9999.00 -9999.00 -9999.00 18.43 9.21 0.00
0.00 22015.57
33.80 -62.46 -9999.00 -9999.00 -9999.00 18.12 11.25 0.00
0.00 23065.88
27.80 -60.56 -9999.00 -9999.00 -9999.00 27.00 11.56 0.00
0.00 24276.54
22.30 -58.36 -9999.00 -9999.00 -9999.00 35.66 10.99 0.00
0.00 25655.45
17.10 -56.36 -9999.00 -9999.00 -9999.00 12.65 9.75 0.00
0.00 27332.53
12.30 -54.96 -9999.00 -9999.00 -9999.00 310.19 14.74 0.00
0.00 29430.07

STID = KEWB STNM = 725065 TIME = 221026/1400 
SLAT = 41.68 SLON = -70.97 SELV = 20.0
STIM = 2

SHOW = 0.01 LIFT = -0.17 SWET = 183.55 KINX = 34.89
LCLP = 1003.47 PWAT = 49.65 TOTL = 46.16 CAPE = 14.04
LCLT = 291.58 CINS = -108.70 EQLV = 609.24 LFCT = 694.59
BRCH = 1.61

PRES TMPC TMWC DWPC THTE DRCT SKNT OMEG
CFRL HGHT
1007.20 18.74 18.62 18.49 329.47 15.52 3.63 0.00
0.00 28.55
1004.10 18.54 18.44 18.32 329.25 21.04 5.42 0.00
46.00 55.09
998.60 18.44 18.38 18.28 329.78 27.35 6.33 0.00
84.00 102.35
989.00 18.64 18.52 18.40 331.62 48.50 6.74 0.10
90.00 185.50
974.90 18.84 18.72 18.59 334.32 81.12 6.29 0.20
91.00 309.21
956.80 18.34 18.27 18.17 335.26 84.29 5.85 0.30
91.00 470.58
935.10 17.84 17.65 17.49 336.14 56.89 5.34 0.50
88.00 667.77
911.40 17.04 16.60 16.33 335.86 34.11 7.26 0.60
84.00 887.87
885.80 15.64 15.05 14.68 334.16 35.71 7.65 0.60
76.00 1131.11
857.10 14.44 13.66 13.17 333.74 65.56 4.70 0.60
32.00 1410.89
825.40 13.24 12.20 11.54 333.77 123.11 5.34 0.60
2.00 1729.54
790.80 11.84 10.39 9.45 333.42 130.91 7.71 0.70
0.00 2089.80
753.10 9.94 8.14 6.86 332.50 120.53 8.80 1.00
0.00 2498.11
712.50 6.54 5.32 4.35 330.96 116.57 10.86 1.20
0.00 2956.73
668.80 2.44 2.27 2.08 330.01 121.24 13.85 0.90
69.00 3473.31
622.30 0.14 0.02 -0.13 332.41 122.22 16.76 0.10
60.00 4054.45
573.20 -3.36 -3.41 -3.49 333.09 125.81 18.92 -0.70
71.00 4709.94
525.70 -7.16 -7.22 -7.33 333.61 134.20 19.77 -1.10
95.00 5390.19
483.00 -11.26 -11.50 -11.89 333.29 133.92 21.85 -0.90
87.00 6046.15
444.90 -15.36 -15.83 -16.78 333.01 132.14 27.51 -0.60
78.00 6672.16
410.60 -19.46 -20.02 -21.48 333.18 138.60 34.97 -0.40
80.00 7273.48
379.60 -24.36 -24.86 -26.60 332.34 161.75 37.22 -0.60
100.00 7851.29
351.80 -28.16 -28.57 -30.41 333.47 166.53 47.53 -1.10
100.00 8401.26
326.70 -31.36 -31.73 -33.74 335.47 153.88 55.59 -1.30
100.00 8928.86
304.20 -34.96 -35.28 -37.54 336.62 146.26 59.11 -1.20
100.00 9430.31
284.00 -39.06 -39.33 -41.92 336.78 145.28 60.02 -1.10
100.00 9905.37
265.80 -43.16 -43.37 -46.15 336.78 143.66 59.32 -1.00
99.00 10355.30
248.90 -47.36 -47.52 -50.51 336.58 140.52 57.13 -0.60
100.00 10793.56
233.60 -51.36 -51.47 -54.49 336.46 139.16 54.95 -0.20
99.00 11209.17
219.60 -54.66 -54.77 -59.12 337.19 146.09 56.41 0.00
0.00 11607.44
205.70 -56.76 -56.88 -62.77 340.16 155.76 53.48 0.00
0.00 12023.63
191.70 -56.66 -56.87 -73.19 347.11 175.39 41.12 0.00
0.00 12470.21
177.80 -57.66 -57.86 -73.70 353.02 186.69 31.68 0.00
0.00 12946.11
163.80 -59.66 -9999.00 -9999.00 -9999.00 190.76 23.93 0.00
0.00 13461.03
149.80 -61.76 -9999.00 -9999.00 -9999.00 190.97 19.39 0.00
0.00 14016.61
135.90 -63.36 -9999.00 -9999.00 -9999.00 177.71 14.59 -0.10
0.00 14616.90
121.90 -65.46 -9999.00 -9999.00 -9999.00 172.67 13.71 0.00
0.00 15281.18
108.00 -67.06 -9999.00 -9999.00 -9999.00 174.87 15.21 0.00
0.00 16014.37
94.00 -67.16 -9999.00 -9999.00 -9999.00 174.74 14.82 0.10
0.00 16851.71
81.00 -66.36 -9999.00 -9999.00 -9999.00 167.83 10.14 0.10
0.00 17750.93
70.60 -65.96 -9999.00 -9999.00 -9999.00 157.17 4.00 0.00
0.00 18583.54
62.20 -65.76 -9999.00 -9999.00 -9999.00 180.00 0.58 0.00
0.00 19352.16
54.30 -65.86 -9999.00 -9999.00 -9999.00 8.53 3.92 0.00
0.00 20176.54
46.90 -65.16 -9999.00 -9999.00 -9999.00 18.03 8.78 0.00
0.00 21066.99
40.10 -63.06 -9999.00 -9999.00 -9999.00 28.39 8.18 0.00
0.00 22025.46
33.80 -61.66 -9999.00 -9999.00 -9999.00 41.19 8.26 0.00
0.00 23080.03
27.80 -60.76 -9999.00 -9999.00 -9999.00 52.88 9.01 0.00
0.00 24292.41
22.30 -59.26 -9999.00 -9999.00 -9999.00 38.66 9.95 0.00
0.00 25667.77
17.10 -56.46 -9999.00 -9999.00 -9999.00 10.41 9.67 0.00
0.00 27340.96
12.30 -54.66 -9999.00 -9999.00 -9999.00 305.54 10.02 0.00
0.00 29439.47

STID = KEWB STNM = 725065 TIME = 221026/1500 
SLAT = 41.68 SLON = -70.97 SELV = 20.0
STIM = 3

SHOW = -0.54 LIFT = -0.32 SWET = 183.16 KINX = 35.40
LCLP = 998.77 PWAT = 50.11 TOTL = 47.00 CAPE = 6.88
LCLT = 291.82 CINS = -88.60 EQLV = 603.10 LFCT = 683.54
BRCH = 0.70

PRES TMPC TMWC DWPC THTE DRCT SKNT OMEG
CFRL HGHT
1006.80 19.34 19.02 18.80 330.98 8.75 2.56 0.00
0.00 28.57
1003.80 19.04 18.87 18.72 330.84 9.46 3.54 0.00
0.00 54.32
998.30 18.64 18.54 18.42 330.39 13.39 4.20 -0.10
34.00 101.66
988.70 18.54 18.42 18.29 331.27 29.25 5.57 -0.10
90.00 184.85
974.60 18.54 18.44 18.33 333.35 55.01 4.74 -0.20
100.00 308.49
956.50 18.24 18.11 17.99 334.73 67.62 3.57 -0.40
100.00 469.79
934.80 17.54 17.47 17.37 335.52 35.22 4.04 -0.30
100.00 666.89
911.20 16.44 16.37 16.27 335.02 24.57 7.48 -0.20
58.00 885.78
885.50 15.34 14.95 14.69 333.87 32.15 8.02 0.10
26.00 1129.65
856.80 14.34 13.77 13.40 334.17 54.16 4.31 0.10
10.00 1409.35
825.20 12.84 12.34 12.01 334.30 145.30 3.07 0.00
12.00 1726.86
790.50 11.24 10.64 10.22 334.24 160.35 5.77 0.00
11.00 2087.73
752.80 9.54 8.42 7.64 333.44 141.34 6.22 0.30
0.00 2495.59
712.20 6.54 5.40 4.49 331.23 135.00 8.51 0.60
0.00 2954.15
668.60 2.84 2.52 2.22 330.73 150.14 12.10 0.60
19.00 3470.13
622.10 -0.06 -0.07 -0.12 332.21 150.07 14.80 0.10
93.00 4051.68
573.00 -3.36 -3.38 -3.44 333.19 143.67 16.39 -0.30
100.00 4707.15
525.60 -7.46 -7.50 -7.58 333.00 140.81 16.30 -0.50
100.00 5385.76
482.90 -11.66 -11.91 -12.33 332.44 137.26 20.90 -0.30
86.00 6040.95
444.80 -15.56 -15.95 -16.73 332.81 151.05 31.29 -0.30
94.00 6666.34
410.60 -19.96 -20.49 -21.90 332.32 165.68 38.50 -0.50
100.00 7265.15
379.60 -23.86 -24.26 -25.60 333.39 161.07 42.50 -0.70
100.00 7842.97
351.70 -26.96 -27.34 -28.83 335.63 144.52 46.52 -0.70
100.00 8396.94
326.70 -31.16 -31.48 -33.15 335.89 141.10 50.43 -0.50
100.00 8924.05
304.20 -35.76 -36.09 -38.57 335.30 146.14 54.74 -0.30
100.00 9424.88
283.90 -39.76 -40.08 -43.42 335.62 147.97 59.34 -0.10
74.00 9900.84
265.80 -43.86 -44.09 -47.40 335.64 145.74 59.69 0.00
79.00 10347.01
248.90 -47.66 -47.87 -52.42 336.01 143.90 60.33 0.10
41.00 10784.31
233.60 -50.86 -51.07 -57.40 337.10 146.82 60.33 0.10
34.00 11200.10
219.60 -53.36 -53.51 -59.12 339.20 150.42 59.42 0.00
0.00 11599.99
205.70 -55.36 -55.52 -62.77 342.37 154.17 47.26 -0.10
0.00 12018.77
191.70 -57.16 -57.33 -68.39 346.35 169.80 37.30 -0.10
0.00 12466.28
177.80 -58.76 -58.93 -73.70 351.21 184.97 31.39 0.00
0.00 12940.41
163.80 -60.36 -9999.00 -9999.00 -9999.00 189.26 26.57 0.00
0.00 13453.17
149.80 -61.86 -9999.00 -9999.00 -9999.00 192.96 22.53 0.10
0.00 14007.71
135.90 -63.16 -9999.00 -9999.00 -9999.00 189.46 16.55 0.00
0.00 14608.14
121.90 -64.96 -9999.00 -9999.00 -9999.00 179.17 13.40 0.00
0.00 15273.53
108.00 -65.96 -9999.00 -9999.00 -9999.00 171.66 14.72 0.00
0.00 16009.56
94.00 -66.36 -9999.00 -9999.00 -9999.00 170.54 15.37 -0.10
0.00 16850.75
81.00 -67.16 -9999.00 -9999.00 -9999.00 170.69 12.00 0.00
0.00 17749.98
70.60 -67.36 -9999.00 -9999.00 -9999.00 158.84 6.45 0.00
0.00 18578.16
62.20 -66.36 -9999.00 -9999.00 -9999.00 98.53 3.92 0.00
0.00 19343.07
54.30 -65.66 -9999.00 -9999.00 -9999.00 54.25 5.98 0.00
0.00 20166.65
46.90 -64.76 -9999.00 -9999.00 -9999.00 39.04 9.25 0.00
0.00 21058.39
40.10 -63.36 -9999.00 -9999.00 -9999.00 34.05 8.68 0.00
0.00 22017.10
33.80 -62.36 -9999.00 -9999.00 -9999.00 32.83 7.17 0.00
0.00 23069.16
27.80 -60.86 -9999.00 -9999.00 -9999.00 51.07 6.49 0.00
0.00 24279.25
22.30 -58.86 -9999.00 -9999.00 -9999.00 42.71 6.88 0.00
0.00 25655.58
17.10 -56.56 -9999.00 -9999.00 -9999.00 13.13 5.98 0.00
0.00 27329.93
12.30 -55.16 -9999.00 -9999.00 -9999.00 295.20 3.65 0.00
0.00 29425.54

STID = KEWB STNM = 725065 TIME = 221026/1600 
SLAT = 41.68 SLON = -70.97 SELV = 20.0
STIM = 4

SHOW = -0.55 LIFT = -0.07 SWET = 179.01 KINX = 35.73
LCLP = 999.01 PWAT = 49.57 TOTL = 47.09 CAPE = 0.00
LCLT = 291.91 CINS = 0.00 EQLV = -9999.00 LFCT = -9999.00
BRCH = 0.00

PRES TMPC TMWC DWPC THTE DRCT SKNT OMEG
CFRL HGHT
1006.00 19.34 19.07 18.87 331.27 327.99 3.67 0.00
0.00 27.72
1002.90 19.04 18.90 18.76 331.07 329.42 4.97 0.00
0.00 54.35
997.40 18.64 18.54 18.43 330.54 331.70 5.73 0.10
15.00 101.73
987.80 18.34 18.26 18.16 330.85 343.81 6.27 0.10
100.00 184.97
973.70 18.34 18.25 18.14 332.76 354.47 6.04 0.10
100.00 308.63
955.60 18.04 17.92 17.79 334.13 339.78 3.92 0.20
100.00 469.96
934.00 17.34 17.28 17.18 334.93 328.24 4.80 0.30
100.00 666.17
910.30 16.44 16.33 16.22 335.04 344.29 6.45 0.50
89.00 886.10
884.70 15.94 15.12 14.63 334.57 2.12 5.24 0.50
15.00 1129.50
856.10 14.74 13.79 13.22 334.36 345.96 0.80 0.40
2.00 1408.93
824.40 12.94 12.36 11.98 334.48 204.23 4.25 0.20
5.00 1728.00
789.80 10.74 10.66 10.56 334.43 191.63 6.74 -0.10
42.00 2087.94
752.20 8.84 8.64 8.46 334.20 166.43 5.79 -0.30
29.00 2494.29
711.60 6.54 5.72 5.07 332.26 142.13 6.64 -0.20
3.00 2952.77
668.10 3.44 2.58 1.81 330.96 170.75 8.47 0.00
1.00 3468.55
621.60 0.44 -0.28 -0.98 331.78 175.53 12.47 0.10
43.00 4051.62
572.70 -3.16 -3.46 -3.81 333.05 158.20 15.70 0.10
77.00 4705.60
525.30 -7.46 -8.13 -9.07 331.62 147.72 17.46 0.20
67.00 5384.71
482.70 -11.56 -12.27 -13.47 331.73 156.35 25.66 0.20
36.00 6038.67
444.60 -15.06 -15.50 -16.38 333.73 154.31 34.05 0.10
75.00 6665.02
410.40 -19.36 -19.88 -21.22 333.49 152.52 37.88 0.00
98.00 7265.43
379.50 -23.76 -24.27 -25.96 333.41 148.53 41.69 -0.10
100.00 7842.41
351.70 -28.26 -28.61 -30.17 333.43 150.92 45.57 -0.20
100.00 8393.11
326.70 -32.16 -32.61 -35.35 333.99 152.20 48.31 -0.30
79.00 8917.69
304.10 -35.46 -36.23 -43.44 335.08 147.34 50.76 -0.40
41.00 9420.04
283.90 -39.26 -39.97 -49.97 335.75 139.87 53.34 -0.40
8.00 9894.50
265.70 -43.36 -43.84 -52.61 336.05 139.51 54.16 -0.30
25.00 10344.15
248.80 -47.36 -47.66 -54.84 336.37 138.74 54.78 -0.10
0.00 10782.37
233.60 -50.86 -51.07 -57.40 337.10 137.69 55.69 -0.10
0.00 11195.80
219.60 -53.76 -53.90 -59.12 338.58 142.28 55.24 0.00
0.00 11595.33
205.70 -54.96 -55.13 -62.77 342.99 163.57 43.94 0.00
0.00 12014.11
191.70 -56.56 -56.77 -73.19 347.27 182.41 32.26 0.00
0.00 12462.65
177.70 -58.46 -58.64 -73.70 351.76 193.66 28.79 0.10
0.00 12941.33
163.80 -60.06 -60.22 -74.24 357.36 198.43 27.64 0.10
0.00 13451.28
149.80 -61.16 -9999.00 -9999.00 -9999.00 200.34 24.03 0.10
0.00 14007.13
135.90 -62.26 -9999.00 -9999.00 -9999.00 195.14 17.11 0.00
0.00 14609.84
121.90 -64.46 -9999.00 -9999.00 -9999.00 173.83 14.45 0.00
0.00 15277.46
108.00 -66.16 -9999.00 -9999.00 -9999.00 173.73 17.77 0.00
0.00 16014.02
94.00 -66.96 -9999.00 -9999.00 -9999.00 183.81 17.52 0.00
0.00 16853.59
81.00 -67.16 -9999.00 -9999.00 -9999.00 189.46 11.81 0.00
0.00 17751.51
70.60 -66.16 -9999.00 -9999.00 -9999.00 166.43 5.79 0.00
0.00 18582.10
62.20 -65.16 -9999.00 -9999.00 -9999.00 116.57 3.05 0.00
0.00 19351.47
54.30 -64.96 -9999.00 -9999.00 -9999.00 36.87 1.94 0.00
0.00 20178.83
46.90 -64.86 -9999.00 -9999.00 -9999.00 39.29 5.52 0.00
0.00 21071.86
40.10 -63.86 -9999.00 -9999.00 -9999.00 39.61 7.30 0.00
0.00 22029.18
33.80 -62.96 -9999.00 -9999.00 -9999.00 38.33 10.64 0.00
0.00 23078.50
27.80 -61.66 -9999.00 -9999.00 -9999.00 47.94 10.72 0.00
0.00 24284.58
22.30 -58.56 -9999.00 -9999.00 -9999.00 33.23 6.74 0.00
0.00 25659.29
17.10 -55.66 -9999.00 -9999.00 -9999.00 324.69 5.71 0.00
0.00 27338.31
12.30 -54.96 -9999.00 -9999.00 -9999.00 262.41 8.82 0.00
0.00 29439.23

STID = KEWB STNM = 725065 TIME = 221026/1700 
SLAT = 41.68 SLON = -70.97 SELV = 20.0
STIM = 5

SHOW = -0.17 LIFT = 0.27 SWET = 188.08 KINX = 35.77
LCLP = 994.67 PWAT = 48.08 TOTL = 46.48 CAPE = 0.00
LCLT = 291.79 CINS = 0.00 EQLV = -9999.00 LFCT = -9999.00
BRCH = 0.00

PRES TMPC TMWC DWPC THTE DRCT SKNT OMEG
CFRL HGHT
1004.30 19.44 19.04 18.79 331.42 312.88 3.71 0.00
0.00 29.45
1001.30 19.14 18.86 18.66 331.16 311.99 5.23 0.10
0.00 55.27
995.80 18.64 18.52 18.40 330.68 312.40 6.04 0.10
0.00 102.74
986.30 18.14 18.06 17.95 330.31 313.83 6.74 0.10
100.00 185.21
972.20 18.14 18.04 17.93 332.22 318.37 7.01 0.10
100.00 308.96
954.10 17.94 17.86 17.75 334.12 304.16 6.57 0.10
99.00 470.45
932.50 17.24 17.18 17.08 334.79 302.91 7.87 0.10
100.00 666.90
908.90 16.64 16.21 15.93 334.79 321.34 7.46 0.20
39.00 886.27
883.40 16.14 15.07 14.45 334.60 326.31 4.90 0.20
5.00 1129.22
854.80 14.74 13.66 13.01 334.11 258.11 3.77 0.20
0.00 1409.15
823.20 12.74 12.18 11.80 334.05 237.99 7.32 0.10
5.00 1727.55
788.70 10.54 10.40 10.26 333.76 217.65 8.59 0.10
60.00 2086.67
751.20 8.34 8.30 8.23 333.33 192.99 7.77 0.10
95.00 2491.96
710.70 6.14 5.86 5.61 332.82 170.54 7.09 0.20
28.00 2949.19
667.30 3.54 2.01 0.62 329.58 198.03 8.78 0.10
0.00 3464.11
620.90 0.64 -1.55 -3.93 328.66 191.14 13.07 0.10
0.00 4046.62
572.20 -2.96 -4.04 -5.27 331.75 171.69 17.46 0.00
27.00 4698.74
524.90 -7.36 -8.27 -9.54 331.40 166.61 20.96 0.10
17.00 5377.22
482.40 -11.26 -12.02 -13.30 332.30 167.26 29.08 0.10
3.00 6030.57
444.40 -15.56 -15.96 -16.79 332.86 170.81 34.05 0.00
86.00 6655.36
410.20 -19.96 -20.51 -21.98 332.38 161.37 35.88 -0.20
91.00 7254.73
379.30 -24.46 -24.80 -25.96 332.52 154.19 39.70 -0.20
100.00 7830.50
351.60 -28.86 -29.02 -29.71 332.78 151.93 42.93 -0.10
100.00 8378.00
326.60 -32.46 -32.95 -36.07 333.46 150.75 44.52 0.00
93.00 8901.77
304.10 -35.96 -36.51 -41.28 334.64 148.62 45.51 0.10
5.00 9401.14
283.90 -39.76 -40.24 -45.95 335.35 147.55 44.89 0.20
0.00 9874.61
265.70 -43.66 -44.02 -49.95 335.77 147.21 44.83 0.10
5.00 10323.51
248.80 -47.46 -47.73 -53.96 336.27 150.02 46.64 0.10
0.00 10761.35
233.60 -50.16 -50.42 -58.63 338.12 157.13 48.48 0.10
0.00 11175.33
219.60 -51.86 -52.12 -62.27 341.43 163.51 41.72 0.10
0.00 11577.20
205.70 -53.26 -53.54 -67.88 345.58 181.50 29.74 0.10
0.00 11999.43
191.70 -54.96 -55.22 -73.19 349.83 195.41 31.43 0.00
0.00 12451.37
177.80 -57.66 -57.86 -73.70 353.02 200.22 31.47 0.00
0.00 12929.14
163.80 -60.06 -60.22 -74.24 357.36 204.00 29.14 0.00
0.00 13443.58
149.80 -61.76 -9999.00 -9999.00 -9999.00 202.21 25.17 0.00
0.00 13998.64
135.90 -62.96 -9999.00 -9999.00 -9999.00 194.04 18.41 -0.10
0.00 14599.50
121.90 -65.06 -9999.00 -9999.00 -9999.00 169.82 15.38 0.00
0.00 15265.05
108.00 -66.66 -9999.00 -9999.00 -9999.00 175.65 17.93 0.00
0.00 15999.66
94.00 -66.36 -9999.00 -9999.00 -9999.00 193.72 17.19 0.00
0.00 16839.43
81.00 -66.36 -9999.00 -9999.00 -9999.00 193.30 10.98 0.00
0.00 17740.40
70.60 -66.46 -9999.00 -9999.00 -9999.00 163.44 7.50 0.00
0.00 18572.00
62.20 -65.96 -9999.00 -9999.00 -9999.00 104.74 3.81 0.00
0.00 19339.33
54.30 -65.96 -9999.00 -9999.00 -9999.00 45.00 7.15 0.00
0.00 20163.10
46.90 -65.56 -9999.00 -9999.00 -9999.00 48.72 10.61 0.00
0.00 21052.49
40.10 -63.26 -9999.00 -9999.00 -9999.00 45.73 10.86 0.00
0.00 22009.58
33.80 -62.36 -9999.00 -9999.00 -9999.00 52.73 11.23 0.00
0.00 23061.90
27.80 -61.16 -9999.00 -9999.00 -9999.00 78.02 6.55 0.00
0.00 24271.13
22.30 -58.06 -9999.00 -9999.00 -9999.00 45.00 0.82 0.00
0.00 25649.07
17.10 -54.76 -9999.00 -9999.00 -9999.00 317.12 7.42 0.00
0.00 27333.53
12.30 -54.36 -9999.00 -9999.00 -9999.00 265.03 13.46 0.00
0.00 29441.68

STID = KEWB STNM = 725065 TIME = 221026/1800 
SLAT = 41.68 SLON = -70.97 SELV = 20.0
STIM = 6

SHOW = -0.58 LIFT = -0.52 SWET = 186.42 KINX = 32.98
LCLP = 991.66 PWAT = 43.05 TOTL = 47.66 CAPE = 2.18
LCLT = 291.75 CINS = -181.50 EQLV = 464.03 LFCT = 505.21
BRCH = 0.09

PRES TMPC TMWC DWPC THTE DRCT SKNT OMEG
CFRL HGHT
1002.90 19.54 19.07 18.78 331.70 319.09 3.85 0.00
0.00 29.47
999.90 19.24 18.87 18.62 331.37 316.55 5.09 0.10
0.00 55.33
994.40 18.74 18.62 18.49 331.21 317.86 5.50 0.10
0.00 102.89
984.90 18.14 18.06 17.96 330.53 317.49 6.33 0.10
100.00 185.48
970.80 18.04 17.93 17.81 332.01 317.20 7.15 0.20
77.00 309.40
952.80 18.04 17.97 17.87 334.73 308.00 7.89 0.30
56.00 470.21
931.20 17.24 17.12 17.00 334.78 313.15 8.53 0.40
91.00 666.98
907.60 17.14 16.18 15.64 334.90 332.10 7.48 0.40
14.00 886.82
882.10 16.44 14.88 13.99 334.13 309.09 4.00 0.40
1.00 1130.43
853.60 14.84 13.43 12.58 333.50 252.12 6.33 0.30
0.00 1409.92
822.10 12.84 11.78 11.10 332.91 241.19 8.88 0.30
3.00 1727.79
787.60 11.04 9.66 8.73 331.63 217.30 10.26 0.20
10.00 2087.63
750.20 9.04 7.30 6.01 330.47 205.20 10.96 0.10
45.00 2492.97
709.80 6.54 4.56 2.92 329.28 201.60 10.02 0.00
0.00 2950.20
666.50 3.74 0.36 -3.24 325.43 209.74 12.53 0.00
0.00 3464.67
620.30 0.74 -2.68 -6.90 325.99 197.24 17.70 0.10
0.00 4045.19
571.70 -3.06 -5.94 -9.98 327.36 186.65 20.14 0.10
0.00 4696.11
524.50 -7.76 -9.50 -12.27 328.77 173.77 21.50 0.10
0.00 5372.66
482.10 -12.26 -13.29 -15.21 329.75 181.68 26.44 0.10
0.00 6022.97
444.20 -16.06 -17.01 -19.15 330.87 175.68 30.98 0.10
73.00 6644.50
410.10 -20.46 -21.20 -23.33 331.13 163.74 33.99 0.10
74.00 7241.04
379.20 -24.56 -25.74 -30.77 330.88 161.18 36.11 0.10
78.00 7816.16
351.50 -28.06 -29.88 -44.88 331.23 164.41 34.69 0.10
63.00 8364.39
326.50 -31.86 -33.45 -53.56 332.57 167.93 31.59 0.10
43.00 8889.64
304.10 -35.86 -37.05 -56.52 333.68 171.22 29.29 0.20
0.00 9387.48
283.90 -39.66 -40.54 -58.54 334.81 175.17 30.01 0.20
0.00 9861.10
265.70 -43.16 -43.80 -59.06 336.09 178.64 32.63 0.10
0.00 10310.53
248.80 -46.06 -46.54 -59.58 338.14 186.82 35.99 0.00
0.00 10750.18
233.60 -48.36 -48.79 -63.98 340.71 197.61 34.03 0.00
0.00 11167.11
219.60 -50.86 -51.22 -67.41 342.88 208.91 29.74 0.00
0.00 11571.51
205.70 -53.46 -53.73 -67.88 345.26 205.45 26.67 0.00
0.00 11994.49
191.70 -55.36 -55.61 -73.19 349.19 196.55 27.97 0.00
0.00 12445.82
177.80 -57.26 -57.47 -73.70 353.67 199.63 29.49 0.00
0.00 12923.59
163.80 -59.76 -59.92 -74.24 357.86 204.32 28.77 0.00
0.00 13438.86
149.80 -62.26 -9999.00 -9999.00 -9999.00 197.74 25.49 -0.10
0.00 13993.67
135.90 -63.66 -9999.00 -9999.00 -9999.00 186.28 21.31 -0.10
0.00 14592.81
121.90 -65.36 -9999.00 -9999.00 -9999.00 166.12 17.81 0.00
0.00 15256.78
108.00 -66.56 -9999.00 -9999.00 -9999.00 171.62 18.65 0.00
0.00 15991.03
94.00 -65.76 -9999.00 -9999.00 -9999.00 183.87 14.41 0.00
0.00 16832.23
81.00 -65.96 -9999.00 -9999.00 -9999.00 163.89 9.09 0.00
0.00 17735.37
70.60 -66.16 -9999.00 -9999.00 -9999.00 154.03 8.43 0.00
0.00 18568.38
62.20 -65.46 -9999.00 -9999.00 -9999.00 113.63 3.40 0.00
0.00 19337.19
54.30 -65.86 -9999.00 -9999.00 -9999.00 63.43 4.35 0.00
0.00 20162.16
46.90 -65.86 -9999.00 -9999.00 -9999.00 69.86 6.22 0.00
0.00 21051.11
40.10 -64.46 -9999.00 -9999.00 -9999.00 72.41 8.35 0.00
0.00 22004.77
33.80 -63.46 -9999.00 -9999.00 -9999.00 77.47 8.95 0.00
0.00 23051.33
27.80 -61.76 -9999.00 -9999.00 -9999.00 77.66 6.37 0.00
0.00 24255.70
22.30 -58.56 -9999.00 -9999.00 -9999.00 45.00 5.23 0.00
0.00 25630.09
17.10 -54.76 -9999.00 -9999.00 -9999.00 1.59 6.99 0.00
0.00 27312.61
12.30 -53.46 -9999.00 -9999.00 -9999.00 271.91 17.48 0.00
0.00 29425.10

STID = KEWB STNM = 725065 TIME = 221026/1900 
SLAT = 41.68 SLON = -70.97 SELV = 20.0
STIM = 7

SHOW = -0.19 LIFT = -0.66 SWET = 190.40 KINX = 30.14
LCLP = 987.27 PWAT = 38.91 TOTL = 47.28 CAPE = 9.85
LCLT = 291.83 CINS = -167.90 EQLV = 463.41 LFCT = 539.47
BRCH = 0.43

PRES TMPC TMWC DWPC THTE DRCT SKNT OMEG
CFRL HGHT
1002.30 19.94 19.29 18.92 332.60 295.02 3.22 0.00
0.00 28.63
999.30 19.54 19.06 18.76 332.15 295.35 4.08 0.00
0.00 54.54
993.80 19.04 18.80 18.62 331.97 295.46 4.53 0.00
0.00 102.17
984.20 18.34 18.26 18.16 331.34 295.56 4.95 0.00
82.00 185.77
970.20 17.94 17.87 17.77 331.88 295.71 5.83 0.00
67.00 308.92
952.10 18.24 18.08 17.94 335.25 297.26 7.21 0.00
44.00 470.77
930.60 17.54 17.14 16.88 334.94 312.80 7.15 0.00
41.00 666.92
907.00 17.44 15.95 15.12 334.15 318.18 4.95 -0.10
6.00 887.11
881.50 16.64 14.64 13.50 333.40 250.20 5.17 -0.10
0.00 1131.03
853.00 14.74 13.14 12.18 332.64 246.04 9.56 -0.10
0.00 1410.71
821.50 13.04 11.13 9.89 330.91 233.70 11.81 -0.10
0.00 1728.76
787.10 11.14 9.00 7.50 329.67 222.32 14.70 -0.20
0.00 2087.83
749.70 9.04 6.47 4.46 328.15 217.02 14.84 -0.10
0.00 2493.32
709.40 6.44 3.09 -0.06 325.34 209.31 12.70 0.00
0.00 2949.33
666.20 3.54 -0.14 -4.26 324.21 200.73 15.37 0.00
0.00 3462.34
620.00 1.14 -3.89 -11.33 323.12 199.32 19.97 0.10
0.00 4043.10
571.40 -3.06 -7.20 -14.18 324.54 195.95 19.79 0.20
0.00 4694.44
524.30 -8.06 -10.19 -13.84 327.34 189.46 23.64 0.20
0.00 5369.22
481.90 -12.16 -14.85 -21.42 326.62 190.01 30.19 0.10
0.00 6019.29
444.10 -15.76 -18.93 -30.56 327.11 184.65 31.18 0.00
23.00 6639.43
410.00 -19.86 -22.81 -38.69 328.07 194.04 24.83 0.10
24.00 7236.75
379.20 -23.76 -26.11 -41.03 330.12 210.36 22.28 0.20
28.00 7811.39
351.50 -27.56 -29.20 -40.18 332.40 211.52 24.15 0.30
13.00 8361.01
326.50 -31.66 -32.50 -38.10 334.23 211.63 28.52 0.20
0.00 8887.09
304.00 -35.76 -36.31 -41.00 334.99 210.61 32.05 0.20
2.00 9387.65
283.90 -39.16 -40.02 -54.72 335.65 208.52 30.52 0.20
0.00 9859.64
265.70 -42.06 -42.79 -59.06 337.70 204.66 33.99 0.20
0.00 10310.64
248.80 -46.06 -46.44 -54.84 338.31 204.64 41.45 0.20
0.00 10751.35
233.60 -48.96 -49.26 -57.40 339.98 204.38 43.30 0.10
0.00 11167.73
219.60 -51.36 -51.67 -64.44 342.16 199.82 35.51 0.00
0.00 11571.14
205.70 -53.36 -53.64 -67.88 345.42 194.38 31.27 0.00
0.00 11993.75
191.70 -54.46 -54.74 -73.19 350.64 198.43 31.33 -0.10
0.00 12446.10
177.70 -57.36 -57.57 -73.70 353.56 206.89 30.50 -0.10
0.00 12928.33
163.80 -60.46 -60.61 -74.24 356.69 202.14 30.40 -0.10
0.00 13439.12
149.80 -62.76 -9999.00 -9999.00 -9999.00 193.94 29.02 -0.10
0.00 13992.35
135.90 -64.26 -9999.00 -9999.00 -9999.00 186.76 26.40 -0.10
0.00 14589.93
121.90 -65.46 -9999.00 -9999.00 -9999.00 182.08 21.39 0.00
0.00 15252.78
108.00 -66.46 -9999.00 -9999.00 -9999.00 185.36 18.73 0.00
0.00 15987.04
94.00 -65.36 -9999.00 -9999.00 -9999.00 188.25 13.54 0.00
0.00 16829.25
81.00 -65.96 -9999.00 -9999.00 -9999.00 168.69 9.91 0.00
0.00 17733.26
70.60 -66.46 -9999.00 -9999.00 -9999.00 175.33 9.56 0.00
0.00 18565.67
62.20 -65.66 -9999.00 -9999.00 -9999.00 142.13 4.43 0.00
0.00 19333.55
54.30 -66.26 -9999.00 -9999.00 -9999.00 102.26 4.56 0.00
0.00 20157.33
46.90 -66.56 -9999.00 -9999.00 -9999.00 84.56 4.10 0.00
0.00 21043.92
40.10 -65.66 -9999.00 -9999.00 -9999.00 68.63 4.80 0.00
0.00 21993.22
33.80 -64.56 -9999.00 -9999.00 -9999.00 79.56 7.50 0.00
0.00 23034.03
27.80 -62.46 -9999.00 -9999.00 -9999.00 72.41 8.35 0.00
0.00 24233.25
22.30 -58.66 -9999.00 -9999.00 -9999.00 55.12 7.81 0.00
0.00 25605.06
17.10 -54.06 -9999.00 -9999.00 -9999.00 355.76 5.26 0.00
0.00 27289.91
12.30 -52.16 -9999.00 -9999.00 -9999.00 274.18 23.95 0.00
0.00 29412.05

STID = KEWB STNM = 725065 TIME = 221026/2000 
SLAT = 41.68 SLON = -70.97 SELV = 20.0
STIM = 8

SHOW = 0.44 LIFT = -0.16 SWET = 194.11 KINX = 24.87
LCLP = 987.04 PWAT = 36.62 TOTL = 45.97 CAPE = 12.42
LCLT = 292.04 CINS = -148.57 EQLV = 501.39 LFCT = 567.06
BRCH = 0.84

PRES TMPC TMWC DWPC THTE DRCT SKNT OMEG
CFRL HGHT
1003.10 20.24 19.54 19.15 333.43 253.30 4.06 0.00
0.00 29.49
1000.10 19.94 19.34 18.99 333.08 252.18 5.71 0.10
0.00 55.42
994.50 19.44 19.08 18.84 332.89 251.03 6.57 0.10
0.00 103.95
985.00 18.64 18.56 18.45 332.30 250.14 7.44 0.10
32.00 186.73
970.90 17.94 17.88 17.79 331.83 251.57 7.98 0.00
100.00 310.73
952.80 17.94 17.85 17.74 334.29 258.69 8.92 0.00
74.00 472.37
931.30 17.24 17.02 16.85 334.40 270.00 7.77 -0.10
43.00 668.16
907.70 17.14 15.80 15.05 333.53 257.66 6.37 -0.20
4.00 887.95
882.10 16.04 14.55 13.68 332.98 235.67 9.63 -0.20
0.00 1132.28
853.60 14.14 13.03 12.34 332.17 242.59 11.81 -0.20
1.00 1411.20
822.10 12.64 11.10 10.09 330.72 235.86 13.85 0.00
0.00 1728.49
787.60 11.04 9.28 8.06 330.43 225.49 16.06 0.10
0.00 2088.09
750.10 9.34 6.15 3.57 327.16 215.93 16.55 0.20
0.00 2494.55
709.80 6.84 1.88 -3.51 322.09 206.02 18.16 0.30
0.00 2950.65
666.50 4.24 -1.59 -9.72 320.54 201.22 21.46 0.30
0.00 3465.20
620.40 1.14 -5.91 -21.30 318.33 202.91 20.45 0.20
0.00 4044.61
571.70 -3.56 -8.05 -16.49 322.63 199.65 20.22 0.20
0.00 4695.93
524.60 -8.36 -11.63 -18.58 324.25 200.14 24.83 0.10
0.00 5369.10
482.20 -11.16 -16.39 -45.93 323.22 199.42 25.14 0.10
0.00 6019.22
444.30 -14.56 -18.52 -35.27 327.70 202.88 22.98 0.10
0.00 6643.01
410.20 -19.26 -20.94 -26.24 331.55 211.54 23.02 0.20
0.00 7242.24
379.30 -23.66 -24.50 -27.50 333.04 201.15 28.54 0.10
0.00 7819.61
351.50 -27.46 -28.20 -31.57 334.18 196.77 29.62 0.10
6.00 8371.57
326.60 -31.36 -31.97 -35.53 335.10 196.98 33.92 0.10
52.00 8895.99
304.10 -35.16 -35.79 -41.00 335.81 192.22 43.12 0.10
66.00 9397.35
283.90 -38.96 -39.52 -45.95 336.50 187.19 41.90 0.00
0.00 9872.43
265.70 -43.06 -43.49 -50.54 336.61 186.65 40.29 0.00
0.00 10322.68
248.80 -46.76 -46.95 -50.52 337.51 190.91 44.11 0.10
86.00 10761.78
233.60 -49.76 -49.89 -52.96 338.97 197.51 49.71 0.10
93.00 11176.79
219.60 -51.46 -51.69 -59.12 342.13 197.22 49.22 0.10
3.00 11579.40
205.70 -52.16 -52.48 -67.88 347.31 189.46 42.54 0.10
0.00 12003.06
191.70 -54.56 -54.84 -73.19 350.48 189.93 39.43 0.00
0.00 12456.55
177.70 -57.76 -57.96 -73.70 352.91 196.19 37.63 -0.10
0.00 12938.22
163.80 -61.36 -61.49 -74.24 355.18 194.31 29.88 -0.10
0.00 13447.46
149.80 -64.06 -9999.00 -9999.00 -9999.00 193.34 31.14 0.00
0.00 13997.82
135.90 -64.86 -9999.00 -9999.00 -9999.00 198.81 28.32 0.00
0.00 14592.69
121.90 -65.76 -9999.00 -9999.00 -9999.00 196.17 20.22 0.00
0.00 15254.11
108.00 -65.76 -9999.00 -9999.00 -9999.00 197.05 15.23 0.00
0.00 15989.07
94.00 -64.96 -9999.00 -9999.00 -9999.00 184.69 11.89 0.00
0.00 16833.52
81.00 -66.26 -9999.00 -9999.00 -9999.00 159.86 12.41 0.00
0.00 17737.75
70.60 -66.96 -9999.00 -9999.00 -9999.00 168.16 12.30 0.00
0.00 18568.55
62.20 -66.16 -9999.00 -9999.00 -9999.00 127.65 8.59 0.00
0.00 19334.58
54.30 -66.66 -9999.00 -9999.00 -9999.00 100.44 7.50 0.00
0.00 20156.56
46.90 -65.76 -9999.00 -9999.00 -9999.00 57.09 3.92 0.00
0.00 21044.02
40.10 -64.56 -9999.00 -9999.00 -9999.00 12.26 4.56 0.00
0.00 21997.67
33.80 -63.66 -9999.00 -9999.00 -9999.00 11.31 2.97 0.00
0.00 23043.49
27.80 -60.56 -9999.00 -9999.00 -9999.00 3.58 3.11 0.00
0.00 24250.71
22.30 -57.06 -9999.00 -9999.00 -9999.00 357.27 4.08 0.00
0.00 25633.82
17.10 -54.46 -9999.00 -9999.00 -9999.00 331.39 7.30 0.00
0.00 27323.33
12.30 -53.76 -9999.00 -9999.00 -9999.00 293.20 17.75 0.00
0.00 29435.82

STID = KEWB STNM = 725065 TIME = 221026/2100 
SLAT = 41.68 SLON = -70.97 SELV = 20.0
STIM = 9

SHOW = 0.63 LIFT = 0.08 SWET = 192.79 KINX = 20.26
LCLP = 989.46 PWAT = 34.98 TOTL = 45.81 CAPE = 16.36
LCLT = 292.09 CINS = -179.33 EQLV = 503.64 LFCT = 582.67
BRCH = 0.72

PRES TMPC TMWC DWPC THTE DRCT SKNT OMEG
CFRL HGHT
1001.40 19.94 19.43 19.13 333.26 254.74 4.43 0.10
0.00 29.50
998.30 19.74 19.31 19.04 333.23 255.17 6.84 0.10
0.00 56.31
992.90 19.24 19.05 18.90 333.03 253.69 8.29 0.10
0.00 103.17
983.30 18.64 18.56 18.45 332.54 253.74 9.71 0.20
58.00 186.93
969.30 18.14 18.03 17.91 332.58 254.20 10.70 0.20
100.00 310.30
951.20 17.44 17.38 17.29 332.82 254.74 11.07 0.30
100.00 472.12
929.70 17.54 16.66 16.16 333.35 250.87 10.08 0.30
13.00 668.13
906.20 17.34 15.56 14.57 332.92 235.75 11.05 0.40
0.00 887.48
880.70 15.64 14.35 13.59 332.52 241.11 12.86 0.50
0.00 1131.13
852.20 14.24 12.80 11.92 331.64 237.65 13.79 0.60
0.00 1410.34
820.80 12.84 11.24 10.21 331.38 224.05 16.49 0.60
0.00 1727.28
786.40 11.24 9.26 7.89 330.56 211.88 18.76 0.70
0.00 2086.64
749.00 9.84 5.58 1.90 325.69 202.54 22.30 0.60
0.00 2493.03
708.80 7.24 0.96 -6.82 319.87 200.71 24.71 0.50
0.00 2949.16
665.70 4.54 -3.11 -17.33 316.98 196.07 23.85 0.40
0.00 3462.30
619.70 1.04 -5.58 -18.75 319.23 189.29 21.66 0.30
0.00 4041.16
571.20 -4.06 -7.87 -14.52 323.17 188.67 23.19 0.10
0.00 4689.87
524.20 -8.36 -12.94 -26.13 321.59 197.88 25.31 -0.10
0.00 5361.42
481.90 -11.16 -16.34 -44.03 323.40 192.92 21.72 -0.20
0.00 6010.30
444.10 -14.66 -18.21 -31.03 328.41 193.30 21.95 -0.10
0.00 6632.71
410.00 -19.56 -20.86 -24.75 331.75 198.03 26.36 -0.10
0.00 7231.83
379.20 -23.66 -24.42 -27.10 333.20 197.31 31.33 0.00
7.00 7807.23
351.40 -27.76 -28.46 -31.70 333.77 192.24 33.00 0.00
9.00 8359.01
326.50 -31.36 -32.14 -37.04 334.83 187.52 38.60 0.00
2.00 8883.25
304.00 -34.96 -35.62 -41.00 336.12 183.48 44.76 0.10
14.00 9384.97
283.90 -38.96 -39.38 -43.74 336.73 184.10 46.15 0.10
2.00 9857.99
265.70 -42.56 -42.91 -47.87 337.54 186.65 46.93 0.20
54.00 10308.74
248.80 -45.96 -46.35 -54.84 338.46 188.28 51.24 0.10
60.00 10749.09
233.60 -48.76 -49.04 -56.32 340.32 189.11 56.47 0.10
41.00 11165.75
219.60 -51.56 -51.79 -59.12 341.98 187.77 57.44 0.10
0.00 11569.16
205.70 -53.96 -54.16 -62.77 344.57 187.61 54.29 0.10
0.00 11991.01
191.70 -56.06 -56.26 -68.39 348.12 188.33 46.91 0.10
0.00 12441.10
177.70 -58.46 -58.64 -73.70 351.76 194.42 42.11 0.10
0.00 12920.33
163.80 -61.16 -61.29 -74.24 355.52 191.38 29.53 0.00
0.00 13428.97
149.80 -63.46 -9999.00 -9999.00 -9999.00 195.55 26.83 0.00
0.00 13980.38
135.90 -63.96 -9999.00 -9999.00 -9999.00 200.97 24.96 0.00
0.00 14577.39
121.90 -63.96 -9999.00 -9999.00 -9999.00 188.58 20.82 0.00
0.00 15243.10
108.00 -65.06 -9999.00 -9999.00 -9999.00 183.24 20.63 0.00
0.00 15982.49
94.00 -66.26 -9999.00 -9999.00 -9999.00 174.64 18.73 0.00
0.00 16825.72
81.00 -68.06 -9999.00 -9999.00 -9999.00 169.88 16.57 0.00
0.00 17723.20
70.60 -68.66 -9999.00 -9999.00 -9999.00 176.31 12.06 0.10
0.00 18546.96
62.20 -67.06 -9999.00 -9999.00 -9999.00 126.03 7.93 0.00
0.00 19308.17
54.30 -66.46 -9999.00 -9999.00 -9999.00 103.24 6.78 0.00
0.00 20128.76
46.90 -64.76 -9999.00 -9999.00 -9999.00 79.99 3.36 0.00
0.00 21018.79
40.10 -64.06 -9999.00 -9999.00 -9999.00 48.01 2.62 0.00
0.00 21975.89
33.80 -62.86 -9999.00 -9999.00 -9999.00 90.00 1.36 0.00
0.00 23024.95
27.80 -59.36 -9999.00 -9999.00 -9999.00 74.05 2.84 0.00
0.00 24237.90
22.30 -56.56 -9999.00 -9999.00 -9999.00 51.34 2.49 0.00
0.00 25626.49
17.10 -54.86 -9999.00 -9999.00 -9999.00 292.99 6.95 0.00
0.00 27316.39
12.30 -54.56 -9999.00 -9999.00 -9999.00 290.27 13.46 0.00
0.00 29423.09

STID = KEWB STNM = 725065 TIME = 221026/2200 
SLAT = 41.68 SLON = -70.97 SELV = 20.0
STIM = 10

SHOW = 0.96 LIFT = 0.50 SWET = 197.84 KINX = 21.68
LCLP = 992.70 PWAT = 35.06 TOTL = 45.27 CAPE = 2.86
LCLT = 292.04 CINS = -211.04 EQLV = 519.93 LFCT = 574.86
BRCH = 0.10

PRES TMPC TMWC DWPC THTE DRCT SKNT OMEG
CFRL HGHT
1002.90 19.74 19.32 19.05 332.61 252.65 3.26 0.00
0.00 28.62
999.80 19.54 19.21 18.99 332.65 253.30 6.08 0.10
0.00 55.37
994.20 19.14 19.01 18.88 332.68 254.25 7.87 0.10
0.00 103.87
984.70 18.64 18.56 18.46 332.37 254.65 10.28 0.10
39.00 186.63
970.70 18.04 17.98 17.88 332.19 253.81 12.55 0.10
100.00 309.80
952.60 17.24 17.18 17.08 331.88 251.05 13.75 0.10
100.00 471.29
931.00 17.34 16.62 16.19 332.99 245.34 13.03 0.10
18.00 667.78
907.40 17.24 15.58 14.65 332.81 238.17 13.27 0.10
0.00 887.65
881.90 15.74 14.32 13.48 332.23 241.02 14.43 0.00
0.00 1130.98
853.40 14.34 12.82 11.89 331.52 232.59 16.63 0.00
0.00 1409.88
821.90 12.74 10.98 9.83 330.39 218.66 18.65 0.10
0.00 1727.37
787.40 11.74 8.17 5.46 327.10 209.20 22.69 0.10
0.00 2087.39
750.00 10.14 4.52 -0.95 322.60 207.38 24.49 0.00
0.00 2493.52
709.80 7.44 1.38 -5.80 320.76 199.95 25.62 0.20
0.00 2949.31
666.50 4.84 -1.69 -11.27 320.24 195.33 27.19 0.30
0.00 3464.81
620.30 0.84 -4.54 -13.18 321.58 191.39 27.54 0.30
0.00 4045.98
571.70 -3.96 -8.31 -16.62 322.08 190.20 27.43 0.10
0.00 4695.40
524.60 -8.06 -12.66 -25.50 322.06 199.14 24.88 0.00
0.00 5368.27
482.20 -10.96 -15.52 -31.73 325.05 193.24 23.74 -0.10
0.00 6018.94
444.30 -15.46 -17.45 -22.66 329.94 187.34 25.85 0.00
0.00 6642.16
410.20 -20.06 -21.44 -25.85 330.64 190.90 26.71 0.00
0.00 7239.59
379.30 -24.26 -25.27 -29.25 331.68 194.53 32.52 0.00
0.00 7815.33
351.50 -28.16 -28.60 -30.54 333.52 187.51 35.66 0.10
100.00 8365.83
326.60 -31.46 -32.09 -35.89 334.88 184.36 40.91 0.20
8.00 8889.40
304.10 -35.06 -35.79 -42.15 335.80 183.95 45.18 0.20
0.00 9390.75
283.90 -38.86 -39.64 -50.61 336.28 180.00 45.07 0.10
0.00 9866.02
265.70 -42.36 -42.99 -55.27 337.39 178.58 47.03 0.00
0.00 10317.02
248.80 -45.56 -46.05 -58.13 338.93 178.67 50.14 -0.10
2.00 10757.93
233.60 -48.86 -49.21 -60.07 340.04 180.44 50.12 -0.10
0.00 11174.86
219.60 -51.86 -52.10 -60.55 341.47 181.34 49.94 0.00
0.00 11577.91
205.70 -54.46 -54.62 -61.06 343.82 184.50 49.49 0.00
0.00 11998.99
191.70 -56.36 -56.53 -65.45 347.68 186.83 47.34 0.00
0.00 12448.25
177.70 -58.26 -58.45 -73.70 352.09 189.33 41.94 0.00
0.00 12927.38
163.80 -60.26 -60.41 -74.24 357.03 191.71 32.54 0.00
0.00 13437.33
149.80 -62.96 -9999.00 -9999.00 -9999.00 195.78 27.86 -0.10
0.00 13990.56
135.90 -64.46 -9999.00 -9999.00 -9999.00 202.65 26.73 -0.10
0.00 14587.57
121.90 -64.96 -9999.00 -9999.00 -9999.00 191.99 22.44 -0.10
0.00 15250.90
108.00 -66.36 -9999.00 -9999.00 -9999.00 181.48 22.53 0.00
0.00 15986.22
94.00 -66.86 -9999.00 -9999.00 -9999.00 186.97 17.62 0.00
0.00 16825.58
81.00 -67.36 -9999.00 -9999.00 -9999.00 186.15 12.70 0.00
0.00 17723.28
70.60 -66.76 -9999.00 -9999.00 -9999.00 180.00 10.68 0.00
0.00 18552.27
62.20 -66.46 -9999.00 -9999.00 -9999.00 141.79 11.62 0.00
0.00 19318.11
54.30 -66.26 -9999.00 -9999.00 -9999.00 138.01 7.85 0.00
0.00 20140.30
46.90 -64.86 -9999.00 -9999.00 -9999.00 113.96 3.83 0.00
0.00 21030.54
40.10 -63.46 -9999.00 -9999.00 -9999.00 48.81 2.06 0.00
0.00 21988.78
33.80 -61.16 -9999.00 -9999.00 -9999.00 323.13 0.97 0.00
0.00 23043.60
27.80 -58.56 -9999.00 -9999.00 -9999.00 338.20 1.05 0.00
0.00 24263.70
22.30 -57.16 -9999.00 -9999.00 -9999.00 326.31 2.80 0.00
0.00 25652.93
17.10 -55.36 -9999.00 -9999.00 -9999.00 307.65 8.59 0.00
0.00 27338.56
12.30 -54.56 -9999.00 -9999.00 -9999.00 289.52 16.28 0.00
0.00 29442.85

STID = KEWB STNM = 725065 TIME = 221026/2300 
SLAT = 41.68 SLON = -70.97 SELV = 20.0
STIM = 11

SHOW = 1.24 LIFT = 0.87 SWET = 211.40 KINX = 22.30
LCLP = 996.00 PWAT = 34.64 TOTL = 44.36 CAPE = 1.35
LCLT = 292.00 CINS = -31.96 EQLV = 815.82 LFCT = 839.83
BRCH = 0.06

PRES TMPC TMWC DWPC THTE DRCT SKNT OMEG
CFRL HGHT
1004.30 19.54 19.21 18.98 332.01 188.13 2.74 0.00
0.00 30.32
1001.40 19.54 19.24 19.03 332.53 203.50 4.88 0.00
0.00 55.30
995.90 19.24 19.11 18.98 332.82 213.23 6.74 0.00
0.00 102.86
986.30 18.84 18.77 18.67 332.90 223.21 8.80 0.00
20.00 186.40
972.20 18.24 18.15 18.04 332.61 231.34 11.19 0.00
100.00 310.35
954.10 17.44 17.32 17.19 332.17 231.89 12.59 0.10
100.00 471.71
932.50 17.14 16.27 15.76 331.56 228.89 14.18 0.10
16.00 667.87
908.90 17.54 15.30 14.03 331.60 225.46 17.17 0.00
0.00 887.37
883.30 15.54 14.27 13.52 331.87 225.84 18.69 -0.10
0.00 1131.26
854.70 13.44 12.87 12.49 331.48 218.75 18.94 -0.20
2.00 1410.21
823.10 11.34 10.87 10.53 329.86 210.47 19.15 -0.30
25.00 1727.03
788.50 11.24 7.41 4.34 324.75 208.86 21.74 -0.30
0.00 2086.36
751.10 9.74 3.73 -2.59 320.35 204.37 24.94 -0.20
0.00 2491.14
710.70 7.14 1.33 -5.52 320.52 200.02 28.94 -0.10
0.00 2947.94
667.30 4.04 -1.24 -8.17 321.29 195.69 29.45 0.00
0.00 3463.09
621.00 0.54 -5.48 -16.72 319.30 193.47 28.36 0.10
0.00 4043.70
572.30 -3.46 -9.26 -23.72 319.83 199.37 26.36 0.00
0.00 4693.71
525.10 -6.96 -11.72 -23.81 323.82 204.41 27.74 -0.10
0.00 5369.21
482.60 -11.36 -14.27 -21.16 327.59 197.38 26.67 -0.10
0.00 6021.91
444.50 -15.96 -17.90 -23.15 329.05 183.04 25.68 0.00
0.00 6647.09
410.40 -20.16 -22.67 -34.15 328.28 184.76 28.07 0.20
0.00 7243.41
379.40 -23.76 -25.02 -30.11 332.07 188.86 36.56 0.20
0.00 7821.14
351.60 -27.96 -28.52 -31.04 333.62 180.83 40.40 0.20
85.00 8372.24
326.60 -31.66 -32.28 -36.07 334.57 176.68 43.59 0.20
8.00 8897.83
304.10 -35.36 -36.03 -41.85 335.41 177.32 45.71 0.30
0.00 9398.66
283.90 -39.36 -40.11 -51.30 335.53 172.15 45.49 0.20
0.00 9873.13
265.70 -42.96 -43.54 -55.27 336.51 174.06 48.82 0.00
0.00 10323.06
248.80 -46.26 -46.68 -56.89 337.93 179.78 51.67 0.00
0.00 10762.72
233.60 -48.76 -49.14 -61.80 340.15 180.94 47.40 0.00
0.00 11179.09
219.60 -51.16 -51.48 -64.44 342.47 179.76 46.62 0.10
0.00 11582.86
205.70 -53.66 -53.90 -64.93 344.99 179.07 47.79 0.00
0.00 12005.37
191.70 -55.96 -56.17 -68.39 348.28 180.93 47.79 0.00
0.00 12455.87
177.70 -58.06 -58.25 -73.70 352.42 185.36 43.71 0.00
0.00 12935.66
163.80 -60.06 -60.22 -74.24 357.36 191.25 36.83 0.00
0.00 13446.09
149.80 -62.56 -9999.00 -9999.00 -9999.00 197.74 30.59 0.00
0.00 14000.11
135.90 -64.86 -9999.00 -9999.00 -9999.00 202.27 26.65 0.00
0.00 14597.12
121.90 -65.66 -9999.00 -9999.00 -9999.00 193.21 22.94 0.00
0.00 15258.70
108.00 -66.26 -9999.00 -9999.00 -9999.00 182.91 22.96 0.00
0.00 15992.95
94.00 -66.16 -9999.00 -9999.00 -9999.00 193.88 17.02 0.00
0.00 16833.94
81.00 -66.66 -9999.00 -9999.00 -9999.00 188.13 12.35 0.00
0.00 17734.69
70.60 -66.66 -9999.00 -9999.00 -9999.00 180.99 11.27 0.00
0.00 18565.29
62.20 -66.46 -9999.00 -9999.00 -9999.00 158.81 10.22 0.00
0.00 19331.32
54.30 -65.46 -9999.00 -9999.00 -9999.00 152.10 3.73 0.00
0.00 20155.10
46.90 -64.66 -9999.00 -9999.00 -9999.00 56.31 1.40 0.00
0.00 21047.48
40.10 -63.46 -9999.00 -9999.00 -9999.00 348.69 3.96 0.00
0.00 22006.18
33.80 -61.46 -9999.00 -9999.00 -9999.00 352.57 4.51 0.00
0.00 23060.25
27.80 -59.36 -9999.00 -9999.00 -9999.00 27.47 5.48 0.00
0.00 24277.20
22.30 -57.56 -9999.00 -9999.00 -9999.00 5.91 5.67 0.00
0.00 25662.57
17.10 -55.16 -9999.00 -9999.00 -9999.00 330.26 12.53 0.00
0.00 27347.41
12.30 -54.76 -9999.00 -9999.00 -9999.00 309.81 19.72 0.00
0.00 29451.71

STID = KEWB STNM = 725065 TIME = 221027/0000 
SLAT = 41.68 SLON = -70.97 SELV = 20.0
STIM = 12

SHOW = 2.41 LIFT = 0.83 SWET = 205.17 KINX = 14.69
LCLP = 999.89 PWAT = 30.45 TOTL = 43.19 CAPE = 0.23
LCLT = 291.98 CINS = -0.09 EQLV = 927.46 LFCT = 942.61
BRCH = 0.01

PRES TMPC TMWC DWPC THTE DRCT SKNT OMEG
CFRL HGHT
1004.80 19.24 19.06 18.91 331.41 193.50 4.99 0.00
0.00 29.44
1001.70 19.04 18.96 18.86 331.48 196.70 8.12 0.00
0.00 56.10
996.20 18.84 18.78 18.68 331.55 200.56 11.62 0.00
0.00 103.56
986.60 18.74 18.66 18.56 332.47 206.57 13.91 0.00
100.00 187.00
972.50 18.24 18.16 18.06 332.62 214.10 15.25 -0.10
100.00 310.89
954.40 17.54 17.42 17.29 332.48 219.24 15.05 -0.20
100.00 472.23
932.80 16.24 16.17 16.07 331.16 222.88 14.84 -0.10
100.00 668.07
909.10 16.14 15.12 14.52 330.98 222.63 16.63 0.00
8.00 887.61
883.50 15.24 14.27 13.68 331.83 213.52 18.65 0.00
0.00 1130.77
854.90 13.14 12.25 11.67 329.44 206.79 21.97 0.10
7.00 1409.33
823.30 11.64 8.78 6.62 323.54 212.36 23.23 0.00
0.00 1725.80
788.70 11.14 4.99 -1.27 318.07 212.36 23.23 -0.10
0.00 2084.69
751.30 9.64 2.03 -7.91 315.95 201.88 25.54 -0.20
0.00 2488.78
710.90 7.04 -0.11 -10.41 316.90 197.16 27.64 -0.10
0.00 2944.93
667.60 4.24 -3.49 -18.74 315.83 198.07 28.81 0.00
0.00 3458.35
621.30 0.64 -6.02 -20.12 318.01 198.21 31.08 0.10
0.00 4038.61
572.50 -2.96 -8.78 -22.42 320.79 199.92 30.79 0.10
0.00 4690.34
525.20 -6.66 -11.30 -22.33 324.67 200.39 30.67 0.10
0.00 5368.16
482.70 -11.86 -15.85 -29.07 324.39 192.04 29.80 0.20
0.00 6020.36
444.60 -15.86 -19.30 -33.53 326.28 175.43 29.23 0.20
0.00 6644.63
410.50 -19.76 -22.73 -38.68 328.09 181.63 34.21 0.20
0.00 7241.21
379.50 -23.96 -25.21 -30.37 331.71 187.23 40.13 0.10
0.00 7818.98
351.70 -28.26 -28.65 -30.41 333.36 179.74 43.51 0.10
100.00 8369.39
326.70 -31.86 -32.45 -36.07 334.26 175.73 46.95 0.00
14.00 8894.29
304.20 -35.56 -36.27 -42.77 334.98 175.33 47.75 0.00
0.00 9394.54
283.90 -39.76 -40.47 -51.30 334.95 173.08 46.78 0.00
0.00 9870.66
265.70 -43.66 -44.14 -53.41 335.57 175.57 47.73 -0.10
0.00 10319.53
248.80 -46.66 -47.05 -56.89 337.33 182.11 47.44 0.00
0.00 10758.13
233.60 -48.46 -48.88 -63.98 340.56 182.28 43.94 0.00
0.00 11174.41
219.60 -50.56 -50.90 -64.44 343.39 177.57 45.88 0.00
0.00 11579.00
205.70 -52.86 -53.13 -64.93 346.25 175.14 48.15 0.10
0.00 12002.85
191.70 -55.26 -55.49 -68.39 349.40 177.20 47.65 0.10
0.00 12454.89
177.70 -57.36 -57.57 -73.70 353.56 185.74 44.72 0.10
0.00 12936.24
163.80 -59.66 -59.83 -74.24 358.03 194.17 40.46 0.00
0.00 13447.98
149.80 -62.46 -9999.00 -9999.00 -9999.00 199.53 35.45 0.00
0.00 14002.65
135.90 -64.86 -9999.00 -9999.00 -9999.00 199.33 27.58 0.00
0.00 14599.80
121.90 -66.26 -9999.00 -9999.00 -9999.00 187.57 25.08 0.00
0.00 15260.42
108.00 -66.06 -9999.00 -9999.00 -9999.00 180.91 24.48 0.00
0.00 15993.97
94.00 -65.36 -9999.00 -9999.00 -9999.00 197.01 17.27 0.00
0.00 16837.00
81.00 -65.66 -9999.00 -9999.00 -9999.00 205.35 12.26 0.00
0.00 17741.67
70.60 -66.16 -9999.00 -9999.00 -9999.00 210.80 11.75 0.00
0.00 18575.28
62.20 -66.06 -9999.00 -9999.00 -9999.00 195.95 8.49 0.00
0.00 19342.97
54.30 -65.36 -9999.00 -9999.00 -9999.00 214.99 2.37 0.00
0.00 20167.74
46.90 -64.96 -9999.00 -9999.00 -9999.00 7.13 1.57 0.00
0.00 21059.70
40.10 -63.86 -9999.00 -9999.00 -9999.00 8.43 5.30 0.00
0.00 22016.79
33.80 -62.56 -9999.00 -9999.00 -9999.00 28.30 8.61 0.00
0.00 23067.11
27.80 -60.26 -9999.00 -9999.00 -9999.00 29.60 9.83 0.00
0.00 24278.34
22.30 -56.46 -9999.00 -9999.00 -9999.00 356.42 6.24 0.00
0.00 25664.35
17.10 -54.86 -9999.00 -9999.00 -9999.00 317.95 13.34 0.00
0.00 27354.64
12.30 -55.96 -9999.00 -9999.00 -9999.00 307.53 20.09 0.00
0.00 29454.59

STID = KEWB STNM = 725065 TIME = 221027/0100 
SLAT = 41.68 SLON = -70.97 SELV = 20.0
STIM = 13

SHOW = 5.76 LIFT = 1.53 SWET = 166.55 KINX = 3.49
LCLP = 994.96 PWAT = 25.86 TOTL = 39.20 CAPE = 0.16
LCLT = 291.63 CINS = 0.00 EQLV = 930.38 LFCT = 949.14
BRCH = 0.01

PRES TMPC TMWC DWPC THTE DRCT SKNT OMEG
CFRL HGHT
1004.00 19.24 18.87 18.63 330.83 201.04 5.42 0.00
0.00 29.45
1000.90 19.04 18.77 18.58 330.90 203.70 8.70 0.10
0.00 56.12
995.40 18.74 18.60 18.46 331.00 206.57 11.29 0.10
6.00 103.61
985.80 18.24 18.16 18.05 330.74 210.70 14.45 0.20
76.00 187.01
971.80 17.64 17.58 17.48 330.61 215.22 16.16 0.30
80.00 309.86
953.70 16.84 16.78 16.68 330.31 218.56 17.13 0.40
100.00 470.90
932.00 15.84 15.77 15.67 329.89 218.26 17.56 0.40
100.00 667.39
908.40 16.24 15.22 14.61 331.39 207.33 19.46 0.40
6.00 886.05
882.80 14.94 13.71 12.96 330.07 199.94 23.35 0.50
3.00 1129.28
854.20 13.04 10.27 8.29 323.44 206.98 23.97 0.40
10.00 1407.66
822.70 12.34 5.87 -0.70 315.56 215.59 24.36 0.30
0.00 1723.22
788.30 10.84 2.79 -8.00 312.49 214.81 24.84 0.20
0.00 2079.99
751.00 9.24 0.30 -15.11 311.73 206.76 25.02 0.10
0.00 2482.32
710.60 6.64 -2.02 -19.64 312.38 199.80 25.82 0.00
0.00 2937.67
667.30 3.84 -4.14 -21.87 314.41 198.67 29.74 -0.20
0.00 3450.32
621.10 0.64 -6.23 -21.60 317.55 199.72 32.81 -0.30
0.00 4029.05
572.30 -2.86 -8.78 -22.84 320.81 199.15 34.34 -0.20
0.00 4681.08
525.10 -6.96 -11.85 -24.68 323.54 191.44 33.29 -0.10
0.00 5357.34
482.60 -11.46 -16.38 -39.80 323.23 188.75 33.22 0.00
0.00 6009.66
444.60 -15.86 -19.75 -40.21 325.37 180.31 35.74 0.00
0.00 6632.70
410.40 -20.06 -23.06 -40.27 327.54 180.00 37.49 0.00
0.00 7230.69
379.50 -24.06 -25.92 -35.54 330.43 184.24 42.07 0.10
0.00 7806.15
351.70 -28.26 -28.65 -30.41 333.36 178.27 45.09 0.10
100.00 8356.39
326.70 -32.26 -32.89 -37.04 333.52 175.52 49.69 0.00
7.00 8880.85
304.10 -35.86 -36.65 -44.53 334.40 173.59 50.43 0.00
0.00 9382.65
283.90 -40.06 -40.56 -46.81 334.84 172.48 48.99 0.00
0.00 9855.91
265.70 -44.06 -44.37 -49.38 335.22 172.85 48.35 0.00
0.00 10304.12
248.80 -46.56 -46.96 -56.89 337.48 180.47 47.59 0.00
0.00 10742.45
233.60 -48.26 -48.69 -63.98 340.87 182.58 47.44 0.00
0.00 11159.00
219.60 -50.06 -50.43 -64.44 344.16 180.00 48.56 0.00
0.00 11564.22
205.70 -52.46 -52.75 -64.93 346.88 178.88 49.73 0.00
0.00 11988.93
191.70 -54.76 -55.01 -68.39 350.20 182.78 48.04 0.00
0.00 12441.90
177.70 -57.16 -57.38 -73.70 353.89 191.60 45.42 0.00
0.00 12924.03
163.80 -59.96 -60.12 -74.24 357.53 192.99 41.47 0.10
0.00 13435.65
149.80 -62.46 -9999.00 -9999.00 -9999.00 194.04 36.85 0.10
0.00 13989.93
135.90 -64.36 -9999.00 -9999.00 -9999.00 194.32 28.26 0.10
0.00 14587.79
121.90 -65.66 -9999.00 -9999.00 -9999.00 188.99 27.33 0.00
0.00 15250.16
108.00 -65.86 -9999.00 -9999.00 -9999.00 194.14 27.04 0.00
0.00 15985.13
94.00 -66.06 -9999.00 -9999.00 -9999.00 201.37 19.19 0.00
0.00 16827.13
81.00 -66.26 -9999.00 -9999.00 -9999.00 190.41 9.67 0.00
0.00 17728.97
70.60 -66.06 -9999.00 -9999.00 -9999.00 185.57 8.00 0.00
0.00 18561.58
62.20 -64.96 -9999.00 -9999.00 -9999.00 188.37 6.68 0.00
0.00 19331.50
54.30 -64.56 -9999.00 -9999.00 -9999.00 221.63 2.33 0.00
0.00 20160.05
46.90 -64.46 -9999.00 -9999.00 -9999.00 303.69 1.40 0.00
0.00 21054.79
40.10 -63.76 -9999.00 -9999.00 -9999.00 351.47 3.92 0.00
0.00 22013.26
33.80 -62.86 -9999.00 -9999.00 -9999.00 10.01 6.70 0.00
0.00 23063.08
27.80 -60.86 -9999.00 -9999.00 -9999.00 1.25 8.94 0.00
0.00 24271.73
22.30 -58.26 -9999.00 -9999.00 -9999.00 343.44 7.50 0.00
0.00 25650.00
17.10 -56.56 -9999.00 -9999.00 -9999.00 345.00 11.27 0.00
0.00 27326.69
12.30 -56.26 -9999.00 -9999.00 -9999.00 308.21 11.62 0.00
0.00 29416.99

STID = KEWB STNM = 725065 TIME = 221027/0200 
SLAT = 41.68 SLON = -70.97 SELV = 20.0
STIM = 14

SHOW = 9.88 LIFT = 3.27 SWET = 90.84 KINX = 3.66
LCLP = 992.64 PWAT = 23.19 TOTL = 33.31 CAPE = 1.91
LCLT = 291.22 CINS = 0.00 EQLV = 926.43 LFCT = 957.27
BRCH = 0.10

PRES TMPC TMWC DWPC THTE DRCT SKNT OMEG
CFRL HGHT
1004.20 19.04 18.56 18.26 329.68 206.57 5.65 0.00
0.00 29.44
1001.20 18.94 18.48 18.19 329.80 208.22 9.03 0.10
0.00 55.23
995.60 18.54 18.27 18.07 329.80 209.62 11.40 0.20
0.00 103.53
986.10 18.04 17.88 17.73 329.70 212.52 15.89 0.30
26.00 185.97
972.00 17.44 17.20 17.01 329.24 214.20 18.32 0.40
55.00 309.55
953.90 16.34 16.23 16.10 328.38 213.85 19.87 0.50
94.00 470.33
932.30 14.94 14.88 14.78 326.85 210.70 21.68 0.70
98.00 665.32
908.60 16.34 12.21 9.36 321.67 207.78 24.59 0.50
1.00 884.28
883.10 15.84 9.03 3.01 315.81 209.74 25.06 0.30
0.00 1126.28
854.60 13.54 7.34 1.50 315.11 209.68 22.36 0.20
0.00 1403.55
823.20 12.14 5.18 -2.42 313.72 211.31 22.05 0.30
0.00 1717.77
788.80 10.94 4.14 -3.45 315.86 205.02 22.51 0.40
0.00 2074.31
751.30 9.34 1.43 -9.71 314.48 198.58 24.38 0.40
0.00 2478.97
711.00 6.54 -1.08 -13.59 314.60 200.51 28.83 0.20
0.00 2933.19
667.60 3.44 -3.59 -16.67 315.72 202.54 33.45 -0.10
0.00 3446.51
621.30 0.14 -6.41 -20.79 317.20 200.26 34.79 -0.30
0.00 4025.44
572.50 -3.26 -8.65 -20.44 321.13 196.11 36.40 -0.30
0.00 4676.24
525.20 -7.36 -12.24 -25.73 322.73 191.37 36.46 -0.20
0.00 5352.77
482.70 -11.06 -16.42 -51.38 323.02 190.22 33.95 0.00
0.00 6004.90
444.60 -15.66 -19.90 -48.99 325.01 195.12 37.22 0.00
0.00 6630.17
410.50 -20.46 -23.69 -48.86 326.35 186.56 39.10 0.10
0.00 7226.06
379.50 -24.56 -26.86 -43.29 328.76 186.08 42.19 0.10
0.00 7802.19
351.70 -28.26 -28.78 -31.17 333.15 179.52 46.04 0.00
100.00 8351.82
326.70 -32.46 -32.85 -35.18 333.61 173.21 49.30 0.00
100.00 8876.07
304.20 -36.66 -37.24 -42.77 333.43 170.65 50.19 -0.10
1.00 9374.55
283.90 -40.36 -40.83 -46.81 334.41 171.71 49.86 0.00
0.00 9848.96
265.70 -43.96 -44.20 -47.87 335.49 174.51 50.74 0.00
53.00 10296.99
248.80 -46.16 -46.56 -55.81 338.12 183.18 52.53 0.10
0.00 10735.80
233.60 -47.76 -48.15 -58.63 341.76 185.77 52.14 0.10
0.00 11153.19
219.60 -49.66 -50.05 -64.44 344.78 182.59 51.53 0.00
0.00 11559.22
205.70 -51.96 -52.29 -67.88 347.62 183.95 50.82 0.00
0.00 11984.79
191.70 -54.46 -54.74 -73.19 350.64 189.54 48.06 0.00
0.00 12438.59
177.70 -57.36 -57.57 -73.70 353.56 193.30 43.92 0.00
0.00 12920.82
163.80 -59.86 -60.02 -74.24 357.70 190.82 40.35 0.00
0.00 13432.32
149.80 -62.16 -9999.00 -9999.00 -9999.00 190.49 37.33 0.00
0.00 13987.13
135.90 -64.26 -9999.00 -9999.00 -9999.00 193.43 30.96 0.00
0.00 14585.56
121.90 -65.66 -9999.00 -9999.00 -9999.00 189.40 28.55 0.00
0.00 15248.09
108.00 -66.16 -9999.00 -9999.00 -9999.00 196.50 27.35 0.00
0.00 15982.52
94.00 -65.66 -9999.00 -9999.00 -9999.00 198.82 18.07 0.00
0.00 16824.74
81.00 -65.66 -9999.00 -9999.00 -9999.00 182.54 8.74 0.00
0.00 17728.75
70.60 -65.66 -9999.00 -9999.00 -9999.00 191.89 7.54 0.00
0.00 18563.37
62.20 -65.36 -9999.00 -9999.00 -9999.00 181.85 6.02 0.00
0.00 19333.29
54.30 -65.06 -9999.00 -9999.00 -9999.00 138.81 2.06 0.00
0.00 20160.05
46.90 -63.86 -9999.00 -9999.00 -9999.00 45.00 1.11 0.00
0.00 21055.01
40.10 -62.66 -9999.00 -9999.00 -9999.00 355.60 5.07 0.00
0.00 22017.38
33.80 -62.66 -9999.00 -9999.00 -9999.00 358.64 8.16 0.00
0.00 23070.45
27.80 -61.46 -9999.00 -9999.00 -9999.00 357.92 10.68 0.00
0.00 24277.95
22.30 -59.36 -9999.00 -9999.00 -9999.00 360.00 10.68 0.00
0.00 25650.74
17.10 -56.36 -9999.00 -9999.00 -9999.00 1.08 10.30 0.00
0.00 27323.93
12.30 -55.36 -9999.00 -9999.00 -9999.00 286.31 8.29 0.00
0.00 29419.54

STID = KEWB STNM = 725065 TIME = 221027/0300 
SLAT = 41.68 SLON = -70.97 SELV = 20.0
STIM = 15

SHOW = 8.37 LIFT = 4.95 SWET = 124.79 KINX = 11.78
LCLP = 993.32 PWAT = 25.19 TOTL = 35.59 CAPE = 0.00
LCLT = 290.85 CINS = 0.00 EQLV = 952.68 LFCT = 956.04
BRCH = 0.00

PRES TMPC TMWC DWPC THTE DRCT SKNT OMEG
CFRL HGHT
1004.60 18.64 18.18 17.88 328.26 213.18 6.04 0.00
0.00 30.28
1001.60 18.54 18.11 17.83 328.43 214.82 10.88 0.10
0.00 56.01
996.10 18.14 17.91 17.73 328.46 215.54 13.36 0.10
0.00 103.36
986.50 17.64 17.54 17.42 328.45 217.35 18.57 0.10
22.00 186.50
972.40 17.04 16.83 16.66 327.92 219.07 21.27 0.10
25.00 309.84
954.30 15.94 15.69 15.49 326.52 220.12 22.61 0.10
44.00 470.30
932.70 15.54 13.36 11.95 322.00 219.56 23.17 0.00
48.00 665.13
909.20 16.94 10.86 6.08 317.55 215.48 24.09 -0.10
0.00 882.34
883.70 15.04 8.83 3.36 315.24 211.29 23.19 0.00
0.00 1123.98
855.20 13.54 8.07 3.27 317.00 208.96 22.86 0.10
0.00 1400.74
823.70 12.14 8.26 5.18 321.99 201.00 23.31 0.20
0.00 1716.09
789.10 11.04 6.27 2.04 321.47 194.57 25.49 0.30
0.00 2075.10
751.60 8.64 3.02 -3.14 318.51 197.19 28.26 0.20
0.00 2479.60
711.10 5.64 -0.08 -7.65 317.09 198.43 29.49 0.00
0.00 2935.04
667.70 3.24 -3.33 -14.75 316.33 197.76 31.22 -0.20
0.00 3447.49
621.40 0.34 -5.85 -18.07 318.43 200.38 36.27 -0.20
0.00 4026.42
572.50 -3.56 -8.77 -20.09 320.91 196.94 40.00 -0.10
0.00 4678.45
525.20 -6.96 -12.74 -33.58 321.59 197.10 36.99 0.10
0.00 5355.02
482.70 -11.06 -16.19 -41.93 323.52 203.61 35.41 0.20
0.00 6007.58
444.70 -16.06 -20.08 -44.77 324.72 199.83 37.78 0.20
0.00 6630.70
410.50 -20.46 -23.74 -51.62 326.23 189.68 41.57 0.10
0.00 7227.80
379.50 -25.06 -27.44 -48.07 327.75 184.32 43.82 0.10
0.00 7803.34
351.70 -28.96 -30.01 -36.30 331.04 182.10 47.82 0.00
47.00 8351.56
326.70 -32.46 -32.78 -34.68 333.72 174.16 49.59 0.00
100.00 8875.01
304.20 -36.76 -36.99 -38.79 333.85 172.05 51.98 0.00
100.00 9373.41
283.90 -40.56 -40.77 -43.10 334.50 173.57 53.75 0.10
97.00 9847.56
265.70 -43.26 -43.77 -53.41 336.15 180.80 55.94 0.10
5.00 10296.07
248.80 -45.76 -46.26 -59.58 338.59 187.96 56.10 0.10
0.00 10735.92
233.60 -47.86 -48.32 -63.98 341.47 189.94 54.04 0.10
0.00 11153.58
219.60 -49.66 -50.07 -67.41 344.73 187.10 51.86 0.00
0.00 11559.52
205.70 -52.06 -52.41 -72.71 347.42 185.31 50.33 0.00
0.00 11984.99
191.70 -54.66 -54.94 -73.19 350.32 188.23 46.11 0.00
0.00 12438.48
177.70 -57.16 -57.38 -73.70 353.89 191.05 42.56 0.00
0.00 12920.71
163.80 -59.66 -59.83 -74.24 358.03 189.28 40.95 0.00
0.00 13432.69
149.80 -62.26 -9999.00 -9999.00 -9999.00 187.09 39.34 0.00
0.00 13987.62
135.90 -64.36 -9999.00 -9999.00 -9999.00 190.22 33.95 0.00
0.00 14585.77
121.90 -65.66 -9999.00 -9999.00 -9999.00 192.04 29.80 0.00
0.00 15248.14
108.00 -66.16 -9999.00 -9999.00 -9999.00 202.65 26.73 0.00
0.00 15982.58
94.00 -65.56 -9999.00 -9999.00 -9999.00 199.44 17.50 0.00
0.00 16824.99
81.00 -65.76 -9999.00 -9999.00 -9999.00 174.17 9.58 0.00
0.00 17729.01
70.60 -65.66 -9999.00 -9999.00 -9999.00 201.04 8.12 0.00
0.00 18563.42
62.20 -65.36 -9999.00 -9999.00 -9999.00 189.78 5.71 0.00
0.00 19333.34
54.30 -65.16 -9999.00 -9999.00 -9999.00 180.00 1.94 0.00
0.00 20159.91
46.90 -64.06 -9999.00 -9999.00 -9999.00 360.00 0.78 0.00
0.00 21054.22
40.10 -63.06 -9999.00 -9999.00 -9999.00 21.16 6.45 0.00
0.00 22015.22
33.80 -62.76 -9999.00 -9999.00 -9999.00 25.46 9.03 0.00
0.00 23067.03
27.80 -61.26 -9999.00 -9999.00 -9999.00 26.10 10.61 0.00
0.00 24274.83
22.30 -60.06 -9999.00 -9999.00 -9999.00 18.43 11.05 0.00
0.00 25646.00
17.10 -56.06 -9999.00 -9999.00 -9999.00 6.34 8.80 0.00
0.00 27317.63
12.30 -54.26 -9999.00 -9999.00 -9999.00 281.31 13.87 0.00
0.00 29420.00

STID = KEWB STNM = 725065 TIME = 221027/0400 
SLAT = 41.68 SLON = -70.97 SELV = 20.0
STIM = 16

SHOW = 5.77 LIFT = 4.96 SWET = 178.57 KINX = -2.10
LCLP = 991.24 PWAT = 23.20 TOTL = 39.03 CAPE = 0.00
LCLT = 290.15 CINS = 0.00 EQLV = -9999.00 LFCT = -9999.00
BRCH = 0.00

PRES TMPC TMWC DWPC THTE DRCT SKNT OMEG
CFRL HGHT
1004.90 18.14 17.58 17.22 326.14 216.53 6.53 0.00
0.00 29.40
1001.90 17.94 17.44 17.11 326.05 218.05 11.34 0.10
0.00 55.07
996.40 17.54 17.21 16.97 326.00 219.29 13.81 0.10
0.00 102.29
986.80 16.84 16.75 16.64 325.72 221.94 18.03 0.10
0.00 185.18
972.70 16.14 16.03 15.91 325.19 225.00 20.88 0.10
100.00 308.07
954.60 15.34 15.25 15.13 325.02 227.10 22.53 0.00
100.00 468.02
933.00 15.14 13.87 13.06 323.54 225.67 23.35 0.00
12.00 662.48
909.40 15.74 12.11 9.61 321.28 213.31 24.40 0.00
0.00 880.12
883.80 14.34 10.30 7.25 319.41 206.97 24.84 0.00
0.00 1122.12
855.30 13.24 9.96 7.54 322.35 201.96 25.97 0.00
0.00 1398.68
823.60 11.94 8.74 6.31 323.38 196.12 25.87 0.10
0.00 1715.99
789.00 10.64 3.98 -3.52 315.44 196.24 25.70 0.00
0.00 2074.53
751.60 8.64 -0.89 -21.59 308.87 199.83 25.19 -0.10
0.00 2477.08
711.30 6.34 -2.91 -26.86 310.19 200.96 29.33 -0.20
0.00 2930.00
667.90 3.04 -4.90 -24.66 312.69 201.23 32.71 -0.30
0.00 3442.22
621.50 -0.16 -5.48 -14.85 319.30 199.00 37.59 -0.30
0.00 4021.43
572.60 -3.26 -8.79 -21.34 320.79 199.96 39.26 0.00
0.00 4673.17
525.30 -6.76 -13.03 -42.67 320.86 201.41 36.71 0.20
0.00 5350.17
482.80 -11.16 -16.21 -40.60 323.49 204.95 40.05 0.40
0.00 6002.68
444.70 -15.96 -19.99 -44.21 324.88 199.73 40.85 0.30
0.00 6627.37
410.50 -20.66 -23.86 -49.69 326.05 190.17 44.02 0.20
0.00 7224.36
379.60 -25.26 -27.68 -51.28 327.31 185.90 47.26 0.00
0.00 7797.51
351.70 -29.06 -30.73 -45.34 329.79 185.02 53.24 0.00
0.00 8347.24
326.70 -32.46 -32.91 -35.70 333.51 179.44 59.63 0.00
100.00 8870.52
304.20 -36.66 -37.06 -40.47 333.73 172.53 56.82 0.00
92.00 9369.01
283.90 -40.16 -40.86 -52.05 334.34 178.48 58.49 0.00
50.00 9843.63
265.70 -43.26 -43.96 -66.03 335.82 183.55 59.56 -0.10
0.00 10292.49
248.80 -46.26 -46.80 -66.51 337.71 189.24 58.06 0.00
0.00 10731.84
233.60 -48.46 -48.91 -66.97 340.52 191.90 55.57 0.00
0.00 11148.48
219.60 -49.96 -50.36 -67.41 344.27 190.50 51.17 0.00
0.00 11553.61
205.70 -52.16 -52.51 -72.71 347.26 187.04 47.55 0.00
0.00 11978.70
191.70 -54.76 -55.03 -73.19 350.16 186.88 45.40 0.00
0.00 12431.98
177.70 -56.96 -57.18 -73.70 354.22 189.89 42.99 0.00
0.00 12914.32
163.80 -59.26 -59.44 -74.24 358.70 192.08 42.72 0.10
0.00 13427.01
149.80 -61.96 -9999.00 -9999.00 -9999.00 192.56 42.00 0.00
0.00 13982.86
135.90 -64.36 -9999.00 -9999.00 -9999.00 195.38 38.07 0.00
0.00 14581.44
121.90 -66.06 -9999.00 -9999.00 -9999.00 194.21 30.87 0.00
0.00 15243.18
108.00 -66.56 -9999.00 -9999.00 -9999.00 201.25 26.26 0.00
0.00 15976.19
94.00 -65.76 -9999.00 -9999.00 -9999.00 197.32 18.92 0.00
0.00 16817.39
81.00 -66.36 -9999.00 -9999.00 -9999.00 171.63 13.34 0.00
0.00 17719.66
70.60 -66.56 -9999.00 -9999.00 -9999.00 185.71 9.75 0.00
0.00 18551.06
62.20 -66.26 -9999.00 -9999.00 -9999.00 167.47 7.17 0.00
0.00 19317.65
54.30 -65.96 -9999.00 -9999.00 -9999.00 188.13 2.74 0.00
0.00 20140.83
46.90 -64.16 -9999.00 -9999.00 -9999.00 336.04 3.83 0.00
0.00 21033.21
40.10 -62.76 -9999.00 -9999.00 -9999.00 4.97 8.97 0.00
0.00 21994.66
33.80 -62.76 -9999.00 -9999.00 -9999.00 27.15 8.51 0.00
0.00 23047.23
27.80 -61.66 -9999.00 -9999.00 -9999.00 62.53 10.96 0.00
0.00 24253.88
22.30 -60.06 -9999.00 -9999.00 -9999.00 68.75 11.25 0.00
0.00 25623.76
17.10 -56.36 -9999.00 -9999.00 -9999.00 26.57 7.38 0.00
0.00 27294.23
12.30 -55.16 -9999.00 -9999.00 -9999.00 304.05 17.35 0.00
0.00 29390.81

STID = KEWB STNM = 725065 TIME = 221027/0500 
SLAT = 41.68 SLON = -70.97 SELV = 20.0
STIM = 17

SHOW = 9.03 LIFT = 5.30 SWET = 121.37 KINX = 16.98
LCLP = 985.92 PWAT = 24.25 TOTL = 34.64 CAPE = 0.00
LCLT = 289.43 CINS = 0.00 EQLV = 947.20 LFCT = 961.96
BRCH = 0.00

PRES TMPC TMWC DWPC THTE DRCT SKNT OMEG
CFRL HGHT
1004.60 17.84 17.06 16.58 324.43 210.65 6.10 0.00
0.00 29.39
1001.60 17.64 16.92 16.47 324.35 213.07 9.97 0.00
0.00 55.04
996.00 17.24 16.68 16.31 324.27 214.70 12.28 0.10
0.00 103.07
986.50 16.64 16.29 16.03 324.21 219.54 15.87 0.10
0.00 185.02
972.40 15.64 15.55 15.43 323.64 225.00 19.77 0.10
91.00 307.78
954.30 14.74 14.70 14.61 323.30 228.81 22.71 0.10
100.00 467.44
932.70 14.04 13.63 13.32 322.81 230.25 24.01 0.10
31.00 661.38
909.20 14.14 12.45 11.31 322.34 217.43 23.97 0.10
2.00 877.21
883.60 13.94 11.14 9.18 321.92 200.16 26.50 0.10
0.00 1118.58
854.90 13.54 8.63 4.56 318.60 194.04 27.23 0.20
0.00 1397.09
823.40 12.94 3.52 -10.16 309.35 194.81 24.32 0.10
0.00 1712.61
789.10 10.94 1.73 -13.26 309.72 199.47 23.89 0.10
0.00 2068.10
751.70 8.04 2.46 -3.92 317.12 198.83 26.48 0.20
0.00 2470.49
711.20 5.14 1.39 -2.67 320.71 201.80 30.34 0.10
0.00 2925.13
667.70 2.64 -1.51 -6.78 320.68 200.95 36.40 0.00
0.00 3438.17
621.30 -0.16 -5.23 -13.77 319.91 199.56 40.62 -0.10
0.00 4017.64
572.50 -2.86 -9.82 -33.96 318.41 199.36 38.09 0.00
0.00 4668.57
525.20 -6.76 -12.76 -35.95 321.50 205.51 37.88 0.10
0.00 5346.05
482.70 -11.36 -16.37 -41.03 323.22 204.18 41.72 0.20
0.00 5998.47
444.60 -16.26 -20.20 -44.21 324.52 201.11 42.06 0.20
0.00 6622.70
410.40 -21.06 -24.15 -48.86 325.59 194.34 43.90 0.20
0.00 7219.01
379.50 -25.46 -27.84 -51.28 327.07 188.42 49.09 0.20
0.00 7791.62
351.70 -29.06 -30.75 -45.83 329.75 183.58 56.06 0.20
0.00 8339.23
326.70 -32.86 -33.71 -40.31 332.18 181.05 63.34 0.20
35.00 8862.05
304.10 -36.66 -37.72 -54.15 332.64 181.59 62.96 0.10
23.00 9362.33
283.90 -39.96 -40.84 -60.29 334.33 183.05 62.06 0.00
0.00 9834.84
265.70 -43.36 -44.03 -63.01 335.71 182.92 61.07 0.00
0.00 10283.79
248.80 -46.46 -46.99 -66.51 337.42 184.69 59.44 0.00
0.00 10722.86
233.60 -48.76 -49.19 -66.97 340.06 187.85 56.86 0.10
0.00 11139.04
219.60 -50.36 -50.74 -67.41 343.65 190.89 52.43 0.10
0.00 11543.53
205.70 -51.86 -52.20 -67.88 347.78 192.19 46.89 0.00
0.00 11968.52
191.70 -53.96 -54.26 -73.19 351.44 193.17 43.49 0.00
0.00 12422.94
177.70 -56.66 -56.89 -73.70 354.71 194.81 41.78 0.00
0.00 12906.50
163.80 -59.46 -59.63 -74.24 358.37 196.54 40.93 0.00
0.00 13419.32
149.80 -62.16 -9999.00 -9999.00 -9999.00 198.87 40.23 0.00
0.00 13974.64
135.90 -63.86 -9999.00 -9999.00 -9999.00 199.36 38.09 0.00
0.00 14573.65
121.90 -65.46 -9999.00 -9999.00 -9999.00 195.60 31.06 0.00
0.00 15237.13
108.00 -65.86 -9999.00 -9999.00 -9999.00 202.43 26.48 0.00
0.00 15972.45
94.00 -65.56 -9999.00 -9999.00 -9999.00 200.88 20.16 0.00
0.00 16815.47
81.00 -66.46 -9999.00 -9999.00 -9999.00 180.00 17.09 0.00
0.00 17717.97
70.60 -66.86 -9999.00 -9999.00 -9999.00 189.90 12.43 0.00
0.00 18548.56
62.20 -66.26 -9999.00 -9999.00 -9999.00 178.70 8.55 0.00
0.00 19314.59
54.30 -66.06 -9999.00 -9999.00 -9999.00 211.43 4.10 0.00
0.00 20137.57
46.90 -64.36 -9999.00 -9999.00 -9999.00 10.78 4.16 0.00
0.00 21029.31
40.10 -62.76 -9999.00 -9999.00 -9999.00 31.37 9.32 0.00
0.00 21990.31
33.80 -62.16 -9999.00 -9999.00 -9999.00 50.71 8.28 0.00
0.00 23044.37
27.80 -61.06 -9999.00 -9999.00 -9999.00 82.41 8.82 0.00
0.00 24254.46
22.30 -58.56 -9999.00 -9999.00 -9999.00 73.74 4.86 0.00
0.00 25631.11
17.10 -55.36 -9999.00 -9999.00 -9999.00 334.23 6.25 0.00
0.00 27311.29
12.30 -55.76 -9999.00 -9999.00 -9999.00 300.96 15.85 0.00
0.00 29409.80

STID = KEWB STNM = 725065 TIME = 221027/0600 
SLAT = 41.68 SLON = -70.97 SELV = 20.0
STIM = 18

SHOW = 12.83 LIFT = 5.49 SWET = 98.89 KINX = 12.42
LCLP = 989.15 PWAT = 26.04 TOTL = 27.35 CAPE = 0.00
LCLT = 289.31 CINS = 0.00 EQLV = -9999.00 LFCT = -9999.00
BRCH = 0.00

PRES TMPC TMWC DWPC THTE DRCT SKNT OMEG
CFRL HGHT
1004.60 17.44 16.81 16.40 323.59 194.04 5.61 0.00
0.00 29.37
1001.60 17.34 16.71 16.30 323.64 196.59 9.52 0.00
0.00 54.99
996.00 16.94 16.49 16.18 323.65 199.33 11.73 0.00
0.00 102.97
986.50 16.24 16.10 15.95 323.58 204.26 15.13 0.00
1.00 184.82
972.40 15.54 15.49 15.39 323.44 214.20 18.32 0.10
48.00 307.47
954.30 14.74 14.68 14.58 323.24 222.35 20.77 0.10
100.00 467.09
932.70 14.14 13.62 13.25 322.79 225.72 21.97 0.10
26.00 661.06
909.10 13.74 11.77 10.41 320.35 218.08 23.93 0.00
5.00 877.68
883.50 14.14 9.09 4.87 316.05 206.02 27.45 -0.20
0.00 1118.79
855.10 14.14 5.25 -5.91 309.50 203.39 29.84 -0.40
0.00 1394.31
823.80 12.04 4.66 -3.94 312.29 200.80 26.81 -0.10
0.00 1707.35
789.30 9.74 6.64 4.07 322.52 191.05 25.33 0.20
0.00 2064.12
751.60 7.04 6.33 5.76 327.46 190.80 25.91 0.40
0.00 2469.19
711.00 4.94 2.79 0.77 324.32 201.08 34.56 0.20
0.00 2924.78
667.50 2.44 -1.54 -6.56 320.65 200.92 39.72 -0.20
0.00 3437.81
621.20 0.54 -6.75 -25.46 316.35 202.17 39.65 -0.20
0.00 4016.46
572.40 -2.86 -9.75 -32.69 318.61 199.18 37.84 -0.10
0.00 4668.08
525.10 -6.96 -12.93 -36.88 321.17 206.04 37.63 0.00
0.00 5345.44
482.60 -11.46 -16.45 -41.47 323.08 206.33 42.06 0.00
0.00 5997.61
444.60 -16.46 -20.35 -44.21 324.27 199.92 42.77 0.00
0.00 6619.91
410.40 -21.16 -24.20 -48.09 325.50 197.10 44.91 0.10
0.00 7215.87
379.50 -25.66 -28.02 -52.29 326.76 193.16 49.48 0.10
0.00 7788.13
351.70 -29.56 -31.38 -52.93 328.68 188.07 55.32 0.10
0.00 8334.94
326.70 -33.26 -34.60 -51.66 330.66 184.37 61.17 0.10
0.00 8856.73
304.10 -36.86 -37.94 -56.52 332.27 183.57 62.47 0.10
0.00 9356.35
283.90 -40.16 -41.04 -62.51 334.01 182.91 61.27 0.20
0.00 9828.45
265.70 -43.16 -43.87 -66.03 335.96 182.87 62.04 0.20
0.00 10277.40
248.80 -46.06 -46.61 -66.51 338.01 185.26 61.44 0.10
0.00 10717.04
233.60 -48.46 -48.91 -66.97 340.52 189.40 58.28 0.00
0.00 11133.86
219.60 -50.26 -50.64 -67.41 343.81 193.23 53.48 0.00
0.00 11538.72
205.70 -51.96 -52.32 -72.71 347.57 196.39 48.19 -0.10
0.00 11963.71
191.70 -54.06 -54.36 -73.19 351.28 199.08 43.38 -0.10
0.00 12417.92
177.70 -56.66 -56.89 -73.70 354.71 199.34 38.69 -0.10
0.00 12901.37
163.80 -59.66 -59.83 -74.24 358.03 198.43 36.25 -0.10
0.00 13413.95
149.80 -62.46 -9999.00 -9999.00 -9999.00 200.38 36.27 -0.10
0.00 13968.62
135.90 -63.86 -9999.00 -9999.00 -9999.00 202.31 36.32 0.00
0.00 14567.19
121.90 -65.06 -9999.00 -9999.00 -9999.00 199.22 31.27 -0.10
0.00 15231.32
108.00 -66.36 -9999.00 -9999.00 -9999.00 200.80 26.81 0.00
0.00 15966.46
94.00 -65.96 -9999.00 -9999.00 -9999.00 204.13 20.44 0.00
0.00 16807.65
81.00 -66.86 -9999.00 -9999.00 -9999.00 186.41 17.40 0.00
0.00 17708.40
70.60 -67.26 -9999.00 -9999.00 -9999.00 198.43 13.52 0.00
0.00 18537.39
62.20 -66.56 -9999.00 -9999.00 -9999.00 187.28 9.21 0.00
0.00 19302.12
54.30 -66.06 -9999.00 -9999.00 -9999.00 175.60 5.07 0.00
0.00 20124.51
46.90 -64.76 -9999.00 -9999.00 -9999.00 77.12 6.97 0.00
0.00 21015.39
40.10 -63.96 -9999.00 -9999.00 -9999.00 65.46 9.83 0.00
0.00 21972.72
33.80 -62.46 -9999.00 -9999.00 -9999.00 57.85 8.02 0.00
0.00 23023.03
27.80 -60.06 -9999.00 -9999.00 -9999.00 53.75 3.61 0.00
0.00 24235.12
22.30 -57.16 -9999.00 -9999.00 -9999.00 327.72 4.37 0.00
0.00 25619.52
17.10 -54.86 -9999.00 -9999.00 -9999.00 333.43 6.95 0.00
0.00 27307.08
12.30 -55.66 -9999.00 -9999.00 -9999.00 298.12 12.78 0.00
0.00 29408.48

STID = KEWB STNM = 725065 TIME = 221027/0700 
SLAT = 41.68 SLON = -70.97 SELV = 20.0
STIM = 19

SHOW = 5.57 LIFT = 6.30 SWET = 176.09 KINX = 4.47
LCLP = 989.73 PWAT = 25.18 TOTL = 39.58 CAPE = 0.00
LCLT = 289.18 CINS = 0.00 EQLV = -9999.00 LFCT = -9999.00
BRCH = 0.00

PRES TMPC TMWC DWPC THTE DRCT SKNT OMEG
CFRL HGHT
1005.50 17.34 16.70 16.28 323.10 206.57 5.65 0.00
0.00 30.21
1002.50 17.14 16.56 16.18 323.05 208.61 9.73 0.00
0.00 55.79
997.00 16.74 16.32 16.02 322.95 210.32 11.93 0.10
0.00 102.83
987.40 16.04 15.89 15.74 322.80 215.29 15.46 0.10
0.00 185.40
973.30 15.24 15.15 15.03 322.24 225.00 19.50 0.10
100.00 307.81
955.20 14.44 14.37 14.26 322.14 229.01 21.62 0.00
100.00 467.10
933.60 13.74 12.70 11.98 319.88 230.57 22.63 -0.10
13.00 660.59
910.00 13.44 10.84 8.92 317.52 219.93 23.31 -0.30
2.00 876.61
884.50 13.84 8.59 4.00 314.55 215.59 24.36 -0.30
0.00 1116.20
855.90 13.44 9.52 6.52 321.00 207.16 25.12 0.10
0.00 1393.20
824.20 11.44 10.34 9.58 328.05 195.01 27.76 0.50
0.00 1710.25
789.50 8.64 7.76 7.08 325.65 191.61 28.96 0.60
5.00 2068.65
751.90 6.24 3.68 1.25 320.27 197.16 30.28 0.30
1.00 2471.09
711.40 6.24 -2.03 -18.18 312.31 207.57 34.85 -0.20
0.00 2924.84
668.00 3.84 -4.41 -24.38 313.65 205.25 34.15 -0.30
0.00 3437.74
621.60 0.74 -6.69 -26.03 316.39 203.08 35.68 -0.20
0.00 4018.45
572.80 -3.06 -9.73 -30.70 318.62 199.54 38.34 0.00
0.00 4669.63
525.40 -6.96 -13.13 -41.62 320.68 210.15 37.51 0.00
0.00 5347.74
482.80 -11.66 -16.61 -41.93 322.76 206.68 41.96 0.00
0.00 6000.85
444.80 -16.56 -20.42 -44.21 324.10 201.43 44.66 0.00
0.00 6622.51
410.50 -21.36 -24.34 -47.37 325.26 198.58 46.93 0.00
0.00 7219.66
379.60 -25.76 -28.10 -52.29 326.61 196.53 49.84 0.00
0.00 7791.43
351.70 -29.76 -31.57 -54.05 328.37 192.73 53.77 0.00
0.00 8339.80
326.70 -33.36 -34.76 -54.67 330.40 190.22 58.02 0.00
0.00 8861.26
304.20 -37.06 -38.14 -57.99 331.92 185.95 59.96 0.00
0.00 9358.27
283.90 -40.26 -41.11 -60.29 333.90 182.35 61.64 0.00
0.00 9832.32
265.70 -43.16 -43.85 -63.01 336.01 183.33 63.64 -0.10
0.00 10281.17
248.80 -46.06 -46.61 -66.51 338.01 186.55 62.96 -0.10
0.00 10720.82
233.60 -48.46 -48.91 -66.97 340.52 191.09 59.58 -0.10
0.00 11137.64
219.60 -50.46 -50.83 -67.41 343.50 195.58 54.25 -0.10
0.00 11542.31
205.70 -52.66 -52.99 -72.71 346.47 197.17 50.02 -0.10
0.00 11966.45
191.70 -54.76 -55.03 -73.19 350.16 197.21 45.96 0.00
0.00 12419.21
177.70 -56.86 -57.08 -73.70 354.38 200.49 41.06 0.00
0.00 12901.66
163.80 -59.36 -59.53 -74.24 358.54 201.40 35.68 0.00
0.00 13414.36
149.80 -62.46 -9999.00 -9999.00 -9999.00 198.54 34.21 0.00
0.00 13969.42
135.90 -64.56 -9999.00 -9999.00 -9999.00 197.35 35.82 0.00
0.00 14567.00
121.90 -64.86 -9999.00 -9999.00 -9999.00 199.42 32.13 0.10
0.00 15230.33
108.00 -66.06 -9999.00 -9999.00 -9999.00 198.17 26.79 0.10
0.00 15966.36
94.00 -65.96 -9999.00 -9999.00 -9999.00 204.78 22.24 0.00
0.00 16808.16
81.00 -66.66 -9999.00 -9999.00 -9999.00 186.20 17.97 0.00
0.00 17709.34
70.60 -66.86 -9999.00 -9999.00 -9999.00 202.38 14.28 0.00
0.00 18539.54
62.20 -66.46 -9999.00 -9999.00 -9999.00 186.34 8.80 0.00
0.00 19305.19
54.30 -65.66 -9999.00 -9999.00 -9999.00 153.43 4.78 0.00
0.00 20128.58
46.90 -64.86 -9999.00 -9999.00 -9999.00 86.42 6.24 0.00
0.00 21020.10
40.10 -64.46 -9999.00 -9999.00 -9999.00 78.23 4.76 0.00
0.00 21976.05
33.80 -62.46 -9999.00 -9999.00 -9999.00 72.35 4.49 0.00
0.00 23025.12
27.80 -59.96 -9999.00 -9999.00 -9999.00 68.20 2.10 0.00
0.00 24237.49
22.30 -58.26 -9999.00 -9999.00 -9999.00 341.57 4.29 0.00
0.00 25618.66
17.10 -55.56 -9999.00 -9999.00 -9999.00 346.43 5.79 0.00
0.00 27299.23
12.30 -55.56 -9999.00 -9999.00 -9999.00 294.96 12.43 0.00
0.00 29397.74

STID = KEWB STNM = 725065 TIME = 221027/0800 
SLAT = 41.68 SLON = -70.97 SELV = 20.0
STIM = 20

SHOW = 6.75 LIFT = 6.96 SWET = 160.05 KINX = 7.54
LCLP = 983.79 PWAT = 23.58 TOTL = 38.05 CAPE = 0.70
LCLT = 288.55 CINS = 0.00 EQLV = 931.10 LFCT = 960.04
BRCH = 0.02

PRES TMPC TMWC DWPC THTE DRCT SKNT OMEG
CFRL HGHT
1005.90 17.24 16.32 15.75 321.84 221.82 4.95 0.00
0.00 30.20
1002.90 17.24 16.22 15.59 321.90 225.00 9.07 0.10
0.00 55.76
997.40 16.94 15.98 15.37 321.80 226.36 11.54 0.10
0.00 102.80
987.80 16.24 15.45 14.93 321.34 232.85 16.08 0.10
0.00 185.37
973.70 15.24 14.68 14.29 320.73 239.78 20.45 0.10
52.00 307.73
955.60 13.74 13.70 13.61 320.03 243.65 22.77 0.10
79.00 466.71
934.00 12.84 12.14 11.62 318.17 246.13 24.01 0.00
22.00 659.54
910.40 13.14 10.00 7.54 315.12 237.89 23.39 -0.10
0.00 874.96
884.90 13.14 8.66 4.84 314.72 228.45 22.84 -0.10
0.00 1113.99
856.20 12.04 8.77 6.18 318.88 217.83 23.12 0.00
0.00 1390.85
824.50 10.64 8.19 6.28 321.71 201.39 25.04 0.00
0.00 1706.37
789.90 8.24 6.39 4.85 321.76 193.11 29.12 0.00
0.00 2062.51
752.30 6.14 2.20 -2.10 316.52 202.34 30.65 0.20
0.00 2464.09
711.80 6.14 -1.19 -13.13 314.26 209.36 32.09 0.10
0.00 2917.36
668.30 4.44 -3.47 -19.37 315.74 210.48 31.78 -0.10
0.00 3431.82
621.90 1.44 -6.31 -26.33 317.09 205.56 34.67 -0.40
0.00 4013.69
572.90 -3.06 -9.82 -31.98 318.40 200.52 35.47 -0.30
0.00 4668.16
525.60 -7.56 -13.50 -41.13 319.96 206.85 34.40 -0.10
0.00 5343.88
483.00 -11.76 -16.67 -41.93 322.60 210.10 42.21 0.10
0.00 5995.86
444.80 -16.76 -20.55 -43.68 323.89 206.12 45.01 0.20
0.00 6620.31
410.60 -21.56 -24.49 -47.37 324.98 202.42 46.85 0.20
0.00 7215.17
379.60 -25.96 -28.24 -51.28 326.38 199.52 48.83 0.10
0.00 7788.27
351.80 -30.06 -31.84 -55.33 327.90 195.89 52.51 0.10
0.00 8334.04
326.70 -33.56 -34.95 -55.93 330.09 192.53 55.52 0.00
0.00 8856.96
304.20 -37.06 -38.14 -57.99 331.92 187.36 57.58 0.00
0.00 9353.76
283.90 -40.36 -41.20 -60.29 333.76 183.43 61.69 0.00
0.00 9827.71
265.70 -43.46 -44.12 -63.01 335.57 185.26 63.60 0.00
0.00 10276.18
248.80 -46.36 -46.89 -66.51 337.57 189.87 62.32 -0.10
0.00 10715.24
233.60 -48.96 -49.38 -66.97 339.76 194.93 57.30 -0.10
0.00 11131.33
219.60 -51.06 -51.41 -67.41 342.57 197.74 50.37 -0.10
0.00 11535.01
205.70 -52.76 -53.08 -72.71 346.32 198.36 45.65 0.00
0.00 11958.47
191.70 -54.66 -54.94 -73.19 350.32 198.43 44.83 0.10
0.00 12411.24
177.70 -56.96 -57.18 -73.70 354.22 201.80 41.84 0.10
0.00 12893.69
163.80 -59.46 -59.63 -74.24 358.37 202.36 36.75 0.00
0.00 13406.15
149.80 -62.36 -9999.00 -9999.00 -9999.00 195.29 32.42 0.00
0.00 13961.21
135.90 -64.56 -9999.00 -9999.00 -9999.00 192.12 35.16 0.00
0.00 14558.93
121.90 -64.26 -9999.00 -9999.00 -9999.00 201.49 33.41 0.00
0.00 15223.21
108.00 -65.16 -9999.00 -9999.00 -9999.00 202.52 25.87 0.00
0.00 15961.90
94.00 -65.96 -9999.00 -9999.00 -9999.00 204.11 22.34 0.00
0.00 16805.53
81.00 -66.06 -9999.00 -9999.00 -9999.00 190.84 18.59 0.00
0.00 17708.02
70.60 -66.46 -9999.00 -9999.00 -9999.00 201.80 13.60 0.00
0.00 18540.23
62.20 -65.56 -9999.00 -9999.00 -9999.00 186.34 8.80 0.00
0.00 19308.29
54.30 -64.96 -9999.00 -9999.00 -9999.00 183.37 3.30 0.00
0.00 20134.86
46.90 -64.56 -9999.00 -9999.00 -9999.00 21.04 2.70 0.00
0.00 21028.53
40.10 -64.86 -9999.00 -9999.00 -9999.00 345.96 2.41 0.00
0.00 21984.25
33.80 -62.86 -9999.00 -9999.00 -9999.00 99.46 3.54 0.00
0.00 23031.31
27.80 -60.26 -9999.00 -9999.00 -9999.00 110.85 4.37 0.00
0.00 24241.68
22.30 -58.16 -9999.00 -9999.00 -9999.00 15.42 5.85 0.00
0.00 25622.21
17.10 -54.86 -9999.00 -9999.00 -9999.00 335.22 8.35 0.00
0.00 27305.89
12.30 -55.26 -9999.00 -9999.00 -9999.00 286.56 15.00 0.00
0.00 29409.22

STID = KEWB STNM = 725065 TIME = 221027/0900 
SLAT = 41.68 SLON = -70.97 SELV = 20.0
STIM = 21

SHOW = 7.76 LIFT = 7.09 SWET = 148.96 KINX = 4.49
LCLP = 985.47 PWAT = 22.08 TOTL = 36.72 CAPE = 0.00
LCLT = 288.01 CINS = 0.00 EQLV = -9999.00 LFCT = -9999.00
BRCH = 0.00

PRES TMPC TMWC DWPC THTE DRCT SKNT OMEG
CFRL HGHT
1006.90 16.64 15.77 15.20 319.94 236.98 4.64 0.00
0.00 29.32
1003.80 16.74 15.71 15.05 320.14 238.47 10.02 0.10
0.00 55.65
998.30 16.54 15.51 14.85 320.21 240.26 12.53 0.10
0.00 102.56
988.70 16.04 15.03 14.37 319.91 247.43 18.73 0.10
0.00 184.95
974.60 15.24 14.25 13.59 319.30 252.68 22.18 0.10
2.00 307.13
956.50 14.14 13.15 12.46 318.27 257.52 24.28 0.00
29.00 466.01
934.90 13.24 11.88 10.90 317.30 260.15 23.85 0.00
3.00 658.85
911.30 13.34 10.73 8.79 317.05 248.55 23.37 0.00
0.00 874.30
885.60 12.44 9.70 7.60 317.53 240.95 23.99 0.00
0.00 1114.92
856.90 10.74 8.26 6.25 317.41 234.52 22.42 0.00
0.00 1390.70
825.30 9.34 6.21 3.40 316.27 219.54 21.66 0.00
0.00 1703.39
790.60 7.84 4.51 1.31 316.76 202.29 25.60 0.10
0.00 2058.84
753.00 6.54 1.35 -5.02 314.33 204.72 26.94 0.10
0.00 2459.77
712.40 6.24 -1.24 -13.63 314.05 207.42 29.10 0.00
0.00 2914.03
668.80 4.54 -3.83 -22.67 314.77 216.94 32.32 -0.30
0.00 3429.39
622.30 1.34 -6.52 -28.12 316.54 210.85 32.58 -0.50
0.00 4012.04
573.30 -3.06 -9.91 -33.42 318.12 200.56 31.53 -0.50
0.00 4665.91
525.90 -7.76 -13.62 -40.65 319.70 202.44 32.58 -0.30
0.00 5342.36
483.20 -12.06 -16.84 -41.02 322.26 210.77 40.25 -0.10
0.00 5994.94
445.00 -16.96 -20.70 -43.68 323.59 210.48 43.28 0.10
0.00 6618.52
410.70 -21.96 -24.78 -46.71 324.48 207.57 44.48 0.20
0.00 7214.22
379.70 -26.36 -28.55 -50.37 325.87 203.91 46.97 0.20
0.00 7786.25
351.80 -30.16 -31.91 -54.05 327.80 198.50 51.42 0.20
0.00 8333.35
326.80 -33.56 -35.00 -59.19 329.97 194.96 55.69 0.20
0.00 8854.01
304.20 -36.86 -37.98 -59.75 332.16 190.10 57.61 0.10
0.00 9353.14
284.00 -40.46 -41.32 -62.51 333.54 186.34 61.56 0.00
0.00 9824.77
265.80 -43.66 -44.31 -63.01 335.24 188.05 62.39 0.00
0.00 10272.78
248.80 -46.56 -47.08 -66.51 337.27 192.55 59.91 0.10
0.00 10713.98
233.60 -49.06 -49.48 -66.97 339.61 196.88 54.20 0.10
0.00 11129.79
219.60 -50.96 -51.31 -67.41 342.73 200.48 48.31 0.10
0.00 11533.47
205.70 -52.86 -53.18 -72.71 346.16 200.62 43.59 0.10
0.00 11956.93
191.70 -54.76 -55.03 -73.19 350.16 199.19 41.96 0.10
0.00 12409.49
177.70 -56.86 -57.08 -73.70 354.38 200.65 41.32 0.10
0.00 12891.94
163.80 -59.36 -59.53 -74.24 358.54 199.93 37.61 0.00
0.00 13404.64
149.80 -62.06 -9999.00 -9999.00 -9999.00 189.95 33.72 0.00
0.00 13960.22
135.90 -64.16 -9999.00 -9999.00 -9999.00 190.95 36.81 0.00
0.00 14558.94
121.90 -64.16 -9999.00 -9999.00 -9999.00 207.67 35.98 0.00
0.00 15224.02
108.00 -65.16 -9999.00 -9999.00 -9999.00 211.25 26.59 0.00
0.00 15962.88
94.00 -66.36 -9999.00 -9999.00 -9999.00 200.44 22.80 0.00
0.00 16805.70
81.00 -65.56 -9999.00 -9999.00 -9999.00 191.94 20.65 0.00
0.00 17708.41
70.60 -65.86 -9999.00 -9999.00 -9999.00 198.95 13.75 0.00
0.00 18542.83
62.20 -64.76 -9999.00 -9999.00 -9999.00 194.04 8.82 0.00
0.00 19313.49
54.30 -64.86 -9999.00 -9999.00 -9999.00 219.29 2.76 0.00
0.00 20141.84
46.90 -64.56 -9999.00 -9999.00 -9999.00 8.53 3.92 0.00
0.00 21035.73
40.10 -64.76 -9999.00 -9999.00 -9999.00 336.80 2.95 0.00
0.00 21991.68
33.80 -63.16 -9999.00 -9999.00 -9999.00 141.34 2.49 0.00
0.00 23038.24
27.80 -60.76 -9999.00 -9999.00 -9999.00 139.40 1.79 0.00
0.00 24246.32
22.30 -57.56 -9999.00 -9999.00 -9999.00 8.33 8.04 0.00
0.00 25627.17
17.10 -53.56 -9999.00 -9999.00 -9999.00 321.34 8.70 0.00
0.00 27318.24
12.30 -54.96 -9999.00 -9999.00 -9999.00 282.01 18.67 0.00
0.00 29429.28
STN YYMMDD/HHMM PMSL PRES SKTC STC1 SNFL WTNS
P01M C01M STC2 LCLD MCLD HCLD
SNRA UWND VWND R01M BFGR T2MS
Q2MS WXTS WXTP WXTZ WXTR USTM
VSTM HLCY SLLH WSYM CDBP VSBK
TD2M
725065 221026/1200 1011.40 1009.10 18.14 291.30 -9999.00 23.00
-9999.00 -9999.00 291.20 100.00 100.00 0.00
-9999.00 0.50 -1.50 -9999.00 -9999.00 18.14
12.88 0.00 0.00 0.00 0.00 2.10
3.60 63.10 -9999.00 999.00 957.60 20.00
17.81
725065 221026/1300 1010.60 1008.20 18.44 291.60 0.00 26.00
3.55 2.58 291.50 100.00 100.00 0.00
-9999.00 0.60 -1.60 -9999.00 -9999.00 18.04
12.80 0.00 0.00 0.00 1.00 1.50
7.50 20.20 0.00 60.00 1007.30 0.00
17.70
725065 221026/1400 1010.50 1008.20 18.84 292.00 0.00 27.00
3.79 1.82 291.80 91.00 100.00 0.00
-9999.00 -0.40 -1.70 -9999.00 -9999.00 18.34
13.06 0.00 0.00 0.00 1.00 1.50
6.50 13.60 0.00 60.00 998.60 0.00
18.01
725065 221026/1500 1010.20 1007.80 19.94 293.10 0.00 26.00
0.84 0.00 292.80 100.00 100.00 0.00
-9999.00 -0.40 -1.50 -9999.00 -9999.00 19.04
13.65 0.00 0.00 0.00 1.00 4.30
5.30 11.20 0.01 60.00 998.30 0.00
18.70
725065 221026/1600 1009.30 1006.90 19.94 293.10 0.00 26.00
0.30 0.00 292.80 100.00 100.00 0.00
-9999.00 1.20 -1.60 -9999.00 -9999.00 19.04
13.65 0.00 0.00 0.00 1.00 6.10
5.60 -1.20 0.00 60.00 997.40 0.00
18.68
725065 221026/1700 1007.80 1005.40 20.24 293.40 0.00 25.00
0.02 0.00 293.10 100.00 100.00 0.00
-9999.00 1.60 -1.40 -9999.00 -9999.00 19.24
13.81 0.00 0.00 0.00 0.00 8.30
5.20 -19.10 0.00 999.00 986.30 0.00
18.84
725065 221026/1800 1006.40 1004.00 20.94 294.10 0.00 25.00
0.00 0.00 293.70 100.00 78.00 0.00
-9999.00 1.60 -1.50 -9999.00 -9999.00 19.44
13.96 0.00 0.00 0.00 0.00 9.60
5.40 -23.20 0.01 999.00 984.90 0.03
18.99
725065 221026/1900 1005.70 1003.30 21.44 294.60 0.00 25.00
0.00 0.00 294.20 82.00 28.00 0.00
-9999.00 1.60 -0.90 -9999.00 -9999.00 19.84
14.13 0.00 0.00 0.00 0.00 10.80
5.60 -33.60 0.00 999.00 984.20 20.00
19.17
725065 221026/2000 1006.50 1004.20 20.94 294.10 0.00 24.00
0.00 0.00 293.90 100.00 93.00 0.00
-9999.00 2.30 0.50 -9999.00 -9999.00 20.14
14.26 0.00 0.00 0.00 0.00 11.90
5.70 -44.30 -0.01 999.00 985.00 20.00
19.32
725065 221026/2100 1004.80 1002.50 20.04 293.20 0.00 24.00
0.00 0.00 293.10 100.00 60.00 0.00
-9999.00 2.60 0.50 -9999.00 -9999.00 19.64
14.18 0.00 0.00 0.00 0.00 11.30
10.00 -68.40 -0.01 999.00 983.30 0.79
19.21
725065 221026/2200 1006.20 1003.90 19.44 292.60 0.00 24.00
0.00 0.00 292.60 100.00 100.00 0.00
-9999.00 2.00 0.50 -9999.00 -9999.00 19.24
13.89 0.00 0.00 0.00 0.00 11.90
11.50 -90.20 0.00 999.00 984.70 0.07
18.91
725065 221026/2300 1007.90 1005.50 19.24 292.40 0.00 24.00
0.00 0.00 292.40 100.00 85.00 0.00
-9999.00 0.40 1.30 -9999.00 -9999.00 19.04
13.67 0.00 0.00 0.00 0.00 12.10
12.40 -58.10 0.00 999.00 972.20 0.05
18.68
725065 221027/0000 1008.30 1005.90 19.14 292.30 0.00 24.00
0.00 0.00 292.20 100.00 100.00 0.00
-9999.00 0.70 2.30 -9999.00 -9999.00 18.94
13.55 0.00 0.00 0.00 0.00 11.70
14.80 -31.90 0.00 999.00 996.20 0.02
18.55
725065 221027/0100 1007.50 1005.10 19.04 292.20 0.00 24.00
0.00 0.00 292.10 100.00 100.00 0.00
-9999.00 1.30 2.70 -9999.00 -9999.00 18.84
13.50 0.00 0.00 0.00 0.00 12.50
13.60 -26.10 0.00 999.00 971.80 0.01
18.48
725065 221027/0200 1007.70 1005.30 18.74 291.90 0.00 24.00
0.00 0.00 291.90 98.00 100.00 0.00
-9999.00 1.60 2.70 -9999.00 -9999.00 18.64
13.34 0.00 0.00 0.00 0.00 12.60
14.40 -19.10 0.00 999.00 -9999.00 0.02
18.30
725065 221027/0300 1008.20 1005.80 18.24 291.40 0.00 24.00
0.00 0.00 291.40 48.00 100.00 0.00
-9999.00 1.70 2.70 -9999.00 -9999.00 18.14
12.91 0.00 0.00 0.00 0.00 13.10
12.80 -45.40 0.00 999.00 -9999.00 0.21
17.80
725065 221027/0400 1008.40 1006.00 17.94 291.10 0.00 24.00
0.00 0.00 291.10 100.00 100.00 0.00
-9999.00 1.90 2.80 -9999.00 -9999.00 17.74
12.49 0.00 0.00 0.00 0.00 13.50
12.70 -56.50 0.00 999.00 972.70 0.69
17.29
725065 221027/0500 1008.10 1005.70 17.54 290.70 0.00 23.00
0.00 0.00 290.70 100.00 35.00 0.00
-9999.00 1.60 2.80 -9999.00 -9999.00 17.44
12.01 0.00 0.00 0.00 0.00 13.60
12.90 -57.30 0.00 999.00 972.40 0.15
16.67
725065 221027/0600 1008.10 1005.70 17.14 290.30 0.00 23.00
0.00 0.00 290.40 100.00 0.00 0.00
-9999.00 0.60 2.90 -9999.00 -9999.00 17.04
11.85 0.00 0.00 0.00 0.00 13.30
11.90 -23.50 0.00 999.00 972.40 20.00
16.47
725065 221027/0700 1009.10 1006.70 17.04 290.20 0.00 23.00
0.00 0.00 290.20 100.00 0.00 0.00
-9999.00 1.20 2.90 -9999.00 -9999.00 16.94
11.75 0.00 0.00 0.00 0.00 14.10
12.00 -14.80 0.00 999.00 973.30 20.00
16.35
725065 221027/0800 1009.50 1007.10 16.64 289.80 0.00 23.00
0.00 0.00 289.90 79.00 0.00 0.00
-9999.00 1.70 2.10 -9999.00 -9999.00 16.64
11.37 0.00 0.00 0.00 0.00 15.00
11.10 -38.20 0.00 999.00 955.60 20.00
15.85
725065 221027/0900 1010.40 1008.00 15.64 288.80 0.00 23.00
0.00 0.00 289.00 29.00 0.00 0.00
-9999.00 1.90 1.50 -9999.00 -9999.00 15.84
10.92 0.00 0.00 0.00 0.00 15.80
10.40 -68.80 0.00 999.00 -9999.00 20.00
15.25


