
SNPARM = PRES;TMPC;TMWC;DWPC;THTE;DRCT;SKNT;OMEG;CFRL;HGHT 
STNPRM = SHOW;LIFT;SWET;KINX;LCLP;PWAT;TOTL;CAPE;LCLT;CINS;EQLV;LFCT;BRCH 

STID = 6RO STNM = 722330 TIME = 221026/1200 
SLAT = 30.33 SLON = -89.82 SELV = 10.0
STIM = 0

SHOW = 15.82 LIFT = 20.56 SWET = 43.97 KINX = -20.47
LCLP = 921.72 PWAT = 10.57 TOTL = 21.42 CAPE = 0.00
LCLT = 278.35 CINS = 0.00 EQLV = -9999.00 LFCT = -9999.00
BRCH = 0.00

PRES TMPC TMWC DWPC THTE DRCT SKNT OMEG
CFRL HGHT
1013.30 12.84 9.56 6.58 302.04 358.85 9.71 0.10
0.00 19.94
1010.30 12.94 9.52 6.41 302.26 357.09 11.48 0.10
0.00 44.86
1004.70 13.14 9.31 5.77 302.34 357.47 13.23 0.20
0.00 91.59
995.10 12.84 8.54 4.33 301.49 3.29 16.92 0.20
0.00 172.27
981.00 12.14 7.49 2.62 300.52 6.04 20.32 0.30
0.00 291.95
962.80 10.94 6.37 1.31 299.92 4.54 24.55 0.20
0.00 448.44
941.10 10.04 5.07 -0.89 299.37 1.72 25.85 0.20
0.00 638.18
917.30 10.24 4.72 -2.05 301.18 353.29 19.95 0.10
0.00 851.06
891.50 11.44 4.80 -3.40 304.24 324.34 10.99 0.00
0.00 1088.72
862.70 12.34 4.07 -7.28 305.85 283.07 11.17 0.00
0.00 1363.20
830.80 13.24 4.21 -7.87 310.10 272.45 13.62 0.00
0.00 1679.05
795.80 13.04 3.35 -10.47 312.57 274.33 12.86 0.00
0.00 2040.25
757.80 11.04 1.38 -14.40 313.17 288.12 11.25 0.10
0.00 2449.18
716.70 9.54 -0.62 -21.29 314.33 277.85 11.36 0.10
0.00 2912.19
672.60 7.74 -2.71 -31.02 316.19 256.87 17.95 0.10
0.00 3436.24
625.60 4.44 -4.94 -31.30 319.08 262.08 22.55 0.00
0.00 4028.50
576.00 -0.36 -8.13 -31.49 321.16 269.02 22.73 0.00
0.00 4694.08
527.90 -5.06 -11.60 -35.05 323.19 272.70 20.61 0.10
0.00 5384.55
484.80 -9.86 -15.30 -40.15 324.75 276.91 19.37 0.10
0.00 6047.06
446.20 -14.46 -18.88 -43.65 326.50 268.26 25.66 0.10
0.00 6680.98
411.60 -19.26 -22.71 -46.69 327.76 256.95 30.11 0.10
0.00 7286.57
380.40 -23.66 -26.40 -51.26 329.22 252.49 30.34 0.00
0.00 7867.36
352.30 -28.36 -30.38 -52.92 330.14 247.27 31.18 -0.10
0.00 8422.54
327.10 -32.36 -33.94 -57.40 331.58 247.00 36.31 -0.10
0.00 8950.01
304.40 -35.56 -36.83 -59.75 333.92 256.49 46.54 -0.10
0.00 9453.59
284.10 -38.36 -39.40 -60.29 336.56 262.80 57.36 -0.10
0.00 9930.75
265.80 -41.96 -42.72 -60.80 337.77 262.32 62.53 -0.10
0.00 10384.85
248.90 -45.26 -45.84 -63.50 339.21 260.37 63.83 -0.10
0.00 10826.25
233.60 -47.76 -48.25 -66.97 341.58 259.50 65.00 -0.10
0.00 11247.12
219.60 -50.06 -50.45 -67.41 344.12 260.18 66.04 -0.10
0.00 11652.79
205.60 -52.56 -52.89 -72.72 346.68 261.29 65.44 -0.10
0.00 12080.56
191.70 -55.06 -55.32 -73.19 349.67 260.99 60.78 0.00
0.00 12530.00
177.70 -57.76 -57.96 -73.70 352.91 259.95 55.63 0.00
0.00 13011.12
163.80 -60.96 -61.10 -74.24 355.85 259.85 52.89 0.00
0.00 13520.83
149.80 -64.36 -9999.00 -9999.00 -9999.00 260.32 49.65 0.00
0.00 14071.32
135.90 -67.36 -9999.00 -9999.00 -9999.00 259.29 47.05 0.00
0.00 14662.20
121.90 -69.96 -9999.00 -9999.00 -9999.00 258.08 43.28 0.00
0.00 15312.96
108.00 -72.06 -9999.00 -9999.00 -9999.00 260.22 34.30 0.00
0.00 16029.31
94.00 -72.86 -9999.00 -9999.00 -9999.00 247.07 27.43 0.00
0.00 16844.91
81.00 -69.96 -9999.00 -9999.00 -9999.00 252.55 21.39 0.00
0.00 17723.87
70.60 -67.76 -9999.00 -9999.00 -9999.00 245.56 11.73 0.00
0.00 18545.62
62.20 -67.16 -9999.00 -9999.00 -9999.00 194.04 5.61 0.00
0.00 19308.31
54.30 -67.16 -9999.00 -9999.00 -9999.00 149.04 3.40 0.00
0.00 20127.31
46.90 -64.26 -9999.00 -9999.00 -9999.00 79.00 7.13 0.00
0.00 21016.91
40.10 -60.96 -9999.00 -9999.00 -9999.00 67.52 12.20 0.00
0.00 21982.26
33.80 -59.36 -9999.00 -9999.00 -9999.00 48.58 8.80 0.00
0.00 23047.84
27.80 -58.36 -9999.00 -9999.00 -9999.00 353.66 12.32 0.00
0.00 24273.65
22.30 -57.76 -9999.00 -9999.00 -9999.00 349.70 13.03 0.00
0.00 25661.60
17.10 -53.56 -9999.00 -9999.00 -9999.00 274.40 15.19 0.00
0.00 27351.88
12.30 -46.76 -9999.00 -9999.00 -9999.00 256.98 37.08 0.00
0.00 29502.47

STID = 6RO STNM = 722330 TIME = 221026/1300 
SLAT = 30.33 SLON = -89.82 SELV = 10.0
STIM = 1

SHOW = 16.36 LIFT = 20.97 SWET = 44.25 KINX = -23.10
LCLP = 920.59 PWAT = 10.04 TOTL = 20.02 CAPE = 0.00
LCLT = 278.05 CINS = 0.00 EQLV = -9999.00 LFCT = -9999.00
BRCH = 0.00

PRES TMPC TMWC DWPC THTE DRCT SKNT OMEG
CFRL HGHT
1014.70 12.74 9.39 6.31 301.48 360.00 9.13 0.10
0.00 19.93
1011.70 12.64 9.24 6.09 301.44 3.24 10.31 0.10
0.00 44.79
1006.10 12.64 8.95 5.46 301.33 6.77 11.54 0.20
0.00 91.38
996.50 12.54 8.35 4.21 300.90 14.04 15.21 0.30
0.00 171.84
982.30 12.04 7.36 2.40 300.08 17.70 19.17 0.30
0.00 292.11
964.10 11.34 6.04 -0.14 299.00 14.70 24.49 0.30
0.00 448.45
942.30 10.84 5.08 -2.10 299.19 9.98 24.65 0.20
0.00 639.17
918.50 11.14 4.88 -2.96 301.35 360.00 18.65 0.20
0.00 852.38
892.70 11.54 5.03 -2.83 304.64 330.75 11.13 0.10
0.00 1090.13
863.80 12.24 4.01 -7.37 305.56 295.39 12.68 0.10
0.00 1365.21
831.80 13.24 3.62 -10.63 308.48 281.02 15.23 0.10
0.00 1681.55
796.70 13.04 3.02 -12.19 311.60 275.48 14.24 0.10
0.00 2043.28
758.60 11.24 1.36 -15.22 312.95 283.35 11.77 0.20
0.00 2452.93
717.50 9.74 -0.58 -21.87 314.29 274.69 11.89 0.20
0.00 2915.75
673.30 7.94 -2.68 -32.57 316.11 263.25 18.18 0.20
0.00 3440.78
626.10 4.24 -4.94 -29.56 319.06 266.49 22.18 0.10
0.00 4035.01
576.40 -0.46 -8.11 -30.44 321.15 270.51 21.76 0.10
0.00 4701.10
528.30 -4.96 -11.55 -35.32 323.21 273.77 17.72 0.10
0.00 5391.08
485.10 -9.76 -15.25 -40.56 324.77 278.80 16.51 0.10
0.00 6054.91
446.50 -14.56 -18.95 -43.65 326.31 270.00 23.50 0.10
0.00 6688.42
411.80 -19.26 -22.71 -46.68 327.72 256.64 27.76 0.10
0.00 7295.29
380.50 -23.86 -26.54 -50.35 328.97 248.93 28.11 0.00
0.00 7877.50
352.40 -28.46 -30.46 -52.92 329.98 243.27 30.23 0.00
0.00 8432.19
327.20 -32.46 -34.02 -57.40 331.41 248.53 37.16 0.00
0.00 8959.28
304.50 -35.56 -36.83 -59.75 333.89 257.27 47.59 0.00
0.00 9462.60
284.10 -38.66 -39.67 -60.29 336.13 261.65 56.16 0.00
0.00 9941.73
265.80 -42.16 -42.90 -60.80 337.47 261.68 59.09 0.00
0.00 10395.34
248.90 -45.36 -45.93 -63.50 339.06 260.72 60.24 0.00
0.00 10836.45
233.60 -47.96 -48.43 -66.97 341.28 259.25 62.47 0.00
0.00 11257.05
219.60 -50.06 -50.45 -67.41 344.12 260.37 65.02 0.00
0.00 11662.53
205.60 -52.46 -52.80 -72.72 346.84 262.26 64.88 0.00
0.00 12090.40
191.70 -55.06 -55.32 -73.19 349.67 262.33 61.15 0.00
0.00 12539.93
177.70 -57.76 -57.96 -73.70 352.91 261.93 55.32 0.00
0.00 13021.06
163.80 -60.86 -61.00 -74.24 356.02 261.87 52.19 0.00
0.00 13530.89
149.80 -64.26 -9999.00 -9999.00 -9999.00 260.91 49.18 0.00
0.00 14081.64
135.90 -67.56 -9999.00 -9999.00 -9999.00 258.34 44.23 0.00
0.00 14672.38
121.90 -70.36 -9999.00 -9999.00 -9999.00 255.70 40.89 0.00
0.00 15322.18
108.00 -72.06 -9999.00 -9999.00 -9999.00 255.48 33.31 0.00
0.00 16037.83
94.00 -72.76 -9999.00 -9999.00 -9999.00 246.37 27.14 0.00
0.00 16853.62
81.00 -69.96 -9999.00 -9999.00 -9999.00 253.91 21.02 0.00
0.00 17732.81
70.60 -67.66 -9999.00 -9999.00 -9999.00 248.01 10.90 0.00
0.00 18554.75
62.20 -67.06 -9999.00 -9999.00 -9999.00 191.31 5.94 0.00
0.00 19317.82
54.30 -66.56 -9999.00 -9999.00 -9999.00 169.99 3.36 0.00
0.00 20138.21
46.90 -63.26 -9999.00 -9999.00 -9999.00 90.00 6.60 0.00
0.00 21031.24
40.10 -60.56 -9999.00 -9999.00 -9999.00 74.05 12.72 0.00
0.00 21999.80
33.80 -59.86 -9999.00 -9999.00 -9999.00 48.92 10.04 0.00
0.00 23065.13
27.80 -58.86 -9999.00 -9999.00 -9999.00 5.53 12.10 0.00
0.00 24288.08
22.30 -57.16 -9999.00 -9999.00 -9999.00 353.02 9.60 0.00
0.00 25676.35
17.10 -52.56 -9999.00 -9999.00 -9999.00 272.00 16.72 0.00
0.00 27372.86
12.30 -46.26 -9999.00 -9999.00 -9999.00 255.89 38.25 0.00
0.00 29530.67

STID = 6RO STNM = 722330 TIME = 221026/1400 
SLAT = 30.33 SLON = -89.82 SELV = 10.0
STIM = 2

SHOW = 17.05 LIFT = 21.05 SWET = 43.16 KINX = -25.62
LCLP = 877.47 PWAT = 9.57 TOTL = 18.29 CAPE = 0.00
LCLT = 275.92 CINS = 0.00 EQLV = -9999.00 LFCT = -9999.00
BRCH = 0.00

PRES TMPC TMWC DWPC THTE DRCT SKNT OMEG
CFRL HGHT
1015.60 14.54 9.58 4.86 301.76 11.82 8.53 0.00
0.00 19.98
1012.60 14.14 9.32 4.68 301.46 15.78 9.29 0.10
0.00 44.95
1007.00 13.64 9.00 4.50 301.30 18.08 10.00 0.10
0.00 91.70
997.40 12.74 8.43 4.17 300.98 19.06 11.31 0.10
0.00 172.24
983.30 11.94 7.43 2.71 300.15 20.30 15.11 0.20
0.00 291.57
965.00 11.44 6.14 0.01 299.14 17.42 20.77 0.20
0.00 448.62
943.20 11.34 5.23 -2.41 299.41 13.42 21.78 0.10
0.00 639.36
919.40 11.84 4.94 -3.94 301.33 3.86 17.33 0.10
0.00 852.79
893.50 11.74 4.90 -3.57 304.23 336.80 11.83 -0.10
0.00 1091.59
864.50 11.94 4.28 -5.72 306.18 304.38 13.42 -0.10
0.00 1367.35
832.50 13.24 2.82 -15.41 306.37 287.59 16.71 0.00
0.00 1683.24
797.40 12.94 2.53 -14.85 310.26 273.72 15.00 0.00
0.00 2044.48
759.30 11.44 1.29 -16.35 312.64 274.93 11.31 0.00
0.00 2453.77
718.10 10.14 -0.46 -22.88 314.40 271.91 11.65 0.10
0.00 2917.76
673.80 8.14 -2.55 -32.29 316.30 270.64 17.29 0.10
0.00 3444.11
626.60 4.14 -4.90 -28.23 319.11 269.48 21.37 0.10
0.00 4038.01
576.80 -0.46 -8.08 -30.04 321.16 270.56 20.01 0.10
0.00 4704.83
528.60 -4.66 -11.41 -36.19 323.41 270.00 14.18 0.10
0.00 5396.19
485.30 -9.66 -15.19 -40.98 324.82 274.14 13.44 0.10
0.00 6061.72
446.60 -14.66 -19.02 -43.64 326.16 266.29 21.02 0.00
0.00 6696.68
411.90 -19.36 -22.78 -46.68 327.57 252.26 25.49 0.00
0.00 7303.16
380.60 -23.86 -26.52 -49.52 328.99 242.88 26.85 0.00
0.00 7885.11
352.50 -28.36 -30.38 -52.91 330.09 241.99 31.02 0.00
0.00 8439.76
327.20 -32.26 -33.85 -57.40 331.69 251.75 38.46 0.00
0.00 8969.20
304.50 -35.36 -36.66 -59.75 334.17 258.69 48.54 0.00
0.00 9472.94
284.10 -38.66 -39.64 -58.53 336.17 261.16 55.63 -0.10
0.00 9952.27
265.80 -42.26 -42.99 -60.80 337.33 261.93 56.70 -0.10
0.00 10405.79
248.90 -45.36 -45.93 -63.50 339.06 261.84 57.50 -0.10
0.00 10846.80
233.60 -47.86 -48.34 -66.97 341.43 260.60 60.64 0.00
0.00 11267.49
219.60 -49.86 -50.26 -67.41 344.43 261.25 63.87 0.00
0.00 11673.25
205.60 -52.26 -52.60 -72.72 347.15 263.39 64.14 0.00
0.00 12101.50
191.70 -55.06 -55.32 -73.19 349.67 265.04 60.64 0.00
0.00 12551.24
177.70 -57.96 -58.15 -73.70 352.58 264.49 54.64 0.00
0.00 13032.14
163.80 -60.86 -61.00 -74.24 356.02 263.44 49.28 0.00
0.00 13541.74
149.80 -63.96 -9999.00 -9999.00 -9999.00 261.24 47.16 0.00
0.00 14092.88
135.90 -67.26 -9999.00 -9999.00 -9999.00 256.81 41.71 0.00
0.00 14684.47
121.90 -70.26 -9999.00 -9999.00 -9999.00 254.62 38.07 0.00
0.00 15334.91
108.00 -71.96 -9999.00 -9999.00 -9999.00 252.56 31.76 0.00
0.00 16050.91
94.00 -72.56 -9999.00 -9999.00 -9999.00 248.36 26.34 0.00
0.00 16867.32
81.00 -70.06 -9999.00 -9999.00 -9999.00 261.47 19.64 0.00
0.00 17746.72
70.60 -67.76 -9999.00 -9999.00 -9999.00 258.44 8.72 0.00
0.00 18568.26
62.20 -67.06 -9999.00 -9999.00 -9999.00 196.50 5.48 0.00
0.00 19331.14
54.30 -66.16 -9999.00 -9999.00 -9999.00 187.13 3.13 0.00
0.00 20152.33
46.90 -62.66 -9999.00 -9999.00 -9999.00 94.29 7.79 0.00
0.00 21047.50
40.10 -60.66 -9999.00 -9999.00 -9999.00 83.50 15.44 0.00
0.00 22017.21
33.80 -60.06 -9999.00 -9999.00 -9999.00 66.67 10.78 0.00
0.00 23081.78
27.80 -58.06 -9999.00 -9999.00 -9999.00 27.03 10.68 0.00
0.00 24306.45
22.30 -55.66 -9999.00 -9999.00 -9999.00 4.51 7.40 0.00
0.00 25702.14
17.10 -51.36 -9999.00 -9999.00 -9999.00 279.25 16.92 0.00
0.00 27409.14
12.30 -46.16 -9999.00 -9999.00 -9999.00 261.37 34.97 0.00
0.00 29573.23

STID = 6RO STNM = 722330 TIME = 221026/1500 
SLAT = 30.33 SLON = -89.82 SELV = 10.0
STIM = 3

SHOW = 17.08 LIFT = 20.55 SWET = 44.49 KINX = -22.93
LCLP = 839.68 PWAT = 9.68 TOTL = 18.80 CAPE = 0.00
LCLT = 274.07 CINS = 0.00 EQLV = -9999.00 LFCT = -9999.00
BRCH = 0.00

PRES TMPC TMWC DWPC THTE DRCT SKNT OMEG
CFRL HGHT
1015.70 16.24 9.85 3.61 302.32 11.04 8.12 0.00
0.00 19.20
1012.60 15.64 9.50 3.42 301.81 13.74 8.99 0.00
0.00 45.14
1007.10 15.04 9.14 3.25 301.56 14.04 9.62 0.00
0.00 91.27
997.40 14.24 8.68 3.06 301.51 14.04 10.41 0.00
0.00 173.03
983.30 12.94 7.93 2.77 301.28 14.04 11.21 0.00
0.00 292.88
965.10 11.44 6.95 2.18 300.99 11.15 14.06 0.00
0.00 449.37
943.30 10.94 5.45 -1.11 299.93 9.57 17.54 0.00
0.00 640.01
919.40 11.74 4.80 -4.29 300.99 6.20 17.97 0.00
0.00 854.16
893.50 11.74 4.39 -5.38 303.01 346.94 13.75 0.00
0.00 1092.88
864.50 11.54 4.31 -4.89 306.30 317.12 14.84 -0.10
0.00 1368.43
832.50 12.54 2.69 -13.93 306.18 299.82 18.36 0.00
0.00 1683.74
797.50 12.64 2.04 -17.20 309.07 279.34 15.56 0.00
0.00 2043.29
759.30 11.44 1.17 -17.22 312.32 274.01 11.09 0.00
0.00 2453.37
718.10 10.14 -0.39 -22.11 314.59 276.01 11.13 0.00
0.00 2917.35
673.90 8.04 -2.36 -28.19 316.80 276.63 16.82 0.10
0.00 3442.42
626.60 3.94 -4.84 -26.25 319.29 271.59 20.98 0.10
0.00 4037.27
576.80 -0.36 -8.00 -29.85 321.31 269.40 18.45 0.10
0.00 4704.00
528.60 -4.56 -11.39 -37.14 323.42 260.84 12.20 0.00
0.00 5395.61
485.30 -9.66 -15.19 -40.98 324.82 262.53 11.95 -0.10
0.00 6061.26
446.60 -14.76 -19.09 -43.64 326.04 260.73 19.29 -0.10
0.00 6696.09
411.90 -19.56 -22.93 -46.68 327.31 248.37 24.24 -0.10
0.00 7302.22
380.60 -24.06 -26.67 -49.52 328.72 240.51 27.23 -0.10
0.00 7883.70
352.50 -28.36 -30.40 -54.03 330.05 243.43 32.15 -0.10
0.00 8438.13
327.20 -32.06 -33.68 -57.40 331.96 255.43 40.13 -0.10
0.00 8967.79
304.50 -35.16 -36.48 -59.75 334.46 260.25 50.47 -0.10
0.00 9471.94
284.10 -38.76 -39.73 -58.53 336.03 262.53 55.24 -0.10
0.00 9951.38
265.80 -42.46 -43.15 -59.06 337.08 263.50 54.93 -0.10
0.00 10404.60
248.90 -45.36 -45.91 -61.31 339.10 263.22 55.94 0.00
0.00 10845.43
233.60 -47.66 -48.13 -63.98 341.78 261.63 60.08 0.00
0.00 11266.31
219.60 -49.76 -50.17 -67.41 344.58 261.57 63.62 0.00
0.00 11672.33
205.60 -52.36 -52.70 -72.72 346.99 263.12 63.19 0.00
0.00 12100.59
191.70 -55.16 -55.42 -73.19 349.51 265.10 59.07 0.00
0.00 12550.12
177.70 -58.26 -58.45 -73.70 352.09 263.88 54.70 0.00
0.00 13030.58
163.80 -61.26 -61.39 -74.24 355.35 261.30 50.12 0.00
0.00 13539.34
149.80 -63.96 -9999.00 -9999.00 -9999.00 260.61 47.65 0.00
0.00 14089.96
135.90 -66.96 -9999.00 -9999.00 -9999.00 256.72 43.10 0.00
0.00 14681.98
121.90 -69.86 -9999.00 -9999.00 -9999.00 252.12 37.96 0.10
0.00 15333.53
108.00 -71.76 -9999.00 -9999.00 -9999.00 249.52 32.77 0.00
0.00 16050.60
94.00 -72.36 -9999.00 -9999.00 -9999.00 251.18 27.70 0.00
0.00 16867.82
81.00 -69.96 -9999.00 -9999.00 -9999.00 267.17 19.64 0.00
0.00 17747.87
70.60 -67.66 -9999.00 -9999.00 -9999.00 259.29 7.32 0.00
0.00 18569.82
62.20 -66.96 -9999.00 -9999.00 -9999.00 202.48 6.10 0.00
0.00 19333.07
54.30 -65.86 -9999.00 -9999.00 -9999.00 199.65 2.89 0.00
0.00 20155.06
46.90 -62.56 -9999.00 -9999.00 -9999.00 90.00 8.16 0.00
0.00 21051.09
40.10 -61.26 -9999.00 -9999.00 -9999.00 89.23 14.37 0.00
0.00 22019.64
33.80 -59.86 -9999.00 -9999.00 -9999.00 76.61 8.39 0.00
0.00 23083.22
27.80 -57.66 -9999.00 -9999.00 -9999.00 44.17 9.48 0.00
0.00 24309.61
22.30 -55.76 -9999.00 -9999.00 -9999.00 34.70 6.14 0.00
0.00 25706.26
17.10 -52.46 -9999.00 -9999.00 -9999.00 288.20 14.92 0.00
0.00 27408.60
12.30 -47.06 -9999.00 -9999.00 -9999.00 261.52 31.62 0.00
0.00 29563.04

STID = 6RO STNM = 722330 TIME = 221026/1600 
SLAT = 30.33 SLON = -89.82 SELV = 10.0
STIM = 4

SHOW = 16.53 LIFT = 19.51 SWET = 43.98 KINX = -18.70
LCLP = 813.92 PWAT = 10.14 TOTL = 20.29 CAPE = 0.00
LCLT = 273.18 CINS = 0.00 EQLV = -9999.00 LFCT = -9999.00
BRCH = 0.00

PRES TMPC TMWC DWPC THTE DRCT SKNT OMEG
CFRL HGHT
1015.30 17.84 10.38 3.13 303.60 6.34 7.03 0.00
0.00 19.25
1012.20 17.14 10.00 2.97 303.01 7.31 7.63 0.00
0.00 45.34
1006.70 16.54 9.66 2.83 302.80 6.95 8.02 0.00
0.00 91.72
997.10 15.54 9.11 2.64 302.52 6.34 8.80 0.00
0.00 173.06
982.90 14.24 8.38 2.37 302.33 5.71 9.75 -0.10
0.00 294.34
964.70 12.74 7.51 2.05 302.31 5.39 10.33 -0.10
0.00 451.59
942.90 11.04 6.26 1.02 301.84 4.84 11.50 -0.10
0.00 642.82
919.10 10.74 4.89 -2.29 301.34 3.87 14.41 0.00
0.00 855.89
893.20 11.74 4.10 -6.53 302.34 357.58 13.81 0.10
0.00 1094.28
864.20 11.74 4.13 -5.91 305.87 326.73 14.88 0.10
0.00 1369.99
832.30 12.14 3.22 -9.96 307.57 309.88 18.47 0.10
0.00 1684.33
797.20 12.24 1.73 -17.99 308.42 286.63 15.62 0.10
0.00 2044.57
759.10 11.24 0.97 -17.88 311.90 270.95 11.65 0.10
0.00 2453.25
717.90 10.04 -0.22 -20.15 315.07 274.09 10.90 0.10
0.00 2917.13
673.70 7.84 -2.16 -24.28 317.42 275.25 16.98 0.10
0.00 3442.14
626.40 3.64 -4.86 -24.68 319.35 270.54 20.78 0.10
0.00 4036.70
576.60 -0.56 -8.12 -29.85 321.11 266.27 17.91 0.10
0.00 4703.07
528.50 -4.66 -11.44 -36.81 323.35 248.03 11.95 0.00
0.00 5393.05
485.20 -9.86 -15.33 -40.98 324.59 245.22 11.13 -0.10
0.00 6058.46
446.60 -15.06 -19.29 -43.14 325.70 251.98 16.96 -0.20
0.00 6691.11
411.90 -19.86 -23.14 -46.06 326.96 244.77 22.34 -0.20
0.00 7296.53
380.50 -24.36 -26.89 -48.76 328.39 238.39 26.69 -0.20
0.00 7879.26
352.40 -28.66 -30.65 -54.04 329.67 243.12 31.35 -0.10
0.00 8433.17
327.20 -32.16 -33.76 -57.40 331.83 254.67 39.69 -0.10
0.00 8960.37
304.50 -35.06 -36.37 -57.98 334.64 259.76 49.15 -0.10
0.00 9464.52
284.10 -38.46 -39.46 -58.53 336.46 265.17 55.36 0.00
0.00 9944.37
265.80 -42.36 -43.06 -59.06 337.22 265.44 53.79 0.00
0.00 10397.98
248.90 -45.36 -45.91 -61.31 339.10 264.04 54.29 0.00
0.00 10838.90
233.60 -47.56 -48.06 -66.97 341.88 263.03 60.86 0.00
0.00 11259.87
219.60 -49.76 -50.19 -72.27 344.53 263.91 64.08 0.10
0.00 11665.99
205.60 -52.46 -52.80 -72.72 346.84 265.00 62.39 0.10
0.00 12094.14
191.70 -55.36 -55.61 -73.19 349.19 264.44 58.16 0.10
0.00 12543.37
177.70 -58.46 -58.64 -73.70 351.76 261.72 53.98 0.10
0.00 13023.39
163.80 -61.46 -61.59 -74.24 355.01 258.90 51.48 0.00
0.00 13531.67
149.80 -64.16 -64.25 -74.84 359.55 259.76 49.15 0.00
0.00 14081.77
135.90 -66.66 -9999.00 -9999.00 -9999.00 258.84 43.16 0.00
0.00 14673.93
121.90 -69.36 -9999.00 -9999.00 -9999.00 252.22 37.53 0.00
0.00 15326.76
108.00 -71.76 -9999.00 -9999.00 -9999.00 249.61 32.32 0.00
0.00 16044.71
94.00 -72.26 -9999.00 -9999.00 -9999.00 256.36 27.18 0.00
0.00 16862.13
81.00 -70.36 -9999.00 -9999.00 -9999.00 272.57 17.31 0.00
0.00 17741.53
70.60 -68.06 -9999.00 -9999.00 -9999.00 237.09 3.92 0.00
0.00 18561.87
62.20 -67.36 -9999.00 -9999.00 -9999.00 183.01 7.40 0.00
0.00 19323.63
54.30 -66.16 -9999.00 -9999.00 -9999.00 176.82 3.50 0.00
0.00 20144.23
46.90 -63.36 -9999.00 -9999.00 -9999.00 87.46 8.74 0.00
0.00 21037.90
40.10 -61.96 -9999.00 -9999.00 -9999.00 93.75 11.87 0.00
0.00 22003.02
33.80 -59.66 -9999.00 -9999.00 -9999.00 77.91 5.56 0.00
0.00 23065.34
27.80 -57.56 -9999.00 -9999.00 -9999.00 46.79 8.80 0.00
0.00 24292.59
22.30 -56.26 -9999.00 -9999.00 -9999.00 41.63 4.68 0.00
0.00 25687.96
17.10 -53.06 -9999.00 -9999.00 -9999.00 288.92 14.37 0.00
0.00 27386.02
12.30 -47.56 -9999.00 -9999.00 -9999.00 261.11 28.90 0.00
0.00 29535.15

STID = 6RO STNM = 722330 TIME = 221026/1700 
SLAT = 30.33 SLON = -89.82 SELV = 10.0
STIM = 5

SHOW = 15.90 LIFT = 18.50 SWET = 46.23 KINX = -16.09
LCLP = 790.14 PWAT = 10.59 TOTL = 21.46 CAPE = 0.00
LCLT = 272.27 CINS = 0.00 EQLV = -9999.00 LFCT = -9999.00
BRCH = 0.00

PRES TMPC TMWC DWPC THTE DRCT SKNT OMEG
CFRL HGHT
1014.10 19.24 10.80 2.60 304.70 355.76 5.26 0.00
0.00 20.15
1011.10 18.54 10.44 2.46 304.13 354.09 5.67 0.00
0.00 45.55
1005.50 17.94 10.10 2.32 303.93 354.47 6.04 0.00
0.00 93.05
996.00 16.94 9.56 2.13 303.65 353.48 6.84 -0.10
0.00 174.01
981.80 15.64 8.83 1.87 303.48 354.14 7.61 -0.20
0.00 296.00
963.60 13.94 7.88 1.54 303.24 354.81 8.59 -0.20
0.00 454.14
941.80 12.14 6.84 1.19 303.29 355.14 9.17 -0.20
0.00 646.35
918.00 10.74 5.71 0.10 303.37 354.40 9.95 -0.10
0.00 860.13
892.20 11.54 4.22 -5.63 302.78 355.46 12.28 0.00
0.00 1097.86
863.30 12.34 4.21 -6.73 306.11 334.69 15.91 0.20
0.00 1373.10
831.40 12.44 3.83 -7.86 309.16 318.99 17.75 0.30
0.00 1688.30
796.30 12.44 2.13 -15.78 309.49 298.25 14.78 0.20
0.00 2049.32
758.30 11.44 1.04 -18.08 312.15 273.75 11.87 0.20
0.00 2457.69
717.20 10.04 -0.12 -19.23 315.45 275.91 11.32 0.10
0.00 2921.09
673.10 7.64 -2.03 -22.00 317.88 275.71 17.56 0.10
0.00 3445.26
625.90 3.54 -4.84 -23.91 319.51 270.54 20.78 0.10
0.00 4038.79
576.20 -0.56 -8.16 -30.24 321.10 263.03 17.62 0.00
0.00 4704.20
528.10 -4.86 -11.57 -36.82 323.18 239.04 13.60 0.00
0.00 5394.42
485.00 -9.96 -15.38 -40.56 324.55 232.28 13.01 -0.10
0.00 6056.77
446.40 -15.26 -19.40 -42.21 325.56 241.97 16.94 -0.10
0.00 6689.34
411.70 -20.06 -23.28 -45.47 326.78 238.95 22.22 -0.10
0.00 7294.57
380.40 -24.66 -27.13 -48.76 328.02 237.99 27.49 -0.10
0.00 7875.09
352.30 -28.86 -30.81 -54.04 329.42 244.35 32.75 -0.10
0.00 8428.58
327.10 -32.06 -33.68 -57.40 331.99 254.13 41.20 -0.10
0.00 8955.83
304.40 -34.96 -36.29 -57.98 334.81 262.09 50.80 0.00
0.00 9460.36
284.10 -38.36 -39.37 -58.53 336.60 266.40 55.67 0.00
0.00 9938.13
265.80 -42.26 -42.97 -59.06 337.37 265.11 52.45 0.00
0.00 10391.94
248.90 -45.36 -45.91 -61.31 339.10 263.25 54.56 0.00
0.00 10832.96
233.60 -47.66 -48.15 -66.97 341.73 263.64 61.36 0.10
0.00 11253.84
219.60 -49.96 -50.38 -72.27 344.22 265.56 62.74 0.10
0.00 11659.68
205.60 -52.56 -52.89 -72.72 346.68 265.63 61.17 0.10
0.00 12087.55
191.70 -55.36 -55.61 -73.19 349.19 264.08 58.39 0.10
0.00 12536.67
177.70 -58.36 -58.54 -73.70 351.93 261.35 54.23 0.10
0.00 13016.80
163.80 -61.36 -61.49 -74.24 355.18 257.94 52.04 0.10
0.00 13525.32
149.80 -64.16 -64.25 -74.84 359.55 259.21 50.82 0.00
0.00 14075.55
135.90 -66.56 -9999.00 -9999.00 -9999.00 260.20 43.38 0.00
0.00 14667.85
121.90 -69.16 -9999.00 -9999.00 -9999.00 253.59 36.44 0.00
0.00 15321.16
108.00 -71.86 -9999.00 -9999.00 -9999.00 249.90 31.64 0.00
0.00 16039.29
94.00 -72.76 -9999.00 -9999.00 -9999.00 256.07 26.61 0.00
0.00 16855.49
81.00 -71.06 -9999.00 -9999.00 -9999.00 264.52 14.24 0.00
0.00 17732.27
70.60 -68.56 -9999.00 -9999.00 -9999.00 185.19 6.43 0.00
0.00 18550.20
62.20 -67.36 -9999.00 -9999.00 -9999.00 176.93 10.90 0.00
0.00 19311.03
54.30 -65.86 -9999.00 -9999.00 -9999.00 172.15 5.69 0.00
0.00 20132.23
46.90 -63.66 -9999.00 -9999.00 -9999.00 95.57 8.00 0.00
0.00 21025.90
40.10 -61.66 -9999.00 -9999.00 -9999.00 93.01 7.40 0.00
0.00 21991.02
33.80 -59.06 -9999.00 -9999.00 -9999.00 49.64 5.09 0.00
0.00 23055.59
27.80 -57.86 -9999.00 -9999.00 -9999.00 45.78 10.02 0.00
0.00 24283.70
22.30 -56.86 -9999.00 -9999.00 -9999.00 57.53 2.53 0.00
0.00 25676.16
17.10 -52.76 -9999.00 -9999.00 -9999.00 276.43 13.87 0.00
0.00 27373.05
12.30 -47.06 -9999.00 -9999.00 -9999.00 262.53 28.40 0.00
0.00 29526.05

STID = 6RO STNM = 722330 TIME = 221026/1800 
SLAT = 30.33 SLON = -89.82 SELV = 10.0
STIM = 6

SHOW = 15.42 LIFT = 17.46 SWET = 47.32 KINX = -15.16
LCLP = 773.18 PWAT = 10.87 TOTL = 22.24 CAPE = 0.00
LCLT = 271.88 CINS = 0.00 EQLV = -9999.00 LFCT = -9999.00
BRCH = 0.00

PRES TMPC TMWC DWPC THTE DRCT SKNT OMEG
CFRL HGHT
1012.90 20.54 11.32 2.49 306.09 330.26 3.13 0.00
0.00 20.21
1009.90 19.84 10.96 2.35 305.53 327.99 3.67 0.00
0.00 45.75
1004.40 19.24 10.63 2.21 305.32 327.09 3.92 -0.10
0.00 92.66
994.80 18.24 10.09 2.02 305.05 332.35 4.60 -0.20
0.00 174.94
980.70 16.84 9.33 1.76 304.77 335.22 5.56 -0.40
0.00 296.73
962.50 15.24 8.43 1.43 304.65 338.84 6.45 -0.50
0.00 455.73
940.80 13.34 7.36 1.08 304.59 341.57 7.36 -0.50
0.00 648.10
917.00 11.74 6.12 -0.08 304.41 345.65 8.62 -0.40
0.00 862.93
891.20 10.94 4.61 -3.21 303.87 347.35 9.75 -0.10
0.00 1101.13
862.30 12.84 4.28 -7.44 306.34 341.79 15.54 0.20
0.00 1376.68
830.50 12.84 4.28 -6.80 310.36 327.23 16.86 0.30
0.00 1691.74
795.50 12.74 2.57 -13.88 310.66 305.73 13.64 0.20
0.00 2052.61
757.50 11.74 1.20 -18.00 312.61 277.99 11.19 0.10
0.00 2461.86
716.50 9.94 -0.25 -19.85 315.23 278.82 11.40 0.10
0.00 2924.75
672.50 7.44 -1.96 -20.48 318.19 275.71 17.56 0.10
0.00 3447.95
625.40 3.34 -4.94 -23.79 319.39 270.56 20.01 0.10
0.00 4040.33
575.80 -0.76 -8.28 -30.25 320.93 259.70 17.37 0.00
0.00 4704.42
527.80 -5.06 -11.66 -36.20 323.07 235.71 15.52 -0.10
0.00 5393.14
484.70 -10.16 -15.47 -39.38 324.47 226.52 15.52 -0.10
0.00 6055.39
446.20 -15.46 -19.56 -42.67 325.31 234.16 17.25 -0.10
0.00 6686.18
411.60 -20.16 -23.35 -45.48 326.68 235.62 22.36 -0.10
0.00 7289.52
380.30 -24.66 -27.15 -49.53 328.01 239.77 28.55 -0.10
0.00 7870.06
352.30 -28.86 -30.84 -55.32 329.38 248.08 35.39 -0.10
0.00 8421.66
327.10 -31.76 -33.42 -57.40 332.41 255.72 44.09 0.00
0.00 8949.23
304.40 -34.66 -36.02 -57.98 335.23 264.75 53.05 0.00
0.00 9454.39
284.10 -38.26 -39.28 -58.53 336.75 265.27 54.18 0.00
0.00 9932.57
265.80 -42.26 -42.97 -59.06 337.37 263.14 52.04 0.00
0.00 10386.47
248.90 -45.36 -45.93 -63.50 339.06 262.85 57.75 0.00
0.00 10827.49
233.60 -47.66 -48.15 -66.97 341.73 264.25 62.08 0.00
0.00 11248.37
219.60 -50.26 -50.67 -72.27 343.76 265.76 63.11 0.00
0.00 11653.94
205.60 -52.96 -53.28 -72.72 346.05 265.94 63.09 0.00
0.00 12081.13
191.70 -55.66 -55.90 -73.19 348.71 264.74 61.44 0.00
0.00 12529.54
177.70 -58.46 -58.64 -73.70 351.76 261.87 57.69 0.00
0.00 13009.22
163.80 -61.46 -61.59 -74.24 355.01 257.29 54.76 0.00
0.00 13517.50
149.80 -64.56 -64.65 -74.84 358.86 257.92 53.83 0.00
0.00 14067.07
135.90 -66.96 -9999.00 -9999.00 -9999.00 260.30 46.11 0.00
0.00 14658.24
121.90 -69.16 -9999.00 -9999.00 -9999.00 253.10 36.75 0.00
0.00 15310.91
108.00 -71.76 -9999.00 -9999.00 -9999.00 247.17 32.03 0.00
0.00 16029.22
94.00 -72.56 -9999.00 -9999.00 -9999.00 251.83 26.79 0.00
0.00 16846.03
81.00 -70.26 -9999.00 -9999.00 -9999.00 248.50 13.77 0.00
0.00 17724.99
70.60 -67.46 -9999.00 -9999.00 -9999.00 187.85 11.36 0.00
0.00 18546.74
62.20 -65.96 -9999.00 -9999.00 -9999.00 184.61 12.08 0.00
0.00 19312.21
54.30 -64.66 -9999.00 -9999.00 -9999.00 157.38 5.05 0.00
0.00 20138.57
46.90 -63.86 -9999.00 -9999.00 -9999.00 92.73 8.16 0.00
0.00 21034.39
40.10 -61.96 -9999.00 -9999.00 -9999.00 93.69 6.04 0.00
0.00 21998.36
33.80 -59.56 -9999.00 -9999.00 -9999.00 81.87 5.50 0.00
0.00 23060.94
27.80 -58.66 -9999.00 -9999.00 -9999.00 90.00 7.96 0.00
0.00 24285.32
22.30 -56.26 -9999.00 -9999.00 -9999.00 185.04 6.62 0.00
0.00 25677.14
17.10 -50.36 -9999.00 -9999.00 -9999.00 258.82 17.04 0.00
0.00 27385.69
12.30 -45.96 -9999.00 -9999.00 -9999.00 260.28 28.77 0.00
0.00 29555.56

STID = 6RO STNM = 722330 TIME = 221026/1900 
SLAT = 30.33 SLON = -89.82 SELV = 10.0
STIM = 7

SHOW = 15.50 LIFT = 16.54 SWET = 48.89 KINX = -15.52
LCLP = 757.22 PWAT = 10.85 TOTL = 21.99 CAPE = 0.00
LCLT = 271.38 CINS = 0.00 EQLV = -9999.00 LFCT = -9999.00
BRCH = 0.00

PRES TMPC TMWC DWPC THTE DRCT SKNT OMEG
CFRL HGHT
1012.70 21.74 11.76 2.27 307.18 307.57 3.19 0.00
0.00 20.25
1009.70 21.04 11.39 2.10 306.59 304.51 3.77 0.00
0.00 45.90
1004.20 20.44 11.08 1.99 306.40 305.22 4.04 -0.20
0.00 93.01
994.60 19.44 10.54 1.79 306.14 311.63 4.68 -0.30
0.00 175.64
980.50 18.14 9.83 1.53 305.97 320.71 5.52 -0.50
0.00 297.98
962.30 16.54 8.94 1.21 305.86 329.04 6.80 -0.70
0.00 457.71
940.60 14.64 7.87 0.83 305.78 335.90 8.08 -0.70
0.00 650.99
916.80 12.74 6.47 -0.45 305.19 341.20 9.63 -0.60
0.00 866.72
891.00 10.94 5.30 -1.11 305.53 343.30 10.14 -0.30
0.00 1105.42
862.20 12.54 4.00 -8.01 305.70 345.41 14.65 0.10
0.00 1379.96
830.30 13.14 4.29 -7.33 310.37 333.14 16.76 0.30
0.00 1696.05
795.40 13.04 2.61 -14.57 310.72 310.79 13.09 0.20
0.00 2056.30
757.40 11.94 1.27 -18.29 312.75 285.52 10.88 0.10
0.00 2465.95
716.40 9.94 -0.30 -20.28 315.11 280.39 11.85 0.10
0.00 2929.06
672.30 7.24 -1.97 -19.68 318.26 276.82 18.01 0.10
0.00 3453.38
625.30 3.24 -5.01 -23.92 319.25 271.15 19.42 0.10
0.00 4044.33
575.70 -0.96 -8.37 -29.87 320.78 257.05 17.35 0.00
0.00 4708.17
527.70 -5.26 -11.74 -35.33 322.95 238.72 17.95 0.00
0.00 5396.51
484.60 -10.36 -15.60 -39.38 324.24 230.58 18.36 0.00
0.00 6058.41
446.10 -15.46 -19.60 -43.65 325.26 232.33 19.39 0.00
0.00 6689.08
411.50 -20.16 -23.35 -45.48 326.70 237.46 24.20 0.00
0.00 7292.56
380.30 -24.76 -27.27 -51.27 327.79 245.15 31.90 0.00
0.00 7871.20
352.30 -28.66 -30.67 -55.32 329.65 253.22 38.34 0.00
0.00 8422.91
327.10 -31.36 -33.08 -57.40 332.96 260.54 46.08 0.00
0.00 8951.13
304.40 -34.56 -35.94 -57.98 335.37 266.28 53.92 0.10
0.00 9456.82
284.10 -38.46 -39.44 -57.07 336.50 264.39 53.67 0.10
0.00 9934.90
265.80 -42.36 -43.06 -59.06 337.22 262.21 55.89 0.00
0.00 10388.51
248.90 -45.36 -45.93 -63.50 339.06 263.64 63.13 0.00
0.00 10829.43
233.60 -47.66 -48.15 -66.97 341.73 264.43 64.02 0.00
0.00 11250.31
219.60 -50.26 -50.67 -72.27 343.76 264.44 64.22 0.00
0.00 11655.88
205.60 -53.26 -53.56 -72.72 345.58 264.82 66.71 0.00
0.00 12082.78
191.70 -56.16 -56.39 -73.19 347.91 264.76 65.93 0.00
0.00 12530.37
177.70 -58.86 -59.03 -73.70 351.11 262.45 62.12 0.00
0.00 13009.05
163.80 -61.86 -61.98 -74.24 354.34 258.76 58.82 0.00
0.00 13516.38
149.80 -64.86 -64.94 -74.84 358.34 257.88 56.43 0.00
0.00 14065.04
135.90 -67.46 -9999.00 -9999.00 -9999.00 259.70 49.94 0.00
0.00 14655.07
121.90 -69.56 -9999.00 -9999.00 -9999.00 253.86 39.84 0.00
0.00 15306.30
108.00 -72.06 -9999.00 -9999.00 -9999.00 245.36 33.55 0.00
0.00 16023.37
94.00 -72.86 -9999.00 -9999.00 -9999.00 250.79 27.16 0.00
0.00 16838.96
81.00 -70.26 -9999.00 -9999.00 -9999.00 245.88 14.26 0.00
0.00 17717.27
70.60 -67.36 -9999.00 -9999.00 -9999.00 194.74 11.44 0.00
0.00 18539.22
62.20 -65.86 -9999.00 -9999.00 -9999.00 184.24 10.51 0.00
0.00 19305.06
54.30 -64.96 -9999.00 -9999.00 -9999.00 125.84 4.31 0.00
0.00 20131.02
46.90 -64.86 -9999.00 -9999.00 -9999.00 88.83 9.52 0.00
0.00 21024.05
40.10 -62.56 -9999.00 -9999.00 -9999.00 97.50 7.44 0.00
0.00 21984.36
33.80 -60.36 -9999.00 -9999.00 -9999.00 110.22 7.87 0.00
0.00 23043.43
27.80 -59.16 -9999.00 -9999.00 -9999.00 135.00 6.88 0.00
0.00 24264.10
22.30 -55.56 -9999.00 -9999.00 -9999.00 225.00 10.43 0.00
0.00 25656.56
17.10 -49.36 -9999.00 -9999.00 -9999.00 274.12 21.62 0.00
0.00 27371.72
12.30 -45.96 -9999.00 -9999.00 -9999.00 268.35 27.02 0.00
0.00 29546.41

STID = 6RO STNM = 722330 TIME = 221026/2000 
SLAT = 30.33 SLON = -89.82 SELV = 10.0
STIM = 8

SHOW = 15.75 LIFT = 15.98 SWET = 48.54 KINX = -15.25
LCLP = 743.18 PWAT = 10.67 TOTL = 21.43 CAPE = 0.00
LCLT = 270.72 CINS = 0.00 EQLV = -9999.00 LFCT = -9999.00
BRCH = 0.00

PRES TMPC TMWC DWPC THTE DRCT SKNT OMEG
CFRL HGHT
1012.00 22.54 11.95 1.84 307.70 284.04 3.21 0.00
0.00 20.28
1009.00 21.94 11.63 1.67 307.22 286.70 4.06 -0.10
0.00 46.02
1003.40 21.34 11.31 1.53 307.03 288.43 4.29 -0.20
0.00 94.17
993.90 20.44 10.82 1.33 306.86 296.57 4.78 -0.40
0.00 176.26
979.80 19.14 10.11 1.07 306.69 310.82 5.65 -0.70
0.00 299.09
961.60 17.44 9.17 0.71 306.46 325.01 7.11 -0.90
0.00 459.45
939.90 15.54 8.11 0.33 306.39 333.43 8.68 -0.90
0.00 653.46
916.20 13.44 6.91 -0.12 306.30 338.40 10.02 -0.80
0.00 869.03
890.40 11.44 5.72 -0.58 306.59 340.56 10.51 -0.50
0.00 1108.41
861.60 12.04 3.88 -7.45 305.55 346.17 13.00 0.00
0.00 1383.16
829.70 13.44 3.90 -9.71 309.41 339.21 16.41 0.20
0.00 1699.32
794.90 13.34 2.62 -15.46 310.76 315.64 12.22 0.20
0.00 2059.11
756.90 12.14 1.19 -19.75 312.57 289.44 10.51 0.20
0.00 2469.35
716.00 9.94 -0.17 -19.15 315.52 282.03 12.12 0.10
0.00 2931.77
672.00 6.94 -2.09 -19.40 318.05 280.19 17.56 0.10
0.00 3454.91
625.00 2.94 -5.15 -23.68 319.01 271.81 18.45 0.10
0.00 4045.50
575.50 -1.26 -8.46 -28.79 320.66 255.32 16.86 0.00
0.00 4707.57
527.60 -5.36 -11.78 -34.79 322.92 245.19 19.91 -0.10
0.00 5394.17
484.50 -10.46 -15.69 -39.77 324.10 237.07 20.36 -0.10
0.00 6055.95
446.00 -15.46 -19.54 -42.22 325.39 236.02 21.54 -0.10
0.00 6686.64
411.50 -20.16 -23.37 -46.07 326.66 242.89 27.27 -0.10
0.00 7288.45
380.20 -24.76 -27.34 -54.69 327.70 252.51 33.61 0.00
0.00 7869.01
352.20 -28.26 -30.34 -55.32 330.22 256.45 38.97 0.00
0.00 8421.31
327.00 -31.06 -32.83 -57.41 333.40 262.41 47.03 0.00
0.00 8950.45
304.40 -34.46 -35.83 -56.51 335.56 266.26 53.54 0.00
0.00 9454.41
284.00 -38.76 -39.71 -57.07 336.11 263.81 55.89 0.00
0.00 9934.72
265.80 -42.36 -43.09 -60.80 337.18 264.04 61.71 0.00
0.00 10385.65
248.80 -44.86 -45.47 -63.51 339.84 264.55 63.42 0.00
0.00 10829.75
233.60 -47.36 -47.89 -71.85 342.14 264.29 62.47 0.10
0.00 11248.69
219.60 -50.26 -50.67 -72.27 343.76 264.68 64.96 0.10
0.00 11654.54
205.60 -53.36 -53.66 -72.72 345.42 265.55 67.60 0.10
0.00 12081.34
191.70 -56.26 -56.48 -73.19 347.75 264.79 66.32 0.10
0.00 12528.73
177.70 -59.06 -59.23 -73.70 350.78 261.08 63.91 0.10
0.00 13007.07
163.80 -62.06 -62.18 -74.24 354.01 258.00 63.54 0.10
0.00 13513.93
149.80 -65.16 -65.24 -74.84 357.83 258.29 60.31 0.00
0.00 14061.93
135.90 -67.66 -9999.00 -9999.00 -9999.00 260.08 51.86 0.00
0.00 14651.25
121.90 -70.06 -9999.00 -9999.00 -9999.00 256.16 41.41 0.00
0.00 15301.37
108.00 -72.06 -9999.00 -9999.00 -9999.00 247.95 33.12 0.00
0.00 16017.55
94.00 -72.36 -9999.00 -9999.00 -9999.00 251.71 24.75 0.00
0.00 16834.16
81.00 -69.86 -9999.00 -9999.00 -9999.00 244.98 12.86 0.00
0.00 17714.43
70.60 -67.16 -9999.00 -9999.00 -9999.00 200.67 10.99 0.00
0.00 18537.58
62.20 -66.06 -9999.00 -9999.00 -9999.00 190.89 10.30 0.00
0.00 19303.42
54.30 -65.36 -9999.00 -9999.00 -9999.00 140.19 3.03 0.00
0.00 20128.20
46.90 -64.96 -9999.00 -9999.00 -9999.00 93.18 7.01 0.00
0.00 21020.15
40.10 -62.16 -9999.00 -9999.00 -9999.00 102.09 5.56 0.00
0.00 21981.15
33.80 -60.56 -9999.00 -9999.00 -9999.00 116.57 5.65 0.00
0.00 23040.72
27.80 -59.46 -9999.00 -9999.00 -9999.00 195.26 2.21 0.00
0.00 24259.95
22.30 -56.06 -9999.00 -9999.00 -9999.00 263.09 12.92 0.00
0.00 25649.84
17.10 -50.46 -9999.00 -9999.00 -9999.00 288.59 22.55 0.00
0.00 27358.78
12.30 -46.46 -9999.00 -9999.00 -9999.00 266.82 21.02 0.00
0.00 29525.76

STID = 6RO STNM = 722330 TIME = 221026/2100 
SLAT = 30.33 SLON = -89.82 SELV = 10.0
STIM = 9

SHOW = 15.89 LIFT = 15.38 SWET = 47.95 KINX = -14.84
LCLP = 736.58 PWAT = 10.53 TOTL = 21.23 CAPE = 0.00
LCLT = 270.38 CINS = 0.00 EQLV = -9999.00 LFCT = -9999.00
BRCH = 0.00

PRES TMPC TMWC DWPC THTE DRCT SKNT OMEG
CFRL HGHT
1011.00 22.84 12.00 1.60 307.91 270.00 3.30 0.00
0.00 20.30
1008.00 22.34 11.72 1.43 307.53 275.44 4.10 -0.10
0.00 46.10
1002.50 21.74 11.40 1.29 307.33 277.77 4.31 -0.20
0.00 93.49
992.90 20.94 10.95 1.09 307.28 286.93 4.66 -0.50
0.00 176.65
978.80 19.64 10.24 0.79 307.08 304.82 5.44 -0.80
0.00 299.81
960.70 18.04 9.36 0.46 306.98 321.84 6.92 -1.00
0.00 459.74
939.00 16.14 8.30 0.08 306.91 331.07 8.43 -1.10
0.00 654.32
915.30 13.94 7.07 -0.30 306.78 337.56 9.67 -1.00
0.00 870.51
889.60 11.74 5.87 -0.56 307.03 340.20 10.31 -0.60
0.00 1109.52
860.80 11.44 3.81 -6.52 305.54 345.74 11.83 -0.20
0.00 1384.38
829.00 13.44 3.30 -12.86 307.98 344.93 15.70 0.10
0.00 1699.48
794.20 13.34 2.64 -15.30 310.90 323.33 11.38 0.10
0.00 2059.52
756.30 12.24 1.00 -22.03 312.13 295.56 9.91 0.00
0.00 2469.08
715.40 9.84 -0.05 -17.84 315.94 285.42 11.69 0.00
0.00 2931.87
671.50 6.74 -2.22 -19.51 317.86 282.75 16.72 0.00
0.00 3453.98
624.60 2.74 -5.26 -23.56 318.87 272.49 17.89 0.00
0.00 4043.30
575.10 -1.56 -8.57 -27.96 320.55 255.03 17.29 -0.10
0.00 4705.21
527.30 -5.76 -11.97 -33.78 322.63 251.08 21.56 -0.10
0.00 5389.95
484.30 -10.76 -15.77 -37.36 324.03 245.26 21.81 -0.10
0.00 6049.66
445.90 -15.56 -19.58 -41.36 325.36 240.31 23.93 -0.10
0.00 6678.45
411.30 -20.26 -23.55 -49.68 326.38 250.56 28.01 -0.10
0.00 7281.98
380.10 -24.76 -27.32 -53.40 327.76 256.93 33.51 0.00
0.00 7860.78
352.10 -27.86 -30.03 -56.81 330.74 259.33 40.91 0.00
0.00 8413.68
327.00 -30.96 -32.74 -57.41 333.54 262.44 47.22 0.10
0.00 8941.33
304.30 -34.56 -35.92 -56.51 335.45 264.98 53.24 0.10
0.00 9447.60
284.00 -38.86 -39.80 -57.07 335.96 264.21 55.85 0.10
0.00 9925.44
265.80 -42.06 -42.81 -60.80 337.62 265.05 58.49 0.10
0.00 10376.56
248.80 -44.56 -45.21 -66.51 340.25 265.13 59.46 0.10
0.00 10821.24
233.60 -47.26 -47.77 -66.97 342.34 263.94 60.74 0.10
0.00 11240.55
219.60 -50.26 -50.64 -67.41 343.81 263.81 64.86 0.10
0.00 11646.49
205.60 -53.36 -53.64 -67.89 345.47 264.50 66.94 0.10
0.00 12073.30
191.70 -56.26 -56.48 -73.19 347.75 263.72 65.66 0.10
0.00 12520.68
177.70 -59.06 -59.23 -73.70 350.78 259.60 64.59 0.10
0.00 12999.03
163.80 -62.06 -62.18 -74.24 354.01 256.45 66.34 0.00
0.00 13505.88
149.80 -65.36 -65.44 -74.84 357.48 257.76 63.21 0.00
0.00 14053.63
135.90 -67.66 -9999.00 -9999.00 -9999.00 260.88 52.72 0.00
0.00 14642.66
121.90 -69.96 -9999.00 -9999.00 -9999.00 255.30 40.56 0.00
0.00 15292.94
108.00 -71.56 -9999.00 -9999.00 -9999.00 248.39 32.17 0.00
0.00 16010.18
94.00 -71.56 -9999.00 -9999.00 -9999.00 247.31 23.15 0.00
0.00 16829.43
81.00 -69.26 -9999.00 -9999.00 -9999.00 234.04 12.24 0.00
0.00 17712.75
70.60 -67.06 -9999.00 -9999.00 -9999.00 195.10 12.68 0.00
0.00 18537.31
62.20 -66.46 -9999.00 -9999.00 -9999.00 188.75 12.78 0.00
0.00 19302.60
54.30 -65.66 -9999.00 -9999.00 -9999.00 171.47 3.92 0.00
0.00 20125.98
46.90 -64.36 -9999.00 -9999.00 -9999.00 113.20 5.92 0.00
0.00 21018.58
40.10 -61.06 -9999.00 -9999.00 -9999.00 114.44 4.70 0.00
0.00 21983.47
33.80 -59.86 -9999.00 -9999.00 -9999.00 118.07 3.30 0.00
0.00 23047.54
27.80 -58.86 -9999.00 -9999.00 -9999.00 291.80 3.15 0.00
0.00 24270.50
22.30 -55.76 -9999.00 -9999.00 -9999.00 279.06 13.58 0.00
0.00 25663.28
17.10 -51.26 -9999.00 -9999.00 -9999.00 294.02 19.56 0.00
0.00 27370.28
12.30 -47.26 -9999.00 -9999.00 -9999.00 244.80 18.24 0.00
0.00 29529.54

STID = 6RO STNM = 722330 TIME = 221026/2200 
SLAT = 30.33 SLON = -89.82 SELV = 10.0
STIM = 10

SHOW = 16.00 LIFT = 15.09 SWET = 48.41 KINX = -14.75
LCLP = 734.58 PWAT = 10.48 TOTL = 21.14 CAPE = 0.00
LCLT = 270.19 CINS = 0.00 EQLV = -9999.00 LFCT = -9999.00
BRCH = 0.00

PRES TMPC TMWC DWPC THTE DRCT SKNT OMEG
CFRL HGHT
1012.00 22.94 12.00 1.45 307.78 280.62 3.17 0.00
0.00 20.30
1009.00 22.54 11.76 1.28 307.51 283.39 4.20 -0.10
0.00 46.08
1003.50 22.04 11.48 1.13 307.41 287.65 4.49 -0.20
0.00 93.46
993.90 21.14 10.99 0.93 307.25 295.56 4.95 -0.50
0.00 176.60
979.80 19.94 10.32 0.63 307.16 312.40 6.04 -0.70
0.00 299.74
961.60 18.34 9.44 0.31 307.07 325.49 7.54 -0.90
0.00 460.56
939.90 16.44 8.40 -0.04 307.03 332.88 8.95 -1.00
0.00 655.15
916.20 14.34 7.23 -0.39 307.04 336.95 9.93 -0.90
0.00 871.39
890.40 11.94 5.92 -0.68 307.05 340.56 10.51 -0.60
0.00 1111.35
861.60 10.94 3.86 -5.41 305.62 344.32 11.50 -0.30
0.00 1385.83
829.80 13.04 2.80 -14.77 306.69 351.14 15.13 0.00
0.00 1700.14
794.90 13.04 2.33 -16.41 310.08 338.55 11.69 0.10
0.00 2060.40
757.00 12.14 0.90 -22.56 311.81 307.35 9.29 0.00
0.00 2469.28
716.00 9.74 -0.03 -17.39 315.91 291.41 10.64 0.00
0.00 2932.63
672.00 6.54 -2.33 -19.59 317.53 288.21 15.54 0.00
0.00 3455.24
625.00 2.64 -5.28 -23.31 318.77 276.48 17.21 0.10
0.00 4045.09
575.50 -1.86 -8.69 -27.33 320.27 258.21 18.07 0.00
0.00 4706.09
527.60 -5.96 -11.98 -32.18 322.59 256.32 23.00 -0.10
0.00 5391.21
484.50 -10.96 -15.84 -36.19 323.89 249.56 22.80 -0.10
0.00 6051.66
446.00 -15.66 -19.72 -43.15 325.06 247.15 25.51 0.00
0.00 6681.52
411.50 -20.26 -23.60 -52.74 326.22 256.80 28.92 0.00
0.00 7282.96
380.20 -24.56 -27.15 -53.40 328.00 260.96 34.62 0.10
0.00 7863.62
352.20 -27.66 -29.84 -55.32 331.03 261.10 42.66 0.10
0.00 8416.82
327.00 -30.66 -32.49 -57.41 333.95 263.86 49.03 0.00
0.00 8947.05
304.40 -34.56 -35.91 -56.51 335.42 265.62 53.38 0.00
0.00 9451.32
284.00 -38.66 -39.62 -57.07 336.25 265.90 54.33 0.00
0.00 9931.63
265.80 -41.66 -42.44 -60.80 338.20 266.62 56.04 0.00
0.00 10383.33
248.80 -44.26 -44.93 -66.51 340.69 265.62 58.45 0.10
0.00 10828.69
233.60 -47.06 -47.59 -66.97 342.64 264.29 62.47 0.10
0.00 11248.47
219.60 -49.96 -50.36 -67.41 344.27 263.70 65.46 0.10
0.00 11654.86
205.60 -53.06 -53.37 -72.72 345.89 263.38 65.71 0.00
0.00 12082.24
191.70 -56.06 -56.29 -73.19 348.07 262.16 65.50 0.00
0.00 12530.14
177.70 -59.16 -59.32 -73.70 350.62 259.38 66.41 0.00
0.00 13008.60
163.80 -62.36 -62.47 -74.24 353.50 258.21 68.45 0.00
0.00 13514.97
149.80 -65.46 -65.53 -74.84 357.31 260.14 64.67 0.00
0.00 14062.19
135.90 -67.76 -9999.00 -9999.00 -9999.00 260.94 54.29 0.00
0.00 14650.94
121.90 -69.46 -9999.00 -9999.00 -9999.00 257.02 43.26 0.00
0.00 15301.85
108.00 -71.16 -9999.00 -9999.00 -9999.00 251.03 32.87 0.00
0.00 16020.69
94.00 -71.06 -9999.00 -9999.00 -9999.00 244.07 23.54 0.00
0.00 16841.77
81.00 -69.06 -9999.00 -9999.00 -9999.00 233.79 13.48 0.00
0.00 17726.62
70.60 -67.46 -9999.00 -9999.00 -9999.00 200.45 12.24 0.00
0.00 18550.78
62.20 -67.16 -9999.00 -9999.00 -9999.00 199.77 13.21 0.00
0.00 19314.03
54.30 -66.56 -9999.00 -9999.00 -9999.00 219.09 4.00 0.00
0.00 20134.23
46.90 -65.06 -9999.00 -9999.00 -9999.00 128.99 5.24 0.00
0.00 21023.39
40.10 -61.56 -9999.00 -9999.00 -9999.00 119.25 5.57 0.00
0.00 21985.53
33.80 -60.26 -9999.00 -9999.00 -9999.00 100.30 4.35 0.00
0.00 23047.36
27.80 -58.86 -9999.00 -9999.00 -9999.00 353.29 3.32 0.00
0.00 24269.17
22.30 -56.06 -9999.00 -9999.00 -9999.00 294.84 11.56 0.00
0.00 25660.98
17.10 -52.86 -9999.00 -9999.00 -9999.00 300.12 18.18 0.00
0.00 27360.60
12.30 -48.06 -9999.00 -9999.00 -9999.00 244.41 25.62 0.00
0.00 29508.29

STID = 6RO STNM = 722330 TIME = 221026/2300 
SLAT = 30.33 SLON = -89.82 SELV = 10.0
STIM = 11

SHOW = 15.93 LIFT = 15.09 SWET = 47.76 KINX = -14.49
LCLP = 750.47 PWAT = 10.49 TOTL = 21.25 CAPE = 0.00
LCLT = 271.01 CINS = 0.00 EQLV = -9999.00 LFCT = -9999.00
BRCH = 0.00

PRES TMPC TMWC DWPC THTE DRCT SKNT OMEG
CFRL HGHT
1013.30 22.14 11.85 2.02 307.31 291.04 2.70 0.00
0.00 18.55
1010.10 22.14 11.72 1.65 307.30 295.35 4.08 0.00
0.00 45.96
1004.60 21.74 11.42 1.32 307.14 300.58 4.97 -0.20
0.00 93.24
995.00 21.04 10.96 0.95 307.05 312.40 6.04 -0.40
0.00 176.24
980.90 19.84 10.27 0.58 306.90 324.29 7.65 -0.60
0.00 299.19
962.70 18.34 9.42 0.22 306.88 332.35 9.21 -0.70
0.00 459.80
941.00 16.44 8.38 -0.09 306.87 336.37 10.18 -0.80
0.00 654.17
917.20 14.34 7.23 -0.41 306.91 338.59 10.64 -0.70
0.00 871.06
891.40 11.94 5.94 -0.63 306.98 340.28 10.94 -0.40
0.00 1110.76
862.50 10.94 3.88 -5.35 305.56 344.05 11.31 -0.20
0.00 1385.90
830.60 12.84 2.74 -14.52 306.48 357.61 14.01 0.10
0.00 1700.77
795.70 13.04 2.06 -18.63 309.26 354.29 11.71 0.10
0.00 2060.53
757.70 12.14 1.12 -20.41 312.28 319.84 8.14 0.10
0.00 2470.08
716.70 9.64 -0.02 -17.03 315.84 297.12 8.95 0.00
0.00 2932.95
672.60 6.44 -2.41 -19.78 317.27 292.25 13.85 0.10
0.00 3456.07
625.50 2.64 -5.25 -23.07 318.76 278.90 16.32 0.10
0.00 4046.57
575.90 -1.86 -8.69 -27.32 320.20 262.95 18.98 0.10
0.00 4708.42
527.90 -6.06 -12.00 -31.56 322.52 260.46 23.45 0.00
0.00 5394.41
484.70 -11.06 -15.96 -37.05 323.62 250.96 23.21 0.00
0.00 6055.82
446.20 -15.56 -19.76 -46.63 324.92 253.71 26.30 0.00
0.00 6685.39
411.60 -20.26 -23.62 -54.03 326.15 259.97 29.00 0.00
0.00 7288.47
380.30 -24.56 -27.15 -53.40 327.98 262.80 35.63 0.10
0.00 7868.98
352.30 -27.56 -29.76 -55.32 331.14 263.00 43.07 0.10
0.00 8422.14
327.10 -30.76 -32.58 -57.40 333.78 264.56 49.16 0.00
0.00 8952.21
304.40 -34.66 -36.02 -57.98 335.23 265.76 52.58 0.00
0.00 9458.42
284.10 -38.66 -39.64 -58.53 336.17 266.00 52.97 0.00
0.00 9936.20
265.80 -41.76 -42.54 -60.80 338.06 266.24 53.34 0.00
0.00 10390.20
248.90 -44.56 -45.19 -63.50 340.25 265.45 56.31 0.00
0.00 10832.46
233.60 -47.16 -47.68 -66.97 342.49 264.42 59.93 0.10
0.00 11254.55
219.60 -49.96 -50.36 -67.41 344.27 263.07 62.82 0.10
0.00 11660.85
205.60 -53.16 -53.47 -72.72 345.74 262.06 64.72 0.10
0.00 12088.13
191.70 -56.26 -56.48 -73.19 347.75 260.57 65.17 0.00
0.00 12535.72
177.70 -59.26 -59.42 -73.70 350.45 259.12 65.87 0.00
0.00 13013.85
163.80 -62.46 -62.57 -74.24 353.34 259.47 66.98 0.00
0.00 13519.99
149.80 -65.36 -65.44 -74.84 357.48 260.88 63.73 0.00
0.00 14067.21
135.90 -67.76 -9999.00 -9999.00 -9999.00 260.03 53.85 0.00
0.00 14656.09
121.90 -69.36 -9999.00 -9999.00 -9999.00 258.23 42.85 0.00
0.00 15307.17
108.00 -70.86 -9999.00 -9999.00 -9999.00 250.91 32.07 0.00
0.00 16026.72
94.00 -70.56 -9999.00 -9999.00 -9999.00 241.13 23.74 0.00
0.00 16849.42
81.00 -69.06 -9999.00 -9999.00 -9999.00 236.08 13.58 0.00
0.00 17735.36
70.60 -67.86 -9999.00 -9999.00 -9999.00 200.90 11.44 0.00
0.00 18558.71
62.20 -67.66 -9999.00 -9999.00 -9999.00 209.41 12.26 0.00
0.00 19320.29
54.30 -66.96 -9999.00 -9999.00 -9999.00 259.99 3.36 0.00
0.00 20138.70
46.90 -65.36 -9999.00 -9999.00 -9999.00 122.74 3.22 0.00
0.00 21026.37
40.10 -61.76 -9999.00 -9999.00 -9999.00 93.18 3.50 0.00
0.00 21987.36
33.80 -60.46 -9999.00 -9999.00 -9999.00 65.56 4.70 0.00
0.00 23048.18
27.80 -58.96 -9999.00 -9999.00 -9999.00 7.13 4.70 0.00
0.00 24269.14
22.30 -57.06 -9999.00 -9999.00 -9999.00 305.17 10.45 0.00
0.00 25657.40
17.10 -54.26 -9999.00 -9999.00 -9999.00 292.38 14.28 0.00
0.00 27347.69
12.30 -48.36 -9999.00 -9999.00 -9999.00 243.12 31.35 0.00
0.00 29487.19

STID = 6RO STNM = 722330 TIME = 221027/0000 
SLAT = 30.33 SLON = -89.82 SELV = 10.0
STIM = 12

SHOW = 15.68 LIFT = 15.22 SWET = 45.66 KINX = -14.02
LCLP = 776.02 PWAT = 10.68 TOTL = 21.78 CAPE = 0.00
LCLT = 271.83 CINS = 0.00 EQLV = -9999.00 LFCT = -9999.00
BRCH = 0.00

PRES TMPC TMWC DWPC THTE DRCT SKNT OMEG
CFRL HGHT
1013.60 20.24 11.16 2.40 305.62 332.10 3.73 0.00
0.00 20.19
1010.60 21.24 11.38 1.79 306.43 325.71 5.17 0.00
0.00 45.76
1005.10 21.44 11.26 1.22 306.69 334.80 7.30 -0.10
0.00 92.92
995.50 20.84 10.83 0.79 306.66 341.94 9.40 -0.20
0.00 175.80
981.30 19.64 10.15 0.49 306.57 345.96 11.21 -0.30
0.00 299.48
963.10 18.04 9.32 0.33 306.61 346.87 11.97 -0.40
0.00 459.89
941.40 16.14 8.31 0.08 306.65 346.65 11.77 -0.40
0.00 653.98
917.60 14.04 7.15 -0.23 306.70 346.20 11.40 -0.30
0.00 870.56
891.80 11.64 5.89 -0.39 306.82 345.20 10.64 -0.20
0.00 1109.91
862.90 11.14 3.89 -5.66 305.53 349.32 10.47 0.00
0.00 1384.88
831.00 12.74 2.91 -13.12 306.89 10.46 12.84 0.10
0.00 1699.66
796.00 13.04 2.18 -17.61 309.55 9.29 10.82 0.20
0.00 2060.27
758.00 12.24 1.44 -18.18 313.04 330.26 6.25 0.10
0.00 2469.77
716.90 9.74 0.09 -16.61 316.09 299.93 7.40 0.10
0.00 2933.80
672.80 6.54 -2.40 -20.17 317.23 292.48 12.20 0.10
0.00 3456.97
625.70 2.64 -5.20 -22.71 318.83 279.34 15.56 0.10
0.00 4047.39
576.00 -1.86 -8.65 -27.01 320.26 264.81 19.31 0.10
0.00 4710.41
528.00 -6.26 -12.14 -31.76 322.23 261.44 22.20 0.00
0.00 5396.03
484.80 -11.06 -16.08 -39.38 323.34 252.01 23.89 0.00
0.00 6057.04
446.30 -15.46 -19.74 -48.96 324.91 256.26 27.00 0.10
0.00 6686.58
411.70 -20.26 -23.60 -52.73 326.17 259.56 30.03 0.10
0.00 7289.63
380.40 -24.36 -26.99 -53.40 328.22 264.32 35.33 0.20
0.00 7870.24
352.30 -27.46 -29.68 -55.32 331.27 263.75 42.79 0.20
0.00 8425.63
327.10 -30.56 -32.41 -57.40 334.06 264.56 49.16 0.20
0.00 8956.03
304.40 -34.56 -35.91 -56.51 335.42 265.29 52.04 0.20
0.00 9462.56
284.10 -38.56 -39.55 -58.53 336.32 265.50 52.02 0.10
0.00 9940.53
265.80 -41.76 -42.54 -60.80 338.06 265.39 53.21 0.10
0.00 10394.63
248.90 -44.46 -45.10 -63.50 340.40 263.77 55.50 0.10
0.00 10836.99
233.60 -47.06 -47.59 -66.97 342.64 262.41 58.80 0.10
0.00 11259.26
219.60 -49.86 -50.26 -67.41 344.43 262.37 62.92 0.10
0.00 11665.74
205.60 -53.06 -53.37 -72.72 345.89 261.89 66.12 0.10
0.00 12093.22
191.70 -56.16 -56.39 -73.19 347.91 259.96 66.88 0.00
0.00 12541.02
177.70 -59.26 -59.42 -73.70 350.45 258.85 67.31 0.00
0.00 13019.25
163.80 -62.46 -62.57 -74.24 353.34 260.05 67.44 0.00
0.00 13525.39
149.80 -65.36 -65.44 -74.84 357.48 261.70 63.21 0.00
0.00 14072.61
135.90 -67.66 -9999.00 -9999.00 -9999.00 261.27 52.47 0.00
0.00 14661.64
121.90 -69.66 -9999.00 -9999.00 -9999.00 259.79 41.65 0.00
0.00 15312.40
108.00 -70.86 -9999.00 -9999.00 -9999.00 252.67 31.95 0.00
0.00 16031.42
94.00 -70.96 -9999.00 -9999.00 -9999.00 244.27 23.72 0.00
0.00 16853.31
81.00 -69.86 -9999.00 -9999.00 -9999.00 237.01 13.21 0.00
0.00 17736.63
70.60 -68.76 -9999.00 -9999.00 -9999.00 197.85 12.04 0.00
0.00 18556.56
62.20 -68.46 -9999.00 -9999.00 -9999.00 209.74 12.53 0.00
0.00 19314.99
54.30 -66.96 -9999.00 -9999.00 -9999.00 253.30 2.02 0.00
0.00 20131.81
46.90 -64.76 -9999.00 -9999.00 -9999.00 104.74 3.81 0.00
0.00 21020.76
40.10 -61.06 -9999.00 -9999.00 -9999.00 61.26 6.88 0.00
0.00 21984.74
33.80 -60.16 -9999.00 -9999.00 -9999.00 58.24 9.60 0.00
0.00 23048.06
27.80 -58.86 -9999.00 -9999.00 -9999.00 24.30 6.60 0.00
0.00 24270.16
22.30 -57.26 -9999.00 -9999.00 -9999.00 315.67 11.67 0.00
0.00 25658.11
17.10 -54.06 -9999.00 -9999.00 -9999.00 291.25 15.02 0.00
0.00 27348.39
12.30 -48.06 -9999.00 -9999.00 -9999.00 253.96 33.76 0.00
0.00 29490.30

STID = 6RO STNM = 722330 TIME = 221027/0100 
SLAT = 30.33 SLON = -89.82 SELV = 10.0
STIM = 13

SHOW = 15.18 LIFT = 15.10 SWET = 43.90 KINX = -13.22
LCLP = 789.15 PWAT = 10.99 TOTL = 22.78 CAPE = 0.00
LCLT = 271.45 CINS = 0.00 EQLV = -9999.00 LFCT = -9999.00
BRCH = 0.00

PRES TMPC TMWC DWPC THTE DRCT SKNT OMEG
CFRL HGHT
1013.80 18.44 10.17 1.77 303.15 355.76 5.26 0.00
0.00 20.12
1010.80 20.14 10.70 1.13 304.68 353.37 8.41 0.00
0.00 45.56
1005.30 20.84 10.96 1.06 305.90 355.16 11.50 0.00
0.00 92.57
995.70 20.34 10.73 1.16 306.42 357.58 13.81 0.00
0.00 175.28
981.50 19.24 10.18 1.12 306.67 358.41 13.99 0.00
0.00 298.76
963.30 17.74 9.37 0.87 306.74 359.14 13.01 0.10
0.00 458.96
941.60 15.84 8.33 0.55 306.72 360.00 12.04 0.10
0.00 652.82
917.80 13.74 7.17 0.23 306.75 360.00 11.07 0.10
0.00 869.15
891.90 11.44 5.85 -0.23 306.73 1.12 9.91 0.00
0.00 1109.19
863.10 11.44 4.06 -5.61 305.86 9.66 9.27 0.00
0.00 1383.22
831.10 12.84 3.11 -12.27 307.35 29.05 12.00 0.10
0.00 1699.17
796.10 13.24 2.48 -16.12 310.26 23.96 9.56 0.10
0.00 2059.95
758.10 12.34 1.64 -17.06 313.52 340.02 4.55 0.10
0.00 2469.65
717.00 9.74 0.12 -16.45 316.14 301.26 6.37 0.10
0.00 2933.72
672.90 6.54 -2.43 -20.37 317.15 293.46 11.23 0.10
0.00 3456.81
625.70 2.64 -5.14 -22.16 319.00 280.44 15.02 0.10
0.00 4048.45
576.10 -1.96 -8.73 -27.16 320.09 266.57 19.46 0.10
0.00 4709.97
528.00 -6.66 -12.41 -31.97 321.71 260.71 21.66 0.00
0.00 5396.31
484.90 -11.16 -16.18 -40.15 323.12 255.30 24.49 0.00
0.00 6055.09
446.30 -15.56 -19.83 -49.88 324.74 255.57 27.27 0.00
0.00 6685.95
411.70 -20.36 -23.64 -50.58 326.12 259.06 29.68 0.10
0.00 7288.77
380.40 -24.36 -26.99 -53.40 328.22 263.80 34.19 0.10
0.00 7869.26
352.30 -27.16 -29.43 -55.32 331.68 263.54 41.45 0.10
0.00 8424.99
327.10 -30.36 -32.24 -57.40 334.34 264.20 48.04 0.10
0.00 8955.93
304.40 -34.66 -36.00 -56.51 335.27 264.49 50.54 0.10
0.00 9462.57
284.10 -38.76 -39.73 -58.53 336.03 264.98 51.09 0.10
0.00 9940.24
265.80 -41.86 -42.63 -60.80 337.91 265.09 52.25 0.00
0.00 10394.05
248.90 -44.46 -45.10 -63.50 340.40 262.65 54.64 0.00
0.00 10836.31
233.60 -47.06 -47.59 -66.97 342.64 261.54 58.14 0.00
0.00 11258.58
219.60 -49.86 -50.26 -67.41 344.43 262.94 63.23 0.00
0.00 11665.06
205.60 -52.86 -53.18 -72.72 346.21 261.92 66.32 0.00
0.00 12092.73
191.70 -55.96 -56.19 -73.19 348.23 259.92 67.68 0.00
0.00 12540.94
177.70 -59.26 -59.42 -73.70 350.45 259.15 67.06 0.00
0.00 13019.40
163.80 -62.56 -62.67 -74.24 353.17 260.26 66.61 0.00
0.00 13525.42
149.80 -65.46 -65.53 -74.84 357.31 262.68 62.47 0.00
0.00 14072.37
135.90 -67.86 -9999.00 -9999.00 -9999.00 262.33 50.95 0.00
0.00 14660.98
121.90 -69.96 -9999.00 -9999.00 -9999.00 261.04 39.92 0.00
0.00 15310.94
108.00 -71.36 -9999.00 -9999.00 -9999.00 255.36 31.53 0.00
0.00 16028.54
94.00 -71.36 -9999.00 -9999.00 -9999.00 244.72 23.19 0.00
0.00 16848.60
81.00 -70.66 -9999.00 -9999.00 -9999.00 233.30 13.33 0.00
0.00 17729.31
70.60 -69.46 -9999.00 -9999.00 -9999.00 193.65 13.99 0.00
0.00 18546.23
62.20 -68.66 -9999.00 -9999.00 -9999.00 209.95 13.23 0.00
0.00 19302.98
54.30 -66.06 -9999.00 -9999.00 -9999.00 206.57 2.18 0.00
0.00 20121.20
46.90 -63.26 -9999.00 -9999.00 -9999.00 111.37 4.80 0.00
0.00 21015.30
40.10 -59.86 -9999.00 -9999.00 -9999.00 68.96 8.12 0.00
0.00 21985.46
33.80 -59.36 -9999.00 -9999.00 -9999.00 74.05 9.91 0.00
0.00 23053.79
27.80 -58.46 -9999.00 -9999.00 -9999.00 32.28 4.37 0.00
0.00 24279.32
22.30 -56.56 -9999.00 -9999.00 -9999.00 320.77 12.30 0.00
0.00 25670.81
17.10 -52.76 -9999.00 -9999.00 -9999.00 288.23 16.76 0.00
0.00 27368.87
12.30 -48.06 -9999.00 -9999.00 -9999.00 257.05 34.67 0.00
0.00 29517.04

STID = 6RO STNM = 722330 TIME = 221027/0200 
SLAT = 30.33 SLON = -89.82 SELV = 10.0
STIM = 14

SHOW = 14.85 LIFT = 14.97 SWET = 43.04 KINX = -12.90
LCLP = 798.72 PWAT = 11.26 TOTL = 23.23 CAPE = 0.00
LCLT = 271.52 CINS = 0.00 EQLV = -9999.00 LFCT = -9999.00
BRCH = 0.00

PRES TMPC TMWC DWPC THTE DRCT SKNT OMEG
CFRL HGHT
1014.10 17.54 9.74 1.68 302.10 353.48 6.84 0.00
0.00 20.09
1011.10 18.74 10.21 1.54 303.53 351.33 11.60 0.10
0.00 45.42
1005.60 19.74 10.83 2.14 305.66 352.09 14.12 0.10
0.00 92.22
996.00 19.54 10.79 2.38 306.64 354.36 15.81 0.10
0.00 174.66
981.80 18.64 10.20 1.96 306.75 360.00 14.96 0.10
0.00 297.83
963.60 17.44 9.40 1.35 306.81 10.30 13.03 0.10
0.00 457.75
941.90 15.64 8.34 0.85 306.74 19.03 11.93 0.10
0.00 651.40
918.00 13.54 7.18 0.52 306.77 24.84 11.56 0.10
0.00 868.44
892.20 11.34 5.87 -0.03 306.76 29.36 10.70 0.10
0.00 1107.37
863.30 11.74 4.23 -5.52 306.23 35.39 9.05 0.10
0.00 1382.37
831.30 13.34 3.27 -12.83 307.63 44.26 10.59 0.20
0.00 1698.69
796.30 13.64 2.78 -15.44 310.93 34.51 7.54 0.20
0.00 2059.94
758.30 12.44 1.79 -16.36 313.86 331.93 3.30 0.20
0.00 2469.92
717.20 9.84 0.17 -16.45 316.23 299.05 6.00 0.10
0.00 2934.04
673.00 6.54 -2.40 -20.17 317.20 293.20 10.35 0.10
0.00 3458.29
625.90 2.64 -5.08 -21.72 319.10 279.34 14.37 0.10
0.00 4048.55
576.20 -2.06 -8.82 -27.47 319.88 265.91 19.08 0.10
0.00 4711.13
528.10 -6.86 -12.59 -32.60 321.34 260.11 21.48 0.10
0.00 5396.95
484.90 -11.26 -16.26 -40.56 322.96 256.07 25.02 0.10
0.00 6056.82
446.30 -15.76 -19.96 -48.96 324.53 252.81 28.26 0.10
0.00 6687.31
411.70 -20.36 -23.64 -50.58 326.12 257.64 29.04 0.20
0.00 7289.89
380.40 -24.26 -26.91 -53.40 328.35 261.13 34.01 0.20
0.00 7870.50
352.30 -26.86 -29.19 -55.32 332.08 261.42 41.65 0.10
0.00 8426.68
327.10 -30.26 -32.16 -57.40 334.47 261.77 47.49 0.10
0.00 8958.06
304.40 -34.76 -36.09 -56.51 335.13 262.73 49.15 0.10
0.00 9464.69
284.10 -38.96 -39.89 -57.07 335.79 263.78 50.21 0.00
0.00 9942.06
265.80 -41.96 -42.72 -60.80 337.77 263.19 52.43 0.00
0.00 10395.58
248.90 -44.66 -45.28 -63.50 340.10 261.04 54.86 -0.10
0.00 10837.56
233.60 -47.26 -47.77 -66.97 342.34 262.76 58.55 -0.10
0.00 11259.45
219.60 -49.96 -50.38 -72.27 344.22 264.38 61.48 -0.10
0.00 11665.66
205.60 -52.76 -53.08 -72.72 346.36 262.49 63.87 -0.10
0.00 12093.33
191.70 -55.76 -56.00 -73.19 348.55 260.59 66.55 -0.10
0.00 12541.85
177.70 -59.06 -59.23 -73.70 350.78 260.01 66.08 0.00
0.00 13020.75
163.80 -62.46 -62.57 -74.24 353.34 260.65 64.57 0.00
0.00 13527.12
149.80 -65.46 -65.53 -74.84 357.31 262.72 61.29 0.00
0.00 14074.21
135.90 -67.86 -9999.00 -9999.00 -9999.00 263.23 51.05 0.00
0.00 14662.82
121.90 -70.16 -9999.00 -9999.00 -9999.00 260.26 40.21 0.00
0.00 15312.46
108.00 -71.36 -9999.00 -9999.00 -9999.00 256.21 32.60 0.00
0.00 16029.70
94.00 -71.56 -9999.00 -9999.00 -9999.00 243.43 25.19 0.00
0.00 16849.36
81.00 -70.86 -9999.00 -9999.00 -9999.00 231.58 14.37 0.00
0.00 17729.20
70.60 -69.76 -9999.00 -9999.00 -9999.00 198.22 16.16 0.00
0.00 18545.11
62.20 -68.46 -9999.00 -9999.00 -9999.00 215.91 13.91 0.00
0.00 19301.68
54.30 -65.46 -9999.00 -9999.00 -9999.00 195.52 3.63 0.00
0.00 20121.49
46.90 -63.16 -9999.00 -9999.00 -9999.00 129.81 4.55 0.00
0.00 21017.09
40.10 -59.86 -9999.00 -9999.00 -9999.00 77.28 6.18 0.00
0.00 21987.48
33.80 -59.06 -9999.00 -9999.00 -9999.00 80.31 8.08 0.00
0.00 23056.56
27.80 -58.06 -9999.00 -9999.00 -9999.00 20.56 4.97 0.00
0.00 24284.09
22.30 -56.16 -9999.00 -9999.00 -9999.00 327.80 12.39 0.00
0.00 25678.16
17.10 -52.16 -9999.00 -9999.00 -9999.00 283.67 14.80 0.00
0.00 27380.11
12.30 -47.86 -9999.00 -9999.00 -9999.00 257.88 35.16 0.00
0.00 29532.14

STID = 6RO STNM = 722330 TIME = 221027/0300 
SLAT = 30.33 SLON = -89.82 SELV = 10.0
STIM = 15

SHOW = 14.61 LIFT = 14.97 SWET = 40.02 KINX = -12.99
LCLP = 823.04 PWAT = 11.32 TOTL = 23.31 CAPE = 0.00
LCLT = 273.04 CINS = 0.00 EQLV = -9999.00 LFCT = -9999.00
BRCH = 0.00

PRES TMPC TMWC DWPC THTE DRCT SKNT OMEG
CFRL HGHT
1013.70 16.64 9.72 2.81 302.19 354.92 8.78 0.00
0.00 19.23
1010.70 17.34 10.01 2.77 303.19 352.23 12.94 0.10
0.00 44.47
1005.10 18.14 10.46 3.08 304.89 351.87 15.11 0.10
0.00 91.91
995.50 18.64 10.70 3.24 306.55 355.03 17.93 0.10
0.00 174.05
981.40 18.04 10.10 2.44 306.60 3.33 16.72 0.10
0.00 296.11
963.20 17.04 9.30 1.60 306.65 15.40 13.91 0.00
0.00 455.83
941.40 15.44 8.29 0.97 306.68 26.97 12.43 0.00
0.00 650.28
917.60 13.54 7.10 0.29 306.61 35.22 12.12 0.00
0.00 866.44
891.80 11.24 5.84 0.00 306.73 38.66 11.19 0.00
0.00 1105.43
862.90 12.14 4.30 -5.98 306.41 47.91 8.12 0.00
0.00 1380.69
831.00 14.04 3.42 -14.03 307.92 57.03 8.57 0.10
0.00 1696.73
796.00 13.94 2.99 -15.03 311.44 45.00 5.50 0.10
0.00 2058.74
758.00 12.54 1.89 -15.95 314.17 318.01 2.62 0.00
0.00 2469.17
716.90 9.84 0.13 -16.70 316.17 297.41 5.91 0.10
0.00 2933.57
672.80 6.54 -2.36 -19.87 317.33 289.50 9.89 0.10
0.00 3456.82
625.70 2.54 -5.14 -21.73 319.01 276.25 14.26 0.10
0.00 4047.16
576.00 -2.26 -8.91 -27.16 319.75 267.08 19.06 0.00
0.00 4709.60
528.00 -7.06 -12.73 -32.83 321.08 261.57 21.21 0.00
0.00 5393.67
484.80 -11.36 -16.37 -41.43 322.78 256.40 24.79 0.00
0.00 6053.29
446.30 -15.76 -19.94 -48.12 324.57 252.32 28.13 0.10
0.00 6682.09
411.70 -20.36 -23.64 -50.58 326.12 256.72 28.75 0.10
0.00 7284.68
380.40 -24.06 -26.76 -53.40 328.61 259.14 34.01 0.10
0.00 7865.52
352.30 -26.56 -28.97 -56.80 332.44 260.45 43.34 0.00
0.00 8422.26
327.10 -30.26 -32.16 -57.40 334.47 261.57 47.73 0.00
0.00 8953.96
304.40 -34.86 -36.18 -56.51 334.99 263.38 48.89 0.00
0.00 9460.49
284.10 -38.86 -39.80 -57.07 335.93 263.44 51.03 0.00
0.00 9937.86
265.80 -42.06 -42.81 -60.80 337.62 262.34 53.90 -0.10
0.00 10391.37
248.90 -44.86 -45.47 -63.50 339.80 262.70 56.60 -0.10
0.00 10833.06
233.60 -47.46 -47.96 -66.97 342.03 264.94 59.48 -0.10
0.00 11254.59
219.60 -49.96 -50.38 -72.27 344.22 265.71 62.33 -0.10
0.00 11660.61
205.60 -52.86 -53.18 -72.72 346.21 264.84 64.76 -0.10
0.00 12088.19
191.70 -55.86 -56.10 -73.19 348.39 264.29 66.38 -0.10
0.00 12536.50
177.70 -58.86 -59.03 -73.70 351.11 263.98 64.84 -0.10
0.00 13015.51
163.80 -62.16 -62.27 -74.24 353.84 263.05 62.63 0.00
0.00 13522.48
149.80 -65.46 -65.53 -74.84 357.31 263.35 60.43 0.00
0.00 14069.96
135.90 -68.16 -9999.00 -9999.00 -9999.00 263.91 53.13 0.00
0.00 14658.14
121.90 -70.26 -9999.00 -9999.00 -9999.00 260.16 43.18 0.00
0.00 15307.15
108.00 -71.46 -9999.00 -9999.00 -9999.00 253.36 33.26 0.00
0.00 16024.04
94.00 -71.36 -9999.00 -9999.00 -9999.00 239.56 25.68 0.00
0.00 16843.90
81.00 -70.06 -9999.00 -9999.00 -9999.00 225.51 15.52 0.00
0.00 17725.91
70.60 -69.36 -9999.00 -9999.00 -9999.00 206.27 17.11 0.00
0.00 18544.24
62.20 -67.46 -9999.00 -9999.00 -9999.00 221.92 12.80 0.00
0.00 19303.41
54.30 -64.76 -9999.00 -9999.00 -9999.00 171.87 4.12 0.00
0.00 20126.59
46.90 -63.86 -9999.00 -9999.00 -9999.00 138.01 2.62 0.00
0.00 21022.19
40.10 -60.66 -9999.00 -9999.00 -9999.00 35.54 3.34 0.00
0.00 21989.14
33.80 -59.56 -9999.00 -9999.00 -9999.00 66.25 5.30 0.00
0.00 23054.97
27.80 -58.96 -9999.00 -9999.00 -9999.00 12.34 6.37 0.00
0.00 24278.49
22.30 -57.06 -9999.00 -9999.00 -9999.00 338.75 11.25 0.00
0.00 25666.76
17.10 -51.76 -9999.00 -9999.00 -9999.00 279.16 12.20 0.00
0.00 27366.76
12.30 -47.76 -9999.00 -9999.00 -9999.00 266.08 34.07 0.00
0.00 29521.21

STID = 6RO STNM = 722330 TIME = 221027/0400 
SLAT = 30.33 SLON = -89.82 SELV = 10.0
STIM = 16

SHOW = 14.28 LIFT = 14.84 SWET = 37.19 KINX = -13.01
LCLP = 842.85 PWAT = 11.52 TOTL = 23.46 CAPE = 0.00
LCLT = 274.12 CINS = 0.00 EQLV = -9999.00 LFCT = -9999.00
BRCH = 0.00

PRES TMPC TMWC DWPC THTE DRCT SKNT OMEG
CFRL HGHT
1015.20 15.94 9.71 3.60 302.04 358.81 9.32 0.00
0.00 19.19
1012.20 16.34 9.85 3.53 302.70 359.16 13.21 0.10
0.00 44.33
1006.50 17.14 10.23 3.65 304.23 359.27 15.15 0.10
0.00 92.39
997.00 18.04 10.57 3.57 306.08 4.81 18.51 0.00
0.00 173.34
982.80 17.74 10.13 2.85 306.53 19.44 17.50 -0.10
0.00 295.91
964.60 16.74 9.38 2.17 306.71 32.31 15.64 -0.10
0.00 455.25
942.80 15.14 8.42 1.70 306.88 38.42 14.37 -0.20
0.00 649.23
918.90 13.44 7.24 0.79 306.81 40.70 12.80 -0.10
0.00 865.86
893.00 11.14 5.84 0.14 306.61 39.81 10.63 0.00
0.00 1105.38
864.10 12.64 4.46 -6.33 306.59 56.73 7.44 0.10
0.00 1380.45
832.10 14.64 3.62 -14.74 308.17 72.47 7.73 0.10
0.00 1697.64
797.10 14.14 3.13 -14.78 311.63 61.39 4.88 0.10
0.00 2059.66
758.90 12.54 1.94 -15.69 314.16 341.57 1.85 0.00
0.00 2471.87
717.80 9.84 0.11 -16.85 315.99 306.87 4.86 0.00
0.00 2935.70
673.50 6.64 -2.26 -19.57 317.44 291.32 8.55 0.10
0.00 3460.82
626.30 2.54 -5.19 -22.14 318.80 273.32 13.42 0.10
0.00 4051.93
576.50 -2.36 -8.95 -27.01 319.58 267.56 18.28 0.00
0.00 4714.97
528.40 -7.26 -12.83 -32.38 320.84 261.38 19.44 0.00
0.00 5399.53
485.10 -11.46 -16.45 -41.88 322.57 254.83 23.76 0.00
0.00 6059.85
446.50 -15.86 -19.97 -46.62 324.48 250.77 26.53 0.00
0.00 6689.71
411.80 -20.46 -23.72 -50.58 325.97 253.26 26.98 0.00
0.00 7293.59
380.50 -23.86 -26.60 -53.40 328.85 257.36 32.85 -0.10
0.00 7874.40
352.40 -26.36 -28.80 -56.80 332.69 261.18 43.05 -0.10
0.00 8431.44
327.20 -30.36 -32.22 -55.92 334.35 264.55 47.03 -0.10
0.00 8963.09
304.50 -34.76 -36.09 -56.51 335.10 264.14 51.36 -0.10
0.00 9469.46
284.10 -38.86 -39.82 -58.53 335.89 262.49 53.50 -0.10
0.00 9949.20
265.80 -42.06 -42.81 -60.80 337.62 262.53 55.24 -0.10
0.00 10402.72
248.90 -44.66 -45.31 -66.51 340.06 264.21 57.79 -0.10
0.00 10844.60
233.60 -47.16 -47.68 -66.97 342.49 267.51 62.61 -0.10
0.00 11266.59
219.60 -49.86 -50.26 -67.41 344.43 269.83 66.82 -0.10
0.00 11672.98
205.60 -52.96 -53.28 -72.72 346.05 270.16 68.57 -0.10
0.00 12100.55
191.70 -56.16 -56.39 -73.19 347.91 269.00 66.84 0.00
0.00 12548.45
177.70 -59.16 -59.32 -73.70 350.62 268.39 62.18 0.00
0.00 13026.80
163.80 -62.06 -62.18 -74.24 354.01 265.60 58.26 0.00
0.00 13533.53
149.80 -65.36 -65.44 -74.84 357.48 263.68 58.24 0.00
0.00 14081.27
135.90 -68.26 -9999.00 -9999.00 -9999.00 264.14 53.30 0.00
0.00 14669.45
121.90 -70.06 -9999.00 -9999.00 -9999.00 260.75 43.49 0.00
0.00 15318.61
108.00 -70.96 -9999.00 -9999.00 -9999.00 250.63 33.97 0.00
0.00 16036.75
94.00 -70.86 -9999.00 -9999.00 -9999.00 238.96 26.75 0.00
0.00 16858.64
81.00 -69.56 -9999.00 -9999.00 -9999.00 224.56 17.72 0.00
0.00 17742.83
70.60 -68.86 -9999.00 -9999.00 -9999.00 217.00 17.75 0.00
0.00 18563.17
62.20 -66.36 -9999.00 -9999.00 -9999.00 234.25 11.97 0.00
0.00 19325.30
54.30 -64.66 -9999.00 -9999.00 -9999.00 154.44 4.95 0.00
0.00 20150.87
46.90 -64.76 -9999.00 -9999.00 -9999.00 106.70 2.02 0.00
0.00 21044.76
40.10 -61.66 -9999.00 -9999.00 -9999.00 29.48 5.13 0.00
0.00 22007.35
33.80 -59.86 -9999.00 -9999.00 -9999.00 64.18 6.68 0.00
0.00 23069.93
27.80 -58.86 -9999.00 -9999.00 -9999.00 25.87 7.13 0.00
0.00 24292.88
22.30 -56.26 -9999.00 -9999.00 -9999.00 354.61 10.33 0.00
0.00 25684.05
17.10 -50.86 -9999.00 -9999.00 -9999.00 279.46 10.63 0.00
0.00 27390.66
12.30 -47.96 -9999.00 -9999.00 -9999.00 270.77 28.75 0.00
0.00 29548.48

STID = 6RO STNM = 722330 TIME = 221027/0500 
SLAT = 30.33 SLON = -89.82 SELV = 10.0
STIM = 17

SHOW = 13.96 LIFT = 14.53 SWET = 33.53 KINX = -12.73
LCLP = 855.19 PWAT = 11.97 TOTL = 23.43 CAPE = 0.00
LCLT = 274.50 CINS = 0.00 EQLV = -9999.00 LFCT = -9999.00
BRCH = 0.00

PRES TMPC TMWC DWPC THTE DRCT SKNT OMEG
CFRL HGHT
1014.00 15.04 9.36 3.76 301.36 13.24 10.18 0.00
0.00 20.01
1010.90 15.24 9.40 3.66 301.79 23.63 13.58 0.10
0.00 45.92
1005.40 15.74 9.67 3.81 303.01 27.55 15.11 0.10
0.00 92.16
995.80 15.94 10.17 4.90 305.32 45.38 20.47 0.10
0.00 173.57
981.70 15.14 10.25 5.98 307.15 53.33 21.79 0.10
0.00 294.50
963.40 14.84 9.73 5.19 307.91 56.82 18.10 0.20
0.00 453.77
941.60 14.24 8.52 3.05 307.35 53.90 11.54 0.20
0.00 647.15
917.80 12.94 7.25 1.45 307.00 44.03 8.10 0.20
0.00 862.66
892.00 11.64 5.85 -0.49 306.71 36.87 5.83 0.20
0.00 1101.53
863.10 13.74 4.58 -8.05 306.87 67.75 4.62 0.10
0.00 1377.65
831.20 14.84 3.61 -15.43 308.23 80.54 5.91 0.00
0.00 1694.88
796.20 13.74 2.90 -14.95 311.23 69.78 3.92 -0.10
0.00 2057.16
758.20 11.94 1.69 -15.30 313.74 327.99 1.83 -0.10
0.00 2466.92
717.10 9.44 -0.07 -16.69 315.70 301.76 4.80 0.00
0.00 2930.39
672.90 6.44 -2.35 -19.39 317.36 284.68 8.43 0.20
0.00 3454.26
625.80 2.44 -5.39 -23.30 318.42 266.24 14.80 0.30
0.00 4044.28
576.10 -2.66 -9.15 -27.16 319.26 266.53 19.27 0.30
0.00 4705.97
528.00 -7.46 -12.98 -32.61 320.63 260.54 20.09 0.20
0.00 5390.39
484.90 -11.66 -16.57 -41.43 322.39 254.78 25.16 0.20
0.00 6047.54
446.30 -16.06 -20.10 -45.96 324.31 250.65 26.96 0.20
0.00 6677.19
411.70 -20.66 -23.85 -49.67 325.78 251.69 28.44 0.20
0.00 7279.07
380.40 -23.96 -26.68 -53.40 328.74 257.37 34.63 0.10
0.00 7859.68
352.30 -26.66 -29.05 -56.80 332.31 260.93 41.90 0.00
0.00 8416.43
327.10 -30.36 -32.22 -55.92 334.38 266.54 48.27 0.00
0.00 8947.91
304.40 -34.86 -36.15 -55.25 335.04 263.82 52.37 -0.10
0.00 9454.34
284.10 -38.86 -39.80 -57.07 335.93 262.45 54.66 -0.10
0.00 9931.71
265.80 -41.76 -42.54 -60.80 338.06 263.04 57.73 -0.10
0.00 10385.52
248.90 -44.16 -44.84 -66.51 340.80 266.06 65.03 -0.10
0.00 10828.16
233.60 -46.96 -47.49 -66.97 342.79 269.19 68.76 -0.10
0.00 11250.80
219.60 -49.86 -50.26 -67.41 344.43 271.40 71.50 -0.10
0.00 11657.37
205.60 -53.16 -53.44 -67.89 345.78 272.26 73.87 -0.10
0.00 12084.76
191.70 -56.46 -56.68 -73.19 347.43 272.04 70.94 -0.10
0.00 12532.15
177.70 -59.46 -59.62 -73.70 350.12 269.11 62.55 0.00
0.00 13009.83
163.80 -62.36 -62.47 -74.24 353.50 265.16 57.52 0.00
0.00 13515.85
149.80 -65.46 -65.53 -74.84 357.31 262.88 57.94 0.00
0.00 14063.07
135.90 -68.56 -9999.00 -9999.00 -9999.00 263.73 55.11 0.00
0.00 14650.67
121.90 -70.26 -9999.00 -9999.00 -9999.00 260.25 44.74 0.00
0.00 15299.04
108.00 -70.96 -9999.00 -9999.00 -9999.00 249.99 35.76 0.00
0.00 16016.82
94.00 -70.86 -9999.00 -9999.00 -9999.00 240.30 28.63 0.00
0.00 16838.71
81.00 -69.46 -9999.00 -9999.00 -9999.00 226.95 20.20 0.00
0.00 17723.12
70.60 -68.56 -9999.00 -9999.00 -9999.00 225.00 18.12 0.00
0.00 18544.26
62.20 -65.36 -9999.00 -9999.00 -9999.00 242.40 9.63 0.00
0.00 19308.81
54.30 -64.16 -9999.00 -9999.00 -9999.00 143.53 5.56 0.00
0.00 20137.35
46.90 -64.66 -9999.00 -9999.00 -9999.00 68.20 2.10 0.00
0.00 21032.53
40.10 -62.06 -9999.00 -9999.00 -9999.00 25.11 6.86 0.00
0.00 21994.44
33.80 -60.76 -9999.00 -9999.00 -9999.00 47.73 5.77 0.00
0.00 23053.76
27.80 -60.06 -9999.00 -9999.00 -9999.00 9.87 4.53 0.00
0.00 24270.71
22.30 -56.86 -9999.00 -9999.00 -9999.00 348.31 5.75 0.00
0.00 25656.07
17.10 -51.26 -9999.00 -9999.00 -9999.00 246.95 9.93 0.00
0.00 27358.80
12.30 -48.76 -9999.00 -9999.00 -9999.00 259.26 22.94 0.00
0.00 29510.83

STID = 6RO STNM = 722330 TIME = 221027/0600 
SLAT = 30.33 SLON = -89.82 SELV = 10.0
STIM = 18

SHOW = 14.08 LIFT = 14.57 SWET = 32.85 KINX = -13.43
LCLP = 890.85 PWAT = 12.13 TOTL = 23.09 CAPE = 0.00
LCLT = 276.78 CINS = 0.00 EQLV = -9999.00 LFCT = -9999.00
BRCH = 0.00

PRES TMPC TMWC DWPC THTE DRCT SKNT OMEG
CFRL HGHT
1013.70 14.04 9.61 5.49 302.08 23.03 8.45 0.00
0.00 19.15
1010.60 14.24 9.72 5.55 302.68 42.61 13.19 0.10
0.00 44.99
1005.10 14.24 9.83 5.82 303.53 47.58 15.27 0.10
0.00 91.06
995.50 14.14 10.21 6.80 305.55 54.21 20.59 0.10
0.00 172.07
981.30 14.14 10.26 6.96 307.27 55.47 21.93 0.10
0.00 293.35
963.10 14.54 9.67 5.36 307.81 56.69 16.28 0.10
0.00 451.48
941.30 14.04 8.54 3.32 307.45 58.11 10.30 0.10
0.00 644.76
917.50 12.64 7.21 1.71 306.95 46.04 7.56 0.10
0.00 860.16
891.70 12.04 5.89 -0.93 306.80 43.60 5.63 0.10
0.00 1099.15
862.80 13.94 4.60 -8.43 306.91 73.07 4.66 0.10
0.00 1375.63
830.90 14.74 3.55 -15.52 308.12 98.75 5.11 0.00
0.00 1693.03
795.90 13.54 2.75 -15.28 310.92 111.80 3.15 0.00
0.00 2055.24
757.90 11.74 1.60 -15.23 313.58 279.46 1.18 0.00
0.00 2464.88
716.80 9.54 -0.05 -16.86 315.78 293.96 3.83 0.10
0.00 2928.45
672.70 6.74 -2.26 -19.87 317.57 272.73 8.16 0.20
0.00 3451.68
625.60 2.64 -5.40 -24.43 318.38 259.82 15.38 0.10
0.00 4042.39
576.00 -2.76 -9.18 -26.87 319.22 265.65 17.93 0.10
0.00 4703.02
527.90 -7.36 -12.99 -33.76 320.60 259.65 20.53 0.10
0.00 5387.56
484.80 -11.56 -16.50 -41.43 322.54 255.64 25.06 0.10
0.00 6045.08
446.20 -16.06 -20.12 -46.63 324.29 249.94 26.05 0.10
0.00 6674.98
411.60 -20.46 -23.72 -50.58 326.02 251.93 28.81 0.10
0.00 7277.24
380.40 -23.56 -26.36 -53.40 329.27 259.17 36.19 0.10
0.00 7856.75
352.30 -26.66 -29.05 -56.80 332.31 260.94 40.71 0.10
0.00 8413.94
327.10 -30.36 -32.22 -55.92 334.38 262.55 46.43 0.10
0.00 8945.43
304.40 -34.86 -36.13 -54.14 335.08 261.11 51.52 0.10
0.00 9451.86
284.10 -38.76 -39.66 -54.72 336.16 261.03 56.04 0.10
0.00 9929.34
265.80 -41.26 -42.08 -60.80 338.79 264.65 64.57 0.10
0.00 10383.73
248.90 -43.86 -44.54 -63.50 341.29 268.45 71.70 0.10
0.00 10827.15
233.60 -46.76 -47.28 -63.98 343.14 271.49 74.81 0.10
0.00 11250.25
219.60 -49.76 -50.17 -67.41 344.58 272.78 76.05 0.10
0.00 11657.10
205.60 -53.06 -53.35 -67.89 345.94 272.99 78.19 0.00
0.00 12084.67
191.70 -56.56 -56.75 -68.39 347.32 272.49 76.03 0.00
0.00 12532.06
177.70 -59.76 -59.91 -73.70 349.63 270.17 65.07 0.00
0.00 13009.30
163.80 -62.66 -62.77 -74.24 353.00 265.43 58.47 0.00
0.00 13514.61
149.80 -65.66 -65.73 -74.84 356.97 263.42 55.92 0.00
0.00 14061.17
135.90 -68.66 -9999.00 -9999.00 -9999.00 263.94 53.32 0.00
0.00 14648.35
121.90 -70.36 -9999.00 -9999.00 -9999.00 260.62 44.09 0.00
0.00 15296.40
108.00 -70.86 -9999.00 -9999.00 -9999.00 250.04 34.71 0.00
0.00 16014.18
94.00 -70.76 -9999.00 -9999.00 -9999.00 239.10 28.75 0.00
0.00 16836.47
81.00 -69.66 -9999.00 -9999.00 -9999.00 227.35 20.07 0.00
0.00 17720.67
70.60 -68.26 -9999.00 -9999.00 -9999.00 231.03 17.00 0.00
0.00 18542.01
62.20 -64.96 -9999.00 -9999.00 -9999.00 244.06 7.98 0.00
0.00 19307.85
54.30 -64.26 -9999.00 -9999.00 -9999.00 141.07 6.49 0.00
0.00 20137.00
46.90 -64.46 -9999.00 -9999.00 -9999.00 63.43 3.48 0.00
0.00 21032.39
40.10 -62.56 -9999.00 -9999.00 -9999.00 39.81 9.11 0.00
0.00 21993.61
33.80 -62.16 -9999.00 -9999.00 -9999.00 60.46 6.70 0.00
0.00 23048.18
27.80 -60.86 -9999.00 -9999.00 -9999.00 38.16 3.46 0.00
0.00 24258.83
22.30 -56.06 -9999.00 -9999.00 -9999.00 349.70 2.18 0.00
0.00 25644.20
17.10 -50.06 -9999.00 -9999.00 -9999.00 249.18 14.76 0.00
0.00 27354.69
12.30 -48.56 -9999.00 -9999.00 -9999.00 266.11 28.61 0.00
0.00 29513.48

STID = 6RO STNM = 722330 TIME = 221027/0700 
SLAT = 30.33 SLON = -89.82 SELV = 10.0
STIM = 19

SHOW = 14.03 LIFT = 14.57 SWET = 30.00 KINX = -13.35
LCLP = 921.21 PWAT = 12.29 TOTL = 23.35 CAPE = 0.00
LCLT = 278.55 CINS = 0.00 EQLV = -9999.00 LFCT = -9999.00
BRCH = 0.00

PRES TMPC TMWC DWPC THTE DRCT SKNT OMEG
CFRL HGHT
1013.90 13.14 9.80 6.80 302.55 19.36 7.61 0.00
0.00 19.95
1011.00 13.44 9.94 6.83 303.21 41.01 11.85 0.10
0.00 44.05
1005.40 13.44 9.99 6.96 303.94 46.15 13.73 0.10
0.00 90.83
995.80 13.54 10.25 7.44 305.64 53.93 19.46 0.10
0.00 171.64
981.60 13.54 10.06 7.10 306.76 54.83 20.90 0.10
0.00 292.64
963.40 13.94 9.47 5.49 307.27 49.64 15.29 0.00
0.00 450.39
941.60 13.74 8.53 3.62 307.40 55.56 8.24 0.00
0.00 643.32
917.80 12.54 7.27 1.98 307.07 46.47 5.36 0.00
0.00 858.51
891.90 12.24 6.00 -0.89 307.03 39.09 4.00 -0.10
0.00 1098.41
863.00 13.84 4.63 -8.05 306.99 78.69 2.97 -0.10
0.00 1374.89
831.10 14.54 3.47 -15.35 307.95 119.36 3.57 -0.20
0.00 1692.05
796.20 13.34 2.57 -15.86 310.45 138.01 2.62 -0.10
0.00 2052.86
758.10 11.64 1.56 -15.22 313.45 290.56 1.65 -0.10
0.00 2463.22
717.00 9.54 -0.05 -16.86 315.76 286.39 3.44 0.00
0.00 2926.58
672.90 6.84 -2.23 -20.07 317.59 260.75 8.47 0.00
0.00 3449.76
625.70 2.54 -5.46 -24.43 318.25 259.82 15.38 0.00
0.00 4041.58
576.10 -2.76 -9.20 -27.01 319.18 264.23 17.39 0.00
0.00 4701.97
528.00 -7.36 -13.04 -34.52 320.47 259.70 21.72 0.00
0.00 5386.38
484.90 -11.66 -16.55 -40.98 322.43 255.75 25.25 0.00
0.00 6043.64
446.30 -16.26 -20.28 -47.34 323.98 248.90 26.44 0.00
0.00 6673.05
411.70 -20.56 -23.79 -50.58 325.87 252.28 29.37 0.00
0.00 7274.81
380.40 -23.56 -26.38 -54.68 329.23 260.13 36.29 0.00
0.00 7855.99
352.30 -26.66 -29.05 -56.80 332.31 259.35 39.92 0.00
0.00 8413.18
327.10 -30.46 -32.30 -55.92 334.24 260.58 46.27 0.00
0.00 8944.56
304.40 -34.86 -36.09 -52.26 335.16 260.78 52.16 0.00
0.00 9450.88
284.10 -38.56 -39.46 -53.73 336.48 262.06 59.03 0.00
0.00 9928.57
265.80 -40.96 -41.81 -60.80 339.23 266.57 68.10 0.00
0.00 10383.45
248.90 -42.96 -43.71 -63.50 342.63 272.42 78.17 0.00
0.00 10828.02
233.60 -45.96 -46.51 -61.80 344.40 272.69 82.85 0.00
0.00 11252.71
219.60 -49.66 -50.00 -60.55 344.87 272.43 87.10 0.00
0.00 11660.37
205.60 -53.66 -53.87 -62.77 345.09 274.60 87.10 0.00
0.00 12087.47
191.70 -57.26 -57.43 -68.39 346.19 277.16 79.49 0.00
0.00 12533.53
177.70 -60.06 -60.20 -73.70 349.14 274.09 65.44 0.00
0.00 13009.66
163.80 -62.66 -62.77 -74.24 353.00 266.44 56.25 0.00
0.00 13514.61
149.80 -65.76 -65.83 -74.84 356.79 263.57 55.52 0.00
0.00 14061.04
135.90 -68.86 -9999.00 -9999.00 -9999.00 265.08 52.06 0.00
0.00 14647.79
121.90 -70.96 -9999.00 -9999.00 -9999.00 263.57 43.40 0.00
0.00 15294.57
108.00 -71.46 -9999.00 -9999.00 -9999.00 251.57 34.40 0.00
0.00 16010.22
94.00 -71.26 -9999.00 -9999.00 -9999.00 238.16 28.36 0.00
0.00 16830.28
81.00 -70.26 -9999.00 -9999.00 -9999.00 225.75 20.88 0.00
0.00 17712.08
70.60 -68.16 -9999.00 -9999.00 -9999.00 230.56 15.60 0.00
0.00 18532.42
62.20 -65.36 -9999.00 -9999.00 -9999.00 237.80 6.20 0.00
0.00 19297.70
54.30 -65.16 -9999.00 -9999.00 -9999.00 141.63 5.94 0.00
0.00 20124.26
46.90 -64.66 -9999.00 -9999.00 -9999.00 72.90 2.64 0.00
0.00 21017.29
40.10 -63.26 -9999.00 -9999.00 -9999.00 61.78 9.03 0.00
0.00 21976.45
33.80 -62.96 -9999.00 -9999.00 -9999.00 91.74 6.41 0.00
0.00 23027.27
27.80 -60.16 -9999.00 -9999.00 -9999.00 78.69 3.96 0.00
0.00 24237.64
22.30 -54.86 -9999.00 -9999.00 -9999.00 119.05 2.00 0.00
0.00 25629.13
17.10 -49.36 -9999.00 -9999.00 -9999.00 250.52 16.90 0.00
0.00 27347.01
12.30 -48.26 -9999.00 -9999.00 -9999.00 264.70 29.45 0.00
0.00 29510.62

STID = 6RO STNM = 722330 TIME = 221027/0800 
SLAT = 30.33 SLON = -89.82 SELV = 10.0
STIM = 20

SHOW = 14.03 LIFT = 14.58 SWET = 26.80 KINX = -13.06
LCLP = 940.85 PWAT = 12.69 TOTL = 24.07 CAPE = 0.00
LCLT = 279.56 CINS = 0.00 EQLV = -9999.00 LFCT = -9999.00
BRCH = 0.00

PRES TMPC TMWC DWPC THTE DRCT SKNT OMEG
CFRL HGHT
1015.10 12.54 9.87 7.52 302.62 17.53 7.73 0.00
0.00 19.92
1012.10 12.74 9.96 7.52 303.15 37.45 11.50 0.10
0.00 44.78
1006.50 12.84 10.03 7.60 303.94 43.23 13.33 0.10
0.00 91.40
996.90 12.84 10.17 7.90 305.33 53.71 19.04 0.10
0.00 171.95
982.70 12.64 9.98 7.73 306.44 55.86 20.42 0.00
0.00 292.50
964.50 13.14 9.30 5.89 306.74 48.18 14.86 0.00
0.00 449.62
942.60 13.54 8.56 3.90 307.37 43.73 6.18 0.00
0.00 642.90
918.80 12.44 7.34 2.28 307.15 32.01 3.67 -0.10
0.00 857.76
892.90 11.84 6.05 -0.21 307.07 18.43 3.07 -0.10
0.00 1097.21
863.90 13.04 4.65 -6.34 307.04 57.99 1.83 -0.20
0.00 1373.81
832.00 13.84 3.28 -14.33 307.48 131.99 2.62 -0.20
0.00 1689.85
796.90 13.04 2.34 -16.47 309.83 147.99 1.83 -0.20
0.00 2051.75
758.80 11.64 1.56 -15.21 313.37 319.40 1.79 -0.10
0.00 2461.51
717.70 9.74 0.04 -17.02 315.83 270.00 3.11 0.00
0.00 2924.59
673.40 6.74 -2.32 -20.36 317.31 249.30 9.34 0.00
0.00 3449.77
626.20 2.34 -5.45 -23.41 318.21 262.09 14.12 0.00
0.00 4040.83
576.50 -2.76 -9.27 -27.77 318.94 262.15 17.06 0.00
0.00 4701.83
528.30 -7.46 -13.10 -34.51 320.30 259.60 21.52 -0.10
0.00 5387.09
485.10 -11.76 -16.62 -40.98 322.27 254.74 24.36 -0.10
0.00 6045.30
446.50 -16.36 -20.36 -47.34 323.81 250.77 26.53 -0.10
0.00 6674.19
411.80 -20.56 -23.77 -49.66 325.88 254.78 29.58 -0.10
0.00 7277.36
380.50 -23.56 -26.38 -54.68 329.21 259.50 35.16 0.00
0.00 7858.40
352.40 -26.66 -29.05 -56.80 332.28 259.65 41.06 0.00
0.00 8415.44
327.10 -30.56 -32.34 -53.54 334.18 262.85 48.35 0.00
0.00 8948.74
304.40 -34.86 -36.06 -51.45 335.20 263.15 55.36 0.00
0.00 9454.97
284.10 -38.16 -39.13 -54.72 337.02 262.98 63.62 0.00
0.00 9933.06
265.80 -40.06 -41.01 -63.01 340.50 269.85 72.07 0.00
0.00 10389.20
248.90 -42.76 -43.46 -58.13 343.06 274.21 79.47 0.10
0.00 10834.83
233.60 -46.46 -46.93 -58.63 343.73 273.37 82.50 0.10
0.00 11259.25
219.60 -49.96 -50.31 -62.27 344.36 274.11 83.94 0.00
0.00 11666.19
205.60 -53.46 -53.71 -64.93 345.36 275.99 83.80 0.00
0.00 12093.19
191.70 -56.96 -57.14 -68.39 346.67 276.36 77.19 0.00
0.00 12539.76
177.70 -60.06 -60.20 -73.70 349.14 272.20 65.89 0.00
0.00 13016.22
163.80 -63.06 -63.16 -74.24 352.33 266.70 60.70 0.00
0.00 13520.69
149.80 -65.96 -66.03 -74.84 356.45 265.83 56.10 0.00
0.00 14066.34
135.90 -68.66 -9999.00 -9999.00 -9999.00 265.11 50.10 0.00
0.00 14653.09
121.90 -70.66 -9999.00 -9999.00 -9999.00 262.37 43.90 0.00
0.00 15300.67
108.00 -71.36 -9999.00 -9999.00 -9999.00 251.47 36.05 0.00
0.00 16017.03
94.00 -71.16 -9999.00 -9999.00 -9999.00 239.10 28.75 0.00
0.00 16837.49
81.00 -70.46 -9999.00 -9999.00 -9999.00 229.67 21.91 0.00
0.00 17719.07
70.60 -68.26 -9999.00 -9999.00 -9999.00 233.13 14.57 0.00
0.00 18538.81
62.20 -66.26 -9999.00 -9999.00 -9999.00 211.33 5.23 0.00
0.00 19302.24
54.30 -65.96 -9999.00 -9999.00 -9999.00 144.29 7.65 0.00
0.00 20125.42
46.90 -65.06 -9999.00 -9999.00 -9999.00 104.93 6.02 0.00
0.00 21015.88
40.10 -63.46 -9999.00 -9999.00 -9999.00 94.93 11.31 0.00
0.00 21973.66
33.80 -61.76 -9999.00 -9999.00 -9999.00 122.38 9.42 0.00
0.00 23026.98
27.80 -58.66 -9999.00 -9999.00 -9999.00 72.35 4.49 0.00
0.00 24245.07
22.30 -55.46 -9999.00 -9999.00 -9999.00 296.57 1.73 0.00
0.00 25639.47
17.10 -50.76 -9999.00 -9999.00 -9999.00 261.25 20.44 0.00
0.00 27349.58
12.30 -48.76 -9999.00 -9999.00 -9999.00 258.50 34.09 0.00
0.00 29504.02

STID = 6RO STNM = 722330 TIME = 221027/0900 
SLAT = 30.33 SLON = -89.82 SELV = 10.0
STIM = 21

SHOW = 13.87 LIFT = 14.59 SWET = 24.37 KINX = -13.05
LCLP = 955.87 PWAT = 12.80 TOTL = 24.73 CAPE = 0.00
LCLT = 280.24 CINS = 0.00 EQLV = -9999.00 LFCT = -9999.00
BRCH = 0.00

PRES TMPC TMWC DWPC THTE DRCT SKNT OMEG
CFRL HGHT
1015.10 11.94 9.82 7.97 302.52 17.20 8.55 0.00
0.00 19.90
1012.00 12.04 9.85 7.94 302.92 34.46 12.02 0.10
0.00 45.53
1006.50 12.14 9.89 7.93 303.59 40.52 14.04 0.10
0.00 91.21
996.80 12.04 9.83 7.92 304.50 50.71 19.33 0.10
0.00 172.40
982.70 11.94 9.54 7.47 305.35 52.80 20.24 0.10
0.00 291.79
964.40 12.34 9.19 6.43 306.52 48.89 14.18 0.10
0.00 449.38
942.60 13.14 8.45 4.06 307.10 22.17 5.67 0.10
0.00 641.39
918.70 12.24 7.33 2.48 307.14 360.00 2.91 0.10
0.00 856.95
892.80 11.84 6.12 -0.02 307.25 337.38 2.53 0.10
0.00 1096.35
863.90 12.74 4.62 -5.92 306.98 303.69 0.70 0.10
0.00 1371.88
831.90 13.34 3.13 -13.71 307.19 198.43 2.45 0.00
0.00 1688.50
796.90 12.64 2.09 -16.83 309.27 206.57 1.30 0.00
0.00 2048.83
758.80 11.44 1.46 -15.21 313.15 335.56 2.35 0.00
0.00 2458.16
717.60 9.74 0.02 -17.10 315.81 265.91 2.72 0.10
0.00 2922.23
673.40 6.64 -2.49 -21.32 316.90 245.56 9.38 0.10
0.00 3446.16
626.20 2.24 -5.51 -23.41 318.10 260.68 13.19 0.10
0.00 4036.99
576.50 -2.86 -9.35 -27.94 318.79 261.96 16.67 0.00
0.00 4697.74
528.30 -7.66 -13.22 -34.25 320.09 259.65 20.53 0.00
0.00 5382.61
485.10 -12.06 -16.85 -41.42 321.86 255.04 23.33 0.00
0.00 6040.20
446.50 -16.46 -20.43 -47.34 323.68 251.70 26.59 0.00
0.00 6668.61
411.80 -20.66 -23.85 -49.66 325.75 256.43 28.98 0.00
0.00 7271.54
380.50 -23.46 -26.30 -54.68 329.34 258.38 34.71 0.10
0.00 7852.58
352.40 -26.56 -28.95 -55.31 332.46 262.42 42.72 0.10
0.00 8409.85
327.10 -30.76 -32.45 -50.83 334.03 264.51 50.74 0.10
0.00 8943.04
304.40 -34.46 -35.74 -52.26 335.72 262.23 61.75 0.10
0.00 9449.48
284.10 -36.96 -38.13 -58.53 338.61 266.10 65.62 0.10
0.00 9929.18
265.80 -39.46 -40.38 -56.36 341.55 272.17 71.93 0.10
0.00 10387.09
248.90 -42.96 -43.62 -56.89 342.81 271.94 80.26 0.10
0.00 10833.11
233.60 -46.26 -46.74 -58.63 344.03 271.52 87.65 0.10
0.00 11257.53
219.60 -49.86 -50.19 -60.55 344.56 272.63 89.06 0.00
0.00 11664.74
205.60 -53.66 -53.87 -62.77 345.09 275.57 88.01 0.00
0.00 12091.65
191.70 -57.26 -57.38 -63.30 346.28 278.05 80.44 0.00
0.00 12537.71
177.70 -60.46 -60.57 -68.92 348.53 272.90 65.35 0.00
0.00 13013.40
163.80 -63.46 -63.55 -74.24 351.66 264.31 62.67 0.00
0.00 13516.92
149.80 -66.06 -9999.00 -9999.00 -9999.00 264.09 56.62 0.00
0.00 14061.91
135.90 -68.66 -9999.00 -9999.00 -9999.00 262.03 49.03 0.00
0.00 14648.52
121.90 -70.56 -9999.00 -9999.00 -9999.00 259.83 44.02 0.00
0.00 15296.25
108.00 -70.66 -9999.00 -9999.00 -9999.00 251.17 35.51 0.00
0.00 16014.03
94.00 -70.76 -9999.00 -9999.00 -9999.00 239.69 29.25 0.00
0.00 16836.73
81.00 -70.46 -9999.00 -9999.00 -9999.00 232.43 22.30 0.00
0.00 17719.18
70.60 -68.36 -9999.00 -9999.00 -9999.00 237.99 14.67 0.00
0.00 18538.71
62.20 -66.96 -9999.00 -9999.00 -9999.00 202.75 6.53 0.00
0.00 19300.66
54.30 -66.66 -9999.00 -9999.00 -9999.00 146.31 8.41 0.00
0.00 20121.06
46.90 -65.86 -9999.00 -9999.00 -9999.00 114.90 6.00 0.00
0.00 21008.30
40.10 -63.26 -9999.00 -9999.00 -9999.00 114.70 10.68 0.00
0.00 21964.71
33.80 -61.06 -9999.00 -9999.00 -9999.00 125.68 9.32 0.00
0.00 23020.28
27.80 -57.86 -9999.00 -9999.00 -9999.00 50.44 5.79 0.00
0.00 24242.66
22.30 -56.36 -9999.00 -9999.00 -9999.00 324.16 4.31 0.00
0.00 25636.74
17.10 -51.56 -9999.00 -9999.00 -9999.00 266.82 21.02 0.00
0.00 27340.24
12.30 -48.26 -9999.00 -9999.00 -9999.00 259.36 35.78 0.00
0.00 29493.24
STN YYMMDD/HHMM PMSL PRES SKTC STC1 SNFL WTNS
P01M C01M STC2 LCLD MCLD HCLD
SNRA UWND VWND R01M BFGR T2MS
Q2MS WXTS WXTP WXTZ WXTR USTM
VSTM HLCY SLLH WSYM CDBP VSBK
TD2M
722330 221026/1200 1015.70 1014.50 11.74 284.90 -9999.00 10.00
-9999.00 -9999.00 285.80 0.00 0.00 0.00
-9999.00 0.40 -3.20 -9999.00 -9999.00 12.14
6.09 0.00 0.00 0.00 0.00 10.80
-8.60 -83.00 -9999.00 999.00 -9999.00 20.00
6.68
722330 221026/1300 1017.10 1015.90 12.84 286.00 0.00 11.00
0.00 0.00 286.30 0.00 0.00 0.00
-9999.00 0.00 -2.90 -9999.00 -9999.00 12.74
5.98 0.00 0.00 0.00 0.00 9.90
-9.10 -97.70 0.00 999.00 -9999.00 20.00
6.43
722330 221026/1400 1018.00 1016.80 16.94 290.10 0.00 10.00
0.00 0.00 289.60 0.00 0.00 0.00
-9999.00 -1.00 -3.60 -9999.00 -9999.00 14.84
5.44 0.00 0.00 0.00 0.00 9.50
-9.00 -107.80 0.01 999.00 -9999.00 20.00
5.09
722330 221026/1500 1018.00 1016.80 20.84 294.00 0.00 10.00
0.00 0.00 293.20 0.00 0.00 0.00
-9999.00 -0.90 -3.90 -9999.00 -9999.00 16.94
5.00 0.00 0.00 0.00 0.00 9.60
-9.00 -107.20 0.01 999.00 -9999.00 20.00
3.90
722330 221026/1600 1017.60 1016.40 24.44 297.60 0.00 9.00
0.00 0.00 296.40 0.00 0.00 0.00
-9999.00 -0.50 -3.60 -9999.00 -9999.00 18.74
4.85 0.00 0.00 0.00 0.00 10.20
-8.10 -97.10 0.00 999.00 -9999.00 20.00
3.46
722330 221026/1700 1016.50 1015.30 27.24 300.40 0.00 8.00
0.00 0.00 299.20 0.00 0.00 0.00
-9999.00 0.10 -3.00 -9999.00 -9999.00 20.24
4.69 0.00 0.00 0.00 0.00 10.90
-7.20 -80.60 0.00 999.00 -9999.00 20.00
2.97
722330 221026/1800 1015.30 1014.10 29.24 302.40 0.00 8.00
0.00 0.00 301.20 0.00 0.00 0.00
-9999.00 0.70 -2.10 -9999.00 -9999.00 21.64
4.66 0.00 0.00 0.00 0.00 11.20
-6.50 -59.90 0.00 999.00 -9999.00 20.00
2.87
722330 221026/1900 1015.10 1013.90 29.84 303.00 0.00 7.00
0.00 0.00 302.00 0.00 0.00 0.00
-9999.00 1.20 -1.90 -9999.00 -9999.00 22.74
4.59 0.00 0.00 0.00 0.00 11.50
-6.40 -47.80 0.00 999.00 -9999.00 20.00
2.65
722330 221026/2000 1014.40 1013.20 29.34 302.50 0.00 7.00
0.00 0.00 301.90 0.00 0.00 0.00
-9999.00 1.60 -1.70 -9999.00 -9999.00 23.44
4.44 0.00 0.00 0.00 0.00 11.00
-6.90 -34.60 0.00 999.00 -9999.00 20.00
2.18
722330 221026/2100 1013.40 1012.20 27.64 300.80 0.00 7.00
0.00 0.00 300.60 0.00 0.00 0.00
-9999.00 1.60 -1.50 -9999.00 -9999.00 23.54
4.36 0.00 0.00 0.00 0.00 10.30
-7.60 -23.60 0.00 999.00 -9999.00 20.00
1.91
722330 221026/2200 1014.40 1013.20 24.84 298.00 0.00 7.00
0.00 0.00 298.40 0.00 0.00 0.00
-9999.00 1.60 -1.70 -9999.00 -9999.00 23.14
4.31 0.00 0.00 0.00 0.00 9.40
-8.50 -13.90 0.00 999.00 -9999.00 20.00
1.77
722330 221026/2300 1015.50 1014.30 20.94 294.10 0.00 7.00
0.00 0.00 295.10 0.00 0.00 0.00
-9999.00 1.30 -1.40 -9999.00 -9999.00 21.24
4.49 0.00 0.00 0.00 0.00 8.60
-9.20 -2.10 -0.01 999.00 -9999.00 20.00
2.35
722330 221027/0000 1016.00 1014.80 17.54 290.70 0.00 7.00
0.00 0.00 291.80 0.00 0.00 0.00
-9999.00 1.10 -2.00 -9999.00 -9999.00 18.54
4.58 0.00 0.00 0.00 0.00 8.20
-9.20 0.40 0.00 999.00 -9999.00 20.00
2.64
722330 221027/0100 1016.20 1015.00 16.34 289.50 0.00 7.00
0.00 0.00 290.50 0.00 0.00 0.00
-9999.00 0.30 -2.40 -9999.00 -9999.00 17.04
4.37 0.00 0.00 0.00 0.00 7.60
-9.00 1.20 0.00 999.00 -9999.00 20.00
1.98
722330 221027/0200 1016.50 1015.30 15.64 288.80 0.00 7.00
0.00 0.00 289.60 0.00 0.00 0.00
-9999.00 0.50 -2.80 -9999.00 -9999.00 16.24
4.32 0.00 0.00 0.00 0.00 7.20
-8.50 23.80 0.00 999.00 -9999.00 20.00
1.83
722330 221027/0300 1016.00 1014.80 15.04 288.20 0.00 7.00
0.00 0.00 289.00 0.00 0.00 0.00
-9999.00 0.60 -3.30 -9999.00 -9999.00 15.54
4.67 0.00 0.00 0.00 0.00 7.10
-8.10 42.60 0.00 999.00 -9999.00 20.00
2.91
722330 221027/0400 1017.50 1016.30 14.54 287.70 0.00 7.00
0.00 0.00 288.40 0.00 0.00 0.00
-9999.00 0.10 -3.60 -9999.00 -9999.00 14.94
4.93 0.00 0.00 0.00 0.00 6.30
-8.00 55.90 0.00 999.00 -9999.00 20.00
3.69
722330 221027/0500 1016.40 1015.20 13.84 287.00 0.00 7.00
0.00 0.00 287.80 0.00 0.00 0.00
-9999.00 -1.50 -3.70 -9999.00 -9999.00 14.14
4.98 0.00 0.00 0.00 0.00 5.00
-7.90 49.40 0.00 999.00 -9999.00 20.00
3.82
722330 221027/0600 1016.00 1014.80 12.94 286.10 0.00 7.00
0.00 0.00 287.00 0.00 0.00 0.00
-9999.00 -2.10 -2.70 -9999.00 -9999.00 13.24
5.62 0.00 0.00 0.00 0.00 4.80
-7.40 30.40 0.00 999.00 -9999.00 20.00
5.53
722330 221027/0700 1016.40 1015.10 12.14 285.30 0.00 7.00
0.00 0.00 286.10 0.00 0.00 0.00
-9999.00 -1.80 -2.50 -9999.00 -9999.00 12.44
6.16 0.00 0.00 0.00 0.00 5.30
-7.10 20.10 0.00 999.00 -9999.00 20.00
6.85
722330 221027/0800 1017.50 1016.30 11.54 284.70 0.00 7.00
0.00 0.00 285.50 0.00 0.00 0.00
-9999.00 -1.60 -2.70 -9999.00 -9999.00 11.84
6.45 0.00 0.00 0.00 0.00 5.40
-7.00 13.50 0.00 999.00 -9999.00 20.00
7.53
722330 221027/0900 1017.50 1016.30 11.04 284.20 0.00 7.00
0.00 0.00 285.00 0.00 0.00 0.00
-9999.00 -1.70 -2.90 -9999.00 -9999.00 11.24
6.66 0.00 0.00 0.00 0.00 5.60
-7.00 8.90 0.00 999.00 -9999.00 20.00
8.00


