
SNPARM = PRES;TMPC;TMWC;DWPC;THTE;DRCT;SKNT;OMEG;CFRL;HGHT 
STNPRM = SHOW;LIFT;SWET;KINX;LCLP;PWAT;TOTL;CAPE;LCLT;CINS;EQLV;LFCT;BRCH 

STID = KPHX STNM = 722780 TIME = 221026/1200 
SLAT = 33.43 SLON = -112.02 SELV = 365.0
STIM = 0

SHOW = 10.91 LIFT = 11.83 SWET = 42.31 KINX = 1.81
LCLP = 814.83 PWAT = 11.09 TOTL = 30.73 CAPE = 0.00
LCLT = 271.41 CINS = 0.00 EQLV = -9999.00 LFCT = -9999.00
BRCH = 0.00

PRES TMPC TMWC DWPC THTE DRCT SKNT OMEG
CFRL HGHT
970.20 12.14 6.73 0.67 299.90 105.26 4.43 0.10
0.00 375.35
967.30 14.04 7.50 0.29 301.89 118.74 6.88 0.00
0.00 400.49
962.00 14.94 7.71 -0.27 302.93 131.63 9.36 0.00
0.00 446.86
952.90 15.84 7.95 -0.72 304.47 149.53 7.65 -0.10
0.00 527.33
939.40 16.44 7.83 -1.84 305.64 149.04 4.53 -0.20
0.00 648.42
922.20 16.44 7.03 -4.47 305.58 153.43 3.48 -0.20
0.00 805.38
901.60 15.54 5.89 -7.02 305.22 162.90 2.64 -0.20
0.00 996.90
879.20 14.14 4.75 -8.58 305.25 194.04 2.41 -0.30
0.00 1209.29
855.00 12.74 3.73 -9.51 305.90 236.31 2.80 -0.30
0.00 1443.75
827.90 11.34 2.72 -10.27 307.04 262.15 5.69 -0.30
0.00 1712.98
798.10 9.94 1.72 -10.91 308.66 270.00 10.49 -0.30
0.00 2017.89
765.50 8.44 0.74 -11.07 310.91 279.23 15.73 -0.30
0.00 2363.00
730.20 6.24 -0.30 -9.87 313.68 285.79 19.99 -0.10
0.00 2751.16
692.00 3.44 -2.30 -11.22 314.95 284.04 24.83 -0.10
0.00 3189.03
651.00 0.64 -4.94 -15.12 315.60 281.08 28.30 0.00
0.00 3681.64
607.20 -3.16 -7.77 -17.06 316.97 285.41 31.43 0.10
0.00 4236.55
561.00 -8.06 -11.42 -19.11 317.85 284.46 31.90 0.10
0.00 4856.90
516.00 -12.56 -15.42 -23.70 318.67 273.70 33.10 0.00
0.00 5500.71
475.50 -16.16 -19.04 -30.31 320.18 268.89 40.21 -0.10
0.00 6120.23
439.10 -19.26 -22.00 -35.63 322.79 268.84 48.00 -0.10
0.00 6715.90
406.30 -23.06 -25.31 -39.08 324.73 268.55 53.83 -0.10
0.00 7288.67
376.40 -27.56 -29.40 -45.74 325.36 270.39 56.92 -0.10
0.00 7843.29
349.40 -31.76 -33.24 -51.99 326.36 274.65 57.50 -0.10
0.00 8373.86
325.10 -36.16 -37.15 -51.70 327.12 277.26 59.93 -0.10
0.00 8878.58
303.10 -40.46 -41.17 -55.28 327.56 270.00 59.63 -0.10
0.00 9360.27
283.20 -43.66 -44.05 -51.32 329.59 264.34 66.96 -0.10
0.00 9819.66
265.30 -44.66 -45.05 -52.62 334.29 264.83 77.62 -0.10
0.00 10257.34
248.60 -45.36 -45.91 -61.32 339.22 265.08 81.49 0.00
0.00 10691.53
233.40 -47.26 -47.77 -66.97 342.42 265.65 82.01 0.00
0.00 11110.46
219.50 -49.66 -50.10 -72.27 344.73 266.25 83.12 0.00
0.00 11514.30
205.60 -52.36 -52.70 -72.72 346.99 267.10 84.62 0.00
0.00 11939.69
191.70 -54.86 -55.13 -73.19 349.99 267.77 84.75 0.10
0.00 12389.53
177.70 -57.46 -57.67 -73.70 353.40 268.11 82.60 0.10
0.00 12871.21
163.80 -60.16 -60.32 -74.24 357.19 268.87 78.88 0.00
0.00 13382.24
149.80 -63.06 -63.17 -74.84 361.44 268.50 74.22 0.00
0.00 13935.47
135.90 -66.06 -66.14 -75.48 366.33 264.16 68.73 0.00
0.00 14530.06
121.90 -68.66 -9999.00 -9999.00 -9999.00 261.64 61.46 0.00
0.00 15184.96
107.90 -70.16 -9999.00 -9999.00 -9999.00 265.42 55.92 0.00
0.00 15912.51
94.00 -69.56 -9999.00 -9999.00 -9999.00 270.71 47.20 0.00
0.00 16733.16
81.00 -67.46 -9999.00 -9999.00 -9999.00 261.70 37.68 0.00
0.00 17624.75
70.60 -66.36 -9999.00 -9999.00 -9999.00 254.44 35.49 0.00
0.00 18454.34
62.20 -64.16 -9999.00 -9999.00 -9999.00 266.02 30.77 0.00
0.00 19225.19
54.30 -61.66 -9999.00 -9999.00 -9999.00 271.75 25.47 0.00
0.00 20061.10
46.90 -58.46 -9999.00 -9999.00 -9999.00 267.46 17.50 0.00
0.00 20974.92
40.10 -55.66 -9999.00 -9999.00 -9999.00 242.97 10.68 0.00
0.00 21965.72
33.80 -55.56 -9999.00 -9999.00 -9999.00 236.31 10.51 0.00
0.00 23054.06
27.80 -54.46 -9999.00 -9999.00 -9999.00 250.91 16.03 0.00
0.00 24301.90
22.30 -54.26 -9999.00 -9999.00 -9999.00 272.27 24.49 0.00
0.00 25713.72
17.10 -53.46 -9999.00 -9999.00 -9999.00 284.93 30.15 0.00
0.00 27417.99
12.30 -49.06 -9999.00 -9999.00 -9999.00 278.78 29.29 0.00
0.00 29557.97

STID = KPHX STNM = 722780 TIME = 221026/1300 
SLAT = 33.43 SLON = -112.02 SELV = 365.0
STIM = 1

SHOW = 11.13 LIFT = 12.11 SWET = 44.55 KINX = 1.57
LCLP = 817.24 PWAT = 11.24 TOTL = 30.44 CAPE = 0.00
LCLT = 271.09 CINS = 0.00 EQLV = -9999.00 LFCT = -9999.00
BRCH = 0.00

PRES TMPC TMWC DWPC THTE DRCT SKNT OMEG
CFRL HGHT
971.20 11.64 6.36 0.31 298.97 113.50 4.88 0.10
0.00 375.32
968.20 13.64 7.16 -0.15 301.02 123.27 7.44 0.10
0.00 401.26
963.00 14.64 7.38 -0.90 302.02 134.24 10.30 0.00
0.00 446.65
953.80 15.64 7.71 -1.22 303.77 147.09 7.87 0.00
0.00 527.84
940.40 16.14 7.68 -1.90 305.17 149.42 4.97 -0.10
0.00 647.81
923.10 16.24 7.03 -4.15 305.49 155.77 4.25 -0.10
0.00 805.38
902.50 15.44 5.89 -6.80 305.15 166.76 3.40 -0.20
0.00 996.62
880.10 14.04 4.74 -8.40 305.15 187.59 2.93 -0.20
0.00 1208.73
855.80 12.54 3.66 -9.38 305.66 222.27 2.89 -0.30
0.00 1443.81
828.70 11.04 2.62 -10.08 306.72 259.11 5.15 -0.30
0.00 1712.55
798.90 9.54 1.32 -11.89 307.65 272.34 9.52 -0.30
0.00 2016.77
766.20 8.14 0.78 -10.21 310.95 280.38 14.02 -0.30
0.00 2362.18
730.80 6.04 -0.35 -9.66 313.50 283.75 18.80 -0.20
0.00 2750.78
692.50 3.44 -2.34 -11.38 314.79 276.79 24.65 -0.20
0.00 3189.30
651.50 0.54 -4.79 -14.15 315.89 275.40 28.88 -0.10
0.00 3681.47
607.60 -3.36 -7.68 -16.09 317.12 279.58 31.53 -0.10
0.00 4237.00
561.30 -8.16 -11.49 -19.18 317.65 277.25 32.30 0.00
0.00 4857.99
516.30 -12.46 -15.50 -24.64 318.45 271.89 35.37 0.00
0.00 5501.42
475.70 -16.06 -18.91 -29.83 320.37 272.10 42.37 0.00
0.00 6122.39
439.30 -19.66 -22.12 -33.65 322.56 272.91 49.79 -0.10
0.00 6717.47
406.40 -23.56 -25.71 -39.08 324.05 270.40 55.36 -0.10
0.00 7290.78
376.50 -27.76 -29.61 -46.87 325.00 269.42 57.89 -0.20
0.00 7844.47
349.50 -32.26 -33.60 -49.50 325.78 273.20 59.15 -0.20
0.00 8374.13
325.10 -36.76 -37.57 -48.17 326.49 276.60 60.82 -0.10
0.00 8879.70
303.10 -40.86 -41.42 -50.74 327.20 269.25 59.05 -0.10
0.00 9360.38
283.20 -44.26 -44.71 -54.74 328.56 265.72 65.05 -0.10
0.00 9818.78
265.30 -45.66 -46.13 -59.07 332.58 267.21 75.85 0.00
0.00 10254.91
248.60 -45.96 -46.50 -63.51 338.28 266.59 81.53 0.00
0.00 10687.58
233.40 -47.26 -47.77 -66.97 342.42 266.22 82.54 0.10
0.00 11105.95
219.50 -49.56 -50.00 -72.27 344.89 266.77 82.69 0.10
0.00 11509.88
205.60 -52.36 -52.70 -72.72 346.99 267.19 83.24 0.10
0.00 11935.36
191.70 -55.06 -55.32 -73.19 349.67 267.32 83.24 0.10
0.00 12385.00
177.70 -57.66 -57.86 -73.70 353.07 267.69 81.84 0.10
0.00 12866.23
163.80 -60.36 -9999.00 -9999.00 -9999.00 268.46 79.27 0.10
0.00 13376.78
149.80 -63.26 -9999.00 -9999.00 -9999.00 267.36 75.84 0.10
0.00 13929.49
135.80 -66.16 -66.23 -75.48 366.23 263.59 71.35 0.10
0.00 14528.14
121.90 -68.46 -9999.00 -9999.00 -9999.00 262.04 64.53 0.10
0.00 15178.76
107.90 -69.36 -9999.00 -9999.00 -9999.00 266.05 56.47 0.00
0.00 15908.10
94.00 -68.76 -9999.00 -9999.00 -9999.00 270.96 46.23 0.00
0.00 16731.98
81.00 -67.36 -9999.00 -9999.00 -9999.00 264.41 37.86 0.00
0.00 17625.54
70.60 -66.26 -9999.00 -9999.00 -9999.00 261.83 35.53 0.00
0.00 18455.53
62.20 -64.06 -9999.00 -9999.00 -9999.00 272.92 30.54 0.00
0.00 19226.75
54.30 -61.26 -9999.00 -9999.00 -9999.00 268.61 24.09 0.00
0.00 20063.65
46.90 -58.36 -9999.00 -9999.00 -9999.00 258.29 16.26 0.00
0.00 20978.54
40.10 -56.26 -9999.00 -9999.00 -9999.00 222.34 11.83 0.00
0.00 21968.20
33.80 -56.16 -9999.00 -9999.00 -9999.00 225.00 12.65 0.00
0.00 23053.53
27.80 -54.76 -9999.00 -9999.00 -9999.00 249.44 16.59 0.00
0.00 24298.80
22.30 -54.56 -9999.00 -9999.00 -9999.00 275.24 23.41 0.00
0.00 25708.68
17.10 -54.06 -9999.00 -9999.00 -9999.00 282.06 26.03 0.00
0.00 27409.46
12.30 -49.16 -9999.00 -9999.00 -9999.00 274.03 27.66 0.00
0.00 29546.06

STID = KPHX STNM = 722780 TIME = 221026/1400 
SLAT = 33.43 SLON = -112.02 SELV = 365.0
STIM = 2

SHOW = 11.06 LIFT = 12.14 SWET = 43.52 KINX = 2.58
LCLP = 819.96 PWAT = 11.38 TOTL = 30.63 CAPE = 0.00
LCLT = 270.69 CINS = 0.00 EQLV = -9999.00 LFCT = -9999.00
BRCH = 0.00

PRES TMPC TMWC DWPC THTE DRCT SKNT OMEG
CFRL HGHT
971.00 10.94 5.86 -0.14 297.89 113.75 5.30 0.10
0.00 375.29
968.10 13.34 6.83 -0.72 300.27 122.15 8.02 0.10
0.00 400.33
962.80 14.44 7.08 -1.54 301.34 134.26 10.59 0.10
0.00 446.56
953.60 15.54 7.51 -1.71 303.31 141.12 7.73 0.00
0.00 527.71
940.20 16.14 7.56 -2.33 304.87 139.90 4.82 0.00
0.00 647.68
922.90 16.04 6.91 -4.24 305.23 149.04 4.53 0.00
0.00 805.22
902.30 15.34 5.83 -6.85 305.03 159.44 3.32 -0.10
0.00 996.40
879.90 13.94 4.70 -8.35 305.09 180.00 2.53 -0.10
0.00 1208.49
855.60 12.44 3.62 -9.32 305.61 221.19 2.06 -0.10
0.00 1443.54
828.60 10.84 2.50 -10.14 306.49 267.40 4.27 -0.20
0.00 1711.19
798.70 9.34 1.16 -12.15 307.34 279.25 8.47 -0.20
0.00 2016.27
766.10 7.94 0.73 -10.00 310.86 282.53 12.53 -0.10
0.00 2360.45
730.70 5.84 -0.50 -9.86 313.17 279.14 17.11 -0.10
0.00 2748.82
692.40 3.24 -2.19 -10.39 315.16 269.53 23.50 -0.10
0.00 3187.11
651.40 0.34 -4.62 -12.96 316.30 270.00 28.55 -0.10
0.00 3679.05
607.50 -3.76 -7.88 -15.89 316.76 274.34 30.79 0.00
0.00 4234.09
561.20 -8.36 -11.77 -19.91 317.14 274.42 32.73 0.00
0.00 4854.48
516.20 -12.56 -15.61 -24.87 318.27 272.44 36.56 0.00
0.00 5497.64
475.70 -16.26 -18.98 -29.22 320.26 274.46 42.48 -0.10
0.00 6116.79
439.20 -19.76 -22.24 -34.07 322.38 276.22 50.21 -0.10
0.00 6713.22
406.30 -23.76 -25.80 -38.20 323.93 273.96 56.27 -0.20
0.00 7286.33
376.50 -28.06 -29.63 -41.80 325.02 270.75 59.25 -0.30
0.00 7837.70
349.50 -32.76 -33.83 -44.48 325.45 270.38 59.05 -0.20
0.00 8366.52
325.10 -37.46 -38.06 -45.14 325.75 269.61 57.50 -0.10
0.00 8870.84
303.10 -41.36 -41.85 -50.05 326.53 263.41 59.25 0.00
0.00 9350.31
283.20 -44.26 -44.73 -55.84 328.52 264.44 68.12 0.00
0.00 9808.21
265.30 -45.06 -45.57 -59.07 333.46 267.29 77.97 0.10
0.00 10244.91
248.60 -45.26 -45.84 -63.51 339.33 268.39 82.98 0.10
0.00 10678.81
233.40 -46.86 -47.40 -66.97 343.03 268.14 83.95 0.10
0.00 11098.20
219.50 -49.36 -49.79 -67.42 345.24 268.27 83.57 0.00
0.00 11502.67
205.60 -52.06 -52.41 -72.72 347.46 268.66 83.35 0.00
0.00 11928.63
191.70 -54.86 -55.13 -73.19 349.99 268.80 83.16 0.00
0.00 12378.79
177.70 -57.76 -57.96 -73.70 352.91 268.51 82.38 0.00
0.00 12860.13
163.80 -60.86 -9999.00 -9999.00 -9999.00 267.66 80.87 0.00
0.00 13369.96
149.80 -63.66 -9999.00 -9999.00 -9999.00 266.74 78.61 0.00
0.00 13921.49
135.80 -66.56 -9999.00 -9999.00 -9999.00 263.92 75.21 0.00
0.00 14518.99
121.90 -68.46 -9999.00 -9999.00 -9999.00 262.49 68.38 0.10
0.00 15168.98
107.90 -68.86 -9999.00 -9999.00 -9999.00 265.96 57.83 0.00
0.00 15899.21
94.00 -68.26 -9999.00 -9999.00 -9999.00 269.52 46.04 0.00
0.00 16725.10
81.00 -67.46 -9999.00 -9999.00 -9999.00 266.75 37.74 0.00
0.00 17619.54
70.60 -66.46 -9999.00 -9999.00 -9999.00 263.87 34.58 0.00
0.00 18448.92
62.20 -64.06 -9999.00 -9999.00 -9999.00 268.10 29.35 0.00
0.00 19219.77
54.30 -60.66 -9999.00 -9999.00 -9999.00 258.01 22.44 0.00
0.00 20057.86
46.90 -57.96 -9999.00 -9999.00 -9999.00 243.14 16.76 0.00
0.00 20974.91
40.10 -56.46 -9999.00 -9999.00 -9999.00 219.34 15.33 0.00
0.00 21965.02
33.80 -56.56 -9999.00 -9999.00 -9999.00 232.43 15.93 0.00
0.00 23048.85
27.80 -55.16 -9999.00 -9999.00 -9999.00 257.28 18.51 0.00
0.00 24291.83
22.30 -54.56 -9999.00 -9999.00 -9999.00 281.22 23.97 0.00
0.00 25700.42
17.10 -53.06 -9999.00 -9999.00 -9999.00 289.80 25.82 0.00
0.00 27405.09
12.30 -48.66 -9999.00 -9999.00 -9999.00 278.71 26.92 0.00
0.00 29548.92

STID = KPHX STNM = 722780 TIME = 221026/1500 
SLAT = 33.43 SLON = -112.02 SELV = 365.0
STIM = 3

SHOW = 11.07 LIFT = 12.30 SWET = 41.45 KINX = 3.00
LCLP = 792.12 PWAT = 11.21 TOTL = 30.58 CAPE = 0.00
LCLT = 269.66 CINS = 0.00 EQLV = -9999.00 LFCT = -9999.00
BRCH = 0.00

PRES TMPC TMWC DWPC THTE DRCT SKNT OMEG
CFRL HGHT
970.70 12.64 6.50 -0.72 299.26 125.54 3.34 0.00
0.00 375.36
967.80 12.94 6.51 -1.10 299.58 122.01 7.32 0.00
0.00 400.46
962.50 14.14 6.78 -2.05 300.68 130.36 10.20 0.00
0.00 446.64
953.30 15.44 7.28 -2.34 302.78 134.09 8.66 0.00
0.00 527.76
939.90 16.14 7.39 -2.90 304.49 130.03 6.33 0.00
0.00 647.73
922.70 15.94 6.79 -4.51 304.97 136.40 5.63 -0.10
0.00 804.37
902.10 15.24 5.74 -7.06 304.83 144.78 4.04 -0.10
0.00 995.52
879.70 13.94 4.68 -8.46 305.05 155.22 2.78 -0.20
0.00 1207.61
855.40 12.44 3.61 -9.38 305.60 180.00 1.55 -0.20
0.00 1442.71
828.40 10.84 2.45 -10.38 306.39 273.81 2.91 -0.20
0.00 1710.43
798.50 9.24 1.16 -11.90 307.37 284.83 6.84 -0.20
0.00 2015.53
765.90 7.74 0.57 -10.22 310.54 284.04 10.41 -0.20
0.00 2359.61
730.50 5.64 -0.62 -9.92 312.94 273.81 14.61 -0.30
0.00 2747.80
692.30 3.14 -2.11 -9.90 315.37 268.93 20.78 -0.30
0.00 3184.81
651.30 0.24 -4.55 -12.46 316.47 270.00 27.00 -0.30
0.00 3676.67
607.40 -3.76 -7.88 -15.89 316.77 273.05 29.18 -0.20
0.00 4231.72
561.10 -8.36 -11.95 -20.85 316.80 275.10 32.77 -0.10
0.00 4852.19
516.20 -12.46 -15.62 -25.44 318.23 276.07 36.73 0.00
0.00 5494.08
475.60 -16.46 -19.22 -29.99 319.85 280.12 42.04 0.00
0.00 6114.67
439.20 -20.26 -22.69 -34.93 321.60 279.46 48.45 0.00
0.00 6708.70
406.30 -23.96 -26.10 -40.37 323.41 274.29 54.55 0.00
0.00 7280.99
376.40 -28.26 -29.86 -42.95 324.66 268.46 57.91 0.10
0.00 7833.83
349.50 -33.16 -34.11 -43.25 325.02 265.41 58.28 0.10
0.00 8360.10
325.10 -37.66 -38.31 -46.54 325.36 264.27 60.33 0.10
0.00 8863.79
303.10 -41.26 -41.83 -52.30 326.55 264.20 65.40 0.10
0.00 9343.14
283.20 -43.96 -44.43 -54.74 329.00 266.72 71.21 0.00
0.00 9801.44
265.30 -44.56 -45.10 -59.07 334.19 269.42 77.31 0.00
0.00 10238.91
248.60 -45.06 -45.65 -63.51 339.62 269.46 82.17 0.00
0.00 10673.47
233.40 -47.06 -47.59 -66.97 342.72 268.56 84.91 -0.10
0.00 11092.87
219.50 -49.46 -49.88 -67.42 345.09 268.82 85.10 -0.10
0.00 11497.07
205.60 -52.06 -52.41 -72.72 347.46 269.60 84.30 -0.10
0.00 11922.93
191.70 -54.96 -55.22 -73.19 349.83 269.33 83.14 0.00
0.00 12372.98
177.70 -58.06 -58.25 -73.70 352.42 268.24 82.21 0.00
0.00 12853.88
163.80 -61.16 -9999.00 -9999.00 -9999.00 267.10 80.71 0.00
0.00 13363.00
149.80 -63.96 -9999.00 -9999.00 -9999.00 266.47 78.83 0.00
0.00 13913.74
135.80 -66.26 -9999.00 -9999.00 -9999.00 264.90 76.46 0.10
0.00 14511.25
121.90 -67.66 -9999.00 -9999.00 -9999.00 264.93 70.40 0.10
0.00 15162.97
107.90 -67.66 -9999.00 -9999.00 -9999.00 268.26 57.71 0.00
0.00 15896.77
94.00 -67.26 -9999.00 -9999.00 -9999.00 270.74 45.26 0.00
0.00 16727.11
81.00 -67.06 -9999.00 -9999.00 -9999.00 269.70 36.91 0.00
0.00 17624.59
70.60 -65.96 -9999.00 -9999.00 -9999.00 268.03 33.82 0.00
0.00 18455.79
62.20 -63.06 -9999.00 -9999.00 -9999.00 268.80 27.78 0.00
0.00 19229.42
54.30 -59.76 -9999.00 -9999.00 -9999.00 261.05 21.23 0.00
0.00 20071.29
46.90 -57.96 -9999.00 -9999.00 -9999.00 245.22 16.69 0.00
0.00 20990.26
40.10 -57.36 -9999.00 -9999.00 -9999.00 232.31 16.20 0.00
0.00 21978.30
33.80 -57.56 -9999.00 -9999.00 -9999.00 239.50 16.45 0.00
0.00 23057.39
27.80 -56.16 -9999.00 -9999.00 -9999.00 261.50 17.09 0.00
0.00 24294.64
22.30 -55.56 -9999.00 -9999.00 -9999.00 285.11 20.12 0.00
0.00 25696.79
17.10 -52.96 -9999.00 -9999.00 -9999.00 293.14 23.23 0.00
0.00 27397.95
12.30 -48.46 -9999.00 -9999.00 -9999.00 282.34 25.45 0.00
0.00 29543.24

STID = KPHX STNM = 722780 TIME = 221026/1600 
SLAT = 33.43 SLON = -112.02 SELV = 365.0
STIM = 4

SHOW = 11.04 LIFT = 12.30 SWET = 38.79 KINX = 3.03
LCLP = 741.82 PWAT = 11.22 TOTL = 30.56 CAPE = 0.00
LCLT = 267.76 CINS = 0.00 EQLV = -9999.00 LFCT = -9999.00
BRCH = 0.00

PRES TMPC TMWC DWPC THTE DRCT SKNT OMEG
CFRL HGHT
971.30 16.04 7.80 -1.77 302.01 131.63 4.68 0.00
0.00 375.47
968.40 15.54 7.53 -1.85 301.71 131.01 5.92 0.00
0.00 400.82
963.10 14.94 7.20 -1.93 301.55 131.50 6.74 0.00
0.00 447.24
954.00 15.44 7.11 -2.94 302.28 133.09 8.24 0.00
0.00 527.53
940.50 16.14 7.23 -3.51 304.01 134.03 8.10 0.00
0.00 648.30
923.30 15.94 6.69 -4.90 304.66 137.29 6.88 0.00
0.00 804.83
902.70 15.24 5.66 -7.42 304.56 144.46 5.01 -0.10
0.00 995.85
880.20 14.04 4.67 -8.73 304.96 154.80 3.65 -0.10
0.00 1208.78
856.00 12.54 3.64 -9.49 305.59 168.69 1.98 -0.10
0.00 1442.84
828.90 10.94 2.43 -10.74 306.26 270.00 2.14 0.00
0.00 1711.47
799.00 9.44 1.33 -11.57 307.68 286.70 6.08 0.00
0.00 2016.54
766.40 7.84 0.58 -10.43 310.47 285.46 9.48 -0.10
0.00 2360.58
730.90 5.54 -0.63 -9.76 312.87 276.91 12.92 -0.10
0.00 2749.64
692.70 2.94 -2.27 -10.08 314.97 276.40 19.15 -0.20
0.00 3186.17
651.60 -0.06 -4.56 -11.87 316.42 273.55 25.10 -0.20
0.00 3678.54
607.70 -4.06 -7.93 -15.37 316.63 272.42 27.60 -0.20
0.00 4232.73
561.30 -8.36 -11.94 -20.84 316.77 273.62 30.75 0.00
0.00 4853.95
516.30 -12.46 -15.71 -26.04 318.05 278.22 33.95 0.10
0.00 5497.07
475.70 -16.56 -19.33 -30.31 319.64 282.22 38.56 0.10
0.00 6117.41
439.30 -20.36 -22.71 -34.27 321.56 276.42 46.91 0.10
0.00 6711.08
406.40 -23.96 -25.94 -37.93 323.68 269.20 55.36 0.10
0.00 7283.14
376.50 -28.26 -29.77 -41.44 324.79 263.20 59.07 0.10
0.00 7835.85
349.50 -33.26 -34.13 -42.14 324.99 262.96 61.85 0.10
0.00 8363.92
325.10 -37.76 -38.40 -46.54 325.22 266.34 66.96 0.10
0.00 8867.40
303.10 -41.36 -41.88 -50.74 326.49 268.41 70.14 0.10
0.00 9346.55
283.20 -43.46 -43.96 -54.74 329.71 269.85 72.84 0.00
0.00 9805.24
265.30 -44.36 -44.91 -59.07 334.48 269.86 77.31 0.00
0.00 10243.38
248.60 -45.66 -46.21 -63.51 338.73 268.23 81.62 -0.10
0.00 10677.57
233.40 -47.66 -48.15 -66.97 341.81 267.66 85.55 -0.10
0.00 11095.85
219.50 -49.76 -50.17 -67.42 344.62 268.46 86.67 -0.10
0.00 11499.25
205.60 -51.96 -52.32 -72.72 347.62 268.83 85.68 0.00
0.00 11924.92
191.70 -54.66 -54.94 -73.19 350.32 268.03 84.95 0.00
0.00 12375.38
177.70 -57.86 -58.06 -73.70 352.75 266.67 83.66 0.00
0.00 12856.83
163.80 -61.16 -9999.00 -9999.00 -9999.00 265.65 82.01 0.00
0.00 13366.19
149.80 -63.96 -9999.00 -9999.00 -9999.00 264.15 80.05 0.00
0.00 13916.93
135.80 -66.06 -9999.00 -9999.00 -9999.00 263.98 77.74 0.00
0.00 14514.72
121.90 -67.36 -9999.00 -9999.00 -9999.00 266.84 70.44 0.00
0.00 15167.24
107.90 -67.76 -9999.00 -9999.00 -9999.00 270.57 58.28 0.00
0.00 15901.40
94.00 -67.86 -9999.00 -9999.00 -9999.00 268.06 45.86 0.00
0.00 16730.32
81.00 -67.26 -9999.00 -9999.00 -9999.00 265.46 36.83 0.00
0.00 17626.06
70.60 -66.26 -9999.00 -9999.00 -9999.00 264.46 32.21 0.00
0.00 18456.25
62.20 -63.26 -9999.00 -9999.00 -9999.00 265.44 26.88 0.00
0.00 19228.95
54.30 -60.06 -9999.00 -9999.00 -9999.00 253.25 20.90 0.00
0.00 20069.83
46.90 -58.46 -9999.00 -9999.00 -9999.00 239.04 18.12 0.00
0.00 20987.08
40.10 -57.76 -9999.00 -9999.00 -9999.00 230.27 17.93 0.00
0.00 21973.07
33.80 -57.36 -9999.00 -9999.00 -9999.00 233.75 18.07 0.00
0.00 23051.65
27.80 -56.16 -9999.00 -9999.00 -9999.00 256.68 15.17 0.00
0.00 24289.48
22.30 -55.66 -9999.00 -9999.00 -9999.00 286.63 15.62 0.00
0.00 25691.30
17.10 -53.06 -9999.00 -9999.00 -9999.00 296.81 20.67 0.00
0.00 27391.69
12.30 -48.66 -9999.00 -9999.00 -9999.00 286.20 23.66 0.00
0.00 29535.53

STID = KPHX STNM = 722780 TIME = 221026/1700 
SLAT = 33.43 SLON = -112.02 SELV = 365.0
STIM = 5

SHOW = 11.20 LIFT = 12.27 SWET = 39.92 KINX = 2.91
LCLP = 703.47 PWAT = 11.06 TOTL = 30.08 CAPE = 0.00
LCLT = 266.39 CINS = 0.00 EQLV = -9999.00 LFCT = -9999.00
BRCH = 0.00

PRES TMPC TMWC DWPC THTE DRCT SKNT OMEG
CFRL HGHT
971.00 18.94 8.94 -2.46 304.60 140.19 4.55 0.00
0.00 375.58
968.10 18.34 8.63 -2.54 304.20 140.71 5.52 0.00
0.00 401.18
962.80 17.74 8.31 -2.65 304.02 139.97 6.33 0.00
0.00 448.06
953.70 16.84 7.80 -2.82 303.88 138.50 6.74 0.00
0.00 528.96
940.20 16.14 7.13 -3.86 303.80 142.25 7.61 0.00
0.00 650.06
922.90 16.04 6.56 -5.62 304.35 145.56 8.24 -0.10
0.00 807.58
902.40 15.24 5.51 -8.08 304.23 154.13 7.13 -0.10
0.00 997.75
880.00 14.04 4.60 -9.08 304.80 164.93 5.23 -0.10
0.00 1209.79
855.70 12.64 3.64 -9.73 305.60 173.66 3.52 -0.10
0.00 1444.92
828.60 11.14 2.45 -11.12 306.33 230.71 2.76 -0.10
0.00 1713.77
798.80 9.64 1.47 -11.39 308.01 270.00 5.83 -0.10
0.00 2018.13
766.10 7.94 0.64 -10.38 310.65 277.77 8.62 -0.10
0.00 2363.53
730.70 5.54 -0.58 -9.56 313.01 278.53 11.79 -0.10
0.00 2751.69
692.50 2.84 -2.30 -9.99 314.94 283.89 18.61 -0.20
0.00 3188.27
651.40 -0.26 -4.51 -11.26 316.59 277.13 23.48 -0.10
0.00 3680.54
607.50 -4.06 -7.95 -15.44 316.62 272.11 26.44 0.00
0.00 4234.73
561.20 -8.16 -11.99 -21.86 316.66 272.26 29.55 0.10
0.00 4854.97
516.30 -12.16 -15.75 -27.91 317.94 277.43 31.55 0.10
0.00 5497.29
475.70 -16.56 -19.49 -31.87 319.33 278.47 36.93 0.20
0.00 6117.95
439.20 -20.36 -22.58 -32.88 321.83 273.69 48.27 0.20
0.00 6713.31
406.30 -23.86 -25.80 -37.14 323.94 268.26 57.71 0.20
0.00 7285.63
376.50 -28.26 -29.81 -42.17 324.71 261.64 61.46 0.10
0.00 7836.68
349.50 -33.26 -34.11 -41.80 325.03 261.53 64.61 0.10
0.00 8364.74
325.10 -37.86 -38.42 -45.14 325.20 265.85 69.72 0.10
0.00 8868.13
303.10 -41.36 -41.85 -50.05 326.53 269.38 71.68 0.10
0.00 9347.18
283.20 -43.16 -43.66 -53.76 330.18 270.44 75.17 0.00
0.00 9806.17
265.30 -44.36 -44.91 -59.07 334.48 270.00 79.84 0.00
0.00 10244.60
248.60 -45.96 -46.50 -63.51 338.28 268.42 84.54 -0.10
0.00 10678.50
233.40 -47.86 -48.34 -66.97 341.51 268.49 88.62 -0.10
0.00 11096.32
219.50 -49.56 -49.98 -67.42 344.93 269.24 88.19 -0.10
0.00 11499.71
205.60 -51.66 -52.03 -72.72 348.09 269.09 86.07 -0.10
0.00 11925.87
191.70 -54.46 -54.74 -73.19 350.64 268.19 85.90 -0.10
0.00 12376.84
177.70 -57.76 -57.96 -73.70 352.91 267.29 86.15 0.00
0.00 12858.62
163.80 -61.06 -9999.00 -9999.00 -9999.00 266.45 84.65 0.00
0.00 13368.22
149.80 -64.06 -9999.00 -9999.00 -9999.00 264.72 82.32 0.10
0.00 13918.97
135.80 -66.26 -9999.00 -9999.00 -9999.00 264.81 79.39 0.10
0.00 14516.32
121.90 -67.56 -9999.00 -9999.00 -9999.00 267.01 70.80 0.10
0.00 15168.21
107.90 -68.06 -9999.00 -9999.00 -9999.00 267.15 58.55 0.10
0.00 15901.47
94.00 -68.06 -9999.00 -9999.00 -9999.00 263.43 47.51 0.00
0.00 16729.39
81.00 -66.96 -9999.00 -9999.00 -9999.00 266.02 39.14 0.00
0.00 17625.34
70.60 -66.26 -9999.00 -9999.00 -9999.00 266.14 31.74 0.00
0.00 18456.14
62.20 -63.76 -9999.00 -9999.00 -9999.00 266.08 28.42 0.00
0.00 19227.92
54.30 -60.66 -9999.00 -9999.00 -9999.00 250.62 22.24 0.00
0.00 20066.60
46.90 -59.16 -9999.00 -9999.00 -9999.00 239.42 19.85 0.00
0.00 20981.07
40.10 -58.16 -9999.00 -9999.00 -9999.00 235.67 19.29 0.00
0.00 21964.53
33.80 -57.16 -9999.00 -9999.00 -9999.00 241.43 19.91 0.00
0.00 23042.62
27.80 -55.96 -9999.00 -9999.00 -9999.00 254.36 15.13 0.00
0.00 24281.59
22.30 -55.36 -9999.00 -9999.00 -9999.00 275.71 13.66 0.00
0.00 25685.02
17.10 -53.36 -9999.00 -9999.00 -9999.00 291.45 17.52 0.00
0.00 27385.41
12.30 -48.76 -9999.00 -9999.00 -9999.00 283.92 23.41 0.00
0.00 29527.32

STID = KPHX STNM = 722780 TIME = 221026/1800 
SLAT = 33.43 SLON = -112.02 SELV = 365.0
STIM = 6

SHOW = 11.29 LIFT = 11.86 SWET = 42.26 KINX = 3.75
LCLP = 671.69 PWAT = 10.90 TOTL = 29.80 CAPE = 0.00
LCLT = 264.90 CINS = 0.00 EQLV = -9999.00 LFCT = -9999.00
BRCH = 0.00

PRES TMPC TMWC DWPC THTE DRCT SKNT OMEG
CFRL HGHT
970.70 21.14 9.68 -3.39 306.30 157.17 4.00 0.00
0.00 375.66
967.80 20.54 9.38 -3.48 305.90 157.75 4.62 0.00
0.00 401.46
962.50 19.94 9.06 -3.59 305.73 157.38 5.05 0.00
0.00 448.71
953.40 18.94 8.52 -3.76 305.48 157.83 5.67 0.00
0.00 530.21
939.90 17.64 7.78 -4.04 305.30 156.80 5.92 0.00
0.00 652.10
922.70 16.34 6.64 -5.86 304.55 159.86 6.22 -0.10
0.00 809.23
902.10 15.24 5.51 -8.08 304.26 163.14 6.70 -0.10
0.00 1000.48
879.70 14.04 4.53 -9.38 304.68 176.42 6.24 -0.20
0.00 1212.58
855.40 12.64 3.59 -9.97 305.52 194.62 4.62 -0.20
0.00 1447.79
828.40 11.24 2.44 -11.44 306.31 226.74 4.53 -0.20
0.00 1715.77
798.60 9.74 1.53 -11.33 308.18 254.74 6.64 -0.20
0.00 2020.30
765.90 8.04 0.71 -10.27 310.84 271.27 8.74 -0.20
0.00 2365.92
730.50 5.44 -0.61 -9.46 312.99 282.43 11.73 -0.20
0.00 2754.19
692.30 2.64 -2.09 -8.87 315.46 286.70 18.26 -0.20
0.00 3190.69
651.20 -0.46 -4.46 -10.67 316.75 278.90 22.61 -0.20
0.00 3682.80
607.40 -3.96 -8.09 -16.29 316.35 272.93 26.65 -0.10
0.00 4235.75
561.10 -7.86 -12.14 -24.05 316.35 272.62 29.76 0.00
0.00 4856.50
516.20 -12.06 -16.01 -31.02 317.43 275.03 31.00 0.00
0.00 5499.35
475.60 -16.66 -19.66 -32.84 319.05 274.84 36.85 0.10
0.00 6120.09
439.20 -20.46 -22.54 -31.81 321.91 272.95 49.01 0.10
0.00 6713.65
406.30 -24.16 -26.00 -36.64 323.62 266.98 58.94 0.00
0.00 7285.53
376.40 -28.46 -29.92 -41.10 324.58 261.35 63.27 0.00
0.00 7837.95
349.50 -33.16 -33.98 -41.14 325.24 261.52 67.17 0.00
0.00 8364.03
325.10 -37.76 -38.31 -44.72 325.37 264.92 70.20 0.00
0.00 8867.63
303.10 -41.16 -41.64 -49.40 326.85 268.64 73.45 -0.10
0.00 9346.99
283.20 -43.46 -43.94 -53.76 329.75 270.43 78.48 -0.10
0.00 9805.89
265.30 -44.76 -45.29 -59.07 333.90 270.00 83.14 -0.10
0.00 10243.65
248.60 -46.26 -46.78 -63.51 337.84 268.61 88.01 -0.10
0.00 10676.88
233.40 -47.56 -48.06 -66.97 341.97 268.79 91.71 0.00
0.00 11094.70
219.50 -48.96 -49.43 -72.27 345.81 269.14 90.15 0.00
0.00 11498.90
205.60 -51.26 -51.65 -72.72 348.72 268.86 87.63 -0.10
0.00 11926.01
191.70 -54.26 -54.55 -73.19 350.96 268.32 86.09 -0.10
0.00 12377.60
177.70 -57.66 -57.86 -73.70 353.07 267.67 85.94 -0.10
0.00 12859.72
163.80 -60.96 -9999.00 -9999.00 -9999.00 266.60 85.24 0.00
0.00 13369.55
149.80 -63.96 -9999.00 -9999.00 -9999.00 265.19 83.43 0.00
0.00 13920.56
135.80 -66.36 -9999.00 -9999.00 -9999.00 265.29 80.50 0.00
0.00 14517.92
121.90 -67.46 -9999.00 -9999.00 -9999.00 265.91 70.88 0.10
0.00 15169.80
107.90 -67.66 -9999.00 -9999.00 -9999.00 263.87 58.22 0.00
0.00 15903.96
94.00 -67.26 -9999.00 -9999.00 -9999.00 262.10 48.04 0.00
0.00 16734.29
81.00 -66.26 -9999.00 -9999.00 -9999.00 268.58 39.26 0.00
0.00 17633.52
70.60 -65.26 -9999.00 -9999.00 -9999.00 265.30 30.79 0.00
0.00 18467.73
62.20 -62.96 -9999.00 -9999.00 -9999.00 264.17 26.75 0.00
0.00 19242.84
54.30 -59.96 -9999.00 -9999.00 -9999.00 248.01 21.79 0.00
0.00 20084.51
46.90 -59.16 -9999.00 -9999.00 -9999.00 235.18 21.78 0.00
0.00 21000.48
40.10 -57.86 -9999.00 -9999.00 -9999.00 237.94 22.69 0.00
0.00 21984.63
33.80 -56.16 -9999.00 -9999.00 -9999.00 248.29 23.62 0.00
0.00 23065.97
27.80 -54.16 -9999.00 -9999.00 -9999.00 254.74 17.72 0.00
0.00 24312.95
22.30 -54.26 -9999.00 -9999.00 -9999.00 265.97 13.83 0.00
0.00 25725.74
17.10 -53.06 -9999.00 -9999.00 -9999.00 277.31 15.27 0.00
0.00 27431.57
12.30 -48.86 -9999.00 -9999.00 -9999.00 276.90 24.26 0.00
0.00 29574.44

STID = KPHX STNM = 722780 TIME = 221026/1900 
SLAT = 33.43 SLON = -112.02 SELV = 365.0
STIM = 7

SHOW = 11.00 LIFT = 11.04 SWET = 42.92 KINX = 5.80
LCLP = 639.15 PWAT = 10.91 TOTL = 30.62 CAPE = 0.00
LCLT = 262.73 CINS = 0.00 EQLV = -9999.00 LFCT = -9999.00
BRCH = 0.00

PRES TMPC TMWC DWPC THTE DRCT SKNT OMEG
CFRL HGHT
968.90 22.74 10.00 -5.02 307.11 176.99 3.69 0.00
0.00 374.84
965.90 22.04 9.64 -5.16 306.59 177.40 4.27 0.00
0.00 401.72
960.70 21.44 9.33 -5.23 306.44 175.24 4.68 0.00
0.00 448.39
951.50 20.44 8.78 -5.46 306.17 175.60 5.07 0.00
0.00 531.36
938.10 19.14 8.07 -5.69 306.03 175.76 5.26 0.00
0.00 653.17
920.90 17.54 7.16 -6.03 305.90 175.91 5.46 -0.10
0.00 811.32
900.40 15.84 5.81 -8.00 305.12 177.95 5.44 -0.10
0.00 1002.60
878.00 14.14 4.83 -8.15 305.61 180.00 5.44 -0.10
0.00 1215.39
853.80 12.44 3.60 -9.41 305.76 188.43 5.30 -0.20
0.00 1450.05
826.90 11.14 2.35 -11.59 306.30 220.82 5.65 -0.20
0.00 1717.40
797.10 9.54 1.40 -11.41 308.10 244.80 7.30 -0.20
0.00 2022.33
764.60 7.74 0.59 -10.13 310.75 263.21 8.22 -0.30
0.00 2366.14
729.30 5.14 -0.53 -8.57 313.37 279.13 11.01 -0.30
0.00 2753.58
691.20 2.24 -1.93 -7.64 316.03 284.36 16.43 -0.30
0.00 3189.15
650.30 -0.66 -4.43 -10.17 316.98 276.93 20.94 -0.30
0.00 3679.12
606.50 -3.86 -8.24 -17.29 316.15 272.56 26.05 -0.20
0.00 4232.75
560.40 -7.76 -12.36 -26.18 316.02 272.26 29.55 -0.20
0.00 4851.84
515.70 -12.26 -16.34 -33.30 316.89 272.19 30.52 -0.10
0.00 5492.36
475.20 -16.96 -19.99 -34.13 318.55 272.19 35.57 -0.10
0.00 6111.50
438.90 -20.86 -22.75 -30.99 321.64 271.39 48.00 -0.10
0.00 6703.07
406.10 -24.66 -26.26 -35.07 323.27 265.60 58.26 -0.10
0.00 7272.55
376.30 -28.96 -30.06 -37.40 324.42 261.79 62.61 -0.10
0.00 7822.24
349.30 -33.46 -34.15 -39.95 325.03 263.66 66.84 -0.10
0.00 8349.65
325.00 -37.56 -38.13 -44.72 325.68 266.11 71.64 -0.10
0.00 8851.31
303.00 -40.86 -41.37 -49.40 327.30 268.40 76.38 -0.10
0.00 9331.34
283.20 -43.06 -43.59 -54.74 330.29 270.67 82.94 -0.10
0.00 9788.70
265.30 -44.66 -45.22 -60.82 334.00 270.64 87.41 -0.10
0.00 10226.93
248.60 -46.36 -46.87 -63.51 337.69 269.27 91.10 -0.10
0.00 10660.16
233.40 -47.76 -48.25 -66.97 341.66 269.29 94.21 -0.10
0.00 11077.71
219.50 -49.06 -49.53 -72.27 345.66 269.05 93.45 -0.10
0.00 11481.64
205.60 -51.56 -51.93 -72.72 348.25 268.66 91.12 -0.10
0.00 11908.36
191.70 -54.66 -54.94 -73.19 350.32 268.99 88.21 -0.10
0.00 12359.23
177.70 -57.96 -58.15 -73.70 352.58 268.58 86.27 -0.10
0.00 12840.57
163.70 -61.26 -9999.00 -9999.00 -9999.00 267.10 84.62 -0.10
0.00 13353.51
149.80 -64.26 -9999.00 -9999.00 -9999.00 265.06 83.45 0.00
0.00 13899.97
135.80 -66.56 -9999.00 -9999.00 -9999.00 264.55 81.76 0.00
0.00 14496.61
121.90 -67.56 -9999.00 -9999.00 -9999.00 264.68 73.35 0.00
0.00 15148.02
107.90 -67.76 -9999.00 -9999.00 -9999.00 263.47 59.83 0.00
0.00 15881.82
94.00 -67.66 -9999.00 -9999.00 -9999.00 263.81 50.41 0.00
0.00 16711.15
81.00 -66.66 -9999.00 -9999.00 -9999.00 270.00 40.99 0.00
0.00 17608.63
70.60 -65.66 -9999.00 -9999.00 -9999.00 262.12 31.18 0.00
0.00 18441.24
62.20 -63.56 -9999.00 -9999.00 -9999.00 254.93 26.15 0.00
0.00 19214.49
54.30 -60.26 -9999.00 -9999.00 -9999.00 238.05 21.29 0.00
0.00 20054.37
46.90 -59.66 -9999.00 -9999.00 -9999.00 228.16 22.42 0.00
0.00 20968.63
40.10 -58.46 -9999.00 -9999.00 -9999.00 239.04 22.65 0.00
0.00 21950.26
33.80 -56.56 -9999.00 -9999.00 -9999.00 252.40 21.19 0.00
0.00 23029.09
27.80 -53.76 -9999.00 -9999.00 -9999.00 257.47 14.34 0.00
0.00 24276.07
22.30 -54.26 -9999.00 -9999.00 -9999.00 261.72 10.80 0.00
0.00 25690.15
17.10 -52.66 -9999.00 -9999.00 -9999.00 282.53 17.91 0.00
0.00 27397.54
12.30 -48.76 -9999.00 -9999.00 -9999.00 280.51 29.84 0.00
0.00 29542.82

STID = KPHX STNM = 722780 TIME = 221026/2000 
SLAT = 33.43 SLON = -112.02 SELV = 365.0
STIM = 8

SHOW = 10.38 LIFT = 10.29 SWET = 41.28 KINX = 8.46
LCLP = 618.59 PWAT = 11.25 TOTL = 31.85 CAPE = 0.00
LCLT = 261.36 CINS = 0.00 EQLV = -9999.00 LFCT = -9999.00
BRCH = 0.00

PRES TMPC TMWC DWPC THTE DRCT SKNT OMEG
CFRL HGHT
968.70 23.94 10.31 -6.03 307.78 211.61 2.97 0.00
0.00 375.78
965.80 23.24 9.97 -6.12 307.29 210.96 3.40 0.00
0.00 401.86
960.50 22.64 9.66 -6.19 307.15 209.36 3.57 0.00
0.00 449.63
951.40 21.74 9.17 -6.37 307.01 209.05 4.00 0.00
0.00 532.05
938.00 20.34 8.41 -6.61 306.76 207.76 4.18 0.00
0.00 654.38
920.80 18.74 7.52 -6.90 306.68 210.07 4.27 0.00
0.00 813.18
900.30 16.84 6.45 -7.24 306.62 210.07 4.27 0.00
0.00 1005.21
877.90 14.94 5.15 -8.49 306.30 212.28 4.37 0.00
0.00 1218.69
853.80 12.94 3.93 -9.01 306.51 214.38 4.47 0.00
0.00 1452.93
826.80 10.94 2.50 -10.34 306.70 220.10 4.82 0.00
0.00 1721.45
797.00 9.54 1.43 -11.29 308.17 248.75 7.50 0.00
0.00 2026.33
764.50 7.74 0.70 -9.65 311.03 267.40 8.55 -0.10
0.00 2370.20
729.20 4.94 -0.20 -7.07 314.19 281.69 11.50 -0.10
0.00 2757.60
691.10 1.84 -1.76 -6.48 316.46 283.69 15.60 -0.10
0.00 3192.85
650.20 -0.96 -4.43 -9.62 317.02 275.55 20.10 -0.20
0.00 3682.32
606.50 -3.96 -8.41 -17.81 315.81 272.15 25.85 -0.10
0.00 4234.34
560.40 -7.86 -12.52 -27.02 315.70 271.51 29.55 -0.10
0.00 4853.17
515.60 -12.46 -16.48 -33.30 316.67 270.73 30.50 0.00
0.00 5494.81
475.20 -17.06 -20.12 -34.83 318.32 270.63 35.16 0.00
0.00 6112.11
438.90 -21.06 -22.82 -30.37 321.52 270.91 48.76 0.10
0.00 6703.33
406.10 -25.06 -26.27 -32.29 323.27 266.16 58.02 0.10
0.00 7272.16
376.20 -29.36 -30.18 -35.23 324.27 264.34 63.05 0.10
0.00 7822.92
349.30 -33.66 -34.33 -39.95 324.76 265.34 69.39 0.00
0.00 8347.81
325.00 -37.56 -38.13 -44.72 325.68 265.98 74.77 0.00
0.00 8849.26
303.00 -40.66 -41.21 -50.05 327.55 268.60 79.47 0.00
0.00 9329.49
283.20 -42.86 -43.43 -55.84 330.53 271.67 86.87 0.00
0.00 9787.24
265.20 -44.86 -45.36 -57.62 333.83 271.36 89.96 0.00
0.00 10228.01
248.60 -46.56 -47.03 -61.32 337.43 268.82 94.23 0.00
0.00 10658.35
233.40 -47.86 -48.34 -66.97 341.51 268.63 97.14 0.00
0.00 11075.62
219.50 -49.46 -49.91 -72.27 345.04 267.90 95.63 -0.10
0.00 11479.10
205.60 -51.96 -52.32 -72.72 347.62 266.99 92.40 -0.10
0.00 11905.06
191.60 -54.76 -55.03 -73.19 350.21 266.88 89.30 -0.10
0.00 12358.78
177.70 -58.16 -58.35 -73.70 352.25 267.20 87.51 -0.10
0.00 12836.48
163.70 -61.46 -9999.00 -9999.00 -9999.00 266.10 85.66 0.00
0.00 13348.93
149.80 -64.46 -9999.00 -9999.00 -9999.00 264.60 84.67 0.00
0.00 13894.87
135.80 -66.66 -9999.00 -9999.00 -9999.00 264.12 83.39 0.00
0.00 14491.08
121.90 -67.66 -9999.00 -9999.00 -9999.00 263.87 76.38 0.00
0.00 15142.17
107.90 -67.86 -9999.00 -9999.00 -9999.00 262.07 63.34 0.00
0.00 15875.62
94.00 -68.06 -9999.00 -9999.00 -9999.00 261.93 53.96 0.00
0.00 16703.94
81.00 -66.76 -9999.00 -9999.00 -9999.00 264.96 44.27 0.00
0.00 17600.33
70.60 -64.96 -9999.00 -9999.00 -9999.00 254.37 33.90 0.00
0.00 18434.14
62.20 -62.86 -9999.00 -9999.00 -9999.00 248.99 28.71 0.00
0.00 19210.00
54.30 -60.06 -9999.00 -9999.00 -9999.00 239.78 23.15 0.00
0.00 20051.67
46.90 -59.46 -9999.00 -9999.00 -9999.00 235.05 24.42 0.00
0.00 20966.78
40.10 -58.16 -9999.00 -9999.00 -9999.00 249.00 23.31 0.00
0.00 21949.55
33.80 -55.66 -9999.00 -9999.00 -9999.00 263.07 20.94 0.00
0.00 23031.39
27.80 -53.76 -9999.00 -9999.00 -9999.00 275.04 13.27 0.00
0.00 24280.94
22.30 -54.96 -9999.00 -9999.00 -9999.00 261.38 12.98 0.00
0.00 25692.76
17.10 -53.36 -9999.00 -9999.00 -9999.00 271.01 22.14 0.00
0.00 27394.71
12.30 -48.66 -9999.00 -9999.00 -9999.00 278.72 29.49 0.00
0.00 29537.10

STID = KPHX STNM = 722780 TIME = 221026/2100 
SLAT = 33.43 SLON = -112.02 SELV = 365.0
STIM = 9

SHOW = 10.00 LIFT = 9.87 SWET = 42.54 KINX = 10.13
LCLP = 606.90 PWAT = 11.78 TOTL = 32.41 CAPE = 0.00
LCLT = 260.67 CINS = 0.00 EQLV = -9999.00 LFCT = -9999.00
BRCH = 0.00

PRES TMPC TMWC DWPC THTE DRCT SKNT OMEG
CFRL HGHT
968.30 24.74 10.56 -6.51 308.38 230.19 3.03 0.00
0.00 375.82
965.40 24.14 10.26 -6.60 307.99 229.40 3.57 0.00
0.00 401.98
960.10 23.54 9.95 -6.68 307.85 229.09 3.85 0.00
0.00 449.91
951.00 22.54 9.42 -6.85 307.62 228.81 4.14 0.00
0.00 532.60
937.60 21.24 8.73 -7.04 307.51 230.53 4.27 0.00
0.00 655.33
920.40 19.64 7.84 -7.33 307.43 228.58 4.41 0.00
0.00 814.68
899.90 17.74 6.78 -7.67 307.38 228.58 4.41 0.00
0.00 1007.38
877.60 15.64 5.58 -8.05 307.32 228.37 4.68 0.00
0.00 1220.57
853.40 13.54 4.22 -9.02 307.20 230.19 4.55 0.00
0.00 1456.42
826.50 11.44 2.94 -9.48 307.72 231.71 4.70 0.00
0.00 1724.58
796.70 9.74 1.71 -10.46 308.84 249.86 6.22 0.00
0.00 2029.98
764.20 7.84 1.14 -8.11 312.12 271.33 8.35 0.00
0.00 2374.21
728.90 4.84 0.33 -5.26 315.50 284.04 11.21 0.00
0.00 2761.86
690.90 1.84 -1.48 -5.71 317.12 280.57 14.82 -0.10
0.00 3196.12
650.00 -0.86 -4.41 -9.76 317.07 271.11 20.01 -0.20
0.00 3685.86
606.30 -3.96 -8.38 -17.67 315.90 269.14 26.03 -0.20
0.00 4238.16
560.20 -7.96 -12.48 -26.05 315.84 269.25 29.72 -0.20
0.00 4857.10
515.50 -12.46 -16.50 -33.53 316.65 267.10 30.73 -0.10
0.00 5497.37
475.10 -16.86 -19.79 -32.65 318.93 267.94 37.90 0.00
0.00 6115.06
438.80 -20.96 -22.50 -28.56 322.11 269.57 51.67 0.00
0.00 6706.80
406.00 -25.06 -26.13 -31.19 323.54 266.07 59.58 0.00
0.00 7275.91
376.20 -29.46 -30.28 -35.43 324.10 264.90 65.52 0.00
0.00 7824.80
349.30 -33.76 -34.41 -39.95 324.62 263.32 71.78 0.00
0.00 8349.47
325.00 -37.66 -38.22 -44.72 325.54 263.92 76.96 0.00
0.00 8850.70
303.00 -40.36 -40.94 -50.05 327.97 267.87 83.59 0.00
0.00 9331.14
283.10 -42.76 -43.29 -53.76 330.79 271.48 90.56 0.00
0.00 9791.68
265.20 -45.16 -45.61 -56.38 333.43 270.72 92.66 0.00
0.00 10229.89
248.50 -46.66 -47.13 -61.32 337.32 268.41 97.94 0.00
0.00 10662.54
233.40 -47.86 -48.34 -66.97 341.51 267.87 99.53 0.00
0.00 11077.05
219.50 -49.56 -50.00 -72.27 344.89 267.49 97.42 0.00
0.00 11480.44
205.60 -51.86 -52.22 -72.72 347.78 267.07 94.91 0.00
0.00 11906.40
191.60 -54.76 -55.03 -73.19 350.21 266.36 91.88 0.00
0.00 12360.22
177.70 -57.96 -58.15 -73.70 352.58 265.66 89.80 0.00
0.00 12838.14
163.70 -61.36 -9999.00 -9999.00 -9999.00 265.29 87.51 0.00
0.00 13350.96
149.80 -64.46 -9999.00 -9999.00 -9999.00 264.26 85.51 0.00
0.00 13897.03
135.80 -66.76 -9999.00 -9999.00 -9999.00 263.27 84.50 0.00
0.00 14493.09
121.90 -67.86 -9999.00 -9999.00 -9999.00 262.81 79.10 0.10
0.00 15143.71
107.90 -68.36 -9999.00 -9999.00 -9999.00 261.14 66.84 0.10
0.00 15875.91
94.00 -68.66 -9999.00 -9999.00 -9999.00 260.28 56.37 0.10
0.00 16702.00
81.00 -66.76 -9999.00 -9999.00 -9999.00 262.04 46.29 0.00
0.00 17597.09
70.60 -64.16 -9999.00 -9999.00 -9999.00 254.31 35.92 0.00
0.00 18432.51
62.20 -63.16 -9999.00 -9999.00 -9999.00 251.68 30.91 0.00
0.00 19209.29
54.30 -60.86 -9999.00 -9999.00 -9999.00 249.65 25.70 0.00
0.00 20048.78
46.90 -59.66 -9999.00 -9999.00 -9999.00 245.49 26.69 0.00
0.00 20961.75
40.10 -58.46 -9999.00 -9999.00 -9999.00 255.56 26.48 0.00
0.00 21943.37
33.80 -56.16 -9999.00 -9999.00 -9999.00 264.29 21.46 0.00
0.00 23023.21
27.80 -55.36 -9999.00 -9999.00 -9999.00 270.88 12.63 0.00
0.00 24266.76
22.30 -55.66 -9999.00 -9999.00 -9999.00 252.70 12.41 0.00
0.00 25671.16
17.10 -53.36 -9999.00 -9999.00 -9999.00 272.08 21.39 0.00
0.00 27370.38
12.30 -48.26 -9999.00 -9999.00 -9999.00 285.07 26.15 0.00
0.00 29514.70

STID = KPHX STNM = 722780 TIME = 221026/2200 
SLAT = 33.43 SLON = -112.02 SELV = 365.0
STIM = 10

SHOW = 9.42 LIFT = 9.32 SWET = 46.39 KINX = 11.39
LCLP = 602.30 PWAT = 12.36 TOTL = 33.44 CAPE = 0.00
LCLT = 260.57 CINS = 0.00 EQLV = -9999.00 LFCT = -9999.00
BRCH = 0.00

PRES TMPC TMWC DWPC THTE DRCT SKNT OMEG
CFRL HGHT
967.90 25.24 10.77 -6.52 308.94 243.43 3.90 -0.10
0.00 375.84
965.00 24.64 10.47 -6.61 308.55 242.35 4.60 -0.10
0.00 402.06
959.70 24.04 10.16 -6.73 308.38 244.44 4.95 -0.10
0.00 450.09
950.60 23.14 9.68 -6.86 308.28 243.43 5.21 -0.10
0.00 532.96
937.20 21.84 8.99 -7.04 308.18 242.53 5.48 -0.10
0.00 656.00
920.00 20.24 8.11 -7.34 308.10 242.53 5.48 -0.10
0.00 815.74
899.60 18.34 7.06 -7.62 308.07 242.53 5.48 -0.10
0.00 1007.97
877.20 16.24 5.87 -8.00 308.03 240.75 5.57 -0.10
0.00 1222.65
853.10 14.04 4.51 -8.80 307.89 242.53 5.48 0.00
0.00 1458.07
826.10 11.94 3.28 -9.04 308.55 243.43 5.65 0.00
0.00 1727.82
796.40 10.04 2.08 -9.45 309.76 252.12 6.33 0.10
0.00 2032.78
764.00 7.84 1.64 -6.34 313.35 271.25 8.94 0.10
0.00 2376.30
728.70 4.84 0.77 -4.02 316.57 280.92 11.29 0.10
0.00 2764.14
690.60 2.04 -1.28 -5.43 317.63 274.40 15.19 0.00
0.00 3199.92
649.80 -0.86 -4.37 -9.63 317.19 267.37 21.19 -0.10
0.00 3688.84
606.10 -4.16 -8.31 -16.73 316.11 268.34 26.83 -0.20
0.00 4241.13
560.10 -8.16 -12.72 -27.02 315.39 268.89 30.11 -0.30
0.00 4858.44
515.40 -12.56 -16.61 -34.01 316.48 265.52 32.34 -0.20
0.00 5498.45
475.00 -17.06 -19.51 -28.80 319.49 268.90 40.60 -0.10
0.00 6115.94
438.70 -21.16 -22.38 -26.88 322.35 270.42 52.45 -0.10
0.00 6707.41
405.90 -25.26 -26.23 -30.75 323.41 266.66 59.93 0.00
0.00 7276.23
376.10 -29.56 -30.41 -35.84 323.92 263.02 65.56 -0.10
0.00 7824.92
349.20 -33.86 -34.52 -40.24 324.48 261.87 71.43 -0.10
0.00 8349.52
324.90 -37.56 -38.13 -44.72 325.71 263.52 77.41 -0.10
0.00 8850.90
303.00 -40.06 -40.69 -50.74 328.35 268.32 85.90 0.00
0.00 9329.63
283.10 -42.76 -43.24 -52.07 330.87 271.91 93.30 0.00
0.00 9790.48
265.20 -45.46 -45.84 -54.31 333.07 270.93 95.59 0.00
0.00 10228.40
248.50 -47.06 -47.48 -59.59 336.77 268.34 100.47 0.00
0.00 10660.39
233.40 -48.36 -48.79 -63.99 340.80 267.59 101.50 0.00
0.00 11074.08
219.50 -49.96 -50.36 -67.42 344.32 267.53 99.36 0.00
0.00 11476.66
205.60 -52.16 -52.51 -72.72 347.31 267.26 97.63 0.00
0.00 11901.95
191.60 -54.86 -55.13 -73.19 350.05 266.51 95.75 0.00
0.00 12355.36
177.70 -57.86 -58.06 -73.70 352.75 265.32 92.77 0.00
0.00 12833.28
163.70 -61.16 -9999.00 -9999.00 -9999.00 264.06 90.03 0.00
0.00 13346.45
149.80 -64.06 -9999.00 -9999.00 -9999.00 262.81 86.93 0.00
0.00 13893.31
135.80 -66.26 -9999.00 -9999.00 -9999.00 262.00 85.14 0.00
0.00 14490.66
121.90 -67.56 -9999.00 -9999.00 -9999.00 262.63 80.30 0.00
0.00 15142.54
107.90 -68.06 -9999.00 -9999.00 -9999.00 263.10 67.89 0.00
0.00 15875.81
94.00 -67.86 -9999.00 -9999.00 -9999.00 261.27 57.58 0.00
0.00 16704.13
81.00 -65.56 -9999.00 -9999.00 -9999.00 263.53 48.29 0.00
0.00 17603.57
70.60 -63.16 -9999.00 -9999.00 -9999.00 261.91 37.28 0.00
0.00 18443.42
62.20 -63.16 -9999.00 -9999.00 -9999.00 259.42 32.81 0.00
0.00 19222.05
54.30 -61.16 -9999.00 -9999.00 -9999.00 258.77 28.92 0.00
0.00 20060.94
46.90 -60.16 -9999.00 -9999.00 -9999.00 254.67 27.19 0.00
0.00 20972.20
40.10 -59.06 -9999.00 -9999.00 -9999.00 265.14 27.49 0.00
0.00 21951.30
33.80 -57.36 -9999.00 -9999.00 -9999.00 269.44 19.81 0.00
0.00 23026.63
27.80 -55.86 -9999.00 -9999.00 -9999.00 259.51 10.66 0.00
0.00 24265.32
22.30 -55.26 -9999.00 -9999.00 -9999.00 250.28 10.94 0.00
0.00 25669.39
17.10 -53.76 -9999.00 -9999.00 -9999.00 268.88 19.81 0.00
0.00 27368.62
12.30 -48.46 -9999.00 -9999.00 -9999.00 270.92 24.09 0.00
0.00 29510.04

STID = KPHX STNM = 722780 TIME = 221026/2300 
SLAT = 33.43 SLON = -112.02 SELV = 365.0
STIM = 11

SHOW = 8.82 LIFT = 8.70 SWET = 47.71 KINX = 12.47
LCLP = 604.20 PWAT = 12.64 TOTL = 34.68 CAPE = 0.00
LCLT = 260.86 CINS = 0.00 EQLV = -9999.00 LFCT = -9999.00
BRCH = 0.00

PRES TMPC TMWC DWPC THTE DRCT SKNT OMEG
CFRL HGHT
967.10 25.24 10.81 -6.26 309.16 253.30 4.06 -0.10
0.00 375.85
964.20 24.74 10.56 -6.35 308.88 251.57 4.91 -0.10
0.00 402.10
958.90 24.24 10.29 -6.48 308.81 252.90 5.28 -0.10
0.00 450.19
949.80 23.44 9.86 -6.60 308.82 251.57 5.54 -0.10
0.00 533.21
936.40 22.14 9.17 -6.79 308.72 249.68 5.59 -0.10
0.00 656.47
919.30 20.54 8.29 -7.08 308.63 249.68 5.59 -0.20
0.00 815.58
898.80 18.64 7.25 -7.37 308.62 247.83 5.67 -0.20
0.00 1009.12
876.50 16.54 6.08 -7.69 308.61 247.07 5.48 -0.20
0.00 1223.25
852.40 14.24 4.70 -8.37 308.42 245.22 5.56 -0.10
0.00 1459.07
825.50 12.04 3.45 -8.52 309.02 244.36 5.38 -0.10
0.00 1728.19
795.80 10.24 2.35 -8.72 310.47 249.23 6.02 0.00
0.00 2033.56
763.40 7.84 1.94 -5.34 314.17 263.21 8.22 0.00
0.00 2377.51
728.10 4.94 0.98 -3.59 317.15 272.16 10.30 0.00
0.00 2765.77
690.10 2.14 -1.17 -5.26 317.97 267.83 15.37 -0.10
0.00 3200.92
649.30 -0.96 -4.47 -9.77 317.05 266.39 21.60 -0.20
0.00 3690.21
605.80 -4.36 -8.75 -18.29 315.25 270.86 26.03 -0.20
0.00 4239.98
559.80 -8.36 -13.07 -29.08 314.76 271.13 29.53 -0.20
0.00 4857.08
515.20 -12.86 -16.54 -30.67 316.70 267.71 34.01 -0.10
0.00 5495.35
474.80 -17.36 -19.33 -26.02 319.90 270.54 41.18 -0.10
0.00 6112.44
438.60 -21.36 -22.36 -25.91 322.42 270.00 51.48 0.00
0.00 6701.95
405.80 -25.46 -26.41 -30.90 323.13 264.23 57.98 -0.10
0.00 7270.47
376.10 -29.66 -30.62 -37.17 323.57 261.52 63.25 -0.10
0.00 7817.04
349.20 -33.96 -34.63 -40.54 324.31 262.12 69.42 -0.10
0.00 8341.41
324.90 -37.36 -37.97 -45.15 325.94 264.11 75.78 -0.10
0.00 8842.89
302.90 -39.86 -40.50 -50.75 328.67 267.80 85.92 -0.10
0.00 9324.30
283.10 -42.96 -43.40 -51.33 330.62 270.36 92.46 0.00
0.00 9782.90
265.20 -45.66 -46.01 -53.43 332.82 269.77 96.54 0.10
0.00 10220.45
248.50 -47.16 -47.57 -59.59 336.62 268.27 102.99 0.10
0.00 10652.15
233.40 -48.56 -48.98 -63.99 340.50 267.68 105.56 0.10
0.00 11065.57
219.50 -50.46 -50.83 -67.42 343.54 267.42 103.44 0.10
0.00 11467.52
205.60 -52.66 -52.99 -72.72 346.52 267.02 100.76 0.10
0.00 11891.86
191.60 -55.16 -55.42 -73.19 349.57 266.62 98.85 0.10
0.00 12344.44
177.70 -57.86 -58.06 -73.70 352.75 265.79 95.24 0.10
0.00 12822.03
163.70 -60.86 -9999.00 -9999.00 -9999.00 264.14 91.39 0.10
0.00 13335.56
149.80 -63.36 -9999.00 -9999.00 -9999.00 262.56 88.54 0.10
0.00 13883.71
135.80 -65.46 -9999.00 -9999.00 -9999.00 261.71 86.17 0.10
0.00 14483.22
121.90 -67.06 -9999.00 -9999.00 -9999.00 262.52 82.09 0.00
0.00 15137.16
107.90 -68.06 -9999.00 -9999.00 -9999.00 264.23 71.46 0.00
0.00 15871.32
94.00 -67.66 -9999.00 -9999.00 -9999.00 263.47 59.83 0.00
0.00 16700.04
81.00 -65.16 -9999.00 -9999.00 -9999.00 268.22 50.14 0.00
0.00 17600.79
70.60 -63.36 -9999.00 -9999.00 -9999.00 270.87 38.27 0.00
0.00 18441.04
62.20 -63.66 -9999.00 -9999.00 -9999.00 264.87 32.58 0.00
0.00 19218.38
54.30 -62.16 -9999.00 -9999.00 -9999.00 260.91 29.51 0.00
0.00 20054.28
46.90 -60.46 -9999.00 -9999.00 -9999.00 257.23 25.49 0.00
0.00 20962.75
40.10 -58.46 -9999.00 -9999.00 -9999.00 261.87 23.35 0.00
0.00 21942.54
33.80 -55.96 -9999.00 -9999.00 -9999.00 258.83 16.05 0.00
0.00 23022.87
27.80 -54.76 -9999.00 -9999.00 -9999.00 248.39 11.07 0.00
0.00 24268.71
22.30 -54.76 -9999.00 -9999.00 -9999.00 264.88 13.07 0.00
0.00 25677.95
17.10 -52.66 -9999.00 -9999.00 -9999.00 264.19 23.04 0.00
0.00 27383.39
12.30 -47.26 -9999.00 -9999.00 -9999.00 263.43 32.26 0.00
0.00 29535.91

STID = KPHX STNM = 722780 TIME = 221027/0000 
SLAT = 33.43 SLON = -112.02 SELV = 365.0
STIM = 12

SHOW = 8.34 LIFT = 8.35 SWET = 47.96 KINX = 13.20
LCLP = 610.44 PWAT = 12.68 TOTL = 35.76 CAPE = 0.00
LCLT = 261.33 CINS = 0.00 EQLV = -9999.00 LFCT = -9999.00
BRCH = 0.00

PRES TMPC TMWC DWPC THTE DRCT SKNT OMEG
CFRL HGHT
966.40 24.84 10.71 -5.91 309.02 264.56 4.10 -0.10
0.00 376.74
963.60 24.54 10.53 -6.05 308.90 263.66 5.28 -0.10
0.00 402.08
958.30 24.14 10.30 -6.17 308.95 262.15 5.69 -0.10
0.00 450.18
949.20 23.24 9.83 -6.30 308.85 262.41 5.89 -0.10
0.00 533.21
935.80 22.04 9.18 -6.53 308.82 260.84 6.10 -0.20
0.00 656.50
918.70 20.54 8.36 -6.77 308.87 258.69 5.94 -0.20
0.00 815.69
898.30 18.64 7.31 -7.06 308.85 256.43 5.79 -0.20
0.00 1008.40
876.00 16.54 6.13 -7.44 308.80 253.50 5.48 -0.20
0.00 1222.66
851.90 14.24 4.82 -7.80 308.80 248.20 5.23 -0.20
0.00 1458.64
825.00 12.04 3.49 -8.32 309.20 241.56 5.30 -0.10
0.00 1727.92
795.30 10.34 2.53 -8.18 310.96 243.43 6.51 -0.10
0.00 2033.55
762.90 7.74 2.06 -4.81 314.54 254.05 8.49 -0.10
0.00 2377.75
727.70 4.94 1.06 -3.37 317.41 260.71 10.82 -0.20
0.00 2765.10
689.80 2.04 -1.34 -5.58 317.62 263.13 16.24 -0.30
0.00 3199.24
649.00 -0.96 -4.91 -11.25 316.14 267.94 21.58 -0.30
0.00 3688.59
605.50 -4.36 -9.20 -20.80 314.37 272.70 24.69 -0.30
0.00 4238.53
559.60 -8.46 -13.26 -30.36 314.43 272.64 29.56 -0.20
0.00 4854.37
515.00 -13.16 -16.33 -26.97 317.18 269.68 34.97 -0.20
0.00 5492.42
474.70 -17.56 -19.03 -23.56 320.47 269.73 41.96 -0.10
0.00 6107.66
438.50 -21.56 -22.47 -25.71 322.25 267.38 50.95 -0.10
0.00 6696.88
405.80 -25.76 -26.83 -32.29 322.43 262.51 56.62 -0.10
0.00 7263.15
376.00 -29.86 -30.85 -37.90 323.22 261.39 62.28 -0.20
0.00 7811.06
349.10 -34.16 -34.74 -39.68 324.17 261.27 67.79 -0.20
0.00 8335.13
324.90 -37.36 -37.99 -45.60 325.91 262.62 75.60 -0.10
0.00 8834.42
302.90 -40.06 -40.71 -51.49 328.35 265.81 85.12 -0.10
0.00 9315.62
283.10 -43.16 -43.56 -50.64 330.38 267.45 91.78 0.00
0.00 9773.83
265.20 -45.56 -45.89 -52.62 333.01 267.04 97.65 0.00
0.00 10211.28
248.50 -47.16 -47.57 -59.59 336.62 267.15 105.61 0.10
0.00 10643.08
233.40 -48.76 -49.17 -63.99 340.19 266.76 110.12 0.10
0.00 11056.31
219.50 -50.76 -51.12 -67.42 343.08 266.39 108.02 0.10
0.00 11457.82
205.60 -52.66 -52.99 -72.72 346.52 266.13 103.57 0.20
0.00 11881.87
191.60 -54.66 -54.94 -73.19 350.37 265.68 100.52 0.20
0.00 12334.96
177.70 -57.06 -57.28 -73.70 354.06 264.75 97.73 0.20
0.00 12813.98
163.70 -59.96 -9999.00 -9999.00 -9999.00 264.02 95.12 0.10
0.00 13329.56
149.80 -62.66 -9999.00 -9999.00 -9999.00 264.12 92.95 0.10
0.00 13879.79
135.80 -65.36 -9999.00 -9999.00 -9999.00 264.88 89.32 0.00
0.00 14480.45
121.90 -67.76 -9999.00 -9999.00 -9999.00 266.13 83.53 0.00
0.00 15133.44
107.90 -68.46 -9999.00 -9999.00 -9999.00 267.52 71.74 0.00
0.00 15865.63
94.00 -67.16 -9999.00 -9999.00 -9999.00 267.12 57.96 0.00
0.00 16694.56
81.00 -65.06 -9999.00 -9999.00 -9999.00 273.39 49.22 0.00
0.00 17596.61
70.60 -63.86 -9999.00 -9999.00 -9999.00 274.86 36.65 0.00
0.00 18436.06
62.20 -63.86 -9999.00 -9999.00 -9999.00 266.72 30.56 0.00
0.00 19212.10
54.30 -62.46 -9999.00 -9999.00 -9999.00 259.43 29.64 0.00
0.00 20047.01
46.90 -60.06 -9999.00 -9999.00 -9999.00 256.17 26.81 0.00
0.00 20955.69
40.10 -57.76 -9999.00 -9999.00 -9999.00 259.29 21.95 0.00
0.00 21938.00
33.80 -56.16 -9999.00 -9999.00 -9999.00 259.43 14.82 0.00
0.00 23019.59
27.80 -55.66 -9999.00 -9999.00 -9999.00 242.49 10.51 0.00
0.00 24262.28
22.30 -55.16 -9999.00 -9999.00 -9999.00 252.65 13.03 0.00
0.00 25667.32
17.10 -50.76 -9999.00 -9999.00 -9999.00 261.00 23.60 0.00
0.00 27378.59
12.30 -45.96 -9999.00 -9999.00 -9999.00 280.78 37.37 0.00
0.00 29546.54

STID = KPHX STNM = 722780 TIME = 221027/0100 
SLAT = 33.43 SLON = -112.02 SELV = 365.0
STIM = 13

SHOW = 8.06 LIFT = 8.10 SWET = 47.94 KINX = 13.34
LCLP = 630.21 PWAT = 12.86 TOTL = 36.37 CAPE = 0.00
LCLT = 262.08 CINS = 0.00 EQLV = -9999.00 LFCT = -9999.00
BRCH = 0.00

PRES TMPC TMWC DWPC THTE DRCT SKNT OMEG
CFRL HGHT
967.10 23.04 10.01 -5.54 307.29 280.30 4.35 -0.10
0.00 376.66
964.30 23.84 10.30 -5.73 308.29 282.20 7.36 -0.10
0.00 401.88
959.00 23.74 10.20 -5.85 308.64 281.31 8.92 -0.10
0.00 449.86
949.90 22.94 9.77 -5.98 308.65 281.07 9.11 -0.10
0.00 532.73
936.50 21.84 9.16 -6.21 308.73 279.04 8.66 -0.10
0.00 655.83
919.30 20.24 8.29 -6.46 308.68 275.57 8.00 -0.10
0.00 815.71
898.90 18.44 7.28 -6.80 308.73 271.59 6.99 -0.10
0.00 1008.13
876.60 16.34 6.10 -7.18 308.68 264.47 6.04 -0.10
0.00 1222.11
852.50 14.14 4.77 -7.84 308.60 255.47 5.42 -0.10
0.00 1457.80
825.50 12.24 3.62 -8.20 309.43 244.23 6.25 -0.10
0.00 1727.96
795.90 10.44 2.70 -7.73 311.28 247.48 8.62 -0.10
0.00 2032.52
763.40 7.74 2.08 -4.73 314.53 251.57 9.83 -0.20
0.00 2377.61
728.20 4.74 0.94 -3.43 317.05 257.28 12.35 -0.30
0.00 2764.56
690.20 1.74 -1.66 -6.05 316.83 264.23 17.39 -0.30
0.00 3199.16
649.40 -1.26 -5.29 -12.02 315.27 270.00 21.56 -0.40
0.00 3687.65
605.80 -4.56 -9.45 -21.58 313.83 272.77 24.11 -0.30
0.00 4237.99
559.90 -8.76 -13.41 -29.79 314.13 273.48 28.81 -0.30
0.00 4852.92
515.20 -13.56 -16.13 -23.82 317.56 270.33 34.19 -0.20
0.00 5491.31
474.80 -17.86 -18.87 -21.75 320.76 268.14 41.78 -0.20
0.00 6107.15
438.60 -21.86 -22.74 -25.91 321.78 266.17 49.46 -0.20
3.00 6695.58
405.80 -25.96 -26.99 -32.29 322.17 264.37 55.44 -0.20
0.00 7262.94
376.10 -30.26 -30.91 -35.03 323.13 262.90 61.27 -0.20
0.00 7808.30
349.20 -34.36 -34.85 -38.88 323.98 260.51 67.15 -0.20
10.00 8331.60
324.90 -37.26 -38.00 -47.61 325.89 260.92 76.32 -0.20
0.00 8832.77
302.90 -40.16 -40.78 -50.75 328.24 263.03 86.50 -0.10
0.00 9313.97
283.10 -42.96 -43.38 -50.64 330.66 264.91 94.19 -0.10
0.00 9772.28
265.20 -45.16 -45.56 -54.31 333.51 265.30 101.94 -0.10
0.00 10210.30
248.50 -47.06 -47.50 -61.32 336.73 265.35 110.31 0.00
0.00 10642.57
233.40 -49.16 -49.57 -66.97 339.54 265.67 113.19 0.00
0.00 11055.53
219.50 -50.76 -51.12 -67.42 343.08 265.65 110.06 0.10
0.00 11456.67
205.60 -52.06 -52.41 -72.72 347.46 264.80 104.93 0.10
0.00 11881.29
191.60 -53.96 -54.26 -73.19 351.49 264.24 102.51 0.10
0.00 12335.73
177.70 -56.76 -56.99 -73.70 354.55 264.01 100.58 0.00
0.00 12815.85
163.70 -59.96 -9999.00 -9999.00 -9999.00 264.45 98.37 0.00
0.00 13331.79
149.80 -63.06 -9999.00 -9999.00 -9999.00 265.57 95.47 0.00
0.00 13881.50
135.80 -65.36 -9999.00 -9999.00 -9999.00 266.42 90.31 0.00
0.00 14481.59
121.90 -66.86 -9999.00 -9999.00 -9999.00 266.72 81.53 0.00
0.00 15136.00
107.90 -67.16 -9999.00 -9999.00 -9999.00 268.89 70.34 0.00
0.00 15872.12
94.00 -66.86 -9999.00 -9999.00 -9999.00 270.98 56.72 0.00
0.00 16704.27
81.00 -65.66 -9999.00 -9999.00 -9999.00 272.73 44.93 0.00
0.00 17605.67
70.60 -63.26 -9999.00 -9999.00 -9999.00 271.32 33.61 0.00
0.00 18445.12
62.20 -63.16 -9999.00 -9999.00 -9999.00 268.85 28.94 0.00
0.00 19223.57
54.30 -62.46 -9999.00 -9999.00 -9999.00 263.57 27.76 0.00
0.00 20059.87
46.90 -59.36 -9999.00 -9999.00 -9999.00 259.81 25.27 0.00
0.00 20970.05
40.10 -56.46 -9999.00 -9999.00 -9999.00 254.80 18.51 0.00
0.00 21956.95
33.80 -55.86 -9999.00 -9999.00 -9999.00 249.35 14.32 0.00
0.00 23042.54
27.80 -55.16 -9999.00 -9999.00 -9999.00 235.65 14.12 0.00
0.00 24287.52
22.30 -54.66 -9999.00 -9999.00 -9999.00 263.33 18.38 0.00
0.00 25695.79
17.10 -53.66 -9999.00 -9999.00 -9999.00 282.48 22.47 0.00
0.00 27397.74
12.30 -49.36 -9999.00 -9999.00 -9999.00 268.08 28.96 0.00
0.00 29535.30

STID = KPHX STNM = 722780 TIME = 221027/0200 
SLAT = 33.43 SLON = -112.02 SELV = 365.0
STIM = 14

SHOW = 7.41 LIFT = 7.67 SWET = 49.84 KINX = 13.16
LCLP = 649.84 PWAT = 12.99 TOTL = 37.55 CAPE = 0.00
LCLT = 262.75 CINS = 0.00 EQLV = -9999.00 LFCT = -9999.00
BRCH = 0.00

PRES TMPC TMWC DWPC THTE DRCT SKNT OMEG
CFRL HGHT
967.50 21.24 9.28 -5.24 305.55 278.97 3.73 0.00
0.00 376.59
964.70 22.84 9.95 -5.33 307.44 285.52 7.26 -0.10
0.00 401.67
959.40 23.24 10.07 -5.45 308.32 286.93 9.34 -0.10
0.00 449.51
950.30 22.64 9.73 -5.57 308.54 286.59 9.52 0.00
0.00 532.25
936.90 21.44 9.06 -5.86 308.47 284.93 9.05 0.00
0.00 655.15
919.70 19.94 8.21 -6.20 308.47 282.09 8.35 0.10
0.00 814.78
899.30 18.14 7.17 -6.69 308.43 274.51 7.40 0.10
0.00 1006.92
876.90 16.24 6.00 -7.43 308.39 265.10 6.82 0.10
0.00 1221.62
852.80 14.34 4.81 -8.10 308.64 252.07 6.93 -0.10
0.00 1457.27
825.90 12.44 3.76 -8.04 309.69 245.22 8.35 -0.20
0.00 1726.50
796.20 10.34 2.83 -7.02 311.59 250.50 9.89 -0.30
0.00 2032.03
763.70 7.64 2.20 -4.24 314.78 250.94 11.31 -0.30
0.00 2376.89
728.40 4.64 0.68 -3.99 316.41 256.16 13.81 -0.40
0.00 2764.67
690.40 1.64 -2.04 -7.00 315.93 266.31 18.10 -0.40
0.00 3198.93
649.60 -1.36 -5.68 -13.29 314.41 271.56 21.37 -0.40
0.00 3687.02
606.00 -4.66 -9.71 -22.96 313.26 274.15 24.15 -0.40
0.00 4236.93
560.00 -9.06 -13.49 -28.57 314.00 275.67 27.53 -0.40
0.00 4852.57
515.30 -14.16 -16.27 -22.27 317.33 271.36 32.83 -0.30
0.00 5489.79
474.90 -18.46 -19.08 -20.81 320.38 266.71 40.66 -0.20
9.00 6104.12
438.70 -22.26 -22.73 -24.35 321.78 265.80 47.73 -0.10
100.00 6691.31
405.90 -26.16 -26.56 -28.29 322.88 266.08 53.94 0.00
100.00 7257.93
376.10 -30.86 -31.05 -32.14 322.92 263.33 60.24 -0.10
100.00 7804.24
349.20 -34.36 -34.98 -40.54 323.76 259.70 69.50 -0.20
3.00 8326.91
324.90 -37.26 -38.09 -50.14 325.74 259.43 79.43 -0.20
0.00 8828.06
302.90 -40.26 -40.87 -50.75 328.10 262.47 88.95 -0.20
0.00 9309.15
283.10 -42.96 -43.43 -52.07 330.58 264.54 96.00 -0.20
0.00 9767.36
265.20 -45.36 -45.77 -55.28 333.18 264.88 102.39 -0.10
0.00 10205.19
248.50 -47.36 -47.76 -59.59 336.32 264.03 110.16 -0.10
0.00 10636.98
233.40 -49.26 -49.67 -66.97 339.39 263.72 113.73 0.00
0.00 11049.57
219.50 -50.66 -51.02 -67.42 343.24 264.13 112.08 0.10
0.00 11450.72
205.60 -52.06 -52.41 -72.72 347.46 264.13 108.18 0.10
0.00 11875.43
191.60 -54.36 -54.65 -73.19 350.85 264.09 105.65 0.10
0.00 12329.46
177.70 -57.26 -57.47 -73.70 353.73 263.22 103.67 0.10
0.00 12808.59
163.70 -60.26 -9999.00 -9999.00 -9999.00 262.52 101.48 0.10
0.00 13323.57
149.80 -62.76 -9999.00 -9999.00 -9999.00 264.19 97.82 0.00
0.00 13873.27
135.80 -64.76 -9999.00 -9999.00 -9999.00 267.95 92.13 0.00
0.00 14474.65
121.90 -66.76 -9999.00 -9999.00 -9999.00 269.86 82.36 0.00
0.00 15130.17
107.90 -67.26 -9999.00 -9999.00 -9999.00 270.48 69.74 0.00
0.00 15866.29
94.00 -66.46 -9999.00 -9999.00 -9999.00 274.27 54.74 0.10
0.00 16699.05
81.00 -65.36 -9999.00 -9999.00 -9999.00 274.22 42.27 0.00
0.00 17601.98
70.60 -63.46 -9999.00 -9999.00 -9999.00 273.41 32.69 0.00
0.00 18441.62
62.20 -63.46 -9999.00 -9999.00 -9999.00 267.95 27.21 0.00
0.00 19219.15
54.30 -62.56 -9999.00 -9999.00 -9999.00 262.48 28.21 0.00
0.00 20054.65
46.90 -58.56 -9999.00 -9999.00 -9999.00 264.73 25.37 0.00
0.00 20966.34
40.10 -56.06 -9999.00 -9999.00 -9999.00 268.62 16.12 0.00
0.00 21955.99
33.80 -56.16 -9999.00 -9999.00 -9999.00 268.43 14.18 0.00
0.00 23041.82
27.80 -55.96 -9999.00 -9999.00 -9999.00 241.89 16.08 0.00
0.00 24283.66
22.30 -56.06 -9999.00 -9999.00 -9999.00 253.09 20.71 0.00
0.00 25684.83
17.10 -53.36 -9999.00 -9999.00 -9999.00 272.99 22.38 0.00
0.00 27382.50
12.30 -48.16 -9999.00 -9999.00 -9999.00 274.06 35.64 0.00
0.00 29527.30

STID = KPHX STNM = 722780 TIME = 221027/0300 
SLAT = 33.43 SLON = -112.02 SELV = 365.0
STIM = 15

SHOW = 7.18 LIFT = 7.52 SWET = 53.12 KINX = 13.81
LCLP = 656.73 PWAT = 13.31 TOTL = 38.04 CAPE = 0.00
LCLT = 263.07 CINS = 0.00 EQLV = -9999.00 LFCT = -9999.00
BRCH = 0.00

PRES TMPC TMWC DWPC THTE DRCT SKNT OMEG
CFRL HGHT
967.80 20.74 9.10 -5.04 305.11 278.13 1.38 0.00
0.00 375.68
965.00 22.24 9.76 -5.03 306.97 294.23 4.25 -0.10
0.00 400.71
959.70 22.84 9.98 -5.05 308.11 293.96 7.65 -0.10
0.00 448.45
950.60 22.34 9.67 -5.23 308.40 292.83 8.00 0.00
0.00 531.07
937.20 21.24 9.04 -5.56 308.41 289.75 8.04 0.10
0.00 653.83
920.00 19.84 8.20 -6.05 308.42 285.38 8.06 0.10
0.00 813.33
899.50 18.14 7.15 -6.79 308.35 276.95 8.02 0.10
0.00 1006.34
877.20 16.24 5.96 -7.58 308.27 268.64 8.16 0.00
0.00 1220.01
853.00 14.34 4.82 -8.04 308.65 259.22 8.31 -0.20
0.00 1456.56
826.10 12.24 3.71 -7.84 309.57 250.77 8.84 -0.40
0.00 1725.64
796.40 10.14 2.75 -6.98 311.37 250.56 10.51 -0.50
0.00 2030.89
763.90 7.44 1.92 -4.79 314.08 246.68 12.28 -0.60
0.00 2375.40
728.60 4.34 0.39 -4.37 315.71 251.31 13.95 -0.70
0.00 2762.70
690.60 1.14 -2.29 -6.96 315.35 260.65 16.72 -0.70
0.00 3196.20
649.80 -1.66 -5.92 -13.58 313.88 266.11 20.05 -0.60
0.00 3683.42
606.20 -4.76 -9.90 -23.90 312.85 270.00 22.34 -0.50
0.00 4232.72
560.20 -9.46 -13.17 -23.84 314.65 272.17 25.66 -0.30
0.00 4847.63
515.40 -14.56 -15.62 -18.17 318.53 267.68 33.62 -0.30
0.00 5485.29
475.00 -18.36 -18.80 -20.01 320.84 265.93 41.08 -0.30
100.00 6099.26
438.70 -21.96 -22.31 -23.47 322.49 268.12 47.42 -0.30
100.00 6688.51
405.90 -26.46 -26.68 -27.61 322.69 268.94 52.64 -0.30
100.00 7255.16
376.10 -31.26 -31.50 -32.92 322.21 264.06 61.91 -0.20
100.00 7800.68
349.20 -34.46 -35.29 -44.06 323.26 261.67 72.44 -0.20
0.00 8322.78
324.90 -37.86 -38.67 -51.71 324.83 260.70 80.52 -0.20
0.00 8823.18
302.90 -40.66 -41.33 -54.18 327.38 261.98 89.06 -0.10
0.00 9303.23
283.10 -42.86 -43.43 -55.84 330.57 261.95 97.11 -0.10
0.00 9761.13
265.20 -45.06 -45.49 -55.28 333.62 261.17 104.97 -0.10
0.00 10199.34
248.50 -47.16 -47.57 -59.59 336.62 261.55 112.33 0.00
0.00 10631.61
233.40 -48.96 -49.38 -66.97 339.84 263.01 114.88 0.00
0.00 11044.66
219.50 -50.36 -50.74 -67.42 343.70 264.40 113.40 0.10
0.00 11446.34
205.60 -51.96 -52.32 -72.72 347.62 264.39 109.30 0.10
0.00 11871.44
191.60 -54.16 -54.45 -73.19 351.17 263.95 106.86 0.10
0.00 12325.78
177.70 -56.96 -57.18 -73.70 354.22 263.67 105.73 0.10
0.00 12805.46
163.70 -60.06 -9999.00 -9999.00 -9999.00 264.44 104.22 0.10
0.00 13321.04
149.80 -63.06 -9999.00 -9999.00 -9999.00 266.81 101.36 0.00
0.00 13870.62
135.80 -65.36 -9999.00 -9999.00 -9999.00 268.48 95.42 0.00
0.00 14470.70
121.90 -66.46 -9999.00 -9999.00 -9999.00 269.07 83.74 0.00
0.00 15125.75
107.90 -66.56 -9999.00 -9999.00 -9999.00 271.14 68.59 0.00
0.00 15863.66
94.00 -65.66 -9999.00 -9999.00 -9999.00 273.79 52.95 0.10
0.00 16699.44
81.00 -64.26 -9999.00 -9999.00 -9999.00 272.30 38.69 0.00
0.00 17606.51
70.60 -63.46 -9999.00 -9999.00 -9999.00 275.39 31.02 0.00
0.00 18448.36
62.20 -64.16 -9999.00 -9999.00 -9999.00 270.88 25.25 0.00
0.00 19224.59
54.30 -63.06 -9999.00 -9999.00 -9999.00 267.44 26.05 0.00
0.00 20057.71
46.90 -58.16 -9999.00 -9999.00 -9999.00 270.00 22.14 0.00
0.00 20969.18
40.10 -55.96 -9999.00 -9999.00 -9999.00 256.19 12.20 0.00
0.00 21959.97
33.80 -56.86 -9999.00 -9999.00 -9999.00 247.52 12.20 0.00
0.00 23044.31
27.80 -56.36 -9999.00 -9999.00 -9999.00 235.39 16.76 0.00
0.00 24283.00
22.30 -55.26 -9999.00 -9999.00 -9999.00 259.55 20.34 0.00
0.00 25685.46
17.10 -52.36 -9999.00 -9999.00 -9999.00 289.36 22.86 0.00
0.00 27390.13
12.30 -48.46 -9999.00 -9999.00 -9999.00 280.78 33.22 0.00
0.00 29538.30

STID = KPHX STNM = 722780 TIME = 221027/0400 
SLAT = 33.43 SLON = -112.02 SELV = 365.0
STIM = 16

SHOW = 7.00 LIFT = 7.55 SWET = 51.69 KINX = 14.60
LCLP = 661.28 PWAT = 13.43 TOTL = 38.61 CAPE = 0.00
LCLT = 263.25 CINS = 0.00 EQLV = -9999.00 LFCT = -9999.00
BRCH = 0.00

PRES TMPC TMWC DWPC THTE DRCT SKNT OMEG
CFRL HGHT
967.60 20.34 8.94 -4.95 304.77 116.57 0.87 0.00
0.00 376.55
964.80 21.84 9.62 -4.84 306.69 307.88 2.21 0.00
0.00 401.55
959.50 22.54 9.89 -4.86 307.94 300.26 5.40 0.00
0.00 449.26
950.40 22.24 9.65 -5.13 308.38 294.90 6.00 0.00
0.00 531.83
937.00 21.24 9.04 -5.56 308.43 288.43 6.76 0.10
0.00 654.60
919.80 19.84 8.18 -6.15 308.38 282.99 7.77 0.20
0.00 814.13
899.30 18.04 7.10 -6.79 308.26 278.13 8.24 0.20
0.00 1007.15
877.00 16.24 6.04 -7.22 308.50 273.99 8.37 0.20
0.00 1220.84
852.90 14.24 4.94 -7.33 308.97 267.27 8.16 0.20
0.00 1456.43
825.90 12.14 3.82 -7.16 309.90 258.69 8.92 0.10
0.00 1726.49
796.20 9.94 2.73 -6.66 311.39 255.00 11.27 0.00
0.00 2031.67
763.80 7.24 1.57 -5.57 313.27 249.44 13.29 -0.10
0.00 2374.93
728.50 4.04 0.06 -4.87 314.95 250.08 14.26 -0.20
0.00 2761.89
690.50 0.84 -2.44 -6.92 315.05 257.32 15.93 -0.10
0.00 3194.96
649.70 -1.96 -6.13 -13.70 313.48 262.67 19.77 -0.10
0.00 3681.72
606.10 -5.26 -10.03 -22.52 312.67 264.19 23.04 -0.20
0.00 4230.31
560.10 -9.76 -12.97 -21.41 315.08 266.16 26.09 -0.20
0.00 4844.46
515.30 -14.66 -15.71 -18.24 318.39 265.18 32.36 -0.20
0.00 5481.80
474.90 -18.16 -18.36 -18.87 321.66 265.56 40.13 -0.20
100.00 6096.04
438.60 -22.96 -23.03 -23.30 321.29 265.37 48.14 -0.20
100.00 6684.53
405.90 -27.16 -27.51 -29.14 321.33 267.07 56.99 -0.20
100.00 7247.57
376.10 -31.16 -31.87 -36.94 321.61 267.93 64.53 -0.20
35.00 7792.36
349.20 -35.16 -36.02 -46.42 322.12 264.06 71.29 -0.10
0.00 8313.77
324.90 -38.56 -39.26 -50.14 323.94 259.83 80.32 -0.10
0.00 8812.69
302.90 -41.06 -41.70 -54.18 326.82 259.20 90.17 -0.10
0.00 9291.61
283.10 -42.86 -43.41 -54.74 330.61 258.89 100.76 0.00
0.00 9749.12
265.20 -44.96 -45.40 -55.28 333.76 259.79 109.54 0.00
0.00 10187.42
248.50 -47.06 -47.46 -58.14 336.81 261.19 114.20 0.00
0.00 10619.88
233.40 -48.66 -49.07 -63.99 340.34 262.09 115.71 0.00
0.00 11033.30
219.50 -49.76 -50.17 -67.42 344.62 263.36 114.20 0.00
0.00 11435.79
205.60 -51.76 -52.13 -72.72 347.94 264.46 110.66 0.00
0.00 11861.66
191.60 -54.36 -54.65 -73.19 350.85 264.33 108.14 0.00
0.00 12315.99
177.70 -57.26 -57.47 -73.70 353.73 263.63 106.72 0.00
0.00 12795.13
163.70 -60.26 -9999.00 -9999.00 -9999.00 264.06 105.07 0.00
0.00 13310.10
149.80 -63.16 -9999.00 -9999.00 -9999.00 266.20 102.60 0.00
0.00 13859.29
135.80 -65.36 -9999.00 -9999.00 -9999.00 268.96 96.76 0.10
0.00 14459.23
121.90 -66.06 -9999.00 -9999.00 -9999.00 271.06 83.94 0.10
0.00 15114.91
107.90 -65.56 -9999.00 -9999.00 -9999.00 272.79 67.87 0.00
0.00 15855.32
94.00 -64.76 -9999.00 -9999.00 -9999.00 272.59 51.53 0.00
0.00 16694.94
81.00 -64.06 -9999.00 -9999.00 -9999.00 270.93 35.94 0.00
0.00 17604.40
70.60 -64.26 -9999.00 -9999.00 -9999.00 276.73 28.17 0.00
0.00 18445.05
62.20 -64.66 -9999.00 -9999.00 -9999.00 275.19 23.60 0.00
0.00 19218.87
54.30 -63.26 -9999.00 -9999.00 -9999.00 259.54 25.68 0.00
0.00 20050.60
46.90 -58.96 -9999.00 -9999.00 -9999.00 252.47 23.21 0.00
0.00 20959.92
40.10 -56.66 -9999.00 -9999.00 -9999.00 229.21 13.09 0.00
0.00 21947.28
33.80 -56.16 -9999.00 -9999.00 -9999.00 238.74 12.72 0.00
0.00 23031.62
27.80 -55.86 -9999.00 -9999.00 -9999.00 240.48 18.53 0.00
0.00 24273.73
22.30 -55.86 -9999.00 -9999.00 -9999.00 263.29 23.27 0.00
0.00 25675.88
17.10 -52.76 -9999.00 -9999.00 -9999.00 285.95 22.63 0.00
0.00 27376.66
12.30 -48.46 -9999.00 -9999.00 -9999.00 288.66 31.57 0.00
0.00 29522.90

STID = KPHX STNM = 722780 TIME = 221027/0500 
SLAT = 33.43 SLON = -112.02 SELV = 365.0
STIM = 17

SHOW = 6.95 LIFT = 7.81 SWET = 54.10 KINX = 13.65
LCLP = 663.73 PWAT = 13.37 TOTL = 38.79 CAPE = 0.00
LCLT = 263.30 CINS = 0.00 EQLV = -9999.00 LFCT = -9999.00
BRCH = 0.00

PRES TMPC TMWC DWPC THTE DRCT SKNT OMEG
CFRL HGHT
967.00 20.04 8.80 -4.95 304.52 146.31 2.80 0.00
0.00 376.55
964.10 21.54 9.48 -4.85 306.43 206.57 0.87 0.00
0.00 402.43
958.90 22.24 9.77 -4.83 307.70 273.58 3.11 0.00
0.00 449.22
949.80 22.04 9.52 -5.29 308.13 270.00 4.66 0.00
0.00 531.78
936.40 21.14 8.91 -5.91 308.18 268.21 6.22 0.00
0.00 654.56
919.20 19.74 8.04 -6.56 308.10 266.99 7.40 0.00
0.00 814.13
898.80 18.04 7.05 -7.00 308.19 267.06 7.60 0.00
0.00 1006.28
876.50 16.24 6.07 -7.08 308.64 262.50 7.44 0.00
0.00 1220.09
852.30 14.24 5.05 -6.85 309.33 258.69 7.93 0.00
0.00 1456.82
825.40 12.14 3.99 -6.51 310.38 256.55 9.19 -0.10
0.00 1726.07
795.80 9.74 2.79 -6.10 311.60 255.26 11.44 -0.20
0.00 2030.31
763.30 7.04 1.46 -5.58 313.10 248.20 13.60 -0.20
0.00 2374.60
728.10 4.04 -0.10 -5.31 314.65 246.90 14.36 -0.20
0.00 2760.55
690.10 1.04 -2.80 -8.33 314.31 254.15 16.36 -0.20
0.00 3193.96
649.40 -1.76 -6.45 -15.63 312.82 259.65 20.53 -0.20
0.00 3680.04
605.80 -5.26 -9.71 -20.51 313.36 260.84 24.40 -0.20
0.00 4229.08
559.90 -9.66 -12.41 -18.90 316.20 264.01 27.93 -0.20
0.00 4842.37
515.20 -14.16 -15.13 -17.35 319.47 267.15 35.20 -0.10
0.00 5479.27
474.80 -18.56 -18.81 -19.47 320.88 267.93 42.95 -0.10
100.00 6093.77
438.50 -23.56 -23.63 -23.91 320.31 270.00 49.34 -0.10
100.00 6681.19
405.80 -27.66 -28.04 -29.92 320.50 270.61 54.39 -0.10
99.00 7243.09
376.00 -31.66 -32.43 -38.42 320.76 268.37 61.40 -0.10
0.00 7786.89
349.20 -35.66 -36.45 -45.90 321.48 264.15 72.44 -0.10
0.00 8305.34
324.90 -39.36 -39.99 -50.14 322.84 261.39 79.18 -0.10
0.00 8802.89
302.90 -41.76 -42.36 -55.29 325.79 259.75 88.44 -0.10
0.00 9280.27
283.10 -43.16 -43.73 -57.10 330.10 259.18 102.45 -0.10
0.00 9736.78
265.20 -45.06 -45.52 -56.38 333.58 260.10 111.81 -0.10
0.00 10174.70
248.50 -46.96 -47.36 -58.14 336.96 260.86 114.90 -0.10
0.00 10607.16
233.40 -48.66 -49.07 -63.99 340.34 262.16 115.31 0.00
0.00 11020.67
219.50 -50.46 -50.83 -67.42 343.54 263.16 114.26 0.00
0.00 11422.53
205.60 -52.46 -52.80 -72.72 346.84 263.47 112.82 0.10
0.00 11847.06
191.60 -54.76 -55.03 -73.19 350.21 264.02 111.91 0.10
0.00 12300.26
177.70 -57.46 -57.67 -73.70 353.40 264.24 110.31 0.10
0.00 12778.73
163.70 -60.26 -9999.00 -9999.00 -9999.00 265.17 108.39 0.10
0.00 13293.46
149.80 -63.06 -9999.00 -9999.00 -9999.00 267.15 105.61 0.20
0.00 13842.78
135.80 -64.86 -9999.00 -9999.00 -9999.00 269.32 97.51 0.20
0.00 14443.59
121.90 -65.26 -9999.00 -9999.00 -9999.00 271.59 83.76 0.10
0.00 15101.32
107.90 -64.66 -9999.00 -9999.00 -9999.00 272.36 66.10 0.10
0.00 15844.76
94.00 -64.26 -9999.00 -9999.00 -9999.00 272.48 49.38 0.00
0.00 16687.21
81.00 -64.16 -9999.00 -9999.00 -9999.00 274.18 34.67 -0.10
0.00 17597.54
70.60 -64.96 -9999.00 -9999.00 -9999.00 279.06 27.14 -0.10
0.00 18436.59
62.20 -64.56 -9999.00 -9999.00 -9999.00 274.12 24.34 0.00
0.00 19209.29
54.30 -62.16 -9999.00 -9999.00 -9999.00 257.25 27.29 0.00
0.00 20043.40
46.90 -58.46 -9999.00 -9999.00 -9999.00 251.42 24.38 0.00
0.00 20956.16
40.10 -56.76 -9999.00 -9999.00 -9999.00 225.00 15.11 0.00
0.00 21944.43
33.80 -56.76 -9999.00 -9999.00 -9999.00 222.47 15.54 0.00
0.00 23027.02
27.80 -57.26 -9999.00 -9999.00 -9999.00 240.95 18.01 0.00
0.00 24263.42
22.30 -56.16 -9999.00 -9999.00 -9999.00 265.07 22.61 0.00
0.00 25660.07
17.10 -52.26 -9999.00 -9999.00 -9999.00 284.04 21.62 0.00
0.00 27361.63
12.30 -48.56 -9999.00 -9999.00 -9999.00 294.75 32.94 0.00
0.00 29509.81

STID = KPHX STNM = 722780 TIME = 221027/0600 
SLAT = 33.43 SLON = -112.02 SELV = 365.0
STIM = 18

SHOW = 6.79 LIFT = 7.77 SWET = 53.49 KINX = 12.50
LCLP = 670.29 PWAT = 12.64 TOTL = 39.07 CAPE = 0.00
LCLT = 263.33 CINS = 0.00 EQLV = -9999.00 LFCT = -9999.00
BRCH = 0.00

PRES TMPC TMWC DWPC THTE DRCT SKNT OMEG
CFRL HGHT
969.20 19.44 8.52 -5.02 303.63 152.10 3.73 0.00
0.00 375.61
966.30 21.14 9.30 -4.91 305.76 172.87 3.13 0.00
0.00 401.40
961.00 21.94 9.62 -4.94 307.11 225.00 3.03 -0.10
0.00 448.92
951.90 22.04 9.48 -5.55 307.76 246.50 4.88 -0.20
0.00 531.25
938.50 21.24 8.84 -6.50 307.72 254.74 6.64 -0.20
0.00 653.78
921.30 19.84 7.95 -7.26 307.58 256.33 7.40 -0.30
0.00 813.03
900.70 18.24 7.02 -7.66 307.83 253.86 7.69 -0.30
0.00 1006.72
878.40 16.34 6.01 -7.61 308.23 252.00 8.18 -0.40
0.00 1220.17
854.20 14.34 5.01 -7.26 308.97 252.41 8.35 -0.50
0.00 1456.44
827.20 12.14 3.97 -6.62 310.09 255.65 8.62 -0.60
0.00 1726.14
797.40 9.64 2.79 -5.95 311.39 255.70 10.22 -0.60
0.00 2031.74
764.80 7.04 1.48 -5.55 312.92 249.15 13.09 -0.60
0.00 2376.34
729.50 4.14 -0.19 -5.74 314.23 246.19 14.43 -0.60
0.00 2762.69
691.40 1.24 -3.00 -9.39 313.64 252.65 16.28 -0.60
0.00 3196.61
650.50 -1.76 -6.50 -15.88 312.55 255.45 20.86 -0.60
0.00 3684.34
606.70 -5.36 -9.33 -18.12 314.01 258.34 25.00 -0.60
0.00 4234.96
560.60 -9.66 -12.13 -17.66 316.63 263.45 28.94 -0.50
0.00 4850.05
515.70 -14.26 -15.22 -17.46 319.19 267.47 35.20 -0.30
0.00 5489.00
475.20 -19.16 -19.92 -22.23 318.85 272.27 39.28 -0.20
86.00 6103.55
438.90 -23.26 -24.89 -33.47 318.09 276.45 43.20 -0.10
67.00 6689.91
406.10 -27.66 -29.16 -41.08 318.58 274.36 48.50 -0.10
39.00 7253.18
376.20 -31.86 -33.00 -44.73 319.79 268.83 57.32 0.00
0.00 7798.12
349.30 -35.76 -36.72 -51.09 321.02 266.84 66.92 0.00
0.00 8317.92
325.00 -39.76 -40.47 -54.71 322.06 264.54 71.43 0.00
0.00 8814.77
303.00 -42.26 -42.87 -58.02 324.98 261.70 82.05 0.00
0.00 9291.07
283.10 -43.66 -44.24 -60.31 329.30 260.23 99.53 0.00
0.00 9748.81
265.20 -45.06 -45.59 -60.82 333.45 259.93 112.26 -0.10
0.00 10186.24
248.50 -46.96 -47.43 -63.52 336.83 260.49 115.23 -0.10
0.00 10618.70
233.40 -48.96 -49.38 -66.97 339.84 260.76 114.94 0.00
0.00 11031.92
219.50 -50.56 -50.95 -72.27 343.34 261.16 115.00 0.10
0.00 11433.43
205.60 -52.46 -52.80 -72.72 346.84 262.31 114.67 0.20
0.00 11857.86
191.60 -54.76 -55.03 -73.19 350.21 263.43 113.79 0.20
0.00 12311.05
177.70 -57.16 -9999.00 -9999.00 -9999.00 263.91 111.73 0.30
0.00 12789.85
163.70 -59.66 -9999.00 -9999.00 -9999.00 264.58 109.07 0.30
0.00 13305.67
149.80 -61.96 -9999.00 -9999.00 -9999.00 265.91 103.61 0.20
0.00 13857.20
135.80 -63.46 -9999.00 -9999.00 -9999.00 268.33 93.47 0.20
0.00 14461.59
121.90 -63.86 -9999.00 -9999.00 -9999.00 271.96 79.49 0.10
0.00 15123.75
107.90 -63.56 -9999.00 -9999.00 -9999.00 274.24 63.11 0.00
0.00 15871.66
94.00 -63.86 -9999.00 -9999.00 -9999.00 276.34 47.49 -0.10
0.00 16717.13
81.00 -64.66 -9999.00 -9999.00 -9999.00 276.23 32.25 -0.10
0.00 17627.25
70.60 -65.56 -9999.00 -9999.00 -9999.00 270.00 26.42 0.00
0.00 18464.08
62.20 -63.86 -9999.00 -9999.00 -9999.00 264.50 26.34 0.00
0.00 19236.96
54.30 -60.66 -9999.00 -9999.00 -9999.00 259.80 29.60 0.00
0.00 20075.45
46.90 -57.36 -9999.00 -9999.00 -9999.00 255.74 23.66 0.00
0.00 20993.78
40.10 -56.66 -9999.00 -9999.00 -9999.00 232.19 14.26 0.00
0.00 21984.81
33.80 -57.16 -9999.00 -9999.00 -9999.00 229.86 12.96 0.00
0.00 23066.64
27.80 -56.86 -9999.00 -9999.00 -9999.00 257.56 13.52 0.00
0.00 24303.04
22.30 -56.76 -9999.00 -9999.00 -9999.00 266.14 17.33 0.00
0.00 25699.05
17.10 -53.06 -9999.00 -9999.00 -9999.00 268.17 18.26 0.00
0.00 27395.17
12.30 -47.66 -9999.00 -9999.00 -9999.00 297.90 29.90 0.00
0.00 29543.83

STID = KPHX STNM = 722780 TIME = 221027/0700 
SLAT = 33.43 SLON = -112.02 SELV = 365.0
STIM = 19

SHOW = 6.85 LIFT = 7.79 SWET = 55.14 KINX = 12.45
LCLP = 679.15 PWAT = 12.00 TOTL = 38.83 CAPE = 0.00
LCLT = 263.50 CINS = 0.00 EQLV = -9999.00 LFCT = -9999.00
BRCH = 0.00

PRES TMPC TMWC DWPC THTE DRCT SKNT OMEG
CFRL HGHT
967.00 18.34 8.00 -5.05 302.68 156.80 1.48 0.00
0.00 376.48
964.20 19.94 8.70 -5.14 304.57 191.31 1.98 -0.10
0.00 401.33
958.90 20.84 9.09 -5.06 306.09 248.96 2.70 -0.10
0.00 448.77
949.80 21.14 9.04 -5.68 306.95 271.85 6.02 -0.30
0.00 531.00
936.40 20.64 8.47 -6.95 307.05 276.34 8.80 -0.40
0.00 653.49
919.30 19.44 7.62 -7.95 306.99 275.71 9.75 -0.50
0.00 811.88
898.80 17.84 6.65 -8.47 307.16 274.40 10.14 -0.50
0.00 1004.77
876.50 15.94 5.62 -8.51 307.51 273.07 10.90 -0.50
0.00 1218.36
852.40 13.94 4.61 -8.11 308.24 273.07 10.90 -0.50
0.00 1453.81
825.50 11.64 3.55 -7.26 309.34 276.71 9.98 -0.50
0.00 1722.62
795.80 9.04 2.35 -6.40 310.61 279.82 10.26 -0.40
0.00 2027.20
763.30 6.34 1.06 -5.73 312.20 266.53 12.84 -0.40
0.00 2370.62
728.10 3.54 -0.56 -5.92 313.60 258.98 15.23 -0.30
0.00 2755.72
690.10 0.54 -3.40 -9.41 313.00 258.18 17.07 -0.30
0.00 3188.29
649.40 -2.66 -6.65 -14.13 312.49 256.21 22.01 -0.40
0.00 3673.12
605.80 -6.26 -9.56 -16.53 313.77 256.69 26.15 -0.50
0.00 4220.35
559.80 -10.36 -12.47 -17.20 316.14 260.72 30.11 -0.50
0.00 4833.20
515.10 -14.96 -16.09 -18.93 317.73 265.02 33.55 -0.40
0.00 5468.40
474.70 -19.36 -21.35 -29.85 316.44 272.65 33.64 -0.40
36.00 6080.86
438.50 -23.46 -25.86 -47.50 316.48 275.59 37.86 -0.30
17.00 6665.52
405.80 -27.86 -29.71 -51.72 317.72 273.70 45.16 -0.30
0.00 7226.99
376.00 -32.16 -33.50 -52.37 319.02 270.63 53.22 -0.20
0.00 7769.84
349.20 -36.06 -37.03 -52.99 320.56 269.82 61.19 -0.10
0.00 8287.26
324.90 -40.26 -40.88 -52.61 321.48 267.74 63.97 0.00
0.00 8783.41
302.90 -43.16 -43.66 -55.29 323.82 263.04 76.90 0.00
0.00 9258.43
283.10 -44.46 -44.99 -60.31 328.15 261.49 95.84 0.00
0.00 9712.27
265.20 -45.66 -46.20 -66.04 332.49 260.20 108.41 -0.10
0.00 10148.36
248.50 -47.16 -47.65 -66.52 336.49 259.28 113.87 0.00
0.00 10580.05
233.40 -49.06 -49.48 -66.97 339.69 259.52 115.37 0.00
0.00 10993.00
219.50 -50.66 -51.05 -72.27 343.19 259.93 116.61 0.10
0.00 11394.32
205.60 -52.46 -52.80 -72.72 346.84 260.83 117.07 0.20
0.00 11818.65
191.60 -54.36 -54.65 -73.19 350.85 262.02 116.12 0.20
0.00 12272.27
177.70 -56.56 -9999.00 -9999.00 -9999.00 263.14 113.87 0.20
0.00 12752.17
163.70 -59.06 -9999.00 -9999.00 -9999.00 264.60 109.46 0.20
0.00 13269.43
149.80 -61.16 -9999.00 -9999.00 -9999.00 266.39 101.79 0.10
0.00 13822.77
135.80 -63.06 -9999.00 -9999.00 -9999.00 269.39 91.88 0.10
0.00 14428.89
121.90 -64.06 -9999.00 -9999.00 -9999.00 273.23 79.37 0.00
0.00 15091.36
107.90 -63.66 -9999.00 -9999.00 -9999.00 276.10 62.12 0.00
0.00 15838.73
94.00 -63.96 -9999.00 -9999.00 -9999.00 277.03 46.00 0.00
0.00 16683.80
81.00 -65.46 -9999.00 -9999.00 -9999.00 274.32 33.51 -0.10
0.00 17591.96
70.60 -66.66 -9999.00 -9999.00 -9999.00 262.64 28.79 0.00
0.00 18424.97
62.20 -64.46 -9999.00 -9999.00 -9999.00 263.06 30.54 0.00
0.00 19194.70
54.30 -60.46 -9999.00 -9999.00 -9999.00 261.97 31.97 0.00
0.00 20032.39
46.90 -57.46 -9999.00 -9999.00 -9999.00 262.41 26.46 0.00
0.00 20950.94
40.10 -57.16 -9999.00 -9999.00 -9999.00 248.57 16.49 0.00
0.00 21940.59
33.80 -56.96 -9999.00 -9999.00 -9999.00 240.52 15.40 0.00
0.00 23021.67
27.80 -56.96 -9999.00 -9999.00 -9999.00 258.39 14.47 0.00
0.00 24258.36
22.30 -57.56 -9999.00 -9999.00 -9999.00 264.81 17.17 0.00
0.00 25651.46
17.10 -53.16 -9999.00 -9999.00 -9999.00 266.96 21.99 0.00
0.00 27344.08
12.30 -47.46 -9999.00 -9999.00 -9999.00 304.70 27.64 0.00
0.00 29493.22

STID = KPHX STNM = 722780 TIME = 221027/0800 
SLAT = 33.43 SLON = -112.02 SELV = 365.0
STIM = 20

SHOW = 6.51 LIFT = 7.62 SWET = 54.23 KINX = 11.38
LCLP = 686.85 PWAT = 11.62 TOTL = 39.62 CAPE = 0.00
LCLT = 263.60 CINS = 0.00 EQLV = -9999.00 LFCT = -9999.00
BRCH = 0.00

PRES TMPC TMWC DWPC THTE DRCT SKNT OMEG
CFRL HGHT
967.30 17.54 7.61 -5.09 301.79 140.71 2.76 0.00
0.00 376.45
964.50 19.34 8.40 -5.23 303.86 162.90 2.64 0.00
0.00 401.23
959.20 20.14 8.76 -5.16 305.27 203.20 1.48 -0.10
0.00 448.55
950.10 20.44 8.76 -5.53 306.27 278.53 3.92 -0.20
0.00 530.56
936.70 20.14 8.22 -7.05 306.44 281.59 7.73 -0.40
0.00 652.75
919.50 19.14 7.44 -8.17 306.54 281.09 10.10 -0.50
0.00 811.81
899.10 17.64 6.57 -8.41 306.95 279.95 11.25 -0.60
0.00 1003.54
876.80 15.84 5.60 -8.39 307.43 280.39 11.85 -0.60
0.00 1216.95
852.60 13.74 4.54 -8.00 308.07 279.46 11.81 -0.60
0.00 1453.19
825.70 11.54 3.50 -7.26 309.21 281.73 10.51 -0.50
0.00 1721.80
796.00 8.94 2.25 -6.58 310.36 283.76 9.79 -0.40
0.00 2026.19
763.50 6.24 1.02 -5.69 312.09 270.00 12.82 -0.40
0.00 2369.40
728.30 3.54 -0.86 -6.83 312.89 266.28 15.00 -0.30
0.00 2754.30
690.30 0.64 -3.76 -10.89 312.17 264.47 18.14 -0.30
0.00 3186.76
649.50 -2.66 -6.57 -13.82 312.64 261.87 23.35 -0.20
0.00 3672.73
605.90 -6.36 -9.46 -15.86 313.95 262.98 27.00 -0.20
0.00 4219.78
559.90 -10.56 -12.70 -17.60 315.69 267.85 31.10 -0.10
0.00 4832.19
515.20 -15.36 -17.17 -22.55 315.77 271.07 31.27 -0.10
0.00 5466.44
474.80 -19.86 -22.20 -34.37 314.98 273.69 30.17 -0.10
0.00 6077.58
438.60 -23.96 -26.26 -47.50 315.83 272.29 34.01 -0.10
0.00 6660.91
405.90 -28.26 -30.05 -51.72 317.17 270.82 40.60 -0.10
0.00 7221.22
376.10 -32.56 -33.63 -45.22 318.85 269.55 49.53 0.00
0.00 7763.06
349.20 -36.46 -37.07 -44.06 320.55 267.55 59.11 0.10
0.00 8281.51
324.90 -40.46 -40.92 -48.18 321.43 262.83 66.96 0.10
0.00 8777.06
302.90 -43.06 -43.59 -56.55 323.92 261.97 79.25 0.10
0.00 9251.98
283.10 -44.36 -44.92 -62.53 328.25 263.08 88.64 0.00
0.00 9706.01
265.20 -45.86 -46.39 -66.04 332.20 262.42 94.25 0.00
0.00 10142.01
248.50 -47.36 -47.84 -66.52 336.19 259.24 104.00 0.00
0.00 10573.31
233.40 -49.06 -49.48 -66.97 339.69 258.26 112.68 0.00
0.00 10986.08
219.50 -50.66 -51.05 -72.27 343.19 259.28 119.02 0.00
0.00 11387.41
205.60 -52.56 -52.89 -72.72 346.68 260.97 121.35 0.00
0.00 11811.64
191.60 -54.36 -54.65 -73.19 350.85 262.49 118.92 0.10
0.00 12265.15
177.70 -56.36 -56.60 -73.70 355.20 263.52 113.58 0.10
0.00 12745.27
163.70 -58.56 -9999.00 -9999.00 -9999.00 265.16 105.85 0.10
0.00 13263.37
149.80 -60.76 -9999.00 -9999.00 -9999.00 267.35 96.64 0.00
0.00 13817.89
135.80 -62.66 -9999.00 -9999.00 -9999.00 270.00 87.61 0.00
0.00 14425.15
121.90 -63.96 -9999.00 -9999.00 -9999.00 273.92 76.71 0.00
0.00 15088.41
107.90 -64.06 -9999.00 -9999.00 -9999.00 276.88 61.64 0.00
0.00 15835.25
94.00 -63.86 -9999.00 -9999.00 -9999.00 274.83 43.86 -0.10
0.00 16679.72
81.00 -65.76 -9999.00 -9999.00 -9999.00 271.66 33.62 0.00
0.00 17587.44
70.60 -66.86 -9999.00 -9999.00 -9999.00 261.31 30.85 0.00
0.00 18419.44
62.20 -64.86 -9999.00 -9999.00 -9999.00 262.06 32.36 0.00
0.00 19188.06
54.30 -59.76 -9999.00 -9999.00 -9999.00 261.42 31.24 0.10
0.00 20026.35
46.90 -56.56 -9999.00 -9999.00 -9999.00 268.04 22.75 0.00
0.00 20948.33
40.10 -56.66 -9999.00 -9999.00 -9999.00 265.31 11.89 0.00
0.00 21941.19
33.80 -57.26 -9999.00 -9999.00 -9999.00 252.76 11.79 0.00
0.00 23022.77
27.80 -57.76 -9999.00 -9999.00 -9999.00 254.05 15.56 0.00
0.00 24256.31
22.30 -56.96 -9999.00 -9999.00 -9999.00 257.83 20.26 0.00
0.00 25648.77
17.10 -52.56 -9999.00 -9999.00 -9999.00 275.11 23.99 0.00
0.00 27346.05
12.30 -48.16 -9999.00 -9999.00 -9999.00 300.33 21.15 0.00
0.00 29494.71

STID = KPHX STNM = 722780 TIME = 221027/0900 
SLAT = 33.43 SLON = -112.02 SELV = 365.0
STIM = 21

SHOW = 6.79 LIFT = 8.14 SWET = 51.12 KINX = 9.98
LCLP = 696.78 PWAT = 10.72 TOTL = 39.15 CAPE = 0.00
LCLT = 263.64 CINS = 0.00 EQLV = -9999.00 LFCT = -9999.00
BRCH = 0.00

PRES TMPC TMWC DWPC THTE DRCT SKNT OMEG
CFRL HGHT
967.80 16.44 7.06 -5.23 300.51 159.78 3.92 0.00
0.00 375.52
964.90 18.54 7.96 -5.57 302.78 177.27 4.08 0.00
0.00 401.09
959.60 19.54 8.41 -5.49 304.40 199.65 2.89 -0.10
0.00 448.28
950.50 19.84 8.49 -5.52 305.61 259.99 3.36 -0.20
0.00 530.08
937.10 19.54 8.01 -6.78 305.91 276.52 6.84 -0.30
0.00 651.98
919.90 18.74 7.28 -8.06 306.13 277.97 9.81 -0.50
0.00 810.70
899.50 17.34 6.45 -8.34 306.63 280.06 12.24 -0.50
0.00 1002.11
877.20 15.64 5.56 -8.11 307.33 283.83 13.00 -0.50
0.00 1215.25
853.00 13.64 4.52 -7.89 307.98 286.34 11.73 -0.40
0.00 1451.26
826.00 11.34 3.41 -7.25 308.96 284.86 9.85 -0.20
0.00 1720.62
796.30 8.94 2.28 -6.48 310.39 278.30 9.42 0.00
0.00 2024.79
763.80 6.34 1.00 -5.93 311.98 270.86 13.01 0.00
0.00 2367.93
728.60 3.64 -1.11 -7.81 312.27 269.25 14.76 0.00
0.00 2752.77
690.50 0.84 -3.90 -11.85 311.83 264.11 18.94 0.00
0.00 3186.40
649.70 -2.56 -6.45 -13.58 312.85 263.51 24.05 -0.10
0.00 3672.47
606.10 -6.06 -9.62 -17.37 313.59 268.78 27.39 -0.10
0.00 4219.73
560.10 -10.36 -13.59 -22.67 313.94 274.22 29.02 -0.20
0.00 4832.35
515.30 -15.16 -18.34 -32.43 313.58 277.73 27.45 -0.20
0.00 5468.08
475.00 -19.56 -22.51 -44.16 314.32 276.51 29.14 -0.20
0.00 6077.92
438.70 -24.06 -26.42 -51.05 315.53 272.94 34.03 -0.20
0.00 6662.85
405.90 -28.56 -30.02 -43.10 317.27 270.55 40.21 -0.10
0.00 7224.37
376.10 -32.76 -33.49 -39.82 319.09 268.66 49.94 0.00
0.00 7765.69
349.30 -37.06 -37.72 -46.41 319.53 266.39 58.59 0.00
0.00 8281.29
324.90 -40.86 -41.46 -53.60 320.61 264.15 62.88 0.00
0.00 8777.73
303.00 -43.36 -43.92 -59.78 323.39 263.70 68.98 -0.10
0.00 9249.69
283.10 -44.86 -45.39 -62.53 327.53 265.33 71.52 -0.10
0.00 9705.14
265.20 -46.36 -46.84 -63.03 331.51 263.84 74.24 -0.10
0.00 10140.18
248.50 -47.86 -48.31 -66.52 335.45 260.76 89.55 -0.10
0.00 10570.53
233.40 -49.66 -50.05 -66.97 338.78 260.24 98.54 -0.10
0.00 10982.29
219.50 -51.16 -51.53 -72.27 342.42 259.89 103.98 -0.10
0.00 11382.63
205.60 -52.66 -52.99 -72.72 346.52 260.69 110.43 -0.10
0.00 11806.29
191.60 -54.36 -54.65 -73.19 350.85 261.91 113.21 -0.10
0.00 12259.70
177.70 -56.26 -56.50 -73.70 355.37 263.00 109.98 0.00
0.00 12739.93
163.70 -58.26 -9999.00 -9999.00 -9999.00 264.71 101.05 0.00
0.00 13258.51
149.80 -60.36 -9999.00 -9999.00 -9999.00 267.58 91.96 0.10
0.00 13813.93
135.80 -62.46 -9999.00 -9999.00 -9999.00 270.13 84.69 0.10
0.00 14422.06
121.90 -63.86 -9999.00 -9999.00 -9999.00 272.94 75.85 0.10
0.00 15085.80
107.90 -64.16 -9999.00 -9999.00 -9999.00 275.10 61.23 0.00
0.00 15832.63
94.00 -63.96 -9999.00 -9999.00 -9999.00 273.00 44.54 0.00
0.00 16676.69
81.00 -65.26 -9999.00 -9999.00 -9999.00 265.21 32.56 0.00
0.00 17585.29
70.60 -65.76 -9999.00 -9999.00 -9999.00 262.27 31.76 0.00
0.00 18420.51
62.20 -62.96 -9999.00 -9999.00 -9999.00 261.49 32.81 0.00
0.00 19194.69
54.30 -58.76 -9999.00 -9999.00 -9999.00 268.46 28.96 0.00
0.00 20038.75
46.90 -58.16 -9999.00 -9999.00 -9999.00 283.76 19.60 -0.10
0.00 20959.44
40.10 -58.86 -9999.00 -9999.00 -9999.00 281.50 11.69 -0.10
0.00 21943.59
33.80 -58.56 -9999.00 -9999.00 -9999.00 250.30 16.71 0.00
0.00 23016.42
27.80 -56.96 -9999.00 -9999.00 -9999.00 247.45 24.83 0.00
0.00 24248.52
22.30 -54.06 -9999.00 -9999.00 -9999.00 257.74 22.86 0.00
0.00 25652.92
17.10 -51.96 -9999.00 -9999.00 -9999.00 292.52 17.25 0.00
0.00 27363.81
12.30 -49.36 -9999.00 -9999.00 -9999.00 280.37 16.20 0.00
0.00 29509.57
STN YYMMDD/HHMM PMSL PRES SKTC STC1 SNFL WTNS
P01M C01M STC2 LCLD MCLD HCLD
SNRA UWND VWND R01M BFGR T2MS
Q2MS WXTS WXTP WXTZ WXTR USTM
VSTM HLCY SLLH WSYM CDBP VSBK
TD2M
722780 221026/1200 1014.30 971.40 9.04 282.20 -9999.00 6.00
-9999.00 -9999.00 283.00 0.00 0.00 0.00
-9999.00 -2.00 0.30 -9999.00 -9999.00 10.34
4.18 0.00 0.00 0.00 0.00 8.90
-8.60 26.40 -9999.00 999.00 -9999.00 20.00
0.76
722780 221026/1300 1015.40 972.40 8.64 281.80 0.00 6.00
0.00 0.00 282.60 0.00 0.00 0.00
-9999.00 -2.20 0.50 -9999.00 -9999.00 9.74
4.07 0.00 0.00 0.00 0.00 8.60
-8.00 11.50 0.00 999.00 -9999.00 20.00
0.41
722780 221026/1400 1015.30 972.20 8.44 281.60 0.00 6.00
0.00 0.00 282.30 0.00 0.00 0.00
-9999.00 -2.30 0.60 -9999.00 -9999.00 9.34
3.93 0.00 0.00 0.00 0.00 8.20
-7.60 -3.20 0.00 999.00 -9999.00 20.00
-0.08
722780 221026/1500 1014.80 971.90 12.94 286.10 0.00 6.00
0.00 0.00 285.60 0.00 0.00 0.00
-9999.00 -1.50 0.40 -9999.00 -9999.00 12.54
3.78 0.00 0.00 0.00 0.00 6.90
-7.60 -4.10 0.00 999.00 -9999.00 20.00
-0.61
722780 221026/1600 1015.00 972.50 18.94 292.10 0.00 6.00
0.00 0.00 290.90 0.00 0.00 0.00
-9999.00 -1.90 1.40 -9999.00 -9999.00 16.34
3.50 0.00 0.00 0.00 0.00 5.80
-7.70 -1.60 0.00 999.00 -9999.00 20.00
-1.65
722780 221026/1700 1014.50 972.20 24.04 297.20 0.00 6.00
0.00 0.00 295.60 0.00 0.00 0.00
-9999.00 -1.60 1.80 -9999.00 -9999.00 19.54
3.33 0.00 0.00 0.00 0.00 5.70
-7.40 12.90 0.00 999.00 -9999.00 20.00
-2.32
722780 221026/1800 1014.00 971.90 28.04 301.20 0.00 6.00
0.00 0.00 299.50 0.00 0.00 0.00
-9999.00 -0.80 1.90 -9999.00 -9999.00 22.04
3.12 0.00 0.00 0.00 0.00 6.30
-7.30 20.10 0.00 999.00 -9999.00 20.00
-3.20
722780 221026/1900 1011.90 970.00 30.44 303.60 0.00 6.00
0.00 0.00 302.00 0.00 0.00 0.00
-9999.00 -0.10 1.90 -9999.00 -9999.00 23.74
2.76 0.00 0.00 0.00 0.00 6.40
-7.00 21.00 0.00 999.00 -9999.00 20.00
-4.85
722780 221026/2000 1011.70 969.90 31.64 304.80 0.00 5.00
0.00 0.00 303.50 0.00 0.00 0.00
-9999.00 0.80 1.40 -9999.00 -9999.00 24.94
2.57 0.00 0.00 0.00 0.00 7.10
-7.20 13.70 0.00 999.00 -9999.00 20.00
-5.79
722780 221026/2100 1011.20 969.50 31.64 304.80 0.00 5.00
0.00 0.00 303.80 0.00 0.00 0.00
-9999.00 1.30 1.10 -9999.00 -9999.00 25.64
2.48 0.00 0.00 0.00 0.00 7.90
-7.00 4.80 0.00 999.00 -9999.00 20.00
-6.26
722780 221026/2200 1010.80 969.10 30.34 303.50 0.00 5.00
0.00 0.00 302.90 0.00 0.00 0.00
-9999.00 1.90 1.00 -9999.00 -9999.00 25.84
2.47 0.00 0.00 0.00 0.00 8.40
-6.90 0.90 0.00 999.00 -9999.00 20.00
-6.32
722780 221026/2300 1010.00 968.30 27.94 301.10 0.00 5.00
0.00 0.00 301.10 0.00 0.00 0.00
-9999.00 2.00 0.70 -9999.00 -9999.00 25.64
2.51 0.00 0.00 0.00 0.00 8.30
-7.00 1.80 0.00 999.00 -9999.00 20.00
-6.12
722780 221027/0000 1009.30 967.70 24.64 297.80 0.00 5.00
0.00 0.00 298.30 0.00 0.00 0.00
-9999.00 2.00 0.30 -9999.00 -9999.00 24.54
2.59 0.00 0.00 0.00 0.00 8.70
-7.00 8.20 0.00 999.00 -9999.00 20.00
-5.72
722780 221027/0100 1010.20 968.40 20.14 293.30 0.00 5.00
0.00 0.00 294.30 0.00 10.00 0.00
-9999.00 2.30 -0.50 -9999.00 -9999.00 21.24
2.66 0.00 0.00 0.00 0.00 9.80
-7.10 9.50 0.00 999.00 -9999.00 20.00
-5.36
722780 221027/0200 1010.70 968.80 18.44 291.60 0.00 5.00
0.00 0.00 292.40 0.00 100.00 0.00
-9999.00 2.20 -0.60 -9999.00 -9999.00 19.44
2.72 0.00 0.00 0.00 0.00 10.30
-7.20 12.00 0.00 999.00 -9999.00 20.00
-5.06
722780 221027/0300 1011.10 969.00 16.74 289.90 0.00 5.00
0.00 0.00 290.80 0.00 100.00 0.00
-9999.00 0.80 -0.50 -9999.00 -9999.00 18.44
2.75 0.00 0.00 0.00 0.00 10.30
-6.70 2.10 0.00 999.00 -9999.00 20.00
-4.91
722780 221027/0400 1010.90 968.90 16.64 289.80 0.00 5.00
0.00 0.00 290.40 0.00 100.00 0.00
-9999.00 -0.10 -0.10 -9999.00 -9999.00 18.14
2.77 0.00 0.00 0.00 0.00 10.10
-6.40 -5.20 0.00 999.00 -9999.00 20.00
-4.82
722780 221027/0500 1010.30 968.30 16.34 289.50 0.00 5.00
0.00 0.00 290.20 0.00 100.00 0.00
-9999.00 -0.70 0.70 -9999.00 -9999.00 17.84
2.77 0.00 0.00 0.00 0.00 9.70
-6.10 2.40 0.00 999.00 -9999.00 20.00
-4.83
722780 221027/0600 1012.60 970.40 15.34 288.50 0.00 5.00
0.00 0.00 289.30 0.00 86.00 0.00
-9999.00 -0.80 0.90 -9999.00 -9999.00 17.04
2.75 0.00 0.00 0.00 0.00 8.40
-5.90 8.70 0.00 999.00 -9999.00 20.00
-4.90
722780 221027/0700 1010.40 968.30 13.34 286.50 0.00 6.00
0.00 0.00 287.40 0.00 36.00 0.00
-9999.00 -0.20 -0.10 -9999.00 -9999.00 15.64
2.74 0.00 0.00 0.00 0.00 9.20
-6.60 -11.00 0.00 999.00 -9999.00 20.00
-4.97
722780 221027/0800 1010.80 968.60 12.24 285.40 0.00 6.00
0.00 0.00 286.30 0.00 0.00 0.00
-9999.00 -0.80 0.50 -9999.00 -9999.00 14.74
2.74 0.00 0.00 0.00 0.00 9.30
-7.50 -11.60 0.00 999.00 -9999.00 20.00
-4.97
722780 221027/0900 1011.30 969.00 11.44 284.60 0.00 6.00
0.00 0.00 285.50 0.00 0.00 0.00
-9999.00 -0.80 1.60 -9999.00 -9999.00 13.74
2.70 0.00 0.00 0.00 0.00 8.30
-7.90 -4.20 0.00 999.00 -9999.00 20.00
-5.16


