
SNPARM = PRES;TMPC;TMWC;DWPC;THTE;DRCT;SKNT;OMEG;CFRL;HGHT 
STNPRM = SHOW;LIFT;SWET;KINX;LCLP;PWAT;TOTL;CAPE;LCLT;CINS;EQLV;LFCT;BRCH 

STID = KWRI STNM = 724096 TIME = 221026/1200 
SLAT = 40.02 SLON = -74.60 SELV = 28.0
STIM = 0

SHOW = 3.26 LIFT = 1.67 SWET = 145.68 KINX = 20.18
LCLP = 999.55 PWAT = 29.17 TOTL = 43.57 CAPE = 0.00
LCLT = 288.69 CINS = 0.00 EQLV = -9999.00 LFCT = -9999.00
BRCH = 0.00

PRES TMPC TMWC DWPC THTE DRCT SKNT OMEG
CFRL HGHT
1006.90 16.14 15.87 15.65 320.26 96.34 1.77 0.00
99.00 36.46
1003.80 16.04 15.80 15.59 320.41 105.26 2.21 0.00
100.00 62.74
998.30 15.84 15.77 15.67 321.04 109.65 2.89 0.10
100.00 109.55
988.70 15.64 15.59 15.49 321.66 121.61 2.97 0.10
100.00 191.82
974.60 15.44 15.37 15.26 322.77 178.36 6.80 0.00
100.00 314.02
956.60 17.04 16.93 16.81 330.44 193.78 10.61 0.00
85.00 473.08
934.80 17.34 15.58 14.56 328.85 182.60 8.55 -0.10
0.00 670.41
911.10 15.14 14.55 14.16 328.74 158.20 7.32 -0.20
48.00 889.41
885.40 13.64 13.04 12.63 327.50 159.44 8.29 -0.20
9.00 1131.81
856.70 12.24 10.85 9.88 324.81 177.40 8.55 -0.10
30.00 1409.38
825.00 11.14 6.79 2.91 317.76 172.53 11.95 0.00
4.00 1725.14
790.40 11.54 0.60 -25.52 306.61 169.22 16.61 0.00
0.00 2082.61
753.00 10.34 0.57 -17.14 311.92 184.50 17.35 0.00
0.00 2485.94
712.50 6.64 0.44 -7.62 318.06 189.46 18.90 0.00
0.00 2942.32
669.00 2.54 -0.15 -3.07 323.77 178.96 21.37 0.10
0.00 3455.64
622.40 -1.26 -3.31 -5.83 324.20 165.42 24.69 0.10
0.00 4035.78
573.30 -5.76 -8.42 -12.94 321.70 156.33 30.96 0.10
0.00 4685.63
525.80 -10.26 -14.11 -25.60 319.13 158.96 32.46 0.20
0.00 5357.56
483.10 -12.46 -17.40 -52.69 321.17 189.15 23.21 0.20
0.00 6006.78
445.00 -15.46 -19.55 -42.24 325.60 216.67 22.77 0.30
0.00 6630.09
410.70 -19.56 -22.54 -38.10 328.37 229.32 31.00 0.20
0.00 7230.41
379.70 -22.96 -24.91 -34.01 332.13 227.24 35.20 0.10
0.00 7809.23
351.90 -27.06 -27.64 -30.05 335.05 223.80 32.83 0.00
0.00 8361.74
326.80 -30.86 -31.36 -34.04 336.06 221.91 30.54 0.00
100.00 8890.92
304.20 -34.46 -34.88 -37.74 337.29 223.78 25.84 0.00
48.00 9395.57
284.00 -38.16 -38.78 -45.55 337.65 221.72 21.60 0.00
0.00 9872.02
265.80 -42.06 -42.57 -50.54 338.03 217.97 20.20 -0.10
0.00 10323.85
248.90 -45.56 -46.00 -55.80 338.98 212.28 21.83 -0.10
0.00 10764.89
233.60 -48.76 -49.14 -61.80 340.15 205.94 23.97 -0.10
0.00 11184.57
219.60 -51.06 -51.33 -60.55 342.71 209.85 25.76 -0.10
0.00 11588.43
205.70 -52.46 -52.75 -64.93 346.88 211.36 23.89 -0.10
0.00 12012.19
191.70 -53.66 -53.97 -73.19 351.92 209.05 29.99 0.00
0.00 12466.29
177.80 -56.36 -56.60 -73.70 355.15 210.03 28.73 0.00
0.00 12946.93
163.80 -59.16 -59.34 -74.24 358.87 214.54 18.16 -0.10
0.00 13464.01
149.80 -62.46 -9999.00 -9999.00 -9999.00 211.68 10.72 -0.10
0.00 14019.33
135.90 -65.66 -9999.00 -9999.00 -9999.00 204.94 9.21 0.00
0.00 14615.34
121.90 -66.96 -9999.00 -9999.00 -9999.00 200.56 11.62 0.00
0.00 15273.58
108.00 -66.26 -9999.00 -9999.00 -9999.00 184.21 13.25 0.00
0.00 16005.53
94.00 -65.36 -9999.00 -9999.00 -9999.00 168.39 14.47 0.00
0.00 16848.15
81.00 -65.96 -9999.00 -9999.00 -9999.00 168.87 12.08 0.00
0.00 17752.17
70.60 -66.06 -9999.00 -9999.00 -9999.00 197.10 5.28 0.00
0.00 18585.38
62.20 -66.16 -9999.00 -9999.00 -9999.00 256.50 4.99 0.00
0.00 19353.07
54.30 -66.36 -9999.00 -9999.00 -9999.00 287.88 6.33 0.00
0.00 20175.66
46.90 -65.66 -9999.00 -9999.00 -9999.00 312.40 6.04 0.00
0.00 21063.97
40.10 -64.56 -9999.00 -9999.00 -9999.00 12.09 5.56 0.00
0.00 22017.86
33.80 -63.56 -9999.00 -9999.00 -9999.00 32.47 7.60 0.00
0.00 23063.92
27.80 -60.86 -9999.00 -9999.00 -9999.00 36.87 5.83 0.00
0.00 24270.57
22.30 -56.76 -9999.00 -9999.00 -9999.00 10.44 7.50 0.00
0.00 25653.68
17.10 -52.86 -9999.00 -9999.00 -9999.00 10.75 15.62 0.00
0.00 27350.57
12.30 -52.06 -9999.00 -9999.00 -9999.00 340.10 11.99 0.00
0.00 29478.98

STID = KWRI STNM = 724096 TIME = 221026/1300 
SLAT = 40.02 SLON = -74.60 SELV = 28.0
STIM = 1

SHOW = 3.44 LIFT = 2.90 SWET = 156.29 KINX = 20.02
LCLP = 1003.50 PWAT = 28.52 TOTL = 42.57 CAPE = 0.00
LCLT = 289.12 CINS = 0.00 EQLV = -9999.00 LFCT = -9999.00
BRCH = 0.00

PRES TMPC TMWC DWPC THTE DRCT SKNT OMEG
CFRL HGHT
1006.80 16.24 16.14 16.02 321.14 125.54 3.34 0.00
33.00 37.31
1003.80 16.04 15.96 15.84 320.92 123.69 4.20 0.00
33.00 62.76
998.20 15.84 15.76 15.64 320.99 125.54 5.01 0.10
100.00 110.42
988.70 15.64 15.55 15.44 321.56 132.14 5.50 0.10
100.00 191.84
974.60 15.84 15.75 15.64 324.02 181.08 10.30 0.10
100.00 314.13
956.40 16.14 16.06 15.96 327.49 197.30 12.41 0.10
100.00 474.81
934.70 16.54 15.23 14.45 327.70 189.46 10.63 0.00
9.00 670.65
911.10 15.24 14.06 13.33 327.16 163.07 9.34 0.00
0.00 888.43
885.40 13.54 12.90 12.47 327.07 159.44 9.97 0.10
3.00 1130.78
856.70 11.84 11.30 10.91 326.20 173.16 9.79 0.20
28.00 1408.15
825.00 10.74 6.97 3.71 318.28 171.38 12.98 0.30
2.00 1723.56
790.40 10.94 0.51 -22.63 306.55 168.44 17.44 0.30
0.00 2080.46
753.00 10.04 -0.02 -20.60 310.50 178.78 18.26 0.30
0.00 2483.13
712.50 6.54 0.61 -6.87 318.49 181.15 19.42 0.40
0.00 2939.16
668.90 2.74 -0.75 -4.82 322.31 174.04 22.46 0.40
0.00 3453.74
622.30 -0.96 -4.45 -9.44 321.57 165.76 26.85 0.30
0.00 4034.23
573.30 -5.86 -9.79 -18.18 318.81 164.24 32.91 0.20
0.00 4682.69
525.80 -9.76 -14.30 -30.10 318.69 171.49 28.87 0.10
0.00 5354.88
483.20 -11.46 -16.52 -43.44 322.81 216.03 21.13 0.00
0.00 6004.33
445.10 -15.96 -18.97 -29.78 326.83 216.78 25.95 -0.10
0.00 6628.23
410.80 -20.36 -21.71 -26.12 330.01 206.87 32.67 -0.20
0.00 7227.11
379.70 -24.36 -24.93 -26.98 332.18 207.27 35.18 -0.20
68.00 7805.42
351.90 -27.56 -28.28 -31.55 333.94 214.72 30.01 -0.20
72.00 8355.89
326.80 -30.96 -31.57 -35.01 335.70 216.18 25.99 -0.10
53.00 8884.39
304.20 -34.96 -35.37 -38.36 336.47 200.18 24.22 -0.10
47.00 9388.39
284.00 -38.16 -38.76 -45.16 337.69 189.32 26.38 -0.10
0.00 9864.34
265.80 -41.96 -42.46 -49.94 338.22 190.05 27.82 -0.10
0.00 10316.27
248.90 -45.76 -46.09 -52.42 338.84 189.40 28.55 -0.10
0.00 10757.21
233.60 -49.46 -49.63 -53.69 339.39 187.92 29.62 -0.10
0.00 11176.07
219.60 -51.96 -52.12 -56.82 341.45 186.83 27.78 0.00
0.00 11578.50
205.70 -52.96 -53.20 -62.77 346.14 188.39 23.95 0.00
0.00 12000.92
191.70 -53.76 -54.07 -73.19 351.76 198.00 32.07 0.10
0.00 12454.41
177.80 -56.36 -56.60 -73.70 355.15 200.17 30.42 0.10
0.00 12934.94
163.80 -58.96 -9999.00 -9999.00 -9999.00 203.45 17.58 0.10
0.00 13452.25
149.80 -62.16 -9999.00 -9999.00 -9999.00 192.31 10.94 0.10
0.00 14008.23
135.90 -64.96 -9999.00 -9999.00 -9999.00 191.69 11.50 0.10
0.00 14605.67
121.90 -65.86 -9999.00 -9999.00 -9999.00 192.53 14.34 0.10
0.00 15266.77
108.00 -65.46 -9999.00 -9999.00 -9999.00 178.53 15.15 0.00
0.00 16002.08
94.00 -65.66 -9999.00 -9999.00 -9999.00 162.03 15.11 0.00
0.00 16845.72
81.00 -66.76 -9999.00 -9999.00 -9999.00 171.74 12.16 -0.10
0.00 17747.34
70.60 -66.66 -9999.00 -9999.00 -9999.00 204.30 6.60 0.00
0.00 18577.73
62.20 -66.56 -9999.00 -9999.00 -9999.00 240.75 5.57 0.00
0.00 19343.58
54.30 -66.06 -9999.00 -9999.00 -9999.00 265.03 4.49 0.00
0.00 20165.96
46.90 -64.56 -9999.00 -9999.00 -9999.00 302.01 3.67 0.00
0.00 21057.28
40.10 -63.06 -9999.00 -9999.00 -9999.00 345.26 3.81 0.00
0.00 22017.12
33.80 -62.26 -9999.00 -9999.00 -9999.00 349.82 7.69 0.00
0.00 23070.19
27.80 -60.56 -9999.00 -9999.00 -9999.00 349.16 9.30 0.00
0.00 24281.42
22.30 -57.76 -9999.00 -9999.00 -9999.00 8.82 11.40 0.00
0.00 25662.27
17.10 -55.16 -9999.00 -9999.00 -9999.00 28.16 15.64 0.00
0.00 27346.34
12.30 -53.16 -9999.00 -9999.00 -9999.00 336.97 8.45 0.00
0.00 29458.35

STID = KWRI STNM = 724096 TIME = 221026/1400 
SLAT = 40.02 SLON = -74.60 SELV = 28.0
STIM = 2

SHOW = 4.95 LIFT = 3.67 SWET = 144.95 KINX = 19.13
LCLP = 1004.80 PWAT = 27.58 TOTL = 40.68 CAPE = 0.00
LCLT = 289.39 CINS = 0.00 EQLV = -9999.00 LFCT = -9999.00
BRCH = 0.00

PRES TMPC TMWC DWPC THTE DRCT SKNT OMEG
CFRL HGHT
1007.20 16.44 16.38 16.28 321.85 173.99 3.71 0.00
0.00 36.47
1004.10 16.24 16.20 16.11 321.66 175.24 4.68 0.00
12.00 62.77
998.50 16.04 16.00 15.91 321.73 175.91 5.46 0.00
100.00 110.46
989.00 15.94 15.86 15.75 322.50 180.00 6.41 0.00
100.00 191.93
974.80 16.04 15.97 15.87 324.71 200.85 13.09 0.10
100.00 315.19
956.70 15.34 15.27 15.16 324.81 202.87 13.50 0.10
100.00 474.76
935.00 16.94 14.71 13.36 325.93 202.25 13.85 0.10
3.00 670.31
911.30 15.44 13.34 12.00 324.81 185.53 12.10 0.10
0.00 889.08
885.70 13.84 12.39 11.43 325.40 181.85 12.04 0.10
0.00 1130.51
857.00 12.04 10.89 10.08 324.89 186.44 12.12 0.10
13.00 1407.93
825.30 11.34 5.45 -0.62 314.19 180.73 15.15 0.10
0.00 1723.47
790.80 11.24 0.27 -28.13 305.81 174.70 18.92 0.10
0.00 2079.53
753.30 10.04 1.17 -12.62 313.44 177.80 20.22 0.20
0.00 2483.39
712.70 6.64 1.40 -4.62 320.42 172.87 20.36 0.20
0.00 2940.68
669.10 3.34 -1.25 -7.10 321.02 168.97 23.35 0.20
0.00 3455.76
622.50 -0.46 -5.86 -15.79 318.33 169.80 27.43 0.20
0.00 4036.90
573.50 -5.06 -10.41 -25.01 317.37 175.36 28.85 0.20
0.00 4686.32
526.00 -8.36 -13.24 -28.76 320.63 189.46 24.81 0.10
0.00 5360.93
483.40 -11.96 -14.56 -20.69 326.88 203.51 27.76 0.10
0.00 6011.52
445.10 -16.56 -17.61 -20.15 329.50 203.30 28.98 0.00
0.00 6637.68
410.80 -20.86 -21.30 -22.54 330.78 203.65 32.44 0.00
100.00 7235.53
379.80 -24.76 -24.87 -25.25 332.27 204.61 33.12 0.00
100.00 7810.97
351.90 -27.66 -28.28 -31.03 333.95 200.92 32.65 0.00
27.00 8362.83
326.80 -31.46 -32.26 -37.44 334.53 198.23 33.55 0.10
3.00 8890.67
304.20 -35.36 -35.87 -39.96 335.64 190.18 32.96 0.00
83.00 9393.69
284.00 -38.96 -39.33 -43.10 336.77 181.79 31.10 0.00
43.00 9868.43
265.80 -42.26 -42.71 -49.38 337.82 179.66 32.44 0.10
0.00 10319.31
248.90 -45.96 -46.30 -53.16 338.50 179.08 36.32 0.10
0.00 10759.77
233.60 -49.26 -49.47 -54.49 339.65 176.72 37.35 0.20
0.00 11178.63
219.60 -51.56 -51.76 -57.90 342.02 174.45 34.15 0.20
0.00 11581.60
205.70 -52.56 -52.84 -64.93 346.72 179.28 30.89 0.20
0.00 12004.78
191.70 -53.66 -53.97 -73.19 351.92 188.84 35.39 0.20
0.00 12458.79
177.70 -56.06 -56.31 -73.70 355.69 190.98 32.65 0.20
0.00 12943.35
163.80 -58.56 -9999.00 -9999.00 -9999.00 185.09 19.70 0.10
0.00 13457.95
149.80 -61.76 -9999.00 -9999.00 -9999.00 174.87 15.21 0.10
0.00 14014.97
135.90 -64.56 -9999.00 -9999.00 -9999.00 178.67 16.71 0.00
0.00 14613.55
121.90 -65.76 -9999.00 -9999.00 -9999.00 181.22 18.26 0.00
0.00 15275.44
108.00 -65.96 -9999.00 -9999.00 -9999.00 172.29 18.82 0.00
0.00 16010.05
94.00 -66.66 -9999.00 -9999.00 -9999.00 161.19 18.67 0.00
0.00 16850.64
81.00 -67.36 -9999.00 -9999.00 -9999.00 178.03 16.92 0.00
0.00 17748.77
70.60 -66.66 -9999.00 -9999.00 -9999.00 199.06 11.31 0.00
0.00 18577.96
62.20 -65.96 -9999.00 -9999.00 -9999.00 216.53 6.53 0.00
0.00 19344.92
54.30 -65.56 -9999.00 -9999.00 -9999.00 260.54 2.37 0.00
0.00 20169.49
46.90 -64.66 -9999.00 -9999.00 -9999.00 355.91 5.46 -0.10
0.00 21061.66
40.10 -63.56 -9999.00 -9999.00 -9999.00 13.17 9.38 0.00
0.00 22020.13
33.80 -62.36 -9999.00 -9999.00 -9999.00 17.45 14.26 0.00
0.00 23071.70
27.80 -60.36 -9999.00 -9999.00 -9999.00 15.04 13.48 0.00
0.00 24283.21
22.30 -57.76 -9999.00 -9999.00 -9999.00 24.18 10.43 0.00
0.00 25664.70
17.10 -55.36 -9999.00 -9999.00 -9999.00 46.64 9.62 0.00
0.00 27348.00
12.30 -53.06 -9999.00 -9999.00 -9999.00 310.60 1.79 0.00
0.00 29459.52

STID = KWRI STNM = 724096 TIME = 221026/1500 
SLAT = 40.02 SLON = -74.60 SELV = 28.0
STIM = 3

SHOW = 6.62 LIFT = 4.19 SWET = 123.33 KINX = 16.69
LCLP = 1004.25 PWAT = 26.89 TOTL = 38.52 CAPE = 0.00
LCLT = 290.00 CINS = 0.00 EQLV = -9999.00 LFCT = -9999.00
BRCH = 0.00

PRES TMPC TMWC DWPC THTE DRCT SKNT OMEG
CFRL HGHT
1006.50 17.04 16.99 16.89 323.93 188.53 3.92 0.00
0.00 37.35
1003.50 16.84 16.75 16.63 323.53 188.75 5.11 0.00
0.00 62.88
997.90 16.64 16.53 16.40 323.52 190.95 6.14 0.00
100.00 110.70
988.40 16.24 16.18 16.08 323.61 194.38 7.83 0.00
100.00 192.36
974.30 15.84 15.75 15.64 324.06 204.15 12.35 0.00
100.00 314.84
956.10 15.04 14.98 14.88 323.96 204.66 13.03 0.00
100.00 475.23
934.50 16.54 14.34 12.98 324.81 207.61 14.26 0.10
7.00 669.74
910.80 15.64 12.41 10.23 322.00 193.06 13.75 0.10
0.00 888.46
885.20 14.24 11.02 8.72 321.32 185.63 13.85 0.00
0.00 1130.09
856.50 12.44 9.81 7.88 321.79 186.61 13.50 0.00
1.00 1407.81
825.00 11.54 4.51 -3.66 311.81 182.05 16.34 -0.10
0.00 1721.63
790.50 11.04 2.79 -8.46 312.16 182.58 21.58 0.10
0.00 2077.96
752.90 9.74 2.48 -6.49 316.85 178.58 23.50 0.20
0.00 2483.12
712.30 6.64 1.43 -4.53 320.55 170.85 23.21 0.30
0.00 2940.59
668.80 3.34 -1.82 -8.91 319.71 167.57 25.25 0.20
0.00 3454.68
622.30 -0.26 -6.37 -19.12 317.17 172.15 28.44 0.10
0.00 4034.86
573.30 -4.46 -10.16 -26.06 317.84 175.60 27.86 0.10
0.00 4685.36
525.90 -7.86 -11.76 -20.74 323.68 190.41 29.04 0.10
0.00 5360.24
483.20 -12.06 -14.63 -20.69 326.80 197.33 28.69 0.20
0.00 6013.20
445.00 -16.66 -17.94 -21.19 328.89 203.47 32.19 0.20
0.00 6637.65
410.70 -20.36 -21.58 -25.45 330.27 201.06 36.23 0.10
75.00 7236.02
379.70 -23.96 -24.74 -27.59 332.50 194.99 36.79 0.00
87.00 7813.00
351.80 -27.76 -28.58 -32.53 333.45 190.89 35.99 -0.10
29.00 8365.73
326.80 -31.56 -32.41 -38.09 334.28 189.31 37.20 -0.10
0.00 8891.30
304.20 -35.26 -35.92 -41.56 335.56 187.20 38.77 0.00
33.00 9394.32
284.00 -38.86 -39.41 -45.55 336.65 181.97 39.65 0.00
0.00 9869.24
265.80 -42.36 -42.85 -50.54 337.60 175.33 40.54 0.00
0.00 10320.10
248.90 -45.96 -46.32 -53.96 338.46 173.80 43.18 0.00
0.00 10760.46
233.60 -48.86 -49.16 -57.40 340.13 175.60 45.59 0.00
0.00 11179.69
219.60 -50.86 -51.17 -62.27 342.97 178.96 42.93 0.00
0.00 11583.64
205.70 -52.26 -52.60 -72.71 347.10 181.68 39.65 -0.10
0.00 12007.78
191.70 -53.76 -54.07 -73.19 351.76 182.79 39.86 -0.10
0.00 12461.99
177.80 -55.86 -56.12 -73.70 355.97 188.43 37.12 -0.10
0.00 12943.06
163.80 -58.66 -9999.00 -9999.00 -9999.00 184.00 27.84 -0.10
0.00 13461.34
149.80 -61.86 -9999.00 -9999.00 -9999.00 175.16 23.00 -0.10
0.00 14018.10
135.90 -65.06 -9999.00 -9999.00 -9999.00 176.49 22.18 -0.10
0.00 14615.82
121.90 -66.76 -9999.00 -9999.00 -9999.00 179.48 21.37 -0.10
0.00 15275.33
108.00 -66.76 -9999.00 -9999.00 -9999.00 173.77 21.50 0.00
0.00 16006.75
94.00 -66.76 -9999.00 -9999.00 -9999.00 168.69 19.81 0.00
0.00 16845.51
81.00 -66.66 -9999.00 -9999.00 -9999.00 193.42 17.58 0.00
0.00 17744.95
70.60 -65.66 -9999.00 -9999.00 -9999.00 223.73 12.37 0.00
0.00 18577.56
62.20 -65.46 -9999.00 -9999.00 -9999.00 244.98 6.43 0.00
0.00 19347.29
54.30 -65.66 -9999.00 -9999.00 -9999.00 286.39 3.44 0.00
0.00 20172.66
46.90 -65.06 -9999.00 -9999.00 -9999.00 339.78 3.92 0.00
0.00 21063.76
40.10 -63.76 -9999.00 -9999.00 -9999.00 40.10 4.82 0.00
0.00 22020.85
33.80 -62.46 -9999.00 -9999.00 -9999.00 54.12 11.27 0.00
0.00 23071.67
27.80 -60.46 -9999.00 -9999.00 -9999.00 43.78 12.92 0.00
0.00 24282.61
22.30 -58.16 -9999.00 -9999.00 -9999.00 40.50 12.26 0.00
0.00 25662.49
17.10 -55.26 -9999.00 -9999.00 -9999.00 41.42 8.80 0.00
0.00 27344.62
12.30 -52.56 -9999.00 -9999.00 -9999.00 241.56 5.30 0.00
0.00 29459.04

STID = KWRI STNM = 724096 TIME = 221026/1600 
SLAT = 40.02 SLON = -74.60 SELV = 28.0
STIM = 4

SHOW = 8.14 LIFT = 3.98 SWET = 96.23 KINX = 11.93
LCLP = 997.45 PWAT = 25.75 TOTL = 36.53 CAPE = 0.00
LCLT = 290.10 CINS = 0.00 EQLV = -9999.00 LFCT = -9999.00
BRCH = 0.00

PRES TMPC TMWC DWPC THTE DRCT SKNT OMEG
CFRL HGHT
1005.80 17.64 17.32 17.08 325.13 189.87 4.53 0.00
0.00 37.37
1002.70 17.24 17.09 16.94 324.76 190.12 5.52 0.00
0.00 63.82
997.20 16.84 16.75 16.64 324.36 190.62 6.33 0.00
78.00 110.89
987.60 16.34 16.29 16.20 324.08 195.38 8.06 0.00
100.00 193.52
973.50 15.84 15.74 15.62 324.12 200.56 9.97 0.00
100.00 316.12
955.40 15.04 14.97 14.87 324.03 206.57 12.59 0.00
100.00 475.75
933.80 15.64 14.42 13.65 325.16 209.45 13.83 0.00
20.00 670.13
910.20 15.44 11.85 9.33 320.40 191.47 13.68 0.00
1.00 887.66
884.60 14.54 9.74 5.90 317.68 181.49 14.96 0.00
0.00 1129.35
856.00 12.94 8.02 3.75 316.79 182.23 14.98 -0.10
0.00 1406.39
824.50 11.44 5.05 -1.86 313.26 184.40 17.74 -0.20
0.00 1720.48
789.90 10.44 6.17 2.40 321.11 185.91 22.65 -0.20
0.00 2078.05
752.30 9.64 3.72 -2.51 320.14 177.25 24.30 -0.10
0.00 2483.56
711.80 6.74 0.92 -6.18 319.36 172.38 24.88 0.00
0.00 2940.34
668.30 3.64 -2.82 -13.41 317.38 174.73 27.51 -0.10
0.00 3454.96
621.90 0.24 -6.71 -23.49 316.40 178.23 31.49 -0.10
0.00 4034.91
573.00 -3.86 -9.69 -25.15 318.84 177.89 31.68 0.10
0.00 4685.70
525.60 -7.76 -11.62 -20.34 324.02 190.15 31.97 0.20
0.00 5361.87
482.90 -12.56 -15.32 -22.47 325.49 194.76 33.55 0.20
0.00 6014.68
444.80 -16.16 -19.64 -35.03 325.60 203.42 39.59 0.00
0.00 6637.57
410.60 -19.76 -22.92 -42.14 327.69 199.30 40.54 0.00
25.00 7235.32
379.60 -24.06 -26.00 -36.39 330.26 192.50 40.38 0.00
37.00 7812.75
351.80 -28.26 -30.05 -44.87 330.88 190.71 39.74 0.00
0.00 8362.71
326.70 -31.76 -32.77 -40.31 333.70 183.67 42.42 0.00
0.00 8889.61
304.20 -35.26 -35.99 -42.45 335.44 180.98 45.45 -0.10
0.00 9390.25
283.90 -38.76 -39.43 -47.76 336.63 179.29 46.81 -0.20
0.00 9867.69
265.70 -42.46 -42.99 -51.87 337.40 177.71 48.60 -0.20
0.00 10318.71
248.80 -46.16 -46.51 -53.96 338.20 175.98 49.84 -0.20
0.00 10758.95
233.60 -49.36 -49.61 -56.32 339.41 176.66 50.00 -0.10
0.00 11174.88
219.60 -51.56 -51.81 -60.55 341.94 181.16 48.19 -0.10
0.00 11577.75
205.70 -53.06 -53.35 -67.88 345.89 188.30 45.75 -0.10
0.00 12000.45
191.70 -54.66 -54.94 -73.19 350.32 187.88 43.92 -0.10
0.00 12452.91
177.80 -56.36 -56.60 -73.70 355.15 184.26 41.88 -0.10
0.00 12932.44
163.80 -58.96 -9999.00 -9999.00 -9999.00 177.74 34.40 0.00
0.00 13449.76
149.80 -62.36 -9999.00 -9999.00 -9999.00 171.54 29.06 0.00
0.00 14005.47
135.90 -65.06 -9999.00 -9999.00 -9999.00 171.19 27.91 0.10
0.00 14602.48
121.90 -66.46 -9999.00 -9999.00 -9999.00 175.85 24.15 0.10
0.00 15262.47
108.00 -66.56 -9999.00 -9999.00 -9999.00 179.05 23.50 0.00
0.00 15994.77
94.00 -65.86 -9999.00 -9999.00 -9999.00 185.49 20.30 0.00
0.00 16835.76
81.00 -65.76 -9999.00 -9999.00 -9999.00 207.11 18.34 0.00
0.00 17739.13
70.60 -64.96 -9999.00 -9999.00 -9999.00 231.50 10.92 0.00
0.00 18574.95
62.20 -64.66 -9999.00 -9999.00 -9999.00 258.69 2.97 0.00
0.00 19347.47
54.30 -64.86 -9999.00 -9999.00 -9999.00 291.04 5.42 0.00
0.00 20176.02
46.90 -64.56 -9999.00 -9999.00 -9999.00 305.13 6.41 0.00
0.00 21069.90
40.10 -64.56 -9999.00 -9999.00 -9999.00 11.31 4.95 0.00
0.00 22026.31
33.80 -64.36 -9999.00 -9999.00 -9999.00 48.62 10.88 0.00
0.00 23070.37
27.80 -61.46 -9999.00 -9999.00 -9999.00 40.96 13.64 0.00
0.00 24273.02
22.30 -57.06 -9999.00 -9999.00 -9999.00 42.06 10.72 0.00
0.00 25653.22
17.10 -53.46 -9999.00 -9999.00 -9999.00 50.91 4.00 0.00
0.00 27346.62
12.30 -51.96 -9999.00 -9999.00 -9999.00 239.42 9.93 0.00
0.00 29472.62

STID = KWRI STNM = 724096 TIME = 221026/1700 
SLAT = 40.02 SLON = -74.60 SELV = 28.0
STIM = 5

SHOW = 8.19 LIFT = 3.66 SWET = 109.74 KINX = 12.01
LCLP = 987.91 PWAT = 26.32 TOTL = 36.41 CAPE = 0.00
LCLT = 290.21 CINS = 0.00 EQLV = -9999.00 LFCT = -9999.00
BRCH = 0.00

PRES TMPC TMWC DWPC THTE DRCT SKNT OMEG
CFRL HGHT
1004.50 18.44 17.74 17.32 326.76 167.74 4.56 0.00
0.00 37.41
1001.50 18.14 17.52 17.14 326.40 170.22 5.71 0.00
0.00 63.12
995.90 17.64 17.26 16.99 326.22 172.87 6.25 0.00
28.00 111.24
986.40 16.84 16.76 16.65 325.80 175.24 7.01 0.10
78.00 193.32
972.30 16.14 16.09 15.99 325.42 186.46 10.35 0.10
100.00 316.27
954.20 15.44 15.34 15.22 325.38 194.62 13.85 0.20
100.00 476.32
932.60 14.84 14.11 13.63 324.35 194.93 15.07 0.20
34.00 670.82
909.00 15.64 11.97 9.42 320.92 188.60 16.90 0.20
2.00 888.42
883.50 14.94 9.50 5.03 317.15 178.78 18.26 0.10
0.00 1129.70
855.00 13.04 7.44 2.29 315.35 181.77 18.84 0.00
0.00 1406.26
823.50 11.14 7.64 4.76 320.30 188.35 21.41 0.00
0.00 1720.80
788.90 10.44 7.17 4.54 324.04 188.81 25.35 0.10
0.00 2078.99
751.40 9.24 4.04 -1.15 321.16 185.46 26.53 0.00
0.00 2483.81
711.00 6.14 0.62 -6.19 318.78 182.09 26.63 0.00
0.00 2939.24
667.60 3.04 -3.62 -15.64 315.71 181.59 27.99 0.10
0.00 3452.08
621.20 0.24 -6.86 -24.77 316.17 180.73 30.69 0.20
0.00 4031.94
572.50 -3.96 -9.04 -20.26 320.36 185.39 31.02 0.20
0.00 4680.68
525.10 -8.06 -12.21 -22.52 322.91 187.99 34.91 0.00
0.00 5357.00
482.60 -12.26 -16.07 -28.63 324.02 199.18 42.58 -0.20
0.00 6007.11
444.60 -15.26 -19.70 -54.90 325.31 202.87 40.48 -0.10
0.00 6629.96
410.40 -19.66 -22.89 -42.99 327.79 199.01 36.99 0.00
0.00 7229.08
379.50 -24.46 -26.94 -47.41 328.59 197.37 39.69 0.10
0.00 7804.46
351.70 -28.66 -30.61 -51.93 329.94 191.36 43.40 0.00
0.00 8353.62
326.70 -32.36 -33.54 -44.26 332.41 185.07 48.37 0.00
0.00 8877.38
304.10 -35.66 -36.45 -44.16 334.72 182.29 53.46 -0.10
0.00 9379.25
283.90 -39.06 -39.93 -54.72 335.79 182.53 52.89 -0.10
0.00 9853.70
265.70 -42.56 -43.32 -66.03 336.84 180.44 50.89 -0.10
0.00 10304.30
248.80 -46.26 -46.75 -61.32 337.80 177.60 50.93 0.00
0.00 10744.33
233.60 -49.56 -49.90 -61.80 338.94 177.21 51.92 0.00
0.00 11159.96
219.60 -51.66 -51.96 -64.44 341.69 183.05 51.17 0.10
0.00 11562.56
205.70 -53.96 -54.19 -64.93 344.52 189.46 46.08 0.10
0.00 11984.30
191.70 -55.16 -55.39 -68.39 349.56 184.22 42.27 0.20
0.00 12435.31
177.70 -55.86 -56.12 -73.70 356.02 179.25 44.29 0.20
0.00 12918.43
163.80 -58.26 -9999.00 -9999.00 -9999.00 176.97 40.46 0.20
0.00 13433.63
149.80 -61.76 -9999.00 -9999.00 -9999.00 174.86 36.87 0.10
0.00 13991.05
135.90 -64.16 -9999.00 -9999.00 -9999.00 184.27 33.90 0.10
0.00 14590.19
121.90 -65.76 -9999.00 -9999.00 -9999.00 190.23 28.42 0.00
0.00 15252.73
108.00 -66.56 -9999.00 -9999.00 -9999.00 192.18 27.62 0.00
0.00 15986.27
94.00 -66.06 -9999.00 -9999.00 -9999.00 197.53 23.21 0.00
0.00 16826.86
81.00 -65.66 -9999.00 -9999.00 -9999.00 207.37 18.59 0.00
0.00 17730.00
70.60 -65.06 -9999.00 -9999.00 -9999.00 216.61 8.47 0.00
0.00 18565.83
62.20 -64.96 -9999.00 -9999.00 -9999.00 105.95 2.84 0.00
0.00 19337.60
54.30 -65.26 -9999.00 -9999.00 -9999.00 346.76 3.40 0.00
0.00 20164.76
46.90 -65.06 -9999.00 -9999.00 -9999.00 352.87 6.25 0.00
0.00 21056.72
40.10 -64.46 -9999.00 -9999.00 -9999.00 28.30 5.73 0.00
0.00 22012.21
33.80 -63.36 -9999.00 -9999.00 -9999.00 50.53 8.55 0.00
0.00 23059.02
27.80 -60.76 -9999.00 -9999.00 -9999.00 55.81 12.45 0.00
0.00 24266.53
22.30 -57.96 -9999.00 -9999.00 -9999.00 67.04 12.45 0.00
0.00 25646.09
17.10 -53.66 -9999.00 -9999.00 -9999.00 63.43 4.35 0.00
0.00 27335.21
12.30 -50.96 -9999.00 -9999.00 -9999.00 264.75 19.11 0.00
0.00 29465.06

STID = KWRI STNM = 724096 TIME = 221026/1800 
SLAT = 40.02 SLON = -74.60 SELV = 28.0
STIM = 6

SHOW = 6.20 LIFT = 2.39 SWET = 152.00 KINX = 13.64
LCLP = 973.30 PWAT = 28.10 TOTL = 39.22 CAPE = 1.08
LCLT = 290.27 CINS = 0.00 EQLV = 916.28 LFCT = 958.30
BRCH = 0.03

PRES TMPC TMWC DWPC THTE DRCT SKNT OMEG
CFRL HGHT
1003.20 19.64 18.32 17.60 328.96 160.20 5.17 0.00
0.00 36.60
1000.10 19.24 18.05 17.38 328.40 162.12 6.33 0.00
0.00 63.31
994.60 18.74 17.76 17.20 328.14 162.55 7.13 0.00
0.00 110.83
985.10 17.94 17.34 16.97 327.96 165.26 7.63 0.00
28.00 193.33
971.00 16.84 16.71 16.58 327.70 168.69 8.92 0.10
54.00 316.85
952.90 15.84 15.73 15.61 326.86 179.12 12.63 0.20
87.00 477.46
931.30 14.84 14.75 14.64 326.58 185.51 16.20 0.30
100.00 672.43
907.80 14.14 13.45 12.98 325.64 190.20 19.74 0.30
30.00 889.03
882.30 14.74 11.25 8.80 322.40 189.55 21.08 0.20
0.00 1130.22
853.80 13.04 8.75 5.28 319.11 182.60 21.39 0.00
0.00 1407.32
822.30 10.94 9.02 7.60 324.38 185.98 24.22 -0.10
0.00 1722.46
787.80 10.04 7.12 4.79 324.08 188.47 27.70 -0.10
0.00 2079.92
750.40 8.34 3.88 -0.49 320.96 187.78 27.25 0.00
0.00 2483.32
710.00 5.64 -0.00 -7.37 317.44 182.95 26.46 0.00
0.00 2938.23
666.70 3.14 -4.19 -19.31 314.50 181.56 28.57 0.10
0.00 3450.11
620.60 0.24 -6.34 -20.71 317.45 181.41 31.66 0.10
0.00 4026.99
571.90 -4.06 -9.42 -22.23 319.65 189.36 35.84 0.00
0.00 4676.29
524.70 -8.26 -13.07 -27.73 321.21 188.91 40.11 -0.20
0.00 5349.85
482.30 -12.06 -16.75 -38.71 322.66 198.76 43.49 -0.20
0.00 5998.70
444.30 -15.86 -19.66 -38.52 325.61 200.45 36.69 -0.10
0.00 6621.43
410.20 -20.06 -23.29 -45.51 327.13 194.79 35.76 0.00
0.00 7218.02
379.30 -24.46 -26.94 -47.42 328.63 191.37 39.43 0.00
0.00 7793.23
351.60 -28.66 -30.44 -46.35 330.28 188.06 45.71 0.10
0.00 8340.65
326.60 -32.16 -33.79 -59.19 331.96 183.98 50.43 0.10
0.00 8864.75
304.10 -35.46 -36.75 -59.76 334.16 185.06 52.86 0.10
0.00 9364.84
283.90 -38.96 -39.96 -62.51 335.73 186.04 53.52 0.00
0.00 9839.55
265.70 -42.46 -43.18 -60.81 337.07 186.76 52.82 0.00
0.00 10290.34
248.80 -45.66 -46.19 -61.32 338.70 186.70 51.63 -0.10
0.00 10731.05
233.60 -48.76 -49.17 -63.98 340.11 187.23 50.91 -0.10
0.00 11147.97
219.60 -51.46 -51.76 -64.44 342.00 188.33 48.29 -0.10
0.00 11551.47
205.70 -53.76 -54.02 -67.88 344.79 191.06 44.54 0.00
0.00 11973.59
191.70 -54.96 -55.22 -73.19 349.83 186.56 44.19 0.00
0.00 12425.02
177.80 -55.96 -56.21 -73.70 355.80 182.95 49.01 0.00
0.00 12904.66
163.80 -57.96 -9999.00 -9999.00 -9999.00 180.24 45.45 0.00
0.00 13423.66
149.80 -61.16 -9999.00 -9999.00 -9999.00 177.59 41.61 0.00
0.00 13982.25
135.90 -64.16 -9999.00 -9999.00 -9999.00 186.34 38.69 0.00
0.00 14582.25
121.90 -65.66 -9999.00 -9999.00 -9999.00 198.55 30.54 0.00
0.00 15244.94
108.00 -66.76 -9999.00 -9999.00 -9999.00 190.34 24.88 0.00
0.00 15978.31
94.00 -65.86 -9999.00 -9999.00 -9999.00 196.80 21.50 0.00
0.00 16818.90
81.00 -64.86 -9999.00 -9999.00 -9999.00 207.61 14.26 0.00
0.00 17724.22
70.60 -64.56 -9999.00 -9999.00 -9999.00 213.23 6.74 0.00
0.00 18562.66
62.20 -65.36 -9999.00 -9999.00 -9999.00 140.19 3.03 0.00
0.00 19334.62
54.30 -65.96 -9999.00 -9999.00 -9999.00 325.49 3.77 0.00
0.00 20159.59
46.90 -65.66 -9999.00 -9999.00 -9999.00 6.71 6.64 0.00
0.00 21048.76
40.10 -64.06 -9999.00 -9999.00 -9999.00 55.01 7.11 0.00
0.00 22003.79
33.80 -62.66 -9999.00 -9999.00 -9999.00 79.38 12.65 0.00
0.00 23053.36
27.80 -60.96 -9999.00 -9999.00 -9999.00 87.03 14.98 0.00
0.00 24262.30
22.30 -58.96 -9999.00 -9999.00 -9999.00 97.43 9.01 0.00
0.00 25637.99
17.10 -55.16 -9999.00 -9999.00 -9999.00 251.57 1.22 0.00
0.00 27317.39
12.30 -52.26 -9999.00 -9999.00 -9999.00 298.77 11.31 0.00
0.00 29433.74

STID = KWRI STNM = 724096 TIME = 221026/1900 
SLAT = 40.02 SLON = -74.60 SELV = 28.0
STIM = 7

SHOW = 2.33 LIFT = 1.88 SWET = 224.68 KINX = 14.01
LCLP = 973.94 PWAT = 29.29 TOTL = 43.52 CAPE = 2.32
LCLT = 290.53 CINS = 0.00 EQLV = 876.04 LFCT = 953.81
BRCH = 0.06

PRES TMPC TMWC DWPC THTE DRCT SKNT OMEG
CFRL HGHT
1003.10 19.84 18.55 17.85 329.79 169.38 6.33 0.00
0.00 37.47
1000.10 19.64 18.34 17.63 329.44 170.96 8.66 0.00
0.00 63.35
994.60 19.14 18.05 17.44 329.16 171.09 10.02 -0.10
0.00 110.94
985.00 18.34 17.63 17.20 328.97 170.87 11.01 -0.10
0.00 194.44
971.00 17.14 17.02 16.90 328.78 171.61 11.99 -0.20
4.00 317.25
952.90 16.24 16.13 16.00 328.18 174.45 14.04 -0.20
100.00 478.08
931.30 15.24 15.18 15.08 327.98 180.00 17.09 -0.20
100.00 673.36
907.70 14.24 14.16 14.06 327.96 188.75 20.44 -0.20
100.00 891.15
882.20 13.14 13.07 12.97 328.05 192.31 21.87 -0.20
100.00 1131.98
853.70 12.34 11.64 11.15 327.67 190.95 24.53 -0.20
14.00 1408.49
822.10 11.04 9.52 8.44 325.90 189.59 27.97 -0.10
3.00 1724.71
787.60 9.84 6.27 3.21 321.75 188.78 29.29 -0.10
0.00 2082.16
750.20 8.24 2.34 -4.55 317.02 188.47 27.70 -0.20
0.00 2485.21
709.90 5.54 -1.46 -12.85 313.98 188.30 28.26 -0.20
0.00 2938.60
666.70 3.34 -4.02 -18.94 314.86 180.74 30.11 -0.10
0.00 3449.26
620.50 0.04 -7.19 -26.82 315.57 187.29 33.68 0.00
0.00 4027.36
571.90 -4.16 -9.15 -20.19 320.25 189.79 38.83 0.10
0.00 4674.96
524.70 -8.36 -11.57 -18.30 324.36 193.31 44.72 0.20
0.00 5348.52
482.20 -11.66 -16.71 -45.25 322.64 199.45 44.91 0.10
0.00 5999.50
444.30 -16.06 -20.21 -49.92 324.53 201.65 40.54 0.10
0.00 6620.84
410.20 -20.36 -23.75 -57.38 326.26 192.86 36.65 0.00
0.00 7216.77
379.30 -24.56 -27.24 -60.28 328.06 189.51 38.79 0.00
0.00 7791.48
351.60 -28.56 -30.50 -51.03 330.14 189.27 47.05 0.00
0.00 8338.87
326.60 -32.16 -33.64 -50.85 332.25 190.58 50.78 0.00
0.00 8863.09
304.10 -35.76 -37.03 -61.99 333.69 188.73 52.47 0.00
0.00 9362.87
283.90 -39.16 -40.16 -65.54 335.39 188.28 52.60 -0.10
0.00 9837.07
265.70 -42.56 -43.27 -60.81 336.93 186.05 51.57 -0.10
0.00 10287.58
248.80 -45.76 -46.28 -61.32 338.55 186.02 50.00 0.00
0.00 10728.09
233.60 -48.66 -49.07 -63.98 340.26 187.90 48.04 0.00
0.00 11145.01
219.60 -51.26 -51.57 -64.44 342.31 188.73 47.36 0.00
0.00 11548.78
205.70 -53.46 -53.73 -67.88 345.26 190.20 47.16 0.00
0.00 11971.38
191.70 -55.46 -55.71 -73.19 349.03 188.75 46.00 0.00
0.00 12422.60
177.70 -56.56 -56.79 -73.70 354.88 183.59 49.63 0.10
0.00 12904.61
163.80 -58.16 -58.37 -74.24 360.55 184.10 48.87 0.10
0.00 13419.09
149.80 -61.16 -9999.00 -9999.00 -9999.00 180.00 43.90 0.00
0.00 13977.43
135.90 -64.66 -9999.00 -9999.00 -9999.00 186.19 41.41 0.00
0.00 14576.72
121.90 -65.66 -9999.00 -9999.00 -9999.00 201.37 33.59 0.00
0.00 15238.61
108.00 -65.86 -9999.00 -9999.00 -9999.00 199.52 22.67 0.00
0.00 15973.58
94.00 -65.76 -9999.00 -9999.00 -9999.00 206.78 22.84 0.00
0.00 16816.19
81.00 -64.96 -9999.00 -9999.00 -9999.00 210.26 13.50 0.00
0.00 17721.52
70.60 -65.76 -9999.00 -9999.00 -9999.00 171.47 7.85 0.00
0.00 18557.34
62.20 -66.46 -9999.00 -9999.00 -9999.00 128.09 9.13 0.00
0.00 19325.04
54.30 -66.06 -9999.00 -9999.00 -9999.00 38.16 3.46 0.00
0.00 20147.62
46.90 -64.66 -9999.00 -9999.00 -9999.00 13.63 6.60 0.00
0.00 21038.72
40.10 -63.36 -9999.00 -9999.00 -9999.00 19.98 4.55 -0.10
0.00 21997.65
33.80 -63.86 -9999.00 -9999.00 -9999.00 60.95 6.00 0.00
0.00 23045.96
27.80 -62.66 -9999.00 -9999.00 -9999.00 94.76 7.01 0.00
0.00 24246.61
22.30 -58.66 -9999.00 -9999.00 -9999.00 125.84 8.62 0.00
0.00 25617.78
17.10 -54.26 -9999.00 -9999.00 -9999.00 161.57 1.22 0.00
0.00 27301.85
12.30 -51.96 -9999.00 -9999.00 -9999.00 294.23 17.04 0.00
0.00 29423.98

STID = KWRI STNM = 724096 TIME = 221026/2000 
SLAT = 40.02 SLON = -74.60 SELV = 28.0
STIM = 8

SHOW = 5.38 LIFT = 2.41 SWET = 184.38 KINX = -3.98
LCLP = 988.47 PWAT = 24.95 TOTL = 39.81 CAPE = 3.65
LCLT = 290.94 CINS = 0.00 EQLV = 864.04 LFCT = 960.37
BRCH = 0.10

PRES TMPC TMWC DWPC THTE DRCT SKNT OMEG
CFRL HGHT
1003.40 19.04 18.41 18.03 329.24 183.37 6.62 0.00
0.00 37.45
1000.30 18.74 18.20 17.87 328.93 184.76 9.36 0.00
0.00 64.10
994.80 18.34 17.96 17.71 328.82 184.09 10.90 -0.10
0.00 111.55
985.20 17.54 17.45 17.33 328.30 184.54 12.28 -0.10
13.00 194.81
971.20 16.84 16.77 16.66 327.85 183.97 14.02 -0.10
100.00 317.37
953.10 16.04 15.98 15.88 327.65 184.46 15.00 -0.10
100.00 478.01
931.50 15.14 15.08 14.99 327.65 189.16 18.30 -0.10
100.00 673.13
907.90 14.24 13.84 13.55 326.88 191.42 20.61 -0.10
76.00 890.81
882.30 12.54 12.25 12.02 325.47 192.69 22.11 0.00
71.00 1132.22
853.70 12.04 10.08 8.67 322.96 198.59 23.15 0.00
5.00 1409.07
822.20 11.54 5.99 0.60 316.02 195.41 25.58 -0.10
0.00 1723.89
787.80 10.04 2.05 -9.38 310.84 189.96 25.84 -0.20
0.00 2079.90
750.60 8.44 -1.69 -30.63 307.08 191.47 27.35 -0.20
0.00 2480.07
710.40 6.54 -2.62 -24.56 310.99 190.37 32.38 -0.20
0.00 2932.41
667.10 3.54 -5.45 -38.84 311.38 188.18 34.15 -0.30
0.00 3444.65
620.90 -0.66 -5.60 -14.13 319.18 190.28 35.94 -0.20
0.00 4021.91
572.10 -4.76 -6.05 -7.77 327.07 190.04 41.22 -0.10
0.00 4671.03
524.80 -7.86 -13.21 -32.03 320.81 198.59 45.71 0.00
0.00 5345.95
482.40 -11.66 -16.56 -40.61 322.95 205.89 44.06 0.10
0.00 5995.59
444.40 -15.66 -19.84 -46.66 325.17 198.91 44.35 0.20
0.00 6618.87
410.30 -20.06 -23.46 -52.76 326.75 195.09 41.05 0.20
0.00 7215.50
379.40 -24.56 -27.18 -54.71 328.16 197.63 43.61 0.20
0.00 7790.42
351.60 -28.76 -30.76 -55.33 329.71 193.75 47.40 0.00
0.00 8339.49
326.60 -32.26 -33.81 -54.67 331.95 193.71 49.18 -0.10
0.00 8863.37
304.10 -35.86 -37.03 -55.26 333.72 191.74 50.58 -0.10
0.00 9362.94
283.90 -39.06 -40.05 -62.51 335.58 187.98 51.79 -0.10
0.00 9837.15
265.70 -42.26 -43.02 -63.01 337.32 183.76 50.43 -0.10
0.00 10288.04
248.80 -45.56 -46.12 -63.51 338.80 180.90 49.53 0.00
0.00 10729.03
233.60 -48.46 -48.88 -63.98 340.56 182.30 48.41 0.00
0.00 11146.32
219.60 -50.96 -51.29 -64.44 342.77 184.82 48.54 0.10
0.00 11550.54
205.70 -53.16 -53.44 -67.88 345.73 188.29 48.48 0.10
0.00 11973.72
191.70 -54.76 -55.03 -73.19 350.16 188.20 47.69 0.10
0.00 12425.97
177.70 -56.46 -56.70 -73.70 355.04 185.80 49.98 0.10
0.00 12908.87
163.80 -58.66 -58.85 -74.24 359.71 190.62 50.60 0.00
0.00 13422.87
149.80 -61.06 -9999.00 -9999.00 -9999.00 195.12 44.68 0.00
0.00 13980.68
135.90 -64.06 -9999.00 -9999.00 -9999.00 191.64 39.47 0.00
0.00 14580.97
121.90 -65.26 -9999.00 -9999.00 -9999.00 206.42 34.93 0.00
0.00 15244.45
108.00 -64.96 -9999.00 -9999.00 -9999.00 219.43 26.90 0.00
0.00 15981.72
94.00 -66.26 -9999.00 -9999.00 -9999.00 212.06 20.86 0.00
0.00 16825.15
81.00 -65.36 -9999.00 -9999.00 -9999.00 193.13 11.97 0.00
0.00 17728.51
70.60 -66.36 -9999.00 -9999.00 -9999.00 144.78 12.12 0.00
0.00 18562.33
62.20 -66.66 -9999.00 -9999.00 -9999.00 144.73 9.75 0.10
0.00 19328.54
54.30 -65.16 -9999.00 -9999.00 -9999.00 320.71 2.76 0.00
0.00 20152.52
46.90 -64.46 -9999.00 -9999.00 -9999.00 360.00 4.66 0.00
0.00 21045.97
40.10 -64.46 -9999.00 -9999.00 -9999.00 19.44 3.50 0.00
0.00 22002.84
33.80 -64.86 -9999.00 -9999.00 -9999.00 42.88 3.71 0.00
0.00 23045.90
27.80 -61.76 -9999.00 -9999.00 -9999.00 79.70 2.18 0.00
0.00 24246.26
22.30 -56.46 -9999.00 -9999.00 -9999.00 160.35 2.89 0.00
0.00 25627.43
17.10 -52.46 -9999.00 -9999.00 -9999.00 296.57 3.05 0.00
0.00 27327.05
12.30 -51.56 -9999.00 -9999.00 -9999.00 301.76 9.60 0.00
0.00 29459.79

STID = KWRI STNM = 724096 TIME = 221026/2100 
SLAT = 40.02 SLON = -74.60 SELV = 28.0
STIM = 9

SHOW = 9.52 LIFT = 4.07 SWET = 124.55 KINX = -23.46
LCLP = 988.88 PWAT = 23.32 TOTL = 34.03 CAPE = 2.70
LCLT = 290.23 CINS = 0.00 EQLV = 892.44 LFCT = 960.10
BRCH = 0.09

PRES TMPC TMWC DWPC THTE DRCT SKNT OMEG
CFRL HGHT
1002.80 18.24 17.66 17.30 326.71 203.96 7.65 0.00
0.00 37.42
999.70 17.94 17.48 17.17 326.47 204.36 11.31 0.00
0.00 64.01
994.20 17.44 17.19 17.00 326.24 203.96 13.38 0.00
0.00 111.33
984.70 16.74 16.67 16.56 325.71 204.26 15.13 0.00
90.00 193.50
970.60 16.04 15.97 15.87 325.27 204.23 17.04 0.00
100.00 316.62
952.50 15.24 15.16 15.05 325.02 204.34 17.91 0.10
100.00 476.86
931.00 14.24 14.17 14.06 324.73 204.49 19.21 0.10
100.00 670.55
907.40 13.04 12.97 12.86 324.18 204.40 20.69 0.30
100.00 887.47
882.00 12.44 11.06 10.09 321.92 201.80 21.97 0.50
21.00 1126.44
853.10 11.54 7.96 4.96 317.09 200.79 22.44 0.40
2.00 1405.78
822.00 11.24 1.86 -14.56 305.71 198.12 22.47 0.00
0.00 1715.83
787.80 10.24 -0.41 -30.39 304.77 191.75 24.81 0.10
0.00 2069.17
750.50 8.34 -1.02 -21.24 308.76 192.72 30.87 0.20
0.00 2470.34
710.20 6.14 -3.81 -52.86 308.14 189.51 35.26 0.10
0.00 2923.47
667.10 2.54 -1.89 -7.77 319.87 188.65 36.15 0.10
0.00 3432.49
620.60 -1.16 -1.38 -1.64 329.15 190.21 41.65 0.00
19.00 4013.17
571.90 -4.26 -9.13 -19.77 320.29 192.77 44.81 -0.30
0.00 4661.46
524.70 -7.56 -13.02 -32.03 321.20 203.38 40.64 -0.20
0.00 5335.66
482.30 -11.36 -16.30 -39.43 323.45 210.54 45.10 0.00
0.00 5986.18
444.30 -16.06 -20.10 -45.37 324.76 206.67 45.44 0.20
0.00 6609.48
410.20 -20.56 -23.78 -49.70 326.25 197.65 44.85 0.20
0.00 7205.21
379.30 -25.16 -27.62 -52.29 327.47 200.05 45.90 0.20
0.00 7779.02
351.60 -29.46 -31.32 -54.06 328.80 196.89 45.47 0.20
0.00 8324.74
326.60 -32.96 -34.43 -55.94 330.94 191.79 45.65 0.10
0.00 8847.11
304.10 -36.06 -37.21 -55.26 333.44 188.07 48.47 0.10
0.00 9345.74
283.90 -39.16 -40.09 -58.54 335.52 183.98 50.43 0.10
0.00 9819.65
265.70 -42.06 -42.83 -63.01 337.61 180.22 51.48 0.10
0.00 10270.64
248.80 -45.16 -45.75 -63.51 339.40 177.38 50.95 0.10
0.00 10712.21
233.60 -47.96 -48.41 -63.98 341.32 179.78 50.31 0.00
0.00 11130.33
219.60 -50.26 -50.64 -67.41 343.81 185.87 49.40 0.00
0.00 11535.64
205.70 -52.36 -52.68 -67.88 346.99 192.53 48.35 -0.10
0.00 11960.25
191.70 -54.66 -54.94 -73.19 350.32 195.34 47.75 -0.20
0.00 12413.43
177.70 -57.36 -57.57 -73.70 353.56 193.53 48.15 -0.20
0.00 12895.44
163.80 -60.16 -60.32 -74.24 357.19 192.43 50.52 -0.10
0.00 13406.58
149.80 -62.16 -9999.00 -9999.00 -9999.00 198.51 47.11 0.00
0.00 13960.99
135.90 -63.16 -9999.00 -9999.00 -9999.00 197.30 37.24 0.00
0.00 14560.99
121.90 -64.96 -9999.00 -9999.00 -9999.00 202.98 33.33 0.10
0.00 15226.39
108.00 -64.56 -9999.00 -9999.00 -9999.00 216.28 26.26 0.00
0.00 15964.90
94.00 -64.86 -9999.00 -9999.00 -9999.00 188.94 17.50 0.00
0.00 16811.99
81.00 -64.76 -9999.00 -9999.00 -9999.00 174.45 14.04 0.00
0.00 17719.71
70.60 -66.36 -9999.00 -9999.00 -9999.00 161.03 13.15 0.00
0.00 18554.73
62.20 -66.16 -9999.00 -9999.00 -9999.00 197.78 10.82 0.00
0.00 19321.86
54.30 -65.26 -9999.00 -9999.00 -9999.00 262.41 2.93 0.00
0.00 20146.64
46.90 -64.76 -9999.00 -9999.00 -9999.00 88.03 5.63 0.00
0.00 21039.24
40.10 -65.06 -9999.00 -9999.00 -9999.00 96.34 5.28 0.00
0.00 21994.04
33.80 -64.36 -9999.00 -9999.00 -9999.00 66.04 3.83 0.00
0.00 23036.85
27.80 -60.06 -9999.00 -9999.00 -9999.00 54.78 4.04 0.00
0.00 24243.50
22.30 -55.06 -9999.00 -9999.00 -9999.00 255.96 1.59 0.00
0.00 25634.68
17.10 -51.76 -9999.00 -9999.00 -9999.00 275.53 6.04 0.00
0.00 27342.45
12.30 -51.56 -9999.00 -9999.00 -9999.00 281.31 6.93 0.00
0.00 29478.57

STID = KWRI STNM = 724096 TIME = 221026/2200 
SLAT = 40.02 SLON = -74.60 SELV = 28.0
STIM = 10

SHOW = 12.73 LIFT = 5.85 SWET = 90.33 KINX = 18.13
LCLP = 990.04 PWAT = 31.80 TOTL = 28.29 CAPE = 3.79
LCLT = 289.50 CINS = 0.00 EQLV = 901.89 LFCT = 963.99
BRCH = 0.10

PRES TMPC TMWC DWPC THTE DRCT SKNT OMEG
CFRL HGHT
1004.30 17.54 16.96 16.58 324.12 214.70 6.14 0.00
0.00 37.38
1001.30 17.34 16.80 16.45 324.00 214.99 9.48 0.00
0.00 63.01
995.80 16.94 16.56 16.29 323.91 215.31 11.42 0.00
0.00 110.15
986.20 16.14 16.09 15.99 323.59 215.54 13.36 0.00
40.00 192.87
972.20 15.44 15.36 15.25 323.06 215.78 16.28 0.10
98.00 314.63
954.10 14.54 14.49 14.40 322.67 214.94 17.31 0.30
100.00 474.20
932.60 13.44 13.40 13.31 322.11 213.52 17.95 0.40
99.00 667.00
908.80 12.24 11.95 11.71 320.92 213.05 19.23 0.50
97.00 884.71
883.20 12.74 8.40 4.65 314.25 215.99 22.80 0.30
1.00 1124.74
855.00 12.64 5.18 -3.60 309.51 211.70 23.29 0.10
0.00 1397.03
823.80 11.44 6.45 1.83 317.02 201.64 25.29 0.40
0.00 1708.17
789.10 9.44 8.24 7.34 327.08 200.90 29.93 0.80
0.00 2066.87
751.40 6.74 5.97 5.34 326.48 199.86 32.01 0.60
0.00 2471.79
711.00 4.24 3.66 3.13 326.62 201.62 34.27 0.30
0.00 2924.49
667.40 2.64 2.60 2.53 331.15 197.39 37.04 0.10
100.00 3438.96
620.80 -2.06 -2.11 -2.21 327.33 188.13 41.20 -0.10
100.00 4020.43
572.10 -2.96 -9.81 -32.70 318.54 200.89 43.05 -0.10
0.00 4668.74
524.90 -7.16 -12.81 -32.67 321.54 206.92 41.61 0.00
0.00 5344.63
482.40 -10.86 -16.08 -42.42 323.78 207.91 44.41 0.20
0.00 5997.58
444.40 -16.26 -20.15 -42.71 324.68 209.93 45.94 0.30
0.00 6621.11
410.30 -21.26 -24.24 -46.71 325.47 206.24 46.56 0.30
0.00 7215.66
379.40 -25.56 -27.92 -51.29 326.96 204.78 47.28 0.20
0.00 7788.07
351.60 -29.56 -31.40 -54.06 328.67 200.95 46.17 0.00
0.00 8335.14
326.60 -33.16 -34.61 -55.94 330.66 194.45 45.14 0.00
0.00 8857.19
304.10 -36.36 -37.50 -56.52 332.98 191.26 46.74 -0.10
0.00 9355.29
283.90 -39.46 -40.36 -58.54 335.09 187.85 49.81 -0.10
0.00 9828.60
265.70 -42.46 -43.18 -60.81 337.07 182.78 52.12 -0.10
0.00 10278.91
248.80 -45.36 -45.93 -63.51 339.10 179.58 52.64 0.00
0.00 10719.91
233.60 -48.26 -48.72 -66.97 340.82 179.79 52.25 0.00
0.00 11137.56
219.60 -50.66 -51.02 -67.41 343.19 183.90 51.40 0.00
0.00 11542.24
205.70 -52.76 -53.06 -67.88 346.36 188.68 48.93 0.00
0.00 11966.08
191.70 -54.96 -55.20 -68.39 349.88 193.98 47.44 0.00
0.00 12418.54
177.70 -57.46 -57.67 -73.70 353.40 196.74 47.86 -0.10
0.00 12900.11
163.80 -60.26 -60.41 -74.24 357.03 197.17 47.38 -0.10
0.00 13411.01
149.80 -62.26 -9999.00 -9999.00 -9999.00 202.50 44.15 -0.10
0.00 13965.16
135.90 -63.06 -9999.00 -9999.00 -9999.00 205.45 35.70 0.00
0.00 14565.16
121.90 -64.16 -9999.00 -9999.00 -9999.00 205.81 33.02 0.00
0.00 15231.99
108.00 -64.56 -9999.00 -9999.00 -9999.00 216.63 27.35 0.00
0.00 15971.92
94.00 -64.96 -9999.00 -9999.00 -9999.00 187.43 18.03 -0.10
0.00 16818.80
81.00 -65.76 -9999.00 -9999.00 -9999.00 186.95 16.05 -0.10
0.00 17724.12
70.60 -66.96 -9999.00 -9999.00 -9999.00 190.30 13.03 0.00
0.00 18555.93
62.20 -66.66 -9999.00 -9999.00 -9999.00 214.19 12.45 0.00
0.00 19321.03
54.30 -65.86 -9999.00 -9999.00 -9999.00 185.19 2.14 0.00
0.00 20143.61
46.90 -66.16 -9999.00 -9999.00 -9999.00 117.10 9.38 0.00
0.00 21031.92
40.10 -65.46 -9999.00 -9999.00 -9999.00 115.35 4.08 0.00
0.00 21982.60
33.80 -62.46 -9999.00 -9999.00 -9999.00 34.38 4.47 0.00
0.00 23029.17
27.80 -58.46 -9999.00 -9999.00 -9999.00 64.98 3.22 0.00
0.00 24245.83
22.30 -56.26 -9999.00 -9999.00 -9999.00 270.00 0.97 0.00
0.00 25638.29
17.10 -53.86 -9999.00 -9999.00 -9999.00 322.77 6.10 0.00
0.00 27333.24
12.30 -51.96 -9999.00 -9999.00 -9999.00 284.40 14.84 0.00
0.00 29457.31

STID = KWRI STNM = 724096 TIME = 221026/2300 
SLAT = 40.02 SLON = -74.60 SELV = 28.0
STIM = 11

SHOW = 8.52 LIFT = 7.61 SWET = 150.29 KINX = 23.78
LCLP = 985.31 PWAT = 28.19 TOTL = 35.24 CAPE = 0.58
LCLT = 288.81 CINS = 0.00 EQLV = 931.66 LFCT = 964.73
BRCH = 0.01

PRES TMPC TMWC DWPC THTE DRCT SKNT OMEG
CFRL HGHT
1005.50 17.34 16.50 15.98 322.48 220.24 6.62 0.00
0.00 37.36
1002.50 17.14 16.31 15.78 322.22 221.38 10.88 0.00
0.00 62.93
997.00 16.74 16.03 15.57 322.03 221.99 13.07 0.00
0.00 109.97
987.40 15.94 15.50 15.18 321.54 222.55 16.08 0.00
0.00 192.51
973.40 14.94 14.72 14.52 320.87 222.85 18.28 0.00
48.00 313.93
955.30 13.64 13.57 13.47 319.69 223.10 20.75 0.00
79.00 472.85
933.60 12.94 11.99 11.30 317.79 226.40 22.53 -0.10
49.00 666.63
910.10 12.64 10.00 7.94 315.16 231.95 22.69 -0.10
47.00 881.07
884.60 12.34 7.45 2.88 311.61 232.62 21.76 -0.10
0.00 1119.60
856.00 11.54 7.63 4.25 315.82 220.83 20.80 0.00
0.00 1394.80
824.40 10.44 9.31 8.48 324.93 207.76 25.02 0.10
0.00 1709.03
789.70 9.14 7.27 5.80 324.22 203.75 26.53 0.20
0.00 2066.88
752.20 7.04 5.23 3.71 324.33 201.28 35.86 0.40
0.00 2469.09
711.50 4.34 3.82 3.35 326.98 188.73 42.25 0.60
91.00 2924.98
667.90 1.54 -0.82 -3.48 322.34 187.91 43.73 0.30
79.00 3437.78
621.50 0.34 -7.36 -31.37 314.95 201.11 44.77 0.00
53.00 4016.32
572.70 -3.26 -9.89 -31.12 318.33 202.50 41.63 0.10
0.00 4666.83
525.30 -6.86 -12.85 -36.56 321.29 209.20 45.40 0.10
0.00 5344.95
482.80 -11.26 -16.30 -41.02 323.33 208.65 47.80 0.10
0.00 5997.24
444.70 -16.26 -20.17 -43.18 324.58 211.04 48.97 0.00
0.00 6621.46
410.50 -21.26 -24.24 -46.71 325.43 212.80 48.76 -0.10
0.00 7217.41
379.50 -25.86 -28.16 -51.28 326.54 206.89 45.51 -0.20
0.00 7791.11
351.70 -29.86 -31.68 -55.33 328.19 200.31 43.08 -0.20
0.00 8337.36
326.70 -33.26 -34.71 -57.41 330.46 195.10 43.26 -0.10
0.00 8858.82
304.20 -36.66 -37.78 -57.99 332.48 190.65 46.25 -0.10
0.00 9356.34
283.90 -39.96 -40.82 -58.54 334.38 190.20 49.34 0.00
0.00 9831.11
265.70 -42.76 -43.45 -60.81 336.63 185.56 52.12 0.00
0.00 10280.64
248.80 -45.46 -46.05 -66.51 338.91 181.44 54.02 0.00
0.00 10721.25
233.60 -48.06 -48.53 -66.97 341.12 181.84 54.41 0.10
0.00 11139.00
219.60 -50.36 -50.74 -67.41 343.65 186.02 53.71 0.10
0.00 11544.12
205.70 -52.36 -52.68 -67.88 346.99 190.93 51.24 0.10
0.00 11968.64
191.70 -54.56 -54.84 -73.19 350.48 196.35 48.99 0.10
0.00 12421.92
177.70 -57.46 -57.67 -73.70 353.40 200.17 46.78 0.10
0.00 12903.93
163.80 -59.96 -60.12 -74.24 357.53 199.98 45.47 0.10
0.00 13415.19
149.80 -61.56 -9999.00 -9999.00 -9999.00 204.90 41.98 0.10
0.00 13970.65
135.90 -62.66 -9999.00 -9999.00 -9999.00 210.37 35.35 0.10
0.00 14572.22
121.90 -63.76 -9999.00 -9999.00 -9999.00 206.25 31.20 0.00
0.00 15240.32
108.00 -65.06 -9999.00 -9999.00 -9999.00 209.54 26.79 0.00
0.00 15980.07
94.00 -65.96 -9999.00 -9999.00 -9999.00 184.09 19.08 0.00
0.00 16823.90
81.00 -67.06 -9999.00 -9999.00 -9999.00 187.21 17.04 0.00
0.00 17724.22
70.60 -66.16 -9999.00 -9999.00 -9999.00 197.65 13.46 0.00
0.00 18555.01
62.20 -65.06 -9999.00 -9999.00 -9999.00 214.90 10.18 0.00
0.00 19324.56
54.30 -64.76 -9999.00 -9999.00 -9999.00 146.31 2.80 0.00
0.00 20152.52
46.90 -65.76 -9999.00 -9999.00 -9999.00 182.73 4.08 0.00
0.00 21044.04
40.10 -64.06 -9999.00 -9999.00 -9999.00 289.98 6.82 0.00
0.00 21998.85
33.80 -61.46 -9999.00 -9999.00 -9999.00 348.69 4.95 0.00
0.00 23051.42
27.80 -59.66 -9999.00 -9999.00 -9999.00 90.00 2.53 0.00
0.00 24267.51
22.30 -57.86 -9999.00 -9999.00 -9999.00 31.61 2.97 0.00
0.00 25650.93
17.10 -54.16 -9999.00 -9999.00 -9999.00 356.70 10.12 0.00
0.00 27338.50
12.30 -51.96 -9999.00 -9999.00 -9999.00 303.91 14.28 0.00
0.00 29461.12

STID = KWRI STNM = 724096 TIME = 221027/0000 
SLAT = 40.02 SLON = -74.60 SELV = 28.0
STIM = 12

SHOW = 8.09 LIFT = 8.44 SWET = 161.50 KINX = 12.32
LCLP = 985.21 PWAT = 24.10 TOTL = 35.83 CAPE = 0.00
LCLT = 287.68 CINS = 0.00 EQLV = -9999.00 LFCT = -9999.00
BRCH = 0.00

PRES TMPC TMWC DWPC THTE DRCT SKNT OMEG
CFRL HGHT
1005.90 16.24 15.40 14.85 318.93 220.82 5.65 0.00
0.00 39.01
1003.00 16.24 15.29 14.66 318.92 221.28 10.61 0.00
0.00 63.62
997.40 15.94 15.04 14.44 318.85 222.56 12.92 0.00
0.00 111.33
987.90 15.34 14.53 13.98 318.48 225.92 17.04 0.00
0.00 192.73
973.80 14.54 13.72 13.15 317.80 230.48 20.14 0.00
7.00 314.69
955.70 14.04 12.65 11.67 316.90 239.38 22.13 0.00
29.00 473.45
934.10 13.24 11.40 10.06 316.05 249.97 22.13 0.00
0.00 666.37
910.60 12.44 10.05 8.20 315.25 258.41 23.19 0.00
0.00 880.69
885.00 11.24 9.01 7.23 315.72 259.96 22.30 0.10
0.00 1119.63
856.40 10.04 7.80 5.95 316.26 248.84 19.37 0.30
0.00 1393.68
824.70 9.34 8.49 7.83 322.54 211.22 22.49 0.30
4.00 1707.36
790.00 8.64 5.40 2.48 319.12 202.68 28.21 0.30
0.00 2063.87
752.40 7.14 3.43 -0.26 319.53 196.52 34.85 0.20
0.00 2466.34
711.80 4.74 0.52 -4.43 318.52 193.16 40.09 0.00
41.00 2920.73
668.30 3.24 -4.61 -23.05 313.26 202.07 38.77 0.00
29.00 3433.03
621.90 1.34 -6.47 -27.44 316.74 203.02 40.73 0.10
3.00 4013.46
573.00 -2.86 -9.50 -29.36 319.07 209.89 37.41 0.20
0.00 4666.67
525.60 -7.26 -13.04 -35.37 320.90 214.79 44.95 0.30
0.00 5344.45
483.00 -11.56 -16.43 -39.42 323.07 211.28 48.64 0.30
0.00 5997.10
444.90 -16.56 -20.40 -43.68 324.12 212.60 47.96 0.30
0.00 6620.33
410.60 -21.36 -24.36 -48.09 325.20 213.16 46.87 0.30
0.00 7217.33
379.60 -25.86 -28.14 -50.37 326.55 208.61 46.25 0.20
0.00 7790.78
351.80 -29.66 -31.49 -54.05 328.48 201.89 44.79 0.10
0.00 8337.10
326.70 -33.26 -34.71 -57.41 330.46 196.53 44.37 -0.10
0.00 8860.79
304.20 -36.66 -37.81 -59.75 332.44 193.58 47.16 -0.10
0.00 9358.31
283.90 -40.16 -41.02 -60.29 334.05 192.05 50.25 -0.10
0.00 9832.87
265.70 -43.06 -43.73 -60.81 336.19 190.93 51.24 0.00
0.00 10281.92
248.80 -45.56 -46.14 -66.51 338.76 186.32 54.72 0.00
0.00 10722.14
233.60 -47.96 -48.43 -66.97 341.28 186.80 55.75 0.00
0.00 11139.89
219.60 -50.06 -50.45 -67.41 344.12 189.76 54.99 0.00
0.00 11545.38
205.70 -52.16 -52.51 -72.71 347.26 193.52 52.35 0.00
0.00 11970.37
191.70 -54.26 -54.55 -73.19 350.96 197.56 48.29 0.10
0.00 12424.17
177.70 -56.76 -56.99 -73.70 354.55 200.97 44.52 0.10
0.00 12907.29
163.80 -59.26 -59.44 -74.24 358.70 203.03 43.69 0.10
0.00 13420.22
149.80 -61.16 -9999.00 -9999.00 -9999.00 208.02 40.93 0.00
0.00 13977.11
135.90 -62.76 -9999.00 -9999.00 -9999.00 208.45 34.25 0.00
0.00 14579.11
121.90 -63.96 -9999.00 -9999.00 -9999.00 199.40 29.23 0.00
0.00 15246.73
108.00 -65.16 -9999.00 -9999.00 -9999.00 201.80 26.15 0.00
0.00 15985.95
94.00 -65.96 -9999.00 -9999.00 -9999.00 193.75 18.80 0.00
0.00 16829.58
81.00 -66.86 -9999.00 -9999.00 -9999.00 197.06 17.87 0.00
0.00 17730.33
70.60 -64.66 -9999.00 -9999.00 -9999.00 197.90 13.27 0.00
0.00 18564.55
62.20 -63.96 -9999.00 -9999.00 -9999.00 195.95 8.49 0.00
0.00 19338.92
54.30 -64.36 -9999.00 -9999.00 -9999.00 171.25 2.56 0.00
0.00 20169.85
46.90 -64.86 -9999.00 -9999.00 -9999.00 265.10 6.82 0.00
0.00 21064.17
40.10 -63.06 -9999.00 -9999.00 -9999.00 302.62 11.54 0.00
0.00 22023.33
33.80 -61.66 -9999.00 -9999.00 -9999.00 332.70 6.78 0.00
0.00 23077.90
27.80 -60.46 -9999.00 -9999.00 -9999.00 3.58 3.11 0.00
0.00 24291.13
22.30 -58.26 -9999.00 -9999.00 -9999.00 11.04 8.12 0.00
0.00 25670.69
17.10 -54.56 -9999.00 -9999.00 -9999.00 7.99 11.19 0.00
0.00 27355.14
12.30 -52.16 -9999.00 -9999.00 -9999.00 317.07 11.40 0.00
0.00 29474.87

STID = KWRI STNM = 724096 TIME = 221027/0100 
SLAT = 40.02 SLON = -74.60 SELV = 28.0
STIM = 13

SHOW = 7.41 LIFT = 8.23 SWET = 182.72 KINX = 10.59
LCLP = 985.33 PWAT = 23.91 TOTL = 36.21 CAPE = 0.00
LCLT = 287.26 CINS = 0.00 EQLV = -9999.00 LFCT = -9999.00
BRCH = 0.00

PRES TMPC TMWC DWPC THTE DRCT SKNT OMEG
CFRL HGHT
1005.00 15.74 14.96 14.42 317.66 220.82 5.65 0.00
0.00 38.15
1002.00 15.74 14.86 14.27 317.75 222.14 10.99 0.00
0.00 63.59
996.50 15.44 14.63 14.08 317.73 223.19 13.05 0.00
0.00 110.40
987.00 15.24 14.28 13.63 317.84 227.15 18.28 0.00
2.00 191.78
972.90 15.04 13.72 12.83 317.91 234.09 20.86 0.00
0.00 313.92
954.90 14.34 13.06 12.18 318.21 248.29 22.57 0.10
0.00 472.17
933.30 13.24 11.98 11.08 317.80 257.07 24.32 0.10
1.00 665.40
909.70 12.54 10.78 9.49 317.42 266.28 23.95 0.20
0.00 880.96
884.10 11.94 10.13 8.79 318.95 271.02 21.76 0.30
0.00 1120.59
855.50 9.44 8.92 8.49 319.42 257.29 20.32 0.50
0.00 1395.14
823.90 6.84 6.83 6.76 318.10 225.70 22.53 0.40
89.00 1706.51
789.30 7.84 4.55 1.39 317.02 209.98 29.16 0.30
0.00 2060.13
751.80 6.84 1.78 -4.20 315.50 202.26 31.27 0.30
0.00 2460.88
711.30 5.34 -0.69 -9.26 315.62 200.28 32.52 0.30
0.00 2914.39
667.90 3.94 -3.30 -16.59 316.28 201.53 37.59 0.20
0.00 3426.96
621.50 1.44 -6.24 -25.60 317.32 206.57 37.35 0.20
0.00 4008.74
572.60 -2.86 -9.58 -30.31 318.96 220.22 34.60 0.20
0.00 4662.52
525.30 -6.76 -12.82 -37.20 321.34 217.85 43.05 0.10
0.00 5339.91
482.80 -11.46 -16.47 -41.93 323.00 214.17 44.62 0.00
0.00 5992.06
444.70 -16.36 -20.33 -45.99 324.26 214.17 44.62 0.00
0.00 6615.91
410.50 -21.46 -24.42 -47.37 325.13 213.20 44.35 0.00
0.00 7211.49
379.50 -25.96 -28.22 -50.37 326.45 209.08 45.57 0.00
0.00 7784.85
351.70 -29.96 -31.72 -52.93 328.14 204.40 46.08 0.00
0.00 8330.88
326.70 -33.76 -35.13 -55.93 329.81 197.98 45.94 0.00
0.00 8851.70
304.20 -37.26 -38.34 -59.75 331.60 194.04 47.26 0.00
0.00 9348.07
283.90 -40.66 -41.48 -60.29 333.33 192.89 49.61 0.10
0.00 9821.52
265.70 -43.36 -44.01 -60.81 335.76 192.26 50.29 0.20
0.00 10269.79
248.80 -45.56 -46.12 -63.51 338.80 190.67 51.40 0.20
0.00 10709.73
233.60 -47.86 -48.34 -66.97 341.43 188.71 53.85 0.20
0.00 11127.57
219.60 -49.96 -50.36 -67.41 344.27 190.58 53.94 0.10
0.00 11533.24
205.70 -51.96 -52.32 -72.71 347.57 194.46 51.36 0.00
0.00 11958.52
191.70 -53.86 -54.16 -73.19 351.60 198.51 47.11 0.00
0.00 12412.93
177.70 -56.36 -56.60 -73.70 355.20 201.47 44.04 0.00
0.00 12896.94
163.80 -59.06 -59.24 -74.24 359.04 205.52 42.83 -0.10
0.00 13410.59
149.80 -61.26 -9999.00 -9999.00 -9999.00 210.96 39.65 0.00
0.00 13967.61
135.90 -63.16 -9999.00 -9999.00 -9999.00 208.37 33.12 0.00
0.00 14568.90
121.90 -64.26 -9999.00 -9999.00 -9999.00 198.19 29.23 0.00
0.00 15235.41
108.00 -65.46 -9999.00 -9999.00 -9999.00 199.21 27.16 0.00
0.00 15973.56
94.00 -65.96 -9999.00 -9999.00 -9999.00 196.48 19.85 0.00
0.00 16816.58
81.00 -66.16 -9999.00 -9999.00 -9999.00 198.05 18.18 0.00
0.00 17718.86
70.60 -63.96 -9999.00 -9999.00 -9999.00 200.06 13.03 0.00
0.00 18555.89
62.20 -64.56 -9999.00 -9999.00 -9999.00 204.23 8.53 0.00
0.00 19330.45
54.30 -65.16 -9999.00 -9999.00 -9999.00 230.19 4.55 0.00
0.00 20158.60
46.90 -64.86 -9999.00 -9999.00 -9999.00 259.51 5.34 0.00
0.00 21051.20
40.10 -62.56 -9999.00 -9999.00 -9999.00 331.11 6.43 0.00
0.00 22011.50
33.80 -62.66 -9999.00 -9999.00 -9999.00 347.13 6.97 0.00
0.00 23064.82
27.80 -61.96 -9999.00 -9999.00 -9999.00 351.38 6.49 0.00
0.00 24270.90
22.30 -58.16 -9999.00 -9999.00 -9999.00 20.56 9.97 0.00
0.00 25645.94
17.10 -54.46 -9999.00 -9999.00 -9999.00 7.97 9.81 0.00
0.00 27331.18
12.30 -52.66 -9999.00 -9999.00 -9999.00 329.53 7.65 0.00
0.00 29448.97

STID = KWRI STNM = 724096 TIME = 221027/0200 
SLAT = 40.02 SLON = -74.60 SELV = 28.0
STIM = 14

SHOW = 9.18 LIFT = 8.39 SWET = 152.82 KINX = 6.56
LCLP = 985.97 PWAT = 23.19 TOTL = 34.04 CAPE = 0.63
LCLT = 287.28 CINS = -38.65 EQLV = 818.21 LFCT = 833.54
BRCH = 0.04

PRES TMPC TMWC DWPC THTE DRCT SKNT OMEG
CFRL HGHT
1005.50 15.74 14.96 14.43 317.62 223.60 5.63 0.00
0.00 37.30
1002.50 15.74 14.90 14.33 317.80 225.00 10.99 -0.10
0.00 62.73
996.90 15.54 14.73 14.18 317.98 226.77 13.33 -0.10
0.00 110.38
987.40 15.24 14.41 13.84 318.17 231.43 18.38 -0.10
1.00 191.75
973.30 14.94 13.90 13.20 318.41 238.69 22.05 -0.10
2.00 313.83
955.20 14.34 13.10 12.25 318.29 250.44 24.94 -0.10
0.00 472.88
933.60 12.94 11.69 10.79 316.94 257.33 25.68 0.00
0.00 665.95
910.10 11.94 10.41 9.26 316.33 263.61 22.67 0.10
0.00 880.15
884.50 11.64 9.37 7.60 316.77 260.13 18.14 0.20
0.00 1119.24
855.80 9.34 7.78 6.50 316.30 247.96 17.60 0.20
0.00 1394.31
824.20 6.44 5.76 5.14 315.32 236.17 22.69 0.20
61.00 1705.11
789.70 6.84 4.43 2.15 316.70 220.65 25.35 0.10
0.00 2056.63
752.10 6.24 2.18 -2.29 316.48 203.47 27.31 0.10
0.00 2457.23
711.50 6.04 -0.54 -10.05 315.89 208.99 32.87 -0.10
0.00 2911.84
668.10 4.44 -3.41 -19.00 315.90 209.37 37.22 -0.20
0.00 3425.30
621.70 0.84 -6.47 -24.50 316.86 206.71 34.58 -0.10
0.00 4006.75
572.80 -2.86 -9.78 -33.18 318.47 220.60 34.03 0.20
0.00 4659.58
525.50 -6.66 -12.96 -42.66 320.95 219.45 39.74 0.20
0.00 5336.79
482.90 -11.46 -16.55 -44.61 322.80 216.28 41.69 0.10
0.00 5990.38
444.80 -16.46 -20.37 -44.77 324.19 212.59 42.19 0.00
0.00 6613.96
410.60 -21.46 -24.40 -46.71 325.15 211.54 43.08 -0.10
0.00 7209.30
379.60 -26.06 -28.31 -50.37 326.29 208.86 45.47 -0.10
0.00 7782.40
351.70 -30.16 -31.86 -51.93 327.91 205.49 46.48 -0.10
0.00 8329.99
326.70 -33.86 -35.19 -54.67 329.71 200.25 46.58 0.00
0.00 8850.48
304.20 -37.46 -38.52 -59.75 331.32 194.60 47.77 0.00
0.00 9346.55
283.90 -40.86 -41.68 -62.51 333.00 193.82 49.61 0.10
0.00 9819.59
265.70 -43.36 -44.03 -63.01 335.71 194.80 49.42 0.20
0.00 10267.66
248.80 -45.66 -46.21 -63.51 338.65 194.53 49.57 0.20
0.00 10707.50
233.60 -47.86 -48.34 -66.97 341.43 194.09 51.86 0.10
0.00 11125.25
219.60 -49.76 -50.17 -67.41 344.58 195.92 53.13 0.10
0.00 11531.10
205.70 -51.46 -51.84 -72.71 348.36 199.40 50.87 0.00
0.00 11957.05
191.70 -53.36 -53.68 -73.19 352.40 201.71 47.26 0.00
0.00 12412.50
177.70 -56.06 -56.31 -73.70 355.69 202.64 44.41 0.00
0.00 12897.39
163.80 -59.06 -59.24 -74.24 359.04 206.10 42.83 0.00
0.00 13411.40
149.80 -61.66 -9999.00 -9999.00 -9999.00 210.87 39.37 0.00
0.00 13967.90
135.90 -63.46 -9999.00 -9999.00 -9999.00 207.18 32.32 0.00
0.00 14568.19
121.90 -64.16 -9999.00 -9999.00 -9999.00 199.24 30.65 0.00
0.00 15234.38
108.00 -65.36 -9999.00 -9999.00 -9999.00 197.95 29.00 0.00
0.00 15972.88
94.00 -66.26 -9999.00 -9999.00 -9999.00 202.20 20.55 0.00
0.00 16815.50
81.00 -66.26 -9999.00 -9999.00 -9999.00 201.57 17.97 0.00
0.00 17716.90
70.60 -64.46 -9999.00 -9999.00 -9999.00 207.85 11.64 0.00
0.00 18552.73
62.20 -65.16 -9999.00 -9999.00 -9999.00 220.91 7.71 0.00
0.00 19325.24
54.30 -65.26 -9999.00 -9999.00 -9999.00 249.86 6.22 0.00
0.00 20152.00
46.90 -64.06 -9999.00 -9999.00 -9999.00 271.79 6.22 0.00
0.00 21046.10
40.10 -62.66 -9999.00 -9999.00 -9999.00 6.17 7.23 0.00
0.00 22008.01
33.80 -63.06 -9999.00 -9999.00 -9999.00 22.44 9.67 0.00
0.00 23060.08
27.80 -61.86 -9999.00 -9999.00 -9999.00 14.83 6.84 0.00
0.00 24265.30
22.30 -57.96 -9999.00 -9999.00 -9999.00 37.57 6.37 0.00
0.00 25641.31
17.10 -54.06 -9999.00 -9999.00 -9999.00 19.23 8.84 0.00
0.00 27328.88
12.30 -52.56 -9999.00 -9999.00 -9999.00 299.25 5.57 0.00
0.00 29449.08

STID = KWRI STNM = 724096 TIME = 221027/0300 
SLAT = 40.02 SLON = -74.60 SELV = 28.0
STIM = 15

SHOW = 8.91 LIFT = 8.78 SWET = 143.43 KINX = 3.07
LCLP = 992.91 PWAT = 22.37 TOTL = 34.54 CAPE = 0.00
LCLT = 287.13 CINS = 0.00 EQLV = -9999.00 LFCT = -9999.00
BRCH = 0.00

PRES TMPC TMWC DWPC THTE DRCT SKNT OMEG
CFRL HGHT
1007.00 15.14 14.60 14.20 316.34 216.87 4.86 0.00
0.00 37.27
1003.90 15.34 14.69 14.23 316.99 220.49 10.47 0.00
0.00 63.46
998.40 15.34 14.65 14.16 317.53 222.56 12.92 -0.10
0.00 110.13
988.80 15.24 14.42 13.86 318.04 231.81 18.53 -0.10
3.00 192.21
974.70 15.04 13.90 13.13 318.22 242.29 21.72 -0.10
3.00 314.14
956.60 14.14 12.75 11.78 317.08 255.28 23.70 -0.10
0.00 472.92
935.00 12.84 11.28 10.13 315.59 265.75 23.56 -0.10
0.00 665.56
911.30 11.54 9.75 8.35 314.37 272.43 22.94 -0.10
0.00 881.03
885.70 10.44 8.71 7.30 314.83 266.53 19.27 -0.20
0.00 1119.08
857.00 9.44 7.81 6.46 316.20 242.10 14.94 -0.10
0.00 1393.23
825.40 7.24 6.24 5.36 316.37 224.53 16.63 0.30
11.00 1704.09
790.70 5.94 4.16 2.46 315.89 216.98 20.67 0.50
1.00 2057.12
753.00 5.94 1.45 -3.86 314.60 223.90 28.57 0.20
0.00 2457.39
712.40 6.44 -1.24 -14.16 314.03 221.66 33.02 -0.20
0.00 2911.36
668.90 4.34 -3.68 -20.54 315.15 209.79 30.89 -0.10
0.00 3425.51
622.30 0.84 -6.57 -25.44 316.54 209.93 29.58 0.10
0.00 4008.70
573.30 -2.46 -9.60 -34.50 318.69 223.58 33.26 0.30
0.00 4662.71
525.90 -6.76 -13.01 -42.12 320.79 221.76 36.46 0.30
0.00 5341.17
483.20 -11.66 -16.65 -43.44 322.57 215.08 39.88 0.20
0.00 5995.48
445.00 -16.66 -20.48 -43.68 323.97 211.75 41.34 0.00
0.00 6619.88
410.70 -21.56 -24.45 -46.08 325.03 212.47 43.07 -0.10
0.00 7216.40
379.70 -26.06 -28.28 -49.54 326.30 208.69 44.50 -0.10
0.00 7789.25
351.80 -30.36 -32.01 -51.03 327.65 205.69 45.26 -0.10
0.00 8336.47
326.80 -34.16 -35.43 -53.55 329.31 201.67 45.77 0.00
0.00 8856.27
304.20 -37.56 -38.59 -57.99 331.22 196.14 47.51 0.00
0.00 9354.05
284.00 -40.86 -41.68 -62.51 332.97 194.92 49.05 0.00
0.00 9824.58
265.80 -43.16 -43.85 -63.01 335.97 196.48 48.62 0.00
0.00 10272.68
248.80 -45.36 -45.96 -66.51 339.05 196.26 48.56 0.00
0.00 10715.52
233.60 -47.76 -48.25 -66.97 341.58 197.00 49.16 0.00
0.00 11133.64
219.60 -49.86 -50.26 -67.41 344.43 200.21 49.48 0.10
0.00 11539.49
205.70 -51.66 -52.03 -72.71 348.05 203.02 49.18 0.10
0.00 11965.15
191.70 -53.36 -53.68 -73.19 352.40 203.20 47.34 0.10
0.00 12420.39
177.70 -55.56 -55.83 -73.70 356.51 201.71 44.11 0.00
0.00 12905.84
163.80 -58.46 -58.66 -74.24 360.04 206.21 41.78 0.00
0.00 13421.16
149.80 -61.06 -9999.00 -9999.00 -9999.00 213.28 37.88 0.00
0.00 13979.23
135.90 -63.36 -9999.00 -9999.00 -9999.00 206.89 30.92 0.00
0.00 14580.51
121.90 -64.66 -9999.00 -9999.00 -9999.00 198.21 31.08 0.00
0.00 15246.07
108.00 -65.26 -9999.00 -9999.00 -9999.00 200.51 30.50 0.00
0.00 15983.87
94.00 -66.86 -9999.00 -9999.00 -9999.00 202.74 22.11 0.00
0.00 16825.47
81.00 -66.36 -9999.00 -9999.00 -9999.00 203.66 18.88 0.00
0.00 17725.35
70.60 -64.86 -9999.00 -9999.00 -9999.00 203.96 11.48 0.00
0.00 18560.17
62.20 -65.36 -9999.00 -9999.00 -9999.00 221.88 7.56 0.00
0.00 19331.57
54.30 -65.56 -9999.00 -9999.00 -9999.00 270.00 5.63 0.00
0.00 20157.34
46.90 -64.36 -9999.00 -9999.00 -9999.00 321.58 7.19 0.00
0.00 21050.15
40.10 -63.76 -9999.00 -9999.00 -9999.00 33.69 11.21 0.00
0.00 22008.85
33.80 -62.86 -9999.00 -9999.00 -9999.00 48.73 12.67 0.00
0.00 23058.67
27.80 -60.36 -9999.00 -9999.00 -9999.00 48.27 9.63 0.00
0.00 24268.75
22.30 -58.66 -9999.00 -9999.00 -9999.00 59.93 8.53 0.00
0.00 25647.34
17.10 -55.16 -9999.00 -9999.00 -9999.00 40.46 8.68 0.00
0.00 27327.91
12.30 -52.36 -9999.00 -9999.00 -9999.00 292.11 6.70 0.00
0.00 29443.78

STID = KWRI STNM = 724096 TIME = 221027/0400 
SLAT = 40.02 SLON = -74.60 SELV = 28.0
STIM = 16

SHOW = 8.84 LIFT = 9.21 SWET = 144.83 KINX = 0.13
LCLP = 992.90 PWAT = 22.07 TOTL = 34.72 CAPE = 0.00
LCLT = 286.86 CINS = 0.00 EQLV = -9999.00 LFCT = -9999.00
BRCH = 0.00

PRES TMPC TMWC DWPC THTE DRCT SKNT OMEG
CFRL HGHT
1006.70 14.84 14.31 13.92 315.53 229.90 4.82 0.00
0.00 38.10
1003.70 15.14 14.48 14.01 316.39 232.93 10.96 -0.10
0.00 63.43
998.20 15.14 14.44 13.94 316.92 234.46 13.36 -0.10
0.00 110.08
988.60 15.24 14.16 13.42 317.26 246.80 19.23 -0.10
2.00 192.13
974.50 14.74 13.37 12.42 316.66 256.79 22.94 -0.10
0.00 314.00
956.50 13.64 12.17 11.12 315.44 263.76 25.02 0.00
0.00 471.66
934.80 12.14 10.78 9.75 314.24 268.63 24.28 0.10
0.00 664.78
911.20 11.14 9.39 7.98 313.40 271.09 20.40 0.10
0.00 878.94
885.60 10.24 8.22 6.54 313.57 266.10 17.13 0.20
0.00 1116.73
856.90 8.74 7.59 6.62 315.64 240.72 14.70 0.20
0.00 1390.45
825.20 6.64 6.39 6.14 316.79 219.54 15.87 0.10
12.00 1701.67
790.60 4.54 4.02 3.50 315.57 212.47 20.26 0.20
24.00 2052.58
752.90 5.84 1.00 -5.02 313.55 232.22 31.70 0.20
0.00 2451.84
712.30 7.54 -1.11 -16.77 314.17 224.26 31.74 0.20
0.00 2906.59
668.80 4.74 -3.49 -20.75 315.56 211.36 29.12 0.20
0.00 3422.14
622.30 1.34 -6.29 -25.58 317.08 225.00 27.47 0.30
0.00 4005.06
573.30 -2.46 -9.49 -32.68 318.93 227.82 30.67 0.40
0.00 4659.69
525.80 -7.16 -13.17 -39.37 320.55 224.54 34.07 0.40
0.00 5339.17
483.20 -11.86 -16.69 -40.59 322.55 215.34 39.30 0.30
0.00 5991.28
445.00 -16.96 -20.64 -42.24 323.70 214.80 41.86 0.20
0.00 6615.11
410.70 -21.76 -24.61 -46.08 324.78 215.39 43.61 0.10
0.00 7211.04
379.70 -26.26 -28.43 -48.78 326.08 210.71 44.50 0.00
0.00 7783.43
351.80 -30.66 -32.24 -50.20 327.29 206.79 44.83 0.00
0.00 8330.10
326.80 -34.46 -35.69 -53.55 328.90 203.07 45.61 0.00
0.00 8849.25
304.20 -37.76 -38.77 -57.99 330.94 199.09 48.10 0.00
0.00 9346.51
284.00 -40.86 -41.66 -60.29 333.01 198.93 49.69 -0.10
0.00 9816.83
265.80 -43.36 -44.03 -63.01 335.68 200.56 49.79 -0.10
0.00 10264.75
248.80 -45.56 -46.14 -66.51 338.76 199.08 49.32 -0.10
0.00 10707.20
233.60 -47.86 -48.34 -66.97 341.43 197.51 49.71 -0.10
0.00 11125.04
219.60 -50.06 -50.45 -67.41 344.12 200.87 49.07 -0.10
0.00 11530.62
205.70 -51.96 -52.32 -72.71 347.57 205.49 46.48 0.00
0.00 11955.80
191.70 -53.86 -54.16 -73.19 351.60 206.67 45.44 0.00
0.00 12410.22
177.70 -55.86 -56.12 -73.70 356.02 209.25 44.52 0.00
0.00 12894.78
163.80 -58.46 -58.66 -74.24 360.04 212.80 41.59 0.00
0.00 13409.74
149.80 -61.06 -9999.00 -9999.00 -9999.00 213.69 36.42 0.00
0.00 13967.81
135.90 -63.16 -9999.00 -9999.00 -9999.00 204.62 30.77 0.00
0.00 14569.38
121.90 -64.16 -9999.00 -9999.00 -9999.00 198.76 32.61 0.00
0.00 15236.05
108.00 -64.96 -9999.00 -9999.00 -9999.00 203.69 32.89 0.00
0.00 15975.27
94.00 -66.36 -9999.00 -9999.00 -9999.00 208.43 24.07 0.00
0.00 16818.49
81.00 -66.06 -9999.00 -9999.00 -9999.00 205.56 19.81 0.00
0.00 17720.11
70.60 -64.86 -9999.00 -9999.00 -9999.00 197.90 13.27 0.00
0.00 18555.54
62.20 -65.66 -9999.00 -9999.00 -9999.00 205.28 7.73 0.00
0.00 19326.38
54.30 -65.86 -9999.00 -9999.00 -9999.00 276.34 3.52 0.00
0.00 20150.96
46.90 -65.16 -9999.00 -9999.00 -9999.00 337.83 5.67 0.00
0.00 21041.41
40.10 -64.66 -9999.00 -9999.00 -9999.00 49.76 9.93 0.00
0.00 21996.22
33.80 -62.66 -9999.00 -9999.00 -9999.00 44.33 11.67 0.00
0.00 23044.28
27.80 -59.46 -9999.00 -9999.00 -9999.00 61.56 10.61 0.00
0.00 24257.51
22.30 -58.56 -9999.00 -9999.00 -9999.00 83.29 9.98 0.00
0.00 25639.33
17.10 -56.36 -9999.00 -9999.00 -9999.00 46.64 4.82 0.00
0.00 27315.62
12.30 -53.46 -9999.00 -9999.00 -9999.00 263.66 7.03 0.00
0.00 29420.40

STID = KWRI STNM = 724096 TIME = 221027/0500 
SLAT = 40.02 SLON = -74.60 SELV = 28.0
STIM = 17

SHOW = 8.71 LIFT = 10.18 SWET = 152.65 KINX = 1.56
LCLP = 985.20 PWAT = 21.74 TOTL = 34.89 CAPE = 0.00
LCLT = 286.64 CINS = 0.00 EQLV = -9999.00 LFCT = -9999.00
BRCH = 0.00

PRES TMPC TMWC DWPC THTE DRCT SKNT OMEG
CFRL HGHT
1006.40 15.24 14.40 13.82 315.84 245.38 5.13 0.00
0.00 38.12
1003.50 15.54 14.35 13.54 316.02 248.39 11.07 -0.10
0.00 62.64
997.90 15.34 14.06 13.19 315.85 250.51 13.38 -0.10
0.00 110.19
988.40 15.04 13.41 12.28 315.09 259.64 18.36 -0.10
0.00 191.38
974.30 14.04 12.52 11.43 314.25 265.15 20.67 0.00
0.00 313.03
956.20 12.94 11.37 10.19 313.23 272.49 22.36 0.00
0.00 471.17
934.60 12.14 10.09 8.47 312.38 275.92 20.71 0.10
0.00 663.15
911.00 11.34 8.95 6.97 312.26 265.35 16.76 0.10
0.00 877.35
885.40 10.14 8.26 6.70 313.70 246.60 14.18 0.10
0.00 1115.21
856.80 8.34 7.62 7.00 315.74 237.38 17.29 0.00
0.00 1387.80
825.10 6.44 6.39 6.29 316.78 231.52 19.35 -0.10
16.00 1698.75
790.40 4.24 4.18 4.07 315.99 210.14 20.88 -0.10
100.00 2050.46
752.70 5.94 0.70 -6.12 312.85 231.58 28.77 0.00
0.00 2449.67
712.20 7.34 -0.98 -15.37 314.53 226.55 30.50 0.20
0.00 2903.30
668.70 4.84 -3.32 -19.94 315.95 219.35 27.87 0.20
0.00 3418.88
622.20 1.54 -6.06 -24.49 317.60 226.77 26.65 0.20
0.00 4002.24
573.20 -2.56 -9.59 -33.17 318.76 228.33 28.34 0.20
0.00 4657.11
525.80 -7.26 -13.17 -37.87 320.58 224.25 31.45 0.30
0.00 5334.97
483.10 -11.96 -16.64 -38.02 322.70 219.54 37.53 0.20
0.00 5988.45
445.00 -17.06 -20.70 -41.80 323.62 218.74 41.59 0.10
0.00 6610.48
410.70 -21.76 -24.59 -45.50 324.81 218.82 43.38 0.00
0.00 7206.31
379.70 -26.36 -28.45 -46.79 326.06 212.91 43.26 0.00
0.00 7778.59
351.80 -30.86 -32.39 -49.45 327.06 208.49 43.98 0.10
0.00 8324.92
326.80 -34.66 -35.84 -52.56 328.66 204.50 45.90 0.10
0.00 8843.65
304.20 -37.86 -38.86 -57.99 330.80 202.06 48.62 0.10
0.00 9340.59
284.00 -41.06 -41.84 -60.29 332.72 202.43 49.38 0.00
0.00 9810.61
265.70 -43.56 -44.22 -63.01 335.42 203.53 49.15 0.00
0.00 10260.69
248.80 -45.66 -46.24 -66.51 338.61 201.93 49.42 -0.10
0.00 10700.33
233.60 -47.96 -48.43 -66.97 341.28 200.04 50.45 -0.10
0.00 11117.99
219.60 -50.26 -50.64 -67.41 343.81 203.11 50.49 -0.10
0.00 11523.29
205.70 -52.36 -52.70 -72.71 346.95 208.36 47.03 0.00
0.00 11947.90
191.70 -54.26 -54.55 -73.19 350.96 211.90 43.01 0.10
0.00 12401.49
177.70 -56.66 -56.89 -73.70 354.71 214.93 42.40 0.10
0.00 12884.72
163.80 -59.16 -9999.00 -9999.00 -9999.00 219.23 42.39 0.10
0.00 13397.89
149.80 -60.86 -9999.00 -9999.00 -9999.00 217.36 36.17 0.00
0.00 13955.31
135.90 -62.56 -9999.00 -9999.00 -9999.00 204.11 30.44 0.00
0.00 14558.02
121.90 -64.06 -9999.00 -9999.00 -9999.00 203.38 32.81 0.00
0.00 15225.80
108.00 -64.86 -9999.00 -9999.00 -9999.00 208.35 33.55 0.00
0.00 15965.37
94.00 -66.26 -9999.00 -9999.00 -9999.00 206.97 24.42 0.00
0.00 16809.00
81.00 -66.16 -9999.00 -9999.00 -9999.00 201.91 19.27 0.00
0.00 17710.62
70.60 -65.36 -9999.00 -9999.00 -9999.00 189.46 14.18 0.00
0.00 18544.84
62.20 -65.96 -9999.00 -9999.00 -9999.00 189.04 8.66 0.00
0.00 19314.20
54.30 -65.86 -9999.00 -9999.00 -9999.00 225.00 1.65 0.00
0.00 20138.18
46.90 -64.96 -9999.00 -9999.00 -9999.00 16.70 2.02 0.00
0.00 21029.06
40.10 -63.66 -9999.00 -9999.00 -9999.00 64.29 5.83 0.00
0.00 21986.62
33.80 -61.16 -9999.00 -9999.00 -9999.00 38.85 8.97 0.00
0.00 23040.94
27.80 -59.06 -9999.00 -9999.00 -9999.00 64.72 7.73 0.00
0.00 24259.60
22.30 -58.26 -9999.00 -9999.00 -9999.00 87.51 4.47 0.00
0.00 25643.67
17.10 -56.16 -9999.00 -9999.00 -9999.00 30.96 1.13 0.00
0.00 27321.92
12.30 -53.66 -9999.00 -9999.00 -9999.00 251.57 7.36 0.00
0.00 29426.69

STID = KWRI STNM = 724096 TIME = 221027/0600 
SLAT = 40.02 SLON = -74.60 SELV = 28.0
STIM = 18

SHOW = 9.27 LIFT = 10.91 SWET = 184.91 KINX = 1.96
LCLP = 976.11 PWAT = 20.23 TOTL = 34.37 CAPE = 0.00
LCLT = 285.74 CINS = 0.00 EQLV = -9999.00 LFCT = -9999.00
BRCH = 0.00

PRES TMPC TMWC DWPC THTE DRCT SKNT OMEG
CFRL HGHT
1006.90 15.14 13.92 13.07 314.35 250.20 5.17 0.00
0.00 38.11
1003.80 15.24 13.70 12.63 314.08 252.90 10.57 0.00
0.00 64.28
998.40 15.04 13.39 12.24 313.84 255.75 12.63 0.00
0.00 110.05
988.80 14.44 12.75 11.53 313.15 263.96 16.61 0.00
0.00 191.90
974.70 13.64 11.91 10.62 312.48 272.89 19.25 0.10
0.00 313.26
956.60 12.94 10.72 8.99 311.41 285.66 21.58 0.10
0.00 471.18
935.10 12.24 9.61 7.46 311.04 289.98 20.45 0.10
0.00 662.14
911.40 11.14 8.60 6.44 311.29 275.86 15.23 0.10
0.00 877.06
885.80 9.94 7.81 5.99 312.48 243.43 12.59 0.10
0.00 1114.60
857.20 8.54 7.27 6.19 314.78 219.74 20.96 0.20
0.00 1387.01
825.50 5.54 5.31 5.06 314.00 210.60 20.98 0.30
41.00 1697.33
790.70 3.44 2.25 0.97 311.34 225.32 24.32 0.20
83.00 2048.62
753.10 6.74 0.64 -7.70 312.59 235.20 27.91 0.10
0.00 2446.39
712.50 7.24 -0.84 -14.30 314.85 226.09 28.85 0.10
0.00 2901.47
669.00 4.74 -3.23 -18.90 316.15 223.87 27.76 0.00
0.00 3416.68
622.40 1.54 -6.17 -25.58 317.30 227.64 26.81 0.00
0.00 4000.96
573.40 -2.76 -9.80 -34.78 318.28 228.54 26.69 0.00
0.00 4655.34
525.90 -7.66 -13.40 -37.19 320.15 225.27 29.53 0.00
0.00 5333.68
483.20 -12.06 -16.65 -37.08 322.67 223.04 36.15 -0.10
0.00 5986.43
445.10 -16.76 -20.47 -41.80 323.97 222.51 41.10 -0.10
0.00 6608.57
410.80 -21.66 -24.51 -45.49 324.92 221.99 41.82 0.00
0.00 7204.72
379.70 -26.56 -28.69 -49.54 325.64 221.50 40.46 0.10
0.00 7778.66
351.90 -30.76 -32.35 -51.03 327.09 216.87 41.76 0.10
0.00 8322.84
326.80 -34.66 -35.84 -52.56 328.66 208.86 45.47 0.10
0.00 8843.67
304.20 -38.16 -39.10 -56.52 330.42 207.29 48.31 0.10
0.00 9340.30
284.00 -41.16 -41.93 -60.29 332.58 208.39 49.03 0.10
0.00 9809.92
265.80 -43.56 -44.22 -63.01 335.38 207.91 48.14 0.10
0.00 10257.35
248.80 -45.76 -46.33 -66.51 338.46 204.79 47.71 0.00
0.00 10699.42
233.60 -47.96 -48.43 -66.97 341.28 202.60 49.03 0.00
0.00 11116.98
219.60 -50.26 -50.67 -72.27 343.76 203.92 48.87 0.00
0.00 11522.29
205.60 -52.46 -52.80 -72.72 346.84 209.27 46.10 0.00
0.00 11949.96
191.70 -54.46 -54.74 -73.19 350.64 215.42 42.91 0.00
0.00 12400.11
177.70 -56.96 -57.18 -73.70 354.22 220.90 40.35 0.00
0.00 12882.78
163.80 -59.66 -9999.00 -9999.00 -9999.00 222.97 38.75 0.00
0.00 13395.00
149.80 -61.46 -9999.00 -9999.00 -9999.00 219.09 36.03 0.00
0.00 13950.98
135.90 -62.36 -9999.00 -9999.00 -9999.00 207.69 30.92 0.00
0.00 14553.12
121.90 -64.56 -9999.00 -9999.00 -9999.00 201.93 31.20 -0.10
0.00 15220.42
108.00 -65.46 -9999.00 -9999.00 -9999.00 208.09 32.60 0.00
0.00 15958.05
94.00 -66.56 -9999.00 -9999.00 -9999.00 203.48 25.84 0.00
0.00 16799.85
81.00 -66.36 -9999.00 -9999.00 -9999.00 198.27 21.08 0.00
0.00 17700.38
70.60 -65.66 -9999.00 -9999.00 -9999.00 184.09 16.36 0.00
0.00 18533.59
62.20 -65.46 -9999.00 -9999.00 -9999.00 193.57 11.60 0.00
0.00 19303.33
54.30 -65.36 -9999.00 -9999.00 -9999.00 195.95 4.23 0.00
0.00 20129.29
46.90 -64.16 -9999.00 -9999.00 -9999.00 161.57 1.85 0.00
0.00 21022.96
40.10 -63.06 -9999.00 -9999.00 -9999.00 69.44 1.65 0.00
0.00 21983.72
33.80 -62.16 -9999.00 -9999.00 -9999.00 43.15 8.53 0.00
0.00 23037.04
27.80 -61.26 -9999.00 -9999.00 -9999.00 61.50 7.73 0.00
0.00 24246.55
22.30 -58.66 -9999.00 -9999.00 -9999.00 24.44 2.35 0.00
0.00 25622.24
17.10 -54.86 -9999.00 -9999.00 -9999.00 22.25 4.62 0.00
0.00 27303.98
12.30 -53.06 -9999.00 -9999.00 -9999.00 236.31 4.20 0.00
0.00 29417.92

STID = KWRI STNM = 724096 TIME = 221027/0700 
SLAT = 40.02 SLON = -74.60 SELV = 28.0
STIM = 19

SHOW = 10.55 LIFT = 11.39 SWET = 167.81 KINX = 1.36
LCLP = 977.28 PWAT = 19.58 TOTL = 32.73 CAPE = 0.00
LCLT = 285.13 CINS = 0.00 EQLV = -9999.00 LFCT = -9999.00
BRCH = 0.00

PRES TMPC TMWC DWPC THTE DRCT SKNT OMEG
CFRL HGHT
1008.30 14.54 13.33 12.46 312.50 251.57 5.54 0.00
0.00 38.07
1005.30 14.64 13.12 12.02 312.24 254.74 11.07 -0.10
0.00 63.30
999.80 14.44 12.81 11.63 312.03 257.20 13.15 -0.10
0.00 109.75
990.20 14.04 12.21 10.86 311.50 266.23 17.72 -0.10
0.00 191.33
976.10 13.24 11.35 9.90 310.80 274.81 20.86 -0.10
0.00 312.31
958.00 12.44 10.36 8.69 310.27 289.31 24.09 0.00
0.00 469.72
936.40 11.94 9.55 7.58 310.72 296.34 21.89 0.00
0.00 661.03
912.70 11.44 8.52 6.02 310.94 289.65 14.43 0.00
0.00 875.64
887.10 9.84 7.50 5.45 311.52 251.57 12.90 0.00
0.00 1112.89
858.30 7.54 6.24 5.05 312.01 224.63 21.29 0.00
0.00 1386.22
826.60 4.94 4.88 4.77 312.79 208.97 24.86 0.00
100.00 1695.19
791.80 4.54 2.12 -0.56 310.88 226.66 23.78 0.00
33.00 2046.25
754.10 7.14 0.88 -7.59 312.98 239.18 26.92 0.00
0.00 2445.54
713.40 6.84 -0.77 -12.91 314.95 231.53 27.80 0.10
0.00 2901.18
669.70 4.44 -3.44 -19.25 315.58 224.42 27.19 0.10
0.00 3417.54
623.10 1.34 -6.44 -27.26 316.59 225.30 26.52 0.10
0.00 4000.63
573.90 -2.96 -10.04 -37.37 317.68 225.59 26.65 0.10
0.00 4656.51
526.30 -7.96 -13.48 -35.08 319.97 222.42 30.52 0.00
0.00 5335.09
483.60 -12.06 -16.70 -38.01 322.48 222.21 36.71 -0.10
0.00 5986.95
445.30 -16.46 -20.29 -42.69 324.24 220.25 38.17 0.00
0.00 6612.31
411.00 -21.46 -24.35 -45.49 325.13 222.44 36.85 0.10
0.00 7208.77
379.90 -26.56 -28.48 -43.71 325.98 221.59 39.22 0.10
0.00 7782.66
352.00 -30.86 -32.30 -46.89 327.16 214.70 43.01 0.10
0.00 8328.49
326.90 -34.86 -36.00 -51.66 328.40 211.48 44.64 0.10
0.00 8848.86
304.30 -38.46 -39.35 -55.25 330.00 211.09 46.27 0.10
0.00 9344.80
284.00 -41.56 -42.25 -57.07 332.09 211.21 47.24 0.10
0.00 9815.97
265.80 -43.56 -44.22 -63.01 335.38 210.17 45.61 0.10
0.00 10263.02
248.90 -45.66 -46.24 -66.51 338.57 205.68 44.83 0.00
0.00 10702.49
233.60 -47.96 -48.43 -66.97 341.28 203.55 46.19 0.00
0.00 11122.81
219.60 -50.26 -50.64 -67.41 343.81 205.91 45.78 0.00
0.00 11528.11
205.70 -52.46 -52.80 -72.71 346.79 210.13 43.34 0.00
0.00 11952.63
191.70 -54.66 -54.94 -73.19 350.32 215.13 40.85 0.00
0.00 12405.70
177.70 -57.06 -57.28 -73.70 354.06 219.62 38.07 0.00
0.00 12888.04
163.80 -59.76 -9999.00 -9999.00 -9999.00 222.76 35.20 0.00
0.00 13400.02
149.80 -61.86 -9999.00 -9999.00 -9999.00 220.85 34.15 0.00
0.00 13955.35
135.90 -62.86 -9999.00 -9999.00 -9999.00 211.49 32.34 0.00
0.00 14556.20
121.90 -64.96 -9999.00 -9999.00 -9999.00 199.65 31.76 0.00
0.00 15222.08
108.00 -66.16 -9999.00 -9999.00 -9999.00 204.23 34.09 0.00
0.00 15957.75
94.00 -66.46 -9999.00 -9999.00 -9999.00 203.88 27.84 0.00
0.00 16798.33
81.00 -66.16 -9999.00 -9999.00 -9999.00 193.37 24.36 0.00
0.00 17699.52
70.60 -65.16 -9999.00 -9999.00 -9999.00 183.54 18.88 0.00
0.00 18534.14
62.20 -64.86 -9999.00 -9999.00 -9999.00 209.22 13.13 0.00
0.00 19305.91
54.30 -65.66 -9999.00 -9999.00 -9999.00 210.26 5.40 0.00
0.00 20132.47
46.90 -64.56 -9999.00 -9999.00 -9999.00 201.25 3.75 0.00
0.00 21024.64
40.10 -63.86 -9999.00 -9999.00 -9999.00 258.69 0.99 0.00
0.00 21982.66
33.80 -63.76 -9999.00 -9999.00 -9999.00 54.09 6.95 0.00
0.00 23029.97
27.80 -62.26 -9999.00 -9999.00 -9999.00 61.11 6.43 0.00
0.00 24232.05
22.30 -58.06 -9999.00 -9999.00 -9999.00 41.99 2.62 0.00
0.00 25606.44
17.10 -53.26 -9999.00 -9999.00 -9999.00 62.53 5.48 0.00
0.00 27296.73
12.30 -52.26 -9999.00 -9999.00 -9999.00 240.07 7.40 0.00
0.00 29422.24

STID = KWRI STNM = 724096 TIME = 221027/0800 
SLAT = 40.02 SLON = -74.60 SELV = 28.0
STIM = 20

SHOW = 11.74 LIFT = 11.61 SWET = 115.02 KINX = 0.11
LCLP = 974.01 PWAT = 18.85 TOTL = 31.28 CAPE = 0.00
LCLT = 284.42 CINS = 0.00 EQLV = -9999.00 LFCT = -9999.00
BRCH = 0.00

PRES TMPC TMWC DWPC THTE DRCT SKNT OMEG
CFRL HGHT
1008.90 14.14 12.79 11.80 310.93 264.64 6.24 0.00
0.00 37.21
1005.90 14.24 12.62 11.42 310.79 267.14 11.67 -0.10
0.00 62.39
1000.30 13.94 12.30 11.07 310.55 268.43 14.18 -0.10
0.00 109.57
990.80 13.44 11.71 10.39 310.06 275.41 18.53 -0.10
0.00 190.08
976.70 12.74 10.96 9.57 309.70 281.41 21.60 -0.10
0.00 310.75
958.60 11.84 10.18 8.84 309.75 295.54 24.32 -0.10
0.00 467.75
936.90 11.24 9.35 7.78 310.15 300.44 21.85 -0.10
0.00 659.40
913.20 10.94 8.45 6.32 310.70 284.62 13.85 0.00
0.00 873.46
887.50 9.24 7.11 5.19 310.48 245.41 12.61 0.10
0.00 1111.05
858.80 6.64 5.48 4.37 310.09 232.00 15.77 0.20
0.00 1382.54
827.00 4.04 3.39 2.70 309.21 231.05 18.24 0.20
69.00 1691.21
792.30 5.84 1.93 -2.70 310.32 245.89 22.34 0.10
0.00 2041.15
754.50 7.14 0.97 -7.27 313.15 243.03 24.84 0.00
0.00 2442.13
713.80 6.34 -0.89 -12.24 314.67 229.02 25.47 0.10
0.00 2897.14
670.00 4.44 -3.57 -20.22 315.22 225.29 27.06 0.10
0.00 3413.95
623.30 1.64 -6.57 -31.34 316.19 228.20 27.10 0.10
0.00 3998.34
574.20 -3.06 -10.03 -35.67 317.69 226.65 28.57 0.10
0.00 4652.82
526.50 -8.16 -13.50 -33.31 319.94 224.27 32.56 0.00
0.00 5332.15
483.70 -12.36 -16.98 -39.40 321.94 226.28 36.83 -0.10
0.00 5984.74
445.40 -16.76 -20.44 -40.96 323.99 218.80 38.13 0.00
0.00 6609.24
411.00 -21.36 -24.24 -44.41 325.34 212.16 38.33 0.00
0.00 7207.14
379.90 -26.36 -28.40 -45.65 326.09 212.21 39.72 0.00
0.00 7781.38
352.00 -30.96 -32.43 -48.08 326.95 215.89 40.75 0.10
0.00 8327.31
326.90 -34.96 -36.11 -52.55 328.22 216.71 42.89 0.10
0.00 8847.45
304.30 -38.66 -39.51 -54.15 329.76 214.22 46.29 0.10
0.00 9343.09
284.00 -41.76 -42.44 -57.07 331.80 214.55 46.93 0.00
0.00 9813.85
265.80 -43.86 -44.47 -60.80 334.99 212.57 44.02 0.00
0.00 10260.42
248.90 -45.56 -46.14 -66.51 338.72 206.68 41.53 0.00
0.00 10699.70
233.60 -47.86 -48.36 -71.85 341.38 203.61 42.19 0.00
0.00 11120.20
219.60 -50.26 -50.67 -72.27 343.76 206.92 41.61 0.00
0.00 11525.59
205.70 -52.46 -52.80 -72.71 346.79 212.77 40.19 0.00
0.00 11950.11
191.70 -54.46 -54.74 -73.19 350.64 217.78 39.32 0.00
0.00 12403.39
177.70 -56.86 -57.08 -73.70 354.38 221.83 37.28 0.00
0.00 12886.17
163.80 -59.46 -9999.00 -9999.00 -9999.00 222.95 34.50 0.10
0.00 13398.75
149.80 -61.76 -9999.00 -9999.00 -9999.00 221.55 34.27 0.10
0.00 13954.59
135.90 -62.96 -9999.00 -9999.00 -9999.00 217.99 33.76 0.00
0.00 14555.45
121.90 -64.86 -9999.00 -9999.00 -9999.00 200.52 32.15 0.00
0.00 15221.32
108.00 -66.26 -9999.00 -9999.00 -9999.00 201.80 36.62 0.00
0.00 15957.00
94.00 -66.26 -9999.00 -9999.00 -9999.00 205.35 28.59 0.00
0.00 16797.78
81.00 -65.96 -9999.00 -9999.00 -9999.00 194.58 24.69 0.00
0.00 17699.84
70.60 -64.96 -9999.00 -9999.00 -9999.00 189.27 19.29 0.00
0.00 18535.26
62.20 -65.26 -9999.00 -9999.00 -9999.00 207.80 12.08 0.00
0.00 19306.67
54.30 -65.46 -9999.00 -9999.00 -9999.00 206.57 5.65 0.00
0.00 20132.83
46.90 -64.56 -9999.00 -9999.00 -9999.00 231.71 4.70 0.00
0.00 21025.43
40.10 -64.36 -9999.00 -9999.00 -9999.00 342.65 3.26 0.00
0.00 21982.30
33.80 -63.56 -9999.00 -9999.00 -9999.00 55.18 5.44 0.00
0.00 23028.86
27.80 -60.76 -9999.00 -9999.00 -9999.00 56.31 4.90 0.00
0.00 24235.80
22.30 -57.06 -9999.00 -9999.00 -9999.00 62.45 5.03 0.00
0.00 25618.26
17.10 -52.36 -9999.00 -9999.00 -9999.00 82.41 5.89 0.00
0.00 27315.93
12.30 -51.66 -9999.00 -9999.00 -9999.00 259.78 12.04 0.00
0.00 29448.68

STID = KWRI STNM = 724096 TIME = 221027/0900 
SLAT = 40.02 SLON = -74.60 SELV = 28.0
STIM = 21

SHOW = 11.70 LIFT = 12.01 SWET = 101.93 KINX = -1.22
LCLP = 978.53 PWAT = 18.86 TOTL = 31.45 CAPE = 0.00
LCLT = 283.81 CINS = 0.00 EQLV = -9999.00 LFCT = -9999.00
BRCH = 0.00

PRES TMPC TMWC DWPC THTE DRCT SKNT OMEG
CFRL HGHT
1010.00 13.24 12.06 11.14 308.80 270.00 5.44 0.00
0.00 38.00
1007.00 13.44 11.95 10.80 308.84 273.95 11.29 0.00
0.00 63.07
1001.50 13.34 11.72 10.46 308.85 276.43 13.87 0.00
0.00 109.23
991.90 12.94 11.20 9.82 308.56 284.60 19.27 0.00
0.00 190.33
977.80 12.44 10.62 9.15 308.65 293.66 22.26 0.00
0.00 310.67
959.60 11.64 10.02 8.70 309.21 307.43 23.97 0.00
0.00 468.22
937.90 10.44 9.16 8.08 309.55 318.01 23.52 0.00
0.00 659.34
914.20 9.54 8.20 7.04 309.95 323.47 19.58 0.00
0.00 872.37
888.50 8.64 7.05 5.63 310.23 298.30 8.61 0.00
0.00 1108.90
859.70 6.64 5.41 4.22 309.80 257.74 9.15 0.10
0.00 1380.75
827.90 4.04 3.43 2.79 309.20 256.81 12.76 0.20
19.00 1689.09
793.00 5.04 1.86 -1.83 310.10 258.02 19.66 0.20
0.00 2040.22
755.20 7.14 0.98 -7.26 313.06 243.83 25.10 0.10
0.00 2440.30
714.40 6.54 -0.98 -13.21 314.32 227.41 26.13 0.00
0.00 2896.16
670.60 4.34 -3.82 -21.70 314.56 226.75 26.94 0.10
0.00 3412.58
623.80 1.64 -6.75 -34.84 315.66 231.40 28.34 0.30
0.00 3997.56
574.50 -3.36 -9.90 -30.67 318.00 228.64 30.28 0.20
0.00 4653.92
526.80 -8.26 -13.67 -35.07 319.52 230.32 34.07 0.10
0.00 5332.41
483.90 -12.56 -17.06 -38.34 321.77 229.24 37.18 0.00
0.00 5985.81
445.60 -16.96 -20.51 -39.48 323.84 222.35 38.64 -0.10
0.00 6609.58
411.20 -21.46 -24.33 -44.93 325.13 217.73 39.04 0.00
0.00 7206.85
380.00 -26.36 -28.49 -48.06 325.91 220.66 38.15 0.00
0.00 7782.59
352.10 -30.96 -32.48 -49.44 326.84 224.20 39.57 0.10
0.00 8328.36
326.90 -35.06 -36.17 -51.66 328.12 220.14 42.19 0.10
0.00 8850.40
304.30 -38.76 -39.60 -54.15 329.62 216.28 45.30 0.10
0.00 9345.82
284.00 -42.06 -42.71 -57.07 331.37 216.20 46.70 0.10
0.00 9816.19
265.80 -44.16 -44.75 -60.80 334.55 214.18 43.90 0.10
0.00 10262.17
248.90 -45.86 -46.43 -66.51 338.27 205.58 40.48 0.00
0.00 10700.87
233.60 -47.96 -48.46 -71.85 341.23 201.49 40.29 0.00
0.00 11121.00
219.60 -50.16 -50.57 -72.27 343.92 204.81 39.80 0.00
0.00 11526.39
205.60 -52.26 -52.60 -72.72 347.15 211.74 39.51 0.10
0.00 11954.36
191.70 -54.16 -54.45 -73.19 351.12 217.60 39.47 0.10
0.00 12405.02
177.70 -56.36 -9999.00 -9999.00 -9999.00 220.99 37.32 0.10
0.00 12888.69
163.80 -58.96 -9999.00 -9999.00 -9999.00 220.18 34.32 0.10
0.00 13402.46
149.80 -61.56 -9999.00 -9999.00 -9999.00 217.39 34.23 0.10
0.00 13959.22
135.90 -63.16 -9999.00 -9999.00 -9999.00 220.63 36.09 0.00
0.00 14560.08
121.90 -64.96 -9999.00 -9999.00 -9999.00 206.57 32.15 0.00
0.00 15225.47
108.00 -66.86 -9999.00 -9999.00 -9999.00 199.70 36.31 0.00
0.00 15959.91
94.00 -66.26 -9999.00 -9999.00 -9999.00 206.57 30.85 0.00
0.00 16799.47
81.00 -65.76 -9999.00 -9999.00 -9999.00 199.13 25.49 0.00
0.00 17701.97
70.60 -64.86 -9999.00 -9999.00 -9999.00 203.36 18.63 0.00
0.00 18537.99
62.20 -65.46 -9999.00 -9999.00 -9999.00 203.43 12.70 0.00
0.00 19309.21
54.30 -64.56 -9999.00 -9999.00 -9999.00 209.74 6.25 0.00
0.00 20136.76
46.90 -64.36 -9999.00 -9999.00 -9999.00 255.96 4.80 0.00
0.00 21031.72
40.10 -64.76 -9999.00 -9999.00 -9999.00 9.09 4.91 0.00
0.00 21988.13
33.80 -63.46 -9999.00 -9999.00 -9999.00 60.95 4.00 0.00
0.00 23033.95
27.80 -60.86 -9999.00 -9999.00 -9999.00 62.59 5.91 0.00
0.00 24240.88
22.30 -57.56 -9999.00 -9999.00 -9999.00 70.35 5.77 0.00
0.00 25621.41
17.10 -51.96 -9999.00 -9999.00 -9999.00 48.01 2.62 0.00
0.00 27318.69
12.30 -51.36 -9999.00 -9999.00 -9999.00 268.57 15.54 0.00
0.00 29454.81
STN YYMMDD/HHMM PMSL PRES SKTC STC1 SNFL WTNS
P01M C01M STC2 LCLD MCLD HCLD
SNRA UWND VWND R01M BFGR T2MS
Q2MS WXTS WXTP WXTZ WXTR USTM
VSTM HLCY SLLH WSYM CDBP VSBK
TD2M
724096 221026/1200 1011.20 1007.90 16.54 289.70 -9999.00 22.00
-9999.00 -9999.00 289.70 100.00 100.00 0.00
-9999.00 -1.30 0.50 -9999.00 -9999.00 15.84
11.14 0.00 0.00 0.00 0.00 5.90
7.30 18.60 -9999.00 999.00 1006.90 0.69
15.55
724096 221026/1300 1011.20 1007.90 16.74 289.90 0.00 22.00
0.01 0.00 289.80 100.00 72.00 0.00
-9999.00 -1.30 1.00 -9999.00 -9999.00 16.04
11.30 0.00 0.00 0.00 0.00 3.50
3.20 18.60 0.00 999.00 1003.80 0.01
15.77
724096 221026/1400 1011.50 1008.20 17.34 290.50 0.00 22.00
0.01 0.00 290.30 100.00 100.00 0.00
-9999.00 -0.20 2.00 -9999.00 -9999.00 16.44
11.52 0.00 0.00 0.00 0.00 6.90
6.50 -22.80 0.00 999.00 1007.20 0.01
16.07
724096 221026/1500 1010.90 1007.60 18.04 291.20 0.00 22.00
0.00 0.00 291.00 100.00 87.00 0.00
-9999.00 0.40 2.20 -9999.00 -9999.00 17.04
12.02 0.00 0.00 0.00 0.00 7.70
8.80 -46.40 0.00 999.00 1003.50 0.03
16.72
724096 221026/1600 1010.20 1006.90 18.74 291.90 0.00 22.00
0.00 0.00 291.60 100.00 37.00 0.00
-9999.00 0.60 2.40 -9999.00 -9999.00 17.64
12.47 0.00 0.00 0.00 0.00 8.10
10.20 -42.40 0.01 999.00 997.20 0.01
17.27
724096 221026/1700 1008.90 1005.60 19.74 292.90 0.00 21.00
0.00 0.00 292.50 100.00 0.00 0.00
-9999.00 -0.30 2.60 -9999.00 -9999.00 18.44
12.76 0.00 0.00 0.00 0.00 8.40
10.00 -15.80 0.01 999.00 972.30 0.05
17.61
724096 221026/1800 1007.50 1004.20 20.74 293.90 0.00 21.00
0.00 0.00 293.50 100.00 0.00 0.00
-9999.00 -0.80 2.60 -9999.00 -9999.00 19.64
13.10 0.00 0.00 0.00 0.00 8.50
10.50 -0.70 0.01 999.00 952.90 5.87
18.00
724096 221026/1900 1007.50 1004.20 19.94 293.10 0.00 21.00
0.00 0.00 293.00 100.00 0.00 0.00
-9999.00 -0.70 3.30 -9999.00 -9999.00 19.64
13.20 0.00 0.00 0.00 0.00 9.00
11.20 5.20 -0.01 999.00 952.90 0.08
18.12
724096 221026/2000 1007.80 1004.50 19.34 292.50 0.00 22.00
0.46 0.37 292.40 100.00 0.00 0.00
-9999.00 0.10 3.70 -9999.00 -9999.00 18.94
13.26 0.00 0.00 0.00 1.00 9.70
10.70 -3.90 -0.01 60.00 985.20 0.00
18.19
724096 221026/2100 1007.10 1003.90 18.24 291.40 0.00 23.00
0.66 0.64 291.50 100.00 19.00 0.00
-9999.00 1.70 4.10 -9999.00 -9999.00 18.04
12.63 0.00 0.00 0.00 1.00 10.90
11.10 -45.10 0.00 60.00 970.60 0.00
17.43
724096 221026/2200 1008.70 1005.40 17.44 290.60 0.00 22.00
0.06 0.00 290.70 100.00 100.00 0.00
-9999.00 1.90 3.10 -9999.00 -9999.00 17.24
12.02 0.00 0.00 0.00 1.00 13.10
11.70 -44.00 0.00 60.00 972.20 0.00
16.68
724096 221026/2300 1009.90 1006.60 16.94 290.10 0.00 22.00
0.00 0.00 290.30 91.00 53.00 0.00
-9999.00 2.30 2.90 -9999.00 -9999.00 16.84
11.56 0.00 0.00 0.00 0.00 14.30
12.80 -145.20 0.00 999.00 -9999.00 0.01
16.10
724096 221027/0000 1010.50 1007.20 15.64 288.80 0.00 22.00
0.00 0.00 289.10 41.00 3.00 0.00
-9999.00 2.20 2.60 -9999.00 -9999.00 15.64
10.72 0.00 0.00 0.00 0.00 15.70
10.90 -62.50 0.00 999.00 -9999.00 20.00
14.95
724096 221027/0100 1009.50 1006.20 15.14 288.30 0.00 22.00
0.00 0.00 288.50 89.00 0.00 0.00
-9999.00 2.10 2.50 -9999.00 -9999.00 15.14
10.42 0.00 0.00 0.00 0.00 16.50
9.10 -72.10 0.00 999.00 823.90 20.00
14.51
724096 221027/0200 1009.90 1006.60 14.94 288.10 0.00 21.00
0.00 0.00 288.30 61.00 0.00 0.00
-9999.00 2.10 2.30 -9999.00 -9999.00 15.04
10.41 0.00 0.00 0.00 0.00 16.90
8.50 -31.60 0.00 999.00 -9999.00 20.00
14.50
724096 221027/0300 1011.40 1008.10 14.24 287.40 0.00 21.00
0.00 0.00 287.70 11.00 0.00 0.00
-9999.00 1.60 2.10 -9999.00 -9999.00 14.44
10.11 0.00 0.00 0.00 0.00 16.90
7.50 14.20 0.00 999.00 -9999.00 20.00
14.08
724096 221027/0400 1011.20 1007.90 13.84 287.00 0.00 21.00
0.00 0.00 287.30 24.00 0.00 0.00
-9999.00 1.90 1.80 -9999.00 -9999.00 14.04
9.87 0.00 0.00 0.00 0.00 17.40
7.40 2.00 0.00 999.00 -9999.00 0.07
13.71
724096 221027/0500 1011.00 1007.60 14.54 287.70 0.00 21.00
0.00 0.00 287.80 100.00 0.00 0.00
-9999.00 2.20 1.30 -9999.00 -9999.00 14.64
10.01 0.00 0.00 0.00 0.00 17.00
6.20 -25.40 0.00 999.00 825.10 0.02
13.92
724096 221027/0600 1011.40 1008.10 14.34 287.50 0.00 21.00
0.00 0.00 287.70 83.00 0.00 0.00
-9999.00 2.60 1.20 -9999.00 -9999.00 14.44
9.59 0.00 0.00 0.00 0.00 16.80
5.40 -10.10 0.00 999.00 -9999.00 0.02
13.28
724096 221027/0700 1012.80 1009.50 13.84 287.00 0.00 21.00
0.00 0.00 287.10 100.00 0.00 0.00
-9999.00 2.80 1.00 -9999.00 -9999.00 13.94
9.20 0.00 0.00 0.00 0.00 17.00
5.60 11.80 0.00 999.00 826.60 20.00
12.67
724096 221027/0800 1013.40 1010.00 13.24 286.40 0.00 21.00
0.00 0.00 286.70 69.00 0.00 0.00
-9999.00 3.30 0.40 -9999.00 -9999.00 13.44
8.81 0.00 0.00 0.00 0.00 17.20
4.30 -23.10 0.00 999.00 -9999.00 20.00
12.03
724096 221027/0900 1014.60 1011.20 12.24 285.40 0.00 21.00
0.00 0.00 285.70 19.00 0.00 0.00
-9999.00 3.10 0.00 -9999.00 -9999.00 12.44
8.39 0.00 0.00 0.00 0.00 17.00
2.20 -11.60 0.00 999.00 -9999.00 20.00
11.32


