
SNPARM = PRES;TMPC;TMWC;DWPC;THTE;DRCT;SKNT;OMEG;CFRL;HGHT 
STNPRM = SHOW;LIFT;SWET;KINX;LCLP;PWAT;TOTL;CAPE;LCLT;CINS;EQLV;LFCT;BRCH 

STID = KDDC STNM = 724510 TIME = 221026/1200 
SLAT = 37.77 SLON = -99.97 SELV = 770.0
STIM = 0

SHOW = 9.41 LIFT = 10.86 SWET = 48.74 KINX = 12.19
LCLP = 805.99 PWAT = 11.55 TOTL = 35.36 CAPE = 0.00
LCLT = 268.48 CINS = 0.00 EQLV = -9999.00 LFCT = -9999.00
BRCH = 0.00

PRES TMPC TMWC DWPC THTE DRCT SKNT OMEG
CFRL HGHT
926.60 6.24 2.42 -2.80 295.39 163.50 5.48 0.00
0.00 779.72
923.90 8.74 3.71 -2.88 298.28 164.29 12.92 0.10
0.00 803.74
918.80 10.34 4.41 -3.20 300.29 161.38 19.46 0.10
0.00 849.64
910.10 11.34 4.46 -4.64 301.30 159.39 22.63 0.10
0.00 928.88
897.40 11.84 4.14 -6.62 301.95 159.80 21.93 0.10
0.00 1046.20
881.10 11.44 3.65 -7.52 302.74 168.82 17.04 0.00
0.00 1199.25
861.70 11.04 3.41 -7.30 304.54 178.83 9.52 0.00
0.00 1384.87
840.70 9.74 2.83 -6.64 305.89 137.49 3.17 -0.10
0.00 1589.97
818.00 7.64 1.74 -6.36 306.41 90.00 4.86 0.00
0.00 1816.18
792.70 5.14 0.27 -6.59 306.54 85.49 7.40 0.00
0.00 2073.71
765.00 2.74 -1.35 -7.40 306.77 83.80 8.99 0.00
0.00 2362.71
734.80 0.44 -2.96 -8.20 307.55 97.43 4.51 0.10
0.00 2687.19
702.10 -1.86 -4.64 -9.10 308.76 200.73 7.69 0.10
0.00 3050.83
666.80 -3.96 -6.28 -10.18 310.66 218.16 17.29 0.10
0.00 3459.55
629.00 -6.56 -8.44 -11.84 312.27 235.78 23.48 -0.10
0.00 3917.89
588.60 -9.76 -11.16 -13.98 313.67 241.03 26.86 -0.20
0.00 4433.54
545.80 -12.06 -14.43 -20.73 315.00 244.30 34.50 -0.30
0.00 5013.67
504.00 -15.56 -18.27 -28.46 315.90 256.69 37.12 -0.30
0.00 5618.89
466.20 -19.76 -22.05 -33.25 316.96 259.85 39.67 -0.30
0.00 6202.15
432.00 -23.76 -25.38 -34.23 318.79 257.15 45.44 -0.30
0.00 6762.96
400.90 -27.56 -28.68 -35.63 320.60 254.76 53.96 -0.20
0.00 7304.37
372.40 -31.06 -31.93 -38.51 322.44 253.44 62.00 -0.20
0.00 7830.85
346.60 -34.46 -35.15 -41.54 324.21 253.13 67.60 -0.10
0.00 8336.16
323.10 -38.16 -38.67 -44.78 325.39 252.82 70.36 0.00
0.00 8822.97
301.70 -41.86 -42.15 -46.27 326.53 252.46 74.77 0.10
10.00 9290.69
282.40 -45.66 -45.85 -49.41 327.09 251.82 81.58 0.10
0.00 9734.63
264.80 -48.56 -48.75 -53.44 328.72 251.36 86.93 0.20
0.00 10160.43
248.30 -49.86 -50.16 -61.33 332.63 253.12 88.31 0.20
0.00 10582.18
233.30 -51.26 -51.55 -63.99 336.44 254.16 89.65 0.10
0.00 10988.19
219.50 -52.26 -52.56 -67.42 340.77 255.02 91.69 0.10
0.00 11383.33
205.60 -52.56 -52.89 -72.72 346.68 257.37 94.15 0.00
0.00 11806.03
191.70 -53.16 -53.49 -73.19 352.72 259.05 92.00 0.00
0.00 12257.41
177.70 -54.76 -55.05 -73.70 357.82 259.44 84.77 -0.10
0.00 12743.97
163.80 -57.16 -9999.00 -9999.00 -9999.00 258.29 75.58 -0.10
0.00 13261.79
149.80 -59.96 -9999.00 -9999.00 -9999.00 255.24 70.90 -0.10
0.00 13823.00
135.90 -62.36 -9999.00 -9999.00 -9999.00 256.39 69.35 -0.10
0.00 14427.28
121.90 -63.96 -9999.00 -9999.00 -9999.00 258.10 63.13 0.00
0.00 15095.54
107.90 -65.16 -9999.00 -9999.00 -9999.00 256.37 53.57 0.00
0.00 15840.41
94.00 -64.96 -9999.00 -9999.00 -9999.00 252.50 45.22 0.10
0.00 16680.43
81.00 -63.26 -9999.00 -9999.00 -9999.00 241.36 36.07 0.10
0.00 17591.20
70.60 -62.36 -9999.00 -9999.00 -9999.00 229.85 29.22 0.00
0.00 18437.29
62.20 -61.06 -9999.00 -9999.00 -9999.00 236.52 29.58 0.00
0.00 19221.30
54.30 -58.76 -9999.00 -9999.00 -9999.00 241.10 21.31 0.00
0.00 20069.13
46.90 -59.36 -9999.00 -9999.00 -9999.00 227.42 19.52 0.00
0.00 20987.25
40.10 -58.36 -9999.00 -9999.00 -9999.00 235.49 15.09 0.00
0.00 21969.79
33.80 -57.86 -9999.00 -9999.00 -9999.00 192.53 5.38 0.00
0.00 23045.62
27.80 -57.46 -9999.00 -9999.00 -9999.00 246.80 10.35 0.00
0.00 24278.30
22.30 -56.56 -9999.00 -9999.00 -9999.00 297.82 15.81 0.00
0.00 25673.02
17.10 -55.86 -9999.00 -9999.00 -9999.00 306.38 9.17 0.00
0.00 27359.04
12.30 -51.56 -9999.00 -9999.00 -9999.00 276.71 23.27 0.00
0.00 29475.38

STID = KDDC STNM = 724510 TIME = 221026/1300 
SLAT = 37.77 SLON = -99.97 SELV = 770.0
STIM = 1

SHOW = 9.37 LIFT = 10.75 SWET = 57.76 KINX = 11.70
LCLP = 816.15 PWAT = 11.53 TOTL = 35.59 CAPE = 0.00
LCLT = 268.71 CINS = 0.00 EQLV = -9999.00 LFCT = -9999.00
BRCH = 0.00

PRES TMPC TMWC DWPC THTE DRCT SKNT OMEG
CFRL HGHT
927.20 5.54 2.07 -2.72 294.64 162.76 5.91 0.00
0.00 779.69
924.40 7.94 3.32 -2.80 297.43 165.22 14.47 0.10
0.00 804.52
919.30 9.64 4.06 -3.19 299.50 163.61 20.65 0.10
0.00 850.27
910.60 10.84 4.19 -4.73 300.66 161.85 24.94 0.10
0.00 929.30
897.90 11.44 3.92 -6.71 301.42 159.18 25.14 0.00
0.00 1046.37
881.60 10.94 3.44 -7.36 302.24 162.58 20.77 0.00
0.00 1199.09
862.20 10.34 2.97 -7.65 303.53 169.95 15.58 -0.20
0.00 1384.21
841.10 9.34 2.49 -7.16 305.09 152.24 8.33 -0.30
0.00 1589.77
818.40 7.54 1.55 -6.85 305.94 122.01 7.32 -0.30
0.00 1815.65
793.20 5.04 0.14 -6.85 306.19 112.25 9.23 -0.30
0.00 2071.92
765.40 2.44 -1.50 -7.35 306.41 107.47 10.99 -0.20
0.00 2361.58
735.20 0.34 -3.07 -8.37 307.28 115.94 7.98 -0.20
0.00 2685.64
702.40 -1.76 -4.58 -9.10 308.84 183.58 9.34 -0.10
0.00 3050.21
667.10 -3.76 -6.22 -10.36 310.74 213.38 19.77 -0.10
0.00 3458.98
629.30 -6.56 -8.50 -12.04 312.10 230.51 22.90 -0.20
0.00 3917.26
588.80 -9.96 -11.47 -14.60 313.06 236.89 26.67 -0.20
0.00 4433.76
546.00 -12.46 -14.58 -20.14 314.71 243.58 34.05 -0.20
0.00 5013.02
504.20 -16.16 -18.45 -26.55 315.59 255.19 34.97 -0.20
0.00 5616.88
466.30 -20.26 -22.34 -32.26 316.49 257.63 37.18 -0.10
0.00 6200.28
432.00 -24.16 -25.80 -35.32 318.10 253.88 44.08 -0.10
0.00 6761.66
400.90 -27.76 -28.90 -36.30 320.23 251.63 53.63 -0.10
0.00 7302.40
372.50 -31.16 -31.97 -37.99 322.36 251.39 61.48 -0.10
0.00 7826.64
346.60 -34.76 -35.30 -40.03 323.98 251.25 66.47 0.00
0.00 8333.42
323.10 -38.46 -38.73 -41.58 325.31 250.04 69.44 0.00
94.00 8819.64
301.70 -42.26 -42.40 -44.23 326.15 249.34 74.32 0.10
100.00 9286.68
282.40 -45.66 -45.78 -47.80 327.21 249.33 82.01 0.10
0.00 9730.24
264.80 -48.36 -48.56 -53.44 329.01 249.83 87.33 0.20
0.00 10156.24
248.30 -49.76 -50.07 -61.33 332.78 251.01 89.57 0.20
0.00 10578.27
233.30 -51.06 -51.36 -63.99 336.75 252.10 91.65 0.10
0.00 10984.55
219.50 -51.86 -52.17 -67.42 341.38 253.78 95.28 0.10
0.00 11380.22
205.60 -52.46 -52.80 -72.72 346.84 257.08 99.05 0.00
0.00 11803.41
191.70 -53.66 -53.97 -73.19 351.92 258.60 97.30 0.00
0.00 12254.38
177.70 -55.16 -55.44 -73.70 357.17 257.91 90.00 -0.10
0.00 12739.94
163.80 -57.26 -9999.00 -9999.00 -9999.00 257.05 79.72 -0.10
0.00 13257.16
149.80 -59.86 -9999.00 -9999.00 -9999.00 255.40 71.66 -0.10
0.00 13818.37
135.90 -62.76 -9999.00 -9999.00 -9999.00 255.49 69.02 -0.10
0.00 14422.22
121.90 -64.56 -9999.00 -9999.00 -9999.00 258.04 63.73 0.00
0.00 15088.89
107.90 -65.16 -9999.00 -9999.00 -9999.00 257.67 53.69 0.00
0.00 15832.69
94.00 -64.86 -9999.00 -9999.00 -9999.00 251.96 44.54 0.10
0.00 16672.92
81.00 -63.46 -9999.00 -9999.00 -9999.00 243.30 37.61 0.00
0.00 17583.47
70.60 -62.36 -9999.00 -9999.00 -9999.00 240.54 29.23 0.00
0.00 18429.15
62.20 -61.86 -9999.00 -9999.00 -9999.00 240.82 26.69 0.00
0.00 19211.68
54.30 -59.56 -9999.00 -9999.00 -9999.00 247.54 21.85 0.00
0.00 20056.33
46.90 -59.06 -9999.00 -9999.00 -9999.00 232.18 18.69 0.00
0.00 20973.37
40.10 -58.46 -9999.00 -9999.00 -9999.00 237.99 14.67 0.00
0.00 21956.37
33.80 -58.36 -9999.00 -9999.00 -9999.00 207.47 5.48 0.00
0.00 23030.70
27.80 -58.06 -9999.00 -9999.00 -9999.00 251.57 11.05 0.00
0.00 24260.24
22.30 -56.76 -9999.00 -9999.00 -9999.00 301.43 16.39 0.00
0.00 25652.38
17.10 -55.16 -9999.00 -9999.00 -9999.00 298.69 11.73 0.00
0.00 27340.33
12.30 -51.76 -9999.00 -9999.00 -9999.00 284.27 22.84 0.00
0.00 29459.09

STID = KDDC STNM = 724510 TIME = 221026/1400 
SLAT = 37.77 SLON = -99.97 SELV = 770.0
STIM = 2

SHOW = 9.54 LIFT = 10.70 SWET = 217.91 KINX = 11.01
LCLP = 804.61 PWAT = 11.37 TOTL = 35.46 CAPE = 0.00
LCLT = 268.41 CINS = 0.00 EQLV = -9999.00 LFCT = -9999.00
BRCH = 0.00

PRES TMPC TMWC DWPC THTE DRCT SKNT OMEG
CFRL HGHT
928.10 6.44 2.53 -2.82 295.44 163.30 6.08 0.00
0.00 779.71
925.30 7.94 3.26 -2.98 297.21 164.44 15.93 0.10
0.00 804.56
920.30 9.14 3.73 -3.42 298.71 163.61 20.65 0.10
0.00 849.32
911.60 10.84 4.07 -5.16 300.28 161.03 26.30 0.10
0.00 928.19
898.80 11.44 3.89 -6.85 301.25 156.21 26.96 0.20
0.00 1046.06
882.50 10.74 3.42 -7.04 302.11 155.13 23.54 0.10
0.00 1198.57
863.00 9.74 2.68 -7.58 302.84 161.05 20.34 0.00
0.00 1384.20
841.90 8.74 2.03 -7.75 304.00 157.93 15.50 -0.20
0.00 1589.13
819.20 7.24 1.20 -7.60 305.05 140.31 11.87 -0.30
0.00 1814.41
793.90 5.04 -0.03 -7.48 305.71 130.18 11.44 -0.40
0.00 2071.30
766.10 2.14 -1.71 -7.48 305.91 124.42 12.72 -0.30
0.00 2360.53
735.80 0.04 -3.24 -8.36 306.87 124.70 12.28 -0.20
0.00 2685.02
703.00 -1.86 -4.72 -9.37 308.47 171.61 11.99 -0.10
0.00 3049.02
667.70 -3.76 -6.23 -10.40 310.62 206.57 22.14 -0.10
0.00 3457.34
629.80 -6.46 -8.47 -12.13 312.09 220.45 24.24 -0.10
0.00 3916.53
589.20 -9.76 -11.62 -15.62 312.71 228.78 27.12 -0.20
0.00 4434.18
546.30 -12.66 -14.72 -20.14 314.42 241.14 32.60 -0.20
0.00 5014.41
504.40 -16.56 -18.55 -25.35 315.39 252.20 33.04 -0.20
0.00 5618.75
466.50 -20.56 -22.47 -31.35 316.24 252.94 35.76 -0.20
0.00 6201.13
432.20 -24.26 -25.86 -35.09 317.97 249.41 44.19 -0.30
0.00 6761.82
401.00 -27.76 -28.92 -36.53 320.18 248.43 53.88 -0.30
0.00 7304.00
372.60 -31.26 -32.12 -38.77 322.09 249.42 60.80 -0.30
0.00 7827.99
346.70 -34.86 -35.38 -40.02 323.82 250.00 65.33 -0.20
0.00 8334.42
323.20 -38.76 -38.96 -40.98 324.94 249.44 69.70 -0.10
100.00 8820.08
301.80 -42.36 -42.47 -43.86 326.01 248.60 77.19 0.00
100.00 9286.57
282.40 -45.56 -45.73 -48.85 327.28 249.38 83.84 0.00
0.00 9732.36
264.80 -47.96 -48.23 -55.30 329.52 250.44 87.61 0.10
0.00 10158.82
248.30 -49.26 -49.57 -59.59 333.57 251.02 90.79 0.10
0.00 10581.70
233.30 -50.36 -50.69 -63.99 337.81 252.58 94.06 0.10
0.00 10989.07
219.50 -51.16 -51.50 -67.42 342.46 255.36 98.37 0.10
0.00 11385.99
205.60 -52.56 -52.89 -72.72 346.68 257.20 100.80 0.00
0.00 11809.75
191.70 -54.16 -54.45 -73.19 351.12 258.08 99.67 0.00
0.00 12260.11
177.70 -55.66 -55.92 -73.70 356.35 258.60 94.33 0.00
0.00 12744.56
163.80 -57.36 -9999.00 -9999.00 -9999.00 258.36 84.69 -0.10
0.00 13261.07
149.80 -59.86 -9999.00 -9999.00 -9999.00 256.61 74.67 -0.10
0.00 13822.14
135.90 -62.56 -9999.00 -9999.00 -9999.00 255.03 69.17 -0.10
0.00 14426.28
121.90 -64.56 -9999.00 -9999.00 -9999.00 256.73 63.46 -0.10
0.00 15093.27
107.90 -64.76 -9999.00 -9999.00 -9999.00 257.36 52.35 0.00
0.00 15837.78
94.00 -64.66 -9999.00 -9999.00 -9999.00 250.13 41.72 0.00
0.00 16679.22
81.00 -63.66 -9999.00 -9999.00 -9999.00 239.77 36.65 0.00
0.00 17589.77
70.60 -61.96 -9999.00 -9999.00 -9999.00 235.16 29.58 0.00
0.00 18435.85
62.20 -61.06 -9999.00 -9999.00 -9999.00 234.41 24.36 0.00
0.00 19220.61
54.30 -58.76 -9999.00 -9999.00 -9999.00 239.33 19.42 0.00
0.00 20068.44
46.90 -57.36 -9999.00 -9999.00 -9999.00 225.45 17.44 0.00
0.00 20990.84
40.10 -57.16 -9999.00 -9999.00 -9999.00 237.20 10.39 0.00
0.00 21980.72
33.80 -58.06 -9999.00 -9999.00 -9999.00 202.25 4.62 0.00
0.00 23059.05
27.80 -57.86 -9999.00 -9999.00 -9999.00 254.32 11.50 0.00
0.00 24290.02
22.30 -56.76 -9999.00 -9999.00 -9999.00 303.50 15.83 0.00
0.00 25682.80
17.10 -55.16 -9999.00 -9999.00 -9999.00 291.45 11.69 0.00
0.00 27370.76
12.30 -52.36 -9999.00 -9999.00 -9999.00 280.55 20.16 0.00
0.00 29486.62

STID = KDDC STNM = 724510 TIME = 221026/1500 
SLAT = 37.77 SLON = -99.97 SELV = 770.0
STIM = 3

SHOW = 9.65 LIFT = 10.53 SWET = 223.92 KINX = 10.23
LCLP = 744.10 PWAT = 11.20 TOTL = 35.41 CAPE = 0.00
LCLT = 266.45 CINS = 0.00 EQLV = -9999.00 LFCT = -9999.00
BRCH = 0.00

PRES TMPC TMWC DWPC THTE DRCT SKNT OMEG
CFRL HGHT
929.00 10.74 4.48 -3.76 299.29 162.47 11.62 0.10
0.00 779.85
926.20 10.34 4.25 -3.80 299.12 161.33 15.17 0.10
0.00 804.97
921.10 9.94 3.99 -3.96 299.11 161.36 17.02 0.10
0.00 850.84
912.50 10.54 3.94 -5.11 299.90 158.96 24.36 0.20
0.00 928.79
899.70 11.54 3.98 -6.69 301.35 156.91 25.76 0.30
0.00 1046.50
883.30 10.74 3.46 -6.87 302.13 154.04 24.84 0.30
0.00 1199.83
863.90 9.64 2.65 -7.52 302.67 155.84 22.79 0.20
0.00 1384.30
842.70 8.24 1.73 -7.94 303.26 156.66 20.10 0.00
0.00 1589.77
820.00 6.74 0.79 -8.14 304.09 150.82 17.13 -0.10
0.00 1814.43
794.60 4.94 -0.24 -8.04 305.17 141.71 14.10 -0.20
0.00 2071.80
766.80 2.14 -1.81 -7.83 305.59 136.74 13.60 -0.20
0.00 2360.70
736.50 -0.16 -3.36 -8.40 306.52 137.16 14.57 -0.10
0.00 2684.77
703.60 -1.66 -4.71 -9.74 308.38 171.36 15.52 0.00
0.00 3049.53
668.20 -3.86 -6.32 -10.49 310.38 201.80 24.07 0.00
0.00 3458.75
630.20 -6.66 -8.76 -12.71 311.46 212.22 27.33 -0.10
0.00 3918.55
589.60 -9.56 -11.63 -16.18 312.61 224.43 27.47 -0.20
0.00 4435.84
546.60 -12.56 -14.61 -19.97 314.55 241.16 30.59 -0.20
0.00 5017.37
504.70 -16.76 -18.62 -24.90 315.22 248.20 31.39 -0.20
0.00 5621.26
466.70 -20.76 -22.59 -31.01 316.02 246.23 35.66 -0.20
0.00 6204.44
432.30 -24.46 -25.98 -34.65 317.76 244.98 45.01 -0.20
0.00 6766.14
401.20 -27.96 -29.09 -36.53 319.87 245.45 54.23 -0.30
0.00 7305.94
372.60 -31.36 -32.23 -39.05 321.92 246.97 60.59 -0.20
0.00 7833.16
346.70 -35.06 -35.54 -39.74 323.59 248.55 65.33 -0.20
0.00 8339.28
323.20 -38.96 -39.11 -40.70 324.70 249.02 70.53 -0.10
100.00 8824.53
301.80 -42.66 -42.79 -44.60 325.52 249.44 76.34 -0.10
100.00 9290.52
282.40 -45.96 -46.16 -50.02 326.62 250.23 81.53 0.00
0.00 9735.62
264.80 -47.96 -48.25 -56.39 329.48 250.50 85.53 0.00
0.00 10161.70
248.30 -48.76 -49.11 -61.33 334.27 251.53 89.49 0.10
0.00 10585.05
233.30 -49.66 -50.02 -63.99 338.87 254.02 94.56 0.10
0.00 10993.52
219.50 -50.96 -51.31 -67.42 342.77 255.02 97.73 0.10
0.00 11391.24
205.60 -52.66 -52.99 -72.72 346.52 255.09 98.89 0.10
0.00 11815.09
191.70 -54.46 -54.74 -73.19 350.64 256.26 98.99 0.10
0.00 12265.04
177.70 -56.16 -56.41 -73.70 355.53 257.73 95.03 0.10
0.00 12748.60
163.80 -57.86 -9999.00 -9999.00 -9999.00 258.00 85.99 0.00
0.00 13263.92
149.80 -60.06 -9999.00 -9999.00 -9999.00 256.07 76.65 0.00
0.00 13824.08
135.90 -62.36 -9999.00 -9999.00 -9999.00 254.36 69.19 0.00
0.00 14428.22
121.90 -64.26 -9999.00 -9999.00 -9999.00 253.81 61.29 0.00
0.00 15096.00
107.90 -64.36 -9999.00 -9999.00 -9999.00 253.69 49.79 0.10
0.00 15841.77
94.00 -63.86 -9999.00 -9999.00 -9999.00 245.86 38.95 0.10
0.00 16685.62
81.00 -63.36 -9999.00 -9999.00 -9999.00 234.80 34.71 0.10
0.00 17598.57
70.60 -61.36 -9999.00 -9999.00 -9999.00 229.12 30.57 0.00
0.00 18446.46
62.20 -59.66 -9999.00 -9999.00 -9999.00 229.55 24.24 0.00
0.00 19234.92
54.30 -58.26 -9999.00 -9999.00 -9999.00 234.25 17.95 0.00
0.00 20086.53
46.90 -57.16 -9999.00 -9999.00 -9999.00 223.34 18.96 0.00
0.00 21010.44
40.10 -57.16 -9999.00 -9999.00 -9999.00 236.31 10.51 0.00
0.00 22000.78
33.80 -58.66 -9999.00 -9999.00 -9999.00 197.93 6.93 0.00
0.00 23077.61
27.80 -57.96 -9999.00 -9999.00 -9999.00 246.04 11.48 0.00
0.00 24306.57
22.30 -57.36 -9999.00 -9999.00 -9999.00 302.54 13.36 0.00
0.00 25697.10
17.10 -55.36 -9999.00 -9999.00 -9999.00 284.74 11.44 0.00
0.00 27381.95
12.30 -52.36 -9999.00 -9999.00 -9999.00 287.93 20.82 0.00
0.00 29496.85

STID = KDDC STNM = 724510 TIME = 221026/1600 
SLAT = 37.77 SLON = -99.97 SELV = 770.0
STIM = 4

SHOW = 9.74 LIFT = 10.27 SWET = 227.47 KINX = 9.29
LCLP = 707.20 PWAT = 10.93 TOTL = 35.40 CAPE = 0.00
LCLT = 265.01 CINS = 0.00 EQLV = -9999.00 LFCT = -9999.00
BRCH = 0.00

PRES TMPC TMWC DWPC THTE DRCT SKNT OMEG
CFRL HGHT
927.80 13.24 5.50 -4.57 301.54 155.34 13.03 0.00
0.00 779.95
925.00 12.74 5.23 -4.61 301.27 155.27 16.26 0.10
0.00 805.31
920.00 12.14 4.88 -4.72 301.07 154.83 17.81 0.10
0.00 850.70
911.30 11.34 4.39 -4.90 301.01 155.02 18.86 0.10
0.00 930.08
898.50 11.14 3.88 -6.26 301.30 154.90 23.82 0.20
0.00 1048.03
882.20 10.54 3.36 -6.84 302.05 155.44 24.77 0.20
0.00 1200.46
862.70 9.34 2.51 -7.43 302.52 155.85 24.69 0.20
0.00 1385.97
841.70 7.84 1.55 -7.80 303.02 155.84 22.79 0.20
0.00 1589.52
818.90 6.34 0.59 -8.10 303.81 152.19 19.99 0.10
0.00 1815.13
793.70 4.54 -0.50 -8.16 304.76 147.43 16.59 0.00
0.00 2070.42
765.90 1.94 -2.00 -8.08 305.33 142.25 15.23 0.00
0.00 2359.34
735.60 0.14 -3.29 -8.74 306.77 147.34 17.99 0.00
0.00 2683.84
702.80 -1.26 -4.63 -10.25 308.64 170.63 20.28 0.00
0.00 3048.37
667.50 -4.36 -6.76 -10.95 309.62 195.89 26.26 -0.10
0.00 3456.78
629.60 -7.06 -9.55 -14.69 310.04 215.09 28.73 -0.20
0.00 3915.00
589.10 -9.26 -11.60 -16.86 312.73 233.21 27.89 -0.30
0.00 4431.31
546.20 -12.46 -14.50 -19.74 314.83 247.68 28.13 -0.30
0.00 5012.38
504.40 -16.86 -18.77 -25.35 315.02 246.46 29.66 -0.30
0.00 5615.23
466.40 -20.86 -22.68 -31.18 315.92 242.47 36.15 -0.30
0.00 6198.52
432.20 -24.56 -25.98 -33.82 317.79 243.22 46.56 -0.40
0.00 6756.99
401.00 -27.86 -29.01 -36.53 320.05 244.32 56.04 -0.40
0.00 7298.73
372.50 -31.16 -31.99 -38.25 322.32 245.64 63.11 -0.30
0.00 7824.64
346.70 -34.96 -35.34 -38.45 323.90 247.38 68.18 -0.30
27.00 8329.19
323.10 -38.86 -39.05 -40.98 324.83 249.84 71.60 -0.20
100.00 8816.80
301.80 -42.96 -43.07 -44.60 325.09 251.00 75.19 -0.10
100.00 9280.49
282.40 -46.36 -46.46 -48.31 326.16 250.06 79.76 -0.10
0.00 9724.91
264.80 -48.26 -48.51 -55.30 329.08 248.98 84.48 0.00
0.00 10150.33
248.30 -48.76 -49.11 -61.33 334.27 250.27 89.76 0.00
0.00 10573.40
233.30 -49.46 -49.83 -63.99 339.17 252.58 93.45 0.00
0.00 10982.05
219.50 -50.86 -51.22 -67.42 342.93 253.36 94.27 0.00
0.00 11380.04
205.60 -52.66 -52.99 -72.72 346.52 253.46 94.83 0.10
0.00 11803.99
191.70 -54.56 -54.84 -73.19 350.48 254.69 95.67 0.10
0.00 12253.84
177.70 -56.46 -56.70 -73.70 355.04 256.25 93.18 0.10
0.00 12736.96
163.80 -58.36 -9999.00 -9999.00 -9999.00 256.66 85.84 0.10
0.00 13251.32
149.80 -60.16 -9999.00 -9999.00 -9999.00 255.20 77.54 0.10
0.00 13810.69
135.90 -61.96 -9999.00 -9999.00 -9999.00 253.84 71.19 0.10
0.00 14415.26
121.90 -63.46 -9999.00 -9999.00 -9999.00 253.06 61.32 0.10
0.00 15084.95
107.90 -63.86 -9999.00 -9999.00 -9999.00 248.99 49.32 0.00
0.00 15833.04
94.00 -63.26 -9999.00 -9999.00 -9999.00 241.93 39.63 0.00
0.00 16679.11
81.00 -63.46 -9999.00 -9999.00 -9999.00 234.50 34.13 0.00
0.00 17593.15
70.60 -62.16 -9999.00 -9999.00 -9999.00 229.20 30.03 0.00
0.00 18439.24
62.20 -60.06 -9999.00 -9999.00 -9999.00 228.14 25.04 0.00
0.00 19225.47
54.30 -58.46 -9999.00 -9999.00 -9999.00 234.69 17.13 0.00
0.00 20075.89
46.90 -57.56 -9999.00 -9999.00 -9999.00 224.14 18.41 0.00
0.00 20998.51
40.10 -56.96 -9999.00 -9999.00 -9999.00 240.64 10.70 0.00
0.00 21988.39
33.80 -58.46 -9999.00 -9999.00 -9999.00 202.11 6.70 0.00
0.00 23066.22
27.80 -57.16 -9999.00 -9999.00 -9999.00 256.76 10.18 0.00
0.00 24298.04
22.30 -57.46 -9999.00 -9999.00 -9999.00 317.17 10.86 0.00
0.00 25690.83
17.10 -55.96 -9999.00 -9999.00 -9999.00 278.58 10.41 0.00
0.00 27372.95
12.30 -52.56 -9999.00 -9999.00 -9999.00 283.92 24.22 0.00
0.00 29484.00

STID = KDDC STNM = 724510 TIME = 221026/1700 
SLAT = 37.77 SLON = -99.97 SELV = 770.0
STIM = 5

SHOW = 9.83 LIFT = 9.99 SWET = 228.14 KINX = 9.34
LCLP = 682.08 PWAT = 10.88 TOTL = 35.25 CAPE = 0.00
LCLT = 264.02 CINS = 0.00 EQLV = -9999.00 LFCT = -9999.00
BRCH = 0.00

PRES TMPC TMWC DWPC THTE DRCT SKNT OMEG
CFRL HGHT
926.80 15.04 6.22 -5.13 303.19 155.43 14.96 0.00
0.00 780.02
924.00 14.34 5.86 -5.17 302.72 155.10 17.99 0.10
0.00 805.56
919.00 13.74 5.53 -5.24 302.55 155.51 19.21 0.10
0.00 851.25
910.30 12.84 5.00 -5.42 302.39 155.87 20.44 0.10
0.00 931.14
897.50 11.64 4.29 -5.65 302.31 155.77 21.31 0.10
0.00 1049.64
881.20 10.34 3.34 -6.51 302.13 157.00 22.38 0.10
0.00 1202.34
861.90 9.14 2.43 -7.34 302.45 157.85 23.70 0.10
0.00 1386.00
840.80 7.74 1.46 -7.92 302.94 158.20 24.07 0.10
0.00 1590.61
818.10 6.04 0.42 -8.12 303.56 156.60 22.01 0.00
0.00 1815.31
792.90 4.24 -0.68 -8.22 304.49 154.77 18.69 -0.10
0.00 2070.57
765.10 1.94 -2.09 -8.38 305.24 150.71 18.26 -0.20
0.00 2359.62
734.90 0.34 -3.31 -9.19 306.81 154.54 22.59 -0.30
0.00 2683.48
702.20 -1.36 -4.61 -9.96 308.79 165.43 25.49 -0.30
0.00 3047.29
667.00 -4.56 -7.61 -13.62 308.00 192.79 28.09 -0.30
0.00 3454.60
629.20 -7.06 -9.23 -13.50 310.71 223.04 28.17 -0.30
0.00 3911.72
588.70 -8.96 -11.05 -15.44 313.83 241.67 28.24 -0.20
0.00 4428.72
545.90 -12.56 -14.55 -19.66 314.80 250.77 26.53 -0.20
0.00 5009.06
504.10 -16.86 -18.92 -26.30 314.81 244.44 29.72 -0.20
0.00 5612.12
466.20 -20.86 -22.68 -31.19 315.96 242.53 38.31 -0.30
0.00 6194.17
432.00 -24.56 -25.96 -33.63 317.87 243.95 48.21 -0.40
0.00 6752.88
400.90 -27.96 -29.11 -36.78 319.90 244.38 57.94 -0.40
0.00 7292.98
372.40 -31.26 -31.97 -37.03 322.39 243.67 64.80 -0.40
0.00 7818.81
346.60 -34.86 -35.14 -37.29 324.25 246.10 69.06 -0.40
100.00 8323.52
323.10 -39.06 -39.21 -40.70 324.59 249.35 71.62 -0.30
100.00 8809.04
301.70 -43.26 -43.33 -44.23 324.74 249.06 74.46 -0.20
100.00 9274.48
282.40 -46.76 -46.84 -48.31 325.59 246.91 78.77 -0.20
0.00 9716.00
264.80 -48.16 -48.44 -56.39 329.18 246.33 84.21 -0.10
0.00 10141.14
248.30 -48.76 -49.11 -61.33 334.27 249.00 90.52 -0.10
0.00 10564.30
233.30 -49.56 -49.93 -63.99 339.02 251.53 93.18 -0.10
0.00 10972.86
219.50 -50.76 -51.12 -67.42 343.08 251.83 92.81 0.00
0.00 11370.85
205.60 -52.46 -52.80 -72.72 346.84 251.68 93.32 0.00
0.00 11795.09
191.70 -54.36 -54.65 -73.19 350.80 252.35 94.17 0.00
0.00 12245.35
177.70 -56.56 -56.79 -73.70 354.88 253.38 93.05 0.00
0.00 12728.58
163.80 -58.66 -9999.00 -9999.00 -9999.00 254.00 88.11 0.10
0.00 13242.46
149.80 -60.46 -9999.00 -9999.00 -9999.00 253.18 80.56 0.10
0.00 13801.05
135.90 -62.06 -9999.00 -9999.00 -9999.00 251.95 73.95 0.10
0.00 14405.05
121.90 -63.16 -9999.00 -9999.00 -9999.00 251.40 64.57 0.10
0.00 15075.06
107.90 -63.56 -9999.00 -9999.00 -9999.00 245.29 51.11 0.00
0.00 15824.22
94.00 -63.36 -9999.00 -9999.00 -9999.00 237.97 42.85 0.00
0.00 16670.70
81.00 -63.56 -9999.00 -9999.00 -9999.00 234.50 37.47 0.00
0.00 17584.30
70.60 -62.96 -9999.00 -9999.00 -9999.00 230.51 31.47 0.00
0.00 18428.57
62.20 -61.26 -9999.00 -9999.00 -9999.00 226.41 27.89 0.00
0.00 19211.10
54.30 -59.06 -9999.00 -9999.00 -9999.00 236.78 19.50 0.00
0.00 20057.94
46.90 -58.16 -9999.00 -9999.00 -9999.00 223.75 18.82 0.00
0.00 20977.99
40.10 -57.36 -9999.00 -9999.00 -9999.00 234.09 13.91 0.00
0.00 21965.57
33.80 -58.36 -9999.00 -9999.00 -9999.00 197.65 8.97 0.00
0.00 23042.66
27.80 -56.66 -9999.00 -9999.00 -9999.00 245.56 9.38 0.00
0.00 24276.19
22.30 -57.26 -9999.00 -9999.00 -9999.00 334.54 4.53 0.00
0.00 25671.24
17.10 -56.56 -9999.00 -9999.00 -9999.00 270.00 8.94 0.00
0.00 27351.81
12.30 -52.96 -9999.00 -9999.00 -9999.00 289.36 22.86 0.00
0.00 29458.03

STID = KDDC STNM = 724510 TIME = 221026/1800 
SLAT = 37.77 SLON = -99.97 SELV = 770.0
STIM = 6

SHOW = 9.58 LIFT = 9.57 SWET = 223.60 KINX = 8.95
LCLP = 669.71 PWAT = 10.93 TOTL = 35.73 CAPE = 0.00
LCLT = 263.55 CINS = 0.00 EQLV = -9999.00 LFCT = -9999.00
BRCH = 0.00

PRES TMPC TMWC DWPC THTE DRCT SKNT OMEG
CFRL HGHT
926.80 16.04 6.64 -5.37 304.10 156.11 14.88 0.00
0.00 780.97
924.10 15.34 6.28 -5.41 303.62 156.30 17.40 0.10
0.00 805.68
919.00 14.64 5.90 -5.48 303.36 156.41 18.43 0.10
0.00 852.43
910.30 13.74 5.38 -5.65 303.20 156.50 19.48 0.10
0.00 932.57
897.60 12.54 4.69 -5.84 303.15 157.17 20.03 0.20
0.00 1050.51
881.30 10.94 3.75 -6.12 303.00 157.80 20.55 0.20
0.00 1203.59
861.90 9.44 2.62 -7.19 302.86 158.69 20.84 0.30
0.00 1388.50
840.80 7.84 1.62 -7.51 303.29 160.24 21.25 0.30
0.00 1593.26
818.10 5.94 0.40 -7.96 303.54 161.40 21.31 0.20
0.00 1817.96
792.90 4.04 -0.82 -8.32 304.21 161.73 21.08 0.10
0.00 2073.09
765.20 1.94 -2.17 -8.67 305.05 162.71 21.56 0.00
0.00 2360.97
734.90 0.34 -3.43 -9.59 306.57 163.82 26.50 -0.20
0.00 2685.86
702.20 -1.56 -5.04 -11.09 307.90 168.26 30.56 -0.40
0.00 3049.51
667.00 -4.76 -7.78 -13.80 307.69 197.01 27.21 -0.40
0.00 3456.48
629.20 -7.06 -8.92 -12.41 311.31 228.07 28.21 -0.30
0.00 3913.45
588.70 -9.06 -10.88 -14.55 314.18 245.49 26.69 -0.20
0.00 4430.42
545.90 -12.66 -14.74 -20.23 314.45 247.79 25.17 -0.10
0.00 5010.55
504.10 -16.86 -19.05 -27.20 314.58 242.80 31.45 -0.10
0.00 5613.47
466.20 -20.86 -22.68 -31.19 315.96 243.81 39.61 -0.20
0.00 6195.50
432.00 -24.66 -26.04 -33.63 317.74 245.76 49.20 -0.20
0.00 6754.10
400.90 -28.06 -28.94 -34.19 320.19 244.86 59.44 -0.30
0.00 7294.00
372.40 -31.26 -31.62 -33.85 322.95 245.01 66.22 -0.30
100.00 7819.77
346.60 -35.06 -35.27 -36.86 324.05 247.03 69.19 -0.20
100.00 8324.29
323.10 -39.46 -39.61 -41.28 323.96 247.24 70.78 -0.20
100.00 8809.19
301.70 -43.66 -43.75 -45.00 324.10 244.70 74.55 -0.10
63.00 9273.83
282.40 -46.36 -46.56 -50.66 326.01 243.31 80.01 -0.10
0.00 9715.35
264.80 -47.96 -48.28 -57.63 329.44 245.78 87.12 -0.10
0.00 10141.05
248.30 -48.66 -49.02 -61.33 334.42 248.62 93.24 -0.10
0.00 10564.49
233.30 -49.06 -49.45 -63.99 339.78 250.58 96.39 -0.10
0.00 10973.60
219.50 -50.16 -50.55 -67.42 344.01 252.51 96.95 0.00
0.00 11372.57
205.60 -51.96 -52.32 -72.72 347.62 253.69 96.13 0.00
0.00 11797.86
191.70 -54.26 -54.55 -73.19 350.96 253.20 94.76 0.00
0.00 12248.73
177.70 -56.76 -56.99 -73.70 354.55 252.24 93.63 0.00
0.00 12731.85
163.80 -58.86 -9999.00 -9999.00 -9999.00 252.80 91.30 0.10
0.00 13245.25
149.80 -60.46 -9999.00 -9999.00 -9999.00 253.01 85.10 0.10
0.00 13803.58
135.90 -61.96 -9999.00 -9999.00 -9999.00 251.47 77.04 0.10
0.00 14407.72
121.90 -63.06 -9999.00 -9999.00 -9999.00 249.85 67.66 0.10
0.00 15078.05
107.90 -63.26 -9999.00 -9999.00 -9999.00 244.62 54.84 0.00
0.00 15827.92
94.00 -63.36 -9999.00 -9999.00 -9999.00 238.07 47.38 0.00
0.00 16675.01
81.00 -63.16 -9999.00 -9999.00 -9999.00 241.11 40.60 0.00
0.00 17589.48
70.60 -62.86 -9999.00 -9999.00 -9999.00 239.34 31.62 0.00
0.00 18434.76
62.20 -61.36 -9999.00 -9999.00 -9999.00 232.50 28.40 0.00
0.00 19217.29
54.30 -58.76 -9999.00 -9999.00 -9999.00 241.21 20.16 0.00
0.00 20064.52
46.90 -57.96 -9999.00 -9999.00 -9999.00 220.03 19.02 0.00
0.00 20985.64
40.10 -57.36 -9999.00 -9999.00 -9999.00 221.52 15.83 0.00
0.00 21973.69
33.80 -58.06 -9999.00 -9999.00 -9999.00 195.57 12.30 0.00
0.00 23051.52
27.80 -56.96 -9999.00 -9999.00 -9999.00 233.13 10.68 0.00
0.00 24285.06
22.30 -57.86 -9999.00 -9999.00 -9999.00 274.76 2.33 0.00
0.00 25677.20
17.10 -56.86 -9999.00 -9999.00 -9999.00 268.06 11.46 0.00
0.00 27354.27
12.30 -52.56 -9999.00 -9999.00 -9999.00 300.18 22.03 0.00
0.00 29460.98

STID = KDDC STNM = 724510 TIME = 221026/1900 
SLAT = 37.77 SLON = -99.97 SELV = 770.0
STIM = 7

SHOW = 9.15 LIFT = 9.09 SWET = 225.71 KINX = 9.08
LCLP = 659.33 PWAT = 11.24 TOTL = 36.46 CAPE = 0.00
LCLT = 263.22 CINS = 0.00 EQLV = -9999.00 LFCT = -9999.00
BRCH = 0.00

PRES TMPC TMWC DWPC THTE DRCT SKNT OMEG
CFRL HGHT
925.40 16.84 6.97 -5.53 305.00 155.43 14.96 0.00
0.00 780.10
922.60 16.14 6.62 -5.57 304.52 155.14 17.56 0.00
0.00 805.84
917.60 15.54 6.29 -5.64 304.36 155.31 18.61 0.00
0.00 851.88
908.90 14.54 5.74 -5.77 304.13 155.75 19.39 0.00
0.00 932.38
896.10 13.34 5.05 -5.95 304.09 156.66 20.10 0.00
0.00 1051.76
879.90 11.74 4.12 -6.19 303.97 157.30 20.63 0.00
0.00 1204.58
860.50 9.94 3.04 -6.53 303.95 158.00 20.75 0.00
0.00 1390.22
839.50 8.14 1.84 -7.24 303.92 159.57 21.13 0.00
0.00 1594.64
816.90 6.14 0.59 -7.64 304.09 162.06 21.45 -0.10
0.00 1818.90
791.70 3.94 -0.82 -8.14 304.35 163.35 21.70 -0.10
0.00 2074.46
764.00 2.04 -2.19 -8.94 305.15 168.78 24.96 -0.20
0.00 2362.78
733.90 0.54 -3.45 -10.06 306.65 175.14 29.84 -0.20
0.00 2686.17
701.30 -2.06 -5.70 -12.46 306.72 191.47 27.35 -0.30
0.00 3048.95
666.20 -4.66 -6.75 -10.33 309.84 218.29 28.21 -0.30
0.00 3455.01
628.40 -6.56 -8.00 -10.46 313.23 233.13 29.14 -0.30
0.00 3913.21
588.00 -9.16 -10.83 -14.16 314.39 242.03 24.84 -0.10
0.00 4429.99
545.30 -12.56 -15.02 -22.00 314.03 243.06 26.59 0.00
0.00 5009.41
503.70 -16.76 -19.18 -28.76 314.41 243.88 33.53 0.00
0.00 5610.20
465.90 -20.86 -22.59 -30.37 316.19 246.09 41.22 0.00
0.00 6191.21
431.80 -24.76 -25.83 -31.16 318.14 248.36 50.56 0.00
0.00 6748.41
400.70 -28.26 -28.79 -31.63 320.50 247.05 59.29 -0.10
10.00 7288.28
372.30 -31.56 -31.85 -33.68 322.61 245.12 65.09 -0.10
100.00 7811.90
346.50 -35.36 -35.53 -36.87 323.66 244.17 67.77 -0.10
100.00 8315.94
323.00 -39.76 -39.84 -40.70 323.65 243.37 71.50 -0.10
100.00 8800.37
301.70 -43.46 -43.66 -46.73 324.23 242.18 79.08 -0.20
0.00 9262.80
282.30 -46.36 -46.66 -53.79 325.89 243.02 84.79 -0.20
0.00 9706.87
264.80 -47.86 -48.18 -57.63 329.58 244.98 90.46 -0.10
0.00 10130.31
248.30 -48.06 -48.43 -59.59 335.36 248.05 98.23 -0.10
0.00 10554.41
233.30 -48.56 -48.98 -63.99 340.54 251.60 100.93 -0.10
0.00 10964.53
219.50 -49.66 -50.07 -67.42 344.78 253.87 99.28 -0.10
0.00 11364.39
205.60 -51.46 -51.84 -72.72 348.41 254.43 96.99 -0.10
0.00 11790.64
191.70 -53.76 -54.07 -73.19 351.76 252.84 94.13 -0.10
0.00 12242.53
177.70 -56.36 -56.60 -73.70 355.20 249.95 91.80 -0.10
0.00 12726.65
163.80 -58.86 -9999.00 -9999.00 -9999.00 250.18 91.67 0.00
0.00 13240.54
149.80 -60.36 -9999.00 -9999.00 -9999.00 252.89 90.44 0.10
0.00 13799.00
135.80 -61.66 -9999.00 -9999.00 -9999.00 253.55 81.62 0.10
0.00 14408.28
121.90 -63.16 -9999.00 -9999.00 -9999.00 250.36 69.91 0.00
0.00 15074.38
107.90 -63.66 -9999.00 -9999.00 -9999.00 245.40 58.33 0.00
0.00 15823.36
94.00 -64.06 -9999.00 -9999.00 -9999.00 238.92 50.80 0.00
0.00 16668.23
81.00 -63.46 -9999.00 -9999.00 -9999.00 244.02 42.56 0.00
0.00 17580.52
70.60 -62.66 -9999.00 -9999.00 -9999.00 241.95 30.15 0.00
0.00 18425.60
62.20 -61.76 -9999.00 -9999.00 -9999.00 229.28 29.47 0.00
0.00 19207.76
54.30 -58.46 -9999.00 -9999.00 -9999.00 234.97 23.02 0.00
0.00 20054.79
46.90 -57.66 -9999.00 -9999.00 -9999.00 215.29 21.17 0.00
0.00 20977.20
40.10 -57.36 -9999.00 -9999.00 -9999.00 217.83 20.90 0.00
0.00 21965.93
33.80 -57.36 -9999.00 -9999.00 -9999.00 218.52 12.16 0.00
0.00 23045.51
27.80 -57.06 -9999.00 -9999.00 -9999.00 246.70 13.75 0.00
0.00 24280.77
22.30 -57.66 -9999.00 -9999.00 -9999.00 262.06 8.43 0.00
0.00 25673.23
17.10 -55.26 -9999.00 -9999.00 -9999.00 260.41 13.99 0.00
0.00 27357.30
12.30 -50.96 -9999.00 -9999.00 -9999.00 302.01 14.67 0.00
0.00 29479.44

STID = KDDC STNM = 724510 TIME = 221026/2000 
SLAT = 37.77 SLON = -99.97 SELV = 770.0
STIM = 8

SHOW = 8.21 LIFT = 8.19 SWET = 224.82 KINX = 11.51
LCLP = 654.62 PWAT = 11.43 TOTL = 38.11 CAPE = 0.00
LCLT = 263.31 CINS = 0.00 EQLV = -9999.00 LFCT = -9999.00
BRCH = 0.00

PRES TMPC TMWC DWPC THTE DRCT SKNT OMEG
CFRL HGHT
924.40 17.44 7.29 -5.36 305.84 158.06 15.07 0.00
0.00 780.13
921.60 16.74 6.94 -5.39 305.37 157.96 17.60 0.10
0.00 805.95
916.60 16.14 6.61 -5.47 305.21 158.20 18.82 0.10
0.00 852.14
907.90 15.24 6.11 -5.59 305.09 158.30 19.44 0.10
0.00 932.91
895.20 14.04 5.43 -5.78 305.04 159.12 20.16 0.10
0.00 1051.78
879.00 12.44 4.51 -6.01 304.93 160.20 20.65 0.10
0.00 1205.13
859.60 10.64 3.45 -6.31 304.94 161.73 21.08 0.00
0.00 1391.43
838.70 8.64 2.26 -6.63 304.93 163.55 21.27 0.00
0.00 1595.52
816.00 6.44 0.90 -7.08 304.87 166.21 22.01 0.00
0.00 1821.34
790.90 4.24 -0.52 -7.62 305.10 169.96 22.30 -0.10
0.00 2076.45
763.30 1.64 -2.19 -8.13 305.29 171.03 22.42 -0.20
0.00 2363.98
733.20 -0.66 -3.86 -9.07 305.97 178.21 24.88 -0.20
0.00 2686.76
700.70 -2.76 -6.00 -12.00 306.24 197.82 28.57 -0.20
0.00 3047.53
665.60 -4.16 -6.35 -10.01 310.71 225.69 34.21 -0.30
0.00 3453.82
627.90 -5.96 -7.84 -11.08 313.62 240.08 31.16 -0.50
0.00 3912.12
587.60 -8.96 -10.95 -15.04 314.22 242.41 24.32 -0.50
0.00 4428.74
545.00 -12.76 -15.26 -22.58 313.64 242.50 26.50 -0.40
0.00 5007.12
503.40 -17.06 -19.26 -27.62 314.36 243.89 33.10 -0.30
0.00 5607.67
465.70 -21.16 -22.53 -28.19 316.35 247.30 41.28 -0.20
0.00 6186.80
431.60 -24.96 -25.71 -29.13 318.40 249.42 49.18 -0.10
0.00 6743.74
400.60 -28.36 -28.75 -30.75 320.59 248.85 57.07 -0.10
100.00 7281.78
372.20 -31.86 -32.07 -33.35 322.31 245.59 62.51 -0.10
100.00 7805.11
346.40 -36.06 -36.31 -38.46 322.49 242.42 68.38 -0.10
100.00 8308.23
323.00 -39.56 -40.13 -48.84 323.18 243.50 79.23 -0.10
49.00 8790.12
301.60 -43.46 -43.99 -58.05 323.72 244.84 84.98 -0.10
0.00 9254.95
282.30 -46.76 -47.11 -57.12 325.19 243.61 86.97 -0.10
0.00 9696.39
264.70 -47.86 -48.16 -56.39 329.66 243.38 94.95 0.00
0.00 10121.96
248.30 -48.16 -48.52 -59.59 335.21 246.77 99.98 0.00
0.00 10543.48
233.30 -48.46 -48.88 -63.99 340.69 250.54 99.71 0.00
0.00 10953.59
219.50 -49.36 -49.81 -72.27 345.20 253.02 99.11 0.00
0.00 11353.81
205.60 -51.36 -51.74 -72.72 348.56 253.76 99.34 0.00
0.00 11780.44
191.70 -53.56 -53.88 -73.19 352.08 251.89 97.49 0.00
0.00 12232.64
177.70 -56.16 -56.41 -73.70 355.53 248.94 95.12 0.00
0.00 12717.20
163.80 -58.66 -9999.00 -9999.00 -9999.00 248.26 93.90 0.00
0.00 13231.56
149.80 -60.66 -9999.00 -9999.00 -9999.00 250.16 92.72 0.00
0.00 13789.89
135.90 -62.26 -9999.00 -9999.00 -9999.00 252.54 86.75 0.00
0.00 14393.32
121.90 -63.56 -9999.00 -9999.00 -9999.00 251.66 72.84 0.00
0.00 15062.37
107.90 -64.26 -9999.00 -9999.00 -9999.00 244.19 59.34 0.00
0.00 15809.57
94.00 -64.76 -9999.00 -9999.00 -9999.00 236.73 51.34 0.00
0.00 16651.81
81.00 -63.86 -9999.00 -9999.00 -9999.00 238.86 42.44 0.00
0.00 17561.71
70.60 -62.06 -9999.00 -9999.00 -9999.00 233.97 29.06 0.00
0.00 18407.19
62.20 -61.46 -9999.00 -9999.00 -9999.00 224.74 30.63 0.00
0.00 19191.01
54.30 -57.76 -9999.00 -9999.00 -9999.00 232.77 24.40 0.00
0.00 20040.04
46.90 -57.06 -9999.00 -9999.00 -9999.00 217.22 19.27 0.00
0.00 20965.23
40.10 -57.36 -9999.00 -9999.00 -9999.00 218.66 19.89 0.00
0.00 21955.34
33.80 -57.36 -9999.00 -9999.00 -9999.00 237.03 8.57 0.00
0.00 23034.92
27.80 -58.46 -9999.00 -9999.00 -9999.00 266.12 11.48 0.00
0.00 24266.17
22.30 -58.36 -9999.00 -9999.00 -9999.00 268.85 9.71 0.00
0.00 25651.86
17.10 -54.66 -9999.00 -9999.00 -9999.00 254.33 16.55 0.00
0.00 27335.54
12.30 -49.96 -9999.00 -9999.00 -9999.00 292.62 15.15 0.00
0.00 29465.39

STID = KDDC STNM = 724510 TIME = 221026/2100 
SLAT = 37.77 SLON = -99.97 SELV = 770.0
STIM = 9

SHOW = 7.23 LIFT = 7.22 SWET = 227.51 KINX = 16.25
LCLP = 659.92 PWAT = 12.02 TOTL = 39.95 CAPE = 0.00
LCLT = 264.26 CINS = 0.00 EQLV = -9999.00 LFCT = -9999.00
BRCH = 0.00

PRES TMPC TMWC DWPC THTE DRCT SKNT OMEG
CFRL HGHT
923.50 17.74 7.64 -4.49 306.81 155.43 14.96 0.00
0.00 781.08
920.70 17.14 7.33 -4.54 306.44 155.40 17.74 0.10
0.00 806.95
915.70 16.54 7.02 -4.56 306.31 156.04 19.13 0.10
0.00 853.26
907.10 15.74 6.57 -4.69 306.29 156.73 19.66 0.10
0.00 933.31
894.40 14.54 5.90 -4.87 306.25 157.59 20.38 0.10
0.00 1052.51
878.10 12.94 4.99 -5.12 306.14 159.19 20.78 0.10
0.00 1207.24
858.80 11.14 3.94 -5.41 306.15 160.73 21.19 0.10
0.00 1393.10
837.90 9.14 2.77 -5.73 306.15 163.84 21.64 0.10
0.00 1597.77
815.30 6.94 1.46 -6.04 306.17 167.31 22.11 0.10
0.00 1823.23
790.20 4.54 -0.01 -6.45 306.27 175.64 22.98 0.10
0.00 2078.97
762.60 2.04 -1.64 -7.05 306.52 181.40 23.89 0.10
0.00 2367.17
732.60 -0.96 -3.53 -7.48 306.73 182.79 23.91 0.10
0.00 2689.28
700.00 -3.36 -5.64 -9.47 307.10 199.35 26.96 0.20
0.00 3050.97
665.00 -3.96 -6.29 -10.17 310.93 230.19 34.89 0.30
0.00 3456.25
627.50 -5.46 -7.86 -12.13 313.63 243.74 32.93 0.20
0.00 3913.03
587.20 -8.56 -11.24 -17.25 313.69 248.35 27.37 0.00
0.00 4430.78
544.70 -12.66 -15.14 -22.29 313.91 249.13 28.90 -0.20
0.00 5008.66
503.20 -17.26 -18.83 -23.98 315.17 249.10 34.30 -0.30
0.00 5607.99
465.50 -21.36 -22.18 -25.15 317.00 251.82 41.71 -0.30
0.00 6187.01
431.40 -25.06 -25.61 -28.00 318.61 253.17 48.31 -0.30
39.00 6743.92
400.50 -28.56 -28.98 -31.19 320.25 250.10 55.36 -0.30
100.00 7280.10
372.10 -32.76 -33.13 -35.74 320.67 244.86 63.09 -0.20
89.00 7802.35
346.30 -35.96 -36.65 -44.57 321.96 246.10 76.71 -0.20
18.00 8304.72
322.90 -39.86 -40.52 -52.66 322.60 248.15 85.61 -0.20
0.00 8786.52
301.60 -43.66 -44.13 -55.32 323.51 246.11 89.22 -0.20
0.00 9248.74
282.30 -46.26 -46.56 -53.79 326.03 242.69 93.57 -0.20
0.00 9690.48
264.70 -47.96 -48.20 -54.32 329.59 243.33 98.25 -0.20
0.00 10116.43
248.30 -48.46 -48.80 -59.59 334.76 247.08 98.27 -0.10
0.00 10537.58
233.30 -48.76 -49.19 -66.98 340.19 249.79 97.28 -0.10
0.00 10947.15
219.50 -49.66 -50.10 -72.27 344.73 251.64 99.26 -0.10
0.00 11346.83
205.60 -51.46 -51.84 -72.72 348.41 253.03 101.15 0.00
0.00 11773.08
191.70 -53.76 -54.07 -73.19 351.76 252.20 100.37 0.00
0.00 12224.97
177.70 -56.36 -56.60 -73.70 355.20 249.40 97.75 0.00
0.00 12709.09
163.80 -59.16 -9999.00 -9999.00 -9999.00 248.59 95.77 0.10
0.00 13222.61
149.80 -60.96 -9999.00 -9999.00 -9999.00 249.56 92.87 0.10
0.00 13779.90
135.90 -62.36 -9999.00 -9999.00 -9999.00 249.65 86.60 0.10
0.00 14382.75
121.90 -63.66 -9999.00 -9999.00 -9999.00 248.31 75.68 0.10
0.00 15051.49
107.90 -63.76 -9999.00 -9999.00 -9999.00 241.74 61.54 0.10
0.00 15799.40
94.00 -64.36 -9999.00 -9999.00 -9999.00 234.97 53.13 0.10
0.00 16643.46
81.00 -63.06 -9999.00 -9999.00 -9999.00 238.50 42.39 0.00
0.00 17555.97
70.60 -60.96 -9999.00 -9999.00 -9999.00 233.36 29.29 0.00
0.00 18405.27
62.20 -60.76 -9999.00 -9999.00 -9999.00 229.03 29.33 0.00
0.00 19192.43
54.30 -57.26 -9999.00 -9999.00 -9999.00 233.88 26.69 0.00
0.00 20043.84
46.90 -57.06 -9999.00 -9999.00 -9999.00 212.81 17.56 0.00
0.00 20970.11
40.10 -58.76 -9999.00 -9999.00 -9999.00 217.18 21.21 0.00
0.00 21957.01
33.80 -58.16 -9999.00 -9999.00 -9999.00 240.26 9.40 0.00
0.00 23031.09
27.80 -59.26 -9999.00 -9999.00 -9999.00 264.90 10.92 0.00
0.00 24257.76
22.30 -57.36 -9999.00 -9999.00 -9999.00 268.09 11.65 0.00
0.00 25644.09
17.10 -54.36 -9999.00 -9999.00 -9999.00 265.24 18.71 0.00
0.00 27332.83
12.30 -50.26 -9999.00 -9999.00 -9999.00 281.16 15.05 0.00
0.00 29462.68

STID = KDDC STNM = 724510 TIME = 221026/2200 
SLAT = 37.77 SLON = -99.97 SELV = 770.0
STIM = 10

SHOW = 6.39 LIFT = 6.39 SWET = 232.44 KINX = 17.28
LCLP = 662.19 PWAT = 12.33 TOTL = 41.43 CAPE = 0.00
LCLT = 264.93 CINS = 0.00 EQLV = -9999.00 LFCT = -9999.00
BRCH = 0.00

PRES TMPC TMWC DWPC THTE DRCT SKNT OMEG
CFRL HGHT
924.00 18.24 8.03 -3.83 307.74 158.86 15.62 0.00
0.00 780.17
921.20 17.74 7.78 -3.87 307.47 159.51 18.86 0.00
0.00 806.08
916.20 17.24 7.51 -3.95 307.42 160.20 20.65 0.00
0.00 852.47
907.60 16.34 7.02 -4.07 307.29 161.08 21.56 -0.10
0.00 932.66
894.80 15.24 6.39 -4.26 307.37 161.57 22.11 -0.20
0.00 1053.02
878.60 13.64 5.50 -4.50 307.26 162.97 22.55 -0.30
0.00 1207.11
859.30 11.84 4.46 -4.80 307.27 164.79 22.94 -0.40
0.00 1393.34
838.30 9.84 3.28 -5.16 307.25 167.01 23.33 -0.50
0.00 1599.41
815.70 7.64 1.97 -5.56 307.22 170.61 23.82 -0.60
0.00 1825.33
790.60 5.14 0.43 -6.06 307.15 173.05 24.07 -0.60
0.00 2081.56
763.00 2.54 -1.28 -6.78 307.21 180.00 24.48 -0.40
0.00 2370.20
732.90 -0.26 -3.22 -7.73 307.32 182.70 24.69 -0.10
0.00 2693.93
700.30 -2.66 -5.11 -9.09 308.10 203.36 26.46 0.30
0.00 3056.41
665.30 -3.26 -5.93 -10.35 311.59 234.26 31.59 0.60
0.00 3462.56
627.70 -5.06 -7.87 -13.03 313.55 249.31 29.70 0.60
0.00 3921.30
587.50 -8.36 -11.11 -17.24 313.89 254.71 27.99 0.50
0.00 4438.11
544.90 -12.76 -14.64 -19.45 314.81 254.00 30.30 0.30
0.00 5017.25
503.30 -17.36 -18.33 -21.16 316.03 253.63 35.84 0.20
0.00 5617.75
465.60 -21.56 -22.21 -24.54 316.93 257.21 41.24 0.10
14.00 6196.37
431.50 -25.56 -26.19 -29.14 317.65 254.41 46.99 0.00
10.00 6752.37
400.50 -29.36 -29.79 -32.27 318.96 248.20 56.49 0.00
66.00 7288.77
372.10 -33.06 -33.65 -38.52 319.85 247.77 67.77 -0.10
14.00 7809.82
346.40 -36.46 -37.35 -51.16 320.84 248.68 76.94 -0.20
0.00 8309.29
322.90 -39.66 -40.41 -56.03 322.76 247.06 90.70 -0.20
0.00 8792.75
301.60 -42.96 -43.41 -52.34 324.62 245.25 96.04 -0.30
0.00 9255.87
282.30 -45.66 -46.00 -53.79 326.89 244.11 96.52 -0.40
0.00 9698.87
264.70 -47.56 -47.92 -59.09 330.02 245.28 94.31 -0.40
0.00 10125.76
248.30 -48.26 -48.66 -63.52 334.97 247.80 93.57 -0.40
0.00 10547.46
233.30 -48.76 -49.19 -66.98 340.19 250.31 95.73 -0.30
0.00 10957.21
219.50 -49.86 -50.29 -72.27 344.42 252.14 98.17 -0.30
0.00 11356.71
205.60 -51.46 -51.84 -72.72 348.41 252.99 100.95 -0.20
0.00 11782.77
191.70 -53.46 -53.78 -73.19 352.24 252.63 102.18 -0.20
0.00 12234.97
177.70 -55.86 -9999.00 -9999.00 -9999.00 250.90 100.31 -0.20
0.00 12719.97
163.80 -58.56 -9999.00 -9999.00 -9999.00 249.61 96.99 -0.20
0.00 13234.81
149.80 -61.16 -9999.00 -9999.00 -9999.00 249.98 93.05 -0.10
0.00 13792.62
135.90 -62.86 -9999.00 -9999.00 -9999.00 249.82 86.71 0.00
0.00 14394.47
121.90 -63.66 -9999.00 -9999.00 -9999.00 245.51 76.85 0.00
0.00 15062.41
107.90 -64.36 -9999.00 -9999.00 -9999.00 240.60 64.88 0.10
0.00 15809.25
94.00 -64.46 -9999.00 -9999.00 -9999.00 235.14 55.40 0.10
0.00 16651.90
81.00 -62.76 -9999.00 -9999.00 -9999.00 239.90 42.21 0.00
0.00 17564.85
70.60 -59.96 -9999.00 -9999.00 -9999.00 238.15 30.19 0.00
0.00 18416.76
62.20 -60.46 -9999.00 -9999.00 -9999.00 238.13 25.39 -0.10
0.00 19206.33
54.30 -58.66 -9999.00 -9999.00 -9999.00 234.80 26.63 0.00
0.00 20055.56
46.90 -57.36 -9999.00 -9999.00 -9999.00 215.54 18.38 0.00
0.00 20978.18
40.10 -59.06 -9999.00 -9999.00 -9999.00 217.08 20.94 0.00
0.00 21963.70
33.80 -57.36 -9999.00 -9999.00 -9999.00 258.02 13.11 0.00
0.00 23039.03
27.80 -58.06 -9999.00 -9999.00 -9999.00 275.91 11.32 0.00
0.00 24271.42
22.30 -55.46 -9999.00 -9999.00 -9999.00 286.44 12.35 0.00
0.00 25667.76
17.10 -54.26 -9999.00 -9999.00 -9999.00 280.95 18.40 0.00
0.00 27364.26
12.30 -50.66 -9999.00 -9999.00 -9999.00 276.22 19.74 0.00
0.00 29492.67

STID = KDDC STNM = 724510 TIME = 221026/2300 
SLAT = 37.77 SLON = -99.97 SELV = 770.0
STIM = 11

SHOW = 6.00 LIFT = 6.03 SWET = 235.91 KINX = 16.74
LCLP = 666.57 PWAT = 12.36 TOTL = 42.10 CAPE = 0.00
LCLT = 265.10 CINS = 0.00 EQLV = -9999.00 LFCT = -9999.00
BRCH = 0.00

PRES TMPC TMWC DWPC THTE DRCT SKNT OMEG
CFRL HGHT
923.60 17.84 7.87 -3.75 307.41 162.90 13.21 0.00
0.00 780.16
920.90 17.64 7.76 -3.79 307.45 163.18 17.44 0.00
0.00 805.13
915.80 17.24 7.53 -3.87 307.51 163.83 20.22 0.00
0.00 852.46
907.20 16.44 7.09 -3.99 307.50 164.74 22.14 -0.10
0.00 932.70
894.40 15.34 6.46 -4.18 307.57 165.74 23.66 -0.30
0.00 1053.16
878.20 13.84 5.60 -4.47 307.54 167.18 24.49 -0.40
0.00 1207.40
858.90 12.04 4.56 -4.80 307.53 168.34 25.00 -0.60
0.00 1393.85
837.90 10.04 3.38 -5.17 307.51 170.32 25.43 -0.70
0.00 1600.16
815.30 7.84 2.06 -5.57 307.49 172.18 25.68 -0.80
0.00 1826.35
790.20 5.34 0.54 -6.02 307.45 174.42 25.95 -0.70
0.00 2082.89
762.70 2.64 -1.24 -6.83 307.33 178.28 25.85 -0.60
0.00 2370.77
732.60 -0.06 -3.16 -7.92 307.46 183.47 25.68 -0.30
0.00 2694.80
700.10 -1.66 -4.52 -9.09 309.27 218.33 25.99 0.00
0.00 3057.09
665.10 -2.36 -5.49 -10.65 312.47 243.08 27.89 0.30
0.00 3464.78
627.50 -4.76 -7.88 -13.71 313.56 257.28 24.69 0.50
0.00 3924.66
587.30 -8.56 -10.86 -15.66 314.43 261.93 26.28 0.60
0.00 4441.75
544.70 -13.06 -14.38 -17.52 315.34 256.68 30.34 0.50
0.00 5020.64
503.20 -17.56 -18.24 -20.15 316.22 257.64 35.39 0.40
6.00 5619.35
465.50 -22.06 -22.68 -24.95 316.18 260.25 37.84 0.30
25.00 6197.31
431.40 -25.86 -26.33 -28.49 317.45 252.57 45.40 0.20
89.00 6752.55
400.40 -30.36 -30.96 -35.00 317.16 250.18 58.43 0.20
43.00 7287.65
372.10 -33.56 -34.63 -48.25 318.31 251.79 64.01 0.10
0.00 7805.25
346.30 -36.66 -37.67 -58.73 320.35 249.50 73.21 0.00
0.00 8305.96
322.90 -39.66 -40.46 -59.28 322.68 247.09 81.82 -0.10
0.00 8787.21
301.60 -42.76 -43.34 -58.05 324.70 246.25 86.81 -0.20
0.00 9250.52
282.30 -45.26 -45.74 -60.34 327.26 246.67 87.80 -0.30
0.00 9694.10
264.70 -46.76 -47.21 -63.04 331.10 247.59 87.63 -0.30
0.00 10122.10
248.30 -47.66 -48.12 -66.52 335.82 249.08 89.22 -0.40
0.00 10545.11
233.30 -48.76 -49.22 -71.86 340.14 250.53 91.47 -0.40
0.00 10955.40
219.50 -50.06 -50.48 -72.27 344.12 251.53 94.41 -0.40
0.00 11354.73
205.60 -51.86 -52.22 -72.72 347.78 252.65 97.69 -0.30
0.00 11780.21
191.70 -53.96 -54.26 -73.19 351.44 253.22 100.23 -0.20
0.00 12231.49
177.70 -56.16 -9999.00 -9999.00 -9999.00 252.54 101.01 -0.10
0.00 12715.60
163.80 -58.46 -9999.00 -9999.00 -9999.00 251.57 99.51 -0.10
0.00 13230.20
149.80 -60.66 -9999.00 -9999.00 -9999.00 251.08 94.06 0.00
0.00 13788.79
135.80 -62.56 -9999.00 -9999.00 -9999.00 248.57 84.52 0.00
0.00 14396.35
121.90 -63.56 -9999.00 -9999.00 -9999.00 245.04 77.35 0.10
0.00 15060.40
107.90 -63.96 -9999.00 -9999.00 -9999.00 239.97 67.54 0.10
0.00 15808.13
94.00 -64.46 -9999.00 -9999.00 -9999.00 238.90 57.17 0.10
0.00 16651.58
81.00 -63.36 -9999.00 -9999.00 -9999.00 244.58 43.45 0.00
0.00 17563.22
70.60 -61.06 -9999.00 -9999.00 -9999.00 241.97 30.59 0.00
0.00 18411.72
62.20 -59.86 -9999.00 -9999.00 -9999.00 240.95 23.99 0.00
0.00 19200.37
54.30 -58.96 -9999.00 -9999.00 -9999.00 231.66 27.23 0.00
0.00 20050.19
46.90 -57.56 -9999.00 -9999.00 -9999.00 223.45 20.34 0.00
0.00 20971.73
40.10 -58.46 -9999.00 -9999.00 -9999.00 222.51 18.98 0.00
0.00 21958.17
33.80 -57.46 -9999.00 -9999.00 -9999.00 278.34 14.72 0.00
0.00 23034.76
27.80 -57.76 -9999.00 -9999.00 -9999.00 283.30 10.98 0.00
0.00 24267.72
22.30 -56.06 -9999.00 -9999.00 -9999.00 295.71 11.64 0.00
0.00 25663.09
17.10 -56.06 -9999.00 -9999.00 -9999.00 291.50 13.77 0.00
0.00 27350.27
12.30 -51.16 -9999.00 -9999.00 -9999.00 272.60 17.11 0.00
0.00 29467.58

STID = KDDC STNM = 724510 TIME = 221027/0000 
SLAT = 37.77 SLON = -99.97 SELV = 770.0
STIM = 12

SHOW = 6.08 LIFT = 6.22 SWET = 239.60 KINX = 15.68
LCLP = 685.71 PWAT = 12.50 TOTL = 42.10 CAPE = 0.00
LCLT = 265.91 CINS = 0.00 EQLV = -9999.00 LFCT = -9999.00
BRCH = 0.00

PRES TMPC TMWC DWPC THTE DRCT SKNT OMEG
CFRL HGHT
923.20 16.34 7.30 -3.30 306.17 155.73 10.86 0.00
0.00 781.03
920.50 16.54 7.37 -3.34 306.64 157.07 16.45 0.00
0.00 805.91
915.50 16.34 7.24 -3.41 306.91 158.72 19.81 0.00
0.00 852.17
906.80 15.84 6.93 -3.54 307.21 160.69 24.09 -0.10
0.00 933.17
894.10 14.94 6.40 -3.73 307.49 163.26 26.98 -0.30
0.00 1052.53
877.90 13.44 5.55 -3.97 307.50 165.02 28.55 -0.40
0.00 1206.62
858.60 11.74 4.55 -4.31 307.59 167.26 29.08 -0.50
0.00 1392.92
837.60 9.74 3.36 -4.72 307.54 169.14 28.88 -0.50
0.00 1599.09
815.00 7.54 2.05 -5.12 307.51 171.37 28.50 -0.40
0.00 1825.15
789.90 5.14 0.57 -5.61 307.56 173.97 27.74 -0.40
0.00 2081.56
762.40 2.54 -1.24 -6.66 307.37 179.18 27.00 -0.30
0.00 2369.41
732.40 0.34 -2.95 -7.97 307.91 194.25 25.25 -0.20
0.00 2692.66
699.90 -0.26 -3.65 -8.86 311.06 231.82 25.45 0.00
0.00 3056.25
664.90 -1.66 -5.33 -11.51 312.80 252.01 23.89 0.20
0.00 3465.63
627.30 -4.46 -7.63 -13.48 314.07 264.44 22.05 0.40
0.00 3926.48
587.10 -8.66 -10.62 -14.52 314.94 264.42 25.95 0.40
0.00 4443.97
544.60 -13.26 -14.26 -16.56 315.58 258.83 31.08 0.40
0.00 5021.39
503.10 -17.46 -18.22 -20.38 316.26 262.61 31.74 0.20
4.00 5620.12
465.40 -22.06 -22.60 -24.55 316.33 255.49 34.11 0.20
62.00 6198.31
431.30 -27.16 -27.49 -29.14 315.63 252.86 43.49 0.20
100.00 6752.22
400.40 -30.46 -31.68 -43.68 316.00 254.71 51.55 0.30
0.00 7284.08
372.10 -33.86 -35.16 -68.60 317.44 256.34 56.78 0.30
0.00 7801.19
346.30 -36.86 -37.85 -58.73 320.08 254.93 57.54 0.30
0.00 8301.35
322.90 -39.76 -40.57 -61.53 322.50 252.08 61.87 0.20
0.00 8782.29
301.60 -42.96 -43.58 -62.05 324.34 251.72 68.12 0.10
0.00 9245.31
282.30 -45.56 -46.05 -62.55 326.79 251.98 75.99 0.00
0.00 9688.39
264.70 -47.16 -47.59 -63.04 330.52 251.57 81.08 0.00
0.00 10115.74
248.30 -48.06 -48.50 -66.52 335.23 250.70 85.22 -0.10
0.00 10537.99
233.30 -48.96 -49.41 -71.86 339.84 250.16 90.44 -0.10
0.00 10947.74
219.50 -50.06 -50.48 -72.27 344.12 250.49 94.79 -0.10
0.00 11346.88
205.60 -51.76 -52.13 -72.72 347.94 251.49 97.30 -0.10
0.00 11772.46
191.70 -53.86 -54.16 -73.19 351.60 251.92 98.89 -0.10
0.00 12223.94
177.70 -56.06 -9999.00 -9999.00 -9999.00 251.28 100.50 -0.10
0.00 12708.28
163.80 -58.46 -9999.00 -9999.00 -9999.00 250.72 100.02 0.00
0.00 13223.00
149.80 -60.56 -9999.00 -9999.00 -9999.00 251.23 94.77 0.00
0.00 13781.72
135.90 -62.06 -9999.00 -9999.00 -9999.00 249.35 84.29 0.00
0.00 14385.57
121.90 -63.06 -9999.00 -9999.00 -9999.00 243.70 75.84 0.00
0.00 15055.74
107.90 -63.46 -9999.00 -9999.00 -9999.00 240.34 67.50 0.00
0.00 15805.26
94.00 -64.06 -9999.00 -9999.00 -9999.00 241.31 56.24 0.00
0.00 16650.53
81.00 -62.56 -9999.00 -9999.00 -9999.00 246.53 43.41 0.10
0.00 17564.78
70.60 -60.16 -9999.00 -9999.00 -9999.00 243.27 29.80 0.00
0.00 18416.70
62.20 -58.66 -9999.00 -9999.00 -9999.00 244.06 23.97 0.00
0.00 19209.24
54.30 -58.16 -9999.00 -9999.00 -9999.00 234.83 24.96 0.00
0.00 20063.03
46.90 -58.06 -9999.00 -9999.00 -9999.00 237.38 17.29 0.00
0.00 20985.22
40.10 -59.36 -9999.00 -9999.00 -9999.00 229.32 14.61 0.00
0.00 21968.45
33.80 -59.56 -9999.00 -9999.00 -9999.00 273.42 13.03 0.00
0.00 23037.53
27.80 -58.56 -9999.00 -9999.00 -9999.00 265.14 9.17 0.00
0.00 24262.20
22.30 -57.46 -9999.00 -9999.00 -9999.00 309.99 7.87 0.00
0.00 25650.47
17.10 -56.96 -9999.00 -9999.00 -9999.00 287.59 8.35 0.00
0.00 27328.71
12.30 -51.06 -9999.00 -9999.00 -9999.00 270.00 12.24 0.00
0.00 29442.17

STID = KDDC STNM = 724510 TIME = 221027/0100 
SLAT = 37.77 SLON = -99.97 SELV = 770.0
STIM = 13

SHOW = 5.68 LIFT = 5.93 SWET = 247.41 KINX = 14.71
LCLP = 707.67 PWAT = 12.48 TOTL = 43.19 CAPE = 0.00
LCLT = 266.98 CINS = 0.00 EQLV = -9999.00 LFCT = -9999.00
BRCH = 0.00

PRES TMPC TMWC DWPC THTE DRCT SKNT OMEG
CFRL HGHT
923.60 14.94 6.84 -2.61 305.13 150.26 10.96 0.00
0.00 780.06
920.80 15.14 6.93 -2.61 305.64 151.74 17.64 0.00
0.00 805.72
915.80 15.04 6.84 -2.68 306.01 153.67 21.02 -0.10
0.00 851.76
907.10 14.74 6.63 -2.77 306.56 156.80 26.63 -0.20
0.00 932.41
894.40 14.04 6.21 -2.92 307.08 160.20 30.96 -0.30
0.00 1051.33
878.20 12.84 5.49 -3.21 307.37 163.27 33.06 -0.50
0.00 1204.99
858.90 11.14 4.46 -3.62 307.40 165.64 33.68 -0.50
0.00 1390.85
837.90 9.24 3.31 -4.07 307.42 167.11 33.08 -0.50
0.00 1596.57
815.30 7.04 1.97 -4.55 307.33 168.83 32.07 -0.30
0.00 1822.16
790.20 4.84 0.44 -5.52 307.25 172.60 30.17 -0.20
0.00 2078.13
762.60 2.74 -1.17 -6.79 307.48 184.11 27.08 -0.10
0.00 2366.88
732.60 1.54 -2.13 -7.48 309.57 216.70 25.68 -0.10
0.00 2690.87
700.10 0.64 -3.34 -9.51 311.64 240.74 25.84 0.00
0.00 3055.75
665.00 -1.26 -5.19 -11.83 313.06 255.45 20.86 0.10
0.00 3467.16
627.50 -4.46 -7.45 -12.81 314.41 267.42 21.58 0.20
0.00 3927.03
587.30 -8.76 -10.46 -13.74 315.22 262.98 25.45 0.40
0.00 4444.30
544.70 -13.16 -14.32 -17.00 315.47 262.92 28.38 0.40
0.00 5022.93
503.20 -17.96 -18.60 -20.45 315.59 257.03 30.30 0.50
8.00 5621.07
465.50 -22.46 -23.00 -25.05 315.65 256.61 33.55 0.60
87.00 6198.11
431.40 -26.56 -27.92 -37.34 314.88 258.58 39.24 0.60
61.00 6752.04
400.40 -29.26 -9999.00 -9999.00 -9999.00 262.11 45.30 0.50
0.00 7287.41
372.10 -32.86 -34.15 -53.58 319.01 263.40 47.32 0.40
0.00 7806.86
346.40 -36.56 -37.60 -60.98 320.42 262.96 49.13 0.20
0.00 8306.38
322.90 -40.26 -41.01 -59.28 321.85 259.45 51.96 0.10
0.00 8789.10
301.60 -43.86 -44.42 -62.05 323.07 254.88 57.34 0.00
0.00 9250.72
282.30 -46.66 -47.09 -62.55 325.21 253.16 66.38 0.00
0.00 9691.87
264.70 -47.86 -48.28 -66.06 329.45 252.69 75.08 0.00
0.00 10117.52
248.30 -48.56 -48.97 -66.52 334.48 252.07 83.29 0.00
0.00 10538.65
233.30 -48.86 -49.31 -71.86 339.99 251.57 90.91 -0.10
0.00 10948.03
219.50 -49.56 -50.00 -72.27 344.89 251.89 96.87 -0.10
0.00 11347.71
205.60 -51.16 -51.55 -72.72 348.88 252.34 100.50 -0.10
0.00 11774.34
191.70 -53.46 -53.78 -73.19 352.24 252.01 102.53 -0.10
0.00 12226.85
177.70 -55.96 -9999.00 -9999.00 -9999.00 251.12 103.26 0.00
0.00 12711.74
163.80 -58.36 -9999.00 -9999.00 -9999.00 250.83 101.18 0.00
0.00 13226.70
149.80 -60.16 -9999.00 -9999.00 -9999.00 251.49 94.23 0.00
0.00 13786.08
135.90 -61.46 -9999.00 -9999.00 -9999.00 249.58 83.53 0.00
0.00 14391.35
121.90 -62.36 -9999.00 -9999.00 -9999.00 245.62 75.29 0.00
0.00 15063.59
107.90 -62.66 -9999.00 -9999.00 -9999.00 243.36 68.03 0.00
0.00 15815.78
94.00 -63.66 -9999.00 -9999.00 -9999.00 244.32 56.47 -0.10
0.00 16663.47
81.00 -62.66 -9999.00 -9999.00 -9999.00 249.50 42.72 0.00
0.00 17578.38
70.60 -60.16 -9999.00 -9999.00 -9999.00 245.28 29.72 0.00
0.00 18430.10
62.20 -59.36 -9999.00 -9999.00 -9999.00 245.67 24.51 0.00
0.00 19221.34
54.30 -58.16 -9999.00 -9999.00 -9999.00 235.47 21.93 0.00
0.00 20073.74
46.90 -58.76 -9999.00 -9999.00 -9999.00 232.31 16.20 0.00
0.00 20994.43
40.10 -59.36 -9999.00 -9999.00 -9999.00 218.78 13.95 0.00
0.00 21976.06
33.80 -59.06 -9999.00 -9999.00 -9999.00 244.54 9.03 0.00
0.00 23046.39
27.80 -57.26 -9999.00 -9999.00 -9999.00 253.69 8.29 0.00
0.00 24276.21
22.30 -57.56 -9999.00 -9999.00 -9999.00 303.69 9.11 0.00
0.00 25668.35
17.10 -56.66 -9999.00 -9999.00 -9999.00 272.53 13.23 0.00
0.00 27347.37
12.30 -50.96 -9999.00 -9999.00 -9999.00 265.08 18.12 0.00
0.00 29462.75

STID = KDDC STNM = 724510 TIME = 221027/0200 
SLAT = 37.77 SLON = -99.97 SELV = 770.0
STIM = 14

SHOW = 5.63 LIFT = 6.07 SWET = 249.72 KINX = 14.17
LCLP = 743.33 PWAT = 12.49 TOTL = 43.64 CAPE = 0.00
LCLT = 269.13 CINS = 0.00 EQLV = -9999.00 LFCT = -9999.00
BRCH = 0.00

PRES TMPC TMWC DWPC THTE DRCT SKNT OMEG
CFRL HGHT
924.00 13.24 6.52 -1.07 304.45 143.97 10.57 0.00
0.00 780.00
921.20 13.44 6.60 -1.08 304.95 145.62 17.89 0.00
0.00 805.51
916.20 13.34 6.54 -1.08 305.38 146.75 20.90 -0.10
0.00 851.26
907.50 12.94 6.33 -1.03 305.94 151.06 27.29 -0.10
0.00 931.41
894.80 12.34 6.01 -1.02 306.70 155.15 31.90 -0.30
0.00 1049.59
878.50 11.54 5.49 -1.27 307.46 160.86 34.95 -0.40
0.00 1203.37
859.20 10.24 4.52 -2.09 307.58 165.96 36.03 -0.50
0.00 1388.51
838.20 8.54 3.35 -2.89 307.53 168.69 35.66 -0.40
0.00 1593.62
815.60 6.54 1.81 -4.27 306.95 170.81 34.05 -0.20
0.00 1818.68
790.50 4.94 0.40 -5.81 307.12 180.76 29.33 0.00
0.00 2074.36
762.90 4.24 -0.19 -6.23 309.52 208.47 26.07 0.20
0.00 2363.84
732.80 2.84 -1.50 -7.74 310.84 231.12 32.19 0.30
0.00 2690.46
700.30 1.04 -3.30 -10.15 311.68 244.33 27.80 0.30
0.00 3056.35
665.20 -1.26 -5.13 -11.61 313.16 255.11 18.90 0.40
0.00 3467.93
627.60 -4.66 -7.33 -11.97 314.65 263.90 20.12 0.50
0.00 3928.78
587.40 -8.86 -10.58 -13.95 314.96 262.13 24.13 0.50
0.00 4445.69
544.80 -13.36 -14.50 -17.19 315.11 259.28 26.09 0.60
0.00 5023.88
503.20 -17.96 -18.93 -21.92 315.02 256.55 27.56 0.60
9.00 5623.13
465.50 -21.96 -24.16 -38.38 313.65 257.36 32.85 0.60
37.00 6200.57
431.50 -24.76 -9999.00 -9999.00 -9999.00 265.46 36.83 0.50
11.00 6755.17
400.50 -28.96 -30.68 -52.96 317.44 267.52 40.44 0.40
0.00 7292.66
372.10 -33.06 -34.35 -54.87 318.70 266.81 41.82 0.30
0.00 7813.99
346.40 -36.96 -37.92 -56.94 319.96 263.99 44.54 0.10
0.00 8312.89
323.00 -40.86 -41.58 -61.52 320.95 257.76 49.49 -0.10
0.00 8792.46
301.60 -44.56 -45.07 -62.05 322.08 250.47 54.62 -0.30
0.00 9254.87
282.30 -47.46 -47.82 -60.34 324.10 250.25 61.50 -0.40
0.00 9694.56
264.70 -49.06 -49.40 -63.04 327.74 251.52 70.45 -0.40
0.00 10118.33
248.30 -49.26 -49.64 -66.52 333.44 251.91 81.33 -0.40
0.00 10537.69
233.30 -48.96 -49.41 -71.86 339.84 252.14 91.84 -0.40
0.00 10946.34
219.50 -49.46 -49.91 -72.27 345.04 252.31 99.71 -0.40
0.00 11346.02
205.60 -51.26 -51.65 -72.72 348.72 252.21 104.25 -0.40
0.00 11772.65
191.70 -53.66 -53.97 -73.19 351.92 251.37 105.77 -0.30
0.00 12224.85
177.70 -56.26 -9999.00 -9999.00 -9999.00 250.93 105.23 -0.30
0.00 12709.19
163.80 -58.46 -9999.00 -9999.00 -9999.00 251.81 102.04 -0.20
0.00 13223.67
149.80 -59.96 -9999.00 -9999.00 -9999.00 252.42 94.54 -0.20
0.00 13783.17
135.80 -61.36 -9999.00 -9999.00 -9999.00 250.39 83.94 -0.10
0.00 14393.46
121.90 -62.66 -9999.00 -9999.00 -9999.00 246.80 75.45 0.00
0.00 15060.83
107.90 -62.96 -9999.00 -9999.00 -9999.00 245.69 68.41 0.00
0.00 15811.95
94.00 -63.66 -9999.00 -9999.00 -9999.00 246.73 57.52 0.00
0.00 16659.04
81.00 -63.76 -9999.00 -9999.00 -9999.00 248.39 44.29 0.00
0.00 17571.55
70.60 -61.26 -9999.00 -9999.00 -9999.00 244.57 30.75 0.10
0.00 18418.84
62.20 -60.36 -9999.00 -9999.00 -9999.00 237.53 25.33 0.00
0.00 19206.19
54.30 -58.26 -9999.00 -9999.00 -9999.00 234.09 20.86 0.00
0.00 20056.41
46.90 -58.56 -9999.00 -9999.00 -9999.00 214.55 14.39 0.00
0.00 20977.31
40.10 -58.36 -9999.00 -9999.00 -9999.00 201.25 15.02 0.00
0.00 21961.69
33.80 -57.66 -9999.00 -9999.00 -9999.00 221.01 5.92 0.00
0.00 23038.02
27.80 -56.46 -9999.00 -9999.00 -9999.00 268.36 6.80 0.00
0.00 24274.13
22.30 -57.86 -9999.00 -9999.00 -9999.00 302.80 10.39 0.00
0.00 25667.88
17.10 -55.76 -9999.00 -9999.00 -9999.00 277.59 17.64 0.00
0.00 27349.23
12.30 -51.26 -9999.00 -9999.00 -9999.00 273.26 23.93 0.00
0.00 29467.51

STID = KDDC STNM = 724510 TIME = 221027/0300 
SLAT = 37.77 SLON = -99.97 SELV = 770.0
STIM = 15

SHOW = 5.51 LIFT = 5.75 SWET = 251.92 KINX = 13.17
LCLP = 787.88 PWAT = 12.90 TOTL = 44.11 CAPE = 0.00
LCLT = 272.38 CINS = 0.00 EQLV = -9999.00 LFCT = -9999.00
BRCH = 0.00

PRES TMPC TMWC DWPC THTE DRCT SKNT OMEG
CFRL HGHT
924.20 11.94 6.80 1.45 305.21 145.84 13.15 0.00
0.00 780.86
921.50 12.04 6.85 1.47 305.63 146.31 21.02 0.00
0.00 805.35
916.50 11.84 6.74 1.46 305.96 147.07 24.30 0.00
0.00 850.88
907.80 11.44 6.55 1.51 306.54 149.41 30.92 0.00
0.00 930.61
895.00 10.84 6.27 1.60 307.42 152.59 35.45 0.00
0.00 1049.12
878.70 10.24 5.80 1.23 308.28 158.84 38.73 0.00
0.00 1202.19
859.40 9.34 4.73 -0.29 308.12 166.38 38.77 0.00
0.00 1386.64
838.40 8.04 3.12 -2.81 307.02 173.36 36.97 0.10
0.00 1591.24
815.80 7.24 2.00 -4.78 307.32 184.50 34.67 0.20
0.00 1816.31
790.60 6.74 1.54 -5.15 309.59 200.35 31.27 0.20
0.00 2074.12
763.00 5.54 0.19 -7.22 310.28 217.34 32.98 0.30
0.00 2365.17
733.00 3.64 -1.12 -7.91 311.61 233.53 33.33 0.30
0.00 2691.85
700.40 1.94 -2.94 -10.65 312.39 246.93 22.80 0.30
0.00 3059.90
665.40 -0.86 -4.77 -11.14 313.87 257.76 16.49 0.40
0.00 3471.20
627.70 -4.86 -7.39 -11.77 314.52 264.45 20.10 0.30
0.00 3933.35
587.50 -9.16 -10.74 -13.84 314.65 262.94 22.13 0.20
0.00 4449.70
544.90 -13.76 -14.67 -16.80 314.80 259.26 22.94 0.10
0.00 5027.03
503.30 -18.16 -19.83 -25.96 313.45 255.23 25.91 0.10
0.00 5625.41
465.60 -20.76 -23.79 -67.00 314.04 260.07 31.55 0.10
0.00 6203.75
431.50 -24.66 -26.86 -47.64 316.41 264.41 35.92 0.10
0.00 6761.34
400.50 -29.06 -30.70 -49.91 317.43 264.47 36.31 0.10
0.00 7298.85
372.20 -33.16 -34.37 -51.45 318.66 264.41 37.86 0.00
0.00 7818.08
346.40 -37.26 -38.16 -55.45 319.59 259.93 42.21 -0.10
0.00 8318.43
323.00 -41.26 -41.95 -61.52 320.40 251.86 47.42 -0.30
0.00 8797.29
301.60 -44.96 -45.42 -59.82 321.56 247.49 52.78 -0.40
0.00 9258.89
282.30 -47.86 -48.20 -60.34 323.53 248.74 61.07 -0.50
0.00 9697.81
264.70 -49.66 -49.97 -63.04 326.86 250.67 71.02 -0.40
0.00 10120.64
248.30 -49.66 -50.02 -66.52 332.85 251.22 82.07 -0.40
0.00 10539.06
233.30 -49.36 -49.79 -71.86 339.23 251.75 93.07 -0.40
0.00 10946.98
219.50 -49.96 -50.38 -72.27 344.27 251.84 101.59 -0.30
0.00 11345.86
205.60 -51.56 -51.93 -72.72 348.25 251.07 106.58 -0.30
0.00 11771.72
191.60 -53.96 -54.26 -73.19 351.49 249.95 108.76 -0.30
0.00 12226.67
177.70 -56.66 -9999.00 -9999.00 -9999.00 249.95 108.76 -0.20
0.00 12706.91
163.70 -58.86 -9999.00 -9999.00 -9999.00 251.40 105.34 -0.20
0.00 13224.28
149.80 -60.36 -9999.00 -9999.00 -9999.00 252.22 96.70 -0.10
0.00 13778.93
135.80 -61.66 -9999.00 -9999.00 -9999.00 249.50 85.43 0.00
0.00 14388.21
121.90 -62.96 -9999.00 -9999.00 -9999.00 245.18 76.83 0.10
0.00 15054.63
107.90 -63.26 -9999.00 -9999.00 -9999.00 244.44 69.33 0.20
0.00 15804.68
94.00 -63.46 -9999.00 -9999.00 -9999.00 246.50 58.47 0.20
0.00 16651.56
81.00 -63.06 -9999.00 -9999.00 -9999.00 249.36 44.64 0.10
0.00 17566.04
70.60 -60.16 -9999.00 -9999.00 -9999.00 241.88 28.85 0.10
0.00 18416.95
62.20 -59.16 -9999.00 -9999.00 -9999.00 236.31 23.12 0.00
0.00 19208.56
54.30 -58.06 -9999.00 -9999.00 -9999.00 231.63 17.83 0.00
0.00 20061.56
46.90 -58.46 -9999.00 -9999.00 -9999.00 205.89 14.69 0.00
0.00 20983.11
40.10 -57.66 -9999.00 -9999.00 -9999.00 213.14 16.71 0.00
0.00 21969.32
33.80 -57.06 -9999.00 -9999.00 -9999.00 246.04 5.73 0.00
0.00 23048.90
27.80 -57.16 -9999.00 -9999.00 -9999.00 248.55 5.85 0.00
0.00 24284.73
22.30 -58.36 -9999.00 -9999.00 -9999.00 275.29 10.53 0.00
0.00 25674.61
17.10 -54.56 -9999.00 -9999.00 -9999.00 279.66 18.53 0.00
0.00 27358.68
12.30 -50.96 -9999.00 -9999.00 -9999.00 283.10 23.14 0.00
0.00 29484.19

STID = KDDC STNM = 724510 TIME = 221027/0400 
SLAT = 37.77 SLON = -99.97 SELV = 770.0
STIM = 16

SHOW = 6.17 LIFT = 6.04 SWET = 257.91 KINX = 11.97
LCLP = 815.50 PWAT = 12.98 TOTL = 42.82 CAPE = 0.00
LCLT = 274.48 CINS = 0.00 EQLV = -9999.00 LFCT = -9999.00
BRCH = 0.00

PRES TMPC TMWC DWPC THTE DRCT SKNT OMEG
CFRL HGHT
923.30 11.24 7.12 3.08 306.15 149.42 14.90 0.00
0.00 780.85
920.60 11.34 7.14 3.03 306.51 150.13 22.63 0.00
0.00 805.31
915.60 11.04 6.98 2.99 306.70 150.41 26.36 0.10
0.00 850.78
906.90 10.64 6.71 2.85 307.10 152.09 33.20 0.10
0.00 930.39
894.10 10.24 6.37 2.54 307.81 154.09 38.23 0.10
0.00 1048.76
877.80 9.84 5.50 0.95 307.68 158.00 41.49 0.10
0.00 1201.73
858.50 9.14 4.02 -1.96 306.56 165.57 41.32 0.10
0.00 1386.14
837.60 8.44 3.28 -2.94 307.45 176.65 39.90 0.00
0.00 1590.00
815.00 7.84 2.58 -3.93 308.72 190.06 40.05 0.00
0.00 1815.71
789.90 7.34 1.77 -5.41 310.15 203.96 36.34 -0.10
0.00 2073.30
762.30 5.84 0.28 -7.45 310.55 216.93 34.27 -0.10
0.00 2365.07
732.30 3.94 -0.96 -7.88 312.06 231.74 30.42 -0.10
0.00 2692.40
699.80 2.14 -2.80 -10.56 312.76 245.10 17.99 -0.10
0.00 3060.00
664.80 -0.76 -4.66 -10.95 314.19 255.56 13.25 -0.10
0.00 3471.89
627.30 -4.96 -7.46 -11.78 314.46 266.75 17.11 -0.10
0.00 3931.95
587.10 -9.36 -10.73 -13.37 314.75 266.50 19.08 -0.20
0.00 4448.37
544.50 -14.36 -15.01 -16.56 314.26 257.01 20.73 -0.30
12.00 5025.24
503.00 -17.96 -20.27 -30.39 312.73 252.60 27.27 -0.40
0.00 5622.06
465.40 -20.56 -23.58 -56.36 314.45 257.36 32.85 -0.50
0.00 6199.57
431.40 -24.76 -26.84 -44.49 316.49 259.38 34.79 -0.50
0.00 6755.84
400.40 -29.26 -30.70 -44.65 317.49 260.38 34.87 -0.40
0.00 7293.17
372.10 -33.56 -34.63 -48.25 318.31 259.99 36.89 -0.30
0.00 7811.91
346.30 -37.76 -38.57 -53.06 319.02 254.24 40.77 -0.40
0.00 8311.47
322.90 -41.76 -42.39 -59.28 319.77 247.08 46.39 -0.40
0.00 8789.45
301.60 -45.46 -45.90 -59.82 320.86 247.10 54.41 -0.40
0.00 9247.97
282.30 -48.56 -48.85 -58.58 322.56 249.79 63.54 -0.30
0.00 9685.73
264.70 -50.46 -50.71 -60.84 325.73 250.45 72.55 -0.20
0.00 10107.14
248.30 -50.46 -50.79 -66.52 331.65 250.07 82.65 -0.10
0.00 10524.07
233.30 -50.16 -50.55 -71.86 338.02 250.52 94.37 -0.10
0.00 10930.53
219.50 -50.76 -51.15 -72.27 343.04 251.46 103.87 -0.10
0.00 11327.98
205.60 -52.26 -52.60 -72.72 347.15 250.98 108.49 -0.10
0.00 11752.40
191.60 -54.46 -54.74 -73.19 350.69 249.43 110.59 0.00
0.00 12206.12
177.70 -57.06 -57.28 -73.70 354.06 249.02 110.68 0.10
0.00 12685.36
163.80 -59.16 -9999.00 -9999.00 -9999.00 250.32 107.28 0.10
0.00 13198.05
149.80 -60.36 -9999.00 -9999.00 -9999.00 250.96 98.23 0.20
0.00 13756.12
135.90 -60.86 -9999.00 -9999.00 -9999.00 248.49 85.82 0.20
0.00 14361.97
121.90 -62.06 -9999.00 -9999.00 -9999.00 244.28 76.53 0.20
0.00 15035.64
107.90 -62.96 -9999.00 -9999.00 -9999.00 245.02 69.00 0.20
0.00 15787.83
94.00 -62.96 -9999.00 -9999.00 -9999.00 246.68 58.39 0.10
0.00 16636.33
81.00 -62.06 -9999.00 -9999.00 -9999.00 245.83 43.65 0.00
0.00 17554.08
70.60 -59.46 -9999.00 -9999.00 -9999.00 229.11 24.92 0.00
0.00 18408.40
62.20 -59.96 -9999.00 -9999.00 -9999.00 226.90 20.75 0.00
0.00 19199.83
54.30 -59.26 -9999.00 -9999.00 -9999.00 231.91 18.26 0.00
0.00 20048.86
46.90 -58.26 -9999.00 -9999.00 -9999.00 218.37 17.83 0.00
0.00 20968.26
40.10 -56.56 -9999.00 -9999.00 -9999.00 224.50 15.79 0.00
0.00 21957.45
33.80 -57.16 -9999.00 -9999.00 -9999.00 204.78 2.78 0.00
0.00 23039.53
27.80 -58.06 -9999.00 -9999.00 -9999.00 247.75 4.62 0.00
0.00 24272.50
22.30 -58.26 -9999.00 -9999.00 -9999.00 287.61 12.84 0.00
0.00 25659.80
17.10 -54.36 -9999.00 -9999.00 -9999.00 296.26 16.24 0.00
0.00 27345.04
12.30 -51.06 -9999.00 -9999.00 -9999.00 284.28 22.05 0.00
0.00 29471.03

STID = KDDC STNM = 724510 TIME = 221027/0500 
SLAT = 37.77 SLON = -99.97 SELV = 770.0
STIM = 17

SHOW = 6.32 LIFT = 6.63 SWET = 268.11 KINX = 11.60
LCLP = 821.96 PWAT = 12.86 TOTL = 42.43 CAPE = 0.00
LCLT = 274.64 CINS = 0.00 EQLV = -9999.00 LFCT = -9999.00
BRCH = 0.00

PRES TMPC TMWC DWPC THTE DRCT SKNT OMEG
CFRL HGHT
924.20 10.84 6.97 3.14 305.67 151.16 15.31 0.00
0.00 780.82
921.50 10.94 6.98 3.08 306.02 151.50 23.21 0.00
0.00 805.22
916.50 10.74 6.83 2.97 306.25 152.15 27.02 0.00
0.00 850.59
907.80 10.34 6.53 2.73 306.55 153.14 33.97 0.00
0.00 930.04
895.00 9.94 5.98 1.94 306.77 154.95 39.45 0.00
0.00 1048.16
878.80 9.64 4.85 -0.49 306.02 159.09 44.08 0.00
0.00 1199.86
859.40 9.34 4.03 -2.23 306.46 166.66 46.31 0.00
0.00 1384.99
838.40 8.74 3.62 -2.39 308.13 175.81 45.18 0.00
0.00 1589.81
815.80 8.44 2.92 -3.81 309.38 189.63 42.95 0.00
0.00 1815.67
790.70 7.94 1.97 -5.76 310.47 205.39 38.05 0.00
0.00 2073.55
763.10 6.14 0.58 -6.99 311.10 214.80 33.35 0.00
0.00 2365.49
733.00 4.34 -0.70 -7.73 312.53 226.81 26.11 0.10
0.00 2694.01
700.40 2.44 -2.65 -10.60 313.00 232.48 13.71 0.20
0.00 3062.88
665.40 -0.76 -4.63 -10.84 314.17 238.11 10.30 0.20
0.00 3474.63
627.70 -4.86 -7.26 -11.32 314.80 258.86 13.07 0.10
0.00 3936.89
587.50 -9.46 -10.64 -12.89 314.84 259.00 14.24 0.00
0.00 4452.99
544.80 -14.36 -15.45 -18.20 313.43 251.40 20.71 -0.10
2.00 5030.72
503.30 -17.56 -20.23 -33.10 312.69 251.69 27.84 -0.20
0.00 5627.60
465.60 -20.76 -23.60 -47.74 314.43 255.63 32.09 -0.20
0.00 6206.56
431.50 -25.06 -27.09 -44.49 316.09 255.57 34.30 -0.20
0.00 6763.73
400.50 -29.56 -31.00 -45.72 317.00 254.31 35.92 -0.20
0.00 7300.28
372.20 -33.86 -34.94 -49.71 317.81 251.29 38.15 -0.20
0.00 7818.23
346.40 -38.16 -38.96 -54.18 318.41 244.73 42.31 -0.20
0.00 8316.91
323.00 -42.06 -42.62 -56.03 319.41 245.79 50.68 -0.30
0.00 8794.03
301.60 -45.76 -46.11 -55.32 320.55 249.90 59.36 -0.20
0.00 9254.04
282.30 -48.86 -49.11 -57.12 322.17 251.57 66.34 -0.10
0.00 9691.22
264.70 -50.86 -51.07 -59.09 325.19 250.32 73.23 -0.10
0.00 10111.98
248.30 -51.16 -51.46 -66.52 330.61 249.96 83.33 0.00
0.00 10527.88
233.30 -51.36 -51.70 -71.86 336.20 251.60 94.77 0.00
0.00 10932.60
219.50 -51.96 -52.29 -72.27 341.18 253.22 102.25 0.00
0.00 11327.91
205.60 -53.06 -53.37 -72.72 345.89 251.50 105.91 0.00
0.00 11750.42
191.70 -54.86 -55.13 -73.19 349.99 248.95 110.31 0.10
0.00 12199.55
177.70 -57.16 -57.38 -73.70 353.89 248.61 111.83 0.10
0.00 12681.56
163.80 -58.96 -9999.00 -9999.00 -9999.00 249.37 107.52 0.10
0.00 13194.37
149.80 -59.96 -9999.00 -9999.00 -9999.00 249.87 97.65 0.10
0.00 13753.23
135.90 -60.56 -9999.00 -9999.00 -9999.00 248.51 85.37 0.10
0.00 14360.07
121.90 -61.56 -9999.00 -9999.00 -9999.00 244.70 74.55 0.10
0.00 15035.01
107.90 -62.96 -9999.00 -9999.00 -9999.00 244.95 65.62 0.00
0.00 15788.10
94.00 -63.56 -9999.00 -9999.00 -9999.00 244.16 55.26 0.00
0.00 16635.39
81.00 -62.06 -9999.00 -9999.00 -9999.00 239.69 43.88 0.00
0.00 17551.83
70.60 -58.96 -9999.00 -9999.00 -9999.00 223.15 25.56 0.00
0.00 18407.16
62.20 -60.06 -9999.00 -9999.00 -9999.00 226.69 23.23 0.00
0.00 19199.33
54.30 -58.46 -9999.00 -9999.00 -9999.00 237.77 21.13 0.00
0.00 20049.75
46.90 -57.46 -9999.00 -9999.00 -9999.00 209.74 18.78 0.00
0.00 20972.58
40.10 -56.66 -9999.00 -9999.00 -9999.00 205.46 13.56 0.00
0.00 21963.37
33.80 -58.26 -9999.00 -9999.00 -9999.00 169.29 7.32 0.00
0.00 23042.46
27.80 -57.36 -9999.00 -9999.00 -9999.00 246.80 7.40 0.00
0.00 24274.28
22.30 -57.16 -9999.00 -9999.00 -9999.00 294.94 9.21 0.00
0.00 25667.39
17.10 -55.26 -9999.00 -9999.00 -9999.00 298.44 10.61 0.00
0.00 27353.40
12.30 -51.26 -9999.00 -9999.00 -9999.00 284.87 22.71 0.00
0.00 29474.09

STID = KDDC STNM = 724510 TIME = 221027/0600 
SLAT = 37.77 SLON = -99.97 SELV = 770.0
STIM = 18

SHOW = 6.24 LIFT = 6.51 SWET = 270.51 KINX = 11.27
LCLP = 834.78 PWAT = 12.97 TOTL = 42.62 CAPE = 0.00
LCLT = 275.36 CINS = 0.00 EQLV = -9999.00 LFCT = -9999.00
BRCH = 0.00

PRES TMPC TMWC DWPC THTE DRCT SKNT OMEG
CFRL HGHT
923.10 10.24 6.90 3.64 305.66 154.94 16.51 0.00
0.00 779.91
920.40 10.24 6.89 3.62 305.94 155.07 24.42 0.10
0.00 804.29
915.40 9.94 6.70 3.54 306.09 155.36 28.42 0.10
0.00 849.60
906.70 9.44 6.41 3.43 306.42 156.30 34.79 0.10
0.00 928.92
894.00 8.84 5.99 3.18 306.95 157.69 40.95 0.10
0.00 1045.86
877.70 8.74 5.43 2.06 307.58 161.34 46.13 0.10
0.00 1198.20
858.40 8.84 4.35 -0.65 307.36 170.32 49.65 0.10
0.00 1382.22
837.40 8.94 3.38 -3.38 307.68 180.69 48.56 0.10
0.00 1587.18
814.80 8.94 2.94 -4.52 309.52 192.86 43.63 0.00
0.00 1813.57
789.70 8.14 2.06 -5.78 310.80 206.31 39.01 0.00
0.00 2072.07
762.20 6.34 0.80 -6.58 311.72 215.90 32.13 0.00
0.00 2363.53
732.20 4.84 -0.53 -8.06 312.98 226.71 22.94 0.10
0.00 2691.75
699.70 2.64 -2.64 -10.98 313.10 219.47 12.84 0.10
0.00 3060.31
664.70 -0.76 -4.63 -10.85 314.27 221.19 10.33 0.10
0.00 3472.63
627.20 -4.96 -7.34 -11.38 314.72 242.59 11.81 0.00
0.00 3932.78
587.00 -9.66 -10.82 -13.06 314.59 246.37 13.58 -0.10
0.00 4449.01
544.40 -14.26 -15.68 -19.46 313.08 248.10 20.30 -0.20
0.00 5025.70
503.00 -17.46 -20.14 -32.89 312.90 249.54 26.13 -0.20
0.00 5621.74
465.30 -21.06 -23.83 -47.75 314.12 251.57 31.33 -0.20
0.00 6200.83
431.30 -25.46 -27.60 -51.20 315.29 249.99 35.76 -0.20
0.00 6755.89
400.40 -29.86 -31.38 -49.91 316.41 247.40 38.93 -0.20
0.00 7290.11
372.10 -34.36 -35.40 -50.54 317.13 241.59 40.42 -0.20
0.00 7807.32
346.30 -38.26 -39.02 -53.06 318.34 239.51 48.23 -0.20
0.00 8305.51
322.90 -41.96 -42.46 -52.66 319.69 245.51 57.63 -0.10
0.00 8782.78
301.60 -45.76 -46.06 -53.23 320.63 250.42 64.34 -0.10
0.00 9240.82
282.30 -49.06 -49.25 -54.77 321.97 251.16 69.77 0.00
0.00 9677.82
264.70 -51.36 -51.53 -57.64 324.50 249.97 74.84 0.00
0.00 10097.92
248.30 -52.16 -52.42 -66.52 329.12 250.56 84.05 0.00
0.00 10512.41
233.30 -52.56 -52.85 -71.86 334.38 252.73 93.57 0.10
0.00 10915.13
219.50 -52.96 -53.26 -72.27 339.64 253.57 101.67 0.10
0.00 11308.48
205.60 -53.76 -54.05 -72.72 344.79 252.19 107.32 0.10
0.00 11729.36
191.70 -55.26 -55.51 -73.19 349.35 250.27 111.03 0.10
0.00 12177.36
177.70 -57.16 -57.38 -73.70 353.89 248.91 111.19 0.10
0.00 12658.93
163.80 -58.96 -9999.00 -9999.00 -9999.00 248.33 106.80 0.10
0.00 13171.74
149.80 -60.26 -9999.00 -9999.00 -9999.00 248.14 97.53 0.10
0.00 13730.20
135.90 -60.66 -9999.00 -9999.00 -9999.00 248.05 85.24 0.00
0.00 14336.48
121.90 -61.06 -9999.00 -9999.00 -9999.00 247.10 73.39 0.00
0.00 15012.05
107.90 -62.76 -9999.00 -9999.00 -9999.00 246.42 65.07 0.00
0.00 15766.39
94.00 -63.76 -9999.00 -9999.00 -9999.00 245.03 56.14 0.00
0.00 16613.68
81.00 -61.86 -9999.00 -9999.00 -9999.00 240.14 46.81 0.00
0.00 17530.11
70.60 -57.96 -9999.00 -9999.00 -9999.00 229.59 30.87 0.00
0.00 18387.86
62.20 -59.46 -9999.00 -9999.00 -9999.00 228.98 25.74 0.00
0.00 19183.00
54.30 -58.86 -9999.00 -9999.00 -9999.00 238.05 23.12 0.00
0.00 20033.81
46.90 -58.26 -9999.00 -9999.00 -9999.00 202.53 19.77 0.00
0.00 20954.07
40.10 -57.56 -9999.00 -9999.00 -9999.00 214.74 14.67 0.00
0.00 21940.97
33.80 -57.26 -9999.00 -9999.00 -9999.00 204.94 9.21 0.00
0.00 23020.30
27.80 -56.46 -9999.00 -9999.00 -9999.00 243.92 10.16 0.00
0.00 24257.56
22.30 -57.46 -9999.00 -9999.00 -9999.00 298.07 3.30 0.00
0.00 25652.60
17.10 -55.36 -9999.00 -9999.00 -9999.00 277.25 10.76 0.00
0.00 27337.06
12.30 -50.96 -9999.00 -9999.00 -9999.00 281.79 22.82 0.00
0.00 29458.71

STID = KDDC STNM = 724510 TIME = 221027/0700 
SLAT = 37.77 SLON = -99.97 SELV = 770.0
STIM = 19

SHOW = 5.85 LIFT = 6.26 SWET = 262.70 KINX = 11.42
LCLP = 850.57 PWAT = 13.08 TOTL = 43.40 CAPE = 0.00
LCLT = 276.14 CINS = 0.00 EQLV = -9999.00 LFCT = -9999.00
BRCH = 0.00

PRES TMPC TMWC DWPC THTE DRCT SKNT OMEG
CFRL HGHT
923.30 9.54 6.81 4.16 305.43 157.17 16.03 0.00
0.00 779.89
920.50 9.54 6.78 4.11 305.69 157.23 23.60 0.10
0.00 805.10
915.50 9.24 6.60 4.04 305.85 157.97 27.45 0.10
0.00 850.30
906.80 8.74 6.29 3.90 306.14 158.82 33.33 0.10
0.00 929.43
894.10 8.34 5.95 3.60 306.84 161.22 40.42 0.10
0.00 1046.12
877.80 8.44 5.54 2.64 307.84 166.42 47.16 0.10
0.00 1198.24
858.50 8.64 4.52 0.04 307.76 174.31 50.95 0.10
0.00 1382.10
837.50 8.94 3.44 -3.20 307.80 183.55 50.21 0.00
0.00 1586.98
814.90 9.14 2.93 -4.87 309.47 194.88 44.62 0.00
0.00 1813.42
789.80 8.44 2.10 -6.16 310.86 208.14 37.90 0.00
0.00 2072.11
762.30 6.74 1.00 -6.58 312.16 217.32 29.80 -0.10
0.00 2363.88
732.30 5.14 -0.32 -7.88 313.43 226.15 20.47 -0.10
0.00 2692.47
699.80 2.74 -2.67 -11.30 313.02 213.23 13.46 0.00
0.00 3061.25
664.80 -0.76 -4.73 -11.20 314.04 208.37 11.03 -0.10
0.00 3473.57
627.20 -4.86 -7.46 -11.98 314.47 224.29 11.13 -0.10
0.00 3934.97
587.00 -9.76 -10.95 -13.26 314.35 232.59 12.47 -0.20
0.00 4451.17
544.50 -14.16 -15.59 -19.38 313.21 234.39 17.68 -0.20
0.00 5026.45
503.00 -17.66 -20.17 -31.67 312.86 241.35 23.91 -0.20
0.00 5623.77
465.40 -21.46 -24.05 -44.35 313.79 246.80 31.06 -0.20
0.00 6200.60
431.30 -25.76 -27.85 -51.20 314.90 244.93 36.67 -0.20
0.00 6756.46
400.40 -30.26 -31.73 -49.91 315.89 240.72 38.52 -0.20
0.00 7289.92
372.10 -34.56 -35.58 -50.54 316.86 234.90 43.92 -0.20
0.00 7806.49
346.30 -37.96 -38.71 -51.16 318.83 240.43 54.72 -0.10
0.00 8304.79
322.90 -41.76 -42.22 -50.94 320.05 248.20 61.71 0.00
0.00 8782.57
301.60 -45.66 -45.89 -50.78 320.89 251.11 68.98 0.10
0.00 9240.91
282.30 -49.16 -49.22 -50.66 322.02 250.24 74.11 0.20
0.00 9677.92
264.70 -51.86 -51.96 -55.30 323.84 249.02 77.60 0.20
0.00 10097.47
248.30 -52.76 -52.98 -63.52 328.27 250.25 85.64 0.30
0.00 10510.94
233.30 -52.76 -53.04 -71.86 334.08 252.69 96.64 0.30
0.00 10912.93
219.50 -52.96 -53.26 -72.27 339.64 254.19 104.78 0.30
0.00 11306.10
205.60 -53.66 -53.95 -72.72 344.95 252.80 108.39 0.30
0.00 11727.08
191.70 -55.06 -55.32 -73.19 349.67 250.33 110.78 0.30
0.00 12175.39
177.70 -56.76 -56.99 -73.70 354.55 248.69 110.10 0.20
0.00 12657.62
163.80 -58.56 -9999.00 -9999.00 -9999.00 248.24 104.78 0.10
0.00 13171.38
149.80 -59.96 -9999.00 -9999.00 -9999.00 248.91 95.55 0.10
0.00 13730.76
135.90 -60.36 -9999.00 -9999.00 -9999.00 249.48 82.56 0.00
0.00 14337.89
121.90 -60.56 -9999.00 -9999.00 -9999.00 247.78 69.87 0.00
0.00 15014.74
107.90 -62.06 -9999.00 -9999.00 -9999.00 245.29 61.79 0.00
0.00 15771.22
94.00 -62.96 -9999.00 -9999.00 -9999.00 244.56 52.91 0.00
0.00 16621.54
81.00 -60.76 -9999.00 -9999.00 -9999.00 241.73 43.88 0.00
0.00 17542.11
70.60 -57.56 -9999.00 -9999.00 -9999.00 234.73 29.27 0.00
0.00 18402.87
62.20 -58.46 -9999.00 -9999.00 -9999.00 232.21 24.09 0.00
0.00 19200.60
54.30 -60.06 -9999.00 -9999.00 -9999.00 236.17 22.69 0.00
0.00 20051.02
46.90 -58.36 -9999.00 -9999.00 -9999.00 213.11 21.33 0.00
0.00 20968.49
40.10 -57.86 -9999.00 -9999.00 -9999.00 218.16 17.29 0.00
0.00 21954.48
33.80 -57.46 -9999.00 -9999.00 -9999.00 209.43 8.70 0.00
0.00 23032.56
27.80 -57.26 -9999.00 -9999.00 -9999.00 256.29 8.20 0.00
0.00 24266.95
22.30 -58.26 -9999.00 -9999.00 -9999.00 261.25 2.56 0.00
0.00 25656.84
17.10 -55.76 -9999.00 -9999.00 -9999.00 273.12 10.70 0.00
0.00 27336.63
12.30 -50.36 -9999.00 -9999.00 -9999.00 291.71 22.57 0.00
0.00 29459.25

STID = KDDC STNM = 724510 TIME = 221027/0800 
SLAT = 37.77 SLON = -99.97 SELV = 770.0
STIM = 20

SHOW = 5.63 LIFT = 6.03 SWET = 250.30 KINX = 12.83
LCLP = 859.60 PWAT = 13.15 TOTL = 43.91 CAPE = 0.00
LCLT = 276.56 CINS = 0.00 EQLV = -9999.00 LFCT = -9999.00
BRCH = 0.00

PRES TMPC TMWC DWPC THTE DRCT SKNT OMEG
CFRL HGHT
922.40 9.04 6.69 4.42 305.27 157.93 15.50 0.00
0.00 780.78
919.70 8.94 6.62 4.38 305.42 158.02 22.82 0.10
0.00 805.07
914.70 8.74 6.47 4.28 305.66 158.51 26.52 0.10
0.00 850.22
906.00 8.24 6.15 4.11 305.92 160.25 32.19 0.10
0.00 929.28
893.30 7.94 5.78 3.66 306.56 163.44 39.51 0.10
0.00 1045.89
877.00 8.24 5.26 2.22 307.27 170.66 46.66 0.10
0.00 1197.98
857.70 8.54 4.24 -0.54 307.21 178.05 51.52 0.10
0.00 1381.89
836.80 8.94 3.50 -3.02 308.03 185.45 51.13 0.10
0.00 1585.94
814.20 9.44 3.11 -4.77 309.96 196.29 44.33 0.00
0.00 1812.69
789.20 9.04 2.27 -6.60 311.30 210.37 35.35 0.00
0.00 2070.97
761.70 7.24 1.29 -6.46 312.89 219.91 27.86 -0.10
0.00 2363.53
731.70 5.14 0.01 -6.77 314.29 226.90 20.75 -0.20
0.00 2692.71
699.20 2.54 -2.50 -10.22 313.51 219.90 15.44 -0.30
0.00 3061.72
664.30 -0.86 -4.96 -11.84 313.62 206.94 13.29 -0.40
0.00 3472.97
626.80 -4.96 -7.55 -12.09 314.35 210.32 11.93 -0.40
0.00 3933.28
586.70 -9.76 -10.95 -13.27 314.39 215.34 13.09 -0.40
0.00 4448.39
544.20 -14.16 -15.66 -19.70 313.14 214.78 17.04 -0.30
0.00 5023.97
502.80 -18.06 -20.34 -30.39 312.64 232.55 23.00 -0.30
0.00 5619.67
465.20 -21.86 -24.35 -43.80 313.36 240.95 29.99 -0.20
0.00 6195.85
431.20 -25.96 -28.06 -53.64 314.59 241.26 34.34 -0.20
0.00 6749.59
400.30 -30.46 -31.94 -51.84 315.57 231.34 37.32 -0.20
0.00 7282.74
372.00 -34.46 -35.54 -52.46 316.94 232.79 45.61 -0.20
0.00 7799.33
346.30 -37.96 -38.66 -49.58 318.90 242.23 53.79 -0.20
0.00 8295.87
322.90 -41.76 -42.06 -46.61 320.31 248.57 61.15 -0.10
0.00 8773.67
301.60 -45.56 -45.65 -47.22 321.26 250.59 68.38 0.00
100.00 9232.13
282.30 -49.36 -49.41 -50.66 321.73 249.36 73.27 0.00
0.00 9669.05
264.70 -52.56 -52.61 -54.32 322.86 247.43 78.46 0.10
0.00 10087.75
248.30 -53.36 -53.56 -63.52 327.38 248.61 89.49 0.10
0.00 10500.00
233.30 -53.16 -53.43 -71.86 333.47 251.53 100.56 0.20
0.00 10901.08
219.50 -53.56 -53.83 -72.27 338.72 252.72 106.60 0.10
0.00 11293.35
205.60 -54.26 -54.53 -72.72 344.01 251.18 110.20 0.10
0.00 11713.18
191.70 -55.46 -55.71 -73.19 349.03 249.75 112.22 0.10
0.00 12160.47
177.70 -56.76 -56.99 -73.70 354.55 248.90 109.52 0.00
0.00 12642.25
163.80 -58.16 -9999.00 -9999.00 -9999.00 248.42 101.94 0.00
0.00 13156.50
149.80 -59.56 -9999.00 -9999.00 -9999.00 248.02 91.34 0.00
0.00 13716.92
135.90 -59.86 -9999.00 -9999.00 -9999.00 247.08 79.29 0.00
0.00 14325.33
121.90 -59.66 -9999.00 -9999.00 -9999.00 246.29 66.20 0.00
0.00 15004.41
107.90 -61.16 -9999.00 -9999.00 -9999.00 244.37 58.82 0.00
0.00 15764.10
94.00 -62.46 -9999.00 -9999.00 -9999.00 246.48 50.62 0.00
0.00 16617.25
81.00 -60.96 -9999.00 -9999.00 -9999.00 245.78 40.25 0.00
0.00 17538.47
70.60 -59.16 -9999.00 -9999.00 -9999.00 235.01 26.09 0.00
0.00 18395.61
62.20 -59.16 -9999.00 -9999.00 -9999.00 227.46 22.42 0.00
0.00 19189.08
54.30 -60.06 -9999.00 -9999.00 -9999.00 220.38 22.18 0.00
0.00 20038.11
46.90 -57.86 -9999.00 -9999.00 -9999.00 213.56 24.24 0.00
0.00 20956.65
40.10 -56.86 -9999.00 -9999.00 -9999.00 221.19 18.59 0.00
0.00 21946.07
33.80 -57.16 -9999.00 -9999.00 -9999.00 241.19 8.88 0.00
0.00 23027.41
27.80 -58.06 -9999.00 -9999.00 -9999.00 260.91 9.83 0.00
0.00 24260.37
22.30 -57.96 -9999.00 -9999.00 -9999.00 229.18 5.65 0.00
0.00 25648.64
17.10 -55.66 -9999.00 -9999.00 -9999.00 281.48 12.68 0.00
0.00 27329.99
12.30 -51.46 -9999.00 -9999.00 -9999.00 306.25 18.07 0.00
0.00 29447.78

STID = KDDC STNM = 724510 TIME = 221027/0900 
SLAT = 37.77 SLON = -99.97 SELV = 770.0
STIM = 21

SHOW = 5.01 LIFT = 5.67 SWET = 236.22 KINX = 17.01
LCLP = 864.20 PWAT = 13.56 TOTL = 44.98 CAPE = 0.00
LCLT = 276.64 CINS = 0.00 EQLV = -9999.00 LFCT = -9999.00
BRCH = 0.00

PRES TMPC TMWC DWPC THTE DRCT SKNT OMEG
CFRL HGHT
923.00 8.74 6.55 4.43 304.89 157.38 15.15 0.00
0.00 779.86
920.20 8.74 6.53 4.39 305.16 157.46 22.30 0.10
0.00 805.02
915.20 8.44 6.35 4.31 305.31 158.20 26.15 0.10
0.00 850.11
906.50 8.04 6.05 4.10 305.63 159.90 31.64 0.10
0.00 929.05
893.80 7.84 5.69 3.57 306.29 164.37 38.93 0.10
0.00 1045.53
877.50 8.04 5.11 2.09 306.86 172.18 45.69 0.10
0.00 1197.45
858.20 8.64 4.32 -0.47 307.33 179.56 50.51 0.10
0.00 1381.22
837.30 9.74 3.97 -2.80 309.03 186.51 49.67 0.10
0.00 1585.48
814.70 10.34 3.52 -4.88 310.81 196.85 42.21 0.10
0.00 1812.78
789.60 9.84 2.49 -7.27 311.69 210.90 32.15 0.00
0.00 2072.71
762.10 7.94 1.45 -7.14 313.15 219.64 26.50 -0.10
0.00 2365.87
732.10 5.24 0.11 -6.60 314.47 224.67 23.76 -0.30
0.00 2695.34
699.60 2.14 -1.80 -7.15 315.06 224.13 18.12 -0.50
0.00 3064.02
664.60 -1.26 -4.61 -9.80 314.37 210.96 14.72 -0.50
0.00 3475.78
627.10 -5.16 -7.47 -11.43 314.47 199.71 13.83 -0.40
0.00 3935.43
586.90 -9.76 -11.05 -13.58 314.18 196.43 15.79 -0.30
0.00 4451.43
544.40 -14.26 -15.86 -20.26 312.76 205.80 19.64 -0.30
0.00 5026.68
502.90 -18.36 -20.47 -29.56 312.42 225.68 23.08 -0.30
0.00 5623.18
465.30 -22.16 -24.50 -41.82 313.11 237.74 28.03 -0.20
0.00 6198.57
431.30 -26.26 -28.22 -49.26 314.34 232.71 31.74 -0.20
0.00 6751.54
400.40 -30.46 -31.99 -54.26 315.48 226.44 38.33 -0.20
0.00 7284.23
372.10 -34.56 -35.53 -48.95 316.94 233.18 45.38 -0.20
0.00 7800.59
346.30 -38.56 -38.90 -42.95 318.57 240.20 50.82 -0.20
0.00 8298.28
322.90 -41.76 -41.96 -44.78 320.46 244.21 58.04 -0.20
100.00 8775.49
301.60 -45.36 -45.51 -48.27 321.46 246.40 65.50 -0.10
100.00 9234.15
282.30 -49.46 -49.53 -51.35 321.55 245.97 68.69 0.00
77.00 9671.16
264.70 -52.56 -52.64 -55.30 322.82 244.48 76.20 0.00
0.00 10089.77
248.30 -53.36 -53.56 -63.52 327.38 245.68 91.03 0.00
0.00 10502.01
233.30 -54.16 -54.40 -71.86 331.96 248.22 99.98 0.10
0.00 10902.18
219.50 -54.46 -54.70 -72.27 337.33 249.21 106.18 0.10
0.00 11292.76
205.60 -55.06 -55.30 -72.72 342.75 248.77 112.12 0.10
0.00 11710.96
191.70 -56.06 -56.29 -73.19 348.07 248.45 113.19 0.10
0.00 12156.81
177.70 -57.16 -57.38 -73.70 353.89 247.33 108.84 0.10
0.00 12637.49
163.80 -58.16 -9999.00 -9999.00 -9999.00 246.08 101.57 0.10
0.00 13151.26
149.80 -58.86 -9999.00 -9999.00 -9999.00 245.19 90.73 0.10
0.00 13712.60
135.90 -58.86 -9999.00 -9999.00 -9999.00 244.64 78.46 0.00
0.00 14323.43
121.90 -59.16 -9999.00 -9999.00 -9999.00 245.47 65.97 -0.10
0.00 15004.90
107.90 -60.96 -9999.00 -9999.00 -9999.00 247.04 55.26 -0.10
0.00 15765.84
94.00 -62.66 -9999.00 -9999.00 -9999.00 249.23 49.86 0.00
0.00 16618.98
81.00 -61.36 -9999.00 -9999.00 -9999.00 256.38 38.77 0.00
0.00 17538.90
70.60 -59.96 -9999.00 -9999.00 -9999.00 238.72 24.32 0.00
0.00 18393.63
62.20 -60.26 -9999.00 -9999.00 -9999.00 214.99 26.09 0.00
0.00 19183.58
54.30 -60.56 -9999.00 -9999.00 -9999.00 215.13 25.66 0.00
0.00 20029.42
46.90 -58.16 -9999.00 -9999.00 -9999.00 216.32 28.21 0.00
0.00 20946.25
40.10 -56.26 -9999.00 -9999.00 -9999.00 222.97 19.39 0.00
0.00 21936.36
33.80 -56.66 -9999.00 -9999.00 -9999.00 258.11 7.54 0.00
0.00 23020.45
27.80 -57.66 -9999.00 -9999.00 -9999.00 253.54 8.92 0.00
0.00 24255.99
22.30 -56.76 -9999.00 -9999.00 -9999.00 242.10 7.48 0.00
0.00 25649.42
17.10 -55.86 -9999.00 -9999.00 -9999.00 303.69 9.11 0.00
0.00 27334.65
12.30 -52.36 -9999.00 -9999.00 -9999.00 314.26 10.59 0.00
0.00 29447.14
STN YYMMDD/HHMM PMSL PRES SKTC STC1 SNFL WTNS
P01M C01M STC2 LCLD MCLD HCLD
SNRA UWND VWND R01M BFGR T2MS
Q2MS WXTS WXTP WXTZ WXTR USTM
VSTM HLCY SLLH WSYM CDBP VSBK
TD2M
724510 221026/1200 1017.50 927.70 2.34 275.50 -9999.00 6.00
-9999.00 -9999.00 276.20 0.00 10.00 0.00
-9999.00 -0.90 3.00 -9999.00 -9999.00 4.14
3.37 0.00 0.00 0.00 0.00 5.20
-2.90 43.00 -9999.00 999.00 -9999.00 20.00
-2.79
724510 221026/1300 1018.30 928.30 2.24 275.40 0.00 6.00
0.00 0.00 276.00 0.00 100.00 0.00
-9999.00 -1.00 3.10 -9999.00 -9999.00 3.54
3.39 0.00 0.00 0.00 0.00 4.70
-1.50 43.80 0.00 999.00 -9999.00 20.00
-2.71
724510 221026/1400 1019.00 929.20 5.34 278.50 0.00 6.00
0.00 0.00 278.10 0.00 100.00 0.00
-9999.00 -1.00 3.10 -9999.00 -9999.00 5.64
3.36 0.00 0.00 0.00 0.00 4.10
-0.10 41.20 0.00 999.00 -9999.00 20.00
-2.81
724510 221026/1500 1018.60 930.10 11.84 285.00 0.00 6.00
0.00 0.00 283.50 0.00 100.00 0.00
-9999.00 -1.80 5.90 -9999.00 -9999.00 10.84
3.14 0.00 0.00 0.00 0.00 3.70
1.00 61.70 0.00 999.00 -9999.00 20.00
-3.70
724510 221026/1600 1016.70 928.90 15.94 289.10 0.00 6.00
0.00 0.00 287.60 0.00 100.00 0.00
-9999.00 -2.90 6.40 -9999.00 -9999.00 13.64
2.95 0.00 0.00 0.00 0.00 4.70
1.60 115.20 0.00 999.00 -9999.00 20.00
-4.55
724510 221026/1700 1015.30 927.90 19.54 292.70 0.00 6.00
0.00 0.00 291.10 0.00 100.00 0.00
-9999.00 -3.40 7.40 -9999.00 -9999.00 15.74
2.83 0.00 0.00 0.00 0.00 5.10
2.00 162.90 0.00 999.00 -9999.00 20.00
-5.11
724510 221026/1800 1015.30 928.00 21.44 294.60 0.00 6.00
0.00 0.00 293.10 0.00 100.00 0.00
-9999.00 -3.10 7.40 -9999.00 -9999.00 16.94
2.78 0.00 0.00 0.00 0.00 5.60
2.20 186.60 0.00 999.00 -9999.00 20.00
-5.34
724510 221026/1900 1013.60 926.50 22.44 295.60 0.00 6.00
0.00 0.00 294.30 0.00 100.00 0.00
-9999.00 -3.40 7.30 -9999.00 -9999.00 17.74
2.75 0.00 0.00 0.00 0.00 6.60
2.30 229.90 0.00 999.00 -9999.00 20.00
-5.50
724510 221026/2000 1012.40 925.50 22.44 295.60 0.00 6.00
0.00 0.00 294.50 0.00 100.00 0.00
-9999.00 -3.10 7.50 -9999.00 -9999.00 18.24
2.79 0.00 0.00 0.00 0.00 7.10
2.10 262.10 0.00 999.00 -9999.00 20.00
-5.33
724510 221026/2100 1011.40 924.70 20.64 293.80 0.00 6.00
0.00 0.00 293.40 0.00 100.00 0.00
-9999.00 -3.40 7.40 -9999.00 -9999.00 18.14
2.98 0.00 0.00 0.00 0.00 7.50
1.50 271.80 0.00 999.00 -9999.00 20.00
-4.47
724510 221026/2200 1011.90 925.10 19.84 293.00 0.00 6.00
0.00 0.00 292.70 0.00 66.00 0.00
-9999.00 -3.30 7.60 -9999.00 -9999.00 18.44
3.13 0.00 0.00 0.00 0.00 7.20
1.10 264.00 0.00 999.00 -9999.00 20.00
-3.82
724510 221026/2300 1011.50 924.70 17.54 290.70 0.00 6.00
0.00 0.00 290.90 0.00 89.00 0.00
-9999.00 -2.60 6.60 -9999.00 -9999.00 17.54
3.15 0.00 0.00 0.00 0.00 7.10
0.60 261.20 0.00 999.00 -9999.00 20.00
-3.74
724510 221027/0000 1011.30 924.40 14.94 288.10 0.00 6.00
0.00 0.00 288.60 0.00 100.00 0.00
-9999.00 -2.70 5.10 -9999.00 -9999.00 15.34
3.26 0.00 0.00 0.00 0.00 6.30
0.30 293.70 0.00 999.00 -9999.00 20.00
-3.28
724510 221027/0100 1011.80 924.70 13.74 286.90 0.00 6.00
0.00 0.00 287.40 0.00 87.00 0.00
-9999.00 -3.20 4.80 -9999.00 -9999.00 14.04
3.43 0.00 0.00 0.00 0.00 5.00
0.60 346.60 0.00 999.00 -9999.00 20.00
-2.60
724510 221027/0200 1012.50 925.10 11.84 285.00 0.00 6.00
0.00 0.00 285.70 0.00 37.00 0.00
-9999.00 -3.70 4.60 -9999.00 -9999.00 12.24
3.83 0.00 0.00 0.00 0.00 4.60
0.70 431.30 0.00 999.00 -9999.00 20.00
-1.11
724510 221027/0300 1013.00 925.40 10.74 283.90 0.00 6.00
0.00 0.00 284.60 0.00 0.00 0.00
-9999.00 -4.20 5.80 -9999.00 -9999.00 11.04
4.61 0.00 0.00 0.00 0.00 4.60
0.90 540.50 0.00 999.00 -9999.00 20.00
1.44
724510 221027/0400 1012.20 924.50 10.14 283.30 0.00 6.00
0.00 0.00 283.90 0.00 12.00 0.00
-9999.00 -4.10 6.80 -9999.00 -9999.00 10.44
5.19 0.00 0.00 0.00 0.00 4.10
1.50 579.90 0.00 999.00 -9999.00 20.00
3.08
724510 221027/0500 1013.30 925.40 9.74 282.90 0.00 6.00
0.00 0.00 283.50 0.00 2.00 0.00
-9999.00 -4.10 7.00 -9999.00 -9999.00 10.04
5.22 0.00 0.00 0.00 0.00 3.10
2.30 574.10 0.00 999.00 -9999.00 20.00
3.17
724510 221027/0600 1012.30 924.20 9.24 282.40 0.00 6.00
0.00 0.00 283.00 0.00 0.00 0.00
-9999.00 -3.80 7.80 -9999.00 -9999.00 9.44
5.41 0.00 0.00 0.00 0.00 3.00
3.00 569.80 0.00 999.00 -9999.00 20.00
3.65
724510 221027/0700 1012.60 924.40 8.64 281.80 0.00 6.00
0.00 0.00 282.40 0.00 0.00 0.00
-9999.00 -3.40 7.80 -9999.00 -9999.00 8.84
5.61 0.00 0.00 0.00 0.00 2.70
3.60 538.30 0.00 999.00 -9999.00 20.00
4.17
724510 221027/0800 1011.90 923.60 8.14 281.30 0.00 6.00
0.00 0.00 281.90 0.00 100.00 0.00
-9999.00 -3.20 7.70 -9999.00 -9999.00 8.34
5.72 0.00 0.00 0.00 0.00 2.20
4.30 514.30 0.00 999.00 -9999.00 20.00
4.43
724510 221027/0900 1012.50 924.10 7.84 281.00 0.00 6.00
0.00 0.00 281.60 0.00 100.00 0.00
-9999.00 -3.20 7.50 -9999.00 -9999.00 8.04
5.72 0.00 0.00 0.00 0.00 2.00
4.80 470.60 0.00 999.00 -9999.00 20.00
4.44


