
SNPARM = PRES;TMPC;TMWC;DWPC;THTE;DRCT;SKNT;OMEG;CFRL;HGHT 
STNPRM = SHOW;LIFT;SWET;KINX;LCLP;PWAT;TOTL;CAPE;LCLT;CINS;EQLV;LFCT;BRCH 

STID = KASW STNM = 779 TIME = 221026/1200 
SLAT = 41.28 SLON = -85.84 SELV = 256.0
STIM = 0

SHOW = 5.40 LIFT = 8.69 SWET = 114.82 KINX = 21.77
LCLP = 953.88 PWAT = 22.38 TOTL = 44.27 CAPE = 0.00
LCLT = 280.14 CINS = 0.00 EQLV = -9999.00 LFCT = -9999.00
BRCH = 0.00

PRES TMPC TMWC DWPC THTE DRCT SKNT OMEG
CFRL HGHT
974.90 8.74 8.01 7.31 302.51 299.29 9.13 0.00
0.00 266.19
972.10 8.54 7.87 7.22 302.48 297.41 11.81 0.00
0.00 290.01
966.80 8.24 7.74 7.25 302.77 296.20 13.64 -0.10
0.00 335.24
957.60 7.74 7.53 7.29 303.28 295.92 15.56 -0.10
0.00 414.25
944.00 6.94 6.92 6.84 303.36 301.46 19.35 -0.10
100.00 532.16
926.70 6.34 6.28 6.17 303.84 309.49 22.90 0.00
100.00 684.24
905.90 5.64 5.59 5.48 304.63 314.38 25.27 0.00
100.00 870.44
883.30 5.24 4.71 4.15 305.29 318.07 28.21 -0.10
84.00 1077.22
858.80 5.44 4.65 3.85 308.12 316.13 27.76 -0.40
88.00 1307.33
831.60 5.14 4.40 3.65 310.97 307.76 25.06 -0.50
92.00 1570.59
801.50 3.64 2.97 2.26 311.57 302.54 24.20 -0.50
88.00 1871.15
768.60 2.64 2.04 1.40 313.90 292.83 24.03 -0.30
86.00 2211.27
732.90 1.24 -0.29 -2.09 313.60 274.84 23.00 0.00
85.00 2595.41
694.40 -1.56 -3.70 -6.77 311.82 272.20 25.27 0.10
84.00 3027.63
653.10 -4.76 -6.19 -8.41 312.97 275.55 28.11 0.00
84.00 3513.17
608.90 -8.76 -9.00 -9.42 314.46 270.71 15.73 -0.10
100.00 4060.62
562.40 -12.86 -13.76 -15.81 313.35 249.59 8.92 -0.10
24.00 4671.60
517.20 -15.76 -17.24 -21.52 315.28 281.31 14.86 0.10
0.00 5307.03
476.40 -20.16 -21.22 -25.00 316.38 283.24 16.96 0.10
0.00 5921.28
439.80 -24.26 -25.13 -29.07 317.55 272.94 15.17 0.10
75.00 6508.79
406.80 -28.66 -29.12 -31.63 318.56 281.56 8.72 0.10
83.00 7072.26
376.80 -33.36 -33.76 -36.92 318.52 270.00 9.32 0.10
79.00 7615.42
349.80 -37.66 -38.05 -42.49 318.91 187.13 12.53 0.10
75.00 8132.73
325.30 -41.06 -41.38 -46.05 320.64 231.17 10.22 0.20
28.00 8629.72
303.20 -41.36 -41.90 -51.49 326.42 280.81 21.76 0.20
1.00 9107.42
283.30 -37.06 -38.13 -53.76 338.91 278.99 34.81 0.10
0.00 9572.31
265.40 -38.66 -39.64 -55.28 342.91 270.00 42.54 -0.10
0.00 10021.86
248.70 -39.96 -40.94 -59.58 347.27 263.17 32.67 -0.20
0.00 10466.73
233.50 -40.76 -41.81 -71.85 352.18 255.36 26.90 -0.20
0.00 10896.47
219.60 -42.56 -9999.00 -9999.00 -9999.00 247.55 25.43 -0.20
0.00 11312.34
205.70 -44.66 -9999.00 -9999.00 -9999.00 240.37 24.36 -0.20
0.00 11751.69
191.70 -47.46 -9999.00 -9999.00 -9999.00 226.80 21.85 -0.20
0.00 12220.23
177.70 -50.46 -50.95 -73.70 364.87 203.66 22.26 -0.20
0.00 12717.89
163.80 -53.26 -9999.00 -9999.00 -9999.00 202.18 27.27 -0.10
0.00 13245.49
149.80 -55.56 -9999.00 -9999.00 -9999.00 208.05 33.45 0.00
0.00 13817.55
135.90 -57.66 -9999.00 -9999.00 -9999.00 210.26 35.08 0.00
0.00 14434.79
121.90 -59.96 -9999.00 -9999.00 -9999.00 209.83 33.59 0.00
0.00 15116.90
108.00 -62.46 -9999.00 -9999.00 -9999.00 206.13 34.40 0.10
0.00 15867.99
94.00 -63.06 -9999.00 -9999.00 -9999.00 209.21 35.82 0.10
0.00 16723.00
81.00 -61.16 -9999.00 -9999.00 -9999.00 212.85 29.37 0.10
0.00 17642.48
70.60 -60.26 -9999.00 -9999.00 -9999.00 210.18 22.03 0.00
0.00 18497.01
62.20 -61.26 -9999.00 -9999.00 -9999.00 209.21 20.71 0.00
0.00 19284.54
54.30 -61.66 -9999.00 -9999.00 -9999.00 216.98 19.70 0.00
0.00 20126.21
46.90 -61.66 -9999.00 -9999.00 -9999.00 241.39 9.73 0.00
0.00 21033.18
40.10 -62.16 -9999.00 -9999.00 -9999.00 257.01 2.58 0.00
0.00 22001.74
33.80 -61.86 -9999.00 -9999.00 -9999.00 206.57 2.18 0.00
0.00 23058.06
27.80 -60.76 -9999.00 -9999.00 -9999.00 286.26 4.86 0.00
0.00 24269.86
22.30 -59.16 -9999.00 -9999.00 -9999.00 328.67 5.23 0.00
0.00 25645.54
17.10 -56.16 -9999.00 -9999.00 -9999.00 37.23 6.10 0.00
0.00 27320.29
12.30 -53.36 -9999.00 -9999.00 -9999.00 262.15 5.69 0.00
0.00 29426.51

STID = KASW STNM = 779 TIME = 221026/1300 
SLAT = 41.28 SLON = -85.84 SELV = 256.0
STIM = 1

SHOW = 7.96 LIFT = 9.07 SWET = 118.16 KINX = 20.12
LCLP = 958.69 PWAT = 23.37 TOTL = 40.73 CAPE = 0.03
LCLT = 281.01 CINS = -0.80 EQLV = 859.74 LFCT = 871.43
BRCH = 0.03

PRES TMPC TMWC DWPC THTE DRCT SKNT OMEG
CFRL HGHT
976.50 9.34 8.72 8.13 304.02 278.75 12.78 0.00
0.00 265.35
973.60 9.14 8.53 7.96 303.90 279.35 16.72 -0.10
0.00 290.04
968.30 8.64 8.22 7.80 303.73 280.62 18.98 -0.10
0.00 335.29
959.00 7.94 7.76 7.55 303.68 282.36 20.88 -0.10
0.00 415.12
945.50 7.04 7.01 6.93 303.42 286.93 23.35 -0.20
100.00 532.06
928.10 6.24 6.20 6.10 303.48 292.69 25.68 -0.20
100.00 684.78
907.30 5.24 5.19 5.08 303.55 297.68 26.77 -0.30
100.00 870.52
884.70 4.04 4.01 3.93 303.54 300.61 27.08 -0.30
100.00 1076.36
860.20 2.64 2.60 2.51 303.34 310.31 28.54 -0.20
100.00 1304.41
832.80 3.34 3.32 3.24 308.30 320.68 29.12 -0.30
100.00 1566.96
802.60 3.24 3.24 3.18 312.05 317.54 24.75 -0.20
100.00 1866.91
769.60 2.04 1.99 1.89 313.64 304.38 22.36 -0.10
100.00 2207.06
733.90 0.14 0.05 -0.09 314.25 280.78 20.77 0.10
58.00 2589.61
695.30 -1.36 -2.87 -4.85 313.47 281.11 22.16 0.30
18.00 3021.81
653.80 -3.16 -4.79 -7.09 315.75 287.96 22.05 0.40
18.00 3510.88
609.60 -7.06 -8.28 -10.30 315.75 283.44 22.57 0.40
57.00 4061.13
562.90 -11.36 -11.97 -13.17 316.58 281.31 26.75 0.30
4.00 4677.89
517.60 -15.76 -16.17 -17.17 317.12 282.07 28.81 0.20
65.00 5316.26
476.70 -19.96 -20.78 -23.51 317.07 283.51 25.78 0.20
8.00 5931.97
440.00 -23.36 -24.56 -30.05 318.42 289.62 20.82 0.20
8.00 6522.06
407.00 -27.86 -28.77 -34.23 319.04 300.26 21.58 0.30
16.00 7087.17
376.90 -32.66 -33.42 -40.11 319.00 294.84 23.12 0.50
13.00 7633.57
349.80 -37.06 -37.63 -44.47 319.54 287.10 21.13 0.70
8.00 8154.12
325.40 -40.36 -40.76 -46.54 321.54 302.84 25.43 0.50
0.00 8650.38
303.30 -40.56 -41.05 -48.22 327.71 295.75 30.40 0.30
0.00 9129.47
283.40 -37.56 -38.57 -53.76 338.16 272.00 44.50 0.20
0.00 9594.52
265.40 -38.96 -40.00 -60.82 342.30 270.23 49.15 0.10
0.00 10045.72
248.70 -41.16 -42.07 -63.51 345.39 265.28 47.16 0.00
0.00 10489.15
233.50 -42.76 -43.62 -71.85 349.15 263.24 41.28 0.00
0.00 10915.93
219.60 -44.26 -45.05 -72.27 353.02 258.63 35.47 -0.10
0.00 11328.49
205.70 -45.96 -46.66 -72.71 357.00 250.14 32.01 -0.10
0.00 11764.96
191.70 -48.26 -9999.00 -9999.00 -9999.00 237.38 28.83 -0.10
0.00 12231.35
177.70 -50.96 -9999.00 -9999.00 -9999.00 222.04 29.29 0.00
0.00 12727.56
163.80 -53.56 -9999.00 -9999.00 -9999.00 213.50 31.68 0.00
0.00 13254.20
149.80 -55.66 -9999.00 -9999.00 -9999.00 211.28 35.92 0.00
0.00 13825.74
135.90 -57.26 -9999.00 -9999.00 -9999.00 210.76 37.98 0.00
0.00 14443.41
121.90 -59.16 -9999.00 -9999.00 -9999.00 206.98 36.40 0.00
0.00 15127.42
108.00 -61.16 -9999.00 -9999.00 -9999.00 202.86 35.00 -0.10
0.00 15882.23
94.00 -62.36 -9999.00 -9999.00 -9999.00 203.63 33.92 -0.10
0.00 16741.31
81.00 -61.66 -9999.00 -9999.00 -9999.00 206.21 28.15 0.00
0.00 17661.23
70.60 -61.26 -9999.00 -9999.00 -9999.00 201.60 20.05 0.00
0.00 18512.74
62.20 -62.16 -9999.00 -9999.00 -9999.00 201.43 16.49 0.00
0.00 19296.75
54.30 -62.26 -9999.00 -9999.00 -9999.00 211.56 15.97 0.00
0.00 20135.44
46.90 -62.06 -9999.00 -9999.00 -9999.00 196.14 7.69 0.00
0.00 21040.26
40.10 -62.86 -9999.00 -9999.00 -9999.00 147.26 6.47 0.00
0.00 22006.30
33.80 -62.36 -9999.00 -9999.00 -9999.00 186.71 3.32 0.00
0.00 23059.62
27.80 -60.86 -9999.00 -9999.00 -9999.00 303.02 4.64 0.00
0.00 24269.70
22.30 -57.86 -9999.00 -9999.00 -9999.00 18.43 6.76 0.00
0.00 25649.26
17.10 -54.66 -9999.00 -9999.00 -9999.00 51.15 8.97 0.00
0.00 27334.88
12.30 -52.56 -9999.00 -9999.00 -9999.00 257.59 9.95 0.00
0.00 29452.20

STID = KASW STNM = 779 TIME = 221026/1400 
SLAT = 41.28 SLON = -85.84 SELV = 256.0
STIM = 2

SHOW = 8.39 LIFT = 11.76 SWET = 130.94 KINX = 20.17
LCLP = 953.05 PWAT = 23.63 TOTL = 39.23 CAPE = 1.12
LCLT = 280.12 CINS = 0.00 EQLV = 884.02 LFCT = 935.60
BRCH = 5.39

PRES TMPC TMWC DWPC THTE DRCT SKNT OMEG
CFRL HGHT
977.90 9.04 8.17 7.35 302.56 290.05 15.31 0.00
0.00 264.48
975.00 8.74 7.91 7.11 302.25 291.60 20.05 -0.10
0.00 289.09
969.60 8.34 7.61 6.89 302.14 292.43 22.90 -0.10
0.00 335.07
960.40 7.54 7.09 6.62 301.94 294.01 25.31 -0.10
0.00 413.81
946.80 6.44 6.36 6.23 301.76 296.01 27.02 -0.10
67.00 531.21
929.40 5.44 5.39 5.29 301.51 299.79 29.33 -0.10
100.00 683.31
908.60 4.34 4.31 4.23 301.45 303.49 30.28 -0.10
100.00 868.18
885.90 3.14 3.11 3.03 301.43 307.52 30.61 0.00
100.00 1073.93
861.40 3.34 3.25 3.10 304.61 316.58 29.95 0.10
88.00 1301.58
834.00 4.14 3.98 3.77 309.67 319.56 29.35 0.30
83.00 1564.49
803.70 3.14 3.06 2.93 311.49 313.19 26.11 0.20
93.00 1865.41
770.70 1.24 1.22 1.16 311.73 294.40 20.69 0.20
94.00 2204.48
734.80 0.14 -0.58 -1.43 312.71 280.94 23.54 0.20
64.00 2588.01
696.10 -1.16 -2.53 -4.29 314.08 289.27 25.31 0.20
0.00 3020.94
654.60 -3.66 -4.71 -6.16 315.80 290.12 27.10 0.20
0.00 3509.22
610.20 -6.96 -7.61 -8.63 317.00 288.68 28.50 -0.10
7.00 4061.05
563.40 -10.26 -10.73 -11.56 318.89 289.53 29.06 -0.10
14.00 4680.09
518.00 -14.16 -14.83 -16.32 319.48 287.01 27.21 0.10
57.00 5322.76
477.00 -18.66 -19.54 -22.19 319.13 284.63 36.13 0.40
3.00 5943.09
440.30 -23.26 -24.02 -27.07 319.26 283.21 42.50 0.30
11.00 6534.51
407.10 -27.86 -28.33 -30.72 319.74 287.43 35.02 0.20
62.00 7102.97
377.10 -32.36 -32.76 -35.61 319.98 294.03 31.47 0.20
53.00 7647.75
349.90 -36.66 -37.06 -41.13 320.39 301.61 29.64 0.30
0.00 8170.81
325.40 -39.66 -40.17 -47.59 322.43 298.03 30.59 0.30
0.00 8670.21
303.30 -40.26 -41.06 -59.78 327.66 268.72 43.53 0.20
0.00 9150.32
283.40 -41.46 -42.26 -65.56 332.27 269.32 49.34 0.10
0.00 9611.76
265.40 -41.46 -9999.00 -9999.00 -9999.00 259.33 51.40 0.10
0.00 10056.79
248.70 -42.86 -9999.00 -9999.00 -9999.00 260.35 47.49 0.10
0.00 10496.22
233.50 -43.66 -9999.00 -9999.00 -9999.00 257.06 44.25 0.10
0.00 10920.60
219.60 -44.76 -45.51 -72.27 352.24 250.71 41.16 0.10
0.00 11331.90
205.70 -46.46 -47.13 -72.71 356.22 246.76 35.94 0.10
0.00 11767.42
191.70 -49.06 -9999.00 -9999.00 -9999.00 241.58 32.25 0.00
0.00 12232.46
177.70 -51.66 -9999.00 -9999.00 -9999.00 234.67 31.92 0.10
0.00 12727.00
163.80 -54.16 -9999.00 -9999.00 -9999.00 224.28 32.83 0.10
0.00 13252.09
149.80 -56.26 -9999.00 -9999.00 -9999.00 214.77 37.12 0.10
0.00 13822.06
135.90 -57.46 -9999.00 -9999.00 -9999.00 212.78 40.89 0.10
0.00 14438.60
121.90 -59.06 -9999.00 -9999.00 -9999.00 209.74 37.59 0.00
0.00 15122.45
108.00 -60.96 -9999.00 -9999.00 -9999.00 203.37 34.29 0.00
0.00 15877.79
94.00 -61.76 -9999.00 -9999.00 -9999.00 202.80 33.08 0.00
0.00 16738.49
81.00 -60.86 -9999.00 -9999.00 -9999.00 204.17 27.04 0.00
0.00 17661.46
70.60 -60.26 -9999.00 -9999.00 -9999.00 201.33 21.89 0.00
0.00 18516.60
62.20 -60.96 -9999.00 -9999.00 -9999.00 196.88 18.07 0.00
0.00 19304.69
54.30 -61.86 -9999.00 -9999.00 -9999.00 201.57 17.97 0.00
0.00 20146.56
46.90 -62.26 -9999.00 -9999.00 -9999.00 191.98 13.11 0.00
0.00 21051.81
40.10 -62.86 -9999.00 -9999.00 -9999.00 191.31 10.90 0.00
0.00 22017.38
33.80 -61.56 -9999.00 -9999.00 -9999.00 225.00 7.15 0.00
0.00 23072.70
27.80 -60.06 -9999.00 -9999.00 -9999.00 345.96 2.41 0.00
0.00 24287.37
22.30 -57.66 -9999.00 -9999.00 -9999.00 48.81 10.33 0.00
0.00 25670.15
17.10 -53.96 -9999.00 -9999.00 -9999.00 62.74 7.21 0.00
0.00 27359.27
12.30 -51.76 -9999.00 -9999.00 -9999.00 257.28 6.18 0.00
0.00 29483.82

STID = KASW STNM = 779 TIME = 221026/1500 
SLAT = 41.28 SLON = -85.84 SELV = 256.0
STIM = 3

SHOW = 10.99 LIFT = 12.88 SWET = 115.59 KINX = 6.42
LCLP = 953.18 PWAT = 18.95 TOTL = 35.49 CAPE = 0.16
LCLT = 279.59 CINS = 0.00 EQLV = 886.33 LFCT = 940.05
BRCH = 0.04

PRES TMPC TMWC DWPC THTE DRCT SKNT OMEG
CFRL HGHT
979.70 8.64 7.72 6.84 301.32 296.57 15.64 0.00
0.00 265.29
976.70 8.34 7.46 6.59 301.02 298.26 20.51 -0.10
0.00 290.67
971.40 7.84 7.11 6.37 300.78 299.33 23.39 -0.10
0.00 335.64
962.20 7.04 6.60 6.12 300.61 300.60 25.95 -0.10
0.00 414.09
948.60 5.94 5.89 5.79 300.51 301.45 27.54 -0.10
18.00 531.04
931.10 4.94 4.92 4.85 300.28 305.20 30.67 -0.10
100.00 683.43
910.20 3.94 3.90 3.80 300.36 307.78 31.70 -0.10
100.00 868.54
887.50 2.74 2.71 2.63 300.39 309.85 32.13 0.00
100.00 1073.60
862.90 1.64 1.64 1.58 300.96 316.74 31.74 0.00
100.00 1300.86
835.40 2.64 2.32 1.94 305.75 319.93 27.16 0.00
40.00 1562.66
805.10 2.94 1.88 0.70 308.61 300.70 21.68 0.00
43.00 1861.99
771.90 1.64 -0.23 -2.55 308.34 284.26 23.66 -0.10
44.00 2202.46
735.90 0.14 -3.11 -8.13 307.11 290.20 25.87 -0.20
14.00 2586.38
697.20 -1.76 -6.21 -15.41 306.24 290.21 29.80 -0.10
0.00 3017.62
655.60 -3.46 -7.29 -14.90 310.29 279.72 28.77 0.00
0.00 3505.33
611.10 -6.16 -8.36 -12.25 315.32 276.61 26.98 0.20
0.00 4058.16
564.20 -9.86 -11.47 -14.67 317.29 277.80 28.63 0.30
0.00 4678.76
518.60 -13.96 -15.00 -17.39 319.05 276.19 32.44 0.10
7.00 5324.00
477.50 -18.16 -19.19 -22.26 319.63 281.70 39.28 0.00
0.00 5945.98
440.60 -22.66 -23.77 -28.39 319.60 285.63 43.98 0.00
0.00 6541.37
407.40 -26.86 -27.84 -33.29 320.42 280.25 37.10 0.20
13.00 7111.22
377.30 -31.56 -32.36 -38.65 320.54 279.59 29.16 0.40
4.00 7659.44
350.10 -36.16 -36.80 -44.04 320.72 272.69 33.06 0.30
0.00 8183.61
325.50 -39.86 -40.35 -47.59 322.13 269.70 37.10 0.20
0.00 8685.13
303.40 -42.26 -42.80 -54.17 324.97 271.11 49.92 0.20
0.00 9162.83
283.40 -43.16 -43.78 -60.31 329.91 267.86 52.10 0.10
0.00 9622.82
265.40 -41.96 -9999.00 -9999.00 -9999.00 260.84 54.90 0.10
0.00 10065.75
248.70 -42.76 -9999.00 -9999.00 -9999.00 256.50 54.93 0.00
0.00 10504.80
233.50 -43.86 -9999.00 -9999.00 -9999.00 252.96 53.03 -0.10
0.00 10929.09
219.60 -45.16 -9999.00 -9999.00 -9999.00 249.80 47.80 -0.10
0.00 11339.84
205.70 -46.56 -47.22 -72.71 356.06 246.60 44.02 -0.10
0.00 11774.88
191.70 -48.46 -9999.00 -9999.00 -9999.00 242.54 38.75 -0.10
0.00 12240.44
177.70 -51.36 -9999.00 -9999.00 -9999.00 234.09 34.77 -0.10
0.00 12735.98
163.80 -54.66 -9999.00 -9999.00 -9999.00 226.68 37.37 0.00
0.00 13260.83
149.80 -57.06 -9999.00 -9999.00 -9999.00 220.05 41.36 0.00
0.00 13829.10
135.90 -58.16 -9999.00 -9999.00 -9999.00 217.02 44.52 0.10
0.00 14443.50
121.90 -59.16 -9999.00 -9999.00 -9999.00 214.56 42.46 0.10
0.00 15126.08
108.00 -59.96 -9999.00 -9999.00 -9999.00 206.72 32.83 0.10
0.00 15883.02
94.00 -61.36 -9999.00 -9999.00 -9999.00 194.61 33.12 0.00
0.00 16746.56
81.00 -59.86 -9999.00 -9999.00 -9999.00 197.45 28.52 0.00
0.00 17672.58
70.60 -60.36 -9999.00 -9999.00 -9999.00 187.13 23.48 0.00
0.00 18529.52
62.20 -60.96 -9999.00 -9999.00 -9999.00 188.75 20.44 0.00
0.00 19317.43
54.30 -62.16 -9999.00 -9999.00 -9999.00 194.04 19.23 0.00
0.00 20158.70
46.90 -61.76 -9999.00 -9999.00 -9999.00 199.80 15.48 0.00
0.00 21064.38
40.10 -61.76 -9999.00 -9999.00 -9999.00 193.54 10.78 0.00
0.00 22033.62
33.80 -61.06 -9999.00 -9999.00 -9999.00 243.43 3.90 0.00
0.00 23092.95
27.80 -61.26 -9999.00 -9999.00 -9999.00 10.30 4.35 0.00
0.00 24305.61
22.30 -59.46 -9999.00 -9999.00 -9999.00 48.01 7.85 0.00
0.00 25678.71
17.10 -55.66 -9999.00 -9999.00 -9999.00 86.99 7.40 0.00
0.00 27354.23
12.30 -52.66 -9999.00 -9999.00 -9999.00 253.61 6.88 0.00
0.00 29466.24

STID = KASW STNM = 779 TIME = 221026/1600 
SLAT = 41.28 SLON = -85.84 SELV = 256.0
STIM = 4

SHOW = 13.21 LIFT = 14.44 SWET = 97.67 KINX = -2.57
LCLP = 945.78 PWAT = 13.44 TOTL = 31.67 CAPE = 0.52
LCLT = 278.94 CINS = 0.00 EQLV = 892.17 LFCT = 933.24
BRCH = 0.06

PRES TMPC TMWC DWPC THTE DRCT SKNT OMEG
CFRL HGHT
980.00 8.64 7.46 6.31 300.67 299.74 14.10 0.00
0.00 265.29
977.10 8.34 7.16 6.00 300.30 300.86 18.55 -0.10
0.00 289.81
971.70 7.84 6.81 5.78 300.08 302.23 21.13 -0.10
0.00 335.60
962.40 7.04 6.29 5.50 299.89 303.30 23.70 -0.10
0.00 414.87
948.80 5.94 5.57 5.14 299.76 304.53 25.70 -0.10
0.00 531.78
931.30 4.64 4.60 4.51 299.55 306.38 27.51 -0.10
100.00 684.04
910.50 3.54 3.52 3.44 299.51 308.72 28.88 0.00
100.00 867.96
887.70 2.44 2.39 2.28 299.69 311.22 29.18 0.00
100.00 1073.59
863.10 1.34 1.29 1.18 300.22 314.45 28.57 0.10
100.00 1300.53
835.50 2.24 0.99 -0.55 302.86 310.89 24.92 0.10
14.00 1562.82
805.20 3.44 -0.85 -7.39 302.65 296.97 24.84 0.00
0.00 1861.89
772.10 1.84 -4.38 -19.41 299.58 297.54 25.62 -0.10
0.00 2201.15
736.20 0.14 -6.21 -24.62 300.68 292.89 28.46 -0.20
0.00 2583.42
697.50 -1.06 -6.61 -20.16 305.29 280.07 29.99 -0.10
0.00 3014.68
655.80 -3.66 -7.99 -17.67 308.85 275.67 27.53 0.20
0.00 3503.70
611.30 -6.66 -9.89 -16.98 312.24 278.65 27.12 0.40
0.00 4055.43
564.30 -9.56 -12.38 -19.12 315.49 273.22 31.14 0.40
0.00 4676.69
518.70 -12.86 -16.51 -30.60 316.09 274.42 35.26 0.20
0.00 5323.15
477.60 -17.16 -20.71 -45.34 316.72 277.19 45.03 0.10
0.00 5947.06
440.70 -22.06 -24.43 -39.94 318.36 275.46 44.87 0.10
0.00 6543.89
407.50 -26.96 -28.19 -35.91 319.82 272.86 38.89 0.10
0.00 7114.06
377.30 -31.36 -32.10 -37.62 320.95 266.14 34.65 0.10
0.00 7664.13
350.10 -35.56 -36.33 -45.38 321.42 267.74 39.47 0.20
0.00 8189.18
325.60 -39.36 -40.08 -53.58 322.48 269.74 42.74 0.20
0.00 8689.73
303.40 -42.66 -43.27 -59.77 324.25 264.57 51.32 0.20
0.00 9169.60
283.40 -44.06 -44.64 -62.52 328.58 259.91 60.98 0.10
0.00 9628.29
265.40 -44.66 -45.27 -66.04 333.88 259.21 63.29 0.10
0.00 10067.77
248.70 -44.66 -45.33 -71.42 340.09 255.01 62.33 0.10
0.00 10502.44
233.50 -44.76 -45.46 -71.85 346.12 248.90 59.34 0.10
0.00 10924.15
219.60 -45.16 -45.88 -72.27 351.63 245.73 54.33 0.00
0.00 11334.10
205.60 -46.56 -47.22 -72.72 356.11 243.54 47.51 0.00
0.00 11772.37
191.70 -48.86 -9999.00 -9999.00 -9999.00 240.70 43.67 0.00
0.00 12234.31
177.70 -51.66 -9999.00 -9999.00 -9999.00 236.76 41.10 0.00
0.00 12729.08
163.80 -54.46 -9999.00 -9999.00 -9999.00 225.81 38.73 0.00
0.00 13253.81
149.80 -57.76 -9999.00 -9999.00 -9999.00 216.57 44.99 0.00
0.00 13821.42
135.90 -58.76 -9999.00 -9999.00 -9999.00 219.31 48.45 0.10
0.00 14433.97
121.90 -59.56 -9999.00 -9999.00 -9999.00 217.53 40.17 0.10
0.00 15114.96
108.00 -60.66 -9999.00 -9999.00 -9999.00 206.84 36.13 0.00
0.00 15869.94
94.00 -60.66 -9999.00 -9999.00 -9999.00 191.71 32.54 0.00
0.00 16733.49
81.00 -62.06 -9999.00 -9999.00 -9999.00 192.84 31.47 0.00
0.00 17656.24
70.60 -61.06 -9999.00 -9999.00 -9999.00 188.62 25.93 0.00
0.00 18507.35
62.20 -61.86 -9999.00 -9999.00 -9999.00 192.89 23.50 0.00
0.00 19292.29
54.30 -62.06 -9999.00 -9999.00 -9999.00 193.52 20.78 0.00
0.00 20131.97
46.90 -61.46 -9999.00 -9999.00 -9999.00 196.84 15.42 0.00
0.00 21038.51
40.10 -60.96 -9999.00 -9999.00 -9999.00 188.75 7.67 0.00
0.00 22010.27
33.80 -61.06 -9999.00 -9999.00 -9999.00 325.01 2.37 0.00
0.00 23071.60
27.80 -61.06 -9999.00 -9999.00 -9999.00 14.04 3.21 0.00
0.00 24284.83
22.30 -57.86 -9999.00 -9999.00 -9999.00 94.76 7.01 0.00
0.00 25663.74
17.10 -54.56 -9999.00 -9999.00 -9999.00 117.15 8.51 0.00
0.00 27349.75
12.30 -52.56 -9999.00 -9999.00 -9999.00 256.87 5.98 0.00
0.00 29467.55

STID = KASW STNM = 779 TIME = 221026/1700 
SLAT = 41.28 SLON = -85.84 SELV = 256.0
STIM = 5

SHOW = 16.70 LIFT = 15.32 SWET = 92.65 KINX = -15.31
LCLP = 931.86 PWAT = 9.24 TOTL = 25.49 CAPE = 8.65
LCLT = 278.13 CINS = -0.03 EQLV = 858.42 LFCT = 919.13
BRCH = 1.00

PRES TMPC TMWC DWPC THTE DRCT SKNT OMEG
CFRL HGHT
980.40 9.04 7.36 5.71 300.38 300.43 14.20 0.00
0.00 266.14
977.50 8.74 7.03 5.32 299.94 301.17 18.40 -0.10
0.00 290.68
972.20 8.24 6.65 5.04 299.65 301.61 20.77 -0.10
0.00 335.66
962.90 7.44 6.09 4.70 299.40 302.47 22.79 -0.10
0.00 414.99
949.30 6.24 5.32 4.32 299.15 303.18 24.15 -0.10
0.00 531.96
931.70 4.84 4.35 3.79 298.97 304.42 25.43 -0.10
62.00 685.13
910.90 3.14 3.09 2.97 298.55 305.93 26.15 -0.10
95.00 868.87
888.20 1.64 1.61 1.52 298.01 307.54 26.46 -0.10
100.00 1073.03
863.50 0.04 0.03 -0.04 297.61 308.73 26.40 0.00
100.00 1299.86
835.90 2.74 -1.82 -9.91 297.01 309.69 25.25 0.00
3.00 1561.43
805.60 3.24 -3.89 -24.10 296.26 309.43 26.90 -0.10
0.00 1860.13
772.50 1.24 -5.81 -31.14 296.67 305.86 28.52 -0.20
0.00 2198.44
736.60 -0.36 -7.08 -32.22 298.92 294.29 30.69 -0.40
0.00 2579.62
697.80 -1.46 -7.68 -27.43 303.11 284.52 27.89 -0.40
0.00 3010.95
656.10 -4.36 -9.43 -24.30 305.98 284.24 26.85 -0.20
0.00 3498.59
611.50 -6.76 -11.65 -28.31 308.73 276.97 27.19 0.10
0.00 4050.24
564.50 -8.86 -14.26 -46.88 311.59 269.64 30.89 0.20
0.00 4671.52
518.90 -12.46 -16.99 -43.95 315.02 275.03 37.63 0.30
0.00 5318.75
477.80 -16.96 -20.31 -39.16 317.41 275.19 45.07 0.30
0.00 5943.07
440.90 -21.86 -24.41 -42.78 318.32 270.00 41.18 0.30
0.00 6540.12
407.60 -26.56 -28.58 -49.75 319.07 265.24 37.43 0.20
0.00 7112.42
377.40 -30.96 -32.52 -56.25 320.15 265.47 39.36 0.20
0.00 7663.14
350.20 -35.26 -36.43 -60.90 321.18 262.49 46.04 0.00
0.00 8188.73
325.60 -39.26 -40.11 -61.46 322.42 254.15 50.49 -0.10
0.00 8691.65
303.40 -42.76 -43.36 -59.77 324.11 252.99 54.45 -0.10
0.00 9171.51
283.50 -44.66 -45.18 -60.30 327.73 257.74 59.44 -0.10
0.00 9627.14
265.40 -45.36 -45.92 -66.04 332.85 258.22 64.69 0.00
0.00 10067.72
248.70 -46.26 -46.82 -71.42 337.71 255.92 61.48 0.10
0.00 10500.21
233.50 -46.66 -47.24 -71.85 343.24 248.45 58.68 0.20
0.00 10918.68
219.60 -46.76 -47.36 -72.27 349.16 241.76 59.54 0.20
0.00 11325.49
205.60 -46.96 -47.59 -72.72 355.48 238.97 56.90 0.20
0.00 11761.83
191.70 -48.46 -9999.00 -9999.00 -9999.00 238.38 49.28 0.10
0.00 12223.77
177.70 -51.36 -9999.00 -9999.00 -9999.00 236.00 40.31 0.00
0.00 12719.31
163.80 -55.06 -9999.00 -9999.00 -9999.00 227.08 37.94 0.00
0.00 13243.69
149.80 -58.06 -9999.00 -9999.00 -9999.00 217.98 46.08 0.10
0.00 13810.13
135.90 -59.46 -9999.00 -9999.00 -9999.00 218.07 55.77 0.10
0.00 14421.25
121.90 -58.86 -9999.00 -9999.00 -9999.00 220.55 47.80 0.10
0.00 15102.23
108.00 -60.56 -9999.00 -9999.00 -9999.00 199.77 31.59 0.00
0.00 15858.64
94.00 -62.06 -9999.00 -9999.00 -9999.00 201.06 36.23 0.00
0.00 16719.54
81.00 -61.16 -9999.00 -9999.00 -9999.00 196.81 30.23 0.00
0.00 17641.21
70.60 -61.56 -9999.00 -9999.00 -9999.00 194.52 27.89 0.00
0.00 18493.12
62.20 -61.06 -9999.00 -9999.00 -9999.00 186.95 24.07 0.00
0.00 19278.61
54.30 -61.66 -9999.00 -9999.00 -9999.00 191.50 23.39 0.00
0.00 20120.68
46.90 -61.76 -9999.00 -9999.00 -9999.00 188.86 15.13 0.00
0.00 21027.43
40.10 -61.56 -9999.00 -9999.00 -9999.00 186.17 7.23 0.00
0.00 21997.14
33.80 -62.16 -9999.00 -9999.00 -9999.00 198.43 0.62 0.00
0.00 23054.21
27.80 -60.86 -9999.00 -9999.00 -9999.00 146.31 0.70 0.00
0.00 24264.87
22.30 -57.76 -9999.00 -9999.00 -9999.00 107.97 7.56 0.00
0.00 25644.74
17.10 -54.66 -9999.00 -9999.00 -9999.00 133.96 7.56 0.00
0.00 27330.76
12.30 -52.16 -9999.00 -9999.00 -9999.00 264.56 4.10 0.00
0.00 29450.00

STID = KASW STNM = 779 TIME = 221026/1800 
SLAT = 41.28 SLON = -85.84 SELV = 256.0
STIM = 6

SHOW = 18.18 LIFT = 16.23 SWET = 92.17 KINX = -30.47
LCLP = 913.19 PWAT = 8.30 TOTL = 21.92 CAPE = 4.50
LCLT = 276.75 CINS = 0.00 EQLV = 861.26 LFCT = 903.65
BRCH = 0.42

PRES TMPC TMWC DWPC THTE DRCT SKNT OMEG
CFRL HGHT
981.20 9.34 7.00 4.63 299.47 301.70 15.52 0.00
0.00 265.30
978.30 8.84 6.53 4.14 298.73 302.91 19.66 -0.10
0.00 289.83
972.90 8.34 6.13 3.79 298.40 303.83 21.99 -0.10
0.00 335.62
963.60 7.54 5.56 3.43 298.15 304.09 23.21 -0.10
0.00 414.90
950.00 6.34 4.78 3.06 297.91 304.84 24.15 -0.10
0.00 531.79
932.50 4.84 3.78 2.55 297.65 305.43 24.79 -0.20
12.00 683.95
911.60 3.04 2.58 2.00 297.42 306.25 25.29 -0.20
45.00 868.35
889.00 1.24 1.24 1.18 297.17 306.96 25.52 -0.20
100.00 1071.23
863.80 -0.26 -0.27 -0.34 296.99 307.76 25.06 -0.20
100.00 1302.19
836.50 3.34 -2.74 -16.35 295.01 312.64 26.67 0.00
1.00 1560.85
806.20 2.44 -3.97 -20.29 296.17 314.46 29.39 0.00
0.00 1859.16
773.00 0.84 -5.81 -27.30 296.70 307.01 31.62 -0.10
0.00 2197.57
737.00 -0.76 -7.62 -39.45 297.83 298.69 32.77 -0.20
0.00 2579.02
698.20 -2.56 -9.05 -40.55 300.43 288.10 31.27 -0.20
0.00 3008.85
656.50 -4.96 -10.42 -30.79 304.04 280.93 28.69 0.00
0.00 3494.54
611.90 -7.46 -12.69 -36.73 306.71 278.75 28.11 0.20
0.00 4044.39
564.80 -8.86 -14.13 -41.98 311.80 270.33 33.80 0.30
0.00 4665.76
519.10 -12.06 -16.67 -42.78 315.54 274.55 39.16 0.40
0.00 5314.61
477.90 -17.16 -20.33 -36.89 317.39 269.74 42.15 0.40
0.00 5940.53
441.00 -21.96 -24.37 -40.29 318.39 259.38 41.10 0.30
0.00 6537.12
407.70 -26.96 -28.78 -45.56 318.76 251.91 40.66 0.20
0.00 7108.73
377.50 -31.36 -32.78 -51.33 319.76 248.39 42.21 0.10
0.00 7658.42
350.20 -35.56 -36.63 -55.37 320.90 244.50 46.91 0.00
0.00 8185.11
325.60 -39.66 -40.40 -55.96 321.99 246.56 49.32 0.00
0.00 8687.30
303.40 -43.06 -43.62 -58.01 323.73 250.92 54.68 0.10
0.00 9166.44
283.50 -44.96 -45.46 -60.30 327.30 253.38 65.89 0.20
0.00 9621.47
265.50 -45.26 -45.80 -63.02 333.01 252.30 67.07 0.20
0.00 10059.35
248.70 -45.76 -46.33 -66.51 338.50 250.05 64.90 0.10
0.00 10494.92
233.50 -46.26 -46.86 -71.85 343.85 245.95 61.48 0.10
0.00 10914.23
219.60 -47.26 -47.83 -72.27 348.39 242.85 59.17 0.10
0.00 11320.94
205.60 -47.96 -48.53 -72.72 353.91 238.28 58.00 0.10
0.00 11755.84
191.70 -49.06 -9999.00 -9999.00 -9999.00 235.76 56.62 0.10
0.00 12216.14
177.70 -51.06 -9999.00 -9999.00 -9999.00 236.07 52.21 0.00
0.00 12711.35
163.80 -53.96 -9999.00 -9999.00 -9999.00 232.78 44.64 -0.10
0.00 13237.39
149.80 -57.56 -9999.00 -9999.00 -9999.00 219.58 43.61 -0.10
0.00 13805.92
135.90 -60.66 -9999.00 -9999.00 -9999.00 218.59 50.45 -0.10
0.00 14416.05
121.90 -61.16 -9999.00 -9999.00 -9999.00 222.30 49.63 0.00
0.00 15091.47
108.00 -60.26 -9999.00 -9999.00 -9999.00 214.99 35.57 0.00
0.00 15844.33
94.00 -62.66 -9999.00 -9999.00 -9999.00 193.32 33.74 0.00
0.00 16704.62
81.00 -61.46 -9999.00 -9999.00 -9999.00 200.84 32.21 0.00
0.00 17624.33
70.60 -60.86 -9999.00 -9999.00 -9999.00 185.95 28.13 0.00
0.00 18477.04
62.20 -61.06 -9999.00 -9999.00 -9999.00 191.55 27.16 0.00
0.00 19263.84
54.30 -61.96 -9999.00 -9999.00 -9999.00 189.16 24.40 0.00
0.00 20105.31
46.90 -61.26 -9999.00 -9999.00 -9999.00 198.43 15.97 0.00
0.00 21012.49
40.10 -61.46 -9999.00 -9999.00 -9999.00 198.43 6.76 0.00
0.00 21983.57
33.80 -61.76 -9999.00 -9999.00 -9999.00 258.69 2.97 0.00
0.00 23041.89
27.80 -60.06 -9999.00 -9999.00 -9999.00 312.27 2.89 0.00
0.00 24255.97
22.30 -57.86 -9999.00 -9999.00 -9999.00 95.71 5.85 0.00
0.00 25638.11
17.10 -54.06 -9999.00 -9999.00 -9999.00 181.59 6.99 0.00
0.00 27326.07
12.30 -51.36 -9999.00 -9999.00 -9999.00 244.98 6.43 0.00
0.00 29452.06

STID = KASW STNM = 779 TIME = 221026/1900 
SLAT = 41.28 SLON = -85.84 SELV = 256.0
STIM = 7

SHOW = 18.44 LIFT = 16.69 SWET = 95.70 KINX = -30.64
LCLP = 913.74 PWAT = 8.20 TOTL = 21.12 CAPE = 4.06
LCLT = 276.34 CINS = -0.00 EQLV = 862.73 LFCT = 902.37
BRCH = 0.34

PRES TMPC TMWC DWPC THTE DRCT SKNT OMEG
CFRL HGHT
983.20 9.04 6.68 4.24 298.54 301.70 15.52 0.00
0.00 265.27
980.20 8.64 6.27 3.76 297.94 303.07 19.93 -0.10
0.00 290.57
974.90 8.14 5.86 3.40 297.60 303.97 22.24 -0.10
0.00 335.39
965.60 7.24 5.26 3.07 297.27 304.34 23.76 -0.10
0.00 414.42
951.90 6.14 4.53 2.72 297.17 304.70 24.57 -0.10
0.00 531.82
934.40 4.64 3.55 2.26 296.96 305.28 25.21 0.00
0.00 683.56
913.40 2.84 2.34 1.71 296.74 305.39 25.49 0.00
36.00 868.32
890.70 1.04 1.01 0.91 296.52 305.84 25.87 0.00
100.00 1071.54
865.70 -0.66 -0.67 -0.73 296.00 306.09 25.72 0.00
100.00 1299.93
838.20 3.34 -2.67 -15.95 294.96 309.35 27.87 0.10
1.00 1559.74
807.70 2.54 -3.75 -19.11 296.43 311.78 31.78 0.10
0.00 1859.51
774.50 1.14 -5.45 -25.22 297.21 309.02 34.25 0.10
0.00 2197.54
738.30 -0.96 -7.61 -35.63 297.73 301.08 34.25 0.10
0.00 2580.49
699.40 -3.16 -9.44 -40.53 299.62 292.07 31.02 0.20
0.00 3010.05
657.50 -5.46 -11.13 -38.05 302.56 290.02 28.94 0.40
0.00 3496.26
612.70 -6.86 -12.57 -46.14 306.68 280.45 33.18 0.60
0.00 4047.83
565.50 -8.36 -13.86 -44.47 312.14 271.32 33.80 0.60
0.00 4670.97
519.70 -11.96 -16.47 -39.48 315.82 269.47 42.15 0.50
0.00 5321.21
478.40 -17.26 -20.34 -36.04 317.28 264.37 41.57 0.30
0.00 5947.98
441.30 -22.36 -24.52 -37.68 318.11 257.38 41.80 0.10
0.00 6546.71
407.90 -27.36 -28.99 -42.62 318.42 247.11 41.96 0.00
0.00 7118.81
377.60 -31.96 -33.19 -47.46 319.13 241.41 46.68 0.00
0.00 7669.00
350.30 -36.06 -36.91 -48.78 320.47 243.23 48.74 0.00
0.00 8194.36
325.70 -39.76 -40.40 -51.69 321.98 247.11 51.44 0.10
0.00 8695.77
303.50 -43.16 -43.71 -58.00 323.56 251.39 59.03 0.20
0.00 9174.56
283.50 -44.86 -45.36 -60.30 327.44 251.08 65.91 0.20
0.00 9631.81
265.50 -45.96 -46.46 -63.02 331.99 251.37 71.76 0.20
0.00 10069.10
248.70 -45.96 -46.52 -66.51 338.20 249.04 71.13 0.10
0.00 10503.81
233.50 -45.86 -46.49 -71.85 344.45 245.77 68.16 0.10
0.00 10923.31
219.60 -46.76 -47.36 -72.27 349.16 243.51 64.90 0.10
0.00 11330.83
205.60 -47.76 -48.34 -72.72 354.22 240.57 60.88 0.00
0.00 11766.41
191.70 -49.46 -49.97 -73.19 358.65 236.99 58.84 0.00
0.00 12226.50
177.70 -51.56 -9999.00 -9999.00 -9999.00 235.71 56.20 0.00
0.00 12720.71
163.80 -54.06 -9999.00 -9999.00 -9999.00 233.44 49.57 0.00
0.00 13246.04
149.80 -57.26 -9999.00 -9999.00 -9999.00 225.92 42.72 -0.10
0.00 13814.83
135.90 -60.86 -9999.00 -9999.00 -9999.00 219.77 45.24 -0.10
0.00 14425.10
121.90 -62.26 -9999.00 -9999.00 -9999.00 223.01 47.55 0.00
0.00 15098.45
108.00 -60.96 -9999.00 -9999.00 -9999.00 217.69 37.80 0.00
0.00 15848.12
94.00 -62.56 -9999.00 -9999.00 -9999.00 200.56 34.85 0.00
0.00 16707.20
81.00 -60.86 -9999.00 -9999.00 -9999.00 201.56 33.84 0.00
0.00 17628.42
70.60 -60.26 -9999.00 -9999.00 -9999.00 190.78 29.06 0.00
0.00 18483.56
62.20 -60.66 -9999.00 -9999.00 -9999.00 194.13 27.84 0.00
0.00 19272.20
54.30 -60.06 -9999.00 -9999.00 -9999.00 198.43 22.73 0.00
0.00 20118.25
46.90 -60.16 -9999.00 -9999.00 -9999.00 206.95 12.86 0.00
0.00 21031.86
40.10 -60.96 -9999.00 -9999.00 -9999.00 184.76 4.68 0.00
0.00 22006.61
33.80 -61.76 -9999.00 -9999.00 -9999.00 248.63 4.80 0.00
0.00 23066.18
27.80 -60.66 -9999.00 -9999.00 -9999.00 323.13 0.97 0.00
0.00 24278.55
22.30 -58.06 -9999.00 -9999.00 -9999.00 127.48 7.34 0.00
0.00 25658.11
17.10 -54.56 -9999.00 -9999.00 -9999.00 214.82 5.44 0.00
0.00 27343.34
12.30 -51.96 -9999.00 -9999.00 -9999.00 289.44 3.50 0.00
0.00 29464.03

STID = KASW STNM = 779 TIME = 221026/2000 
SLAT = 41.28 SLON = -85.84 SELV = 256.0
STIM = 8

SHOW = 17.80 LIFT = 16.69 SWET = 93.16 KINX = -30.60
LCLP = 920.35 PWAT = 8.05 TOTL = 23.00 CAPE = 3.98
LCLT = 276.18 CINS = 0.00 EQLV = 863.20 LFCT = 912.99
BRCH = 0.31

PRES TMPC TMWC DWPC THTE DRCT SKNT OMEG
CFRL HGHT
982.60 8.24 6.17 3.96 297.47 303.48 14.43 0.00
0.00 265.24
979.60 7.94 5.83 3.55 297.05 304.35 18.59 -0.10
0.00 290.50
974.30 7.34 5.41 3.28 296.69 305.17 20.90 -0.10
0.00 335.22
965.00 6.54 4.86 2.97 296.49 305.59 22.69 -0.10
0.00 414.09
951.30 5.44 4.15 2.66 296.42 306.03 23.78 -0.10
0.00 531.27
933.80 3.84 3.14 2.28 296.17 305.96 24.48 -0.10
0.00 682.69
912.80 2.04 1.95 1.79 296.00 306.52 25.14 0.00
41.00 867.04
890.20 0.64 0.62 0.54 295.80 306.70 25.68 -0.10
100.00 1069.05
865.10 -0.86 -0.90 -1.01 295.62 307.13 26.07 -0.10
100.00 1298.23
837.70 2.74 -2.68 -13.93 295.08 309.29 27.60 -0.10
2.00 1556.89
807.30 3.34 -3.79 -23.76 296.25 311.60 30.13 -0.10
0.00 1855.94
774.10 1.64 -5.58 -31.70 296.87 309.54 31.74 -0.10
0.00 2194.87
738.00 -0.96 -7.71 -38.35 297.56 304.35 32.71 0.00
0.00 2577.25
699.00 -3.86 -9.95 -42.51 298.78 300.68 33.88 0.20
0.00 3007.56
657.20 -5.46 -11.33 -45.50 302.18 290.92 32.65 0.30
0.00 3492.21
612.50 -6.36 -12.21 -45.28 307.33 277.17 31.14 0.40
0.00 4043.25
565.30 -8.96 -14.27 -44.48 311.46 277.71 37.65 0.30
0.00 4666.49
519.50 -12.86 -17.02 -37.64 314.94 265.82 39.92 0.20
0.00 5315.13
478.20 -17.46 -20.44 -35.26 317.18 256.17 39.01 0.20
0.00 5940.83
441.20 -22.46 -24.52 -36.58 318.14 249.99 40.31 0.10
0.00 6537.80
407.90 -27.76 -28.91 -36.60 318.58 244.10 44.91 0.10
0.00 7107.72
377.60 -31.86 -32.79 -41.07 319.78 247.17 48.06 0.20
0.00 7657.62
350.30 -35.56 -36.54 -51.06 321.03 253.63 54.47 0.20
0.00 8183.66
325.70 -39.66 -40.42 -57.44 321.92 257.43 58.92 0.20
0.00 8685.70
303.50 -43.06 -43.62 -58.00 323.70 257.68 64.63 0.20
0.00 9164.69
283.50 -45.36 -45.83 -60.30 326.72 256.73 77.04 0.10
0.00 9621.53
265.50 -46.16 -46.62 -60.81 331.74 254.48 78.42 0.00
0.00 10058.16
248.70 -45.96 -46.52 -66.51 338.20 250.00 74.42 0.00
0.00 10492.68
233.50 -46.06 -46.67 -71.85 344.15 246.12 68.61 0.00
0.00 10911.99
219.60 -46.96 -47.55 -72.27 348.85 242.89 64.37 0.00
0.00 11319.15
205.60 -47.96 -48.53 -72.72 353.91 240.01 62.57 0.00
0.00 11754.34
191.70 -49.56 -50.07 -73.19 358.49 237.57 61.21 0.10
0.00 12214.13
177.70 -52.06 -9999.00 -9999.00 -9999.00 235.68 59.27 0.10
0.00 12707.68
163.80 -54.96 -9999.00 -9999.00 -9999.00 233.81 55.59 0.00
0.00 13231.34
149.80 -57.56 -9999.00 -9999.00 -9999.00 227.86 49.51 0.00
0.00 13798.56
135.90 -60.46 -9999.00 -9999.00 -9999.00 221.46 48.99 0.00
0.00 14408.97
121.90 -62.06 -9999.00 -9999.00 -9999.00 221.10 46.39 0.00
0.00 15083.27
108.00 -61.66 -9999.00 -9999.00 -9999.00 214.43 37.45 0.00
0.00 15832.06
94.00 -61.66 -9999.00 -9999.00 -9999.00 200.76 37.80 0.00
0.00 16691.54
81.00 -60.36 -9999.00 -9999.00 -9999.00 200.99 35.78 0.00
0.00 17615.82
70.60 -59.56 -9999.00 -9999.00 -9999.00 187.34 31.92 0.00
0.00 18473.36
62.20 -59.96 -9999.00 -9999.00 -9999.00 199.13 30.23 0.00
0.00 19264.61
54.30 -59.16 -9999.00 -9999.00 -9999.00 209.25 22.26 0.00
0.00 20113.83
46.90 -59.76 -9999.00 -9999.00 -9999.00 209.74 14.10 0.00
0.00 21030.23
40.10 -61.06 -9999.00 -9999.00 -9999.00 200.41 8.92 0.00
0.00 22005.67
33.80 -61.96 -9999.00 -9999.00 -9999.00 223.78 6.45 0.00
0.00 23064.49
27.80 -60.96 -9999.00 -9999.00 -9999.00 149.74 2.70 0.00
0.00 24275.43
22.30 -58.66 -9999.00 -9999.00 -9999.00 175.91 8.18 0.00
0.00 25652.08
17.10 -55.96 -9999.00 -9999.00 -9999.00 210.96 3.40 0.00
0.00 27329.55
12.30 -52.56 -9999.00 -9999.00 -9999.00 200.14 6.22 0.00
0.00 29440.59

STID = KASW STNM = 779 TIME = 221026/2100 
SLAT = 41.28 SLON = -85.84 SELV = 256.0
STIM = 9

SHOW = 17.91 LIFT = 16.66 SWET = 97.02 KINX = -33.17
LCLP = 933.81 PWAT = 7.93 TOTL = 21.45 CAPE = 6.24
LCLT = 276.57 CINS = -0.01 EQLV = 864.71 LFCT = 923.24
BRCH = 0.31

PRES TMPC TMWC DWPC THTE DRCT SKNT OMEG
CFRL HGHT
984.60 7.64 5.97 4.18 296.84 308.40 13.13 0.00
0.00 266.04
981.70 7.34 5.67 3.86 296.50 309.47 17.11 0.00
0.00 290.35
976.30 6.84 5.30 3.59 296.25 310.10 19.31 0.00
0.00 335.74
967.00 6.04 4.74 3.28 296.04 310.54 21.21 0.00
0.00 414.31
953.30 4.94 4.00 2.91 295.91 310.50 22.73 0.00
0.00 531.04
935.70 3.44 2.97 2.37 295.62 311.05 23.95 0.00
0.00 682.77
914.70 1.74 1.72 1.64 295.34 310.89 24.92 0.10
88.00 866.51
892.10 0.34 0.34 0.29 295.05 311.02 25.74 0.00
100.00 1067.86
866.80 -1.16 -1.19 -1.28 294.88 311.39 26.15 0.00
100.00 1298.13
839.30 3.74 -2.69 -17.69 294.74 311.41 28.50 0.00
0.00 1557.53
808.90 3.84 -3.76 -27.23 296.02 311.25 31.53 0.00
0.00 1856.75
775.50 1.74 -5.59 -33.28 296.65 308.82 33.16 0.10
0.00 2197.42
739.30 -0.96 -7.70 -38.34 297.41 305.58 32.71 0.20
0.00 2580.24
700.20 -4.06 -10.09 -43.24 298.38 301.93 31.59 0.40
0.00 3010.75
658.20 -5.66 -11.48 -46.45 301.79 291.60 31.14 0.50
0.00 3496.55
613.40 -6.56 -12.34 -45.26 306.97 282.05 35.35 0.50
0.00 4047.60
566.00 -8.96 -14.11 -39.50 311.68 271.91 40.81 0.40
0.00 4672.41
520.10 -13.16 -16.98 -33.68 314.96 261.65 42.79 0.20
0.00 5321.36
478.70 -17.96 -20.69 -33.83 316.67 250.20 41.30 0.00
0.00 5946.95
441.60 -22.96 -24.90 -36.31 317.46 241.28 39.20 -0.10
0.00 6543.79
408.10 -27.66 -28.98 -38.44 318.42 241.78 39.02 -0.10
0.00 7116.25
377.80 -30.96 -32.35 -48.11 320.37 252.24 47.13 0.00
0.00 7666.97
350.40 -35.06 -36.14 -52.96 321.60 257.24 57.17 0.10
0.00 8196.23
325.80 -39.56 -40.22 -51.69 322.23 257.60 66.03 0.10
0.00 8698.77
303.50 -43.46 -43.82 -50.73 323.41 252.82 75.64 0.10
0.00 9179.54
283.50 -46.06 -46.40 -54.73 325.88 253.31 80.52 0.10
0.00 9635.30
265.50 -47.16 -47.54 -59.07 330.32 254.78 82.13 0.10
0.00 10070.31
248.70 -47.16 -47.62 -63.51 336.46 252.39 77.04 0.10
0.00 10502.73
233.50 -46.76 -47.33 -71.85 343.09 246.43 71.43 0.10
0.00 10920.28
219.60 -47.46 -48.02 -72.27 348.08 242.29 69.33 0.10
0.00 11326.37
205.60 -47.96 -48.53 -72.72 353.91 239.50 65.83 0.10
0.00 11761.08
191.70 -49.46 -49.97 -73.19 358.65 235.38 63.27 0.10
0.00 12220.96
177.70 -52.06 -9999.00 -9999.00 -9999.00 232.23 62.16 0.10
0.00 12714.62
163.80 -55.26 -9999.00 -9999.00 -9999.00 231.63 59.46 0.10
0.00 13237.92
149.80 -58.46 -9999.00 -9999.00 -9999.00 228.25 53.38 0.00
0.00 13803.58
135.90 -61.36 -9999.00 -9999.00 -9999.00 222.33 53.07 0.00
0.00 14411.42
121.90 -62.46 -9999.00 -9999.00 -9999.00 222.43 52.12 0.00
0.00 15083.65
108.00 -61.16 -9999.00 -9999.00 -9999.00 215.41 41.24 0.00
0.00 15832.62
94.00 -61.06 -9999.00 -9999.00 -9999.00 200.87 37.63 0.00
0.00 16694.33
81.00 -60.96 -9999.00 -9999.00 -9999.00 203.73 38.62 0.00
0.00 17618.61
70.60 -59.06 -9999.00 -9999.00 -9999.00 200.89 31.60 0.00
0.00 18475.96
62.20 -60.66 -9999.00 -9999.00 -9999.00 203.72 28.01 0.00
0.00 19266.83
54.30 -59.86 -9999.00 -9999.00 -9999.00 210.96 21.52 0.00
0.00 20113.27
46.90 -60.86 -9999.00 -9999.00 -9999.00 205.02 12.86 0.00
0.00 21025.81
40.10 -62.16 -9999.00 -9999.00 -9999.00 193.78 10.61 0.00
0.00 21996.20
33.80 -62.76 -9999.00 -9999.00 -9999.00 209.36 7.13 0.00
0.00 23050.27
27.80 -61.96 -9999.00 -9999.00 -9999.00 151.70 2.87 0.00
0.00 24256.06
22.30 -59.26 -9999.00 -9999.00 -9999.00 204.90 6.00 0.00
0.00 25627.55
17.10 -56.66 -9999.00 -9999.00 -9999.00 203.20 1.48 0.00
0.00 27299.97
12.30 -53.16 -9999.00 -9999.00 -9999.00 228.69 8.53 0.00
0.00 29404.74

STID = KASW STNM = 779 TIME = 221026/2200 
SLAT = 41.28 SLON = -85.84 SELV = 256.0
STIM = 10

SHOW = 17.93 LIFT = 16.65 SWET = 99.83 KINX = -36.19
LCLP = 934.16 PWAT = 7.74 TOTL = 19.70 CAPE = 7.06
LCLT = 276.33 CINS = -0.01 EQLV = 865.22 LFCT = 922.25
BRCH = 0.28

PRES TMPC TMWC DWPC THTE DRCT SKNT OMEG
CFRL HGHT
985.60 7.44 5.76 3.94 296.29 309.43 11.32 0.00
0.00 266.03
982.70 7.14 5.47 3.62 295.95 310.76 14.88 0.00
0.00 290.29
977.30 6.74 5.15 3.38 295.84 310.88 17.21 0.00
0.00 335.60
967.90 5.94 4.60 3.07 295.64 311.73 19.27 0.00
0.00 414.91
954.20 4.84 3.86 2.70 295.52 312.35 20.77 0.00
0.00 531.49
936.60 3.34 2.83 2.18 295.25 312.88 22.26 0.00
0.00 683.01
915.60 1.64 1.57 1.42 294.93 313.33 23.50 0.00
58.00 866.50
892.70 0.14 -0.10 -0.48 294.12 313.38 24.32 0.10
64.00 1070.21
867.80 -1.56 -1.92 -2.50 293.39 312.86 25.70 0.10
72.00 1296.35
840.20 4.74 -2.52 -21.10 294.83 310.56 30.17 0.20
0.00 1556.63
809.60 3.74 -3.79 -26.80 295.90 309.71 31.31 0.30
0.00 1857.99
776.20 1.74 -5.65 -34.73 296.45 307.97 30.30 0.40
0.00 2198.30
740.00 -1.26 -7.86 -37.34 297.07 307.66 31.16 0.40
0.00 2580.56
700.80 -4.06 -10.11 -44.04 298.27 302.04 31.86 0.50
0.00 3011.54
658.80 -5.66 -11.53 -50.03 301.60 291.87 30.77 0.50
0.00 3496.91
613.80 -6.66 -12.42 -46.12 306.76 281.84 36.91 0.40
0.00 4049.87
566.40 -9.46 -14.35 -37.14 311.23 270.80 41.57 0.30
0.00 4673.57
520.40 -13.56 -17.09 -31.51 314.77 259.24 43.71 0.20
0.00 5322.43
478.90 -18.26 -20.77 -32.18 316.54 242.85 42.56 0.10
0.00 5948.40
441.70 -23.06 -24.87 -35.10 317.49 231.13 41.16 0.00
0.00 6546.20
408.20 -26.96 -28.61 -41.79 318.94 235.70 45.84 0.00
0.00 7119.21
377.90 -30.26 -31.84 -51.32 321.11 242.98 54.74 -0.10
0.00 7671.35
350.50 -34.76 -35.76 -48.78 322.17 247.57 59.05 -0.10
0.00 8201.56
325.80 -39.16 -39.66 -46.53 323.09 246.13 62.88 -0.10
0.00 8706.84
303.60 -43.36 -43.73 -50.73 323.52 246.57 68.38 0.00
0.00 9185.91
283.50 -46.16 -46.47 -53.75 325.78 249.67 76.03 0.00
0.00 9643.88
265.50 -47.56 -47.87 -56.37 329.81 250.28 79.45 0.10
0.00 10078.40
248.70 -47.46 -47.88 -61.32 336.05 249.21 77.72 0.10
0.00 10510.16
233.50 -47.16 -47.66 -63.98 342.58 248.12 75.56 0.10
0.00 10927.07
219.60 -48.16 -48.63 -64.44 347.09 246.64 73.00 0.10
0.00 11332.17
205.60 -49.06 -49.54 -67.89 352.23 242.41 67.95 0.10
0.00 11765.15
191.70 -50.26 -50.73 -73.19 357.37 235.45 64.39 0.10
0.00 12223.09
177.70 -52.26 -52.66 -73.70 361.92 230.41 67.06 0.10
0.00 12715.64
163.80 -55.16 -9999.00 -9999.00 -9999.00 230.47 67.75 0.10
0.00 13238.82
149.80 -57.56 -9999.00 -9999.00 -9999.00 229.64 59.40 0.10
0.00 13805.79
135.90 -60.36 -9999.00 -9999.00 -9999.00 224.42 53.85 0.00
0.00 14416.33
121.90 -62.06 -9999.00 -9999.00 -9999.00 225.15 53.44 0.00
0.00 15090.80
108.00 -60.86 -9999.00 -9999.00 -9999.00 221.23 45.98 0.00
0.00 15841.00
94.00 -60.36 -9999.00 -9999.00 -9999.00 206.31 38.58 0.00
0.00 16704.75
81.00 -61.06 -9999.00 -9999.00 -9999.00 207.21 38.66 0.00
0.00 17630.34
70.60 -60.06 -9999.00 -9999.00 -9999.00 212.08 32.56 0.00
0.00 18485.47
62.20 -60.76 -9999.00 -9999.00 -9999.00 203.31 26.01 0.00
0.00 19274.30
54.30 -60.76 -9999.00 -9999.00 -9999.00 208.07 19.81 0.00
0.00 20118.75
46.90 -61.16 -9999.00 -9999.00 -9999.00 181.94 11.46 0.00
0.00 21028.72
40.10 -62.26 -9999.00 -9999.00 -9999.00 180.00 11.46 0.00
0.00 21998.20
33.80 -61.66 -9999.00 -9999.00 -9999.00 194.04 5.61 0.00
0.00 23054.77
27.80 -60.56 -9999.00 -9999.00 -9999.00 174.29 1.94 0.00
0.00 24267.71
22.30 -58.26 -9999.00 -9999.00 -9999.00 210.58 4.97 0.00
0.00 25646.95
17.10 -55.26 -9999.00 -9999.00 -9999.00 189.46 1.18 0.00
0.00 27328.69
12.30 -52.96 -9999.00 -9999.00 -9999.00 265.68 10.33 0.00
0.00 29441.18

STID = KASW STNM = 779 TIME = 221026/2300 
SLAT = 41.28 SLON = -85.84 SELV = 256.0
STIM = 11

SHOW = 17.48 LIFT = 16.63 SWET = 96.19 KINX = -38.40
LCLP = 942.92 PWAT = 7.58 TOTL = 18.63 CAPE = 1.54
LCLT = 276.41 CINS = 0.00 EQLV = 890.02 LFCT = 932.28
BRCH = 0.07

PRES TMPC TMWC DWPC THTE DRCT SKNT OMEG
CFRL HGHT
987.60 6.94 5.50 3.92 295.53 308.33 10.64 0.00
0.00 265.99
984.70 6.64 5.23 3.65 295.24 310.10 14.47 0.00
0.00 290.16
979.30 6.24 4.91 3.41 295.13 310.75 16.67 0.00
0.00 335.30
970.00 5.44 4.36 3.10 294.92 311.63 18.71 0.00
0.00 413.46
956.20 4.24 3.57 2.76 294.72 312.24 19.93 0.00
0.00 530.40
938.60 2.74 2.60 2.38 294.57 313.13 21.02 0.10
0.00 681.28
917.50 1.44 1.40 1.29 294.40 313.57 21.99 0.10
100.00 864.99
894.50 0.14 0.11 0.01 294.34 314.31 22.80 0.10
100.00 1069.11
869.60 -0.26 -2.10 -5.07 292.84 314.04 24.59 0.20
22.00 1295.29
841.80 4.94 -2.52 -22.36 294.61 311.84 27.37 0.30
0.00 1557.59
811.20 3.84 -3.90 -29.55 295.46 311.90 27.93 0.40
0.00 1858.51
777.70 1.34 -5.78 -32.27 296.08 311.82 29.72 0.50
0.00 2198.99
741.30 -1.26 -7.88 -38.31 296.85 309.14 32.30 0.40
0.00 2582.37
702.00 -3.56 -9.77 -44.02 298.68 299.34 30.54 0.30
0.00 3014.10
659.80 -5.46 -11.42 -53.48 301.62 292.28 30.23 0.30
0.00 3501.63
614.70 -7.26 -12.88 -49.29 305.83 283.81 35.80 0.30
0.00 4054.56
567.10 -10.26 -14.96 -38.64 310.04 273.37 39.70 0.20
0.00 4678.38
520.90 -13.96 -17.44 -32.32 314.06 262.75 43.08 0.10
0.00 5327.84
479.30 -18.56 -20.95 -31.79 316.16 246.60 44.02 0.00
0.00 5953.90
442.10 -23.26 -24.99 -34.64 317.22 236.31 46.93 -0.10
0.00 6550.60
408.50 -26.56 -28.34 -43.04 319.29 244.54 54.22 0.00
0.00 7125.07
378.00 -30.46 -31.72 -43.33 321.32 249.64 58.64 0.10
0.00 7680.82
350.60 -34.96 -35.71 -43.61 322.25 246.92 61.44 0.10
0.00 8210.49
325.90 -39.16 -39.66 -46.52 323.06 246.38 65.93 0.10
0.00 8715.42
303.60 -43.06 -43.42 -50.03 323.98 247.28 69.91 0.10
0.00 9196.89
283.60 -46.16 -46.42 -52.06 325.82 247.22 73.74 0.10
0.00 9652.80
265.50 -47.76 -48.06 -56.37 329.52 246.50 77.95 0.10
0.00 10089.47
248.70 -47.96 -48.38 -63.51 335.27 246.93 79.82 0.10
0.00 10520.55
233.50 -47.86 -48.34 -66.97 341.47 247.78 79.10 0.10
0.00 10936.35
219.60 -48.56 -49.01 -64.44 346.48 246.26 75.76 0.10
0.00 11340.47
205.60 -49.36 -49.79 -64.93 351.80 241.91 75.08 0.10
0.00 11772.77
191.70 -50.56 -50.99 -68.39 356.94 236.65 72.79 0.10
0.00 12230.10
177.70 -52.36 -9999.00 -9999.00 -9999.00 231.80 71.93 0.10
0.00 12722.21
163.80 -55.36 -9999.00 -9999.00 -9999.00 231.75 72.47 0.10
0.00 13245.03
149.80 -58.06 -9999.00 -9999.00 -9999.00 233.03 66.86 0.00
0.00 13811.08
135.90 -59.86 -9999.00 -9999.00 -9999.00 228.72 57.13 0.00
0.00 14421.63
121.90 -61.56 -9999.00 -9999.00 -9999.00 226.21 51.92 0.00
0.00 15097.68
107.90 -61.66 -9999.00 -9999.00 -9999.00 224.16 46.83 0.00
0.00 15853.09
94.00 -60.86 -9999.00 -9999.00 -9999.00 212.60 39.67 0.00
0.00 16708.45
81.00 -61.26 -9999.00 -9999.00 -9999.00 209.64 38.89 0.00
0.00 17632.51
70.60 -60.46 -9999.00 -9999.00 -9999.00 207.76 33.37 0.00
0.00 18486.44
62.20 -60.36 -9999.00 -9999.00 -9999.00 203.30 27.49 0.00
0.00 19275.27
54.30 -60.36 -9999.00 -9999.00 -9999.00 198.43 21.50 0.00
0.00 20121.31
46.90 -60.16 -9999.00 -9999.00 -9999.00 176.53 12.84 0.00
0.00 21034.28
40.10 -61.36 -9999.00 -9999.00 -9999.00 187.13 10.96 0.00
0.00 22008.12
33.80 -60.56 -9999.00 -9999.00 -9999.00 240.26 3.13 0.00
0.00 23069.69
27.80 -59.66 -9999.00 -9999.00 -9999.00 275.71 1.94 0.00
0.00 24288.35
22.30 -58.36 -9999.00 -9999.00 -9999.00 245.22 5.56 0.00
0.00 25670.17
17.10 -54.36 -9999.00 -9999.00 -9999.00 285.26 4.43 0.00
0.00 27355.01
12.30 -52.16 -9999.00 -9999.00 -9999.00 295.35 12.26 0.00
0.00 29475.70

STID = KASW STNM = 779 TIME = 221027/0000 
SLAT = 41.28 SLON = -85.84 SELV = 256.0
STIM = 12

SHOW = 17.13 LIFT = 16.54 SWET = 88.79 KINX = -38.73
LCLP = 949.01 PWAT = 7.41 TOTL = 17.62 CAPE = 1.18
LCLT = 276.36 CINS = 0.00 EQLV = 894.30 LFCT = 940.88
BRCH = 0.06

PRES TMPC TMWC DWPC THTE DRCT SKNT OMEG
CFRL HGHT
988.40 6.44 5.19 3.79 294.79 314.22 10.02 0.00
0.00 265.96
985.40 6.14 4.92 3.52 294.51 315.59 13.33 0.00
0.00 290.90
980.00 5.74 4.61 3.30 294.42 316.02 15.38 0.00
0.00 335.93
970.70 4.94 4.08 3.05 294.26 315.91 17.31 0.00
0.00 413.89
956.90 3.74 3.30 2.74 294.09 316.27 18.55 0.10
0.00 530.54
939.30 2.34 2.31 2.22 293.92 316.59 19.79 0.10
100.00 681.06
918.10 1.14 1.13 1.06 293.80 316.87 21.02 0.20
100.00 865.27
895.20 -0.06 -0.10 -0.21 293.86 317.17 21.72 0.20
100.00 1068.16
870.20 0.74 -1.86 -6.15 293.19 316.02 23.21 0.30
7.00 1295.39
842.40 4.94 -2.74 -24.82 294.08 314.35 24.18 0.30
0.00 1557.95
811.80 3.34 -4.23 -30.07 294.80 317.54 24.75 0.40
0.00 1858.37
778.20 1.14 -5.90 -32.26 295.81 317.59 27.37 0.40
0.00 2199.19
741.80 -1.06 -7.75 -38.30 297.01 311.29 29.74 0.40
0.00 2582.32
702.40 -3.36 -9.60 -42.46 298.92 298.71 27.91 0.30
0.00 3015.20
660.20 -5.36 -11.35 -53.48 301.68 292.38 28.57 0.30
0.00 3502.72
615.00 -7.76 -13.22 -49.28 305.21 286.09 31.55 0.20
0.00 4056.16
567.40 -10.76 -15.47 -43.12 309.08 274.55 34.30 0.20
0.00 4678.47
521.20 -14.36 -17.85 -33.89 313.29 264.96 39.78 0.10
0.00 5326.41
479.50 -19.16 -21.29 -30.72 315.58 253.30 42.58 0.00
0.00 5952.44
442.20 -23.56 -25.41 -36.82 316.50 242.51 48.39 0.00
0.00 6549.48
408.60 -26.86 -28.42 -39.98 319.17 245.38 53.63 0.00
0.00 7123.13
378.10 -30.86 -31.95 -41.40 320.95 245.32 58.14 0.10
0.00 7677.96
350.70 -35.06 -35.68 -41.77 322.27 244.51 64.55 0.10
0.00 8206.95
325.90 -39.26 -39.61 -43.89 323.14 244.01 69.15 0.10
2.00 8713.65
303.70 -43.06 -43.38 -48.78 324.03 242.74 71.68 0.10
0.00 9192.79
283.60 -46.06 -46.32 -52.06 325.97 243.63 75.23 0.10
0.00 9651.01
265.50 -47.36 -47.71 -57.61 330.07 245.05 80.13 0.10
0.00 10088.16
248.70 -47.26 -47.74 -66.51 336.27 244.63 83.41 0.10
0.00 10520.29
233.50 -47.26 -47.80 -71.85 342.33 244.27 83.66 0.00
0.00 10937.29
219.60 -48.56 -49.06 -72.27 346.38 244.04 81.66 0.00
0.00 11341.94
205.60 -50.06 -50.51 -72.72 350.61 241.94 80.13 0.10
0.00 11773.56
191.70 -51.46 -51.87 -73.19 355.45 238.06 77.84 0.10
0.00 12229.25
177.70 -53.06 -53.42 -73.70 360.61 232.87 76.26 0.10
0.00 12719.58
163.80 -55.76 -9999.00 -9999.00 -9999.00 231.39 76.57 0.10
0.00 13241.10
149.80 -58.26 -9999.00 -9999.00 -9999.00 234.06 71.48 0.10
0.00 13806.36
135.90 -60.06 -9999.00 -9999.00 -9999.00 231.11 60.64 0.10
0.00 14416.34
121.90 -61.26 -9999.00 -9999.00 -9999.00 224.55 52.33 0.00
0.00 15092.55
108.00 -61.96 -9999.00 -9999.00 -9999.00 222.48 46.89 0.00
0.00 15842.22
94.00 -61.26 -9999.00 -9999.00 -9999.00 216.30 39.04 0.00
0.00 16701.91
81.00 -61.46 -9999.00 -9999.00 -9999.00 206.94 39.43 0.00
0.00 17624.66
70.60 -60.16 -9999.00 -9999.00 -9999.00 207.77 32.93 0.00
0.00 18478.79
62.20 -59.96 -9999.00 -9999.00 -9999.00 205.56 24.77 0.00
0.00 19268.92
54.30 -60.16 -9999.00 -9999.00 -9999.00 192.20 22.07 0.00
0.00 20116.15
46.90 -59.86 -9999.00 -9999.00 -9999.00 176.63 13.23 0.00
0.00 21030.20
40.10 -61.26 -9999.00 -9999.00 -9999.00 192.41 9.95 0.00
0.00 22004.94
33.80 -60.96 -9999.00 -9999.00 -9999.00 277.77 4.31 0.00
0.00 23065.77
27.80 -59.96 -9999.00 -9999.00 -9999.00 298.81 4.43 0.00
0.00 24282.43
22.30 -58.76 -9999.00 -9999.00 -9999.00 274.09 8.18 0.00
0.00 25661.98
17.10 -53.96 -9999.00 -9999.00 -9999.00 308.05 5.67 0.00
0.00 27346.83
12.30 -51.76 -9999.00 -9999.00 -9999.00 317.29 3.44 0.00
0.00 29471.38

STID = KASW STNM = 779 TIME = 221027/0100 
SLAT = 41.28 SLON = -85.84 SELV = 256.0
STIM = 13

SHOW = 16.77 LIFT = 16.13 SWET = 84.37 KINX = -41.57
LCLP = 948.70 PWAT = 7.21 TOTL = 14.97 CAPE = 1.37
LCLT = 276.14 CINS = 0.00 EQLV = 894.05 LFCT = 940.50
BRCH = 0.07

PRES TMPC TMWC DWPC THTE DRCT SKNT OMEG
CFRL HGHT
988.40 6.24 4.99 3.57 294.37 320.19 9.11 0.00
0.00 265.95
985.50 5.94 4.72 3.32 294.10 321.48 12.16 0.00
0.00 290.04
980.10 5.54 4.42 3.10 294.01 321.71 14.10 0.00
0.00 335.03
970.70 4.74 3.87 2.82 293.84 322.43 15.93 0.00
0.00 413.77
957.00 3.54 3.09 2.51 293.65 322.35 17.17 0.10
0.00 529.47
939.30 2.14 2.09 1.98 293.48 322.28 18.41 0.10
88.00 680.73
918.20 0.94 0.91 0.81 293.36 322.13 19.93 0.20
100.00 863.91
895.20 -0.36 -0.40 -0.51 293.28 321.51 20.59 0.20
100.00 1067.48
870.20 1.64 -2.13 -8.99 292.62 320.00 22.07 0.30
3.00 1294.92
842.50 5.14 -2.95 -29.95 293.56 320.39 21.93 0.30
0.00 1556.98
811.80 3.04 -4.25 -27.41 294.83 324.46 21.72 0.30
0.00 1858.30
778.30 1.14 -5.96 -33.59 295.67 322.21 24.09 0.30
0.00 2197.90
741.80 -0.96 -7.69 -38.30 297.12 312.90 26.24 0.20
0.00 2582.13
702.50 -3.16 -9.45 -41.76 299.17 298.72 25.47 0.20
0.00 3014.11
660.20 -5.26 -11.26 -51.58 301.83 290.80 26.81 0.20
0.00 3503.03
615.00 -7.96 -13.34 -48.11 305.02 284.80 28.13 0.20
0.00 4056.37
567.40 -11.06 -15.74 -45.18 308.62 272.88 30.92 0.20
0.00 4678.08
521.20 -15.16 -18.51 -34.91 312.18 264.35 37.47 0.10
0.00 5324.65
479.50 -19.86 -21.69 -29.59 314.94 259.19 43.51 0.00
0.00 5948.86
442.20 -23.76 -25.43 -35.09 316.49 246.08 48.87 0.00
0.00 6544.85
408.60 -27.26 -28.58 -37.60 318.93 245.69 55.21 0.10
0.00 7117.83
378.10 -30.96 -31.87 -38.91 321.10 243.51 62.30 0.20
0.00 7672.12
350.70 -34.86 -35.48 -41.43 322.58 242.63 68.03 0.20
0.00 8201.23
326.00 -38.96 -39.41 -45.12 323.42 241.02 72.16 0.20
0.00 8706.35
303.70 -42.96 -43.26 -48.21 324.21 240.57 74.71 0.20
0.00 9187.98
283.60 -46.06 -46.32 -52.06 325.97 243.11 77.31 0.20
0.00 9646.30
265.50 -47.46 -47.80 -57.61 329.92 243.37 81.49 0.20
0.00 10083.36
248.70 -47.36 -47.81 -63.51 336.16 240.49 86.38 0.20
0.00 10515.30
233.50 -47.06 -47.59 -66.97 342.68 239.28 87.45 0.20
0.00 10932.39
219.60 -48.16 -48.68 -72.27 347.00 238.56 84.93 0.20
0.00 11337.58
205.60 -49.96 -50.41 -72.72 350.77 237.68 83.22 0.20
0.00 11769.69
191.70 -51.56 -51.96 -73.19 355.29 236.04 81.02 0.20
0.00 12225.37
177.70 -53.56 -9999.00 -9999.00 -9999.00 232.65 78.44 0.20
0.00 12715.04
163.80 -56.26 -9999.00 -9999.00 -9999.00 231.59 77.84 0.20
0.00 13235.36
149.80 -58.46 -9999.00 -9999.00 -9999.00 233.56 72.92 0.10
0.00 13799.71
135.90 -60.06 -9999.00 -9999.00 -9999.00 231.84 62.26 0.10
0.00 14409.40
121.90 -61.46 -9999.00 -9999.00 -9999.00 224.43 55.23 0.00
0.00 15085.30
108.00 -61.86 -9999.00 -9999.00 -9999.00 222.23 48.27 0.00
0.00 15834.79
94.00 -61.66 -9999.00 -9999.00 -9999.00 218.53 38.99 0.00
0.00 16693.87
81.00 -61.36 -9999.00 -9999.00 -9999.00 206.18 38.31 0.00
0.00 17615.96
70.60 -60.16 -9999.00 -9999.00 -9999.00 210.61 32.05 0.00
0.00 18470.29
62.20 -59.36 -9999.00 -9999.00 -9999.00 199.44 21.02 0.00
0.00 19261.53
54.30 -59.96 -9999.00 -9999.00 -9999.00 190.44 22.51 0.00
0.00 20110.36
46.90 -60.36 -9999.00 -9999.00 -9999.00 184.64 14.41 0.00
0.00 21023.76
40.10 -61.76 -9999.00 -9999.00 -9999.00 195.95 9.91 0.00
0.00 21996.21
33.80 -61.56 -9999.00 -9999.00 -9999.00 276.84 4.90 0.00
0.00 23054.28
27.80 -60.76 -9999.00 -9999.00 -9999.00 316.64 4.82 0.00
0.00 24266.94
22.30 -59.06 -9999.00 -9999.00 -9999.00 300.65 6.10 0.00
0.00 25642.95
17.10 -53.76 -9999.00 -9999.00 -9999.00 345.96 5.61 0.00
0.00 27327.41
12.30 -51.56 -9999.00 -9999.00 -9999.00 60.26 1.57 0.00
0.00 29453.88

STID = KASW STNM = 779 TIME = 221027/0200 
SLAT = 41.28 SLON = -85.84 SELV = 256.0
STIM = 14

SHOW = 16.19 LIFT = 15.92 SWET = 78.58 KINX = -41.23
LCLP = 947.52 PWAT = 7.03 TOTL = 14.61 CAPE = 1.74
LCLT = 275.89 CINS = 0.00 EQLV = 894.55 LFCT = 938.14
BRCH = 0.08

PRES TMPC TMWC DWPC THTE DRCT SKNT OMEG
CFRL HGHT
989.00 6.14 4.84 3.35 293.99 326.31 8.41 0.00
0.00 265.94
986.00 5.84 4.56 3.07 293.71 327.68 11.27 0.00
0.00 290.84
980.60 5.44 4.25 2.85 293.62 328.17 13.27 0.00
0.00 335.79
971.30 4.64 3.69 2.54 293.41 328.39 14.82 0.00
0.00 413.61
957.50 3.54 2.96 2.22 293.34 328.21 16.22 0.10
0.00 530.07
939.90 2.04 1.95 1.78 293.14 327.72 17.46 0.10
38.00 680.34
918.80 0.74 0.70 0.60 292.90 327.12 18.96 0.20
100.00 863.30
895.70 -0.56 -0.61 -0.73 292.84 326.31 19.62 0.20
100.00 1067.47
870.80 2.24 -2.23 -10.88 292.32 324.21 20.59 0.30
2.00 1294.00
843.00 5.34 -2.89 -31.12 293.59 326.31 18.90 0.30
0.00 1557.19
812.30 2.94 -4.17 -25.59 294.96 329.96 18.63 0.20
0.00 1858.38
778.70 1.14 -5.96 -33.59 295.63 324.28 21.29 0.20
0.00 2198.75
742.20 -0.86 -7.62 -38.30 297.19 313.65 23.35 0.10
0.00 2582.85
702.80 -2.96 -9.28 -40.49 299.42 298.50 23.21 0.10
0.00 3015.97
660.50 -5.26 -11.21 -47.47 301.90 288.86 24.63 0.10
0.00 3504.86
615.30 -8.16 -13.46 -47.05 304.78 282.71 26.48 0.10
0.00 4057.74
567.60 -11.56 -16.15 -47.77 307.89 270.73 30.30 0.10
0.00 4679.67
521.30 -15.76 -19.01 -35.74 311.33 264.70 37.84 0.00
0.00 5326.07
479.60 -20.26 -22.19 -31.24 314.09 261.50 42.04 0.00
0.00 5948.91
442.30 -24.26 -25.69 -33.59 316.08 247.58 46.85 0.00
0.00 6543.70
408.70 -27.66 -28.79 -36.11 318.60 244.66 56.74 0.10
0.00 7115.52
378.20 -30.86 -31.84 -39.77 321.10 243.12 64.02 0.10
0.00 7669.34
350.70 -34.86 -35.60 -43.21 322.40 241.26 68.69 0.10
0.00 8200.41
326.00 -38.86 -39.32 -45.12 323.56 239.92 75.19 0.10
0.00 8705.62
303.70 -43.06 -43.35 -48.21 324.07 241.49 76.92 0.10
0.00 9187.26
283.60 -46.36 -46.63 -52.86 325.50 242.99 78.28 0.20
0.00 9645.17
265.50 -47.36 -47.76 -60.81 329.98 240.88 83.82 0.20
0.00 10082.03
248.70 -46.86 -47.36 -66.51 336.86 240.19 87.53 0.20
0.00 10514.54
233.50 -46.56 -47.14 -71.85 343.39 238.31 86.52 0.20
0.00 10932.56
219.60 -47.96 -48.49 -72.27 347.31 235.88 85.88 0.20
0.00 11338.38
205.60 -49.86 -50.32 -72.72 350.92 235.30 85.99 0.20
0.00 11770.77
191.70 -51.66 -52.06 -73.19 355.13 235.26 84.87 0.20
0.00 12226.46
177.70 -53.96 -9999.00 -9999.00 -9999.00 233.35 81.35 0.20
0.00 12715.57
163.80 -56.46 -9999.00 -9999.00 -9999.00 231.30 78.90 0.20
0.00 13235.17
149.80 -58.26 -9999.00 -9999.00 -9999.00 233.07 74.36 0.10
0.00 13799.52
135.90 -59.66 -9999.00 -9999.00 -9999.00 231.77 64.04 0.10
0.00 14410.07
121.90 -61.26 -9999.00 -9999.00 -9999.00 225.43 55.09 0.00
0.00 15086.92
108.00 -62.16 -9999.00 -9999.00 -9999.00 223.73 49.46 0.00
0.00 15836.24
94.00 -61.36 -9999.00 -9999.00 -9999.00 221.10 38.40 0.00
0.00 16695.31
81.00 -61.26 -9999.00 -9999.00 -9999.00 206.57 36.48 0.00
0.00 17618.28
70.60 -59.76 -9999.00 -9999.00 -9999.00 211.86 32.01 0.00
0.00 18473.62
62.20 -58.96 -9999.00 -9999.00 -9999.00 197.39 20.14 0.00
0.00 19266.34
54.30 -59.96 -9999.00 -9999.00 -9999.00 188.50 21.02 0.00
0.00 20115.97
46.90 -60.46 -9999.00 -9999.00 -9999.00 194.74 15.27 0.00
0.00 21029.15
40.10 -62.06 -9999.00 -9999.00 -9999.00 203.84 9.13 0.00
0.00 22000.69
33.80 -62.36 -9999.00 -9999.00 -9999.00 282.72 6.18 0.00
0.00 23056.01
27.80 -61.56 -9999.00 -9999.00 -9999.00 327.38 5.77 0.00
0.00 24264.09
22.30 -58.96 -9999.00 -9999.00 -9999.00 341.57 6.14 0.00
0.00 25637.84
17.10 -54.56 -9999.00 -9999.00 -9999.00 15.95 8.49 0.00
0.00 27319.58
12.30 -52.16 -9999.00 -9999.00 -9999.00 95.53 6.04 0.00
0.00 29439.30

STID = KASW STNM = 779 TIME = 221027/0300 
SLAT = 41.28 SLON = -85.84 SELV = 256.0
STIM = 15

SHOW = 15.83 LIFT = 15.81 SWET = 72.83 KINX = -40.00
LCLP = 946.96 PWAT = 6.98 TOTL = 15.03 CAPE = 2.35
LCLT = 275.68 CINS = 0.00 EQLV = 894.92 LFCT = 936.86
BRCH = 0.11

PRES TMPC TMWC DWPC THTE DRCT SKNT OMEG
CFRL HGHT
989.80 6.04 4.71 3.16 293.63 331.50 7.73 0.00
0.00 265.10
986.80 5.84 4.48 2.88 293.46 331.56 10.61 0.00
0.00 289.97
981.40 5.44 4.17 2.65 293.36 331.82 12.33 0.00
0.00 334.88
972.10 4.64 3.60 2.34 293.15 332.02 14.08 0.00
0.00 412.64
958.30 3.44 2.80 1.99 292.95 331.80 15.21 0.10
0.00 528.97
940.60 1.94 1.79 1.55 292.75 331.34 16.61 0.10
0.00 679.92
919.50 0.54 0.53 0.45 292.49 330.41 18.10 0.10
100.00 862.63
896.40 -0.76 -0.78 -0.86 292.44 329.74 18.88 0.10
100.00 1066.50
871.40 2.14 -2.23 -10.61 292.27 325.34 19.13 0.10
2.00 1293.63
843.60 5.34 -2.89 -31.11 293.53 326.31 16.10 0.10
0.00 1556.60
812.90 2.84 -4.14 -24.51 294.98 331.22 15.73 0.00
0.00 1857.53
779.20 1.14 -5.96 -33.58 295.57 323.71 19.04 0.00
0.00 2198.62
742.70 -0.86 -7.57 -36.85 297.23 313.45 20.34 0.00
0.00 2582.46
703.30 -3.06 -9.31 -39.35 299.32 298.52 20.34 0.00
0.00 3015.21
660.90 -5.46 -11.33 -46.41 301.66 291.18 23.12 0.10
0.00 3504.67
615.60 -8.36 -13.61 -48.10 304.47 286.41 26.13 0.10
0.00 4058.05
567.90 -12.06 -16.50 -47.76 307.25 271.88 29.55 0.20
0.00 4678.83
521.50 -16.26 -19.34 -35.17 310.76 263.90 36.54 0.20
0.00 5325.10
479.80 -20.46 -22.44 -32.16 313.63 263.60 41.82 0.30
0.00 5946.82
442.40 -24.86 -26.29 -34.86 315.09 253.68 44.93 0.20
0.00 6542.05
408.70 -28.26 -29.24 -35.65 317.89 243.16 54.22 0.20
0.00 7114.11
378.20 -31.06 -32.08 -40.72 320.73 241.20 62.51 0.20
0.00 7667.02
350.80 -34.96 -35.62 -42.11 322.35 239.70 69.29 0.30
0.00 8195.75
326.00 -39.26 -39.66 -44.69 323.04 240.69 76.18 0.30
0.00 8702.40
303.70 -43.66 -43.98 -50.03 323.11 241.56 77.10 0.30
0.00 9183.00
283.60 -46.26 -46.66 -58.54 325.44 241.41 81.20 0.20
0.00 9640.40
265.50 -46.96 -47.40 -63.02 330.52 241.17 85.80 0.20
0.00 10077.73
248.70 -46.76 -47.27 -66.51 337.01 238.39 85.99 0.10
0.00 10510.72
233.50 -46.46 -47.05 -71.85 343.55 233.88 88.97 0.10
0.00 10928.92
219.60 -47.76 -48.30 -72.27 347.62 233.40 89.28 0.10
0.00 11335.01
205.60 -49.46 -49.94 -72.72 351.55 234.11 88.48 0.10
0.00 11767.98
191.70 -51.46 -51.87 -73.19 355.45 234.82 86.99 0.10
0.00 12224.28
177.70 -53.66 -9999.00 -9999.00 -9999.00 234.02 82.34 0.10
0.00 12713.95
163.80 -56.26 -9999.00 -9999.00 -9999.00 231.05 78.19 0.10
0.00 13234.15
149.80 -58.46 -9999.00 -9999.00 -9999.00 232.40 76.73 0.10
0.00 13798.50
135.90 -59.26 -9999.00 -9999.00 -9999.00 232.87 67.25 0.10
0.00 14409.33
121.90 -60.46 -9999.00 -9999.00 -9999.00 228.20 56.55 0.00
0.00 15088.09
108.00 -61.56 -9999.00 -9999.00 -9999.00 225.63 49.73 0.00
0.00 15839.89
94.00 -61.36 -9999.00 -9999.00 -9999.00 224.20 39.57 0.00
0.00 16700.18
81.00 -61.06 -9999.00 -9999.00 -9999.00 210.86 35.98 0.00
0.00 17623.59
70.60 -59.76 -9999.00 -9999.00 -9999.00 214.97 33.90 0.00
0.00 18479.33
62.20 -58.46 -9999.00 -9999.00 -9999.00 198.76 21.74 0.00
0.00 19272.98
54.30 -59.96 -9999.00 -9999.00 -9999.00 193.91 21.81 0.00
0.00 20123.59
46.90 -60.36 -9999.00 -9999.00 -9999.00 207.73 17.11 0.00
0.00 21036.99
40.10 -61.96 -9999.00 -9999.00 -9999.00 211.61 8.90 0.00
0.00 22008.99
33.80 -62.86 -9999.00 -9999.00 -9999.00 268.26 6.41 0.00
0.00 23063.31
27.80 -61.76 -9999.00 -9999.00 -9999.00 300.07 4.27 0.00
0.00 24269.39
22.30 -58.76 -9999.00 -9999.00 -9999.00 354.81 4.29 0.00
0.00 25643.14
17.10 -55.76 -9999.00 -9999.00 -9999.00 49.57 6.90 0.00
0.00 27320.99
12.30 -52.56 -9999.00 -9999.00 -9999.00 156.95 9.93 0.00
0.00 29433.00

STID = KASW STNM = 779 TIME = 221027/0400 
SLAT = 41.28 SLON = -85.84 SELV = 256.0
STIM = 16

SHOW = 15.61 LIFT = 15.69 SWET = 68.88 KINX = -39.47
LCLP = 948.16 PWAT = 7.08 TOTL = 14.91 CAPE = 2.18
LCLT = 275.69 CINS = 0.00 EQLV = 896.02 LFCT = 939.48
BRCH = 0.09

PRES TMPC TMWC DWPC THTE DRCT SKNT OMEG
CFRL HGHT
990.90 6.04 4.71 3.17 293.53 336.37 6.78 0.00
0.00 265.92
987.90 5.74 4.43 2.89 293.25 337.11 9.48 0.00
0.00 290.76
982.50 5.34 4.12 2.67 293.16 337.07 10.98 0.00
0.00 335.60
973.10 4.54 3.56 2.35 292.96 336.57 12.70 0.00
0.00 414.08
959.30 3.44 2.82 2.03 292.88 336.70 13.75 0.10
0.00 530.27
941.60 1.84 1.75 1.59 292.58 335.38 15.38 0.10
0.00 681.03
920.50 0.54 0.52 0.43 292.36 334.62 16.76 0.10
100.00 863.52
897.40 -0.76 -0.79 -0.88 292.32 333.72 17.54 0.20
100.00 1067.16
872.30 2.04 -2.27 -10.54 292.10 326.31 17.50 0.20
2.00 1294.92
844.50 5.34 -2.88 -31.10 293.44 321.22 13.95 0.20
0.00 1557.56
813.70 2.84 -4.10 -24.16 294.95 327.01 13.21 0.20
0.00 1859.16
780.00 1.14 -5.94 -33.22 295.52 323.82 16.12 0.20
0.00 2199.92
743.40 -0.96 -7.53 -34.42 297.24 312.59 16.36 0.20
0.00 2584.37
703.90 -3.16 -9.34 -38.31 299.21 297.67 17.99 0.20
0.00 3017.68
661.40 -5.26 -11.21 -47.46 301.78 294.23 21.31 0.20
0.00 3507.98
616.10 -8.36 -13.63 -49.27 304.36 286.52 23.91 0.20
0.00 4061.14
568.20 -12.16 -16.54 -45.96 307.16 269.60 27.58 0.40
0.00 4683.99
521.80 -16.46 -19.39 -33.88 310.64 264.72 35.90 0.50
0.00 5329.54
480.00 -20.66 -22.53 -31.59 313.45 262.23 43.12 0.50
0.00 5951.97
442.60 -25.06 -26.52 -35.55 314.69 247.08 46.39 0.40
0.00 6546.46
408.90 -28.66 -29.55 -35.43 317.36 241.81 52.23 0.30
0.00 7117.56
378.30 -31.66 -32.46 -38.90 320.13 238.11 61.77 0.30
0.00 7670.94
350.80 -35.36 -35.86 -40.49 321.99 237.34 68.76 0.30
0.00 8200.44
326.10 -39.86 -40.16 -43.89 322.26 237.85 75.93 0.30
20.00 8703.92
303.70 -43.86 -44.29 -54.16 322.63 238.07 78.96 0.20
0.00 9185.76
283.60 -46.06 -46.52 -62.52 325.64 239.83 84.27 0.20
0.00 9643.15
265.50 -46.56 -47.00 -60.81 331.15 239.33 84.93 0.10
0.00 10081.06
248.70 -45.96 -46.52 -66.51 338.20 233.81 87.84 0.10
0.00 10515.20
233.50 -46.16 -46.77 -71.85 344.00 231.24 90.93 0.00
0.00 10934.41
219.60 -47.66 -48.21 -72.27 347.77 231.67 89.90 0.00
0.00 11340.86
205.60 -49.56 -50.03 -72.72 351.39 232.28 88.91 0.00
0.00 11773.83
191.70 -51.56 -9999.00 -9999.00 -9999.00 233.62 87.10 0.00
0.00 12229.93
177.70 -53.56 -9999.00 -9999.00 -9999.00 233.78 82.83 0.00
0.00 12719.59
163.80 -55.96 -9999.00 -9999.00 -9999.00 231.30 77.66 0.00
0.00 13240.27
149.80 -58.66 -9999.00 -9999.00 -9999.00 230.42 75.60 0.10
0.00 13804.75
135.90 -59.96 -9999.00 -9999.00 -9999.00 233.01 71.99 0.10
0.00 14414.30
121.90 -60.16 -9999.00 -9999.00 -9999.00 230.24 60.14 0.10
0.00 15092.42
108.00 -61.16 -9999.00 -9999.00 -9999.00 226.41 50.16 0.00
0.00 15845.46
94.00 -61.76 -9999.00 -9999.00 -9999.00 223.99 38.87 0.00
0.00 16705.75
81.00 -61.86 -9999.00 -9999.00 -9999.00 210.10 35.26 0.00
0.00 17626.55
70.60 -60.26 -9999.00 -9999.00 -9999.00 211.19 33.37 0.00
0.00 18479.67
62.20 -58.46 -9999.00 -9999.00 -9999.00 194.72 23.70 0.00
0.00 19272.39
54.30 -60.06 -9999.00 -9999.00 -9999.00 194.26 23.66 0.00
0.00 20122.81
46.90 -60.26 -9999.00 -9999.00 -9999.00 210.63 17.15 0.00
0.00 21036.21
40.10 -61.26 -9999.00 -9999.00 -9999.00 206.57 6.95 0.00
0.00 22010.04
33.80 -62.26 -9999.00 -9999.00 -9999.00 249.44 1.65 0.00
0.00 23067.61
27.80 -60.76 -9999.00 -9999.00 -9999.00 330.26 1.57 0.00
0.00 24278.27
22.30 -57.86 -9999.00 -9999.00 -9999.00 12.99 5.19 0.00
0.00 25658.14
17.10 -55.86 -9999.00 -9999.00 -9999.00 56.31 7.01 0.00
0.00 27339.11
12.30 -52.46 -9999.00 -9999.00 -9999.00 194.86 9.85 0.00
0.00 29451.12

STID = KASW STNM = 779 TIME = 221027/0500 
SLAT = 41.28 SLON = -85.84 SELV = 256.0
STIM = 17

SHOW = 15.42 LIFT = 15.55 SWET = 65.51 KINX = -41.02
LCLP = 948.39 PWAT = 7.11 TOTL = 14.18 CAPE = 1.77
LCLT = 275.56 CINS = 0.00 EQLV = 895.98 LFCT = 939.32
BRCH = 0.07

PRES TMPC TMWC DWPC THTE DRCT SKNT OMEG
CFRL HGHT
990.40 5.84 4.54 3.02 293.23 343.30 6.08 0.00
0.00 265.92
987.50 5.64 4.31 2.74 293.05 343.69 8.29 0.00
0.00 289.93
982.10 5.14 3.95 2.51 292.84 342.65 9.77 0.00
0.00 334.76
972.70 4.44 3.45 2.23 292.78 341.24 10.88 0.00
0.00 413.23
958.90 3.24 2.66 1.91 292.60 339.78 11.79 0.00
0.00 529.40
941.20 1.74 1.65 1.49 292.42 338.36 13.17 0.10
0.00 680.14
920.10 0.44 0.40 0.30 292.19 336.50 14.61 0.10
100.00 862.63
897.00 -0.86 -0.89 -0.98 292.17 335.07 15.21 0.10
100.00 1066.28
872.00 2.44 -2.37 -12.09 291.90 323.97 15.85 0.10
1.00 1293.33
844.10 5.34 -2.96 -32.76 293.31 311.50 13.48 0.10
0.00 1557.20
813.40 2.54 -4.24 -23.67 294.76 317.60 12.10 0.10
0.00 1857.78
779.70 0.94 -5.99 -31.63 295.50 317.95 13.34 0.10
0.00 2198.36
743.10 -1.16 -7.58 -32.74 297.23 304.80 13.95 0.20
0.00 2582.70
703.60 -3.06 -9.29 -38.82 299.32 293.55 16.53 0.10
0.00 3016.11
661.20 -5.16 -11.14 -47.46 301.92 290.75 19.74 0.10
0.00 3505.62
615.90 -8.46 -13.68 -48.09 304.31 281.41 22.59 0.10
0.00 4058.95
568.10 -12.56 -16.83 -45.96 306.71 266.66 26.65 0.20
0.00 4680.07
521.70 -16.86 -19.62 -32.95 310.31 262.51 34.29 0.30
0.00 5324.74
479.90 -20.86 -22.57 -30.54 313.42 260.98 40.91 0.30
0.00 5946.59
442.50 -25.46 -26.76 -34.63 314.34 246.31 44.97 0.20
0.00 6540.51
408.80 -29.36 -30.08 -34.79 316.58 241.37 50.68 0.10
0.00 7110.48
378.30 -32.46 -32.98 -36.88 319.35 237.59 60.51 0.10
2.00 7660.43
350.80 -36.16 -36.50 -39.63 321.01 236.82 66.38 0.10
49.00 8188.19
326.00 -40.66 -40.89 -43.89 321.18 236.27 73.12 0.10
85.00 8692.07
303.70 -44.06 -44.48 -54.16 322.35 235.37 78.61 0.10
0.00 9170.79
283.60 -46.26 -46.68 -60.30 325.40 237.50 83.14 0.10
0.00 9627.79
265.50 -46.56 -47.02 -63.02 331.11 235.99 85.76 0.10
0.00 10065.50
248.70 -46.46 -46.99 -66.51 337.46 232.72 87.88 0.00
0.00 10499.16
233.50 -46.66 -47.24 -71.85 343.24 230.62 91.24 0.00
0.00 10917.45
219.60 -47.96 -48.49 -72.27 347.31 230.12 92.40 -0.10
0.00 11323.18
205.60 -49.66 -50.13 -72.72 351.24 231.25 92.17 -0.10
0.00 11755.77
191.70 -51.46 -9999.00 -9999.00 -9999.00 232.96 89.32 -0.10
0.00 12211.86
177.70 -53.46 -9999.00 -9999.00 -9999.00 233.00 83.92 -0.10
0.00 12701.75
163.80 -55.66 -9999.00 -9999.00 -9999.00 231.03 78.46 -0.10
0.00 13222.91
149.80 -58.46 -9999.00 -9999.00 -9999.00 230.19 75.85 -0.10
0.00 13788.04
135.90 -60.56 -9999.00 -9999.00 -9999.00 232.39 72.57 0.00
0.00 14397.02
121.90 -61.06 -9999.00 -9999.00 -9999.00 232.74 63.21 0.00
0.00 15072.75
107.90 -61.76 -9999.00 -9999.00 -9999.00 226.33 53.44 0.00
0.00 15828.88
94.00 -61.66 -9999.00 -9999.00 -9999.00 223.88 42.04 0.00
0.00 16682.42
81.00 -62.36 -9999.00 -9999.00 -9999.00 214.30 35.51 0.00
0.00 17602.34
70.60 -60.56 -9999.00 -9999.00 -9999.00 209.62 34.19 0.00
0.00 18453.85
62.20 -58.76 -9999.00 -9999.00 -9999.00 197.13 27.04 0.00
0.00 19245.47
54.30 -60.36 -9999.00 -9999.00 -9999.00 192.86 25.31 0.00
0.00 20094.69
46.90 -60.36 -9999.00 -9999.00 -9999.00 215.46 17.40 0.00
0.00 21007.23
40.10 -61.26 -9999.00 -9999.00 -9999.00 205.87 7.13 0.00
0.00 21980.83
33.80 -61.86 -9999.00 -9999.00 -9999.00 143.97 2.64 0.00
0.00 23039.40
27.80 -60.46 -9999.00 -9999.00 -9999.00 53.97 2.64 0.00
0.00 24252.06
22.30 -58.36 -9999.00 -9999.00 -9999.00 45.00 6.88 0.00
0.00 25631.30
17.10 -56.16 -9999.00 -9999.00 -9999.00 84.29 7.81 0.00
0.00 27309.15
12.30 -52.26 -9999.00 -9999.00 -9999.00 207.00 11.56 0.00
0.00 29420.68

STID = KASW STNM = 779 TIME = 221027/0600 
SLAT = 41.28 SLON = -85.84 SELV = 256.0
STIM = 18

SHOW = 14.97 LIFT = 15.28 SWET = 64.09 KINX = -42.57
LCLP = 946.44 PWAT = 7.19 TOTL = 13.67 CAPE = 2.58
LCLT = 275.44 CINS = 0.00 EQLV = 895.96 LFCT = 933.21
BRCH = 0.09

PRES TMPC TMWC DWPC THTE DRCT SKNT OMEG
CFRL HGHT
991.10 5.94 4.56 2.94 293.20 353.88 5.48 0.00
0.00 265.09
988.10 5.64 4.28 2.66 292.92 352.50 7.44 0.00
0.00 289.91
982.70 5.24 3.95 2.40 292.79 351.16 8.84 0.00
0.00 334.73
973.30 4.44 3.39 2.08 292.59 348.91 10.10 0.00
0.00 413.16
959.50 3.34 2.62 1.70 292.46 346.93 11.17 0.00
0.00 529.28
941.80 1.84 1.59 1.22 292.24 342.96 12.59 0.00
0.00 679.97
920.70 0.34 0.31 0.21 291.95 340.82 14.20 0.00
100.00 862.34
897.60 -1.06 -1.06 -1.11 291.79 338.48 14.82 0.00
100.00 1065.73
872.50 2.84 -2.37 -13.28 291.82 324.95 15.89 0.10
1.00 1293.62
844.70 5.44 -2.94 -33.87 293.26 313.33 14.16 0.10
0.00 1556.59
813.90 2.44 -4.19 -22.59 294.82 315.66 11.95 0.20
0.00 1857.96
780.20 0.94 -5.97 -31.33 295.48 312.34 11.83 0.20
0.00 2198.27
743.50 -1.06 -7.47 -31.83 297.39 298.89 12.86 0.30
0.00 2583.50
704.00 -2.86 -9.18 -39.34 299.46 288.67 15.17 0.30
0.00 3016.92
661.60 -5.06 -11.05 -46.40 302.02 281.92 17.87 0.20
0.00 3506.42
616.20 -8.46 -13.66 -47.04 304.31 271.56 21.37 0.20
0.00 4060.78
568.30 -12.76 -16.97 -45.96 306.44 260.04 25.84 0.10
0.00 4682.69
521.90 -17.26 -19.86 -32.30 309.89 258.42 32.91 0.20
0.00 5326.39
480.10 -21.26 -22.72 -29.27 313.15 259.22 37.37 0.20
0.00 5947.03
442.60 -25.86 -26.73 -31.39 314.39 245.73 43.47 0.10
0.00 6541.44
408.90 -29.76 -30.20 -32.89 316.38 240.63 51.50 0.00
39.00 7110.39
378.30 -32.96 -33.37 -36.43 318.75 237.67 58.86 0.00
34.00 7661.08
350.80 -36.96 -37.23 -39.91 319.89 237.04 63.21 0.00
96.00 8187.40
326.10 -41.26 -41.44 -43.89 320.32 236.36 68.38 0.10
95.00 8687.67
303.70 -44.56 -44.90 -52.28 321.72 235.16 77.87 0.20
0.00 9167.33
283.60 -46.16 -46.61 -62.52 325.50 235.48 85.35 0.20
0.00 9623.92
265.50 -46.76 -47.21 -63.02 330.82 234.25 85.45 0.10
0.00 10061.54
248.70 -46.56 -47.08 -66.51 337.31 232.57 87.57 0.10
0.00 10494.91
233.50 -46.56 -47.14 -71.85 343.39 231.04 92.68 0.10
0.00 10913.20
219.60 -47.96 -48.49 -72.27 347.31 230.45 93.96 0.10
0.00 11319.02
205.60 -49.66 -50.13 -72.72 351.24 231.00 93.22 0.00
0.00 11751.61
191.70 -51.46 -9999.00 -9999.00 -9999.00 232.23 91.67 0.00
0.00 12207.70
177.70 -53.36 -9999.00 -9999.00 -9999.00 232.80 87.06 0.00
0.00 12697.70
163.80 -55.36 -9999.00 -9999.00 -9999.00 231.08 80.40 0.00
0.00 13219.33
149.80 -57.86 -9999.00 -9999.00 -9999.00 228.94 75.99 -0.10
0.00 13785.64
135.90 -60.26 -9999.00 -9999.00 -9999.00 230.00 72.53 0.00
0.00 14395.91
121.90 -61.86 -9999.00 -9999.00 -9999.00 232.34 64.53 0.00
0.00 15070.85
108.00 -62.66 -9999.00 -9999.00 -9999.00 226.76 53.59 0.00
0.00 15818.22
94.00 -62.66 -9999.00 -9999.00 -9999.00 223.42 44.93 0.00
0.00 16673.63
81.00 -62.36 -9999.00 -9999.00 -9999.00 212.79 37.67 0.00
0.00 17591.38
70.60 -60.86 -9999.00 -9999.00 -9999.00 213.15 34.11 0.00
0.00 18442.28
62.20 -59.46 -9999.00 -9999.00 -9999.00 197.58 28.94 0.00
0.00 19232.04
54.30 -60.66 -9999.00 -9999.00 -9999.00 190.59 27.47 0.00
0.00 20079.28
46.90 -60.66 -9999.00 -9999.00 -9999.00 213.88 16.38 0.00
0.00 20990.53
40.10 -61.26 -9999.00 -9999.00 -9999.00 181.43 7.77 0.00
0.00 21963.45
33.80 -60.86 -9999.00 -9999.00 -9999.00 137.73 5.77 0.00
0.00 23024.52
27.80 -59.56 -9999.00 -9999.00 -9999.00 71.57 4.91 0.00
0.00 24242.61
22.30 -57.56 -9999.00 -9999.00 -9999.00 72.03 7.56 0.00
0.00 25627.33
17.10 -54.76 -9999.00 -9999.00 -9999.00 123.69 4.90 0.00
0.00 27313.73
12.30 -51.96 -9999.00 -9999.00 -9999.00 234.20 14.61 0.00
0.00 29433.46

STID = KASW STNM = 779 TIME = 221027/0700 
SLAT = 41.28 SLON = -85.84 SELV = 256.0
STIM = 19

SHOW = 14.73 LIFT = 14.97 SWET = 61.11 KINX = -42.15
LCLP = 948.02 PWAT = 7.58 TOTL = 15.10 CAPE = 1.89
LCLT = 275.40 CINS = 0.00 EQLV = 897.10 LFCT = 939.08
BRCH = 0.06

PRES TMPC TMWC DWPC THTE DRCT SKNT OMEG
CFRL HGHT
992.00 5.84 4.49 2.89 292.96 9.09 4.91 0.00
0.00 265.08
988.90 5.64 4.25 2.58 292.77 6.91 6.45 0.00
0.00 290.70
983.50 5.14 3.88 2.35 292.57 6.01 7.42 0.00
0.00 335.47
974.20 4.44 3.38 2.07 292.49 2.66 8.35 0.00
0.00 412.98
960.40 3.24 2.60 1.78 292.34 358.78 9.13 0.00
0.00 528.98
942.60 1.64 1.53 1.33 292.03 352.61 10.59 -0.10
0.00 680.30
921.40 0.34 0.31 0.22 291.88 347.07 12.16 -0.10
100.00 863.32
898.30 -0.96 -0.98 -1.07 291.86 344.52 13.09 -0.10
100.00 1066.60
873.30 1.84 -2.35 -10.39 291.85 331.16 15.31 0.00
3.00 1293.05
845.30 5.24 -3.01 -32.74 293.09 317.25 14.02 0.00
0.00 1557.16
814.50 2.24 -4.22 -21.73 294.72 314.29 11.13 0.10
0.00 1858.09
780.80 1.04 -5.90 -31.32 295.52 308.33 10.64 0.10
0.00 2198.10
744.10 -0.96 -7.39 -31.54 297.46 295.71 11.64 0.10
0.00 2583.17
704.50 -2.66 -9.06 -39.88 299.58 283.65 13.99 0.20
0.00 3017.59
662.00 -4.86 -10.90 -45.44 302.23 273.25 17.11 0.20
0.00 3508.29
616.50 -8.36 -13.57 -46.08 304.42 263.14 21.13 0.10
0.00 4063.88
568.60 -12.86 -16.95 -42.49 306.46 253.02 26.61 0.10
0.00 4685.49
522.20 -17.56 -19.67 -28.37 310.21 254.80 32.61 0.20
0.00 5328.39
480.30 -21.66 -22.68 -26.83 313.21 249.64 32.94 0.20
0.00 5949.42
442.80 -26.16 -26.73 -29.55 314.37 240.82 41.82 0.10
12.00 6542.80
409.00 -29.96 -30.41 -33.25 316.03 241.07 50.60 0.10
45.00 7112.67
378.40 -33.46 -33.82 -36.65 318.03 236.36 57.17 0.00
70.00 7662.42
350.90 -37.46 -37.71 -40.19 319.15 235.44 60.63 0.00
94.00 8187.49
326.10 -41.76 -41.93 -44.28 319.60 234.56 65.33 0.10
94.00 8688.64
303.70 -44.76 -45.13 -54.16 321.36 234.19 77.37 0.10
0.00 9167.56
283.60 -46.46 -46.90 -62.52 325.07 233.10 83.80 0.10
0.00 9623.65
265.50 -47.06 -47.50 -63.02 330.38 231.95 85.10 0.10
0.00 10060.69
248.70 -46.76 -47.27 -66.51 337.01 232.18 89.02 0.10
0.00 10493.58
233.50 -46.86 -47.42 -71.85 342.94 231.97 93.96 0.00
0.00 10911.41
219.60 -48.06 -48.58 -72.27 347.16 231.34 95.77 -0.10
0.00 11316.87
205.60 -49.76 -50.22 -72.72 351.08 231.52 96.78 -0.10
0.00 11749.27
191.70 -51.76 -9999.00 -9999.00 -9999.00 232.59 95.61 -0.10
0.00 12204.95
177.70 -53.86 -9999.00 -9999.00 -9999.00 233.13 91.30 -0.10
0.00 12694.06
163.80 -55.86 -9999.00 -9999.00 -9999.00 230.99 84.25 -0.10
0.00 13214.50
149.80 -57.86 -9999.00 -9999.00 -9999.00 226.81 78.34 -0.10
0.00 13780.15
135.90 -59.86 -9999.00 -9999.00 -9999.00 226.83 72.98 0.00
0.00 14390.99
121.90 -61.46 -9999.00 -9999.00 -9999.00 228.16 62.32 0.00
0.00 15067.20
108.00 -62.76 -9999.00 -9999.00 -9999.00 225.00 49.16 0.00
0.00 15815.10
94.00 -63.16 -9999.00 -9999.00 -9999.00 219.92 48.14 0.10
0.00 16669.30
81.00 -61.06 -9999.00 -9999.00 -9999.00 214.77 40.19 0.00
0.00 17588.79
70.60 -60.06 -9999.00 -9999.00 -9999.00 214.76 34.75 0.00
0.00 18443.92
62.20 -58.86 -9999.00 -9999.00 -9999.00 197.35 29.31 0.00
0.00 19236.27
54.30 -60.16 -9999.00 -9999.00 -9999.00 196.78 27.58 0.00
0.00 20085.70
46.90 -60.56 -9999.00 -9999.00 -9999.00 216.57 15.00 0.00
0.00 20998.24
40.10 -61.16 -9999.00 -9999.00 -9999.00 190.54 8.49 0.00
0.00 21971.61
33.80 -60.26 -9999.00 -9999.00 -9999.00 164.36 5.05 0.00
0.00 23034.43
27.80 -59.76 -9999.00 -9999.00 -9999.00 90.00 4.47 0.00
0.00 24253.67
22.30 -57.96 -9999.00 -9999.00 -9999.00 93.69 6.04 0.00
0.00 25636.45
17.10 -55.16 -9999.00 -9999.00 -9999.00 156.80 2.95 0.00
0.00 27319.75
12.30 -52.76 -9999.00 -9999.00 -9999.00 252.23 15.91 0.00
0.00 29433.68

STID = KASW STNM = 779 TIME = 221027/0800 
SLAT = 41.28 SLON = -85.84 SELV = 256.0
STIM = 20

SHOW = 14.41 LIFT = 14.82 SWET = 58.71 KINX = -42.25
LCLP = 951.53 PWAT = 7.82 TOTL = 15.13 CAPE = 0.41
LCLT = 275.31 CINS = 0.00 EQLV = 899.03 LFCT = 944.39
BRCH = 0.01

PRES TMPC TMWC DWPC THTE DRCT SKNT OMEG
CFRL HGHT
993.10 5.54 4.27 2.76 292.41 18.43 5.54 0.00
0.00 265.06
990.10 5.34 4.06 2.51 292.27 17.45 7.13 0.00
0.00 289.80
984.70 4.84 3.70 2.31 292.09 15.75 7.87 0.00
0.00 334.46
975.30 4.04 3.17 2.08 291.97 13.71 8.20 0.00
0.00 412.62
961.50 2.94 2.46 1.82 291.94 11.82 8.53 0.00
0.00 528.33
943.70 1.44 1.44 1.38 291.75 6.07 9.19 0.00
95.00 679.35
922.50 0.34 0.30 0.20 291.75 355.76 10.51 0.10
100.00 862.09
899.30 -0.96 -0.99 -1.09 291.74 350.38 11.62 0.10
100.00 1066.01
874.20 1.74 -2.32 -10.01 291.83 334.80 14.61 0.20
3.00 1293.08
846.30 5.14 -3.06 -32.73 292.89 319.57 13.77 0.20
0.00 1555.87
815.40 2.14 -4.24 -21.44 294.59 311.28 10.61 0.20
0.00 1857.33
781.60 1.14 -5.85 -31.60 295.51 301.68 10.72 0.20
0.00 2197.98
744.80 -0.96 -7.37 -31.25 297.41 289.98 11.36 0.20
0.00 2583.79
705.20 -2.66 -9.05 -39.87 299.50 278.69 14.14 0.20
0.00 3017.80
662.60 -4.86 -10.85 -43.01 302.26 267.46 17.50 0.20
0.00 3509.18
617.00 -8.36 -13.59 -47.03 304.31 258.38 21.21 0.20
0.00 4065.52
569.10 -13.06 -17.02 -40.37 306.29 252.57 27.89 0.20
0.00 4686.38
522.50 -17.96 -19.27 -23.76 310.87 254.16 29.88 0.20
0.00 5330.90
480.50 -21.96 -22.89 -26.71 312.83 243.28 32.40 0.20
0.00 5952.32
443.00 -26.26 -26.85 -29.83 314.14 246.69 39.76 0.10
10.00 6544.96
409.20 -29.96 -30.37 -32.89 316.05 241.34 49.81 0.00
86.00 7114.46
378.50 -33.66 -33.93 -35.99 317.85 236.76 55.28 -0.10
100.00 7665.57
351.00 -38.06 -38.25 -40.19 318.31 237.64 60.26 -0.10
100.00 8189.62
326.10 -42.16 -42.28 -43.89 319.08 232.29 69.23 0.00
16.00 8691.64
303.80 -44.86 -45.28 -56.53 321.11 233.04 75.60 0.00
0.00 9167.82
283.70 -46.36 -46.80 -62.52 325.18 231.08 79.16 0.00
0.00 9623.76
265.60 -47.36 -47.78 -63.02 329.90 230.98 81.76 0.00
0.00 10060.45
248.70 -47.36 -47.84 -66.51 336.12 232.52 87.14 0.00
0.00 10494.97
233.50 -47.26 -47.80 -71.85 342.33 233.92 93.01 0.00
0.00 10911.87
219.60 -48.46 -48.96 -72.27 346.54 234.44 95.51 -0.10
0.00 11316.61
205.60 -50.26 -50.70 -72.72 350.29 235.10 97.11 -0.10
0.00 11748.14
191.70 -52.36 -52.73 -73.19 354.00 234.80 96.04 0.00
0.00 12202.70
177.70 -54.36 -9999.00 -9999.00 -9999.00 232.70 92.31 0.00
0.00 12690.59
163.80 -56.26 -9999.00 -9999.00 -9999.00 229.75 86.29 0.10
0.00 13209.96
149.80 -57.86 -9999.00 -9999.00 -9999.00 225.69 79.82 0.10
0.00 13775.09
135.90 -59.56 -9999.00 -9999.00 -9999.00 225.32 73.76 0.10
0.00 14386.35
121.90 -60.86 -9999.00 -9999.00 -9999.00 226.91 61.71 0.00
0.00 15064.00
107.90 -62.46 -9999.00 -9999.00 -9999.00 222.29 49.36 0.00
0.00 15819.23
94.00 -63.06 -9999.00 -9999.00 -9999.00 215.56 49.44 0.00
0.00 16668.53
81.00 -60.96 -9999.00 -9999.00 -9999.00 216.01 43.94 0.00
0.00 17588.45
70.60 -59.36 -9999.00 -9999.00 -9999.00 214.34 33.41 0.00
0.00 18445.19
62.20 -58.76 -9999.00 -9999.00 -9999.00 203.20 28.11 0.00
0.00 19239.03
54.30 -59.96 -9999.00 -9999.00 -9999.00 203.73 24.61 0.00
0.00 20089.05
46.90 -60.36 -9999.00 -9999.00 -9999.00 218.53 13.40 0.00
0.00 21002.45
40.10 -61.16 -9999.00 -9999.00 -9999.00 202.04 8.80 0.00
0.00 21976.28
33.80 -60.26 -9999.00 -9999.00 -9999.00 183.37 3.30 0.00
0.00 23039.10
27.80 -60.46 -9999.00 -9999.00 -9999.00 87.27 4.08 0.00
0.00 24256.34
22.30 -58.16 -9999.00 -9999.00 -9999.00 101.31 3.96 0.00
0.00 25636.22
17.10 -54.56 -9999.00 -9999.00 -9999.00 247.38 2.53 0.00
0.00 27321.06
12.30 -52.86 -9999.00 -9999.00 -9999.00 277.83 15.70 0.00
0.00 29437.41

STID = KASW STNM = 779 TIME = 221027/0900 
SLAT = 41.28 SLON = -85.84 SELV = 256.0
STIM = 21

SHOW = 14.48 LIFT = 15.25 SWET = 57.42 KINX = -44.97
LCLP = 950.33 PWAT = 7.70 TOTL = 12.77 CAPE = 1.63
LCLT = 274.99 CINS = 0.00 EQLV = 898.81 LFCT = 943.02
BRCH = 0.03

PRES TMPC TMWC DWPC THTE DRCT SKNT OMEG
CFRL HGHT
993.40 5.34 4.04 2.46 291.91 33.69 5.59 0.00
0.00 265.05
990.40 5.04 3.75 2.17 291.63 32.83 7.17 0.00
0.00 289.76
985.00 4.64 3.45 1.97 291.56 30.96 7.93 0.00
0.00 334.37
975.60 3.84 2.92 1.75 291.44 29.58 8.26 0.00
0.00 412.44
961.80 2.74 2.19 1.45 291.38 28.30 8.61 0.10
0.00 528.02
944.00 1.24 1.20 1.10 291.27 24.86 8.78 0.10
72.00 678.87
922.80 -0.06 -0.06 -0.12 291.03 7.13 9.40 0.00
100.00 861.34
899.60 -1.36 -1.37 -1.43 291.01 360.00 9.91 0.10
100.00 1064.89
874.50 2.64 -2.28 -12.27 291.79 338.36 13.17 0.10
1.00 1292.05
846.50 5.14 -3.15 -35.10 292.67 323.47 13.05 0.10
0.00 1556.10
815.60 2.24 -4.27 -22.27 294.49 311.91 10.18 0.10
0.00 1857.53
781.80 1.24 -5.77 -31.31 295.63 299.36 10.70 0.00
0.00 2198.22
745.00 -0.86 -7.30 -31.24 297.50 284.50 11.64 0.00
0.00 2584.07
705.40 -2.56 -9.00 -40.45 299.55 273.72 15.00 0.00
0.00 3018.12
662.70 -4.96 -10.86 -41.05 302.24 262.29 18.82 0.10
0.00 3510.55
617.20 -8.46 -13.64 -46.07 304.20 255.23 22.11 0.10
0.00 4065.34
569.20 -13.26 -16.82 -33.75 306.69 253.45 27.97 0.20
0.00 4687.02
522.60 -17.86 -18.82 -21.84 311.62 247.35 29.25 0.30
0.00 5331.38
480.60 -22.06 -23.07 -27.33 312.52 245.53 33.29 0.20
0.00 5952.70
443.00 -26.56 -27.12 -29.98 313.72 246.17 41.84 0.10
16.00 6546.37
409.20 -30.06 -30.58 -33.99 315.72 239.76 47.44 0.00
57.00 7115.39
378.50 -34.16 -34.48 -37.11 317.01 239.57 54.08 -0.10
100.00 7665.79
351.00 -38.46 -38.59 -39.90 317.80 234.62 58.37 -0.10
100.00 8188.84
326.20 -42.56 -42.77 -46.03 318.32 232.24 65.35 -0.10
0.00 8687.91
303.80 -44.46 -44.97 -61.99 321.56 231.22 69.77 0.00
0.00 9166.14
283.70 -46.06 -46.52 -62.52 325.61 230.16 73.37 0.00
0.00 9622.77
265.60 -47.66 -48.06 -63.02 329.47 230.79 76.20 0.10
0.00 10059.46
248.70 -47.96 -48.40 -66.51 335.22 233.90 83.41 0.10
0.00 10493.12
233.50 -48.26 -48.74 -71.85 340.82 234.87 88.11 0.10
0.00 10908.55
219.60 -49.06 -49.53 -72.27 345.61 235.17 91.82 0.10
0.00 11311.85
205.60 -50.46 -50.89 -72.72 349.98 235.08 95.71 0.10
0.00 11742.61
191.70 -52.46 -52.82 -73.19 353.84 234.42 96.48 0.10
0.00 12196.86
177.70 -54.36 -9999.00 -9999.00 -9999.00 232.55 92.00 0.10
0.00 12684.64
163.80 -55.96 -9999.00 -9999.00 -9999.00 228.22 85.70 0.20
0.00 13204.36
149.80 -57.96 -9999.00 -9999.00 -9999.00 225.29 81.45 0.10
0.00 13769.75
135.90 -59.36 -9999.00 -9999.00 -9999.00 225.32 74.59 0.10
0.00 14381.16
121.90 -60.66 -9999.00 -9999.00 -9999.00 225.89 62.24 0.00
0.00 15059.44
108.00 -61.96 -9999.00 -9999.00 -9999.00 218.24 50.21 0.00
0.00 15810.18
94.00 -62.56 -9999.00 -9999.00 -9999.00 213.19 48.97 0.00
0.00 16667.22
81.00 -61.66 -9999.00 -9999.00 -9999.00 216.48 45.42 0.00
0.00 17586.70
70.60 -58.76 -9999.00 -9999.00 -9999.00 216.60 32.91 0.00
0.00 18443.24
62.20 -58.86 -9999.00 -9999.00 -9999.00 201.96 25.97 0.00
0.00 19238.01
54.30 -59.46 -9999.00 -9999.00 -9999.00 208.50 23.21 0.00
0.00 20088.82
46.90 -60.26 -9999.00 -9999.00 -9999.00 221.71 11.97 0.00
0.00 21003.51
40.10 -60.46 -9999.00 -9999.00 -9999.00 215.84 8.62 0.00
0.00 21979.17
33.80 -60.06 -9999.00 -9999.00 -9999.00 241.93 3.30 0.00
0.00 23044.25
27.80 -61.16 -9999.00 -9999.00 -9999.00 33.69 0.70 0.00
0.00 24260.05
22.30 -59.56 -9999.00 -9999.00 -9999.00 105.26 2.21 0.00
0.00 25633.15
17.10 -55.96 -9999.00 -9999.00 -9999.00 125.54 1.67 0.00
0.00 27307.12
12.30 -53.26 -9999.00 -9999.00 -9999.00 285.02 8.24 0.00
0.00 29414.79
STN YYMMDD/HHMM PMSL PRES SKTC STC1 SNFL WTNS
P01M C01M STC2 LCLD MCLD HCLD
SNRA UWND VWND R01M BFGR T2MS
Q2MS WXTS WXTP WXTZ WXTR USTM
VSTM HLCY SLLH WSYM CDBP VSBK
TD2M
779 221026/1200 1006.50 976.10 9.24 282.40 -9999.00 21.00
-9999.00 -9999.00 282.90 100.00 100.00 0.00
-9999.00 4.60 -1.80 -9999.00 -9999.00 8.54
6.72 0.00 0.00 0.00 0.00 16.90
-5.10 -75.70 -9999.00 999.00 926.70 20.00
7.54
779 221026/1300 1007.90 977.60 9.54 282.70 0.00 21.00
0.05 0.00 283.00 100.00 65.00 0.00
-9999.00 6.50 -1.10 -9999.00 -9999.00 9.24
7.07 0.00 0.00 0.00 1.00 12.50
-12.10 46.60 0.01 60.00 945.50 0.00
8.30
779 221026/1400 1009.40 978.90 9.34 282.50 0.00 21.00
0.16 0.00 282.80 100.00 62.00 0.00
-9999.00 7.50 -2.90 -9999.00 -9999.00 8.94
6.73 0.00 0.00 0.00 1.00 14.20
-13.30 37.20 0.01 60.00 929.40 0.00
7.60
779 221026/1500 1011.30 980.80 9.14 282.30 0.00 21.00
0.02 0.00 282.70 100.00 13.00 0.00
-9999.00 7.40 -4.00 -9999.00 -9999.00 8.64
6.49 0.00 0.00 0.00 0.00 16.30
-12.20 0.20 0.00 999.00 931.10 0.00
7.10
779 221026/1600 1011.70 981.10 9.24 282.40 0.00 20.00
0.00 0.00 282.70 100.00 0.00 0.00
-9999.00 6.50 -3.90 -9999.00 -9999.00 8.64
6.28 0.00 0.00 0.00 0.00 16.30
-11.80 -75.80 0.00 999.00 931.30 0.01
6.63
779 221026/1700 1012.20 981.60 10.04 283.20 0.00 20.00
0.00 0.00 283.30 100.00 0.00 0.00
-9999.00 6.40 -3.90 -9999.00 -9999.00 9.14
6.09 0.00 0.00 0.00 0.00 16.20
-12.00 -73.30 0.01 999.00 888.20 0.03
6.20
779 221026/1800 1012.80 982.30 10.44 283.60 0.00 19.00
0.00 0.00 283.70 100.00 0.00 0.00
-9999.00 6.70 -4.50 -9999.00 -9999.00 9.44
5.69 0.00 0.00 0.00 0.00 18.00
-11.60 -98.10 0.01 999.00 889.00 0.05
5.24
779 221026/1900 1015.00 984.30 10.44 283.60 0.00 18.00
0.00 0.00 283.80 100.00 0.00 0.00
-9999.00 6.90 -4.60 -9999.00 -9999.00 9.24
5.53 0.00 0.00 0.00 0.00 19.40
-11.20 -74.80 0.00 999.00 890.70 0.16
4.86
779 221026/2000 1014.40 983.70 9.24 282.40 0.00 18.00
0.00 0.00 282.80 100.00 0.00 0.00
-9999.00 6.40 -4.40 -9999.00 -9999.00 8.44
5.38 0.00 0.00 0.00 0.00 20.20
-10.30 -51.30 -0.01 999.00 890.20 0.10
4.46
779 221026/2100 1016.60 985.80 8.14 281.30 0.00 18.00
0.00 0.00 281.70 100.00 0.00 0.00
-9999.00 5.40 -4.50 -9999.00 -9999.00 7.74
5.40 0.00 0.00 0.00 0.00 20.60
-10.00 -60.50 -0.01 999.00 892.10 0.01
4.54
779 221026/2200 1017.70 986.80 7.44 280.60 0.00 18.00
0.00 0.00 281.10 72.00 0.00 0.00
-9999.00 4.60 -3.90 -9999.00 -9999.00 7.34
5.29 0.00 0.00 0.00 0.00 20.50
-9.20 -63.00 -0.01 999.00 -9999.00 0.03
4.27
779 221026/2300 1019.80 988.80 6.84 280.00 0.00 18.00
0.00 0.00 280.50 100.00 0.00 0.00
-9999.00 4.40 -3.50 -9999.00 -9999.00 6.84
5.26 0.00 0.00 0.00 0.00 19.60
-10.00 -68.30 0.00 999.00 917.50 0.05
4.22
779 221027/0000 1020.70 989.60 6.44 279.60 0.00 18.00
0.01 0.00 280.10 100.00 2.00 0.00
-9999.00 4.00 -3.80 -9999.00 -9999.00 6.34
5.19 0.00 0.00 0.00 0.00 17.50
-10.90 -76.20 0.00 999.00 939.30 0.01
4.04
779 221027/0100 1020.80 989.60 6.24 279.40 0.00 18.00
0.01 0.00 279.80 100.00 0.00 0.00
-9999.00 3.20 -3.80 -9999.00 -9999.00 6.14
5.11 0.00 0.00 0.00 0.00 15.50
-11.40 -81.10 0.00 999.00 939.30 0.01
3.82
779 221027/0200 1021.40 990.20 6.04 279.20 0.00 18.00
0.00 0.00 279.60 100.00 0.00 0.00
-9999.00 2.60 -3.80 -9999.00 -9999.00 6.04
5.03 0.00 0.00 0.00 0.00 14.20
-11.20 -79.80 0.00 999.00 918.80 0.01
3.60
779 221027/0300 1022.20 990.90 5.94 279.10 0.00 18.00
0.00 0.00 279.50 100.00 0.00 0.00
-9999.00 2.10 -3.60 -9999.00 -9999.00 5.94
4.97 0.00 0.00 0.00 0.00 13.20
-11.20 -67.00 0.00 999.00 919.50 0.02
3.45
779 221027/0400 1023.30 992.10 5.94 279.10 0.00 18.00
0.00 0.00 279.40 100.00 20.00 0.00
-9999.00 1.50 -3.30 -9999.00 -9999.00 5.94
4.97 0.00 0.00 0.00 0.00 12.30
-10.70 -54.90 0.00 999.00 920.50 0.01
3.46
779 221027/0500 1022.90 991.60 5.84 279.00 0.00 18.00
0.00 0.00 279.30 100.00 85.00 0.00
-9999.00 1.00 -3.20 -9999.00 -9999.00 5.74
4.92 0.00 0.00 0.00 0.00 11.80
-9.80 -50.40 0.00 999.00 920.10 0.01
3.31
779 221027/0600 1023.50 992.20 5.84 279.00 0.00 18.00
0.00 0.00 279.30 100.00 96.00 0.00
-9999.00 0.40 -3.00 -9999.00 -9999.00 5.74
4.90 0.00 0.00 0.00 0.00 11.50
-8.90 -58.20 0.00 999.00 920.70 0.02
3.27
779 221027/0700 1024.40 993.10 5.74 278.90 0.00 18.00
0.00 0.00 279.20 100.00 94.00 0.00
-9999.00 -0.30 -2.70 -9999.00 -9999.00 5.74
4.88 0.00 0.00 0.00 0.00 11.60
-7.50 -63.60 0.00 999.00 921.40 0.02
3.22
779 221027/0800 1025.60 994.20 5.54 278.70 0.00 18.00
0.01 0.00 279.10 100.00 100.00 0.00
-9999.00 -0.70 -2.90 -9999.00 -9999.00 5.54
4.82 0.00 0.00 0.00 0.00 11.60
-6.70 -69.20 0.00 999.00 943.70 0.01
3.06
779 221027/0900 1025.90 994.50 5.34 278.50 0.00 18.00
0.01 0.00 278.80 100.00 100.00 0.00
-9999.00 -1.50 -2.50 -9999.00 -9999.00 5.24
4.72 0.00 0.00 0.00 0.00 10.90
-6.60 -74.20 0.00 999.00 922.80 0.01
2.77


