
SNPARM = PRES;TMPC;TMWC;DWPC;THTE;DRCT;SKNT;OMEG;CFRL;HGHT 
STNPRM = SHOW;LIFT;SWET;KINX;LCLP;PWAT;TOTL;CAPE;LCLT;CINS;EQLV;LFCT;BRCH 

STID = KMEM STNM = 723340 TIME = 221026/1200 
SLAT = 35.05 SLON = -90.00 SELV = 82.0
STIM = 0

SHOW = 13.95 LIFT = 21.08 SWET = 107.46 KINX = -3.87
LCLP = 961.28 PWAT = 12.40 TOTL = 26.79 CAPE = 0.00
LCLT = 277.59 CINS = 0.00 EQLV = -9999.00 LFCT = -9999.00
BRCH = 0.00

PRES TMPC TMWC DWPC THTE DRCT SKNT OMEG
CFRL HGHT
1004.40 7.94 6.54 5.07 296.06 304.51 3.77 0.00
0.00 91.86
1001.30 8.34 6.55 4.66 296.38 307.50 10.53 -0.10
0.00 117.39
995.90 8.34 6.36 4.26 296.53 307.41 12.47 -0.10
0.00 162.09
986.40 8.44 5.80 2.87 296.26 315.90 17.58 -0.10
0.00 241.32
972.40 7.84 4.87 1.38 295.70 323.25 19.15 -0.10
0.00 359.35
954.40 6.54 3.80 0.44 295.34 333.19 20.24 0.00
0.00 513.07
932.90 5.94 3.71 1.06 297.44 340.73 21.19 0.10
0.00 699.89
909.40 7.54 4.91 2.08 302.65 343.43 24.51 0.20
0.00 909.50
883.90 9.24 5.24 0.99 306.35 341.82 28.01 0.20
0.00 1144.57
855.40 9.94 4.50 -1.70 308.02 342.14 30.40 0.30
0.00 1416.53
823.90 10.24 2.57 -8.38 307.33 340.02 31.84 0.30
0.00 1728.20
789.40 9.94 0.60 -17.13 307.10 332.82 32.32 0.40
0.00 2083.26
752.00 7.94 -0.57 -16.29 309.70 324.29 30.61 0.40
0.00 2484.36
711.50 5.44 -2.06 -15.68 312.35 307.77 27.27 0.40
0.00 2938.26
668.10 2.44 -4.31 -17.62 314.12 286.07 25.27 0.40
0.00 3449.20
621.60 -0.86 -7.21 -22.34 315.50 283.08 28.32 0.30
0.00 4028.11
572.80 -2.86 -9.47 -29.01 319.17 271.57 35.37 0.20
0.00 4677.69
525.40 -7.06 -12.87 -34.57 321.29 264.88 41.34 0.10
0.00 5355.98
482.80 -11.76 -16.33 -35.16 323.37 266.86 49.61 0.10
0.00 6008.92
444.70 -17.06 -20.31 -35.26 324.45 268.17 54.80 0.00
0.00 6631.66
410.50 -22.36 -24.66 -37.83 324.83 266.47 56.84 0.00
0.00 7225.46
379.50 -27.16 -28.89 -42.09 325.43 265.48 56.70 0.00
0.00 7796.47
351.70 -31.46 -32.82 -46.90 326.43 263.64 56.10 0.00
0.00 8339.54
326.70 -35.16 -36.28 -52.56 328.00 260.41 57.13 0.00
0.00 8857.24
304.10 -38.56 -39.46 -56.52 329.88 257.67 61.83 0.10
0.00 9353.08
283.90 -41.96 -42.67 -60.29 331.47 256.17 65.81 0.10
0.00 9821.65
265.70 -45.26 -45.80 -63.01 332.94 256.38 64.36 0.10
0.00 10266.82
248.80 -47.46 -47.93 -66.51 335.93 257.17 60.37 0.10
0.00 10703.10
233.50 -48.76 -49.19 -66.97 340.11 255.83 59.50 0.10
0.00 11121.18
219.60 -50.46 -50.83 -67.41 343.50 256.77 63.66 0.10
0.00 11522.78
205.60 -52.26 -52.60 -72.72 347.15 258.89 64.53 0.00
0.00 11950.45
191.70 -54.06 -54.36 -73.19 351.28 260.39 61.67 0.00
0.00 12401.22
177.70 -56.66 -56.89 -73.70 354.71 261.98 59.83 0.10
0.00 12884.67
163.80 -59.56 -9999.00 -9999.00 -9999.00 261.66 58.90 0.10
0.00 13397.36
149.80 -62.06 -9999.00 -9999.00 -9999.00 260.34 56.74 0.10
0.00 13952.69
135.90 -64.36 -9999.00 -9999.00 -9999.00 260.05 52.86 0.00
0.00 14551.12
121.90 -65.86 -9999.00 -9999.00 -9999.00 254.79 45.90 0.00
0.00 15213.17
108.00 -67.16 -9999.00 -9999.00 -9999.00 249.68 39.14 0.00
0.00 15945.48
94.00 -68.06 -9999.00 -9999.00 -9999.00 243.75 32.05 0.00
0.00 16780.78
81.00 -66.36 -9999.00 -9999.00 -9999.00 235.15 26.52 0.00
0.00 17678.05
70.60 -65.06 -9999.00 -9999.00 -9999.00 224.63 21.02 0.00
0.00 18512.46
62.20 -63.36 -9999.00 -9999.00 -9999.00 196.63 15.62 0.00
0.00 19287.20
54.30 -63.26 -9999.00 -9999.00 -9999.00 188.26 12.16 0.00
0.00 20121.52
46.90 -61.66 -9999.00 -9999.00 -9999.00 152.53 5.48 0.00
0.00 21025.05
40.10 -61.56 -9999.00 -9999.00 -9999.00 133.45 5.09 0.00
0.00 21994.98
33.80 -60.96 -9999.00 -9999.00 -9999.00 326.31 1.40 0.00
0.00 23055.06
27.80 -59.96 -9999.00 -9999.00 -9999.00 4.09 5.46 0.00
0.00 24271.72
22.30 -59.16 -9999.00 -9999.00 -9999.00 349.82 7.69 0.00
0.00 25649.98
17.10 -56.16 -9999.00 -9999.00 -9999.00 304.00 10.08 0.00
0.00 27324.73
12.30 -49.56 -9999.00 -9999.00 -9999.00 260.61 26.18 0.00
0.00 29449.28

STID = KMEM STNM = 723340 TIME = 221026/1300 
SLAT = 35.05 SLON = -90.00 SELV = 82.0
STIM = 1

SHOW = 15.52 LIFT = 21.06 SWET = 112.70 KINX = -6.29
LCLP = 959.73 PWAT = 12.51 TOTL = 23.56 CAPE = 0.00
LCLT = 277.31 CINS = 0.00 EQLV = -9999.00 LFCT = -9999.00
BRCH = 0.00

PRES TMPC TMWC DWPC THTE DRCT SKNT OMEG
CFRL HGHT
1005.10 7.84 6.38 4.82 295.63 323.53 5.56 0.00
0.00 91.85
1002.10 7.84 6.15 4.32 295.43 325.78 11.75 -0.10
0.00 116.51
996.60 7.64 5.86 3.91 295.37 326.53 13.73 -0.10
0.00 161.90
987.10 7.54 5.33 2.82 295.19 331.93 19.81 -0.10
0.00 240.85
973.10 7.04 4.59 1.71 295.06 336.60 22.01 -0.10
0.00 358.44
955.10 5.94 4.26 2.33 296.26 344.79 22.94 -0.10
0.00 511.69
933.50 5.84 4.81 3.69 299.76 350.61 23.82 0.00
2.00 699.10
910.00 7.84 5.58 3.27 304.11 351.17 29.10 0.00
2.00 908.74
884.40 9.64 5.09 0.11 305.92 350.59 32.09 0.00
0.00 1144.89
855.90 9.84 3.67 -4.10 305.98 349.30 32.42 0.00
0.00 1416.76
824.40 10.34 2.20 -10.26 306.36 344.69 33.84 0.10
0.00 1728.16
789.90 9.84 0.31 -18.93 306.37 336.50 34.11 0.10
0.00 2082.93
752.40 7.64 -0.47 -14.71 309.95 324.89 30.40 0.20
0.00 2484.59
711.90 5.14 -2.14 -15.23 312.15 306.35 25.56 0.20
0.00 2937.79
668.40 2.34 -4.46 -18.20 313.75 285.38 24.18 0.30
0.00 3449.28
622.00 -0.46 -7.09 -23.25 315.64 279.26 27.76 0.20
0.00 4026.91
573.00 -2.36 -9.28 -30.50 319.45 266.73 34.05 0.20
0.00 4679.89
525.60 -6.36 -12.38 -34.05 322.17 264.69 41.94 0.20
0.00 5359.43
483.00 -11.56 -15.97 -32.28 324.04 267.17 51.15 0.20
0.00 6013.26
444.90 -17.26 -20.34 -33.93 324.37 265.45 56.31 0.20
0.00 6635.76
410.60 -22.56 -24.74 -36.78 324.69 264.42 59.93 0.10
0.00 7230.64
379.60 -27.46 -28.99 -39.73 325.27 265.82 61.34 0.10
0.00 7800.95
351.70 -31.46 -32.77 -45.83 326.51 264.31 58.76 0.10
0.00 8345.58
326.70 -35.06 -36.20 -52.56 328.14 260.00 58.18 0.10
0.00 8863.39
304.20 -38.56 -39.46 -56.52 329.85 257.47 62.68 0.10
0.00 9357.06
283.90 -41.96 -42.67 -60.29 331.47 256.72 64.26 0.10
0.00 9827.88
265.70 -45.06 -45.61 -63.01 333.23 257.28 61.73 0.10
0.00 10273.24
248.80 -47.46 -47.91 -63.51 335.97 255.92 59.89 0.10
0.00 10709.71
233.60 -48.76 -49.19 -66.97 340.06 255.41 63.23 0.10
0.00 11124.97
219.60 -50.16 -50.55 -67.41 343.96 259.37 67.40 0.10
0.00 11529.64
205.60 -51.76 -52.13 -72.72 347.94 262.69 65.60 0.10
0.00 11958.09
191.70 -53.96 -54.26 -73.19 351.44 263.78 62.72 0.10
0.00 12409.47
177.70 -56.76 -56.99 -73.70 354.55 264.27 58.37 0.00
0.00 12892.92
163.80 -59.26 -9999.00 -9999.00 -9999.00 261.52 54.00 0.00
0.00 13405.85
149.80 -61.66 -9999.00 -9999.00 -9999.00 255.60 52.35 0.00
0.00 13962.09
135.90 -64.26 -9999.00 -9999.00 -9999.00 253.79 52.19 0.00
0.00 14561.24
121.90 -66.36 -9999.00 -9999.00 -9999.00 256.54 46.74 0.00
0.00 15222.66
108.00 -67.36 -9999.00 -9999.00 -9999.00 250.53 37.30 0.00
0.00 15953.72
94.00 -68.36 -9999.00 -9999.00 -9999.00 237.84 30.28 0.00
0.00 16788.01
81.00 -66.86 -9999.00 -9999.00 -9999.00 229.93 27.16 0.00
0.00 17683.53
70.60 -64.86 -9999.00 -9999.00 -9999.00 219.61 21.93 0.00
0.00 18517.34
62.20 -63.06 -9999.00 -9999.00 -9999.00 191.43 17.64 0.00
0.00 19293.01
54.30 -62.66 -9999.00 -9999.00 -9999.00 183.47 12.84 0.00
0.00 20129.12
46.90 -61.16 -9999.00 -9999.00 -9999.00 156.25 5.30 0.00
0.00 21035.01
40.10 -61.16 -9999.00 -9999.00 -9999.00 153.43 3.90 0.00
0.00 22007.01
33.80 -60.26 -9999.00 -9999.00 -9999.00 360.00 2.91 0.00
0.00 23069.83
27.80 -59.76 -9999.00 -9999.00 -9999.00 23.20 7.40 0.00
0.00 24289.07
22.30 -58.86 -9999.00 -9999.00 -9999.00 352.06 8.43 0.00
0.00 25668.95
17.10 -55.36 -9999.00 -9999.00 -9999.00 300.14 13.93 0.00
0.00 27347.97
12.30 -49.66 -9999.00 -9999.00 -9999.00 267.93 26.83 0.00
0.00 29475.89

STID = KMEM STNM = 723340 TIME = 221026/1400 
SLAT = 35.05 SLON = -90.00 SELV = 82.0
STIM = 2

SHOW = 17.39 LIFT = 20.77 SWET = 105.32 KINX = -10.99
LCLP = 940.24 PWAT = 12.16 TOTL = 18.55 CAPE = 0.00
LCLT = 276.61 CINS = 0.00 EQLV = -9999.00 LFCT = -9999.00
BRCH = 0.00

PRES TMPC TMWC DWPC THTE DRCT SKNT OMEG
CFRL HGHT
1007.10 8.94 6.75 4.44 296.23 332.74 7.21 0.00
0.00 91.86
1004.10 8.64 6.46 4.12 295.89 332.93 9.81 -0.10
0.00 116.56
998.60 8.14 6.08 3.85 295.65 333.43 11.29 -0.10
0.00 161.97
989.10 7.34 5.53 3.52 295.42 335.28 13.48 -0.10
0.00 240.80
975.00 6.54 4.72 2.62 295.15 340.07 16.53 0.00
0.00 358.86
957.00 5.84 4.67 3.36 296.93 348.23 19.06 0.00
0.00 511.68
935.40 5.44 5.07 4.64 300.12 355.80 21.23 0.10
26.00 698.59
911.70 7.24 5.47 3.67 303.69 356.27 26.86 0.10
12.00 909.26
886.10 9.64 3.97 -3.13 303.09 355.66 30.79 0.00
0.00 1144.65
857.50 9.84 2.21 -9.76 302.38 353.23 31.29 0.00
0.00 1416.78
826.00 10.34 1.65 -13.12 304.86 345.88 31.86 0.10
0.00 1727.44
791.40 9.64 0.34 -17.97 306.27 337.30 32.21 0.10
0.00 2082.40
753.70 7.34 -0.66 -14.91 309.37 325.45 28.77 0.20
0.00 2485.12
713.10 4.74 -2.33 -15.13 311.58 307.88 24.36 0.20
0.00 2938.09
669.50 1.94 -4.69 -18.27 313.11 285.21 22.94 0.30
0.00 3449.16
622.80 -0.86 -7.20 -22.32 315.32 279.04 25.97 0.20
0.00 4028.85
573.70 -2.86 -9.51 -29.53 318.92 267.46 30.73 0.10
0.00 4681.28
526.20 -6.56 -12.49 -33.80 321.86 264.38 37.67 0.10
0.00 5360.58
483.40 -11.56 -15.91 -31.70 324.07 265.38 45.80 0.10
0.00 6016.59
445.20 -17.16 -20.29 -34.14 324.39 261.84 50.62 0.10
0.00 6640.38
410.90 -22.46 -24.66 -36.78 324.75 262.09 56.49 0.10
0.00 7235.07
379.80 -27.36 -28.85 -38.86 325.46 265.89 59.60 0.10
0.00 7807.10
351.90 -31.66 -32.86 -43.99 326.33 266.02 58.80 0.10
0.00 8351.33
326.80 -35.26 -36.35 -51.66 327.87 262.06 57.65 0.10
0.00 8870.56
304.20 -38.66 -39.55 -56.52 329.71 259.78 60.20 0.10
0.00 9366.03
284.00 -41.96 -42.67 -60.29 331.43 259.45 60.47 0.10
0.00 9834.35
265.70 -44.96 -45.52 -63.01 333.38 259.44 58.29 0.10
0.00 10282.18
248.80 -47.26 -47.72 -63.51 336.27 256.15 57.61 0.10
0.00 10718.94
233.60 -48.56 -49.00 -66.97 340.37 256.52 63.33 0.10
0.00 11134.56
219.60 -49.96 -50.38 -72.27 344.22 260.81 66.90 0.10
0.00 11539.60
205.60 -51.46 -51.84 -72.72 348.41 262.38 64.47 0.10
0.00 11968.52
191.70 -53.86 -54.16 -73.19 351.60 262.36 61.34 0.00
0.00 12420.31
177.70 -56.56 -56.79 -73.70 354.88 262.15 55.50 0.00
0.00 12904.10
163.80 -58.96 -9999.00 -9999.00 -9999.00 257.45 49.15 0.00
0.00 13417.62
149.80 -61.26 -9999.00 -9999.00 -9999.00 248.75 48.78 0.00
0.00 13974.78
135.90 -63.66 -9999.00 -9999.00 -9999.00 245.39 50.85 0.00
0.00 14575.35
121.90 -65.96 -9999.00 -9999.00 -9999.00 248.70 45.45 0.00
0.00 15238.36
108.00 -67.36 -9999.00 -9999.00 -9999.00 245.48 36.50 0.00
0.00 15970.13
94.00 -68.16 -9999.00 -9999.00 -9999.00 230.81 32.58 0.00
0.00 16804.83
81.00 -66.76 -9999.00 -9999.00 -9999.00 229.12 30.57 0.00
0.00 17701.00
70.60 -64.36 -9999.00 -9999.00 -9999.00 225.72 21.97 0.00
0.00 18536.02
62.20 -62.56 -9999.00 -9999.00 -9999.00 194.53 16.26 0.00
0.00 19313.54
54.30 -62.36 -9999.00 -9999.00 -9999.00 183.65 9.15 0.00
0.00 20151.24
46.90 -61.46 -9999.00 -9999.00 -9999.00 113.96 1.90 0.00
0.00 21057.13
40.10 -61.46 -9999.00 -9999.00 -9999.00 225.00 0.82 0.00
0.00 22027.76
33.80 -60.36 -9999.00 -9999.00 -9999.00 1.97 5.63 0.00
0.00 23089.58
27.80 -60.56 -9999.00 -9999.00 -9999.00 44.06 8.37 0.00
0.00 24306.24
22.30 -58.96 -9999.00 -9999.00 -9999.00 37.69 5.40 0.00
0.00 25683.22
17.10 -54.16 -9999.00 -9999.00 -9999.00 293.96 7.65 0.00
0.00 27366.51
12.30 -49.26 -9999.00 -9999.00 -9999.00 265.88 21.62 0.00
0.00 29502.15

STID = KMEM STNM = 723340 TIME = 221026/1500 
SLAT = 35.05 SLON = -90.00 SELV = 82.0
STIM = 3

SHOW = 17.42 LIFT = 20.69 SWET = 101.49 KINX = -12.10
LCLP = 936.40 PWAT = 11.57 TOTL = 17.97 CAPE = 0.00
LCLT = 277.08 CINS = 0.00 EQLV = -9999.00 LFCT = -9999.00
BRCH = 0.00

PRES TMPC TMWC DWPC THTE DRCT SKNT OMEG
CFRL HGHT
1008.20 9.84 7.43 4.99 297.63 345.58 7.01 0.00
0.00 91.06
1005.20 9.44 7.08 4.63 297.14 346.26 8.99 0.00
0.00 115.81
999.70 8.84 6.68 4.42 296.84 346.76 10.18 0.00
0.00 161.29
990.10 8.04 6.18 4.20 296.73 347.69 10.94 0.00
0.00 241.08
976.10 6.94 5.52 3.97 296.75 348.50 11.69 0.10
0.00 358.44
958.00 5.74 4.89 3.95 297.31 355.82 15.97 0.10
0.00 512.05
936.30 5.24 4.57 3.81 298.93 360.00 20.98 0.10
36.00 699.53
912.70 7.64 4.15 0.06 300.56 0.78 28.36 0.10
8.00 909.07
887.10 10.04 3.42 -5.71 301.67 359.31 32.44 0.10
0.00 1144.40
858.50 10.14 2.17 -10.74 302.12 354.94 30.81 0.20
0.00 1416.49
826.80 10.24 1.40 -14.33 304.18 348.69 31.70 0.20
0.00 1728.86
792.20 9.24 0.28 -16.90 306.10 340.42 30.71 0.20
0.00 2083.15
754.50 7.04 -1.04 -16.25 308.41 330.87 27.14 0.30
0.00 2484.95
713.80 4.44 -2.63 -15.87 310.85 313.24 22.40 0.30
0.00 2938.05
670.00 1.84 -4.79 -18.52 312.83 287.14 21.76 0.30
0.00 3450.63
623.30 -0.96 -7.23 -22.09 315.20 279.09 24.59 0.20
0.00 4029.66
574.10 -3.16 -9.67 -29.34 318.54 264.67 29.27 0.10
0.00 4682.45
526.50 -6.76 -12.60 -33.55 321.60 260.23 35.47 0.10
0.00 5362.12
483.70 -11.66 -16.03 -32.27 323.78 258.27 42.06 0.00
0.00 6017.36
445.40 -17.06 -20.36 -35.97 324.19 255.51 47.36 -0.10
0.00 6642.43
411.00 -22.26 -24.62 -38.38 324.77 256.47 53.15 -0.10
0.00 7238.98
379.90 -27.26 -28.81 -39.43 325.50 260.41 55.94 0.00
0.00 7811.19
352.00 -31.86 -32.94 -42.43 326.19 263.02 57.54 0.10
0.00 8355.16
326.80 -35.66 -36.63 -49.39 327.44 261.43 57.36 0.10
0.00 8875.74
304.30 -38.96 -39.80 -55.25 329.30 259.33 57.71 0.10
0.00 9368.22
284.00 -42.16 -42.85 -60.29 331.15 258.54 57.67 0.10
0.00 9838.28
265.70 -45.06 -45.61 -63.01 333.23 256.92 56.64 0.10
0.00 10285.81
248.80 -47.26 -47.72 -63.51 336.27 253.60 57.11 0.10
0.00 10722.47
233.60 -48.36 -48.81 -66.97 340.67 255.79 61.71 0.10
0.00 11138.29
219.60 -49.56 -50.00 -72.27 344.84 259.59 63.40 0.10
0.00 11543.86
205.60 -51.16 -51.55 -72.72 348.88 259.98 62.53 0.00
0.00 11973.46
191.70 -53.56 -53.88 -73.19 352.08 259.96 60.16 0.00
0.00 12425.87
177.70 -56.26 -56.50 -73.70 355.37 258.21 54.18 0.00
0.00 12910.32
163.80 -58.86 -9999.00 -9999.00 -9999.00 252.93 48.97 0.00
0.00 13424.32
149.80 -61.46 -9999.00 -9999.00 -9999.00 246.27 49.22 0.00
0.00 13981.35
135.90 -63.76 -9999.00 -9999.00 -9999.00 244.96 52.31 0.00
0.00 14581.49
121.90 -65.96 -9999.00 -9999.00 -9999.00 245.78 48.78 0.00
0.00 15244.34
108.00 -67.76 -9999.00 -9999.00 -9999.00 244.08 38.66 0.00
0.00 15975.41
94.00 -68.46 -9999.00 -9999.00 -9999.00 235.58 33.68 0.00
0.00 16808.68
81.00 -66.36 -9999.00 -9999.00 -9999.00 237.56 32.23 0.00
0.00 17705.07
70.60 -63.26 -9999.00 -9999.00 -9999.00 237.04 21.08 0.00
0.00 18543.11
62.20 -62.26 -9999.00 -9999.00 -9999.00 199.60 15.05 0.00
0.00 19323.22
54.30 -62.56 -9999.00 -9999.00 -9999.00 177.21 7.96 0.00
0.00 20161.12
46.90 -62.06 -9999.00 -9999.00 -9999.00 102.26 4.56 0.00
0.00 21065.29
40.10 -62.16 -9999.00 -9999.00 -9999.00 118.61 2.43 0.00
0.00 22032.94
33.80 -61.16 -9999.00 -9999.00 -9999.00 53.84 6.25 0.00
0.00 23091.01
27.80 -61.46 -9999.00 -9999.00 -9999.00 85.71 7.79 0.00
0.00 24302.81
22.30 -58.36 -9999.00 -9999.00 -9999.00 120.26 2.70 0.00
0.00 25678.82
17.10 -52.96 -9999.00 -9999.00 -9999.00 285.59 8.66 0.00
0.00 27369.10
12.30 -49.06 -9999.00 -9999.00 -9999.00 279.82 20.49 0.00
0.00 29511.49

STID = KMEM STNM = 723340 TIME = 221026/1600 
SLAT = 35.05 SLON = -90.00 SELV = 82.0
STIM = 4

SHOW = 15.82 LIFT = 19.74 SWET = 98.90 KINX = -8.98
LCLP = 929.50 PWAT = 12.14 TOTL = 22.40 CAPE = 0.00
LCLT = 277.64 CINS = 0.00 EQLV = -9999.00 LFCT = -9999.00
BRCH = 0.00

PRES TMPC TMWC DWPC THTE DRCT SKNT OMEG
CFRL HGHT
1007.30 10.94 8.25 5.65 299.59 357.14 7.77 0.00
0.00 91.93
1004.30 10.44 7.84 5.28 298.96 356.63 9.93 0.00
0.00 116.80
998.80 9.84 7.44 5.04 298.63 356.99 11.09 0.00
0.00 162.49
989.20 9.04 6.94 4.80 298.50 358.12 11.85 0.00
0.00 242.65
975.20 7.84 6.22 4.52 298.36 358.24 12.63 0.00
0.00 360.52
957.10 6.34 5.29 4.15 298.25 360.00 13.60 0.00
0.00 514.71
935.50 5.24 4.38 3.42 298.62 4.04 19.27 0.10
24.00 701.69
911.90 7.64 4.91 1.95 302.36 4.48 29.82 0.20
11.00 911.44
886.30 10.34 4.59 -2.29 304.46 1.01 33.02 0.30
1.00 1147.20
857.70 10.34 3.25 -6.48 304.72 357.12 30.92 0.40
0.00 1419.92
826.10 10.14 1.88 -11.35 305.42 352.02 30.79 0.40
0.00 1731.76
791.50 8.94 0.12 -16.82 305.88 343.04 28.63 0.50
0.00 2086.15
753.90 6.94 -1.32 -17.77 307.84 332.83 24.67 0.50
0.00 2486.91
713.20 4.64 -2.74 -17.18 310.64 311.78 19.54 0.50
0.00 2940.42
669.60 1.94 -4.78 -18.80 312.90 285.21 20.73 0.40
0.00 3451.28
622.90 -0.86 -7.20 -22.32 315.31 274.69 23.78 0.30
0.00 4030.86
573.80 -3.36 -9.82 -29.53 318.32 259.73 29.41 0.20
0.00 4682.58
526.20 -6.86 -12.68 -33.80 321.50 255.41 33.92 0.20
0.00 5362.24
483.50 -11.86 -16.39 -35.15 323.11 251.57 39.32 0.20
0.00 6015.87
445.20 -17.16 -20.55 -37.59 323.89 253.86 46.11 0.20
0.00 6640.81
410.90 -22.16 -24.60 -39.28 324.81 253.40 51.69 0.20
0.00 7235.81
379.80 -27.16 -28.83 -41.01 325.47 255.20 53.24 0.20
0.00 7808.39
351.90 -31.86 -32.96 -42.80 326.18 257.65 54.49 0.20
0.00 8352.61
326.80 -35.76 -36.70 -48.74 327.34 257.32 55.75 0.20
0.00 8871.09
304.20 -39.16 -39.98 -55.25 329.05 257.43 55.32 0.10
0.00 9365.52
284.00 -42.26 -42.94 -60.29 331.00 257.58 55.09 0.10
0.00 9833.04
265.70 -45.06 -45.61 -63.01 333.23 254.44 55.05 0.10
0.00 10280.48
248.80 -47.16 -47.62 -63.51 336.42 252.00 56.59 0.00
0.00 10717.24
233.60 -47.96 -48.43 -66.97 341.28 255.23 58.66 0.00
0.00 11133.51
219.60 -49.46 -49.91 -72.27 345.00 258.39 58.90 0.00
0.00 11539.54
205.60 -51.36 -51.74 -72.72 348.56 258.51 59.46 0.00
0.00 11969.04
191.70 -53.86 -54.16 -73.19 351.60 258.80 58.02 -0.10
0.00 12420.93
177.70 -56.66 -56.89 -73.70 354.71 256.68 53.11 -0.10
0.00 12904.61
163.80 -59.36 -9999.00 -9999.00 -9999.00 252.00 48.41 -0.10
0.00 13417.54
149.80 -62.06 -9999.00 -9999.00 -9999.00 247.94 47.57 -0.10
0.00 13973.12
135.90 -64.36 -9999.00 -9999.00 -9999.00 247.83 49.92 -0.10
0.00 14571.56
121.90 -66.46 -9999.00 -9999.00 -9999.00 247.77 48.27 -0.10
0.00 15232.66
108.00 -68.26 -9999.00 -9999.00 -9999.00 245.58 39.47 0.00
0.00 15961.95
94.00 -68.76 -9999.00 -9999.00 -9999.00 240.59 33.22 0.00
0.00 16793.60
81.00 -66.46 -9999.00 -9999.00 -9999.00 242.95 30.75 0.00
0.00 17689.12
70.60 -63.56 -9999.00 -9999.00 -9999.00 247.47 19.77 0.00
0.00 18526.35
62.20 -62.86 -9999.00 -9999.00 -9999.00 198.43 13.52 0.00
0.00 19304.80
54.30 -63.36 -9999.00 -9999.00 -9999.00 174.17 9.58 0.00
0.00 20139.91
46.90 -62.56 -9999.00 -9999.00 -9999.00 123.34 8.84 0.00
0.00 21041.30
40.10 -62.36 -9999.00 -9999.00 -9999.00 123.23 6.74 0.00
0.00 22007.34
33.80 -60.96 -9999.00 -9999.00 -9999.00 92.86 7.77 0.00
0.00 23065.41
27.80 -59.96 -9999.00 -9999.00 -9999.00 145.30 6.14 0.00
0.00 24282.07
22.30 -55.96 -9999.00 -9999.00 -9999.00 216.47 5.56 0.00
0.00 25670.66
17.10 -52.66 -9999.00 -9999.00 -9999.00 298.50 7.73 0.00
0.00 27371.44
12.30 -49.76 -9999.00 -9999.00 -9999.00 287.49 14.86 0.00
0.00 29511.90

STID = KMEM STNM = 723340 TIME = 221026/1700 
SLAT = 35.05 SLON = -90.00 SELV = 82.0
STIM = 5

SHOW = 15.41 LIFT = 18.97 SWET = 93.97 KINX = -8.89
LCLP = 918.32 PWAT = 12.15 TOTL = 23.34 CAPE = 0.00
LCLT = 277.96 CINS = 0.00 EQLV = -9999.00 LFCT = -9999.00
BRCH = 0.00

PRES TMPC TMWC DWPC THTE DRCT SKNT OMEG
CFRL HGHT
1007.10 12.24 9.08 6.15 301.55 1.47 7.58 0.00
0.00 91.98
1004.10 11.64 8.61 5.73 300.75 2.29 9.71 0.00
0.00 116.97
998.60 11.14 8.26 5.48 300.51 2.08 10.68 0.00
0.00 162.87
989.00 10.24 7.70 5.21 300.24 2.91 11.48 -0.10
0.00 243.41
975.00 9.04 6.98 4.91 300.08 3.63 12.26 -0.10
0.00 361.82
956.90 7.44 6.04 4.59 299.92 4.33 12.86 -0.10
0.00 516.69
935.30 5.84 4.89 3.85 299.73 4.97 13.46 0.00
18.00 704.29
911.70 7.04 4.22 1.02 300.86 7.49 26.85 0.10
9.00 914.08
886.10 10.14 4.87 -1.19 305.14 4.73 30.59 0.10
2.00 1149.56
857.50 10.44 3.67 -5.12 305.73 359.22 28.55 0.20
0.00 1422.35
825.90 10.24 1.69 -12.62 304.98 353.62 27.95 0.30
0.00 1734.38
791.30 8.94 -0.04 -17.97 305.53 341.83 26.17 0.30
0.00 2088.88
753.70 7.14 -1.33 -18.55 307.83 330.99 22.44 0.30
0.00 2489.87
713.10 4.74 -2.85 -18.24 310.39 307.76 17.44 0.20
0.00 2942.57
669.50 1.94 -4.78 -18.80 312.92 281.31 19.81 0.20
0.00 3453.58
622.80 -0.86 -7.20 -22.32 315.32 266.61 22.96 0.10
0.00 4033.25
573.70 -3.86 -10.05 -28.65 317.91 254.21 29.27 0.00
0.00 4684.49
526.20 -6.96 -12.80 -34.55 321.27 252.87 34.97 0.00
0.00 5362.02
483.40 -11.86 -16.53 -37.38 322.84 253.66 38.66 0.10
0.00 6017.11
445.20 -16.86 -20.31 -37.31 324.31 251.49 46.50 0.10
0.00 6640.83
410.90 -22.06 -24.54 -39.59 324.91 249.03 49.92 0.10
0.00 7236.30
379.80 -27.06 -28.79 -41.71 325.53 249.96 50.45 0.20
0.00 7809.10
351.90 -31.76 -32.92 -43.58 326.24 251.70 51.96 0.20
0.00 8353.54
326.80 -35.76 -36.68 -48.13 327.38 252.15 54.49 0.20
0.00 8872.13
304.20 -39.16 -39.98 -55.25 329.05 254.85 53.54 0.20
0.00 9366.56
284.00 -42.26 -42.94 -60.29 331.00 255.55 52.16 0.10
0.00 9834.08
265.70 -44.96 -45.52 -63.01 333.38 252.42 53.38 0.00
0.00 10281.61
248.80 -46.96 -47.46 -66.51 336.67 251.95 54.55 0.00
0.00 10718.66
233.60 -47.96 -48.43 -66.97 341.28 254.74 55.36 -0.10
0.00 11135.12
219.60 -49.86 -50.26 -67.41 344.43 256.30 55.79 -0.10
0.00 11540.78
205.60 -51.86 -52.22 -72.72 347.78 255.44 56.39 -0.10
0.00 11969.42
191.70 -54.26 -54.55 -73.19 350.96 255.52 55.17 -0.10
0.00 12420.39
177.70 -57.06 -57.28 -73.70 354.06 253.28 51.32 -0.10
0.00 12903.18
163.80 -59.66 -9999.00 -9999.00 -9999.00 248.71 48.15 -0.10
0.00 13415.28
149.80 -62.36 -9999.00 -9999.00 -9999.00 246.92 48.56 -0.10
0.00 13970.08
135.90 -64.96 -9999.00 -9999.00 -9999.00 247.99 49.24 -0.10
0.00 14567.23
121.90 -67.06 -9999.00 -9999.00 -9999.00 246.86 46.46 0.00
0.00 15226.42
108.00 -68.46 -9999.00 -9999.00 -9999.00 243.69 39.01 0.00
0.00 15954.30
94.00 -68.46 -9999.00 -9999.00 -9999.00 239.74 32.38 0.00
0.00 16786.14
81.00 -66.46 -9999.00 -9999.00 -9999.00 242.70 27.10 0.00
0.00 17682.32
70.60 -63.96 -9999.00 -9999.00 -9999.00 249.36 15.99 0.00
0.00 18518.75
62.20 -63.36 -9999.00 -9999.00 -9999.00 188.75 12.78 0.00
0.00 19295.53
54.30 -63.66 -9999.00 -9999.00 -9999.00 176.82 10.51 0.00
0.00 20129.05
46.90 -62.36 -9999.00 -9999.00 -9999.00 140.91 12.00 0.00
0.00 21030.22
40.10 -61.86 -9999.00 -9999.00 -9999.00 138.81 8.26 0.00
0.00 21997.87
33.80 -60.36 -9999.00 -9999.00 -9999.00 121.50 7.07 0.00
0.00 23058.69
27.80 -59.26 -9999.00 -9999.00 -9999.00 190.95 6.14 0.00
0.00 24279.07
22.30 -56.36 -9999.00 -9999.00 -9999.00 267.06 7.60 0.00
0.00 25668.63
17.10 -55.26 -9999.00 -9999.00 -9999.00 311.82 9.91 0.00
0.00 27357.75
12.30 -51.26 -9999.00 -9999.00 -9999.00 277.03 14.30 0.00
0.00 29478.44

STID = KMEM STNM = 723340 TIME = 221026/1800 
SLAT = 35.05 SLON = -90.00 SELV = 82.0
STIM = 6

SHOW = 16.81 LIFT = 18.19 SWET = 93.74 KINX = -12.81
LCLP = 905.62 PWAT = 11.64 TOTL = 19.70 CAPE = 0.00
LCLT = 278.06 CINS = 0.00 EQLV = -9999.00 LFCT = -9999.00
BRCH = 0.00

PRES TMPC TMWC DWPC THTE DRCT SKNT OMEG
CFRL HGHT
1006.70 13.44 9.75 6.44 303.20 3.18 7.01 0.00
0.00 92.03
1003.70 12.84 9.28 6.00 302.38 3.90 8.57 0.00
0.00 117.13
998.20 12.34 8.94 5.77 302.15 3.58 9.34 0.00
0.00 163.25
988.70 11.44 8.39 5.51 301.89 4.48 9.95 -0.10
0.00 243.32
974.60 10.24 7.68 5.21 301.74 5.29 10.53 -0.10
0.00 363.14
956.60 8.64 6.74 4.86 301.55 6.01 11.13 -0.10
0.00 517.87
935.00 7.14 5.45 3.68 301.00 6.65 11.73 0.00
5.00 706.38
911.40 6.74 4.00 0.86 300.42 9.22 23.02 0.00
9.00 916.60
885.80 9.74 3.81 -3.81 302.74 8.35 28.07 0.10
2.00 1151.82
857.20 10.34 2.71 -8.68 303.51 4.00 27.84 0.10
0.00 1424.33
825.70 9.84 0.97 -15.69 303.37 356.56 25.87 0.20
0.00 1735.09
791.10 8.74 0.01 -16.83 305.70 340.69 24.09 0.20
0.00 2089.28
753.50 7.14 -1.34 -18.65 307.82 328.50 21.19 0.20
0.00 2490.24
712.90 4.64 -3.01 -18.90 310.08 304.99 16.59 0.10
0.00 2942.97
669.30 1.64 -4.95 -18.80 312.60 279.37 19.09 0.10
0.00 3453.75
622.70 -1.16 -7.35 -22.10 315.06 260.05 22.47 0.00
0.00 4031.68
573.60 -4.36 -10.35 -28.48 317.37 252.78 28.88 0.00
0.00 4682.07
526.10 -7.16 -12.97 -35.36 320.94 252.92 36.38 0.00
0.00 5358.84
483.40 -11.66 -16.33 -36.21 323.23 251.39 40.79 0.00
0.00 6012.46
445.10 -16.96 -20.38 -37.31 324.20 248.15 45.42 -0.10
0.00 6638.01
410.80 -21.96 -24.53 -40.61 324.95 244.58 47.96 -0.10
0.00 7233.62
379.80 -26.86 -28.69 -42.87 325.68 244.36 48.48 -0.10
0.00 7804.98
351.90 -31.66 -32.90 -44.87 326.26 245.05 49.28 0.00
0.00 8349.74
326.80 -35.76 -36.70 -48.74 327.34 246.52 51.67 0.00
0.00 8868.43
304.20 -39.16 -39.98 -55.25 329.05 251.09 51.53 0.00
0.00 9362.87
284.00 -42.36 -43.04 -60.29 330.86 253.41 49.65 0.00
0.00 9830.28
265.70 -44.96 -45.52 -63.01 333.38 252.38 51.98 0.00
0.00 10277.72
248.80 -46.76 -47.25 -63.51 337.01 254.25 53.69 0.00
0.00 10714.96
233.60 -48.66 -49.10 -66.97 340.22 256.36 55.17 0.00
0.00 11130.96
219.60 -50.46 -50.83 -67.41 343.50 253.84 55.83 -0.10
0.00 11535.45
205.60 -52.36 -52.70 -72.72 346.99 251.32 56.39 -0.10
0.00 11963.02
191.70 -54.66 -54.94 -73.19 350.32 252.15 54.49 -0.10
0.00 12413.07
177.70 -57.16 -57.38 -73.70 353.89 250.33 51.36 -0.10
0.00 12895.30
163.80 -59.86 -9999.00 -9999.00 -9999.00 246.10 50.35 -0.10
0.00 13407.04
149.80 -62.66 -9999.00 -9999.00 -9999.00 245.75 51.55 0.00
0.00 13961.19
135.90 -65.26 -9999.00 -9999.00 -9999.00 247.18 50.58 0.00
0.00 14557.49
121.90 -67.26 -9999.00 -9999.00 -9999.00 245.17 45.80 0.00
0.00 15215.88
108.00 -68.26 -9999.00 -9999.00 -9999.00 241.03 39.30 0.10
0.00 15943.76
94.00 -67.86 -9999.00 -9999.00 -9999.00 237.63 32.65 0.00
0.00 16777.23
81.00 -66.16 -9999.00 -9999.00 -9999.00 240.86 25.14 0.00
0.00 17675.37
70.60 -64.36 -9999.00 -9999.00 -9999.00 235.45 14.39 0.00
0.00 18511.59
62.20 -63.76 -9999.00 -9999.00 -9999.00 182.02 16.53 0.00
0.00 19286.89
54.30 -63.56 -9999.00 -9999.00 -9999.00 183.27 13.62 0.00
0.00 20119.81
46.90 -62.36 -9999.00 -9999.00 -9999.00 159.89 14.69 0.00
0.00 21021.20
40.10 -61.96 -9999.00 -9999.00 -9999.00 165.07 9.05 0.00
0.00 21988.62
33.80 -60.56 -9999.00 -9999.00 -9999.00 154.98 6.43 0.00
0.00 23048.69
27.80 -59.26 -9999.00 -9999.00 -9999.00 214.16 6.57 0.00
0.00 24268.50
22.30 -56.56 -9999.00 -9999.00 -9999.00 290.41 8.92 0.00
0.00 25657.41
17.10 -55.16 -9999.00 -9999.00 -9999.00 297.10 9.38 0.00
0.00 27346.14
12.30 -50.66 -9999.00 -9999.00 -9999.00 263.83 14.45 0.00
0.00 29470.21

STID = KMEM STNM = 723340 TIME = 221026/1900 
SLAT = 35.05 SLON = -90.00 SELV = 82.0
STIM = 7

SHOW = 19.82 LIFT = 17.39 SWET = 94.90 KINX = -26.93
LCLP = 884.72 PWAT = 10.56 TOTL = 5.45 CAPE = 0.00
LCLT = 277.43 CINS = 0.00 EQLV = -9999.00 LFCT = -9999.00
BRCH = 0.00

PRES TMPC TMWC DWPC THTE DRCT SKNT OMEG
CFRL HGHT
1007.10 14.74 10.20 6.15 304.23 3.09 7.21 0.00
0.00 92.07
1004.10 14.24 9.77 5.68 303.48 3.73 8.95 0.00
0.00 117.28
998.60 13.64 9.39 5.45 303.16 4.57 9.75 0.00
0.00 163.59
989.10 12.74 8.83 5.16 302.86 5.29 10.53 -0.10
0.00 243.99
975.00 11.54 8.10 4.80 302.67 6.01 11.13 -0.10
0.00 364.29
956.90 10.04 7.20 4.41 302.55 6.65 11.73 -0.10
0.00 520.56
935.40 8.34 5.74 3.01 301.59 7.02 12.72 0.00
0.00 708.97
911.80 6.94 4.27 1.27 300.97 8.31 17.46 0.10
10.00 919.61
886.10 9.34 1.85 -10.86 298.31 10.38 25.87 0.20
2.00 1155.49
857.60 10.14 0.24 -26.38 297.77 10.23 28.42 0.20
0.00 1426.39
826.00 9.44 0.25 -19.53 301.74 357.69 24.11 0.20
0.00 1737.47
791.40 8.54 -0.03 -16.37 305.61 338.65 22.94 0.20
0.00 2091.12
753.80 7.04 -1.26 -17.68 307.99 326.77 20.20 0.20
0.00 2491.73
713.20 4.44 -3.10 -18.80 309.85 303.50 15.83 0.10
0.00 2944.04
669.60 1.24 -5.17 -18.71 312.14 277.87 18.43 0.00
0.00 3454.04
622.90 -1.56 -7.50 -21.46 314.76 258.79 22.98 0.00
0.00 4032.16
573.80 -4.56 -10.49 -28.65 317.07 254.92 28.36 0.00
0.00 4681.62
526.20 -7.46 -13.14 -34.81 320.63 252.90 36.99 0.10
0.00 5359.00
483.50 -11.86 -16.38 -34.90 323.15 248.59 42.56 0.00
0.00 6011.88
445.20 -17.16 -20.53 -37.31 323.93 246.09 43.14 -0.10
0.00 6636.82
410.90 -22.06 -24.62 -40.97 324.76 241.14 45.47 -0.20
0.00 7231.94
379.80 -26.86 -28.73 -43.71 325.61 240.31 46.29 -0.20
0.00 7804.96
351.90 -31.56 -32.88 -46.35 326.28 240.67 46.79 -0.10
0.00 8349.82
326.80 -35.76 -36.72 -49.39 327.30 242.31 48.48 -0.10
0.00 8868.61
304.20 -39.36 -40.14 -54.15 328.81 248.80 48.33 -0.10
0.00 9362.84
284.00 -42.56 -43.22 -60.29 330.57 251.57 46.68 0.00
0.00 9829.85
265.70 -44.96 -45.50 -60.81 333.42 253.54 50.04 0.00
0.00 10277.10
248.80 -46.86 -47.34 -63.51 336.87 254.32 52.47 0.00
0.00 10714.24
233.60 -48.86 -49.29 -66.97 339.91 254.80 53.34 0.00
0.00 11129.96
219.60 -50.26 -50.67 -72.27 343.76 252.08 54.91 0.00
0.00 11534.45
205.60 -52.56 -52.89 -72.72 346.68 252.20 55.28 0.00
0.00 11962.03
191.70 -54.96 -55.22 -73.19 349.83 253.28 53.34 0.00
0.00 12411.56
177.70 -57.36 -57.57 -73.70 353.56 250.38 50.31 0.00
0.00 12893.24
163.80 -59.96 -9999.00 -9999.00 -9999.00 245.56 51.63 0.00
0.00 13404.62
149.80 -62.66 -9999.00 -9999.00 -9999.00 244.46 53.17 0.00
0.00 13958.64
135.90 -65.16 -9999.00 -9999.00 -9999.00 246.15 51.40 0.00
0.00 14555.08
121.90 -66.86 -9999.00 -9999.00 -9999.00 243.65 45.96 0.00
0.00 15214.27
108.00 -67.66 -9999.00 -9999.00 -9999.00 239.80 39.78 0.00
0.00 15943.92
94.00 -67.16 -9999.00 -9999.00 -9999.00 237.96 33.68 0.00
0.00 16780.03
81.00 -65.36 -9999.00 -9999.00 -9999.00 241.03 24.86 0.00
0.00 17681.43
70.60 -64.06 -9999.00 -9999.00 -9999.00 219.90 15.44 0.00
0.00 18519.87
62.20 -63.56 -9999.00 -9999.00 -9999.00 187.19 20.16 0.00
0.00 19296.09
54.30 -62.26 -9999.00 -9999.00 -9999.00 192.53 14.34 0.00
0.00 20132.00
46.90 -61.16 -9999.00 -9999.00 -9999.00 174.12 13.29 0.00
0.00 21038.75
40.10 -61.36 -9999.00 -9999.00 -9999.00 192.88 6.97 0.00
0.00 22010.29
33.80 -60.66 -9999.00 -9999.00 -9999.00 185.19 4.29 0.00
0.00 23071.61
27.80 -59.06 -9999.00 -9999.00 -9999.00 229.84 8.14 0.00
0.00 24291.71
22.30 -56.76 -9999.00 -9999.00 -9999.00 279.09 9.83 0.00
0.00 25680.62
17.10 -54.36 -9999.00 -9999.00 -9999.00 266.19 8.76 0.00
0.00 27371.69
12.30 -49.56 -9999.00 -9999.00 -9999.00 257.91 11.13 0.00
0.00 29504.91

STID = KMEM STNM = 723340 TIME = 221026/2000 
SLAT = 35.05 SLON = -90.00 SELV = 82.0
STIM = 8

SHOW = 19.19 LIFT = 16.81 SWET = 93.68 KINX = -21.08
LCLP = 859.96 PWAT = 10.69 TOTL = 10.38 CAPE = 0.00
LCLT = 276.13 CINS = 0.00 EQLV = -9999.00 LFCT = -9999.00
BRCH = 0.00

PRES TMPC TMWC DWPC THTE DRCT SKNT OMEG
CFRL HGHT
1006.00 15.64 10.20 5.23 304.30 9.46 7.09 0.00
0.00 92.11
1003.00 15.14 9.78 4.76 303.58 9.87 9.07 0.00
0.00 117.42
997.50 14.54 9.39 4.50 303.23 10.20 9.87 0.00
0.00 163.92
988.00 13.74 8.89 4.22 303.07 10.49 10.66 0.00
0.00 244.65
973.90 12.44 8.13 3.91 302.82 9.78 11.44 -0.10
0.00 365.47
955.90 10.94 7.26 3.57 302.76 10.22 12.04 -0.10
0.00 521.50
934.30 9.04 6.12 3.11 302.57 9.90 12.43 0.00
0.00 711.52
910.80 7.74 4.52 0.89 301.60 9.32 13.19 0.00
6.00 922.07
885.20 8.64 1.44 -11.01 297.59 12.19 24.84 0.10
1.00 1157.31
856.70 9.54 0.40 -20.35 298.40 13.17 28.13 0.20
0.00 1427.90
825.20 9.14 0.26 -18.10 301.90 359.53 23.50 0.20
0.00 1737.86
790.70 8.24 -0.20 -16.38 305.36 338.48 21.72 0.20
0.00 2090.45
753.10 6.84 -1.20 -16.53 308.26 327.12 18.96 0.20
0.00 2491.08
712.60 4.04 -3.18 -17.80 309.82 303.25 14.16 0.10
0.00 2942.23
669.00 0.74 -5.40 -18.36 311.77 275.91 17.00 0.10
0.00 3451.86
622.40 -2.06 -7.69 -20.67 314.51 259.15 23.74 0.10
0.00 4028.20
573.40 -4.76 -10.57 -28.16 317.00 256.74 27.93 0.10
0.00 4676.00
525.90 -7.66 -13.09 -32.22 320.83 252.70 37.24 0.20
0.00 5351.91
483.20 -12.26 -16.58 -33.96 322.85 245.85 41.30 0.20
0.00 6004.47
445.00 -17.36 -20.69 -37.60 323.68 241.02 41.30 0.10
0.00 6627.39
410.70 -22.16 -24.70 -40.97 324.67 237.16 43.71 0.10
0.00 7222.44
379.70 -26.96 -28.83 -44.17 325.46 236.66 44.17 0.00
0.00 7793.59
351.80 -31.46 -32.82 -46.89 326.40 237.62 44.62 0.00
0.00 8338.60
326.80 -35.66 -36.68 -50.84 327.36 240.85 46.27 0.00
0.00 8855.61
304.20 -39.36 -40.16 -55.25 328.77 247.19 45.10 0.00
0.00 9349.94
283.90 -42.46 -43.13 -60.29 330.75 248.84 45.20 0.00
0.00 9819.44
265.70 -44.96 -45.50 -60.81 333.42 251.85 48.66 0.00
0.00 10264.42
248.80 -47.06 -47.53 -63.51 336.57 251.43 50.62 0.00
0.00 10701.37
233.60 -48.66 -49.10 -66.97 340.22 251.43 51.22 0.00
0.00 11117.09
219.60 -50.16 -50.57 -72.27 343.92 252.38 51.98 0.00
0.00 11521.85
205.60 -52.56 -52.89 -72.72 346.68 254.11 51.09 0.00
0.00 11949.52
191.70 -54.96 -55.22 -73.19 349.83 254.73 50.14 0.00
0.00 12399.06
177.70 -57.36 -57.57 -73.70 353.56 252.36 48.72 0.00
0.00 12880.74
163.80 -59.96 -9999.00 -9999.00 -9999.00 246.60 50.37 0.00
0.00 13392.12
149.80 -62.66 -9999.00 -9999.00 -9999.00 244.57 52.49 0.00
0.00 13946.13
135.90 -65.26 -9999.00 -9999.00 -9999.00 245.88 50.87 0.10
0.00 14542.43
121.90 -66.86 -9999.00 -9999.00 -9999.00 243.97 46.48 0.10
0.00 15201.46
108.00 -67.56 -9999.00 -9999.00 -9999.00 238.75 40.44 0.00
0.00 15931.29
94.00 -67.36 -9999.00 -9999.00 -9999.00 238.59 33.92 0.00
0.00 16767.20
81.00 -65.76 -9999.00 -9999.00 -9999.00 240.95 23.99 0.00
0.00 17667.29
70.60 -64.76 -9999.00 -9999.00 -9999.00 212.94 16.43 0.00
0.00 18503.52
62.20 -64.46 -9999.00 -9999.00 -9999.00 191.62 21.21 0.00
0.00 19276.78
54.30 -62.06 -9999.00 -9999.00 -9999.00 198.43 12.90 0.00
0.00 20111.29
46.90 -61.16 -9999.00 -9999.00 -9999.00 171.33 11.60 0.00
0.00 21018.47
40.10 -61.56 -9999.00 -9999.00 -9999.00 199.18 4.74 0.00
0.00 21989.55
33.80 -60.86 -9999.00 -9999.00 -9999.00 201.25 3.75 0.00
0.00 23049.87
27.80 -59.26 -9999.00 -9999.00 -9999.00 246.50 9.75 0.00
0.00 24268.83
22.30 -58.16 -9999.00 -9999.00 -9999.00 294.06 11.91 0.00
0.00 25652.58
17.10 -54.96 -9999.00 -9999.00 -9999.00 268.73 8.74 0.00
0.00 27335.87
12.30 -49.26 -9999.00 -9999.00 -9999.00 256.68 7.60 0.00
0.00 29467.65

STID = KMEM STNM = 723340 TIME = 221026/2100 
SLAT = 35.05 SLON = -90.00 SELV = 82.0
STIM = 9

SHOW = 19.05 LIFT = 16.57 SWET = 90.93 KINX = -19.11
LCLP = 845.16 PWAT = 10.78 TOTL = 11.38 CAPE = 0.00
LCLT = 275.31 CINS = 0.00 EQLV = -9999.00 LFCT = -9999.00
BRCH = 0.00

PRES TMPC TMWC DWPC THTE DRCT SKNT OMEG
CFRL HGHT
1006.30 16.24 10.23 4.65 304.30 12.34 6.37 0.00
0.00 91.28
1003.30 15.74 9.82 4.20 303.61 12.68 7.96 0.00
0.00 116.63
997.80 15.24 9.48 3.95 303.39 13.74 8.99 0.00
0.00 163.22
988.30 14.44 9.00 3.70 303.26 12.91 9.56 -0.10
0.00 244.11
974.30 13.24 8.29 3.39 303.12 13.24 10.18 -0.10
0.00 364.33
956.20 11.64 7.36 3.04 302.96 12.53 10.74 -0.10
0.00 521.57
934.60 9.84 6.30 2.64 302.94 12.85 11.36 -0.10
0.00 712.01
911.10 8.44 4.48 -0.10 301.46 12.03 12.12 -0.10
2.00 923.02
885.50 8.24 1.78 -8.43 298.37 13.80 22.80 0.00
0.00 1158.31
857.00 9.34 0.42 -19.22 298.43 15.83 27.06 0.10
0.00 1428.56
825.40 9.04 0.23 -17.88 301.84 2.31 24.11 0.10
0.00 1739.26
790.90 8.14 -0.24 -16.29 305.26 339.26 21.39 0.10
0.00 2091.64
753.30 6.74 -1.13 -15.78 308.41 327.15 18.26 0.20
0.00 2492.04
712.70 3.94 -3.04 -16.60 310.14 303.23 13.46 0.20
0.00 2944.08
669.20 0.54 -5.46 -18.02 311.64 273.33 16.72 0.20
0.00 3452.19
622.60 -2.26 -7.78 -20.48 314.31 259.32 24.11 0.20
0.00 4027.93
573.50 -4.76 -10.54 -27.83 317.05 260.41 29.16 0.10
0.00 4676.66
526.00 -7.76 -12.98 -30.09 321.08 253.53 37.68 0.10
0.00 5352.34
483.30 -12.36 -16.65 -33.96 322.71 243.69 39.01 0.10
0.00 6004.55
445.10 -17.36 -20.69 -37.59 323.66 238.32 39.94 0.10
0.00 6627.22
410.80 -22.26 -24.80 -41.34 324.48 236.53 41.22 0.00
0.00 7222.00
379.70 -26.86 -28.77 -44.64 325.56 236.68 41.38 0.00
0.00 7794.93
351.80 -31.36 -32.77 -48.09 326.46 239.22 42.50 0.00
0.00 8340.16
326.80 -35.36 -36.44 -51.66 327.74 243.22 45.26 0.00
0.00 8857.59
304.20 -39.06 -39.91 -56.52 329.15 246.80 44.39 0.00
0.00 9352.54
283.90 -42.26 -42.94 -60.29 331.04 250.89 46.87 0.00
0.00 9822.56
265.70 -44.66 -45.22 -60.81 333.86 251.85 48.66 0.00
0.00 10268.02
248.80 -46.96 -47.43 -63.51 336.72 251.28 49.03 0.00
0.00 10705.35
233.60 -48.36 -48.84 -71.85 340.62 250.87 50.37 0.00
0.00 11121.44
219.60 -50.16 -50.57 -72.27 343.92 253.22 51.13 0.00
0.00 11526.47
205.60 -52.46 -52.80 -72.72 346.84 255.21 50.23 0.00
0.00 11954.24
191.70 -54.96 -55.22 -73.19 349.83 255.91 48.66 0.00
0.00 12403.88
177.70 -57.46 -57.67 -73.70 353.40 254.25 47.22 0.00
0.00 12885.45
163.80 -60.16 -9999.00 -9999.00 -9999.00 247.98 48.19 0.00
0.00 13396.47
149.80 -62.66 -9999.00 -9999.00 -9999.00 245.29 51.11 0.00
0.00 13950.22
135.90 -65.06 -9999.00 -9999.00 -9999.00 245.43 49.98 0.10
0.00 14546.81
121.90 -66.36 -9999.00 -9999.00 -9999.00 243.11 46.39 0.10
0.00 15206.95
108.00 -66.86 -9999.00 -9999.00 -9999.00 237.26 42.04 0.00
0.00 15938.90
94.00 -67.06 -9999.00 -9999.00 -9999.00 238.71 34.77 0.00
0.00 16776.84
81.00 -65.76 -9999.00 -9999.00 -9999.00 241.54 23.64 0.00
0.00 17677.59
70.60 -65.16 -9999.00 -9999.00 -9999.00 208.76 18.16 0.00
0.00 18513.02
62.20 -64.86 -9999.00 -9999.00 -9999.00 199.06 22.61 0.00
0.00 19284.79
54.30 -62.66 -9999.00 -9999.00 -9999.00 209.74 12.53 0.00
0.00 20117.32
46.90 -62.26 -9999.00 -9999.00 -9999.00 171.87 10.99 0.00
0.00 21020.85
40.10 -62.36 -9999.00 -9999.00 -9999.00 193.39 4.20 0.00
0.00 21987.58
33.80 -60.96 -9999.00 -9999.00 -9999.00 210.26 2.70 0.00
0.00 23045.65
27.80 -59.26 -9999.00 -9999.00 -9999.00 276.58 10.16 0.00
0.00 24264.31
22.30 -58.46 -9999.00 -9999.00 -9999.00 312.66 13.48 0.00
0.00 25647.09
17.10 -54.86 -9999.00 -9999.00 -9999.00 260.34 9.27 0.00
0.00 27329.61
12.30 -49.26 -9999.00 -9999.00 -9999.00 230.53 12.84 0.00
0.00 29461.87

STID = KMEM STNM = 723340 TIME = 221026/2200 
SLAT = 35.05 SLON = -90.00 SELV = 82.0
STIM = 10

SHOW = 19.33 LIFT = 16.59 SWET = 87.25 KINX = -19.68
LCLP = 842.50 PWAT = 10.72 TOTL = 10.26 CAPE = 0.00
LCLT = 275.00 CINS = 0.00 EQLV = -9999.00 LFCT = -9999.00
BRCH = 0.00

PRES TMPC TMWC DWPC THTE DRCT SKNT OMEG
CFRL HGHT
1007.10 16.24 10.13 4.39 303.95 11.31 4.95 0.00
0.00 91.28
1004.10 16.04 9.82 3.87 303.52 13.63 6.60 0.00
0.00 116.62
998.60 15.54 9.46 3.54 303.23 13.32 7.60 0.00
0.00 163.21
989.00 14.74 8.96 3.26 303.08 13.39 8.39 -0.10
0.00 244.97
975.00 13.54 8.25 2.94 302.93 12.26 9.15 -0.10
0.00 365.22
956.90 12.04 7.37 2.59 302.88 11.53 9.71 -0.10
0.00 522.52
935.30 10.24 6.31 2.19 302.86 9.64 10.45 -0.10
0.00 713.07
911.80 8.54 4.49 -0.22 301.39 7.99 11.19 -0.10
0.00 924.09
886.20 8.04 1.75 -8.14 298.23 13.37 20.16 -0.10
0.00 1159.16
857.60 9.14 0.21 -20.08 297.94 18.57 25.62 0.00
0.00 1429.96
826.00 8.84 -0.08 -19.53 301.09 6.49 24.05 0.00
0.00 1740.20
791.50 7.94 -0.35 -16.37 304.94 342.24 21.02 0.10
0.00 2092.05
753.80 6.84 -1.00 -15.37 308.62 327.19 17.56 0.20
0.00 2493.16
713.20 4.04 -2.83 -15.73 310.53 302.54 13.36 0.20
0.00 2945.08
669.50 0.64 -5.36 -17.76 311.81 271.95 17.11 0.20
0.00 3455.43
622.90 -2.16 -7.71 -20.47 314.39 262.19 24.32 0.20
0.00 4031.13
573.80 -4.66 -10.31 -26.33 317.46 265.68 30.98 0.10
0.00 4679.79
526.20 -7.86 -12.99 -29.57 321.02 255.24 37.35 0.10
0.00 5356.62
483.40 -12.36 -16.69 -34.42 322.62 243.17 37.00 0.00
0.00 6010.04
445.20 -17.46 -20.75 -37.31 323.55 240.11 37.41 0.00
0.00 6632.45
410.90 -22.26 -24.80 -41.34 324.46 238.83 37.92 0.00
0.00 7226.98
379.80 -26.86 -28.79 -45.13 325.49 238.54 38.71 0.00
0.00 7799.76
351.90 -31.26 -32.69 -48.08 326.57 241.74 41.03 0.00
0.00 8344.95
326.80 -35.26 -36.37 -52.56 327.83 242.86 43.43 0.00
0.00 8864.60
304.20 -38.86 -39.76 -57.99 329.39 247.23 44.66 0.10
0.00 9359.86
284.00 -42.06 -42.74 -58.53 331.33 253.73 47.14 0.10
0.00 9827.87
265.70 -44.26 -44.84 -60.81 334.44 252.01 47.79 0.10
0.00 10276.29
248.80 -46.46 -46.96 -63.51 337.46 253.37 48.85 0.10
0.00 10714.49
233.60 -47.96 -48.46 -71.85 341.23 253.55 51.44 0.00
0.00 11131.41
219.60 -50.06 -50.48 -72.27 344.07 254.69 52.97 0.00
0.00 11536.89
205.60 -52.46 -52.80 -72.72 346.84 255.86 52.49 0.00
0.00 11964.76
191.70 -54.76 -55.03 -73.19 350.16 256.39 50.37 -0.10
0.00 12414.60
177.70 -57.46 -57.67 -73.70 353.40 254.38 47.61 -0.10
0.00 12896.39
163.80 -60.16 -9999.00 -9999.00 -9999.00 249.33 47.34 0.00
0.00 13407.41
149.80 -62.96 -9999.00 -9999.00 -9999.00 246.91 51.52 0.00
0.00 13960.78
135.90 -65.16 -9999.00 -9999.00 -9999.00 247.75 50.80 0.00
0.00 14556.79
121.90 -66.56 -9999.00 -9999.00 -9999.00 245.01 47.36 0.00
0.00 15216.45
108.00 -66.86 -9999.00 -9999.00 -9999.00 239.73 44.31 0.00
0.00 15948.05
94.00 -67.36 -9999.00 -9999.00 -9999.00 239.57 36.05 0.00
0.00 16785.39
81.00 -65.96 -9999.00 -9999.00 -9999.00 244.29 23.29 0.00
0.00 17685.05
70.60 -65.76 -9999.00 -9999.00 -9999.00 207.12 17.89 0.00
0.00 18518.86
62.20 -64.66 -9999.00 -9999.00 -9999.00 204.32 22.16 0.00
0.00 19289.89
54.30 -63.06 -9999.00 -9999.00 -9999.00 214.19 12.45 0.00
0.00 20122.02
46.90 -63.46 -9999.00 -9999.00 -9999.00 172.98 12.72 0.00
0.00 21022.12
40.10 -62.56 -9999.00 -9999.00 -9999.00 183.27 6.82 0.00
0.00 21985.64
33.80 -60.36 -9999.00 -9999.00 -9999.00 175.03 4.49 0.00
0.00 23044.71
27.80 -59.26 -9999.00 -9999.00 -9999.00 292.62 7.58 0.00
0.00 24265.09
22.30 -58.76 -9999.00 -9999.00 -9999.00 321.91 9.13 0.00
0.00 25646.91
17.10 -55.76 -9999.00 -9999.00 -9999.00 243.43 9.13 0.00
0.00 27324.76
12.30 -49.86 -9999.00 -9999.00 -9999.00 232.39 18.14 0.00
0.00 29449.79

STID = KMEM STNM = 723340 TIME = 221026/2300 
SLAT = 35.05 SLON = -90.00 SELV = 82.0
STIM = 11

SHOW = 19.34 LIFT = 16.72 SWET = 84.16 KINX = -19.70
LCLP = 865.70 PWAT = 10.66 TOTL = 10.09 CAPE = 0.00
LCLT = 276.30 CINS = 0.00 EQLV = -9999.00 LFCT = -9999.00
BRCH = 0.00

PRES TMPC TMWC DWPC THTE DRCT SKNT OMEG
CFRL HGHT
1008.20 15.44 10.16 5.33 303.97 25.02 3.22 0.00
0.00 91.24
1005.20 15.74 9.79 4.11 303.33 24.78 5.56 0.00
0.00 116.51
999.60 15.54 9.39 3.35 302.94 23.20 7.40 0.00
0.00 163.88
990.10 14.74 8.80 2.84 302.57 20.10 8.49 0.00
0.00 244.70
976.00 13.64 8.09 2.40 302.43 16.59 9.52 -0.10
0.00 365.68
958.00 12.14 7.16 1.92 302.24 11.09 10.10 -0.10
0.00 521.98
936.40 10.34 6.07 1.45 302.16 7.13 10.96 -0.10
0.00 712.35
912.70 8.64 4.43 -0.54 301.14 2.82 11.87 0.00
0.00 924.99
887.10 7.94 1.63 -8.41 297.89 12.46 18.90 0.00
0.00 1159.81
858.50 8.94 0.07 -20.45 297.55 23.08 24.28 0.10
0.00 1430.19
826.90 8.64 -0.23 -20.00 300.66 11.96 23.43 0.10
0.00 1739.86
792.20 7.84 -0.43 -16.54 304.69 345.96 20.03 0.20
0.00 2093.21
754.60 6.84 -0.96 -15.13 308.61 327.99 16.49 0.20
0.00 2492.80
713.80 4.04 -2.74 -15.27 310.64 301.55 13.00 0.20
0.00 2946.52
670.10 0.74 -5.27 -17.58 311.91 272.00 16.72 0.20
0.00 3456.54
623.40 -2.06 -7.65 -20.46 314.43 266.79 24.32 0.10
0.00 4033.19
574.20 -4.76 -10.14 -24.38 317.78 268.94 31.47 0.10
0.00 4682.72
526.50 -8.16 -13.15 -29.23 320.68 256.11 36.42 0.10
0.00 5360.07
483.70 -12.46 -16.74 -34.18 322.47 244.39 36.40 0.10
0.00 6012.60
445.40 -17.66 -20.87 -37.02 323.29 241.76 35.72 0.00
0.00 6635.96
411.00 -22.36 -24.84 -40.60 324.38 241.09 36.17 0.00
0.00 7231.66
379.90 -26.96 -28.83 -44.16 325.41 241.98 37.63 0.00
0.00 7804.07
352.00 -31.26 -32.69 -48.08 326.54 242.68 39.78 0.10
0.00 8349.00
326.90 -34.96 -36.13 -53.55 328.18 244.01 43.01 0.10
0.00 8868.82
304.30 -38.66 -39.58 -57.98 329.64 251.49 45.88 0.10
0.00 9364.45
284.00 -41.66 -42.34 -57.07 331.95 252.17 46.93 0.10
0.00 9835.31
265.80 -44.16 -44.73 -59.06 334.59 253.06 49.34 0.10
0.00 10281.68
248.80 -45.96 -46.52 -66.51 338.16 252.44 52.16 0.10
0.00 10722.97
233.60 -47.86 -48.36 -71.85 341.38 253.22 55.19 0.10
0.00 11140.45
219.60 -50.06 -50.48 -72.27 344.07 254.80 55.56 0.10
0.00 11546.02
205.60 -52.36 -52.70 -72.72 346.99 257.52 53.92 0.00
0.00 11973.98
191.70 -54.76 -55.03 -73.19 350.16 257.54 51.32 0.00
0.00 12423.93
177.70 -57.36 -57.57 -73.70 353.56 253.93 49.13 0.00
0.00 12905.83
163.80 -60.26 -9999.00 -9999.00 -9999.00 248.96 48.70 0.00
0.00 13416.85
149.80 -63.26 -9999.00 -9999.00 -9999.00 248.44 51.81 0.00
0.00 13969.69
135.90 -65.36 -9999.00 -9999.00 -9999.00 250.17 50.39 0.00
0.00 14564.99
121.90 -66.96 -9999.00 -9999.00 -9999.00 247.76 47.22 0.00
0.00 15223.70
108.00 -67.26 -9999.00 -9999.00 -9999.00 241.78 45.18 0.00
0.00 15953.88
94.00 -67.66 -9999.00 -9999.00 -9999.00 239.50 36.75 0.00
0.00 16789.79
81.00 -66.36 -9999.00 -9999.00 -9999.00 241.23 22.61 0.00
0.00 17687.93
70.60 -65.86 -9999.00 -9999.00 -9999.00 197.88 18.98 0.00
0.00 18520.73
62.20 -63.56 -9999.00 -9999.00 -9999.00 208.61 21.91 0.00
0.00 19293.62
54.30 -62.56 -9999.00 -9999.00 -9999.00 205.25 11.38 0.00
0.00 20128.93
46.90 -63.16 -9999.00 -9999.00 -9999.00 175.17 13.85 0.00
0.00 21030.75
40.10 -61.26 -9999.00 -9999.00 -9999.00 188.97 7.48 0.00
0.00 21997.93
33.80 -59.26 -9999.00 -9999.00 -9999.00 194.04 4.00 0.00
0.00 23063.01
27.80 -58.86 -9999.00 -9999.00 -9999.00 310.73 9.23 0.00
0.00 24287.68
22.30 -58.36 -9999.00 -9999.00 -9999.00 324.21 10.30 0.00
0.00 25672.07
17.10 -55.86 -9999.00 -9999.00 -9999.00 269.05 11.65 0.00
0.00 27351.09
12.30 -50.06 -9999.00 -9999.00 -9999.00 252.17 23.47 0.00
0.00 29474.67

STID = KMEM STNM = 723340 TIME = 221027/0000 
SLAT = 35.05 SLON = -90.00 SELV = 82.0
STIM = 12

SHOW = 19.14 LIFT = 16.85 SWET = 81.07 KINX = -19.88
LCLP = 890.72 PWAT = 10.67 TOTL = 9.94 CAPE = 0.00
LCLT = 276.81 CINS = 0.00 EQLV = -9999.00 LFCT = -9999.00
BRCH = 0.00

PRES TMPC TMWC DWPC THTE DRCT SKNT OMEG
CFRL HGHT
1008.30 13.64 9.40 5.44 302.15 48.58 4.41 0.00
0.00 91.18
1005.30 15.04 9.49 4.14 302.61 40.60 7.17 0.00
0.00 116.34
999.70 15.14 9.20 3.32 302.48 37.35 9.29 0.00
0.00 163.61
990.20 14.54 8.66 2.69 302.21 32.80 10.39 0.10
0.00 244.34
976.10 13.44 7.87 2.06 301.89 25.68 11.21 0.10
0.00 365.22
958.10 12.04 6.93 1.43 301.68 17.85 12.04 0.10
0.00 521.41
936.40 10.24 5.83 0.96 301.61 10.46 12.84 0.10
0.00 712.56
912.80 8.54 4.19 -1.06 300.59 2.42 13.81 0.10
0.00 924.20
887.20 7.94 1.42 -9.33 297.42 16.59 19.06 0.20
0.00 1158.93
858.60 9.14 0.06 -21.69 297.47 30.80 23.52 0.20
0.00 1429.35
827.00 8.54 -0.22 -19.40 300.70 17.63 21.81 0.20
0.00 1739.04
792.30 7.84 -0.36 -16.09 304.84 348.33 18.24 0.20
0.00 2092.29
754.60 6.94 -0.82 -14.67 308.91 327.59 14.49 0.20
0.00 2493.00
713.90 4.04 -2.70 -15.05 310.72 297.00 11.56 0.20
0.00 2945.68
670.20 0.74 -5.24 -17.42 311.96 272.86 15.56 0.10
0.00 3455.63
623.40 -1.96 -7.54 -20.18 314.64 271.36 24.48 0.10
0.00 4033.59
574.20 -5.06 -10.03 -22.29 318.05 269.65 31.47 0.10
0.00 4682.92
526.50 -8.46 -13.32 -28.91 320.38 254.63 34.44 0.10
0.00 5359.54
483.70 -12.66 -16.86 -33.95 322.26 243.99 35.88 0.10
0.00 6011.47
445.40 -17.66 -20.84 -36.49 323.36 241.76 35.72 0.10
0.00 6634.58
411.00 -22.36 -24.82 -40.26 324.42 242.48 36.58 0.10
0.00 7230.30
379.90 -26.96 -28.85 -44.64 325.37 244.63 37.63 0.10
0.00 7802.71
352.00 -31.16 -32.60 -48.08 326.68 243.31 40.66 0.10
0.00 8347.75
326.90 -34.86 -36.09 -55.93 328.24 247.30 43.80 0.10
0.00 8867.78
304.30 -38.36 -39.28 -56.51 330.10 251.26 46.56 0.10
0.00 9363.82
284.00 -41.46 -42.14 -55.82 332.28 251.57 49.15 0.00
0.00 9835.20
265.80 -44.26 -44.82 -59.06 334.45 252.44 52.16 0.00
0.00 10281.66
248.80 -45.96 -46.49 -63.51 338.21 251.57 54.66 0.00
0.00 10722.86
233.60 -47.76 -48.27 -71.85 341.53 252.57 55.79 0.00
0.00 11140.43
219.60 -49.96 -50.38 -72.27 344.22 254.39 54.86 0.00
0.00 11546.18
205.60 -52.36 -52.70 -72.72 346.99 255.91 52.68 0.00
0.00 11974.24
191.70 -54.76 -55.03 -73.19 350.16 255.54 50.54 0.00
0.00 12424.18
177.70 -57.36 -57.57 -73.70 353.56 252.70 49.65 0.00
0.00 12906.08
163.80 -60.36 -9999.00 -9999.00 -9999.00 250.11 50.82 0.00
0.00 13416.99
149.80 -63.36 -9999.00 -9999.00 -9999.00 249.85 51.32 0.00
0.00 13969.57
135.90 -65.66 -9999.00 -9999.00 -9999.00 251.06 48.47 0.00
0.00 14564.29
121.90 -67.66 -9999.00 -9999.00 -9999.00 248.34 44.74 0.00
0.00 15221.42
108.00 -68.46 -9999.00 -9999.00 -9999.00 241.66 42.15 0.00
0.00 15948.23
94.00 -67.86 -9999.00 -9999.00 -9999.00 235.01 35.57 0.00
0.00 16781.30
81.00 -66.46 -9999.00 -9999.00 -9999.00 230.46 21.66 0.00
0.00 17678.78
70.60 -65.76 -9999.00 -9999.00 -9999.00 194.52 22.47 0.00
0.00 18511.59
62.20 -63.16 -9999.00 -9999.00 -9999.00 214.91 22.75 0.00
0.00 19285.40
54.30 -62.16 -9999.00 -9999.00 -9999.00 206.11 11.03 0.00
0.00 20122.30
46.90 -62.66 -9999.00 -9999.00 -9999.00 186.88 11.34 0.00
0.00 21026.05
40.10 -60.86 -9999.00 -9999.00 -9999.00 191.77 4.76 0.00
0.00 21995.29
33.80 -60.26 -9999.00 -9999.00 -9999.00 135.00 2.74 0.00
0.00 23058.87
27.80 -59.86 -9999.00 -9999.00 -9999.00 353.09 6.45 0.00
0.00 24277.82
22.30 -58.66 -9999.00 -9999.00 -9999.00 352.23 8.62 0.00
0.00 25658.02
17.10 -55.96 -9999.00 -9999.00 -9999.00 287.16 13.83 0.00
0.00 27335.49
12.30 -50.16 -9999.00 -9999.00 -9999.00 271.72 25.85 0.00
0.00 29458.10

STID = KMEM STNM = 723340 TIME = 221027/0100 
SLAT = 35.05 SLON = -90.00 SELV = 82.0
STIM = 13

SHOW = 18.90 LIFT = 17.00 SWET = 78.40 KINX = -19.78
LCLP = 914.80 PWAT = 10.76 TOTL = 9.88 CAPE = 0.00
LCLT = 277.54 CINS = 0.00 EQLV = -9999.00 LFCT = -9999.00
BRCH = 0.00

PRES TMPC TMWC DWPC THTE DRCT SKNT OMEG
CFRL HGHT
1008.60 12.24 8.92 5.80 301.01 52.59 4.16 0.00
0.00 91.97
1005.60 14.24 9.24 4.42 302.00 46.01 7.83 0.00
0.00 117.02
1000.10 14.74 9.02 3.33 302.02 43.49 10.45 0.10
0.00 163.34
990.60 14.24 8.44 2.48 301.65 39.69 11.87 0.10
0.00 243.93
976.50 13.24 7.69 1.82 301.42 32.47 12.67 0.10
0.00 364.66
958.40 11.84 6.75 1.21 301.24 24.72 13.48 0.00
0.00 521.54
936.80 10.14 5.70 0.74 301.27 16.99 14.63 0.10
0.00 711.63
913.20 8.34 4.10 -1.02 300.37 8.03 15.31 0.10
0.00 923.06
887.50 8.24 1.25 -10.91 296.98 23.73 19.31 0.20
0.00 1158.64
858.90 9.44 0.12 -22.90 297.51 39.05 22.51 0.20
0.00 1429.23
827.30 8.64 -0.05 -18.49 301.03 22.83 20.03 0.20
0.00 1739.03
792.60 7.94 -0.17 -15.25 305.22 350.43 16.36 0.20
0.00 2092.30
754.90 7.04 -0.70 -14.30 309.14 327.60 11.97 0.20
0.00 2493.02
714.10 3.94 -2.73 -14.90 310.65 293.50 9.75 0.10
0.00 2946.66
670.40 0.64 -5.23 -17.09 311.95 273.87 14.41 0.10
0.00 3456.28
623.60 -1.96 -7.36 -19.10 315.00 273.69 24.15 0.10
0.00 4033.98
574.30 -5.46 -10.09 -21.12 317.96 266.36 30.56 0.10
0.00 4684.04
526.60 -8.66 -13.41 -28.59 320.19 252.19 33.66 0.10
0.00 5359.81
483.80 -12.76 -16.91 -33.72 322.15 243.85 36.13 0.10
0.00 6011.24
445.50 -17.76 -20.95 -37.02 323.14 242.09 36.93 0.10
0.00 6633.98
411.10 -22.36 -24.89 -41.72 324.25 243.57 37.53 0.10
0.00 7229.42
379.90 -27.06 -28.91 -44.16 325.28 245.09 39.20 0.10
0.00 7803.48
352.00 -31.26 -32.71 -48.74 326.50 244.50 41.96 0.10
0.00 8348.30
326.90 -34.96 -36.15 -54.66 328.14 248.20 44.99 0.10
0.00 8868.11
304.30 -38.36 -39.28 -56.51 330.10 248.93 48.10 0.10
0.00 9364.06
284.00 -41.66 -42.32 -55.82 331.99 250.89 52.21 0.00
0.00 9835.22
265.80 -44.36 -44.91 -59.06 334.30 252.08 54.91 0.00
0.00 10281.40
248.80 -45.96 -46.49 -63.51 338.21 252.44 56.64 0.00
0.00 10722.50
233.60 -47.76 -48.25 -66.97 341.58 252.88 56.10 0.00
0.00 11140.07
219.60 -50.06 -50.48 -72.27 344.07 253.63 54.47 0.00
0.00 11545.73
205.60 -52.36 -52.70 -72.72 346.99 253.71 52.62 0.00
0.00 11973.69
191.70 -54.66 -54.94 -73.19 350.32 253.07 51.38 0.00
0.00 12423.74
177.70 -57.26 -57.47 -73.70 353.73 251.91 50.68 0.00
0.00 12905.86
163.80 -60.36 -9999.00 -9999.00 -9999.00 250.94 50.56 0.00
0.00 13416.89
149.80 -63.56 -9999.00 -9999.00 -9999.00 250.24 50.56 0.00
0.00 13969.20
135.90 -66.16 -9999.00 -9999.00 -9999.00 250.91 48.10 0.00
0.00 14562.94
121.90 -67.86 -9999.00 -9999.00 -9999.00 246.97 43.69 0.00
0.00 15218.94
108.00 -68.66 -9999.00 -9999.00 -9999.00 240.19 41.41 0.00
0.00 15945.05
94.00 -67.56 -9999.00 -9999.00 -9999.00 234.61 36.23 0.00
0.00 16778.32
81.00 -66.46 -9999.00 -9999.00 -9999.00 224.64 22.11 0.00
0.00 17676.45
70.60 -66.26 -9999.00 -9999.00 -9999.00 200.97 24.96 0.00
0.00 18508.25
62.20 -63.86 -9999.00 -9999.00 -9999.00 214.91 22.75 0.00
0.00 19279.84
54.30 -62.06 -9999.00 -9999.00 -9999.00 207.03 10.68 0.00
0.00 20115.55
46.90 -62.16 -9999.00 -9999.00 -9999.00 192.80 8.76 0.00
0.00 21020.59
40.10 -60.46 -9999.00 -9999.00 -9999.00 180.00 2.72 0.00
0.00 21991.90
33.80 -60.26 -9999.00 -9999.00 -9999.00 112.62 2.53 0.00
0.00 23056.47
27.80 -59.66 -9999.00 -9999.00 -9999.00 10.12 5.52 0.00
0.00 24276.00
22.30 -59.06 -9999.00 -9999.00 -9999.00 353.48 6.84 0.00
0.00 25655.55
17.10 -56.26 -9999.00 -9999.00 -9999.00 290.73 15.37 0.00
0.00 27330.30
12.30 -50.46 -9999.00 -9999.00 -9999.00 274.76 21.06 0.00
0.00 29450.02

STID = KMEM STNM = 723340 TIME = 221027/0200 
SLAT = 35.05 SLON = -90.00 SELV = 82.0
STIM = 14

SHOW = 18.75 LIFT = 17.13 SWET = 73.74 KINX = -19.45
LCLP = 926.52 PWAT = 10.85 TOTL = 9.95 CAPE = 0.00
LCLT = 277.65 CINS = 0.00 EQLV = -9999.00 LFCT = -9999.00
BRCH = 0.00

PRES TMPC TMWC DWPC THTE DRCT SKNT OMEG
CFRL HGHT
1008.90 11.34 8.48 5.73 299.94 47.12 3.71 0.00
0.00 91.93
1005.90 13.24 8.84 4.56 301.05 43.99 7.83 0.00
0.00 116.90
1000.40 14.14 8.74 3.31 301.33 46.36 11.54 0.00
0.00 163.07
990.80 13.84 8.26 2.49 301.22 46.17 13.46 0.00
0.00 244.35
976.80 12.84 7.52 1.86 301.00 41.04 13.91 -0.10
0.00 364.02
958.70 11.54 6.62 1.25 300.93 31.76 14.39 -0.10
0.00 520.66
937.10 10.04 5.58 0.55 300.97 22.73 15.58 0.00
0.00 710.56
913.40 8.04 4.32 -0.03 300.84 13.52 15.79 0.10
0.00 922.69
887.80 8.24 1.06 -11.87 296.54 28.47 18.34 0.10
0.00 1157.17
859.10 9.64 0.19 -23.38 297.61 47.73 20.22 0.10
0.00 1428.71
827.50 8.74 0.04 -18.17 301.20 31.07 17.70 0.10
0.00 1738.60
792.80 7.94 -0.12 -14.92 305.32 355.30 14.22 0.10
0.00 2091.86
755.10 7.04 -0.65 -14.01 309.24 327.99 9.17 0.10
0.00 2492.48
714.30 3.84 -2.75 -14.75 310.58 286.56 7.50 0.10
0.00 2945.92
670.50 0.64 -5.15 -16.62 312.12 271.71 13.01 0.10
0.00 3456.53
623.70 -2.06 -7.32 -18.51 315.09 272.01 22.16 0.10
0.00 4034.05
574.40 -5.56 -10.19 -21.31 317.76 260.41 29.16 0.10
0.00 4683.77
526.70 -8.66 -13.43 -28.75 320.14 249.48 33.80 0.10
0.00 5359.29
483.80 -12.86 -17.05 -34.65 321.89 244.68 35.88 0.10
0.00 6012.04
445.50 -17.66 -21.00 -39.14 323.01 243.98 36.75 0.00
0.00 6634.75
411.10 -22.36 -24.97 -43.43 324.10 244.09 38.23 0.00
0.00 7230.30
380.00 -27.16 -28.99 -44.16 325.12 244.29 40.75 0.00
0.00 7802.32
352.00 -31.46 -32.86 -48.08 326.27 245.17 43.03 0.00
0.00 8348.69
326.90 -35.16 -36.33 -54.66 327.86 248.02 45.67 0.10
0.00 8868.07
304.30 -38.16 -39.10 -56.51 330.38 248.40 50.14 0.10
0.00 9364.01
284.00 -41.46 -42.16 -57.07 332.23 251.37 55.34 0.10
0.00 9835.58
265.80 -43.96 -44.52 -57.60 334.93 254.03 58.59 0.00
0.00 10282.34
248.80 -45.76 -46.23 -58.13 338.63 252.92 59.54 0.00
0.00 10724.03
233.60 -47.56 -47.96 -58.63 342.06 251.92 58.86 0.00
0.00 11141.97
219.60 -49.86 -50.19 -60.55 344.56 252.48 57.44 0.00
0.00 11548.01
205.60 -52.16 -52.46 -64.93 347.40 253.47 55.32 0.00
0.00 11976.36
191.70 -54.46 -54.74 -73.19 350.64 252.88 53.46 0.00
0.00 12426.83
177.70 -57.06 -57.28 -73.70 354.06 251.30 52.70 -0.10
0.00 12909.39
163.80 -60.16 -9999.00 -9999.00 -9999.00 249.94 52.12 -0.10
0.00 13420.89
149.80 -63.56 -9999.00 -9999.00 -9999.00 249.57 51.20 0.00
0.00 13973.47
135.90 -66.36 -9999.00 -9999.00 -9999.00 250.39 48.04 0.00
0.00 14566.91
121.90 -68.06 -9999.00 -9999.00 -9999.00 246.60 44.02 0.00
0.00 15222.28
108.00 -68.56 -9999.00 -9999.00 -9999.00 236.68 42.07 0.00
0.00 15948.21
94.00 -67.56 -9999.00 -9999.00 -9999.00 230.98 38.25 0.00
0.00 16781.68
81.00 -66.46 -9999.00 -9999.00 -9999.00 216.68 23.74 0.00
0.00 17679.82
70.60 -66.16 -9999.00 -9999.00 -9999.00 206.93 27.45 0.00
0.00 18511.82
62.20 -63.66 -9999.00 -9999.00 -9999.00 217.66 22.57 0.00
0.00 19283.97
54.30 -61.96 -9999.00 -9999.00 -9999.00 211.12 12.02 0.00
0.00 20120.27
46.90 -61.96 -9999.00 -9999.00 -9999.00 205.46 9.03 0.00
0.00 21025.95
40.10 -60.16 -9999.00 -9999.00 -9999.00 216.38 4.58 0.00
0.00 21998.41
33.80 -59.66 -9999.00 -9999.00 -9999.00 217.87 2.21 0.00
0.00 23065.23
27.80 -59.26 -9999.00 -9999.00 -9999.00 19.44 3.50 0.00
0.00 24287.62
22.30 -58.76 -9999.00 -9999.00 -9999.00 5.44 4.10 0.00
0.00 25669.43
17.10 -54.16 -9999.00 -9999.00 -9999.00 293.96 13.38 0.00
0.00 27353.50
12.30 -49.56 -9999.00 -9999.00 -9999.00 281.61 14.47 0.00
0.00 29487.69

STID = KMEM STNM = 723340 TIME = 221027/0300 
SLAT = 35.05 SLON = -90.00 SELV = 82.0
STIM = 15

SHOW = 18.70 LIFT = 17.32 SWET = 67.76 KINX = -19.74
LCLP = 937.72 PWAT = 10.87 TOTL = 9.33 CAPE = 0.00
LCLT = 277.72 CINS = 0.00 EQLV = -9999.00 LFCT = -9999.00
BRCH = 0.00

PRES TMPC TMWC DWPC THTE DRCT SKNT OMEG
CFRL HGHT
1008.90 10.44 8.01 5.63 298.87 26.57 3.48 0.00
0.00 91.90
1005.90 12.14 8.39 4.70 300.02 35.22 8.08 0.00
0.00 116.78
1000.40 13.14 8.45 3.76 300.70 43.81 13.19 0.00
0.00 162.79
990.90 13.14 8.15 3.05 300.98 46.47 16.08 0.00
0.00 242.99
976.80 12.24 7.43 2.38 300.83 43.15 17.04 0.00
0.00 363.24
958.70 11.04 6.50 1.57 300.68 35.54 16.71 0.00
0.00 519.59
937.10 9.54 5.38 0.68 300.54 24.73 16.26 0.00
0.00 709.16
913.40 7.74 4.11 -0.16 300.40 12.45 15.33 0.10
0.00 921.00
887.80 8.34 0.80 -13.62 295.97 32.37 16.34 0.10
0.00 1155.38
859.20 9.84 0.22 -24.42 297.62 56.13 17.07 0.10
0.00 1426.08
827.50 8.74 -0.04 -18.82 301.02 40.76 14.88 0.10
0.00 1737.03
792.80 7.94 -0.16 -15.16 305.23 359.08 12.04 0.10
0.00 2090.27
755.10 6.94 -0.63 -13.66 309.29 321.84 6.92 0.10
0.00 2490.82
714.30 3.64 -2.85 -14.68 310.38 271.74 6.41 0.10
0.00 2944.03
670.50 0.54 -5.09 -16.02 312.26 270.00 13.01 0.10
0.00 3454.37
623.70 -2.26 -7.27 -17.63 315.22 268.95 21.17 0.10
0.00 4031.62
574.40 -5.76 -10.37 -21.69 317.39 255.49 28.69 0.10
0.00 4680.86
526.70 -8.86 -13.56 -28.75 319.90 248.56 34.01 0.10
0.00 5355.86
483.80 -12.86 -17.19 -36.77 321.60 247.33 35.78 0.00
0.00 6008.35
445.50 -17.56 -21.06 -41.79 322.88 246.53 37.06 0.00
0.00 6631.16
411.10 -22.56 -25.03 -41.34 324.03 244.95 39.45 0.00
0.00 7226.58
380.00 -27.36 -29.14 -43.71 324.90 244.38 42.23 0.00
0.00 7798.15
352.00 -31.66 -33.03 -48.08 326.00 245.26 43.63 0.00
0.00 8344.07
326.90 -35.26 -36.42 -54.66 327.73 247.34 45.88 0.00
0.00 8863.13
304.30 -38.16 -39.10 -56.51 330.38 248.99 52.02 0.00
0.00 9358.97
284.00 -41.66 -42.32 -55.82 331.99 251.44 56.14 0.00
0.00 9830.34
265.80 -44.36 -44.89 -57.60 334.34 251.62 59.15 0.00
0.00 10276.52
248.80 -45.76 -46.31 -63.51 338.50 249.94 60.59 0.10
0.00 10717.81
233.60 -47.26 -47.73 -61.80 342.43 249.51 59.93 0.10
0.00 11136.03
219.60 -49.56 -49.93 -62.27 344.98 251.09 58.72 0.10
0.00 11542.60
205.60 -51.96 -52.32 -72.72 347.62 254.37 57.69 0.10
0.00 11971.43
191.70 -54.66 -54.94 -73.19 350.32 254.62 56.41 0.00
0.00 12421.89
177.70 -57.36 -57.57 -73.70 353.56 251.31 54.55 0.00
0.00 12903.90
163.80 -60.26 -60.41 -74.24 357.03 249.13 53.44 0.00
0.00 13414.93
149.80 -63.56 -9999.00 -9999.00 -9999.00 249.24 51.52 0.00
0.00 13967.38
135.90 -66.36 -9999.00 -9999.00 -9999.00 248.51 46.13 0.00
0.00 14560.82
121.90 -67.76 -9999.00 -9999.00 -9999.00 243.20 42.66 0.00
0.00 15216.67
108.00 -67.76 -9999.00 -9999.00 -9999.00 232.97 42.58 0.00
0.00 15944.55
94.00 -66.76 -9999.00 -9999.00 -9999.00 231.52 38.71 0.00
0.00 16781.27
81.00 -65.66 -9999.00 -9999.00 -9999.00 224.68 24.32 0.00
0.00 17682.90
70.60 -65.26 -9999.00 -9999.00 -9999.00 221.57 27.53 0.00
0.00 18518.32
62.20 -62.66 -9999.00 -9999.00 -9999.00 233.94 22.11 0.00
0.00 19293.99
54.30 -62.16 -9999.00 -9999.00 -9999.00 235.75 11.05 0.00
0.00 20131.88
46.90 -62.16 -9999.00 -9999.00 -9999.00 233.97 7.93 0.00
0.00 21036.70
40.10 -60.86 -9999.00 -9999.00 -9999.00 248.20 5.23 0.00
0.00 22007.09
33.80 -60.36 -9999.00 -9999.00 -9999.00 265.43 4.88 0.00
0.00 23070.42
27.80 -60.46 -9999.00 -9999.00 -9999.00 320.71 2.76 0.00
0.00 24287.37
22.30 -59.06 -9999.00 -9999.00 -9999.00 294.78 2.78 0.00
0.00 25664.34
17.10 -53.76 -9999.00 -9999.00 -9999.00 299.98 11.65 0.00
0.00 27348.80
12.30 -50.06 -9999.00 -9999.00 -9999.00 276.84 4.90 0.00
0.00 29482.51

STID = KMEM STNM = 723340 TIME = 221027/0400 
SLAT = 35.05 SLON = -90.00 SELV = 82.0
STIM = 16

SHOW = 18.71 LIFT = 17.72 SWET = 63.49 KINX = -20.44
LCLP = 952.45 PWAT = 10.90 TOTL = 8.62 CAPE = 0.00
LCLT = 277.97 CINS = 0.00 EQLV = -9999.00 LFCT = -9999.00
BRCH = 0.00

PRES TMPC TMWC DWPC THTE DRCT SKNT OMEG
CFRL HGHT
1010.30 9.54 7.60 5.67 297.81 22.83 4.00 0.00
0.00 91.86
1007.30 10.94 7.96 5.01 298.92 29.60 9.83 0.00
0.00 116.61
1001.80 12.14 8.28 4.45 300.18 39.61 14.63 0.00
0.00 162.38
992.20 12.54 8.25 3.98 301.11 43.24 17.87 0.00
0.00 243.10
978.10 11.74 7.60 3.39 301.12 40.60 19.70 0.00
0.00 362.99
960.00 10.44 6.59 2.52 300.77 35.41 19.77 0.10
0.00 518.86
938.30 8.94 5.01 0.47 299.59 25.20 18.24 0.20
0.00 708.67
914.60 7.74 3.35 -2.31 298.59 15.56 15.93 0.20
0.00 919.96
889.00 8.74 0.86 -14.71 295.89 39.24 15.05 0.10
0.00 1154.14
860.30 10.04 0.26 -25.53 297.53 63.76 15.38 0.10
0.00 1425.70
828.60 8.84 -0.08 -19.73 300.76 50.30 13.38 0.10
0.00 1736.40
793.80 7.94 -0.23 -15.64 304.94 6.23 10.74 0.10
0.00 2090.25
756.00 6.94 -0.55 -13.23 309.37 319.40 5.38 0.10
0.00 2491.37
715.10 3.64 -2.87 -14.81 310.22 264.09 5.67 0.10
0.00 2945.17
671.20 0.64 -4.97 -15.72 312.41 270.00 12.63 0.10
0.00 3456.22
624.30 -2.36 -7.20 -16.95 315.30 264.45 20.10 0.10
0.00 4034.14
574.90 -5.86 -10.51 -22.17 317.03 251.31 27.89 0.10
0.00 4683.88
527.10 -8.96 -13.66 -29.06 319.64 249.99 33.49 0.10
0.00 5359.47
484.10 -12.76 -17.11 -36.76 321.67 250.65 34.60 0.10
0.00 6013.02
445.70 -17.76 -20.89 -36.22 323.21 247.47 37.00 0.00
0.00 6637.04
411.30 -22.76 -25.11 -39.91 323.87 244.55 40.23 0.00
0.00 7231.75
380.10 -27.46 -29.24 -44.16 324.70 243.79 41.78 -0.10
0.00 7804.60
352.10 -31.76 -33.18 -50.20 325.72 243.79 42.21 -0.10
0.00 8350.14
326.90 -34.96 -36.15 -54.66 328.14 246.11 46.52 -0.10
0.00 8871.40
304.30 -38.26 -39.19 -56.51 330.24 248.20 51.26 -0.10
0.00 9367.45
284.00 -41.96 -42.60 -55.82 331.56 248.99 54.72 -0.10
0.00 9838.42
265.80 -44.46 -44.98 -57.60 334.20 247.87 57.25 -0.10
0.00 10284.21
248.80 -45.66 -46.21 -63.51 338.65 246.48 58.90 0.00
0.00 10725.50
233.60 -46.86 -47.40 -66.97 342.94 247.47 59.30 0.00
0.00 11144.18
219.60 -49.06 -49.50 -67.41 345.66 248.94 58.92 0.00
0.00 11551.56
205.60 -51.96 -52.29 -67.89 347.67 250.54 58.29 0.00
0.00 11980.87
191.70 -54.86 -55.13 -73.19 349.99 252.00 56.59 0.00
0.00 12431.13
177.70 -57.86 -58.03 -68.92 352.79 250.39 53.83 0.00
0.00 12912.36
163.80 -60.46 -60.61 -74.24 356.69 247.61 52.53 0.00
0.00 13422.56
149.80 -63.36 -9999.00 -9999.00 -9999.00 246.63 49.94 0.00
0.00 13975.00
135.90 -65.76 -9999.00 -9999.00 -9999.00 246.19 45.22 0.00
0.00 14569.59
121.90 -66.76 -9999.00 -9999.00 -9999.00 242.16 42.83 0.00
0.00 15227.98
107.90 -67.36 -9999.00 -9999.00 -9999.00 234.25 41.88 0.00
0.00 15963.93
94.00 -66.86 -9999.00 -9999.00 -9999.00 233.54 37.92 0.00
0.00 16795.68
81.00 -65.76 -9999.00 -9999.00 -9999.00 231.04 23.48 0.00
0.00 17696.86
70.60 -65.66 -9999.00 -9999.00 -9999.00 224.38 25.27 0.00
0.00 18531.28
62.20 -62.96 -9999.00 -9999.00 -9999.00 233.13 20.40 0.00
0.00 19305.65
54.30 -62.46 -9999.00 -9999.00 -9999.00 220.91 7.71 0.00
0.00 20142.35
46.90 -62.26 -9999.00 -9999.00 -9999.00 201.80 4.18 0.00
0.00 21046.32
40.10 -61.06 -9999.00 -9999.00 -9999.00 165.96 1.59 0.00
0.00 22016.02
33.80 -61.26 -9999.00 -9999.00 -9999.00 259.70 2.18 0.00
0.00 23076.59
27.80 -62.06 -9999.00 -9999.00 -9999.00 329.04 2.27 0.00
0.00 24286.39
22.30 -59.96 -9999.00 -9999.00 -9999.00 283.39 4.20 0.00
0.00 25655.30
17.10 -54.36 -9999.00 -9999.00 -9999.00 308.85 8.97 0.00
0.00 27333.93
12.30 -50.46 -9999.00 -9999.00 -9999.00 202.25 4.62 0.00
0.00 29462.82

STID = KMEM STNM = 723340 TIME = 221027/0500 
SLAT = 35.05 SLON = -90.00 SELV = 82.0
STIM = 17

SHOW = 18.53 LIFT = 17.60 SWET = 59.28 KINX = -21.07
LCLP = 961.72 PWAT = 11.02 TOTL = 8.29 CAPE = 0.00
LCLT = 278.23 CINS = 0.00 EQLV = -9999.00 LFCT = -9999.00
BRCH = 0.00

PRES TMPC TMWC DWPC THTE DRCT SKNT OMEG
CFRL HGHT
1009.20 8.94 7.37 5.78 297.39 28.81 4.43 0.00
0.00 91.03
1006.20 9.94 7.66 5.38 298.34 33.42 11.64 0.00
0.00 115.74
1000.60 10.84 7.97 5.15 299.63 35.80 14.61 0.00
0.00 162.21
991.10 11.54 8.13 4.80 300.99 41.42 17.62 0.00
0.00 241.88
977.00 10.94 7.55 4.17 301.15 40.91 19.27 0.00
0.00 361.55
958.90 9.64 6.67 3.64 301.11 37.87 19.93 0.10
0.00 517.19
937.30 8.14 5.24 2.07 300.26 30.34 18.45 0.20
0.00 705.85
913.60 7.44 2.83 -3.40 297.60 26.25 15.81 0.30
0.00 916.97
887.90 9.24 0.80 -17.02 295.80 46.81 13.05 0.20
0.00 1152.39
859.30 10.24 0.32 -26.15 297.74 73.22 12.78 0.20
0.00 1423.64
827.70 8.74 -0.23 -20.49 300.56 62.05 10.78 0.10
0.00 1733.75
793.00 7.84 -0.38 -16.26 304.70 12.09 8.35 0.00
0.00 2086.82
755.20 6.74 -0.62 -13.04 309.33 297.76 4.18 0.00
0.00 2488.13
714.40 3.54 -2.98 -15.04 310.10 245.85 6.18 0.00
0.00 2941.04
670.60 0.64 -4.97 -15.73 312.49 263.56 12.12 0.00
0.00 3451.31
623.80 -2.46 -7.41 -17.71 314.93 255.55 19.46 0.10
0.00 4028.36
574.50 -5.86 -10.56 -22.49 316.99 246.60 28.36 0.10
0.00 4677.12
526.80 -9.16 -13.79 -29.06 319.45 249.79 33.74 0.10
0.00 5351.47
483.90 -12.96 -16.92 -32.26 322.13 248.31 35.74 0.10
0.00 6003.36
445.50 -18.26 -21.15 -34.79 322.83 246.21 39.49 0.10
0.00 6626.84
411.10 -22.96 -25.32 -40.96 323.55 243.68 41.18 0.10
0.00 7221.01
380.00 -27.66 -29.47 -45.65 324.35 241.77 41.88 0.00
0.00 7791.78
352.00 -31.56 -33.05 -51.93 325.94 242.63 43.53 -0.10
0.00 8337.45
326.90 -34.96 -36.13 -53.55 328.18 245.92 48.08 -0.10
0.00 8856.94
304.30 -38.46 -39.37 -56.51 329.96 246.77 52.21 -0.10
0.00 9352.78
284.00 -42.16 -42.78 -55.82 331.27 246.59 55.24 -0.10
0.00 9823.34
265.80 -44.66 -45.19 -59.06 333.86 245.02 56.57 -0.10
0.00 10268.74
248.80 -45.56 -46.12 -63.51 338.80 245.56 58.68 -0.10
0.00 10709.94
233.60 -46.86 -47.42 -71.85 342.90 249.16 60.06 -0.10
0.00 11128.70
219.60 -49.36 -49.81 -72.27 345.15 250.56 59.54 -0.10
0.00 11535.82
205.60 -52.16 -52.51 -72.72 347.31 249.92 57.71 0.00
0.00 11964.64
191.70 -54.86 -55.13 -73.19 349.99 248.79 55.85 0.00
0.00 12414.69
177.70 -57.76 -57.96 -73.70 352.91 248.35 54.76 0.00
0.00 12896.04
163.80 -60.56 -60.71 -74.24 356.52 247.13 53.96 0.00
0.00 13406.23
149.80 -63.26 -9999.00 -9999.00 -9999.00 246.77 52.21 0.00
0.00 13958.68
135.90 -65.56 -9999.00 -9999.00 -9999.00 245.75 47.30 0.00
0.00 14553.69
121.90 -66.36 -9999.00 -9999.00 -9999.00 240.97 44.42 0.00
0.00 15213.04
108.00 -67.46 -9999.00 -9999.00 -9999.00 234.34 44.00 0.00
0.00 15943.93
94.00 -67.56 -9999.00 -9999.00 -9999.00 234.21 41.18 0.00
0.00 16779.64
81.00 -66.16 -9999.00 -9999.00 -9999.00 232.96 25.80 0.00
0.00 17678.42
70.60 -66.56 -9999.00 -9999.00 -9999.00 221.63 25.74 0.00
0.00 18510.23
62.20 -63.76 -9999.00 -9999.00 -9999.00 231.75 21.02 0.00
0.00 19281.45
54.30 -62.46 -9999.00 -9999.00 -9999.00 199.98 6.82 0.00
0.00 20116.56
46.90 -61.86 -9999.00 -9999.00 -9999.00 172.57 4.51 0.00
0.00 21021.38
40.10 -60.86 -9999.00 -9999.00 -9999.00 125.84 4.31 0.00
0.00 21992.46
33.80 -61.36 -9999.00 -9999.00 -9999.00 143.13 1.94 0.00
0.00 23053.28
27.80 -60.96 -9999.00 -9999.00 -9999.00 325.01 2.37 0.00
0.00 24265.94
22.30 -57.66 -9999.00 -9999.00 -9999.00 291.37 9.60 0.00
0.00 25645.82
17.10 -52.46 -9999.00 -9999.00 -9999.00 299.05 12.00 0.00
0.00 27340.77
12.30 -49.86 -9999.00 -9999.00 -9999.00 229.40 12.53 0.00
0.00 29481.71

STID = KMEM STNM = 723340 TIME = 221027/0600 
SLAT = 35.05 SLON = -90.00 SELV = 82.0
STIM = 18

SHOW = 17.84 LIFT = 17.32 SWET = 54.22 KINX = -20.00
LCLP = 968.67 PWAT = 10.89 TOTL = 9.66 CAPE = 0.00
LCLT = 278.52 CINS = 0.00 EQLV = -9999.00 LFCT = -9999.00
BRCH = 0.00

PRES TMPC TMWC DWPC THTE DRCT SKNT OMEG
CFRL HGHT
1009.10 8.64 7.31 5.96 297.27 29.25 5.57 0.00
0.00 91.84
1006.10 9.34 7.50 5.66 298.01 32.09 13.52 0.00
0.00 116.51
1000.60 9.94 7.67 5.43 298.96 32.74 16.16 0.00
0.00 162.04
991.10 10.74 7.92 5.17 300.52 38.66 19.89 0.00
0.00 241.47
977.00 10.24 7.43 4.65 300.90 42.31 20.49 0.10
0.00 360.84
958.90 9.04 6.50 3.91 300.74 40.83 20.80 0.20
0.00 516.14
937.20 7.64 5.38 2.98 300.60 34.48 19.56 0.30
0.00 705.33
913.60 7.74 2.93 -3.60 297.78 30.36 15.75 0.30
0.00 915.52
887.90 10.24 0.80 -22.21 295.59 50.19 12.14 0.30
0.00 1151.45
859.30 10.64 0.57 -25.74 298.23 76.76 10.18 0.20
0.00 1423.34
827.70 8.94 -0.14 -20.74 300.71 68.68 8.55 0.10
0.00 1733.78
793.00 7.74 -0.56 -17.08 304.31 15.26 6.64 0.00
0.00 2086.89
755.20 6.54 -0.72 -12.98 309.14 279.87 4.53 0.00
0.00 2487.99
714.40 3.24 -3.20 -15.33 309.64 238.50 7.07 -0.10
0.00 2940.49
670.60 0.34 -5.15 -15.73 312.14 255.96 11.21 -0.10
0.00 3450.19
623.80 -2.66 -7.65 -18.34 314.45 250.99 18.49 -0.10
0.00 4026.70
574.50 -6.06 -10.66 -22.28 316.82 243.96 28.32 0.00
0.00 4674.96
526.80 -9.26 -13.84 -28.90 319.36 248.64 32.54 0.00
0.00 5348.94
483.90 -13.56 -17.24 -31.15 321.60 247.00 36.31 0.00
0.00 5999.97
445.50 -18.26 -21.51 -40.19 322.14 245.89 38.52 0.10
0.00 6622.70
411.10 -23.06 -25.58 -44.93 323.08 246.58 39.59 0.00
0.00 7216.71
380.00 -27.66 -29.53 -47.40 324.23 244.64 41.28 0.00
0.00 7787.33
352.00 -31.66 -33.12 -51.02 325.85 243.55 44.04 0.00
0.00 8332.90
326.90 -35.16 -36.33 -54.66 327.86 245.69 48.60 -0.10
0.00 8852.06
304.30 -38.96 -39.82 -56.51 329.26 245.54 52.08 0.00
0.00 9347.16
284.00 -42.56 -43.15 -55.82 330.70 243.71 54.39 0.00
0.00 9816.81
265.80 -44.16 -44.73 -59.06 334.59 243.52 57.52 0.00
0.00 10262.31
248.80 -45.06 -45.68 -66.51 339.50 248.71 60.45 0.00
0.00 10704.48
233.60 -47.26 -47.77 -66.97 342.34 251.22 61.56 0.00
0.00 11123.33
219.60 -49.66 -50.10 -72.27 344.69 251.05 61.62 0.00
0.00 11529.81
205.60 -52.26 -52.60 -72.72 347.15 250.22 60.28 0.00
0.00 11958.25
191.70 -54.86 -55.13 -73.19 349.99 249.42 57.48 0.00
0.00 12408.20
177.70 -57.66 -57.86 -73.70 353.07 248.42 54.93 0.10
0.00 12889.66
163.80 -60.56 -60.71 -74.24 356.52 247.60 55.05 0.00
0.00 13399.97
149.80 -63.26 -9999.00 -9999.00 -9999.00 247.93 53.24 0.00
0.00 13952.41
135.90 -65.46 -9999.00 -9999.00 -9999.00 247.13 48.48 0.00
0.00 14547.57
121.90 -66.46 -9999.00 -9999.00 -9999.00 240.66 44.79 0.00
0.00 15206.92
108.00 -67.76 -9999.00 -9999.00 -9999.00 233.69 43.63 0.00
0.00 15937.10
94.00 -68.06 -9999.00 -9999.00 -9999.00 232.75 40.75 0.00
0.00 16771.18
81.00 -66.26 -9999.00 -9999.00 -9999.00 229.09 26.98 0.00
0.00 17668.67
70.60 -66.76 -9999.00 -9999.00 -9999.00 216.21 26.96 0.00
0.00 18499.86
62.20 -64.46 -9999.00 -9999.00 -9999.00 227.23 21.17 0.00
0.00 19269.42
54.30 -62.56 -9999.00 -9999.00 -9999.00 185.71 9.75 0.00
0.00 20102.93
46.90 -62.26 -9999.00 -9999.00 -9999.00 168.69 8.92 0.00
0.00 21006.68
40.10 -61.46 -9999.00 -9999.00 -9999.00 140.36 8.84 0.00
0.00 21975.47
33.80 -61.46 -9999.00 -9999.00 -9999.00 138.99 5.92 0.00
0.00 23034.54
27.80 -60.26 -9999.00 -9999.00 -9999.00 60.26 1.57 0.00
0.00 24248.92
22.30 -57.36 -9999.00 -9999.00 -9999.00 316.55 5.09 0.00
0.00 25632.02
17.10 -52.06 -9999.00 -9999.00 -9999.00 292.38 7.15 0.00
0.00 27329.69
12.30 -49.66 -9999.00 -9999.00 -9999.00 242.00 17.39 0.00
0.00 29473.53

STID = KMEM STNM = 723340 TIME = 221027/0700 
SLAT = 35.05 SLON = -90.00 SELV = 82.0
STIM = 19

SHOW = 17.33 LIFT = 17.52 SWET = 49.85 KINX = -19.26
LCLP = 975.17 PWAT = 10.52 TOTL = 10.82 CAPE = 0.00
LCLT = 278.80 CINS = 0.00 EQLV = -9999.00 LFCT = -9999.00
BRCH = 0.00

PRES TMPC TMWC DWPC THTE DRCT SKNT OMEG
CFRL HGHT
1009.70 8.44 7.31 6.16 297.22 32.62 5.77 0.00
0.00 91.83
1006.70 8.84 7.41 5.97 297.74 37.37 13.44 0.00
0.00 116.46
1001.20 8.94 7.38 5.82 298.25 38.55 15.89 0.10
0.00 161.84
991.60 9.94 7.60 5.30 299.75 46.76 22.40 0.10
0.00 241.82
977.50 9.54 7.04 4.53 299.96 47.66 23.66 0.10
0.00 360.81
959.40 8.44 6.40 4.31 300.45 41.88 22.69 0.20
0.00 515.67
937.70 7.54 5.12 2.48 299.96 32.93 20.36 0.20
2.00 704.53
914.10 8.44 2.71 -5.60 297.20 30.26 16.20 0.20
0.00 914.78
888.40 10.94 0.78 -28.07 295.33 47.07 11.40 0.20
0.00 1151.12
859.80 10.94 0.78 -25.15 298.59 75.26 7.63 0.10
0.00 1423.31
828.10 9.04 -0.14 -21.27 300.65 73.14 6.70 0.10
0.00 1734.79
793.40 7.74 -0.66 -17.84 304.02 17.82 5.71 0.00
0.00 2087.78
755.60 6.34 -0.83 -13.04 308.84 272.05 5.44 0.00
0.00 2488.51
714.80 3.04 -3.39 -15.78 309.18 238.57 8.20 -0.10
0.00 2940.42
670.90 0.14 -5.28 -15.80 311.84 249.68 11.19 -0.10
0.00 3450.65
624.00 -2.96 -7.93 -18.92 313.84 248.09 18.22 0.00
0.00 4027.62
574.70 -6.46 -10.91 -22.28 316.31 243.79 28.15 0.00
0.00 4674.81
526.90 -9.56 -14.01 -28.59 319.05 246.04 32.52 0.00
0.00 5349.13
484.00 -13.86 -17.68 -33.72 320.75 246.01 36.79 0.10
0.00 5999.27
445.60 -18.16 -21.56 -43.16 321.99 247.40 38.93 0.00
0.00 6621.59
411.20 -23.06 -25.60 -45.49 323.02 248.96 40.58 0.00
0.00 7215.56
380.00 -27.76 -29.64 -48.06 324.06 245.74 41.12 0.00
0.00 7787.83
352.10 -31.86 -33.29 -51.02 325.55 245.54 45.03 0.00
0.00 8331.03
326.90 -35.66 -36.77 -54.66 327.17 245.59 48.43 0.00
0.00 8851.42
304.30 -39.26 -40.10 -56.51 328.84 243.43 51.26 0.00
0.00 9345.69
284.00 -42.46 -43.06 -55.82 330.84 241.52 54.58 0.00
0.00 9815.14
265.80 -43.66 -44.29 -60.80 335.28 245.04 58.92 0.00
0.00 10261.22
248.80 -45.26 -45.86 -66.51 339.20 249.29 60.43 0.00
0.00 10703.67
233.60 -47.26 -47.77 -66.97 342.34 250.67 62.78 0.00
0.00 11122.34
219.60 -49.46 -49.91 -72.27 345.00 251.40 63.95 0.10
0.00 11529.00
205.60 -52.06 -52.41 -72.72 347.46 251.11 61.79 0.10
0.00 11957.83
191.70 -54.66 -54.94 -73.19 350.32 249.58 58.45 0.10
0.00 12408.19
177.70 -57.56 -9999.00 -9999.00 -9999.00 248.24 56.06 0.10
0.00 12889.97
163.80 -60.56 -9999.00 -9999.00 -9999.00 247.64 55.65 0.00
0.00 13400.40
149.80 -63.36 -9999.00 -9999.00 -9999.00 248.01 53.42 0.00
0.00 13952.72
135.90 -65.46 -9999.00 -9999.00 -9999.00 247.08 47.88 0.00
0.00 14547.73
121.90 -66.66 -9999.00 -9999.00 -9999.00 241.29 44.08 0.00
0.00 15206.76
108.00 -67.66 -9999.00 -9999.00 -9999.00 235.42 41.76 0.00
0.00 15936.76
94.00 -68.06 -9999.00 -9999.00 -9999.00 232.90 38.00 0.00
0.00 16771.05
81.00 -66.46 -9999.00 -9999.00 -9999.00 225.92 25.68 0.00
0.00 17668.10
70.60 -66.86 -9999.00 -9999.00 -9999.00 215.78 26.57 0.00
0.00 18498.69
62.20 -64.86 -9999.00 -9999.00 -9999.00 218.03 19.23 0.00
0.00 19267.32
54.30 -62.56 -9999.00 -9999.00 -9999.00 176.38 15.38 0.00
0.00 20100.04
46.90 -62.86 -9999.00 -9999.00 -9999.00 164.27 14.34 0.00
0.00 21002.50
40.10 -61.76 -9999.00 -9999.00 -9999.00 154.86 10.51 0.00
0.00 21969.23
33.80 -61.56 -9999.00 -9999.00 -9999.00 171.57 5.30 0.00
0.00 23027.30
27.80 -59.96 -9999.00 -9999.00 -9999.00 321.34 1.24 0.00
0.00 24242.24
22.30 -57.46 -9999.00 -9999.00 -9999.00 324.87 6.41 0.00
0.00 25626.00
17.10 -54.06 -9999.00 -9999.00 -9999.00 306.38 9.17 0.00
0.00 27315.51
12.30 -51.06 -9999.00 -9999.00 -9999.00 256.88 20.55 0.00
0.00 29442.95

STID = KMEM STNM = 723340 TIME = 221027/0800 
SLAT = 35.05 SLON = -90.00 SELV = 82.0
STIM = 20

SHOW = 16.81 LIFT = 18.22 SWET = 47.36 KINX = -18.47
LCLP = 980.46 PWAT = 10.08 TOTL = 11.92 CAPE = 0.00
LCLT = 278.88 CINS = 0.00 EQLV = -9999.00 LFCT = -9999.00
BRCH = 0.00

PRES TMPC TMWC DWPC THTE DRCT SKNT OMEG
CFRL HGHT
1010.40 8.14 7.17 6.17 296.84 35.31 5.71 0.00
0.00 90.99
1007.30 8.54 7.28 6.00 297.39 40.14 12.96 0.00
0.00 116.40
1001.80 8.54 7.19 5.83 297.77 40.45 15.58 0.10
0.00 161.70
992.30 9.54 7.35 5.16 299.10 45.00 24.46 0.10
0.00 240.68
978.10 9.04 6.86 4.64 299.48 44.40 26.11 0.20
0.00 360.24
960.00 7.84 5.78 3.60 299.01 38.59 25.85 0.30
0.00 514.70
938.30 7.64 4.15 -0.06 297.75 32.32 22.53 0.30
1.00 703.21
914.60 9.14 2.12 -9.62 295.78 31.94 17.62 0.20
0.00 914.43
889.00 11.44 1.02 -28.84 295.69 41.47 11.15 0.20
0.00 1150.14
860.30 11.24 0.97 -24.77 298.92 69.23 6.02 0.10
0.00 1423.50
828.60 9.24 -0.05 -21.53 300.75 70.97 5.96 0.10
0.00 1735.06
793.80 7.74 -0.73 -18.34 303.82 23.75 5.30 0.10
0.00 2088.99
756.00 6.24 -0.92 -13.23 308.59 270.00 5.44 0.00
0.00 2489.44
715.10 2.94 -3.49 -16.01 308.93 241.78 9.03 -0.10
0.00 2942.07
671.30 -0.06 -5.39 -15.79 311.56 242.97 10.68 -0.10
0.00 3450.60
624.30 -3.06 -8.05 -19.26 313.55 243.16 18.07 0.00
0.00 4028.16
574.90 -6.56 -11.05 -22.79 316.00 244.91 27.02 0.00
0.00 4676.14
527.10 -9.86 -14.04 -27.12 318.99 246.04 32.52 0.00
0.00 5349.71
484.10 -14.16 -17.87 -33.50 320.40 244.24 37.10 0.00
0.00 6000.45
445.80 -18.36 -21.66 -41.78 321.81 246.55 40.02 0.00
0.00 6620.35
411.30 -23.16 -25.64 -44.40 322.95 247.56 42.25 0.10
0.00 7215.49
380.10 -27.76 -29.64 -48.06 324.04 245.98 42.95 0.10
0.00 7787.51
352.10 -32.06 -33.48 -51.92 325.24 246.48 45.77 0.00
0.00 8332.36
327.00 -35.76 -36.86 -54.66 327.01 244.98 48.23 0.00
0.00 8850.28
304.30 -39.46 -40.23 -54.15 328.64 242.67 52.04 0.10
0.00 9346.34
284.00 -42.16 -42.78 -55.82 331.27 243.69 57.85 0.10
0.00 9815.90
265.80 -43.86 -44.47 -60.80 334.99 247.02 59.71 0.10
0.00 10262.07
248.80 -45.26 -45.86 -66.51 339.20 248.86 62.47 0.00
0.00 10704.33
233.60 -46.96 -47.52 -71.85 342.75 251.67 65.48 0.00
0.00 11123.28
219.60 -49.46 -49.91 -72.27 345.00 252.49 64.57 0.00
0.00 11530.21
205.60 -51.96 -52.32 -72.72 347.62 251.27 60.51 0.00
0.00 11959.14
191.70 -54.66 -54.94 -73.19 350.32 248.20 57.54 0.00
0.00 12409.60
177.70 -57.56 -9999.00 -9999.00 -9999.00 246.12 55.65 0.00
0.00 12891.38
163.80 -60.76 -9999.00 -9999.00 -9999.00 245.73 54.33 0.00
0.00 13401.57
149.80 -63.66 -9999.00 -9999.00 -9999.00 246.21 52.00 0.00
0.00 13953.23
135.90 -65.76 -9999.00 -9999.00 -9999.00 244.81 47.01 0.00
0.00 14547.39
121.90 -66.96 -9999.00 -9999.00 -9999.00 240.00 43.51 0.00
0.00 15205.47
108.00 -67.76 -9999.00 -9999.00 -9999.00 235.42 41.76 0.00
0.00 15934.76
94.00 -67.86 -9999.00 -9999.00 -9999.00 233.55 36.95 0.00
0.00 16769.25
81.00 -66.46 -9999.00 -9999.00 -9999.00 224.06 25.14 0.00
0.00 17666.73
70.60 -66.96 -9999.00 -9999.00 -9999.00 215.68 27.97 0.00
0.00 18497.13
62.20 -64.56 -9999.00 -9999.00 -9999.00 216.16 18.76 0.00
0.00 19266.12
54.30 -62.86 -9999.00 -9999.00 -9999.00 177.48 17.70 0.00
0.00 20098.85
46.90 -63.36 -9999.00 -9999.00 -9999.00 169.29 14.63 0.00
0.00 20999.59
40.10 -61.56 -9999.00 -9999.00 -9999.00 172.69 7.63 0.00
0.00 21965.63
33.80 -61.06 -9999.00 -9999.00 -9999.00 220.24 3.30 0.00
0.00 23025.45
27.80 -58.36 -9999.00 -9999.00 -9999.00 307.57 3.19 0.00
0.00 24246.41
22.30 -56.16 -9999.00 -9999.00 -9999.00 325.41 6.84 0.00
0.00 25639.51
17.10 -55.46 -9999.00 -9999.00 -9999.00 296.57 7.38 0.00
0.00 27328.63
12.30 -52.26 -9999.00 -9999.00 -9999.00 263.05 24.07 0.00
0.00 29443.54

STID = KMEM STNM = 723340 TIME = 221027/0900 
SLAT = 35.05 SLON = -90.00 SELV = 82.0
STIM = 21

SHOW = 16.55 LIFT = 18.87 SWET = 47.33 KINX = -17.10
LCLP = 983.44 PWAT = 9.72 TOTL = 12.35 CAPE = 0.00
LCLT = 278.75 CINS = 0.00 EQLV = -9999.00 LFCT = -9999.00
BRCH = 0.00

PRES TMPC TMWC DWPC THTE DRCT SKNT OMEG
CFRL HGHT
1010.10 7.74 6.89 5.99 296.24 39.29 5.52 0.00
0.00 91.80
1007.20 8.14 7.01 5.85 296.81 43.15 12.78 0.00
0.00 115.54
1001.60 8.24 6.97 5.67 297.29 43.98 15.38 0.10
0.00 161.61
992.00 9.14 7.12 5.08 298.61 47.63 23.93 0.10
0.00 241.34
978.00 8.54 6.60 4.61 298.92 48.40 25.45 0.20
0.00 359.05
959.80 7.54 5.48 3.24 298.36 48.37 25.74 0.30
3.00 514.15
938.20 8.24 3.56 -2.64 296.46 43.31 23.23 0.30
1.00 701.88
914.50 10.54 1.94 -14.90 295.20 37.87 17.72 0.30
0.00 913.78
888.90 12.14 1.41 -28.84 296.43 43.49 10.45 0.20
0.00 1150.34
860.20 11.44 1.09 -24.59 299.17 68.55 5.85 0.10
0.00 1424.17
828.50 9.34 -0.04 -21.95 300.77 70.46 6.39 0.10
0.00 1735.93
793.70 7.84 -0.67 -18.35 303.94 30.26 5.40 0.10
0.00 2090.03
755.90 6.14 -1.01 -13.37 308.43 272.29 4.86 0.10
0.00 2490.52
715.10 2.74 -3.41 -14.96 309.14 247.29 9.05 0.00
0.00 2941.85
671.20 -0.16 -5.32 -15.16 311.74 239.42 9.93 0.00
0.00 3451.33
624.30 -3.06 -8.07 -19.35 313.52 237.48 18.43 0.00
0.00 4027.62
574.90 -6.36 -11.02 -23.44 316.04 243.82 25.54 0.10
0.00 4675.83
527.10 -10.06 -14.17 -27.12 318.75 248.13 31.82 0.10
0.00 5349.39
484.10 -14.26 -17.99 -34.17 320.17 244.50 37.45 0.10
0.00 5999.75
445.70 -18.66 -21.86 -41.36 321.49 244.90 40.75 0.00
0.00 6620.85
411.20 -23.26 -25.74 -44.93 322.80 245.32 42.33 0.10
0.00 7215.66
380.10 -27.86 -29.74 -48.77 323.87 246.06 43.57 0.10
0.00 7785.67
352.10 -32.06 -33.48 -51.92 325.24 245.96 45.30 0.10
0.00 8330.41
326.90 -35.86 -36.90 -52.55 326.98 243.54 48.82 0.10
0.00 8850.37
304.30 -39.36 -40.12 -53.16 328.82 243.07 54.47 0.10
0.00 9344.33
284.00 -41.56 -42.28 -58.53 332.05 246.36 59.58 0.00
0.00 9814.59
265.80 -43.16 -43.85 -63.01 335.97 249.30 62.08 0.00
0.00 10262.02
248.80 -44.96 -45.58 -66.51 339.65 254.03 65.66 0.00
0.00 10705.25
233.60 -47.06 -47.61 -71.85 342.59 253.22 65.95 0.00
0.00 11124.38
219.60 -49.46 -49.91 -72.27 345.00 253.37 64.47 0.00
0.00 11531.22
205.60 -51.96 -52.32 -72.72 347.62 252.47 61.93 0.00
0.00 11960.14
191.70 -54.76 -55.03 -73.19 350.16 248.86 59.77 0.00
0.00 12410.50
177.70 -57.76 -57.96 -73.70 352.91 246.17 58.18 0.00
0.00 12891.95
163.80 -61.06 -9999.00 -9999.00 -9999.00 244.97 55.09 0.00
0.00 13401.55
149.80 -64.06 -9999.00 -9999.00 -9999.00 244.32 50.66 0.00
0.00 13952.29
135.90 -66.26 -9999.00 -9999.00 -9999.00 240.62 45.92 0.00
0.00 14545.17
121.90 -67.66 -9999.00 -9999.00 -9999.00 236.03 43.80 0.00
0.00 15201.33
108.00 -67.96 -9999.00 -9999.00 -9999.00 232.19 42.77 0.00
0.00 15929.04
94.00 -67.66 -9999.00 -9999.00 -9999.00 230.92 37.28 0.00
0.00 16763.52
81.00 -66.26 -9999.00 -9999.00 -9999.00 220.08 25.64 0.00
0.00 17661.88
70.60 -66.46 -9999.00 -9999.00 -9999.00 213.92 26.46 0.00
0.00 18493.68
62.20 -63.46 -9999.00 -9999.00 -9999.00 208.51 17.91 0.00
0.00 19265.64
54.30 -62.46 -9999.00 -9999.00 -9999.00 177.61 18.67 0.00
0.00 20101.35
46.90 -62.26 -9999.00 -9999.00 -9999.00 188.02 13.93 0.00
0.00 21005.31
40.10 -61.06 -9999.00 -9999.00 -9999.00 204.68 7.91 0.00
0.00 21975.02
33.80 -60.66 -9999.00 -9999.00 -9999.00 239.74 5.40 0.00
0.00 23037.09
27.80 -58.06 -9999.00 -9999.00 -9999.00 276.84 4.90 0.00
0.00 24260.05
22.30 -56.86 -9999.00 -9999.00 -9999.00 334.98 6.43 0.00
0.00 25651.87
17.10 -56.46 -9999.00 -9999.00 -9999.00 308.93 6.49 0.00
0.00 27334.38
12.30 -52.36 -9999.00 -9999.00 -9999.00 275.54 26.15 0.00
0.00 29443.98
STN YYMMDD/HHMM PMSL PRES SKTC STC1 SNFL WTNS
P01M C01M STC2 LCLD MCLD HCLD
SNRA UWND VWND R01M BFGR T2MS
Q2MS WXTS WXTP WXTZ WXTR USTM
VSTM HLCY SLLH WSYM CDBP VSBK
TD2M
723340 221026/1200 1015.70 1005.60 6.84 280.00 -9999.00 22.00
-9999.00 -9999.00 280.60 0.00 0.00 0.00
-9999.00 2.30 -1.60 -9999.00 -9999.00 7.34
5.57 0.00 0.00 0.00 0.00 14.30
-14.10 -120.30 -9999.00 999.00 -9999.00 20.00
5.27
723340 221026/1300 1016.40 1006.30 7.34 280.50 0.00 22.00
0.00 0.00 280.90 2.00 0.00 0.00
-9999.00 1.80 -2.40 -9999.00 -9999.00 7.44
5.49 0.00 0.00 0.00 0.00 13.90
-14.40 -170.20 0.01 999.00 -9999.00 20.00
5.07
723340 221026/1400 1018.30 1008.30 9.94 283.10 0.00 22.00
0.00 0.00 282.90 26.00 0.00 0.00
-9999.00 1.80 -3.40 -9999.00 -9999.00 9.04
5.41 0.00 0.00 0.00 0.00 12.50
-13.90 -185.40 0.01 999.00 -9999.00 20.00
4.89
723340 221026/1500 1019.40 1009.30 11.84 285.00 0.00 21.00
0.00 0.00 284.70 36.00 0.00 0.00
-9999.00 0.90 -3.60 -9999.00 -9999.00 10.04
5.65 0.00 0.00 0.00 0.00 11.80
-13.30 -186.20 0.01 999.00 -9999.00 20.00
5.53
723340 221026/1600 1018.50 1008.50 13.84 287.00 0.00 20.00
0.00 0.00 286.70 24.00 0.00 0.00
-9999.00 0.20 -4.10 -9999.00 -9999.00 11.34
5.96 0.00 0.00 0.00 0.00 11.70
-12.20 -185.40 0.01 999.00 -9999.00 20.00
6.28
723340 221026/1700 1018.20 1008.30 16.14 289.30 0.00 19.00
0.00 0.00 288.70 18.00 0.00 0.00
-9999.00 -0.20 -4.20 -9999.00 -9999.00 12.74
6.21 0.00 0.00 0.00 0.00 11.00
-11.30 -174.90 0.01 999.00 -9999.00 20.00
6.87
723340 221026/1800 1017.80 1007.90 17.74 290.90 0.00 18.00
0.00 0.00 290.30 9.00 0.00 0.00
-9999.00 -0.40 -3.80 -9999.00 -9999.00 14.04
6.34 0.00 0.00 0.00 0.00 10.80
-10.60 -165.10 0.01 999.00 -9999.00 20.00
7.16
723340 221026/1900 1018.10 1008.30 18.54 291.70 0.00 16.00
0.00 0.00 291.20 10.00 0.00 0.00
-9999.00 -0.40 -3.80 -9999.00 -9999.00 15.24
6.22 0.00 0.00 0.00 0.00 11.00
-10.00 -153.30 0.00 999.00 -9999.00 20.00
6.89
723340 221026/2000 1017.00 1007.20 18.64 291.80 0.00 15.00
0.00 0.00 291.50 6.00 0.00 0.00
-9999.00 -0.80 -3.80 -9999.00 -9999.00 16.04
5.83 0.00 0.00 0.00 0.00 10.90
-9.50 -146.70 -0.01 999.00 -9999.00 20.00
5.94
723340 221026/2100 1017.30 1007.40 17.94 291.10 0.00 14.00
0.00 0.00 291.00 2.00 0.00 0.00
-9999.00 -0.90 -3.40 -9999.00 -9999.00 16.44
5.59 0.00 0.00 0.00 0.00 10.90
-9.20 -147.60 -0.01 999.00 -9999.00 20.00
5.35
723340 221026/2200 1018.00 1008.20 16.24 289.40 0.00 14.00
0.00 0.00 289.60 0.00 0.00 0.00
-9999.00 -0.70 -2.70 -9999.00 -9999.00 16.14
5.49 0.00 0.00 0.00 0.00 10.90
-9.20 -139.70 -0.01 999.00 -9999.00 20.00
5.10
723340 221026/2300 1019.20 1009.30 13.34 286.50 0.00 15.00
0.00 0.00 287.30 0.00 0.00 0.00
-9999.00 -0.80 -1.60 -9999.00 -9999.00 14.04
5.86 0.00 0.00 0.00 0.00 10.50
-9.40 -126.80 -0.02 999.00 -9999.00 20.00
6.05
723340 221027/0000 1019.30 1009.40 11.14 284.30 0.00 17.00
0.00 0.00 285.10 0.00 0.00 0.00
-9999.00 -1.60 -1.60 -9999.00 -9999.00 12.04
5.90 0.00 0.00 0.00 0.00 10.00
-9.30 -117.30 0.00 999.00 -9999.00 20.00
6.15
723340 221027/0100 1019.70 1009.80 9.94 283.10 0.00 18.00
0.00 0.00 283.90 0.00 0.00 0.00
-9999.00 -1.70 -1.40 -9999.00 -9999.00 10.74
6.03 0.00 0.00 0.00 0.00 9.20
-9.00 -102.70 0.00 999.00 -9999.00 20.00
6.47
723340 221027/0200 1020.10 1010.10 9.04 282.20 0.00 19.00
0.00 0.00 283.00 0.00 0.00 0.00
-9999.00 -1.50 -1.40 -9999.00 -9999.00 9.84
5.96 0.00 0.00 0.00 0.00 8.40
-8.50 -76.80 0.00 999.00 -9999.00 20.00
6.30
723340 221027/0300 1020.10 1010.10 8.34 281.50 0.00 19.00
0.00 0.00 282.30 0.00 0.00 0.00
-9999.00 -1.00 -1.70 -9999.00 -9999.00 9.04
5.87 0.00 0.00 0.00 0.00 7.90
-8.00 -53.20 0.00 999.00 -9999.00 20.00
6.08
723340 221027/0400 1021.50 1011.50 7.94 281.10 0.00 20.00
0.00 0.00 281.80 0.00 0.00 0.00
-9999.00 -1.00 -1.90 -9999.00 -9999.00 8.44
5.82 0.00 0.00 0.00 0.00 7.50
-7.80 -35.00 0.00 999.00 -9999.00 20.00
5.98
723340 221027/0500 1020.40 1010.30 7.54 280.70 0.00 20.00
0.00 0.00 281.30 0.00 0.00 0.00
-9999.00 -1.10 -2.10 -9999.00 -9999.00 7.94
5.83 0.00 0.00 0.00 0.00 7.50
-6.80 -12.40 0.00 999.00 -9999.00 20.00
5.99
723340 221027/0600 1020.40 1010.30 7.34 280.50 0.00 20.00
0.00 0.00 281.10 0.00 0.00 0.00
-9999.00 -1.40 -2.50 -9999.00 -9999.00 7.74
5.87 0.00 0.00 0.00 0.00 7.50
-6.30 2.40 0.00 999.00 -9999.00 20.00
6.09
723340 221027/0700 1021.00 1010.90 7.24 280.40 0.00 20.00
0.00 0.00 280.90 2.00 0.00 0.00
-9999.00 -1.80 -2.60 -9999.00 -9999.00 7.54
5.93 0.00 0.00 0.00 0.00 7.50
-6.10 -14.90 0.00 999.00 -9999.00 20.00
6.24
723340 221027/0800 1021.60 1011.50 6.94 280.10 0.00 20.00
0.00 0.00 280.70 1.00 0.00 0.00
-9999.00 -1.90 -2.40 -9999.00 -9999.00 7.34
5.93 0.00 0.00 0.00 0.00 7.70
-5.90 -28.80 0.00 999.00 -9999.00 20.00
6.25
723340 221027/0900 1021.50 1011.30 6.64 279.80 0.00 20.00
0.00 0.00 280.40 3.00 0.00 0.00
-9999.00 -1.90 -2.20 -9999.00 -9999.00 6.94
5.86 0.00 0.00 0.00 0.00 7.00
-6.00 -20.30 0.00 999.00 -9999.00 20.00
6.08


